30/11/2022 15:31:01:602, robot_pos, 1669822031651, 613.82, -94.19, 298.77, 2.34, 0.01, 3.1, circuit_pos, 614.3, -90.51, 297.41, 2.34, 0.0, 3.1, tool_force, -1.17, 2.71, -11.96, actual_rep, 1, curr_step, 1, track_size, 72, robot_vel, 31.59, joints_pos, 1.27, 44.32, -16.4, -77.79, 15.33, 58.13, 27.45, tool_torque, -1.059, -0.021, 0.198, joint_torque, 0.62, -8.1, -0.15, 5.46, 1.22, -0.79, 0.12, robot_mode, normal, 
30/11/2022 15:31:01:617, robot_pos, 1669822031680, 613.82, -94.19, 298.77, 2.34, 0.01, 3.1, circuit_pos, 614.3, -90.51, 297.41, 2.34, 0.0, 3.1, tool_force, -1.43, 3.02, -11.81, actual_rep, 1, curr_step, 1, track_size, 72, robot_vel, 31.59, joints_pos, 1.27, 44.32, -16.4, -77.79, 15.33, 58.13, 27.45, tool_torque, -1.019, -0.0070, 0.201, joint_torque, 0.68, -8.2, -0.14, 5.55, 1.22, -0.79, 0.12, robot_mode, normal, 
30/11/2022 15:31:01:638, robot_pos, 1669822031694, 613.82, -94.19, 298.77, 2.34, 0.01, 3.1, circuit_pos, 614.3, -90.51, 297.41, 2.34, 0.0, 3.1, tool_force, -1.35, 3.03, -11.96, actual_rep, 1, curr_step, 1, track_size, 72, robot_vel, 31.59, joints_pos, 1.27, 44.32, -16.4, -77.79, 15.33, 58.13, 27.45, tool_torque, -1.019, -0.02, 0.201, joint_torque, 0.77, -8.73, -0.15, 6.22, 1.29, -0.86, 0.14, robot_mode, normal, 
30/11/2022 15:31:01:655, robot_pos, 1669822031715, 613.9, -94.19, 298.92, 2.34, 0.01, 3.1, circuit_pos, 614.3, -90.51, 297.41, 2.34, 0.0, 3.1, tool_force, -0.23, 2.16, -13.32, actual_rep, 1, curr_step, 1, track_size, 72, robot_vel, 31.59, joints_pos, 1.27, 44.31, -16.4, -77.78, 15.34, 58.11, 27.45, tool_torque, -1.17, -0.099, 0.215, joint_torque, 0.67, -9.25, -0.22, 5.8, 1.29, -0.8, 0.13, robot_mode, normal, 
30/11/2022 15:31:01:675, robot_pos, 1669822031730, 614.02, -94.19, 299.28, 2.34, 0.01, 3.1, circuit_pos, 614.3, -90.51, 297.41, 2.34, 0.0, 3.1, tool_force, -0.94, 2.37, -11.91, actual_rep, 1, curr_step, 1, track_size, 72, robot_vel, 31.59, joints_pos, 1.27, 44.28, -16.4, -77.76, 15.34, 58.09, 27.45, tool_torque, -1.139, 0.036, 0.201, joint_torque, 0.52, -8.05, -0.14, 5.37, 1.29, -0.78, 0.12, robot_mode, normal, 
30/11/2022 15:31:01:692, robot_pos, 1669822031749, 614.2, -94.19, 299.66, 2.34, 0.01, 3.1, circuit_pos, 614.3, -90.51, 297.41, 2.34, 0.0, 3.1, tool_force, -2.13, 3.08, -9.74, actual_rep, 1, curr_step, 1, track_size, 72, robot_vel, 31.59, joints_pos, 1.27, 44.26, -16.4, -77.74, 15.34, 58.1, 27.45, tool_torque, -1.022, 0.148, 0.187, joint_torque, 0.42, -7.12, -0.11, 5.15, 1.25, -0.81, 0.11, robot_mode, normal, 
30/11/2022 15:31:01:724, robot_pos, 1669822031766, 614.33, -94.18, 300.14, 2.34, 0.01, 3.1, circuit_pos, 614.3, -90.51, 297.41, 2.34, 0.0, 3.1, tool_force, -1.15, 2.1, -12.29, actual_rep, 1, curr_step, 1, track_size, 72, robot_vel, 31.59, joints_pos, 1.27, 44.23, -16.4, -77.7, 15.34, 58.16, 27.45, tool_torque, -1.227, -0.118, 0.143, joint_torque, 0.4, -9.06, -0.36, 5.71, 1.18, -0.86, 0.07, robot_mode, normal, 
30/11/2022 15:31:01:769, robot_pos, 1669822031810, 614.23, -94.07, 300.97, 2.34, 0.01, 3.1, circuit_pos, 614.3, -90.51, 297.41, 2.34, 0.0, 3.1, tool_force, -1.4, 3.34, -10.44, actual_rep, 1, curr_step, 1, track_size, 72, robot_vel, 4.82, joints_pos, 1.27, 44.17, -16.4, -77.69, 15.34, 58.29, 27.45, tool_torque, -0.987, -0.212, 0.197, joint_torque, 1.55, -8.04, 0.36, 5.33, 1.23, -0.85, 0.07, robot_mode, normal, 
30/11/2022 15:31:01:785, robot_pos, 1669822031843, 614.16, -93.86, 300.98, 2.34, 0.01, 3.1, circuit_pos, 614.3, -90.51, 297.41, 2.34, 0.0, 3.1, tool_force, 1.84, 3.5, -12.73, actual_rep, 1, curr_step, 1, track_size, 72, robot_vel, 4.82, joints_pos, 1.28, 44.16, -16.39, -77.7, 15.35, 58.29, 27.45, tool_torque, -1.056, -0.452, 0.127, joint_torque, 1.89, -9.0, 0.48, 5.54, 1.23, -0.86, 0.03, robot_mode, normal, 
30/11/2022 15:31:01:823, robot_pos, 1669822031859, 614.18, -93.5, 300.91, 2.34, 0.01, 3.1, circuit_pos, 614.3, -90.51, 297.41, 2.34, 0.0, 3.1, tool_force, 0.85, 2.03, -12.47, actual_rep, 1, curr_step, 1, track_size, 72, robot_vel, 4.82, joints_pos, 1.3, 44.18, -16.3, -77.73, 15.52, 58.34, 27.49, tool_torque, -1.585, 0.035, -0.011, joint_torque, -0.82, -8.66, -0.75, 5.34, 1.13, -0.9, -0.02, robot_mode, normal, 
30/11/2022 15:31:01:879, robot_pos, 1669822031898, 614.08, -92.2, 300.43, 2.34, 0.01, 3.1, circuit_pos, 615.03, -85.14, 296.67, 2.36, 0.0, 3.09, tool_force, -1.76, 0.65, -12.12, actual_rep, 1, curr_step, 2, track_size, 72, robot_vel, 4.82, joints_pos, 1.31, 44.19, -16.25, -77.73, 15.61, 58.41, 27.51, tool_torque, -1.519, 0.021, -0.018, joint_torque, -0.54, -8.48, -0.61, 5.27, 1.14, -0.97, 0.05, robot_mode, normal, 
30/11/2022 15:31:01:934, robot_pos, 1669822031954, 614.31, -90.29, 299.7, 2.34, 0.0, 3.09, circuit_pos, 615.03, -85.14, 296.67, 2.36, 0.0, 3.09, tool_force, -0.78, 2.62, -11.52, actual_rep, 1, curr_step, 2, track_size, 72, robot_vel, 4.82, joints_pos, 1.35, 44.3, -16.17, -77.64, 15.74, 58.55, 27.54, tool_torque, -1.105, -0.342, 0.108, joint_torque, 0.22, -7.82, -0.23, 5.34, 1.13, -0.94, 0.0, robot_mode, normal, 
30/11/2022 15:31:02:024, robot_pos, 1669822032007, 614.81, -90.02, 299.53, 2.35, 0.0, 3.09, circuit_pos, 616.23, -78.75, 296.86, 2.37, 0.0, 3.09, tool_force, -2.63, 1.12, -11.27, actual_rep, 1, curr_step, 3, track_size, 72, robot_vel, 23.17, joints_pos, 1.42, 44.37, -16.18, -77.53, 15.84, 58.61, 27.1, tool_torque, -1.606, 0.113, 0.027, joint_torque, -0.4, -8.64, -0.26, 5.49, 1.18, -0.91, 0.1, robot_mode, normal, 
30/11/2022 15:31:02:048, robot_pos, 1669822032101, 615.28, -88.27, 299.46, 2.35, 0.0, 3.09, circuit_pos, 616.23, -78.75, 296.86, 2.37, 0.0, 3.09, tool_force, -0.55, 0.98, -13.14, actual_rep, 1, curr_step, 3, track_size, 72, robot_vel, 23.17, joints_pos, 1.44, 44.35, -16.04, -77.54, 15.99, 58.57, 26.95, tool_torque, -1.379, -0.147, 0.109, joint_torque, 0.56, -8.63, 0.14, 5.22, 1.17, -0.78, 0.13, robot_mode, normal, 
30/11/2022 15:31:02:086, robot_pos, 1669822032123, 615.5, -87.28, 299.45, 2.35, 0.0, 3.09, circuit_pos, 616.23, -78.75, 296.86, 2.37, 0.0, 3.09, tool_force, -0.91, 1.44, -11.67, actual_rep, 1, curr_step, 3, track_size, 72, robot_vel, 23.17, joints_pos, 1.47, 44.34, -15.95, -77.57, 16.01, 58.49, 26.76, tool_torque, -1.093, -0.082, 0.204, joint_torque, 0.48, -8.34, -0.05, 5.43, 1.16, -0.77, 0.17, robot_mode, normal, 
30/11/2022 15:31:02:129, robot_pos, 1669822032158, 615.6, -85.96, 299.35, 2.36, 0.0, 3.09, circuit_pos, 616.23, -78.75, 296.86, 2.37, 0.0, 3.09, tool_force, -1.15, 3.28, -12.17, actual_rep, 1, curr_step, 3, track_size, 72, robot_vel, 21.89, joints_pos, 1.56, 44.31, -15.92, -77.61, 16.0, 58.45, 26.75, tool_torque, -1.11, 0.315, 0.124, joint_torque, -0.44, -7.51, -0.41, 5.44, 1.17, -0.77, 0.11, robot_mode, normal, 
30/11/2022 15:31:02:147, robot_pos, 1669822032201, 615.69, -84.64, 299.27, 2.36, 0.0, 3.09, circuit_pos, 616.23, -78.75, 296.86, 2.37, 0.0, 3.09, tool_force, -3.05, 2.65, -10.83, actual_rep, 1, curr_step, 3, track_size, 72, robot_vel, 21.89, joints_pos, 1.67, 44.31, -15.91, -77.62, 15.97, 58.43, 26.75, tool_torque, -1.218, 0.295, 0.097, joint_torque, -0.26, -7.88, -0.29, 5.45, 1.21, -0.75, 0.09, robot_mode, normal, 
30/11/2022 15:31:02:183, robot_pos, 1669822032220, 615.78, -83.97, 299.28, 2.36, 0.0, 3.09, circuit_pos, 617.78, -71.85, 297.69, 2.37, -0.01, 3.09, tool_force, -2.26, 1.88, -12.15, actual_rep, 1, curr_step, 4, track_size, 72, robot_vel, 21.89, joints_pos, 1.75, 44.31, -15.9, -77.62, 15.97, 58.43, 26.75, tool_torque, -1.424, 0.188, 0.068, joint_torque, -0.51, -8.86, -0.56, 5.44, 1.2, -0.73, 0.08, robot_mode, normal, 
30/11/2022 15:31:02:465, robot_pos, 1669822032458, 617.31, -74.59, 299.9, 2.37, -0.01, 3.08, circuit_pos, 619.15, -64.3, 298.91, 2.37, -0.01, 3.09, tool_force, -2.24, 1.57, -10.9, actual_rep, 1, curr_step, 5, track_size, 72, robot_vel, 41.39, joints_pos, 2.51, 44.33, -15.85, -77.46, 16.29, 58.74, 27.07, tool_torque, -1.512, 0.091, -0.147, joint_torque, -0.35, -8.06, -0.28, 5.36, 1.15, -0.94, -0.15, robot_mode, normal, 
30/11/2022 15:31:02:544, robot_pos, 1669822032573, 618.21, -70.22, 300.42, 2.37, -0.01, 3.08, circuit_pos, 620.04, -56.04, 300.07, 2.37, -0.01, 3.09, tool_force, -1.52, 1.28, -11.5, actual_rep, 1, curr_step, 6, track_size, 72, robot_vel, 39.34, joints_pos, 2.93, 44.36, -15.89, -77.33, 16.32, 58.9, 27.43, tool_torque, -1.588, 0.082, -0.234, joint_torque, -0.21, -7.97, -0.04, 5.27, 1.15, -0.94, -0.21, robot_mode, normal, 
30/11/2022 15:31:02:568, robot_pos, 1669822032613, 618.45, -68.62, 300.57, 2.37, -0.01, 3.09, circuit_pos, 620.04, -56.04, 300.07, 2.37, -0.01, 3.09, tool_force, -1.37, 1.64, -11.43, actual_rep, 1, curr_step, 6, track_size, 72, robot_vel, 39.34, joints_pos, 3.06, 44.36, -15.89, -77.3, 16.34, 58.96, 27.54, tool_torque, -1.595, 0.019, -0.207, joint_torque, 0.03, -8.36, -0.03, 5.39, 1.16, -0.95, -0.19, robot_mode, normal, 
30/11/2022 15:31:02:596, robot_pos, 1669822032637, 618.62, -67.62, 300.69, 2.37, -0.01, 3.08, circuit_pos, 620.04, -56.04, 300.07, 2.37, -0.01, 3.09, tool_force, -1.31, 1.41, -11.37, actual_rep, 1, curr_step, 6, track_size, 72, robot_vel, 39.34, joints_pos, 3.14, 44.36, -15.89, -77.28, 16.35, 58.97, 27.62, tool_torque, -1.644, 0.063, -0.218, joint_torque, -0.21, -8.2, -0.11, 5.25, 1.14, -0.93, -0.19, robot_mode, normal, 
30/11/2022 15:31:02:636, robot_pos, 1669822032664, 618.82, -66.59, 300.79, 2.37, -0.01, 3.08, circuit_pos, 620.04, -56.04, 300.07, 2.37, -0.01, 3.09, tool_force, -1.25, 0.81, -11.64, actual_rep, 1, curr_step, 6, track_size, 72, robot_vel, 39.7, joints_pos, 3.26, 44.36, -15.9, -77.27, 16.35, 58.99, 27.73, tool_torque, -1.681, 0.0020, -0.234, joint_torque, -0.16, -8.75, -0.09, 5.47, 1.16, -0.95, -0.21, robot_mode, normal, 
30/11/2022 15:31:02:670, robot_pos, 1669822032706, 619.0, -65.1, 301.0, 2.37, -0.01, 3.08, circuit_pos, 620.04, -56.04, 300.07, 2.37, -0.01, 3.09, tool_force, -1.33, 1.0, -11.48, actual_rep, 1, curr_step, 6, track_size, 72, robot_vel, 39.7, joints_pos, 3.4, 44.35, -15.91, -77.25, 16.36, 59.03, 27.86, tool_torque, -1.616, 0.083, -0.234, joint_torque, -0.01, -8.05, 0.05, 5.33, 1.17, -0.95, -0.21, robot_mode, normal, 
30/11/2022 15:31:02:693, robot_pos, 1669822032738, 619.18, -63.76, 301.15, 2.37, -0.01, 3.08, circuit_pos, 620.04, -56.04, 300.07, 2.37, -0.01, 3.09, tool_force, -1.73, 1.51, -11.05, actual_rep, 1, curr_step, 6, track_size, 72, robot_vel, 39.7, joints_pos, 3.5, 44.35, -15.91, -77.24, 16.36, 59.04, 27.96, tool_torque, -1.656, 0.107, -0.241, joint_torque, -0.13, -8.27, -0.01, 5.41, 1.17, -0.96, -0.21, robot_mode, normal, 
30/11/2022 15:31:02:742, robot_pos, 1669822032776, 619.4, -62.32, 301.37, 2.37, -0.01, 3.08, circuit_pos, 620.58, -46.71, 300.66, 2.36, -0.01, 3.09, tool_force, -1.36, 1.29, -11.26, actual_rep, 1, curr_step, 7, track_size, 72, robot_vel, 39.6, joints_pos, 3.66, 44.34, -15.92, -77.22, 16.37, 59.07, 28.12, tool_torque, -1.664, 0.022, -0.248, joint_torque, 0.08, -8.49, 0.02, 5.36, 1.14, -0.96, -0.22, robot_mode, normal, 
30/11/2022 15:31:02:779, robot_pos, 1669822032814, 619.57, -60.88, 301.58, 2.37, -0.01, 3.08, circuit_pos, 620.58, -46.71, 300.66, 2.36, -0.01, 3.09, tool_force, -0.85, 1.01, -11.74, actual_rep, 1, curr_step, 7, track_size, 72, robot_vel, 39.6, joints_pos, 3.78, 44.33, -15.92, -77.21, 16.37, 59.09, 28.22, tool_torque, -1.697, 0.039, -0.264, joint_torque, -0.21, -8.35, -0.07, 5.33, 1.14, -0.96, -0.23, robot_mode, normal, 
30/11/2022 15:31:02:797, robot_pos, 1669822032838, 619.65, -59.97, 301.7, 2.37, -0.01, 3.08, circuit_pos, 620.58, -46.71, 300.66, 2.36, -0.01, 3.09, tool_force, -1.52, 1.12, -11.41, actual_rep, 1, curr_step, 7, track_size, 72, robot_vel, 39.6, joints_pos, 3.86, 44.32, -15.93, -77.21, 16.37, 59.1, 28.31, tool_torque, -1.702, 0.121, -0.263, joint_torque, -0.27, -8.19, -0.04, 5.34, 1.15, -0.97, -0.23, robot_mode, normal, 
30/11/2022 15:31:02:837, robot_pos, 1669822032862, 619.73, -59.03, 301.79, 2.37, -0.01, 3.08, circuit_pos, 620.58, -46.71, 300.66, 2.36, -0.01, 3.09, tool_force, -1.86, 1.07, -11.51, actual_rep, 1, curr_step, 7, track_size, 72, robot_vel, 38.51, joints_pos, 3.96, 44.31, -15.93, -77.21, 16.37, 59.1, 28.49, tool_torque, -1.634, 0.103, -0.263, joint_torque, 0.06, -8.13, 0.18, 5.4, 1.17, -0.95, -0.25, robot_mode, normal, 
30/11/2022 15:31:02:866, robot_pos, 1669822032903, 619.89, -57.39, 301.88, 2.37, -0.01, 3.08, circuit_pos, 620.58, -46.71, 300.66, 2.36, -0.01, 3.09, tool_force, -1.56, 1.34, -11.35, actual_rep, 1, curr_step, 7, track_size, 72, robot_vel, 38.51, joints_pos, 4.11, 44.3, -15.93, -77.21, 16.37, 59.11, 28.67, tool_torque, -1.669, 0.11, -0.272, joint_torque, -0.11, -8.35, 0.02, 5.4, 1.16, -0.96, -0.24, robot_mode, normal, 
30/11/2022 15:31:02:888, robot_pos, 1669822032933, 619.99, -56.26, 301.96, 2.37, -0.01, 3.08, circuit_pos, 620.58, -46.71, 300.66, 2.36, -0.01, 3.09, tool_force, -1.58, 1.06, -11.6, actual_rep, 1, curr_step, 7, track_size, 72, robot_vel, 38.51, joints_pos, 4.2, 44.29, -15.93, -77.21, 16.37, 59.11, 28.78, tool_torque, -1.681, 0.112, -0.262, joint_torque, -0.14, -8.27, -0.04, 5.37, 1.16, -0.96, -0.23, robot_mode, normal, 
30/11/2022 15:31:02:936, robot_pos, 1669822032967, 620.11, -54.96, 302.09, 2.37, -0.01, 3.08, circuit_pos, 620.58, -46.71, 300.66, 2.36, -0.01, 3.09, tool_force, -1.29, 1.32, -11.62, actual_rep, 1, curr_step, 7, track_size, 72, robot_vel, 38.99, joints_pos, 4.34, 44.28, -15.93, -77.21, 16.37, 59.11, 29.02, tool_torque, -1.654, 0.073, -0.263, joint_torque, 0.13, -8.31, 0.14, 5.44, 1.17, -0.97, -0.24, robot_mode, normal, 
30/11/2022 15:31:02:964, robot_pos, 1669822033006, 620.24, -53.43, 302.25, 2.37, -0.01, 3.08, circuit_pos, 620.58, -46.71, 300.66, 2.36, -0.01, 3.09, tool_force, -1.53, 1.68, -11.2, actual_rep, 1, curr_step, 7, track_size, 72, robot_vel, 38.99, joints_pos, 4.48, 44.27, -15.94, -77.21, 16.37, 59.12, 29.17, tool_torque, -1.643, 0.133, -0.267, joint_torque, -0.06, -8.17, 0.06, 5.43, 1.16, -0.98, -0.24, robot_mode, normal, 
30/11/2022 15:31:02:982, robot_pos, 1669822033030, 620.32, -52.51, 302.32, 2.37, -0.01, 3.08, circuit_pos, 621.1, -36.42, 300.61, 2.35, -0.02, 3.09, tool_force, -1.43, 1.73, -11.37, actual_rep, 1, curr_step, 8, track_size, 72, robot_vel, 38.99, joints_pos, 4.56, 44.26, -15.94, -77.21, 16.37, 59.12, 29.28, tool_torque, -1.631, 0.088, -0.262, joint_torque, 0.07, -8.35, 0.05, 5.48, 1.17, -0.98, -0.24, robot_mode, normal, 
30/11/2022 15:31:03:020, robot_pos, 1669822033051, 620.39, -51.63, 302.39, 2.36, -0.01, 3.08, circuit_pos, 621.1, -36.42, 300.61, 2.35, -0.02, 3.09, tool_force, -1.58, 1.28, -11.35, actual_rep, 1, curr_step, 8, track_size, 72, robot_vel, 39.45, joints_pos, 4.66, 44.25, -15.95, -77.21, 16.37, 59.12, 29.45, tool_torque, -1.675, 0.133, -0.277, joint_torque, -0.16, -8.22, -0.06, 5.36, 1.14, -0.98, -0.25, robot_mode, normal, 
30/11/2022 15:31:03:058, robot_pos, 1669822033089, 620.47, -50.21, 302.47, 2.36, -0.01, 3.08, circuit_pos, 621.1, -36.42, 300.61, 2.35, -0.02, 3.09, tool_force, -1.26, 1.08, -11.66, actual_rep, 1, curr_step, 8, track_size, 72, robot_vel, 39.45, joints_pos, 4.79, 44.25, -15.95, -77.21, 16.37, 59.17, 29.67, tool_torque, -1.705, 0.064, -0.284, joint_torque, -0.12, -8.52, -0.13, 5.48, 1.14, -1.01, -0.23, robot_mode, normal, 
30/11/2022 15:31:03:082, robot_pos, 1669822033125, 620.47, -48.81, 302.54, 2.36, -0.01, 3.08, circuit_pos, 621.1, -36.42, 300.61, 2.35, -0.02, 3.09, tool_force, -1.74, 1.34, -11.18, actual_rep, 1, curr_step, 8, track_size, 72, robot_vel, 39.45, joints_pos, 4.9, 44.24, -15.95, -77.21, 16.37, 59.2, 29.82, tool_torque, -1.65, 0.116, -0.261, joint_torque, -0.05, -8.17, 0.03, 5.4, 1.15, -1.0, -0.23, robot_mode, normal, 
30/11/2022 15:31:03:116, robot_pos, 1669822033147, 620.53, -48.01, 302.54, 2.36, -0.01, 3.08, circuit_pos, 621.1, -36.42, 300.61, 2.35, -0.02, 3.09, tool_force, -1.55, 1.5, -11.27, actual_rep, 1, curr_step, 8, track_size, 72, robot_vel, 39.45, joints_pos, 4.98, 44.24, -15.94, -77.21, 16.38, 59.2, 29.95, tool_torque, -1.659, 0.091, -0.254, joint_torque, 0.05, -8.32, 0.1, 5.47, 1.16, -1.0, -0.23, robot_mode, normal, 
30/11/2022 15:31:03:155, robot_pos, 1669822033192, 620.67, -46.17, 302.58, 2.36, -0.01, 3.08, circuit_pos, 621.1, -36.42, 300.61, 2.35, -0.02, 3.09, tool_force, -1.43, 1.21, -11.41, actual_rep, 1, curr_step, 8, track_size, 72, robot_vel, 38.21, joints_pos, 5.13, 44.24, -15.93, -77.2, 16.43, 59.25, 30.2, tool_torque, -1.616, 0.032, -0.242, joint_torque, -0.03, -8.36, -0.07, 5.4, 1.13, -1.0, -0.23, robot_mode, normal, 
30/11/2022 15:31:03:179, robot_pos, 1669822033221, 620.69, -45.1, 302.61, 2.36, -0.01, 3.08, circuit_pos, 621.1, -36.42, 300.61, 2.35, -0.02, 3.09, tool_force, -0.99, 1.39, -11.43, actual_rep, 1, curr_step, 8, track_size, 72, robot_vel, 38.21, joints_pos, 5.23, 44.24, -15.93, -77.19, 16.46, 59.31, 30.31, tool_torque, -1.656, 0.035, -0.24, joint_torque, -0.18, -8.36, -0.16, 5.41, 1.13, -1.03, -0.21, robot_mode, normal, 
30/11/2022 15:31:03:218, robot_pos, 1669822033243, 620.71, -44.19, 302.66, 2.36, -0.01, 3.08, circuit_pos, 621.1, -36.42, 300.61, 2.35, -0.02, 3.09, tool_force, -1.24, 1.35, -11.35, actual_rep, 1, curr_step, 8, track_size, 72, robot_vel, 38.21, joints_pos, 5.31, 44.24, -15.93, -77.18, 16.49, 59.33, 30.46, tool_torque, -1.62, 0.05, -0.241, joint_torque, -0.21, -8.24, -0.14, 5.41, 1.14, -1.01, -0.23, robot_mode, normal, 
30/11/2022 15:31:03:255, robot_pos, 1669822033284, 620.89, -42.65, 302.73, 2.36, -0.02, 3.08, circuit_pos, 621.3, -26.89, 300.2, 2.34, -0.02, 3.09, tool_force, -1.37, 1.22, -11.5, actual_rep, 1, curr_step, 9, track_size, 72, robot_vel, 36.68, joints_pos, 5.43, 44.25, -15.93, -77.16, 16.51, 59.37, 30.66, tool_torque, -1.662, 0.046, -0.27, joint_torque, -0.2, -8.42, -0.13, 5.38, 1.12, -1.01, -0.25, robot_mode, normal, 
30/11/2022 15:31:03:280, robot_pos, 1669822033319, 620.92, -41.43, 302.75, 2.36, -0.02, 3.08, circuit_pos, 621.3, -26.89, 300.2, 2.34, -0.02, 3.09, tool_force, -1.03, 1.13, -11.53, actual_rep, 1, curr_step, 9, track_size, 72, robot_vel, 36.68, joints_pos, 5.54, 44.25, -15.93, -77.15, 16.52, 59.43, 30.8, tool_torque, -1.639, 0.013, -0.259, joint_torque, -0.08, -8.24, -0.09, 5.36, 1.13, -1.04, -0.24, robot_mode, normal, 
30/11/2022 15:31:03:318, robot_pos, 1669822033340, 620.93, -40.49, 302.75, 2.35, -0.02, 3.08, circuit_pos, 621.3, -26.89, 300.2, 2.34, -0.02, 3.09, tool_force, -1.17, 1.22, -11.36, actual_rep, 1, curr_step, 9, track_size, 72, robot_vel, 36.68, joints_pos, 5.63, 44.26, -15.93, -77.14, 16.54, 59.45, 30.97, tool_torque, -1.6, -0.012, -0.225, joint_torque, 0.11, -8.48, -0.06, 5.44, 1.14, -0.99, -0.23, robot_mode, normal, 
30/11/2022 15:31:03:351, robot_pos, 1669822033389, 621.11, -38.49, 302.74, 2.35, -0.02, 3.08, circuit_pos, 621.3, -26.89, 300.2, 2.34, -0.02, 3.09, tool_force, -1.23, 1.24, -11.58, actual_rep, 1, curr_step, 9, track_size, 72, robot_vel, 41.83, joints_pos, 5.8, 44.26, -15.93, -77.14, 16.55, 59.44, 31.23, tool_torque, -1.609, 0.113, -0.232, joint_torque, -0.21, -8.32, -0.18, 5.4, 1.12, -0.97, -0.22, robot_mode, normal, 
30/11/2022 15:31:03:382, robot_pos, 1669822033417, 621.17, -37.51, 302.71, 2.35, -0.02, 3.08, circuit_pos, 621.3, -26.89, 300.2, 2.34, -0.02, 3.09, tool_force, -1.53, 1.39, -11.44, actual_rep, 1, curr_step, 9, track_size, 72, robot_vel, 41.83, joints_pos, 5.89, 44.27, -15.93, -77.14, 16.55, 59.44, 31.35, tool_torque, -1.577, 0.112, -0.229, joint_torque, -0.03, -8.29, -0.05, 5.46, 1.13, -0.99, -0.22, robot_mode, normal, 
30/11/2022 15:31:03:430, robot_pos, 1669822033441, 621.22, -36.51, 302.68, 2.35, -0.02, 3.08, circuit_pos, 621.3, -26.89, 300.2, 2.34, -0.02, 3.09, tool_force, -1.63, 1.15, -11.52, actual_rep, 1, curr_step, 9, track_size, 72, robot_vel, 39.09, joints_pos, 5.99, 44.27, -15.93, -77.14, 16.56, 59.45, 31.55, tool_torque, -1.614, 0.09, -0.236, joint_torque, 0.04, -8.42, -0.02, 5.46, 1.13, -1.02, -0.23, robot_mode, normal, 
30/11/2022 15:31:03:454, robot_pos, 1669822033491, 621.32, -34.59, 302.65, 2.35, -0.02, 3.08, circuit_pos, 621.3, -26.89, 300.2, 2.34, -0.02, 3.09, tool_force, -1.14, 1.58, -11.56, actual_rep, 1, curr_step, 9, track_size, 72, robot_vel, 39.09, joints_pos, 6.16, 44.27, -15.93, -77.14, 16.57, 59.45, 31.79, tool_torque, -1.674, 0.133, -0.265, joint_torque, -0.35, -8.45, -0.27, 5.51, 1.11, -1.04, -0.23, robot_mode, normal, 
30/11/2022 15:31:03:478, robot_pos, 1669822033519, 621.36, -33.45, 302.64, 2.35, -0.02, 3.08, circuit_pos, 621.3, -26.89, 300.2, 2.34, -0.02, 3.09, tool_force, -1.46, 1.53, -11.5, actual_rep, 1, curr_step, 9, track_size, 72, robot_vel, 39.09, joints_pos, 6.25, 44.27, -15.94, -77.14, 16.58, 59.45, 31.93, tool_torque, -1.598, 0.071, -0.25, joint_torque, 0.13, -8.34, 0.02, 5.53, 1.13, -1.03, -0.24, robot_mode, normal, 
30/11/2022 15:31:03:518, robot_pos, 1669822033543, 621.4, -32.62, 302.62, 2.35, -0.02, 3.08, circuit_pos, 621.41, -16.2, 299.67, 2.34, -0.02, 3.09, tool_force, -1.31, 1.75, -11.43, actual_rep, 1, curr_step, 10, track_size, 72, robot_vel, 39.09, joints_pos, 6.35, 44.27, -15.94, -77.15, 16.6, 59.45, 32.11, tool_torque, -1.59, 0.097, -0.248, joint_torque, 0.06, -8.33, -0.03, 5.52, 1.12, -1.03, -0.23, robot_mode, normal, 
30/11/2022 15:31:03:563, robot_pos, 1669822033592, 621.47, -30.66, 302.57, 2.35, -0.02, 3.08, circuit_pos, 621.41, -16.2, 299.67, 2.34, -0.02, 3.09, tool_force, -1.56, 1.56, -11.39, actual_rep, 1, curr_step, 10, track_size, 72, robot_vel, 38.94, joints_pos, 6.52, 44.27, -15.94, -77.15, 16.6, 59.45, 32.35, tool_torque, -1.587, 0.106, -0.248, joint_torque, 0.05, -8.4, -0.01, 5.53, 1.12, -1.0, -0.23, robot_mode, normal, 
30/11/2022 15:31:03:586, robot_pos, 1669822033622, 621.5, -29.5, 302.54, 2.34, -0.02, 3.08, circuit_pos, 621.41, -16.2, 299.67, 2.34, -0.02, 3.09, tool_force, -1.38, 1.44, -11.65, actual_rep, 1, curr_step, 10, track_size, 72, robot_vel, 38.94, joints_pos, 6.62, 44.27, -15.94, -77.16, 16.6, 59.45, 32.44, tool_torque, -1.59, 0.133, -0.245, joint_torque, -0.06, -8.49, -0.04, 5.55, 1.13, -0.99, -0.22, robot_mode, normal, 
30/11/2022 15:31:03:626, robot_pos, 1669822033647, 621.52, -28.57, 302.51, 2.34, -0.02, 3.08, circuit_pos, 621.41, -16.2, 299.67, 2.34, -0.02, 3.09, tool_force, -1.36, 1.65, -11.72, actual_rep, 1, curr_step, 10, track_size, 72, robot_vel, 38.59, joints_pos, 6.73, 44.27, -15.94, -77.16, 16.6, 59.45, 32.58, tool_torque, -1.562, 0.139, -0.234, joint_torque, 0.03, -8.43, 0.08, 5.6, 1.14, -0.97, -0.22, robot_mode, normal, 
30/11/2022 15:31:03:645, robot_pos, 1669822033685, 621.55, -27.1, 302.48, 2.34, -0.02, 3.08, circuit_pos, 621.41, -16.2, 299.67, 2.34, -0.02, 3.09, tool_force, -1.61, 1.76, -11.67, actual_rep, 1, curr_step, 10, track_size, 72, robot_vel, 38.59, joints_pos, 6.86, 44.27, -15.94, -77.17, 16.6, 59.45, 32.74, tool_torque, -1.579, 0.222, -0.246, joint_torque, -0.2, -8.38, -0.15, 5.56, 1.12, -0.97, -0.22, robot_mode, normal, 
30/11/2022 15:31:03:677, robot_pos, 1669822033709, 621.58, -26.23, 302.46, 2.34, -0.02, 3.08, circuit_pos, 621.41, -16.2, 299.67, 2.34, -0.02, 3.09, tool_force, -1.64, 1.87, -11.63, actual_rep, 1, curr_step, 10, track_size, 72, robot_vel, 38.59, joints_pos, 6.93, 44.27, -15.94, -77.17, 16.6, 59.45, 32.82, tool_torque, -1.552, 0.249, -0.248, joint_torque, -0.24, -8.29, -0.17, 5.55, 1.11, -0.96, -0.22, robot_mode, normal, 
30/11/2022 15:31:03:717, robot_pos, 1669822033734, 621.62, -25.14, 302.43, 2.34, -0.02, 3.08, circuit_pos, 621.41, -16.2, 299.67, 2.34, -0.02, 3.09, tool_force, -1.7, 2.04, -11.62, actual_rep, 1, curr_step, 10, track_size, 72, robot_vel, 39.01, joints_pos, 7.04, 44.27, -15.94, -77.17, 16.6, 59.43, 32.95, tool_torque, -1.508, 0.246, -0.26, joint_torque, -0.28, -8.43, -0.29, 5.56, 1.1, -0.93, -0.23, robot_mode, normal, 
30/11/2022 15:31:03:746, robot_pos, 1669822033776, 621.66, -23.63, 302.37, 2.34, -0.02, 3.09, circuit_pos, 621.41, -16.2, 299.67, 2.34, -0.02, 3.09, tool_force, -1.39, 1.93, -11.83, actual_rep, 1, curr_step, 10, track_size, 72, robot_vel, 39.01, joints_pos, 7.18, 44.28, -15.94, -77.18, 16.61, 59.43, 33.11, tool_torque, -1.526, 0.269, -0.259, joint_torque, -0.26, -8.4, -0.17, 5.55, 1.11, -0.92, -0.23, robot_mode, normal, 
30/11/2022 15:31:03:780, robot_pos, 1669822033814, 621.68, -22.19, 302.32, 2.34, -0.02, 3.09, circuit_pos, 621.4, -3.17, 299.31, 2.33, -0.02, 3.09, tool_force, -1.49, 2.04, -11.81, actual_rep, 1, curr_step, 11, track_size, 72, robot_vel, 39.01, joints_pos, 7.31, 44.28, -15.94, -77.19, 16.61, 59.42, 33.24, tool_torque, -1.522, 0.305, -0.252, joint_torque, -0.37, -8.42, -0.26, 5.58, 1.1, -0.91, -0.22, robot_mode, normal, 
30/11/2022 15:31:03:820, robot_pos, 1669822033841, 621.72, -20.99, 302.27, 2.34, -0.02, 3.08, circuit_pos, 621.4, -3.17, 299.31, 2.33, -0.02, 3.09, tool_force, -1.58, 2.14, -11.8, actual_rep, 1, curr_step, 11, track_size, 72, robot_vel, 38.1, joints_pos, 7.42, 44.28, -15.94, -77.19, 16.62, 59.41, 33.4, tool_torque, -1.449, 0.283, -0.244, joint_torque, -0.13, -8.39, -0.1, 5.6, 1.11, -0.89, -0.22, robot_mode, normal, 
30/11/2022 15:31:03:854, robot_pos, 1669822033884, 621.75, -19.42, 302.23, 2.34, -0.02, 3.09, circuit_pos, 621.4, -3.17, 299.31, 2.33, -0.02, 3.09, tool_force, -1.92, 1.86, -11.88, actual_rep, 1, curr_step, 11, track_size, 72, robot_vel, 38.1, joints_pos, 7.57, 44.28, -15.94, -77.2, 16.62, 59.4, 33.6, tool_torque, -1.479, 0.346, -0.244, joint_torque, -0.26, -8.37, -0.17, 5.59, 1.11, -0.88, -0.22, robot_mode, normal, 
30/11/2022 15:31:03:877, robot_pos, 1669822033916, 621.77, -18.1, 302.18, 2.34, -0.02, 3.09, circuit_pos, 621.4, -3.17, 299.31, 2.33, -0.02, 3.09, tool_force, -1.6, 2.29, -11.82, actual_rep, 1, curr_step, 11, track_size, 72, robot_vel, 38.1, joints_pos, 7.67, 44.28, -15.94, -77.21, 16.62, 59.39, 33.73, tool_torque, -1.447, 0.327, -0.252, joint_torque, -0.06, -8.38, -0.05, 5.63, 1.11, -0.88, -0.23, robot_mode, normal, 
30/11/2022 15:31:03:922, robot_pos, 1669822033939, 621.79, -17.25, 302.16, 2.34, -0.02, 3.09, circuit_pos, 621.4, -3.17, 299.31, 2.33, -0.02, 3.09, tool_force, -1.95, 1.98, -11.82, actual_rep, 1, curr_step, 11, track_size, 72, robot_vel, 38.55, joints_pos, 7.77, 44.28, -15.94, -77.21, 16.62, 59.37, 33.89, tool_torque, -1.43, 0.326, -0.243, joint_torque, -0.03, -8.39, -0.1, 5.65, 1.11, -0.87, -0.23, robot_mode, normal, 
30/11/2022 15:31:03:956, robot_pos, 1669822033984, 621.82, -15.56, 302.09, 2.34, -0.02, 3.09, circuit_pos, 621.4, -3.17, 299.31, 2.33, -0.02, 3.09, tool_force, -1.46, 2.32, -11.99, actual_rep, 1, curr_step, 11, track_size, 72, robot_vel, 38.55, joints_pos, 7.93, 44.28, -15.94, -77.22, 16.62, 59.36, 34.08, tool_torque, -1.432, 0.33, -0.25, joint_torque, -0.04, -8.45, -0.09, 5.65, 1.11, -0.88, -0.23, robot_mode, normal, 
30/11/2022 15:31:03:996, robot_pos, 1669822034026, 621.83, -14.0, 302.05, 2.34, -0.02, 3.09, circuit_pos, 621.4, -3.17, 299.31, 2.33, -0.02, 3.09, tool_force, -1.89, 2.16, -11.82, actual_rep, 1, curr_step, 11, track_size, 72, robot_vel, 38.55, joints_pos, 8.06, 44.28, -15.94, -77.23, 16.62, 59.35, 34.24, tool_torque, -1.454, 0.37, -0.241, joint_torque, -0.21, -8.35, -0.14, 5.63, 1.11, -0.87, -0.22, robot_mode, normal, 
30/11/2022 15:31:04:028, robot_pos, 1669822034054, 621.85, -12.91, 302.03, 2.34, -0.02, 3.09, circuit_pos, 621.4, -3.17, 299.31, 2.33, -0.02, 3.09, tool_force, -1.84, 2.21, -11.89, actual_rep, 1, curr_step, 11, track_size, 72, robot_vel, 38.57, joints_pos, 8.18, 44.28, -15.95, -77.24, 16.62, 59.34, 34.42, tool_torque, -1.453, 0.372, -0.248, joint_torque, -0.33, -8.5, -0.28, 5.62, 1.1, -0.87, -0.22, robot_mode, normal, 
30/11/2022 15:31:04:051, robot_pos, 1669822034091, 621.86, -11.47, 302.0, 2.34, -0.02, 3.09, circuit_pos, 621.4, -3.17, 299.31, 2.33, -0.02, 3.09, tool_force, -1.62, 2.2, -12.0, actual_rep, 1, curr_step, 11, track_size, 72, robot_vel, 38.57, joints_pos, 8.31, 44.28, -15.95, -77.24, 16.62, 59.33, 34.57, tool_torque, -1.444, 0.356, -0.243, joint_torque, -0.13, -8.46, -0.1, 5.65, 1.1, -0.87, -0.22, robot_mode, normal, 
30/11/2022 15:31:04:085, robot_pos, 1669822034114, 621.87, -10.62, 301.98, 2.34, -0.02, 3.09, circuit_pos, 621.4, -3.17, 299.31, 2.33, -0.02, 3.09, tool_force, -1.97, 2.07, -11.91, actual_rep, 1, curr_step, 11, track_size, 72, robot_vel, 38.57, joints_pos, 8.39, 44.28, -15.95, -77.25, 16.62, 59.32, 34.69, tool_torque, -1.395, 0.333, -0.24, joint_torque, 0.09, -8.39, 0.0, 5.65, 1.11, -0.87, -0.21, robot_mode, normal, 
30/11/2022 15:31:04:163, robot_pos, 1669822034143, 621.89, -9.45, 301.93, 2.34, -0.02, 3.09, circuit_pos, 621.31, 7.17, 299.27, 2.33, -0.02, 3.09, tool_force, -2.17, 1.89, -11.91, actual_rep, 1, curr_step, 12, track_size, 72, robot_vel, 37.92, joints_pos, 8.5, 44.28, -15.95, -77.26, 16.62, 59.3, 34.87, tool_torque, -1.409, 0.336, -0.242, joint_torque, 0.11, -8.4, -0.06, 5.66, 1.1, -0.88, -0.22, robot_mode, normal, 
30/11/2022 15:31:04:192, robot_pos, 1669822034223, 621.91, -6.36, 301.85, 2.33, -0.02, 3.09, circuit_pos, 621.31, 7.17, 299.27, 2.33, -0.02, 3.09, tool_force, -1.95, 2.34, -11.71, actual_rep, 1, curr_step, 12, track_size, 72, robot_vel, 37.92, joints_pos, 8.79, 44.28, -15.95, -77.27, 16.62, 59.27, 35.19, tool_torque, -1.451, 0.416, -0.26, joint_torque, -0.15, -8.4, -0.08, 5.7, 1.1, -0.89, -0.23, robot_mode, normal, 
30/11/2022 15:31:04:231, robot_pos, 1669822034256, 621.91, -5.11, 301.83, 2.33, -0.02, 3.09, circuit_pos, 621.31, 7.17, 299.27, 2.33, -0.02, 3.09, tool_force, -2.02, 2.28, -11.86, actual_rep, 1, curr_step, 12, track_size, 72, robot_vel, 37.92, joints_pos, 8.89, 44.27, -15.95, -77.27, 16.62, 59.26, 35.31, tool_torque, -1.432, 0.374, -0.258, joint_torque, -0.09, -8.47, -0.07, 5.71, 1.1, -0.9, -0.23, robot_mode, normal, 
30/11/2022 15:31:04:275, robot_pos, 1669822034289, 621.91, -3.84, 301.81, 2.33, -0.02, 3.09, circuit_pos, 621.31, 7.17, 299.27, 2.33, -0.02, 3.09, tool_force, -1.76, 2.25, -11.91, actual_rep, 1, curr_step, 12, track_size, 72, robot_vel, 39.01, joints_pos, 9.04, 44.27, -15.95, -77.28, 16.62, 59.25, 35.5, tool_torque, -1.423, 0.372, -0.258, joint_torque, -0.14, -8.49, -0.13, 5.69, 1.09, -0.89, -0.22, robot_mode, normal, 
30/11/2022 15:31:04:304, robot_pos, 1669822034332, 621.92, -2.06, 301.8, 2.33, -0.02, 3.09, circuit_pos, 621.31, 7.17, 299.27, 2.33, -0.02, 3.09, tool_force, -1.88, 2.12, -12.05, actual_rep, 1, curr_step, 12, track_size, 72, robot_vel, 39.01, joints_pos, 9.18, 44.27, -15.95, -77.29, 16.62, 59.24, 35.63, tool_torque, -1.457, 0.388, -0.25, joint_torque, -0.23, -8.4, -0.17, 5.67, 1.09, -0.9, -0.22, robot_mode, normal, 
30/11/2022 15:31:04:325, robot_pos, 1669822034359, 621.89, -1.08, 301.79, 2.33, -0.02, 3.09, circuit_pos, 621.31, 7.17, 299.27, 2.33, -0.02, 3.09, tool_force, -2.17, 2.26, -11.8, actual_rep, 1, curr_step, 12, track_size, 72, robot_vel, 39.01, joints_pos, 9.26, 44.27, -15.95, -77.29, 16.62, 59.23, 35.73, tool_torque, -1.394, 0.35, -0.238, joint_torque, 0.15, -8.35, 0.04, 5.71, 1.11, -0.9, -0.22, robot_mode, normal, 
30/11/2022 15:31:04:364, robot_pos, 1669822034380, 621.88, -0.23, 301.77, 2.33, -0.02, 3.09, circuit_pos, 621.31, 7.17, 299.27, 2.33, -0.02, 3.09, tool_force, -2.16, 2.26, -11.82, actual_rep, 1, curr_step, 12, track_size, 72, robot_vel, 39.01, joints_pos, 9.35, 44.27, -15.95, -77.3, 16.62, 59.22, 35.85, tool_torque, -1.439, 0.4, -0.239, joint_torque, -0.04, -8.37, -0.02, 5.7, 1.1, -0.9, -0.22, robot_mode, normal, 
30/11/2022 15:31:04:396, robot_pos, 1669822034418, 621.89, 1.18, 301.75, 2.33, -0.02, 3.09, circuit_pos, 621.22, 18.66, 299.53, 2.33, -0.02, 3.09, tool_force, -2.09, 2.11, -11.91, actual_rep, 1, curr_step, 13, track_size, 72, robot_vel, 38.79, joints_pos, 9.52, 44.27, -15.95, -77.3, 16.62, 59.2, 36.02, tool_torque, -1.428, 0.363, -0.244, joint_torque, 0.0, -8.5, -0.04, 5.72, 1.1, -0.91, -0.21, robot_mode, normal, 
30/11/2022 15:31:04:417, robot_pos, 1669822034456, 621.88, 2.6, 301.74, 2.33, -0.02, 3.09, circuit_pos, 621.22, 18.66, 299.53, 2.33, -0.02, 3.09, tool_force, -2.33, 1.95, -11.95, actual_rep, 1, curr_step, 13, track_size, 72, robot_vel, 38.79, joints_pos, 9.6, 44.26, -15.95, -77.31, 16.62, 59.2, 36.11, tool_torque, -1.442, 0.383, -0.237, joint_torque, -0.07, -8.4, -0.04, 5.71, 1.11, -0.91, -0.22, robot_mode, normal, 
30/11/2022 15:31:04:472, robot_pos, 1669822034487, 621.88, 3.92, 301.74, 2.33, -0.02, 3.09, circuit_pos, 621.22, 18.66, 299.53, 2.33, -0.02, 3.09, tool_force, -2.2, 2.22, -11.76, actual_rep, 1, curr_step, 13, track_size, 72, robot_vel, 38.63, joints_pos, 9.74, 44.26, -15.95, -77.31, 16.61, 59.19, 36.26, tool_torque, -1.425, 0.381, -0.263, joint_torque, -0.21, -8.42, -0.16, 5.7, 1.09, -0.93, -0.23, robot_mode, normal, 
30/11/2022 15:31:04:497, robot_pos, 1669822034531, 621.87, 5.56, 301.76, 2.33, -0.02, 3.09, circuit_pos, 621.22, 18.66, 299.53, 2.33, -0.02, 3.09, tool_force, -2.15, 2.18, -11.81, actual_rep, 1, curr_step, 13, track_size, 72, robot_vel, 38.63, joints_pos, 9.89, 44.26, -15.95, -77.31, 16.61, 59.18, 36.41, tool_torque, -1.446, 0.387, -0.258, joint_torque, -0.01, -8.42, -0.01, 5.71, 1.11, -0.92, -0.23, robot_mode, normal, 
30/11/2022 15:31:04:521, robot_pos, 1669822034557, 621.86, 6.52, 301.77, 2.33, -0.02, 3.09, circuit_pos, 621.22, 18.66, 299.53, 2.33, -0.02, 3.09, tool_force, -1.88, 2.34, -11.86, actual_rep, 1, curr_step, 13, track_size, 72, robot_vel, 38.63, joints_pos, 9.97, 44.26, -15.95, -77.31, 16.61, 59.18, 36.49, tool_torque, -1.469, 0.4, -0.254, joint_torque, -0.1, -8.42, -0.05, 5.72, 1.11, -0.92, -0.22, robot_mode, normal, 
30/11/2022 15:31:04:570, robot_pos, 1669822034581, 621.86, 7.5, 301.8, 2.33, -0.02, 3.09, circuit_pos, 621.22, 18.66, 299.53, 2.33, -0.02, 3.09, tool_force, -2.05, 2.23, -11.89, actual_rep, 1, curr_step, 13, track_size, 72, robot_vel, 38.53, joints_pos, 10.08, 44.26, -15.95, -77.31, 16.6, 59.17, 36.63, tool_torque, -1.463, 0.413, -0.229, joint_torque, -0.06, -8.35, 0.0, 5.71, 1.12, -0.92, -0.21, robot_mode, normal, 
30/11/2022 15:31:04:596, robot_pos, 1669822034625, 621.85, 9.2, 301.81, 2.33, -0.02, 3.09, circuit_pos, 621.22, 18.66, 299.53, 2.33, -0.02, 3.09, tool_force, -1.88, 2.34, -11.89, actual_rep, 1, curr_step, 13, track_size, 72, robot_vel, 38.53, joints_pos, 10.24, 44.25, -15.95, -77.31, 16.59, 59.16, 36.78, tool_torque, -1.438, 0.378, -0.226, joint_torque, -0.12, -8.46, -0.15, 5.71, 1.11, -0.92, -0.21, robot_mode, normal, 
30/11/2022 15:31:04:622, robot_pos, 1669822034652, 621.84, 10.16, 301.81, 2.33, -0.02, 3.09, circuit_pos, 621.22, 18.66, 299.53, 2.33, -0.02, 3.09, tool_force, -1.96, 2.27, -11.88, actual_rep, 1, curr_step, 13, track_size, 72, robot_vel, 38.53, joints_pos, 10.31, 44.25, -15.95, -77.32, 16.58, 59.15, 36.85, tool_torque, -1.435, 0.387, -0.225, joint_torque, -0.17, -8.4, -0.17, 5.69, 1.1, -0.93, -0.21, robot_mode, normal, 
30/11/2022 15:31:04:667, robot_pos, 1669822034687, 621.83, 11.58, 301.81, 2.33, -0.02, 3.09, circuit_pos, 621.22, 18.66, 299.53, 2.33, -0.02, 3.09, tool_force, -1.92, 2.38, -11.86, actual_rep, 1, curr_step, 13, track_size, 72, robot_vel, 37.85, joints_pos, 10.46, 44.25, -15.95, -77.32, 16.58, 59.14, 37.03, tool_torque, -1.508, 0.465, -0.227, joint_torque, -0.15, -8.36, -0.09, 5.71, 1.12, -0.94, -0.2, robot_mode, normal, 
30/11/2022 15:31:04:701, robot_pos, 1669822034723, 621.8, 12.98, 301.82, 2.33, -0.02, 3.09, circuit_pos, 621.3, 29.46, 300.25, 2.32, -0.02, 3.09, tool_force, -2.19, 2.2, -11.79, actual_rep, 1, curr_step, 14, track_size, 72, robot_vel, 37.85, joints_pos, 10.58, 44.25, -15.95, -77.32, 16.58, 59.14, 37.15, tool_torque, -1.447, 0.382, -0.22, joint_torque, -0.01, -8.48, -0.05, 5.76, 1.12, -0.94, -0.2, robot_mode, normal, 
30/11/2022 15:31:04:727, robot_pos, 1669822034759, 621.8, 14.33, 301.85, 2.33, -0.02, 3.09, circuit_pos, 621.3, 29.46, 300.25, 2.32, -0.02, 3.09, tool_force, -2.04, 2.1, -12.03, actual_rep, 1, curr_step, 14, track_size, 72, robot_vel, 37.85, joints_pos, 10.7, 44.25, -15.94, -77.32, 16.58, 59.13, 37.26, tool_torque, -1.48, 0.417, -0.221, joint_torque, -0.43, -8.4, -0.33, 5.68, 1.1, -0.95, -0.19, robot_mode, normal, 
30/11/2022 15:31:04:764, robot_pos, 1669822034781, 621.8, 15.16, 301.89, 2.33, -0.02, 3.09, circuit_pos, 621.3, 29.46, 300.25, 2.32, -0.02, 3.09, tool_force, -2.18, 2.28, -11.71, actual_rep, 1, curr_step, 14, track_size, 72, robot_vel, 37.85, joints_pos, 10.77, 44.24, -15.94, -77.32, 16.58, 59.13, 37.4, tool_torque, -1.419, 0.39, -0.216, joint_torque, -0.2, -8.32, -0.15, 5.71, 1.11, -0.95, -0.2, robot_mode, normal, 
30/11/2022 15:31:04:796, robot_pos, 1669822034817, 621.78, 16.63, 301.95, 2.33, -0.02, 3.09, circuit_pos, 621.3, 29.46, 300.25, 2.32, -0.02, 3.09, tool_force, -1.72, 2.4, -11.83, actual_rep, 1, curr_step, 14, track_size, 72, robot_vel, 39.09, joints_pos, 10.92, 44.24, -15.94, -77.31, 16.58, 59.12, 37.63, tool_torque, -1.427, 0.39, -0.209, joint_torque, -0.19, -8.29, -0.23, 5.64, 1.1, -0.95, -0.19, robot_mode, normal, 
30/11/2022 15:31:04:872, robot_pos, 1669822034885, 621.77, 19.23, 302.09, 2.33, -0.02, 3.08, circuit_pos, 621.3, 29.46, 300.25, 2.32, -0.02, 3.09, tool_force, -1.37, 2.31, -11.94, actual_rep, 1, curr_step, 14, track_size, 72, robot_vel, 38.9, joints_pos, 11.17, 44.23, -15.95, -77.3, 16.56, 59.12, 37.97, tool_torque, -1.439, 0.324, -0.196, joint_torque, -0.11, -8.42, -0.2, 5.63, 1.1, -0.96, -0.18, robot_mode, normal, 
30/11/2022 15:31:04:903, robot_pos, 1669822034926, 621.76, 20.87, 302.17, 2.33, -0.02, 3.09, circuit_pos, 621.3, 29.46, 300.25, 2.32, -0.02, 3.09, tool_force, -1.33, 2.49, -11.81, actual_rep, 1, curr_step, 14, track_size, 72, robot_vel, 38.9, joints_pos, 11.32, 44.23, -15.95, -77.3, 16.55, 59.12, 38.17, tool_torque, -1.427, 0.326, -0.195, joint_torque, -0.11, -8.44, -0.2, 5.69, 1.11, -0.97, -0.18, robot_mode, normal, 
30/11/2022 15:31:04:931, robot_pos, 1669822034959, 621.76, 22.11, 302.23, 2.33, -0.02, 3.09, circuit_pos, 621.3, 29.46, 300.25, 2.32, -0.02, 3.09, tool_force, -1.82, 2.27, -11.78, actual_rep, 1, curr_step, 14, track_size, 72, robot_vel, 38.9, joints_pos, 11.41, 44.23, -15.95, -77.29, 16.54, 59.12, 38.3, tool_torque, -1.48, 0.411, -0.201, joint_torque, -0.35, -8.39, -0.29, 5.66, 1.1, -0.98, -0.18, robot_mode, normal, 
30/11/2022 15:31:04:950, robot_pos, 1669822034980, 621.77, 22.89, 302.26, 2.33, -0.02, 3.09, circuit_pos, 621.3, 29.46, 300.25, 2.32, -0.02, 3.09, tool_force, -1.95, 2.18, -11.63, actual_rep, 1, curr_step, 14, track_size, 72, robot_vel, 38.9, joints_pos, 11.49, 44.23, -15.95, -77.28, 16.54, 59.12, 38.41, tool_torque, -1.463, 0.38, -0.204, joint_torque, -0.07, -8.33, -0.09, 5.64, 1.12, -0.97, -0.19, robot_mode, normal, 
30/11/2022 15:31:04:998, robot_pos, 1669822035009, 621.76, 23.96, 302.3, 2.32, -0.02, 3.09, circuit_pos, 621.5, 39.55, 301.39, 2.31, -0.02, 3.09, tool_force, -1.94, 1.86, -11.8, actual_rep, 1, curr_step, 15, track_size, 72, robot_vel, 38.39, joints_pos, 11.61, 44.23, -15.95, -77.27, 16.54, 59.12, 38.61, tool_torque, -1.507, 0.362, -0.206, joint_torque, -0.17, -8.62, -0.17, 5.68, 1.11, -0.98, -0.17, robot_mode, normal, 
30/11/2022 15:31:05:022, robot_pos, 1669822035049, 621.78, 25.62, 302.39, 2.32, -0.02, 3.08, circuit_pos, 621.5, 39.55, 301.39, 2.31, -0.02, 3.09, tool_force, -1.84, 1.86, -11.79, actual_rep, 1, curr_step, 15, track_size, 72, robot_vel, 38.39, joints_pos, 11.75, 44.23, -15.95, -77.26, 16.54, 59.12, 38.81, tool_torque, -1.476, 0.322, -0.2, joint_torque, 0.09, -8.46, -0.01, 5.66, 1.12, -0.99, -0.18, robot_mode, normal, 
30/11/2022 15:31:05:053, robot_pos, 1669822035075, 621.79, 26.59, 302.48, 2.32, -0.02, 3.08, circuit_pos, 621.5, 39.55, 301.39, 2.31, -0.02, 3.09, tool_force, -1.7, 1.93, -11.67, actual_rep, 1, curr_step, 15, track_size, 72, robot_vel, 38.39, joints_pos, 11.83, 44.22, -15.95, -77.25, 16.54, 59.12, 38.95, tool_torque, -1.572, 0.415, -0.215, joint_torque, -0.5, -8.44, -0.22, 5.63, 1.11, -1.0, -0.19, robot_mode, normal, 
30/11/2022 15:31:05:112, robot_pos, 1669822035119, 621.83, 28.42, 302.64, 2.32, -0.02, 3.08, circuit_pos, 621.5, 39.55, 301.39, 2.31, -0.02, 3.09, tool_force, -1.91, 2.15, -11.52, actual_rep, 1, curr_step, 15, track_size, 72, robot_vel, 39.26, joints_pos, 12.0, 44.22, -15.95, -77.23, 16.53, 59.12, 39.24, tool_torque, -1.464, 0.34, -0.202, joint_torque, -0.3, -8.4, -0.25, 5.6, 1.09, -1.02, -0.17, robot_mode, normal, 
30/11/2022 15:31:05:133, robot_pos, 1669822035165, 621.83, 30.1, 302.76, 2.32, -0.02, 3.08, circuit_pos, 621.5, 39.55, 301.39, 2.31, -0.02, 3.09, tool_force, -1.25, 2.11, -11.68, actual_rep, 1, curr_step, 15, track_size, 72, robot_vel, 39.26, joints_pos, 12.16, 44.22, -15.95, -77.22, 16.52, 59.12, 39.48, tool_torque, -1.51, 0.316, -0.19, joint_torque, -0.06, -8.46, -0.11, 5.6, 1.11, -1.02, -0.17, robot_mode, normal, 
30/11/2022 15:31:05:167, robot_pos, 1669822035190, 621.82, 31.04, 302.84, 2.32, -0.02, 3.08, circuit_pos, 621.5, 39.55, 301.39, 2.31, -0.02, 3.09, tool_force, -1.5, 1.82, -11.74, actual_rep, 1, curr_step, 15, track_size, 72, robot_vel, 39.26, joints_pos, 12.24, 44.21, -15.95, -77.21, 16.51, 59.12, 39.58, tool_torque, -1.533, 0.308, -0.188, joint_torque, -0.04, -8.5, -0.09, 5.65, 1.11, -1.04, -0.15, robot_mode, normal, 
30/11/2022 15:31:05:205, robot_pos, 1669822035221, 621.82, 32.31, 302.96, 2.32, -0.02, 3.08, circuit_pos, 621.5, 39.55, 301.39, 2.31, -0.02, 3.09, tool_force, -1.57, 2.01, -11.58, actual_rep, 1, curr_step, 15, track_size, 72, robot_vel, 38.42, joints_pos, 12.37, 44.21, -15.95, -77.2, 16.51, 59.12, 39.84, tool_torque, -1.484, 0.273, -0.164, joint_torque, 0.18, -8.39, 0.0, 5.65, 1.12, -1.05, -0.15, robot_mode, normal, 
30/11/2022 15:31:05:228, robot_pos, 1669822035260, 621.82, 33.76, 303.1, 2.32, -0.02, 3.08, circuit_pos, 621.68, 48.29, 302.56, 2.3, -0.02, 3.09, tool_force, -1.33, 2.08, -11.61, actual_rep, 1, curr_step, 16, track_size, 72, robot_vel, 38.42, joints_pos, 12.49, 44.2, -15.95, -77.18, 16.5, 59.13, 40.01, tool_torque, -1.544, 0.295, -0.176, joint_torque, -0.18, -8.42, -0.14, 5.61, 1.11, -1.07, -0.15, robot_mode, normal, 
30/11/2022 15:31:05:258, robot_pos, 1669822035284, 621.83, 34.67, 303.19, 2.32, -0.02, 3.08, circuit_pos, 621.68, 48.29, 302.56, 2.3, -0.02, 3.09, tool_force, -1.64, 1.84, -11.69, actual_rep, 1, curr_step, 16, track_size, 72, robot_vel, 38.42, joints_pos, 12.58, 44.2, -15.95, -77.17, 16.49, 59.13, 40.13, tool_torque, -1.574, 0.312, -0.175, joint_torque, -0.27, -8.42, -0.22, 5.59, 1.1, -1.09, -0.15, robot_mode, normal, 
30/11/2022 15:31:05:312, robot_pos, 1669822035321, 621.85, 36.22, 303.35, 2.31, -0.02, 3.08, circuit_pos, 621.68, 48.29, 302.56, 2.3, -0.02, 3.09, tool_force, -1.2, 1.73, -11.67, actual_rep, 1, curr_step, 16, track_size, 72, robot_vel, 38.61, joints_pos, 12.72, 44.2, -15.96, -77.14, 16.48, 59.15, 40.43, tool_torque, -1.638, 0.291, -0.186, joint_torque, -0.16, -8.55, -0.12, 5.62, 1.11, -1.11, -0.16, robot_mode, normal, 
30/11/2022 15:31:05:330, robot_pos, 1669822035362, 621.87, 37.67, 303.54, 2.31, -0.02, 3.08, circuit_pos, 621.68, 48.29, 302.56, 2.3, -0.02, 3.09, tool_force, -1.25, 1.91, -11.48, actual_rep, 1, curr_step, 16, track_size, 72, robot_vel, 38.61, joints_pos, 12.84, 44.2, -15.96, -77.12, 16.47, 59.16, 40.6, tool_torque, -1.602, 0.281, -0.179, joint_torque, -0.25, -8.38, -0.2, 5.62, 1.1, -1.13, -0.15, robot_mode, normal, 
30/11/2022 15:31:05:363, robot_pos, 1669822035383, 621.89, 38.52, 303.63, 2.31, -0.02, 3.08, circuit_pos, 621.68, 48.29, 302.56, 2.3, -0.02, 3.09, tool_force, -1.19, 2.22, -11.37, actual_rep, 1, curr_step, 16, track_size, 72, robot_vel, 38.61, joints_pos, 12.93, 44.2, -15.96, -77.11, 16.47, 59.16, 40.76, tool_torque, -1.601, 0.289, -0.172, joint_torque, -0.41, -8.39, -0.28, 5.61, 1.1, -1.14, -0.14, robot_mode, normal, 
30/11/2022 15:31:05:400, robot_pos, 1669822035416, 621.9, 39.76, 303.76, 2.31, -0.02, 3.08, circuit_pos, 621.68, 48.29, 302.56, 2.3, -0.02, 3.09, tool_force, -0.93, 2.15, -11.35, actual_rep, 1, curr_step, 16, track_size, 72, robot_vel, 39.52, joints_pos, 13.06, 44.2, -15.96, -77.08, 16.46, 59.17, 41.01, tool_torque, -1.582, 0.238, -0.17, joint_torque, -0.11, -8.42, -0.12, 5.6, 1.1, -1.15, -0.14, robot_mode, normal, 
30/11/2022 15:31:05:430, robot_pos, 1669822035455, 621.93, 41.32, 303.92, 2.31, -0.02, 3.08, circuit_pos, 621.68, 48.29, 302.56, 2.3, -0.02, 3.09, tool_force, -1.19, 1.85, -11.42, actual_rep, 1, curr_step, 16, track_size, 72, robot_vel, 39.52, joints_pos, 13.18, 44.2, -15.96, -77.06, 16.44, 59.18, 41.2, tool_torque, -1.644, 0.277, -0.171, joint_torque, -0.41, -8.47, -0.28, 5.59, 1.09, -1.16, -0.13, robot_mode, normal, 
30/11/2022 15:31:05:459, robot_pos, 1669822035480, 621.95, 42.26, 304.02, 2.31, -0.02, 3.08, circuit_pos, 621.78, 57.42, 303.83, 2.3, -0.01, 3.09, tool_force, -1.21, 1.79, -11.47, actual_rep, 1, curr_step, 17, track_size, 72, robot_vel, 39.52, joints_pos, 13.27, 44.19, -15.96, -77.04, 16.43, 59.18, 41.35, tool_torque, -1.608, 0.233, -0.178, joint_torque, -0.12, -8.49, -0.15, 5.63, 1.1, -1.16, -0.15, robot_mode, normal, 
30/11/2022 15:31:05:512, robot_pos, 1669822035523, 621.97, 43.92, 304.22, 2.31, -0.02, 3.08, circuit_pos, 621.78, 57.42, 303.83, 2.3, -0.01, 3.09, tool_force, -1.06, 1.9, -11.51, actual_rep, 1, curr_step, 17, track_size, 72, robot_vel, 39.84, joints_pos, 13.44, 44.19, -15.96, -77.01, 16.42, 59.19, 41.67, tool_torque, -1.616, 0.249, -0.182, joint_torque, -0.12, -8.45, -0.1, 5.64, 1.1, -1.17, -0.15, robot_mode, normal, 
30/11/2022 15:31:05:545, robot_pos, 1669822035562, 621.98, 45.52, 304.41, 2.3, -0.02, 3.08, circuit_pos, 621.78, 57.42, 303.83, 2.3, -0.01, 3.09, tool_force, -1.14, 1.99, -11.34, actual_rep, 1, curr_step, 17, track_size, 72, robot_vel, 39.84, joints_pos, 13.58, 44.19, -15.96, -76.99, 16.38, 59.19, 41.82, tool_torque, -1.632, 0.293, -0.194, joint_torque, -0.27, -8.42, -0.21, 5.61, 1.09, -1.17, -0.15, robot_mode, normal, 
30/11/2022 15:31:05:564, robot_pos, 1669822035588, 622.0, 46.41, 304.54, 2.3, -0.02, 3.08, circuit_pos, 621.78, 57.42, 303.83, 2.3, -0.01, 3.09, tool_force, -1.68, 1.75, -11.38, actual_rep, 1, curr_step, 17, track_size, 72, robot_vel, 39.84, joints_pos, 13.65, 44.18, -15.96, -76.97, 16.35, 59.19, 41.91, tool_torque, -1.611, 0.301, -0.192, joint_torque, -0.32, -8.44, -0.23, 5.63, 1.09, -1.16, -0.15, robot_mode, normal, 
30/11/2022 15:31:05:597, robot_pos, 1669822035610, 622.03, 47.33, 304.71, 2.3, -0.02, 3.08, circuit_pos, 621.78, 57.42, 303.83, 2.3, -0.01, 3.09, tool_force, -1.55, 1.87, -11.44, actual_rep, 1, curr_step, 17, track_size, 72, robot_vel, 39.16, joints_pos, 13.76, 44.18, -15.96, -76.95, 16.3, 59.19, 42.12, tool_torque, -1.576, 0.292, -0.185, joint_torque, -0.08, -8.46, -0.12, 5.63, 1.09, -1.13, -0.14, robot_mode, normal, 
30/11/2022 15:31:05:625, robot_pos, 1669822035650, 622.09, 48.82, 304.94, 2.3, -0.02, 3.08, circuit_pos, 621.78, 57.42, 303.83, 2.3, -0.01, 3.09, tool_force, -1.5, 1.79, -11.63, actual_rep, 1, curr_step, 17, track_size, 72, robot_vel, 39.16, joints_pos, 13.91, 44.17, -15.96, -76.93, 16.23, 59.15, 42.32, tool_torque, -1.586, 0.371, -0.182, joint_torque, -0.3, -8.45, -0.23, 5.61, 1.08, -1.09, -0.14, robot_mode, normal, 
30/11/2022 15:31:05:662, robot_pos, 1669822035679, 622.14, 49.88, 305.08, 2.3, -0.02, 3.08, circuit_pos, 621.78, 57.42, 303.83, 2.3, -0.01, 3.09, tool_force, -1.67, 1.81, -11.62, actual_rep, 1, curr_step, 17, track_size, 72, robot_vel, 39.16, joints_pos, 14.01, 44.16, -15.96, -76.92, 16.18, 59.12, 42.43, tool_torque, -1.5, 0.306, -0.178, joint_torque, 0.11, -8.46, -0.03, 5.64, 1.08, -1.08, -0.14, robot_mode, normal, 
30/11/2022 15:31:05:708, robot_pos, 1669822035724, 622.1, 51.79, 305.29, 2.3, -0.02, 3.09, circuit_pos, 621.7, 64.77, 304.79, 2.29, -0.01, 3.09, tool_force, -1.24, 2.31, -11.56, actual_rep, 1, curr_step, 18, track_size, 72, robot_vel, 39.63, joints_pos, 14.21, 44.15, -15.96, -76.9, 16.11, 59.09, 42.75, tool_torque, -1.496, 0.392, -0.164, joint_torque, -0.18, -8.35, -0.17, 5.63, 1.1, -1.06, -0.14, robot_mode, normal, 
30/11/2022 15:31:05:748, robot_pos, 1669822035759, 622.14, 53.15, 305.44, 2.3, -0.01, 3.08, circuit_pos, 621.7, 64.77, 304.79, 2.29, -0.01, 3.09, tool_force, -1.67, 2.1, -11.57, actual_rep, 1, curr_step, 18, track_size, 72, robot_vel, 39.63, joints_pos, 14.32, 44.15, -15.96, -76.89, 16.08, 59.06, 42.87, tool_torque, -1.529, 0.431, -0.166, joint_torque, -0.58, -8.44, -0.42, 5.63, 1.07, -1.08, -0.13, robot_mode, normal, 
30/11/2022 15:31:05:780, robot_pos, 1669822035783, 622.14, 54.03, 305.57, 2.3, -0.01, 3.08, circuit_pos, 621.7, 64.77, 304.79, 2.29, -0.01, 3.09, tool_force, -1.37, 2.22, -11.6, actual_rep, 1, curr_step, 18, track_size, 72, robot_vel, 39.63, joints_pos, 14.41, 44.14, -15.96, -76.88, 16.05, 59.06, 43.07, tool_torque, -1.484, 0.301, -0.163, joint_torque, 0.12, -8.59, -0.11, 5.67, 1.09, -1.09, -0.15, robot_mode, normal, 
30/11/2022 15:31:05:806, robot_pos, 1669822035828, 622.09, 55.86, 305.82, 2.3, -0.01, 3.08, circuit_pos, 621.7, 64.77, 304.79, 2.29, -0.01, 3.09, tool_force, -1.47, 2.08, -11.54, actual_rep, 1, curr_step, 18, track_size, 72, robot_vel, 38.87, joints_pos, 14.59, 44.13, -15.97, -76.85, 16.01, 59.06, 43.34, tool_torque, -1.52, 0.388, -0.168, joint_torque, -0.32, -8.41, -0.25, 5.65, 1.08, -1.1, -0.13, robot_mode, normal, 
30/11/2022 15:31:05:833, robot_pos, 1669822035853, 622.09, 56.8, 305.95, 2.3, -0.01, 3.08, circuit_pos, 621.7, 64.77, 304.79, 2.29, -0.01, 3.09, tool_force, -1.34, 2.18, -11.68, actual_rep, 1, curr_step, 18, track_size, 72, robot_vel, 38.87, joints_pos, 14.67, 44.13, -15.97, -76.84, 15.99, 59.06, 43.47, tool_torque, -1.505, 0.327, -0.154, joint_torque, -0.05, -8.56, -0.17, 5.74, 1.08, -1.11, -0.13, robot_mode, normal, 
30/11/2022 15:31:05:873, robot_pos, 1669822035877, 622.11, 57.73, 306.09, 2.3, -0.01, 3.08, circuit_pos, 621.7, 64.77, 304.79, 2.29, -0.01, 3.09, tool_force, -1.46, 2.0, -11.61, actual_rep, 1, curr_step, 18, track_size, 72, robot_vel, 39.41, joints_pos, 14.77, 44.12, -15.97, -76.82, 15.97, 59.06, 43.7, tool_torque, -1.513, 0.339, -0.151, joint_torque, -0.18, -8.48, -0.2, 5.61, 1.06, -1.1, -0.12, robot_mode, normal, 
30/11/2022 15:31:05:919, robot_pos, 1669822035936, 622.1, 60.08, 306.38, 2.3, -0.01, 3.08, circuit_pos, 621.58, 73.04, 305.87, 2.28, -0.01, 3.09, tool_force, -1.83, 1.8, -11.62, actual_rep, 1, curr_step, 19, track_size, 72, robot_vel, 39.41, joints_pos, 14.98, 44.12, -15.97, -76.78, 15.93, 59.06, 44.01, tool_torque, -1.579, 0.452, -0.159, joint_torque, -0.52, -8.42, -0.31, 5.63, 1.06, -1.11, -0.13, robot_mode, normal, 
30/11/2022 15:31:05:938, robot_pos, 1669822035961, 622.1, 60.96, 306.48, 2.29, -0.01, 3.08, circuit_pos, 621.58, 73.04, 305.87, 2.28, -0.01, 3.09, tool_force, -1.68, 1.97, -11.53, actual_rep, 1, curr_step, 19, track_size, 72, robot_vel, 39.41, joints_pos, 15.06, 44.12, -15.97, -76.77, 15.92, 59.06, 44.16, tool_torque, -1.549, 0.394, -0.168, joint_torque, -0.31, -8.49, -0.23, 5.7, 1.06, -1.13, -0.13, robot_mode, normal, 
30/11/2022 15:31:05:983, robot_pos, 1669822035984, 622.1, 61.83, 306.59, 2.29, -0.01, 3.08, circuit_pos, 621.58, 73.04, 305.87, 2.28, -0.01, 3.09, tool_force, -1.01, 2.4, -11.58, actual_rep, 1, curr_step, 19, track_size, 72, robot_vel, 38.99, joints_pos, 15.16, 44.12, -15.97, -76.74, 15.9, 59.07, 44.39, tool_torque, -1.537, 0.395, -0.174, joint_torque, -0.46, -8.39, -0.34, 5.67, 1.05, -1.16, -0.13, robot_mode, normal, 
30/11/2022 15:31:06:012, robot_pos, 1669822036025, 622.11, 63.55, 306.8, 2.29, -0.01, 3.08, circuit_pos, 621.58, 73.04, 305.87, 2.28, -0.01, 3.09, tool_force, -1.6, 2.12, -11.31, actual_rep, 1, curr_step, 19, track_size, 72, robot_vel, 38.99, joints_pos, 15.31, 44.12, -15.97, -76.71, 15.88, 59.07, 44.62, tool_torque, -1.552, 0.36, -0.166, joint_torque, -0.21, -8.43, -0.19, 5.66, 1.06, -1.16, -0.13, robot_mode, normal, 
30/11/2022 15:31:06:036, robot_pos, 1669822036052, 622.1, 64.54, 306.91, 2.29, -0.01, 3.08, circuit_pos, 621.58, 73.04, 305.87, 2.28, -0.01, 3.09, tool_force, -1.38, 1.92, -11.69, actual_rep, 1, curr_step, 19, track_size, 72, robot_vel, 38.99, joints_pos, 15.38, 44.12, -15.97, -76.7, 15.86, 59.07, 44.76, tool_torque, -1.576, 0.339, -0.17, joint_torque, -0.16, -8.63, -0.21, 5.69, 1.05, -1.17, -0.13, robot_mode, normal, 
30/11/2022 15:31:06:073, robot_pos, 1669822036077, 622.08, 65.49, 307.04, 2.29, -0.01, 3.08, circuit_pos, 621.58, 73.04, 305.87, 2.28, -0.01, 3.09, tool_force, -1.53, 1.64, -11.75, actual_rep, 1, curr_step, 19, track_size, 72, robot_vel, 38.99, joints_pos, 15.47, 44.11, -15.97, -76.68, 15.84, 59.07, 44.95, tool_torque, -1.549, 0.333, -0.17, joint_torque, -0.11, -8.48, -0.24, 5.69, 1.06, -1.18, -0.14, robot_mode, normal, 
30/11/2022 15:31:06:103, robot_pos, 1669822036112, 622.05, 66.97, 307.22, 2.29, -0.01, 3.08, circuit_pos, 621.28, 81.29, 306.83, 2.28, -0.01, 3.09, tool_force, -1.67, 1.99, -11.54, actual_rep, 1, curr_step, 20, track_size, 72, robot_vel, 39.14, joints_pos, 15.62, 44.11, -15.97, -76.66, 15.82, 59.07, 45.22, tool_torque, -1.542, 0.348, -0.168, joint_torque, -0.15, -8.4, -0.23, 5.69, 1.04, -1.19, -0.14, robot_mode, normal, 
30/11/2022 15:31:06:133, robot_pos, 1669822036153, 622.0, 68.52, 307.41, 2.29, -0.01, 3.08, circuit_pos, 621.28, 81.29, 306.83, 2.28, -0.01, 3.09, tool_force, -1.59, 2.07, -11.37, actual_rep, 1, curr_step, 20, track_size, 72, robot_vel, 39.14, joints_pos, 15.74, 44.11, -15.97, -76.63, 15.81, 59.09, 45.41, tool_torque, -1.545, 0.306, -0.156, joint_torque, -0.01, -8.45, -0.14, 5.72, 1.06, -1.21, -0.13, robot_mode, normal, 
30/11/2022 15:31:06:166, robot_pos, 1669822036172, 621.97, 69.22, 307.5, 2.29, -0.01, 3.08, circuit_pos, 621.28, 81.29, 306.83, 2.28, -0.01, 3.09, tool_force, -0.95, 2.29, -11.47, actual_rep, 1, curr_step, 20, track_size, 72, robot_vel, 39.14, joints_pos, 15.81, 44.11, -15.97, -76.61, 15.8, 59.11, 45.56, tool_torque, -1.58, 0.26, -0.163, joint_torque, -0.19, -8.58, -0.29, 5.7, 1.04, -1.24, -0.13, robot_mode, normal, 
30/11/2022 15:31:06:205, robot_pos, 1669822036207, 621.96, 70.69, 307.72, 2.28, -0.01, 3.08, circuit_pos, 621.28, 81.29, 306.83, 2.28, -0.01, 3.09, tool_force, -1.65, 1.62, -11.5, actual_rep, 1, curr_step, 20, track_size, 72, robot_vel, 39.72, joints_pos, 16.0, 44.11, -15.97, -76.57, 15.77, 59.13, 45.77, tool_torque, -1.609, 0.234, -0.158, joint_torque, -0.07, -8.6, -0.2, 5.75, 1.05, -1.26, -0.14, robot_mode, normal, 
30/11/2022 15:31:06:229, robot_pos, 1669822036245, 621.93, 72.06, 307.9, 2.28, -0.01, 3.08, circuit_pos, 621.28, 81.29, 306.83, 2.28, -0.01, 3.09, tool_force, -1.11, 1.99, -11.47, actual_rep, 1, curr_step, 20, track_size, 72, robot_vel, 39.72, joints_pos, 16.08, 44.11, -15.97, -76.55, 15.76, 59.14, 45.88, tool_torque, -1.608, 0.267, -0.168, joint_torque, -0.32, -8.55, -0.4, 5.7, 1.02, -1.28, -0.13, robot_mode, normal, 
30/11/2022 15:31:06:265, robot_pos, 1669822036268, 621.89, 72.91, 307.98, 2.28, -0.01, 3.08, circuit_pos, 621.28, 81.29, 306.83, 2.28, -0.01, 3.09, tool_force, -1.34, 1.87, -11.4, actual_rep, 1, curr_step, 20, track_size, 72, robot_vel, 39.72, joints_pos, 16.14, 44.11, -15.97, -76.53, 15.76, 59.16, 46.0, tool_torque, -1.616, 0.262, -0.166, joint_torque, -0.18, -8.44, -0.24, 5.69, 1.04, -1.29, -0.13, robot_mode, normal, 
30/11/2022 15:31:06:302, robot_pos, 1669822036302, 621.82, 74.33, 308.16, 2.28, -0.01, 3.08, circuit_pos, 621.28, 81.29, 306.83, 2.28, -0.01, 3.09, tool_force, -1.23, 2.17, -11.3, actual_rep, 1, curr_step, 20, track_size, 72, robot_vel, 39.06, joints_pos, 16.29, 44.11, -15.97, -76.49, 15.75, 59.19, 46.18, tool_torque, -1.656, 0.301, -0.159, joint_torque, -0.58, -8.54, -0.5, 5.71, 1.03, -1.3, -0.12, robot_mode, normal, 
30/11/2022 15:31:06:351, robot_pos, 1669822036351, 621.81, 76.17, 308.44, 2.28, -0.01, 3.08, circuit_pos, 620.78, 89.35, 307.67, 2.27, -0.01, 3.09, tool_force, -1.05, 1.73, -11.45, actual_rep, 1, curr_step, 21, track_size, 72, robot_vel, 39.06, joints_pos, 16.49, 44.11, -15.96, -76.44, 15.73, 59.22, 46.43, tool_torque, -1.617, 0.229, -0.155, joint_torque, -0.06, -8.53, -0.2, 5.73, 1.03, -1.3, -0.12, robot_mode, normal, 
30/11/2022 15:31:06:396, robot_pos, 1669822036394, 621.74, 77.85, 308.65, 2.28, -0.01, 3.08, circuit_pos, 620.78, 89.35, 307.67, 2.27, -0.01, 3.09, tool_force, -2.01, 1.6, -11.29, actual_rep, 1, curr_step, 21, track_size, 72, robot_vel, 39.0, joints_pos, 16.62, 44.11, -15.96, -76.42, 15.7, 59.24, 46.71, tool_torque, -1.609, 0.231, -0.145, joint_torque, -0.09, -8.54, -0.24, 5.77, 1.04, -1.31, -0.13, robot_mode, normal, 
30/11/2022 15:31:06:416, robot_pos, 1669822036432, 621.66, 79.29, 308.76, 2.28, -0.01, 3.08, circuit_pos, 620.78, 89.35, 307.67, 2.27, -0.01, 3.09, tool_force, -0.99, 2.12, -11.33, actual_rep, 1, curr_step, 21, track_size, 72, robot_vel, 39.0, joints_pos, 16.72, 44.11, -15.96, -76.4, 15.69, 59.24, 46.85, tool_torque, -1.632, 0.254, -0.162, joint_torque, -0.14, -8.49, -0.25, 5.7, 1.03, -1.3, -0.14, robot_mode, normal, 
30/11/2022 15:31:06:434, robot_pos, 1669822036453, 621.63, 80.12, 308.84, 2.28, -0.01, 3.08, circuit_pos, 620.78, 89.35, 307.67, 2.27, -0.01, 3.09, tool_force, -0.99, 1.96, -11.42, actual_rep, 1, curr_step, 21, track_size, 72, robot_vel, 39.0, joints_pos, 16.8, 44.11, -15.96, -76.38, 15.68, 59.25, 46.96, tool_torque, -1.644, 0.244, -0.154, joint_torque, -0.23, -8.58, -0.32, 5.72, 1.02, -1.31, -0.13, robot_mode, normal, 
30/11/2022 15:31:06:452, robot_pos, 1669822036473, 621.61, 80.98, 308.92, 2.28, -0.01, 3.08, circuit_pos, 620.78, 89.35, 307.67, 2.27, -0.01, 3.09, tool_force, -1.35, 1.71, -11.5, actual_rep, 1, curr_step, 21, track_size, 72, robot_vel, 39.0, joints_pos, 16.87, 44.11, -15.96, -76.37, 15.67, 59.25, 47.06, tool_torque, -1.638, 0.226, -0.143, joint_torque, -0.19, -8.63, -0.31, 5.76, 1.03, -1.32, -0.12, robot_mode, normal, 
30/11/2022 15:31:06:511, robot_pos, 1669822036528, 621.5, 83.06, 309.16, 2.28, -0.01, 3.08, circuit_pos, 620.78, 89.35, 307.67, 2.27, -0.01, 3.09, tool_force, -1.14, 1.78, -11.49, actual_rep, 1, curr_step, 21, track_size, 72, robot_vel, 39.0, joints_pos, 17.07, 44.11, -15.96, -76.32, 15.65, 59.28, 47.41, tool_torque, -1.642, 0.258, -0.154, joint_torque, -0.3, -8.58, -0.36, 5.74, 1.02, -1.33, -0.12, robot_mode, normal, 
30/11/2022 15:31:06:559, robot_pos, 1669822036553, 621.45, 84.0, 309.27, 2.28, -0.01, 3.08, circuit_pos, 620.25, 96.98, 308.51, 2.27, -0.02, 3.08, tool_force, -1.25, 2.15, -11.31, actual_rep, 1, curr_step, 22, track_size, 72, robot_vel, 39.43, joints_pos, 17.17, 44.11, -15.96, -76.3, 15.64, 59.28, 47.62, tool_torque, -1.644, 0.308, -0.162, joint_torque, -0.63, -8.58, -0.56, 5.73, 1.0, -1.32, -0.14, robot_mode, normal, 
30/11/2022 15:31:06:587, robot_pos, 1669822036597, 621.38, 85.77, 309.46, 2.27, -0.01, 3.08, circuit_pos, 620.25, 96.98, 308.51, 2.27, -0.02, 3.08, tool_force, -1.18, 1.64, -11.47, actual_rep, 1, curr_step, 22, track_size, 72, robot_vel, 39.43, joints_pos, 17.32, 44.11, -15.96, -76.27, 15.64, 59.3, 47.82, tool_torque, -1.651, 0.27, -0.181, joint_torque, -0.22, -8.6, -0.29, 5.7, 1.0, -1.32, -0.14, robot_mode, normal, 
30/11/2022 15:31:06:610, robot_pos, 1669822036624, 621.3, 86.82, 309.56, 2.27, -0.01, 3.08, circuit_pos, 620.25, 96.98, 308.51, 2.27, -0.02, 3.08, tool_force, -1.15, 1.75, -11.41, actual_rep, 1, curr_step, 22, track_size, 72, robot_vel, 39.43, joints_pos, 17.4, 44.11, -15.96, -76.26, 15.64, 59.31, 47.88, tool_torque, -1.648, 0.25, -0.169, joint_torque, -0.28, -8.64, -0.44, 5.74, 0.98, -1.34, -0.12, robot_mode, normal, 
30/11/2022 15:31:06:651, robot_pos, 1669822036649, 621.27, 87.87, 309.68, 2.27, -0.01, 3.08, circuit_pos, 620.25, 96.98, 308.51, 2.27, -0.02, 3.08, tool_force, -1.55, 1.68, -11.64, actual_rep, 1, curr_step, 22, track_size, 72, robot_vel, 39.29, joints_pos, 17.48, 44.11, -15.94, -76.23, 15.68, 59.31, 48.04, tool_torque, -1.567, 0.136, -0.143, joint_torque, 0.02, -8.69, -0.32, 5.83, 0.95, -1.34, -0.14, robot_mode, normal, 
30/11/2022 15:31:06:683, robot_pos, 1669822036690, 621.21, 89.51, 309.86, 2.27, -0.01, 3.08, circuit_pos, 620.25, 96.98, 308.51, 2.27, -0.02, 3.08, tool_force, -1.15, 1.9, -11.54, actual_rep, 1, curr_step, 22, track_size, 72, robot_vel, 39.29, joints_pos, 17.6, 44.11, -15.9, -76.2, 15.82, 59.32, 48.13, tool_torque, -1.552, 0.182, -0.125, joint_torque, -0.35, -8.46, -0.54, 5.7, 0.91, -1.33, -0.11, robot_mode, normal, 
30/11/2022 15:31:06:707, robot_pos, 1669822036717, 621.13, 90.6, 309.95, 2.27, -0.01, 3.08, circuit_pos, 620.25, 96.98, 308.51, 2.27, -0.02, 3.08, tool_force, -1.43, 1.95, -11.32, actual_rep, 1, curr_step, 22, track_size, 72, robot_vel, 39.29, joints_pos, 17.65, 44.11, -15.89, -76.19, 15.89, 59.33, 48.15, tool_torque, -1.494, 0.1, -0.099, joint_torque, -0.16, -8.49, -0.47, 5.76, 0.91, -1.35, -0.1, robot_mode, normal, 
30/11/2022 15:31:06:760, robot_pos, 1669822036753, 621.07, 91.86, 310.08, 2.27, -0.02, 3.08, circuit_pos, 619.96, 103.53, 309.26, 2.26, -0.02, 3.08, tool_force, -1.37, 1.67, -11.59, actual_rep, 1, curr_step, 23, track_size, 72, robot_vel, 40.19, joints_pos, 17.74, 44.1, -15.89, -76.18, 16.03, 59.33, 48.27, tool_torque, -1.491, 0.082, -0.126, joint_torque, -0.1, -8.59, -0.47, 5.75, 0.9, -1.33, -0.13, robot_mode, normal, 
30/11/2022 15:31:06:789, robot_pos, 1669822036794, 620.97, 93.42, 310.3, 2.27, -0.02, 3.08, circuit_pos, 619.96, 103.53, 309.26, 2.26, -0.02, 3.08, tool_force, -1.88, 1.7, -11.44, actual_rep, 1, curr_step, 23, track_size, 72, robot_vel, 40.19, joints_pos, 17.87, 44.09, -15.88, -76.16, 16.14, 59.34, 48.38, tool_torque, -1.532, 0.164, -0.124, joint_torque, -0.58, -8.49, -0.67, 5.75, 0.88, -1.35, -0.12, robot_mode, normal, 
30/11/2022 15:31:06:811, robot_pos, 1669822036823, 620.9, 94.45, 310.42, 2.27, -0.02, 3.08, circuit_pos, 619.96, 103.53, 309.26, 2.26, -0.02, 3.08, tool_force, -1.5, 2.08, -11.26, actual_rep, 1, curr_step, 23, track_size, 72, robot_vel, 40.19, joints_pos, 17.93, 44.09, -15.88, -76.15, 16.17, 59.34, 48.49, tool_torque, -1.49, 0.109, -0.133, joint_torque, -0.15, -8.46, -0.48, 5.74, 0.9, -1.34, -0.15, robot_mode, normal, 
30/11/2022 15:31:06:846, robot_pos, 1669822036845, 620.83, 95.34, 310.51, 2.27, -0.02, 3.08, circuit_pos, 619.96, 103.53, 309.26, 2.26, -0.02, 3.08, tool_force, -0.95, 1.8, -11.54, actual_rep, 1, curr_step, 23, track_size, 72, robot_vel, 36.74, joints_pos, 18.03, 44.09, -15.88, -76.13, 16.18, 59.34, 48.68, tool_torque, -1.506, 0.071, -0.165, joint_torque, -0.04, -8.58, -0.48, 5.73, 0.9, -1.35, -0.16, robot_mode, normal, 
30/11/2022 15:31:06:883, robot_pos, 1669822036882, 620.73, 96.78, 310.66, 2.27, -0.02, 3.08, circuit_pos, 619.96, 103.53, 309.26, 2.26, -0.02, 3.08, tool_force, -1.16, 1.82, -11.44, actual_rep, 1, curr_step, 23, track_size, 72, robot_vel, 36.74, joints_pos, 18.17, 44.09, -15.88, -76.1, 16.19, 59.35, 48.92, tool_torque, -1.55, 0.129, -0.163, joint_torque, -0.39, -8.61, -0.6, 5.76, 0.88, -1.36, -0.16, robot_mode, normal, 
30/11/2022 15:31:06:905, robot_pos, 1669822036915, 620.66, 98.13, 310.83, 2.27, -0.02, 3.08, circuit_pos, 619.88, 109.67, 310.15, 2.26, -0.02, 3.08, tool_force, -1.37, 1.79, -11.49, actual_rep, 1, curr_step, 24, track_size, 72, robot_vel, 36.74, joints_pos, 18.26, 44.09, -15.89, -76.09, 16.19, 59.35, 49.06, tool_torque, -1.521, 0.091, -0.177, joint_torque, -0.03, -8.59, -0.41, 5.78, 0.89, -1.36, -0.17, robot_mode, normal, 
30/11/2022 15:31:06:958, robot_pos, 1669822036950, 620.56, 99.54, 311.01, 2.27, -0.02, 3.08, circuit_pos, 619.88, 109.67, 310.15, 2.26, -0.02, 3.08, tool_force, -0.92, 2.11, -11.36, actual_rep, 1, curr_step, 24, track_size, 72, robot_vel, 40.85, joints_pos, 18.4, 44.09, -15.9, -76.05, 16.23, 59.37, 49.27, tool_torque, -1.546, 0.12, -0.168, joint_torque, -0.09, -8.44, -0.34, 5.72, 0.89, -1.37, -0.17, robot_mode, normal, 
30/11/2022 15:31:06:980, robot_pos, 1669822036989, 620.49, 101.15, 311.26, 2.26, -0.02, 3.08, circuit_pos, 619.88, 109.67, 310.15, 2.26, -0.02, 3.08, tool_force, -1.03, 1.97, -11.36, actual_rep, 1, curr_step, 24, track_size, 72, robot_vel, 40.85, joints_pos, 18.54, 44.09, -15.91, -76.02, 16.26, 59.4, 49.4, tool_torque, -1.581, 0.172, -0.194, joint_torque, -0.49, -8.58, -0.63, 5.7, 0.86, -1.38, -0.16, robot_mode, normal, 
30/11/2022 15:31:07:008, robot_pos, 1669822037012, 620.44, 102.13, 311.39, 2.26, -0.02, 3.08, circuit_pos, 619.88, 109.67, 310.15, 2.26, -0.02, 3.08, tool_force, -0.96, 1.71, -11.54, actual_rep, 1, curr_step, 24, track_size, 72, robot_vel, 40.85, joints_pos, 18.63, 44.09, -15.92, -75.99, 16.27, 59.41, 49.51, tool_torque, -1.583, 0.09, -0.188, joint_torque, 0.08, -8.67, -0.27, 5.8, 0.89, -1.38, -0.17, robot_mode, normal, 
30/11/2022 15:31:07:055, robot_pos, 1669822037039, 620.41, 103.06, 311.51, 2.26, -0.02, 3.08, circuit_pos, 619.88, 109.67, 310.15, 2.26, -0.02, 3.08, tool_force, -0.57, 1.92, -11.48, actual_rep, 1, curr_step, 24, track_size, 72, robot_vel, 40.85, joints_pos, 18.72, 44.1, -15.93, -75.96, 16.29, 59.43, 49.64, tool_torque, -1.624, 0.175, -0.219, joint_torque, -0.25, -8.68, -0.36, 5.76, 0.87, -1.39, -0.18, robot_mode, normal, 
30/11/2022 15:31:07:080, robot_pos, 1669822037079, 620.35, 104.54, 311.67, 2.26, -0.02, 3.08, circuit_pos, 619.73, 115.25, 310.98, 2.26, -0.02, 3.07, tool_force, -1.43, 1.71, -11.34, actual_rep, 1, curr_step, 25, track_size, 72, robot_vel, 39.49, joints_pos, 18.87, 44.11, -15.93, -75.91, 16.3, 59.45, 49.83, tool_torque, -1.619, 0.205, -0.219, joint_torque, -0.23, -8.62, -0.33, 5.82, 0.88, -1.4, -0.18, robot_mode, normal, 
30/11/2022 15:31:07:102, robot_pos, 1669822037110, 620.33, 105.84, 311.8, 2.26, -0.02, 3.08, circuit_pos, 619.73, 115.25, 310.98, 2.26, -0.02, 3.07, tool_force, -1.05, 1.9, -11.42, actual_rep, 1, curr_step, 25, track_size, 72, robot_vel, 39.49, joints_pos, 18.95, 44.12, -15.93, -75.88, 16.3, 59.46, 49.92, tool_torque, -1.616, 0.168, -0.217, joint_torque, -0.2, -8.76, -0.33, 5.88, 0.88, -1.42, -0.17, robot_mode, normal, 
30/11/2022 15:31:07:148, robot_pos, 1669822037140, 620.32, 106.95, 311.97, 2.26, -0.02, 3.07, circuit_pos, 619.73, 115.25, 310.98, 2.26, -0.02, 3.07, tool_force, -0.85, 2.06, -11.42, actual_rep, 1, curr_step, 25, track_size, 72, robot_vel, 38.69, joints_pos, 19.06, 44.13, -15.93, -75.83, 16.32, 59.47, 50.06, tool_torque, -1.574, 0.195, -0.209, joint_torque, -0.19, -8.62, -0.36, 5.77, 0.87, -1.36, -0.16, robot_mode, normal, 
30/11/2022 15:31:07:185, robot_pos, 1669822037178, 620.34, 108.45, 312.22, 2.26, -0.02, 3.07, circuit_pos, 619.73, 115.25, 310.98, 2.26, -0.02, 3.07, tool_force, -1.13, 2.13, -11.62, actual_rep, 1, curr_step, 25, track_size, 72, robot_vel, 38.69, joints_pos, 19.19, 44.13, -15.93, -75.79, 16.39, 59.46, 50.19, tool_torque, -1.522, 0.216, -0.199, joint_torque, -0.27, -8.74, -0.45, 5.83, 0.86, -1.32, -0.15, robot_mode, normal, 
30/11/2022 15:31:07:321, robot_pos, 1669822037262, 620.39, 111.71, 312.7, 2.26, -0.02, 3.07, circuit_pos, 619.61, 120.68, 311.81, 2.26, -0.02, 3.07, tool_force, -1.21, 1.97, -11.79, actual_rep, 1, curr_step, 26, track_size, 72, robot_vel, 40.43, joints_pos, 19.44, 44.12, -15.92, -75.73, 16.54, 59.37, 50.41, tool_torque, -1.451, 0.348, -0.19, joint_torque, -0.58, -8.63, -0.57, 5.74, 0.86, -1.23, -0.15, robot_mode, normal, 
30/11/2022 15:31:07:336, robot_pos, 1669822037302, 620.29, 113.2, 312.86, 2.26, -0.02, 3.07, circuit_pos, 619.61, 120.68, 311.81, 2.26, -0.02, 3.07, tool_force, -1.41, 2.23, -11.71, actual_rep, 1, curr_step, 26, track_size, 72, robot_vel, 40.43, joints_pos, 19.56, 44.12, -15.92, -75.71, 16.56, 59.35, 50.52, tool_torque, -1.38, 0.284, -0.179, joint_torque, -0.07, -8.61, -0.33, 5.85, 0.89, -1.23, -0.16, robot_mode, normal, 
30/11/2022 15:31:07:352, robot_pos, 1669822037326, 620.25, 114.14, 312.99, 2.26, -0.02, 3.07, circuit_pos, 619.61, 120.68, 311.81, 2.26, -0.02, 3.07, tool_force, -1.58, 2.48, -11.49, actual_rep, 1, curr_step, 26, track_size, 72, robot_vel, 40.43, joints_pos, 19.63, 44.12, -15.92, -75.69, 16.56, 59.34, 50.6, tool_torque, -1.356, 0.295, -0.183, joint_torque, -0.19, -8.53, -0.43, 5.8, 0.87, -1.24, -0.15, robot_mode, normal, 
30/11/2022 15:31:07:383, robot_pos, 1669822037366, 620.2, 115.76, 313.25, 2.26, -0.02, 3.07, circuit_pos, 619.45, 126.37, 312.42, 2.25, -0.02, 3.07, tool_force, -0.93, 2.44, -11.62, actual_rep, 1, curr_step, 27, track_size, 72, robot_vel, 38.18, joints_pos, 19.79, 44.12, -15.91, -75.64, 16.57, 59.34, 50.79, tool_torque, -1.411, 0.206, -0.171, joint_torque, -0.13, -8.7, -0.44, 5.8, 0.88, -1.26, -0.16, robot_mode, normal, 
30/11/2022 15:31:07:402, robot_pos, 1669822037403, 620.14, 117.23, 313.49, 2.26, -0.02, 3.07, circuit_pos, 619.45, 126.37, 312.42, 2.25, -0.02, 3.07, tool_force, -1.08, 2.15, -11.8, actual_rep, 1, curr_step, 27, track_size, 72, robot_vel, 38.18, joints_pos, 19.9, 44.12, -15.91, -75.61, 16.57, 59.34, 50.91, tool_torque, -1.429, 0.222, -0.172, joint_torque, -0.31, -8.77, -0.56, 5.81, 0.86, -1.27, -0.16, robot_mode, normal, 
30/11/2022 15:31:07:436, robot_pos, 1669822037428, 620.1, 118.17, 313.64, 2.26, -0.02, 3.07, circuit_pos, 619.45, 126.37, 312.42, 2.25, -0.02, 3.07, tool_force, -1.26, 2.05, -11.84, actual_rep, 1, curr_step, 27, track_size, 72, robot_vel, 38.18, joints_pos, 19.99, 44.12, -15.92, -75.58, 16.58, 59.34, 51.09, tool_torque, -1.426, 0.239, -0.182, joint_torque, -0.19, -8.67, -0.51, 5.87, 0.86, -1.28, -0.17, robot_mode, normal, 
30/11/2022 15:31:07:472, robot_pos, 1669822037463, 620.01, 119.51, 313.81, 2.26, -0.02, 3.07, circuit_pos, 619.45, 126.37, 312.42, 2.25, -0.02, 3.07, tool_force, -1.39, 2.4, -11.37, actual_rep, 1, curr_step, 27, track_size, 72, robot_vel, 40.79, joints_pos, 20.11, 44.12, -15.92, -75.55, 16.58, 59.34, 51.34, tool_torque, -1.41, 0.293, -0.197, joint_torque, -0.31, -8.52, -0.43, 5.82, 0.87, -1.28, -0.16, robot_mode, normal, 
30/11/2022 15:31:07:495, robot_pos, 1669822037498, 619.95, 120.86, 313.96, 2.26, -0.02, 3.07, circuit_pos, 619.15, 132.12, 312.83, 2.25, -0.02, 3.07, tool_force, -1.39, 2.38, -11.62, actual_rep, 1, curr_step, 28, track_size, 72, robot_vel, 40.79, joints_pos, 20.22, 44.13, -15.92, -75.52, 16.58, 59.34, 51.46, tool_torque, -1.463, 0.325, -0.189, joint_torque, -0.42, -8.77, -0.48, 5.89, 0.87, -1.3, -0.15, robot_mode, normal, 
30/11/2022 15:31:07:528, robot_pos, 1669822037520, 619.93, 121.7, 314.07, 2.26, -0.02, 3.07, circuit_pos, 619.15, 132.12, 312.83, 2.25, -0.02, 3.07, tool_force, -0.98, 2.53, -11.71, actual_rep, 1, curr_step, 28, track_size, 72, robot_vel, 40.79, joints_pos, 20.3, 44.13, -15.92, -75.49, 16.58, 59.34, 51.63, tool_torque, -1.411, 0.246, -0.175, joint_torque, -0.11, -8.66, -0.38, 5.87, 0.87, -1.3, -0.15, robot_mode, normal, 
30/11/2022 15:31:07:580, robot_pos, 1669822037566, 619.86, 123.55, 314.28, 2.25, -0.02, 3.07, circuit_pos, 619.15, 132.12, 312.83, 2.25, -0.02, 3.07, tool_force, -0.99, 1.85, -11.92, actual_rep, 1, curr_step, 28, track_size, 72, robot_vel, 38.85, joints_pos, 20.47, 44.15, -15.92, -75.42, 16.58, 59.37, 51.89, tool_torque, -1.509, 0.27, -0.189, joint_torque, -0.23, -8.71, -0.42, 5.87, 0.87, -1.35, -0.15, robot_mode, normal, 
30/11/2022 15:31:07:604, robot_pos, 1669822037604, 619.78, 124.98, 314.39, 2.25, -0.02, 3.07, circuit_pos, 619.15, 132.12, 312.83, 2.25, -0.02, 3.07, tool_force, -1.35, 2.19, -11.46, actual_rep, 1, curr_step, 28, track_size, 72, robot_vel, 38.85, joints_pos, 20.59, 44.17, -15.93, -75.38, 16.58, 59.38, 52.01, tool_torque, -1.534, 0.277, -0.187, joint_torque, -0.5, -8.8, -0.58, 5.91, 0.86, -1.38, -0.15, robot_mode, normal, 
30/11/2022 15:31:07:628, robot_pos, 1669822037628, 619.78, 125.87, 314.45, 2.25, -0.02, 3.07, circuit_pos, 619.15, 132.12, 312.83, 2.25, -0.02, 3.07, tool_force, -0.93, 2.33, -11.52, actual_rep, 1, curr_step, 28, track_size, 72, robot_vel, 38.85, joints_pos, 20.66, 44.18, -15.93, -75.35, 16.58, 59.38, 52.14, tool_torque, -1.503, 0.175, -0.185, joint_torque, 0.01, -8.69, -0.33, 5.87, 0.88, -1.37, -0.17, robot_mode, normal, 
30/11/2022 15:31:07:667, robot_pos, 1669822037651, 619.75, 126.83, 314.54, 2.25, -0.02, 3.07, circuit_pos, 618.9, 137.78, 313.01, 2.25, -0.02, 3.07, tool_force, -1.18, 2.04, -11.49, actual_rep, 1, curr_step, 29, track_size, 72, robot_vel, 38.61, joints_pos, 20.76, 44.19, -15.93, -75.31, 16.58, 59.41, 52.29, tool_torque, -1.552, 0.235, -0.193, joint_torque, -0.36, -8.68, -0.6, 5.84, 0.86, -1.41, -0.14, robot_mode, normal, 
30/11/2022 15:31:07:696, robot_pos, 1669822037690, 619.7, 128.45, 314.67, 2.25, -0.02, 3.07, circuit_pos, 618.9, 137.78, 313.01, 2.25, -0.02, 3.07, tool_force, -1.23, 2.3, -11.37, actual_rep, 1, curr_step, 29, track_size, 72, robot_vel, 38.61, joints_pos, 20.9, 44.22, -15.93, -75.24, 16.58, 59.42, 52.46, tool_torque, -1.549, 0.182, -0.166, joint_torque, -0.03, -8.79, -0.32, 5.9, 0.87, -1.42, -0.13, robot_mode, normal, 
30/11/2022 15:31:07:720, robot_pos, 1669822037719, 619.67, 129.51, 314.74, 2.25, -0.02, 3.07, circuit_pos, 618.9, 137.78, 313.01, 2.25, -0.02, 3.07, tool_force, -0.61, 2.08, -11.65, actual_rep, 1, curr_step, 29, track_size, 72, robot_vel, 38.61, joints_pos, 20.97, 44.23, -15.93, -75.22, 16.58, 59.43, 52.54, tool_torque, -1.599, 0.192, -0.17, joint_torque, -0.14, -8.9, -0.36, 5.88, 0.87, -1.42, -0.12, robot_mode, normal, 
30/11/2022 15:31:07:768, robot_pos, 1669822037750, 619.61, 130.8, 314.81, 2.25, -0.02, 3.06, circuit_pos, 618.9, 137.78, 313.01, 2.25, -0.02, 3.07, tool_force, -1.04, 2.16, -11.38, actual_rep, 1, curr_step, 29, track_size, 72, robot_vel, 40.0, joints_pos, 21.1, 44.25, -15.93, -75.17, 16.57, 59.44, 52.72, tool_torque, -1.618, 0.243, -0.159, joint_torque, -0.28, -8.84, -0.39, 5.87, 0.87, -1.44, -0.11, robot_mode, normal, 
30/11/2022 15:31:07:796, robot_pos, 1669822037789, 619.54, 132.3, 314.89, 2.25, -0.02, 3.06, circuit_pos, 618.68, 143.43, 313.21, 2.25, -0.02, 3.07, tool_force, -1.02, 2.05, -11.57, actual_rep, 1, curr_step, 30, track_size, 72, robot_vel, 40.0, joints_pos, 21.23, 44.27, -15.93, -75.11, 16.56, 59.46, 52.86, tool_torque, -1.611, 0.226, -0.162, joint_torque, -0.21, -8.62, -0.27, 5.83, 0.89, -1.44, -0.12, robot_mode, normal, 
30/11/2022 15:31:07:818, robot_pos, 1669822037815, 619.49, 133.29, 314.94, 2.25, -0.02, 3.06, circuit_pos, 618.68, 143.43, 313.21, 2.25, -0.02, 3.07, tool_force, -0.77, 2.43, -11.1, actual_rep, 1, curr_step, 30, track_size, 72, robot_vel, 40.0, joints_pos, 21.31, 44.28, -15.93, -75.08, 16.56, 59.47, 52.95, tool_torque, -1.605, 0.224, -0.166, joint_torque, -0.2, -8.7, -0.36, 5.87, 0.89, -1.46, -0.13, robot_mode, normal, 
30/11/2022 15:31:07:859, robot_pos, 1669822037838, 619.46, 134.19, 315.0, 2.25, -0.02, 3.06, circuit_pos, 618.68, 143.43, 313.21, 2.25, -0.02, 3.07, tool_force, -0.92, 2.13, -11.68, actual_rep, 1, curr_step, 30, track_size, 72, robot_vel, 39.41, joints_pos, 21.4, 44.3, -15.93, -75.04, 16.55, 59.48, 53.08, tool_torque, -1.619, 0.221, -0.176, joint_torque, -0.27, -8.76, -0.41, 5.88, 0.88, -1.46, -0.14, robot_mode, normal, 
30/11/2022 15:31:07:976, robot_pos, 1669822037938, 619.29, 138.03, 315.21, 2.25, -0.02, 3.06, circuit_pos, 618.69, 148.48, 313.26, 2.24, -0.02, 3.06, tool_force, -1.06, 1.95, -11.41, actual_rep, 1, curr_step, 31, track_size, 72, robot_vel, 39.41, joints_pos, 21.72, 44.36, -15.93, -74.89, 16.53, 59.53, 53.47, tool_torque, -1.654, 0.247, -0.16, joint_torque, -0.32, -8.88, -0.49, 5.89, 0.89, -1.47, -0.13, robot_mode, normal, 
30/11/2022 15:31:08:069, robot_pos, 1669822038039, 619.22, 141.94, 315.4, 2.25, -0.02, 3.06, circuit_pos, 618.69, 148.48, 313.26, 2.24, -0.02, 3.06, tool_force, -0.8, 2.58, -11.42, actual_rep, 1, curr_step, 31, track_size, 72, robot_vel, 38.52, joints_pos, 22.03, 44.43, -15.92, -74.75, 16.53, 59.54, 53.96, tool_torque, -1.491, 0.196, -0.13, joint_torque, -0.06, -8.67, -0.37, 5.91, 0.89, -1.39, -0.13, robot_mode, normal, 
30/11/2022 15:31:08:204, robot_pos, 1669822038175, 619.13, 147.4, 315.44, 2.24, -0.02, 3.06, circuit_pos, 618.5, 157.93, 312.71, 2.23, -0.01, 3.06, tool_force, -1.24, 2.39, -11.81, actual_rep, 1, curr_step, 33, track_size, 72, robot_vel, 39.79, joints_pos, 22.47, 44.49, -15.89, -74.63, 16.7, 59.3, 54.63, tool_torque, -1.383, 0.252, -0.119, joint_torque, -0.43, -8.97, -0.73, 5.96, 0.82, -1.31, -0.11, robot_mode, normal, 
30/11/2022 15:31:08:307, robot_pos, 1669822038201, 619.07, 148.25, 315.42, 2.24, -0.02, 3.06, circuit_pos, 618.26, 162.37, 312.13, 2.22, -0.01, 3.06, tool_force, -1.01, 2.58, -11.93, actual_rep, 1, curr_step, 34, track_size, 72, robot_vel, 39.79, joints_pos, 22.53, 44.5, -15.89, -74.62, 16.7, 59.28, 54.73, tool_torque, -1.334, 0.2, -0.108, joint_torque, -0.11, -8.78, -0.59, 5.97, 0.84, -1.32, -0.11, robot_mode, normal, 
30/11/2022 15:31:08:746, robot_pos, 1669822038657, 618.29, 166.02, 313.29, 2.22, -0.01, 3.06, circuit_pos, 617.59, 172.67, 309.2, 2.21, -0.01, 3.07, tool_force, -1.41, 2.42, -11.26, actual_rep, 1, curr_step, 41, track_size, 72, robot_vel, 39.25, joints_pos, 24.25, 45.1, -16.0, -73.94, 16.19, 59.06, 58.08, tool_torque, -1.559, 0.289, -0.156, joint_torque, 0.03, -8.88, -0.32, 5.98, 0.85, -1.5, -0.12, robot_mode, normal, 
30/11/2022 15:31:09:017, robot_pos, 1669822038690, 618.24, 167.43, 312.91, 2.22, -0.01, 3.06, circuit_pos, 617.53, 172.87, 309.29, 2.21, -0.01, 3.07, tool_force, -0.86, 2.06, -11.79, actual_rep, 1, curr_step, 42, track_size, 72, robot_vel, 39.25, joints_pos, 24.36, 45.16, -16.0, -73.88, 16.13, 59.08, 58.37, tool_torque, -1.608, 0.317, -0.161, joint_torque, -0.23, -9.01, -0.44, 5.95, 0.84, -1.51, -0.11, robot_mode, normal, 
