09/12/2022 13:25:07:508, robot_pos, 1670592071655, 613.82, -94.2, 298.82, 2.34, 0.01, 3.1, circuit_pos, 614.3, -90.51, 297.41, 2.34, 0.0, 3.1, tool_force, -1.61, 3.12, -13.54, actual_rep, 1, curr_step, 1, track_size, 72, robot_vel, 38.85, joints_pos, 1.39, 44.34, -16.61, -77.79, 15.5, 58.16, 27.34, tool_torque, -1.105, 0.093, 0.148, joint_torque, 0.63, -9.21, -0.11, 6.14, 1.23, -0.78, 0.11, robot_mode, normal, 
09/12/2022 13:25:07:649, robot_pos, 1670592071782, 614.31, -93.79, 300.94, 2.34, 0.01, 3.1, circuit_pos, 615.03, -85.14, 296.67, 2.36, 0.0, 3.09, tool_force, 0.36, 5.31, -13.38, actual_rep, 1, curr_step, 2, track_size, 72, robot_vel, 4.7, joints_pos, 1.41, 44.2, -16.58, -77.67, 15.54, 58.35, 27.35, tool_torque, -0.881, -0.117, 0.02, joint_torque, 2.2, -8.54, 0.85, 5.77, 1.2, -0.81, -0.04, robot_mode, normal, 
09/12/2022 13:25:07:815, robot_pos, 1670592071936, 615.0, -88.31, 299.83, 2.35, 0.0, 3.09, circuit_pos, 616.23, -78.75, 296.86, 2.37, 0.0, 3.09, tool_force, -2.79, 3.9, -12.25, actual_rep, 1, curr_step, 3, track_size, 72, robot_vel, 38.12, joints_pos, 1.61, 44.32, -16.19, -77.57, 15.99, 58.58, 26.89, tool_torque, -1.361, -0.128, 0.149, joint_torque, -0.07, -9.4, -0.5, 5.83, 1.17, -0.91, 0.15, robot_mode, normal, 
09/12/2022 13:25:07:948, robot_pos, 1670592072081, 615.93, -82.86, 299.82, 2.36, 0.0, 3.09, circuit_pos, 617.78, -71.85, 297.69, 2.37, -0.01, 3.09, tool_force, -2.49, 2.78, -12.97, actual_rep, 1, curr_step, 4, track_size, 72, robot_vel, 35.99, joints_pos, 1.95, 44.29, -16.09, -77.61, 16.1, 58.49, 26.69, tool_torque, -1.158, 0.174, 0.153, joint_torque, -0.01, -8.84, -0.38, 5.93, 1.19, -0.77, 0.13, robot_mode, normal, 
09/12/2022 13:25:08:117, robot_pos, 1670592072234, 616.88, -76.94, 300.04, 2.37, 0.0, 3.09, circuit_pos, 617.78, -71.85, 297.69, 2.37, -0.01, 3.09, tool_force, -1.07, 1.71, -13.45, actual_rep, 1, curr_step, 4, track_size, 72, robot_vel, 40.42, joints_pos, 2.44, 44.31, -16.09, -77.54, 16.36, 58.64, 26.79, tool_torque, -1.455, -0.105, -0.05, joint_torque, 0.13, -9.43, -0.26, 5.92, 1.17, -0.95, -0.06, robot_mode, normal, 
09/12/2022 13:25:08:251, robot_pos, 1670592072380, 618.05, -71.29, 300.51, 2.37, -0.01, 3.09, circuit_pos, 619.15, -64.3, 298.91, 2.37, -0.01, 3.09, tool_force, -1.26, 1.71, -12.93, actual_rep, 1, curr_step, 5, track_size, 72, robot_vel, 39.23, joints_pos, 2.94, 44.37, -16.12, -77.35, 16.5, 58.92, 27.2, tool_torque, -1.564, -0.067, -0.173, joint_torque, 0.2, -9.23, -0.1, 5.87, 1.19, -0.98, -0.18, robot_mode, normal, 
09/12/2022 13:25:08:409, robot_pos, 1670592072530, 619.01, -65.44, 301.23, 2.37, -0.01, 3.08, circuit_pos, 620.04, -56.04, 300.07, 2.37, -0.01, 3.09, tool_force, -1.41, 1.6, -12.9, actual_rep, 1, curr_step, 6, track_size, 72, robot_vel, 40.73, joints_pos, 3.51, 44.37, -16.17, -77.24, 16.55, 59.06, 27.68, tool_torque, -1.673, 0.04, -0.224, joint_torque, -0.15, -9.38, -0.21, 5.95, 1.18, -0.99, -0.19, robot_mode, normal, 
09/12/2022 13:25:08:551, robot_pos, 1670592072677, 619.68, -59.69, 302.0, 2.37, -0.01, 3.08, circuit_pos, 620.58, -46.71, 300.66, 2.36, -0.01, 3.09, tool_force, -1.08, 1.67, -13.05, actual_rep, 1, curr_step, 7, track_size, 72, robot_vel, 39.49, joints_pos, 4.03, 44.33, -16.18, -77.19, 16.57, 59.17, 28.21, tool_torque, -1.64, -0.028, -0.219, joint_torque, 0.12, -9.38, -0.08, 6.02, 1.19, -1.03, -0.2, robot_mode, normal, 
09/12/2022 13:25:08:710, robot_pos, 1670592072826, 620.24, -53.92, 302.48, 2.37, -0.01, 3.08, circuit_pos, 620.58, -46.71, 300.66, 2.36, -0.01, 3.09, tool_force, -1.07, 1.9, -13.22, actual_rep, 1, curr_step, 7, track_size, 72, robot_vel, 39.8, joints_pos, 4.57, 44.28, -16.18, -77.19, 16.57, 59.17, 28.97, tool_torque, -1.609, 0.038, -0.217, joint_torque, 0.13, -9.38, -0.07, 6.04, 1.2, -1.0, -0.2, robot_mode, normal, 
09/12/2022 13:25:08:847, robot_pos, 1670592072974, 620.57, -48.21, 302.81, 2.36, -0.01, 3.08, circuit_pos, 621.1, -36.42, 300.61, 2.35, -0.02, 3.09, tool_force, -1.61, 1.54, -12.85, actual_rep, 1, curr_step, 8, track_size, 72, robot_vel, 39.0, joints_pos, 5.11, 44.26, -16.2, -77.19, 16.56, 59.26, 29.78, tool_torque, -1.681, 0.064, -0.232, joint_torque, 0.0, -9.21, -0.1, 6.0, 1.2, -1.05, -0.22, robot_mode, normal, 
09/12/2022 13:25:09:007, robot_pos, 1670592073122, 620.92, -42.36, 303.03, 2.36, -0.02, 3.08, circuit_pos, 621.1, -36.42, 300.61, 2.35, -0.02, 3.09, tool_force, -1.43, 1.62, -12.7, actual_rep, 1, curr_step, 8, track_size, 72, robot_vel, 41.04, joints_pos, 5.59, 44.26, -16.17, -77.14, 16.69, 59.43, 30.53, tool_torque, -1.632, 0.017, -0.209, joint_torque, -0.14, -9.24, -0.28, 5.99, 1.16, -1.07, -0.2, robot_mode, normal, 
09/12/2022 13:25:09:149, robot_pos, 1670592073270, 621.26, -36.64, 302.98, 2.35, -0.02, 3.08, circuit_pos, 621.3, -26.89, 300.2, 2.34, -0.02, 3.09, tool_force, -1.44, 1.62, -13.0, actual_rep, 1, curr_step, 9, track_size, 72, robot_vel, 46.9, joints_pos, 6.12, 44.28, -16.18, -77.12, 16.74, 59.5, 31.36, tool_torque, -1.626, 0.073, -0.229, joint_torque, -0.11, -9.29, -0.24, 6.05, 1.16, -1.05, -0.22, robot_mode, normal, 
09/12/2022 13:25:09:309, robot_pos, 1670592073420, 621.52, -30.77, 302.88, 2.34, -0.02, 3.08, circuit_pos, 621.41, -16.2, 299.67, 2.34, -0.02, 3.09, tool_force, -1.24, 1.99, -13.03, actual_rep, 1, curr_step, 10, track_size, 72, robot_vel, 38.39, joints_pos, 6.65, 44.28, -16.18, -77.13, 16.78, 59.51, 32.22, tool_torque, -1.561, 0.029, -0.21, joint_torque, 0.21, -9.35, -0.11, 6.13, 1.16, -1.06, -0.2, robot_mode, normal, 
09/12/2022 13:25:09:449, robot_pos, 1670592073568, 621.68, -24.96, 302.73, 2.34, -0.02, 3.08, circuit_pos, 621.41, -16.2, 299.67, 2.34, -0.02, 3.09, tool_force, -1.61, 2.13, -13.28, actual_rep, 1, curr_step, 10, track_size, 72, robot_vel, 43.59, joints_pos, 7.19, 44.28, -16.18, -77.16, 16.78, 59.49, 32.81, tool_torque, -1.532, 0.199, -0.203, joint_torque, -0.11, -9.4, -0.27, 6.18, 1.14, -0.97, -0.19, robot_mode, normal, 
09/12/2022 13:25:09:609, robot_pos, 1670592073719, 621.8, -19.16, 302.52, 2.34, -0.02, 3.09, circuit_pos, 621.4, -3.17, 299.31, 2.33, -0.02, 3.09, tool_force, -1.78, 2.47, -13.4, actual_rep, 1, curr_step, 11, track_size, 72, robot_vel, 37.53, joints_pos, 7.72, 44.29, -16.19, -77.18, 16.8, 59.47, 33.48, tool_torque, -1.448, 0.289, -0.195, joint_torque, -0.02, -9.35, -0.19, 6.24, 1.15, -0.92, -0.18, robot_mode, normal, 
09/12/2022 13:25:09:749, robot_pos, 1670592073869, 621.88, -13.39, 302.37, 2.34, -0.02, 3.09, circuit_pos, 621.4, -3.17, 299.31, 2.33, -0.02, 3.09, tool_force, -2.33, 2.16, -13.52, actual_rep, 1, curr_step, 11, track_size, 72, robot_vel, 44.31, joints_pos, 8.27, 44.29, -16.2, -77.21, 16.8, 59.43, 34.2, tool_torque, -1.407, 0.374, -0.207, joint_torque, -0.1, -9.36, -0.18, 6.25, 1.14, -0.87, -0.19, robot_mode, normal, 
09/12/2022 13:25:09:911, robot_pos, 1670592074017, 621.97, -7.59, 302.2, 2.33, -0.02, 3.09, circuit_pos, 621.31, 7.17, 299.27, 2.33, -0.02, 3.09, tool_force, -1.7, 2.79, -13.51, actual_rep, 1, curr_step, 12, track_size, 72, robot_vel, 42.62, joints_pos, 8.81, 44.29, -16.19, -77.24, 16.8, 59.36, 34.95, tool_torque, -1.349, 0.373, -0.201, joint_torque, 0.07, -9.44, -0.14, 6.29, 1.13, -0.86, -0.18, robot_mode, normal, 
09/12/2022 13:25:10:051, robot_pos, 1670592074165, 621.96, -1.79, 302.12, 2.33, -0.02, 3.09, circuit_pos, 621.31, 7.17, 299.27, 2.33, -0.02, 3.09, tool_force, -2.22, 2.43, -13.58, actual_rep, 1, curr_step, 12, track_size, 72, robot_vel, 44.99, joints_pos, 9.34, 44.29, -16.2, -77.26, 16.8, 59.32, 35.54, tool_torque, -1.435, 0.457, -0.202, joint_torque, -0.53, -9.38, -0.45, 6.25, 1.11, -0.89, -0.16, robot_mode, normal, 
09/12/2022 13:25:10:212, robot_pos, 1670592074314, 621.95, 3.98, 302.07, 2.33, -0.02, 3.09, circuit_pos, 621.22, 18.66, 299.53, 2.33, -0.02, 3.09, tool_force, -2.05, 2.82, -13.31, actual_rep, 1, curr_step, 13, track_size, 72, robot_vel, 39.98, joints_pos, 9.89, 44.28, -16.2, -77.28, 16.79, 59.27, 36.14, tool_torque, -1.331, 0.385, -0.174, joint_torque, 0.08, -9.25, -0.13, 6.28, 1.13, -0.9, -0.16, robot_mode, normal, 
09/12/2022 13:25:10:370, robot_pos, 1670592074462, 621.88, 9.79, 302.13, 2.33, -0.02, 3.09, circuit_pos, 621.22, 18.66, 299.53, 2.33, -0.02, 3.09, tool_force, -1.74, 2.97, -13.47, actual_rep, 1, curr_step, 13, track_size, 72, robot_vel, 46.33, joints_pos, 10.42, 44.27, -16.2, -77.29, 16.76, 59.24, 36.71, tool_torque, -1.355, 0.366, -0.165, joint_torque, 0.1, -9.4, -0.16, 6.34, 1.15, -0.92, -0.15, robot_mode, normal, 
09/12/2022 13:25:10:511, robot_pos, 1670592074611, 621.86, 15.56, 302.22, 2.33, -0.02, 3.09, circuit_pos, 621.3, 29.46, 300.25, 2.32, -0.02, 3.09, tool_force, -2.26, 2.72, -13.29, actual_rep, 1, curr_step, 14, track_size, 72, robot_vel, 38.33, joints_pos, 10.96, 44.26, -16.2, -77.28, 16.76, 59.21, 37.33, tool_torque, -1.383, 0.418, -0.156, joint_torque, -0.31, -9.22, -0.39, 6.24, 1.13, -0.94, -0.14, robot_mode, normal, 
09/12/2022 13:25:10:652, robot_pos, 1670592074759, 621.83, 21.37, 302.51, 2.33, -0.02, 3.09, circuit_pos, 621.3, 29.46, 300.25, 2.32, -0.02, 3.09, tool_force, -2.03, 2.51, -13.32, actual_rep, 1, curr_step, 14, track_size, 72, robot_vel, 49.03, joints_pos, 11.49, 44.25, -16.2, -77.26, 16.73, 59.2, 38.08, tool_torque, -1.416, 0.405, -0.159, joint_torque, -0.21, -9.31, -0.31, 6.26, 1.14, -0.96, -0.14, robot_mode, normal, 
09/12/2022 13:25:10:809, robot_pos, 1670592074912, 621.87, 27.27, 302.85, 2.32, -0.02, 3.09, circuit_pos, 621.5, 39.55, 301.39, 2.31, -0.02, 3.09, tool_force, -1.36, 2.71, -13.24, actual_rep, 1, curr_step, 15, track_size, 72, robot_vel, 39.11, joints_pos, 12.04, 44.24, -16.2, -77.22, 16.72, 59.2, 38.91, tool_torque, -1.4, 0.315, -0.134, joint_torque, -0.02, -9.4, -0.23, 6.25, 1.13, -1.0, -0.1, robot_mode, normal, 
09/12/2022 13:25:10:968, robot_pos, 1670592075057, 621.88, 32.95, 303.35, 2.32, -0.02, 3.09, circuit_pos, 621.5, 39.55, 301.39, 2.31, -0.02, 3.09, tool_force, -1.66, 2.31, -13.23, actual_rep, 1, curr_step, 15, track_size, 72, robot_vel, 50.09, joints_pos, 12.57, 44.22, -16.21, -77.16, 16.68, 59.21, 39.76, tool_torque, -1.457, 0.314, -0.134, joint_torque, -0.08, -9.34, -0.26, 6.21, 1.14, -1.04, -0.11, robot_mode, normal, 
09/12/2022 13:25:11:109, robot_pos, 1670592075208, 621.96, 38.8, 303.95, 2.31, -0.02, 3.08, circuit_pos, 621.68, 48.29, 302.56, 2.3, -0.02, 3.09, tool_force, -1.37, 2.43, -12.96, actual_rep, 1, curr_step, 16, track_size, 72, robot_vel, 39.3, joints_pos, 13.1, 44.21, -16.21, -77.08, 16.65, 59.23, 40.66, tool_torque, -1.545, 0.269, -0.132, joint_torque, -0.11, -9.3, -0.26, 6.21, 1.12, -1.15, -0.11, robot_mode, normal, 
09/12/2022 13:25:11:270, robot_pos, 1670592075353, 622.03, 44.6, 304.63, 2.3, -0.02, 3.08, circuit_pos, 621.78, 57.42, 303.83, 2.3, -0.01, 3.09, tool_force, -1.06, 2.46, -12.92, actual_rep, 1, curr_step, 17, track_size, 72, robot_vel, 47.11, joints_pos, 13.62, 44.2, -16.21, -76.98, 16.59, 59.27, 41.59, tool_torque, -1.547, 0.17, -0.114, joint_torque, -0.02, -9.36, -0.27, 6.22, 1.11, -1.2, -0.09, robot_mode, normal, 
09/12/2022 13:25:11:429, robot_pos, 1670592075505, 622.15, 50.39, 305.41, 2.3, -0.02, 3.09, circuit_pos, 621.78, 57.42, 303.83, 2.3, -0.01, 3.09, tool_force, -1.4, 2.9, -13.0, actual_rep, 1, curr_step, 17, track_size, 72, robot_vel, 39.09, joints_pos, 14.19, 44.18, -16.21, -76.9, 16.35, 59.2, 42.38, tool_torque, -1.401, 0.31, -0.103, joint_torque, 0.08, -9.43, -0.22, 6.3, 1.1, -1.07, -0.09, robot_mode, normal, 
09/12/2022 13:25:11:711, robot_pos, 1670592075803, 622.18, 61.95, 306.93, 2.29, -0.01, 3.09, circuit_pos, 621.58, 73.04, 305.87, 2.28, -0.01, 3.09, tool_force, -1.08, 2.79, -13.16, actual_rep, 1, curr_step, 19, track_size, 72, robot_vel, 38.77, joints_pos, 15.29, 44.14, -16.22, -76.72, 16.08, 59.14, 44.22, tool_torque, -1.411, 0.267, -0.104, joint_torque, 0.19, -9.46, -0.2, 6.32, 1.07, -1.13, -0.08, robot_mode, normal, 
09/12/2022 13:25:11:870, robot_pos, 1670592075954, 622.11, 67.89, 307.71, 2.29, -0.01, 3.08, circuit_pos, 621.58, 73.04, 305.87, 2.28, -0.01, 3.09, tool_force, -1.08, 2.41, -13.24, actual_rep, 1, curr_step, 19, track_size, 72, robot_vel, 36.22, joints_pos, 15.83, 44.13, -16.22, -76.6, 15.99, 59.18, 45.19, tool_torque, -1.528, 0.243, -0.112, joint_torque, -0.05, -9.53, -0.35, 6.31, 1.05, -1.24, -0.08, robot_mode, normal, 
09/12/2022 13:25:12:011, robot_pos, 1670592076103, 621.95, 73.6, 308.35, 2.28, -0.01, 3.08, circuit_pos, 621.28, 81.29, 306.83, 2.28, -0.01, 3.09, tool_force, -1.28, 2.28, -13.01, actual_rep, 1, curr_step, 20, track_size, 72, robot_vel, 37.12, joints_pos, 16.35, 44.12, -16.21, -76.5, 15.93, 59.22, 45.98, tool_torque, -1.606, 0.235, -0.088, joint_torque, -0.32, -9.4, -0.45, 6.27, 1.04, -1.32, -0.06, robot_mode, normal, 
09/12/2022 13:25:12:311, robot_pos, 1670592076401, 621.44, 85.07, 309.65, 2.27, -0.01, 3.08, circuit_pos, 620.25, 96.98, 308.51, 2.27, -0.02, 3.08, tool_force, -1.18, 2.28, -12.79, actual_rep, 1, curr_step, 22, track_size, 72, robot_vel, 40.31, joints_pos, 17.39, 44.12, -16.2, -76.28, 15.82, 59.33, 47.61, tool_torque, -1.594, 0.162, -0.146, joint_torque, 0.05, -9.47, -0.34, 6.35, 1.02, -1.38, -0.13, robot_mode, normal, 
09/12/2022 13:25:12:468, robot_pos, 1670592076552, 621.13, 91.0, 310.35, 2.27, -0.01, 3.08, circuit_pos, 620.25, 96.98, 308.51, 2.27, -0.02, 3.08, tool_force, -0.89, 2.63, -12.94, actual_rep, 1, curr_step, 22, track_size, 72, robot_vel, 39.36, joints_pos, 17.82, 44.11, -16.14, -76.18, 16.1, 59.39, 48.06, tool_torque, -1.455, 0.023, -0.081, joint_torque, -0.02, -9.54, -0.58, 6.42, 0.91, -1.4, -0.08, robot_mode, normal, 
09/12/2022 13:25:12:631, robot_pos, 1670592076703, 620.78, 96.67, 310.97, 2.27, -0.02, 3.08, circuit_pos, 619.96, 103.53, 309.26, 2.26, -0.02, 3.08, tool_force, -1.07, 2.41, -12.91, actual_rep, 1, curr_step, 23, track_size, 72, robot_vel, 36.4, joints_pos, 18.29, 44.1, -16.14, -76.1, 16.37, 59.41, 48.7, tool_torque, -1.521, 0.087, -0.133, joint_torque, -0.22, -9.52, -0.62, 6.38, 0.91, -1.42, -0.12, robot_mode, normal, 
09/12/2022 13:25:12:768, robot_pos, 1670592076852, 620.46, 102.48, 311.71, 2.26, -0.02, 3.08, circuit_pos, 619.88, 109.67, 310.15, 2.26, -0.02, 3.08, tool_force, -0.66, 2.47, -13.1, actual_rep, 1, curr_step, 24, track_size, 72, robot_vel, 41.53, joints_pos, 18.79, 44.11, -16.15, -75.97, 16.44, 59.47, 49.44, tool_torque, -1.551, 0.047, -0.121, joint_torque, -0.11, -9.61, -0.55, 6.44, 0.91, -1.45, -0.1, robot_mode, normal, 
09/12/2022 13:25:13:069, robot_pos, 1670592077151, 620.3, 114.01, 313.32, 2.26, -0.02, 3.07, circuit_pos, 619.61, 120.68, 311.81, 2.26, -0.02, 3.07, tool_force, -1.13, 2.97, -13.25, actual_rep, 1, curr_step, 26, track_size, 72, robot_vel, 44.51, joints_pos, 19.76, 44.13, -16.16, -75.67, 16.73, 59.43, 50.48, tool_torque, -1.315, 0.263, -0.125, joint_torque, 0.0, -9.63, -0.44, 6.49, 0.91, -1.24, -0.1, robot_mode, normal, 
09/12/2022 13:25:13:231, robot_pos, 1670592077301, 620.04, 119.94, 314.18, 2.26, -0.02, 3.07, circuit_pos, 619.45, 126.37, 312.42, 2.25, -0.02, 3.07, tool_force, -1.02, 2.86, -13.24, actual_rep, 1, curr_step, 27, track_size, 72, robot_vel, 40.64, joints_pos, 20.28, 44.14, -16.16, -75.52, 16.76, 59.43, 51.23, tool_torque, -1.333, 0.205, -0.109, joint_torque, 0.07, -9.65, -0.41, 6.48, 0.91, -1.27, -0.09, robot_mode, normal, 
09/12/2022 13:25:13:368, robot_pos, 1670592077450, 619.87, 125.62, 314.69, 2.25, -0.02, 3.07, circuit_pos, 619.15, 132.12, 312.83, 2.25, -0.02, 3.07, tool_force, -0.89, 2.91, -13.38, actual_rep, 1, curr_step, 28, track_size, 72, robot_vel, 52.67, joints_pos, 20.77, 44.19, -16.17, -75.34, 16.76, 59.45, 52.0, tool_torque, -1.382, 0.195, -0.113, joint_torque, 0.13, -9.76, -0.42, 6.54, 0.91, -1.32, -0.09, robot_mode, normal, 
09/12/2022 13:25:13:530, robot_pos, 1670592077603, 619.64, 131.56, 315.17, 2.25, -0.02, 3.07, circuit_pos, 618.9, 137.78, 313.01, 2.25, -0.02, 3.07, tool_force, -0.73, 2.56, -12.93, actual_rep, 1, curr_step, 29, track_size, 72, robot_vel, 40.36, joints_pos, 21.3, 44.27, -16.18, -75.12, 16.75, 59.52, 52.66, tool_torque, -1.587, 0.193, -0.116, joint_torque, -0.37, -9.68, -0.61, 6.45, 0.9, -1.49, -0.07, robot_mode, normal, 
09/12/2022 13:25:13:668, robot_pos, 1670592077751, 619.36, 137.26, 315.47, 2.25, -0.02, 3.06, circuit_pos, 618.68, 143.43, 313.21, 2.25, -0.02, 3.07, tool_force, -0.67, 2.4, -13.03, actual_rep, 1, curr_step, 30, track_size, 72, robot_vel, 48.72, joints_pos, 21.8, 44.36, -16.18, -74.92, 16.72, 59.58, 53.26, tool_torque, -1.652, 0.163, -0.121, joint_torque, -0.15, -9.77, -0.52, 6.47, 0.92, -1.53, -0.09, robot_mode, normal, 
09/12/2022 13:25:13:829, robot_pos, 1670592077902, 619.32, 143.11, 315.78, 2.25, -0.02, 3.06, circuit_pos, 618.69, 148.48, 313.26, 2.24, -0.02, 3.06, tool_force, -0.92, 2.7, -13.44, actual_rep, 1, curr_step, 31, track_size, 72, robot_vel, 37.52, joints_pos, 22.26, 44.46, -16.16, -74.69, 16.73, 59.54, 54.01, tool_torque, -1.497, 0.193, -0.104, joint_torque, -0.16, -9.93, -0.59, 6.6, 0.9, -1.4, -0.09, robot_mode, normal, 
09/12/2022 13:25:13:972, robot_pos, 1670592078052, 619.2, 148.77, 315.77, 2.24, -0.02, 3.06, circuit_pos, 618.26, 162.37, 312.13, 2.22, -0.01, 3.06, tool_force, -1.34, 2.91, -13.21, actual_rep, 1, curr_step, 34, track_size, 72, robot_vel, 53.02, joints_pos, 22.74, 44.53, -16.15, -74.57, 16.87, 59.3, 54.77, tool_torque, -1.307, 0.307, -0.103, joint_torque, -0.28, -9.78, -0.69, 6.51, 0.85, -1.26, -0.11, robot_mode, normal, 
09/12/2022 13:25:14:129, robot_pos, 1670592078204, 618.94, 154.77, 315.3, 2.23, -0.02, 3.06, circuit_pos, 617.74, 172.36, 310.59, 2.21, -0.01, 3.06, tool_force, -1.42, 3.05, -13.43, actual_rep, 1, curr_step, 37, track_size, 72, robot_vel, 40.74, joints_pos, 23.33, 44.68, -16.22, -74.39, 16.72, 59.17, 55.81, tool_torque, -1.375, 0.404, -0.117, joint_torque, -0.3, -9.64, -0.62, 6.49, 0.89, -1.33, -0.09, robot_mode, normal, 
09/12/2022 13:25:14:308, robot_pos, 1670592078354, 618.64, 160.51, 314.51, 2.23, -0.02, 3.06, circuit_pos, 617.3, 174.03, 309.36, 2.21, -0.01, 3.07, tool_force, -1.37, 3.16, -13.02, actual_rep, 1, curr_step, 39, track_size, 72, robot_vel, 38.21, joints_pos, 23.86, 44.87, -16.25, -74.18, 16.6, 59.12, 56.84, tool_torque, -1.424, 0.468, -0.132, joint_torque, -0.49, -9.96, -0.61, 6.65, 0.88, -1.38, -0.08, robot_mode, normal, 
09/12/2022 13:25:14:430, robot_pos, 1670592078502, 618.26, 166.28, 313.39, 2.22, -0.01, 3.06, circuit_pos, 617.59, 172.67, 309.2, 2.21, -0.01, 3.07, tool_force, -0.82, 2.89, -13.3, actual_rep, 1, curr_step, 41, track_size, 72, robot_vel, 43.27, joints_pos, 24.38, 45.12, -16.25, -73.91, 16.36, 59.19, 57.96, tool_torque, -1.526, 0.25, -0.093, joint_torque, -0.07, -9.96, -0.54, 6.69, 0.87, -1.56, -0.06, robot_mode, normal, 
09/12/2022 13:25:14:573, robot_pos, 1670592078652, 618.11, 172.12, 312.45, 2.21, -0.01, 3.06, circuit_pos, 617.51, 173.25, 310.15, 2.21, -0.01, 3.07, tool_force, -1.68, 2.6, -12.91, actual_rep, 1, curr_step, 44, track_size, 72, robot_vel, 42.37, joints_pos, 24.89, 45.38, -16.25, -73.6, 16.14, 59.24, 59.08, tool_torque, -1.673, 0.352, -0.106, joint_torque, -0.77, -10.09, -0.89, 6.67, 0.82, -1.64, -0.05, robot_mode, normal, 
09/12/2022 13:25:14:731, robot_pos, 1670592078802, 618.11, 173.38, 312.89, 2.21, -0.01, 3.07, circuit_pos, 617.62, 173.49, 309.59, 2.21, -0.01, 3.07, tool_force, -1.36, 2.47, -13.46, actual_rep, 1, curr_step, 47, track_size, 72, robot_vel, 4.41, joints_pos, 25.1, 45.43, -16.4, -73.47, 16.06, 59.43, 59.37, tool_torque, -1.618, 0.365, -0.081, joint_torque, -0.77, -10.23, -0.87, 6.68, 0.75, -1.59, 0.03, robot_mode, normal, 
09/12/2022 13:25:14:887, robot_pos, 1670592078951, 618.18, 173.71, 312.09, 2.21, -0.01, 3.07, circuit_pos, 617.74, 173.65, 309.52, 2.21, -0.01, 3.07, tool_force, -1.03, 3.62, -13.4, actual_rep, 1, curr_step, 49, track_size, 72, robot_vel, 6.43, joints_pos, 25.1, 45.51, -16.38, -73.46, 16.14, 59.36, 59.33, tool_torque, -1.285, 0.207, 0.067, joint_torque, -0.29, -10.08, -0.75, 6.77, 0.75, -1.45, 0.12, robot_mode, normal, 
09/12/2022 13:25:15:032, robot_pos, 1670592079102, 618.25, 173.67, 312.23, 2.21, -0.01, 3.07, circuit_pos, 617.7, 173.69, 309.5, 2.21, -0.01, 3.07, tool_force, -0.49, 3.19, -13.37, actual_rep, 1, curr_step, 52, track_size, 72, robot_vel, 1.66, joints_pos, 25.1, 45.51, -16.38, -73.44, 16.14, 59.39, 59.34, tool_torque, -1.373, 0.11, 0.054, joint_torque, -0.02, -10.03, -0.62, 6.72, 0.75, -1.51, 0.11, robot_mode, normal, 
09/12/2022 13:25:15:188, robot_pos, 1670592079251, 618.21, 173.83, 312.18, 2.21, -0.01, 3.07, circuit_pos, 617.72, 173.59, 309.52, 2.21, -0.01, 3.07, tool_force, -0.52, 3.34, -13.36, actual_rep, 1, curr_step, 54, track_size, 72, robot_vel, 2.63, joints_pos, 25.1, 45.51, -16.36, -73.44, 16.13, 59.38, 59.35, tool_torque, -1.297, 0.097, 0.046, joint_torque, 0.09, -9.92, -0.62, 6.69, 0.76, -1.47, 0.07, robot_mode, normal, 
09/12/2022 13:25:15:330, robot_pos, 1670592079402, 618.23, 173.76, 312.22, 2.21, -0.01, 3.07, circuit_pos, 617.71, 173.62, 309.53, 2.21, -0.01, 3.07, tool_force, -0.53, 3.44, -13.19, actual_rep, 1, curr_step, 57, track_size, 72, robot_vel, 0.41, joints_pos, 25.1, 45.5, -16.37, -73.44, 16.12, 59.38, 59.35, tool_torque, -1.32, 0.127, 0.045, joint_torque, 0.03, -9.87, -0.61, 6.68, 0.76, -1.49, 0.08, robot_mode, normal, 
09/12/2022 13:25:15:489, robot_pos, 1670592079551, 618.21, 173.8, 312.22, 2.21, -0.01, 3.07, circuit_pos, 617.7, 173.64, 309.53, 2.21, -0.01, 3.07, tool_force, -0.74, 3.48, -13.28, actual_rep, 1, curr_step, 59, track_size, 72, robot_vel, 0.54, joints_pos, 25.1, 45.5, -16.36, -73.44, 16.12, 59.38, 59.35, tool_torque, -1.311, 0.143, 0.033, joint_torque, -0.04, -9.87, -0.66, 6.71, 0.76, -1.49, 0.07, robot_mode, normal, 
09/12/2022 13:25:15:628, robot_pos, 1670592079701, 618.21, 173.8, 312.23, 2.21, -0.01, 3.07, circuit_pos, 617.7, 173.64, 309.53, 2.21, -0.01, 3.07, tool_force, -0.73, 3.51, -13.28, actual_rep, 1, curr_step, 62, track_size, 72, robot_vel, 0.03, joints_pos, 25.1, 45.5, -16.36, -73.44, 16.12, 59.38, 59.35, tool_torque, -1.307, 0.142, 0.032, joint_torque, -0.03, -9.88, -0.65, 6.72, 0.76, -1.49, 0.07, robot_mode, normal, 
09/12/2022 13:25:15:791, robot_pos, 1670592079851, 618.21, 173.8, 312.23, 2.21, -0.01, 3.07, circuit_pos, 617.71, 173.64, 309.53, 2.21, -0.01, 3.07, tool_force, -0.73, 3.49, -13.27, actual_rep, 1, curr_step, 64, track_size, 72, robot_vel, 0.01, joints_pos, 25.1, 45.5, -16.36, -73.44, 16.12, 59.38, 59.35, tool_torque, -1.308, 0.142, 0.033, joint_torque, -0.03, -9.87, -0.65, 6.72, 0.76, -1.48, 0.07, robot_mode, normal, 
09/12/2022 13:25:15:928, robot_pos, 1670592080003, 618.21, 173.79, 312.23, 2.21, -0.01, 3.07, circuit_pos, 617.71, 173.63, 309.53, 2.21, -0.01, 3.07, tool_force, -0.7, 3.51, -13.26, actual_rep, 1, curr_step, 67, track_size, 72, robot_vel, 0.07, joints_pos, 25.1, 45.5, -16.36, -73.44, 16.12, 59.38, 59.35, tool_torque, -1.305, 0.136, 0.036, joint_torque, -0.01, -9.87, -0.64, 6.72, 0.76, -1.49, 0.07, robot_mode, normal, 
09/12/2022 13:25:16:091, robot_pos, 1670592080150, 618.21, 173.79, 312.23, 2.21, -0.01, 3.07, circuit_pos, 617.71, 173.63, 309.53, 2.21, -0.01, 3.07, tool_force, -0.71, 3.5, -13.26, actual_rep, 1, curr_step, 69, track_size, 72, robot_vel, 0.01, joints_pos, 25.1, 45.5, -16.36, -73.44, 16.12, 59.38, 59.35, tool_torque, -1.306, 0.14, 0.035, joint_torque, -0.02, -9.86, -0.64, 6.72, 0.76, -1.49, 0.07, robot_mode, normal, 
09/12/2022 13:25:16:231, robot_pos, 1670592080301, 618.21, 173.79, 312.23, 2.21, -0.01, 3.07, circuit_pos, 617.71, 173.63, 309.53, 2.21, -0.01, 3.07, tool_force, -0.71, 3.5, -13.26, actual_rep, 1, curr_step, 71, track_size, 72, robot_vel, 0.0, joints_pos, 25.1, 45.5, -16.36, -73.44, 16.12, 59.38, 59.35, tool_torque, -1.305, 0.141, 0.035, joint_torque, -0.01, -9.86, -0.64, 6.71, 0.76, -1.49, 0.07, robot_mode, normal, 
09/12/2022 13:25:16:390, robot_pos, 1670592080449, 618.21, 173.79, 312.23, 2.21, -0.01, 3.07, circuit_pos, 617.71, 173.63, 309.53, 2.21, -0.01, 3.07, tool_force, -0.71, 3.51, -13.25, actual_rep, 1, curr_step, 69, track_size, 72, robot_vel, 0.0, joints_pos, 25.1, 45.5, -16.36, -73.44, 16.12, 59.38, 59.35, tool_torque, -1.306, 0.141, 0.035, joint_torque, -0.02, -9.87, -0.64, 6.71, 0.76, -1.49, 0.07, robot_mode, normal, 
09/12/2022 13:25:16:551, robot_pos, 1670592080600, 618.21, 173.79, 312.23, 2.21, -0.01, 3.07, circuit_pos, 617.71, 173.63, 309.53, 2.21, -0.01, 3.07, tool_force, -0.7, 3.49, -13.26, actual_rep, 1, curr_step, 66, track_size, 72, robot_vel, 0.0, joints_pos, 25.1, 45.5, -16.36, -73.44, 16.12, 59.38, 59.35, tool_torque, -1.306, 0.141, 0.035, joint_torque, -0.02, -9.87, -0.64, 6.71, 0.76, -1.48, 0.07, robot_mode, normal, 
09/12/2022 13:25:16:689, robot_pos, 1670592080750, 618.21, 173.79, 312.23, 2.21, -0.01, 3.07, circuit_pos, 617.71, 173.64, 309.53, 2.21, -0.01, 3.07, tool_force, -0.7, 3.49, -13.26, actual_rep, 1, curr_step, 64, track_size, 72, robot_vel, 0.0, joints_pos, 25.1, 45.5, -16.36, -73.44, 16.12, 59.38, 59.35, tool_torque, -1.305, 0.139, 0.036, joint_torque, -0.02, -9.87, -0.64, 6.71, 0.76, -1.48, 0.07, robot_mode, normal, 
09/12/2022 13:25:16:853, robot_pos, 1670592080900, 618.21, 173.8, 312.23, 2.21, -0.01, 3.07, circuit_pos, 617.7, 173.64, 309.53, 2.21, -0.01, 3.07, tool_force, -0.73, 3.49, -13.26, actual_rep, 1, curr_step, 61, track_size, 72, robot_vel, 0.02, joints_pos, 25.1, 45.5, -16.36, -73.44, 16.12, 59.38, 59.35, tool_torque, -1.308, 0.149, 0.032, joint_torque, -0.04, -9.86, -0.64, 6.71, 0.76, -1.48, 0.07, robot_mode, normal, 
09/12/2022 13:25:16:987, robot_pos, 1670592081049, 618.21, 173.8, 312.23, 2.21, -0.01, 3.07, circuit_pos, 617.7, 173.64, 309.53, 2.21, -0.01, 3.07, tool_force, -0.74, 3.51, -13.26, actual_rep, 1, curr_step, 59, track_size, 72, robot_vel, 0.02, joints_pos, 25.1, 45.5, -16.36, -73.44, 16.12, 59.38, 59.35, tool_torque, -1.308, 0.15, 0.033, joint_torque, -0.04, -9.88, -0.64, 6.72, 0.76, -1.49, 0.07, robot_mode, normal, 
09/12/2022 13:25:17:149, robot_pos, 1670592081201, 618.21, 173.79, 312.23, 2.21, -0.01, 3.07, circuit_pos, 617.72, 173.6, 309.54, 2.21, -0.01, 3.07, tool_force, -0.68, 3.49, -13.28, actual_rep, 1, curr_step, 56, track_size, 72, robot_vel, 0.04, joints_pos, 25.1, 45.5, -16.36, -73.44, 16.12, 59.38, 59.35, tool_torque, -1.304, 0.127, 0.04, joint_torque, 0.0, -9.88, -0.64, 6.72, 0.76, -1.49, 0.07, robot_mode, normal, 
09/12/2022 13:25:17:290, robot_pos, 1670592081351, 618.21, 173.76, 312.23, 2.21, -0.01, 3.07, circuit_pos, 617.7, 173.68, 309.51, 2.21, -0.01, 3.07, tool_force, -0.65, 3.52, -13.26, actual_rep, 1, curr_step, 53, track_size, 72, robot_vel, 0.26, joints_pos, 25.1, 45.5, -16.37, -73.44, 16.12, 59.38, 59.35, tool_torque, -1.298, 0.133, 0.049, joint_torque, -0.01, -9.86, -0.63, 6.71, 0.76, -1.48, 0.09, robot_mode, normal, 
09/12/2022 13:25:17:588, robot_pos, 1670592081649, 618.22, 173.69, 312.22, 2.21, -0.01, 3.07, circuit_pos, 617.74, 173.64, 309.48, 2.21, -0.01, 3.07, tool_force, -0.67, 3.54, -13.3, actual_rep, 1, curr_step, 48, track_size, 72, robot_vel, 2.14, joints_pos, 25.1, 45.5, -16.37, -73.45, 16.12, 59.38, 59.35, tool_torque, -1.289, 0.152, 0.045, joint_torque, 0.04, -9.88, -0.56, 6.72, 0.77, -1.47, 0.09, robot_mode, normal, 
09/12/2022 13:25:17:888, robot_pos, 1670592081948, 618.03, 173.54, 312.99, 2.21, -0.01, 3.07, circuit_pos, 617.58, 173.1, 309.72, 2.21, -0.01, 3.07, tool_force, -0.13, 2.73, -13.55, actual_rep, 1, curr_step, 43, track_size, 72, robot_vel, 7.75, joints_pos, 25.1, 45.41, -16.39, -73.48, 16.12, 59.43, 59.35, tool_torque, -1.448, 0.02, 0.06, joint_torque, 0.15, -10.06, -0.55, 6.65, 0.75, -1.55, 0.11, robot_mode, normal, 
09/12/2022 13:25:18:047, robot_pos, 1670592082097, 617.97, 173.08, 311.88, 2.21, -0.01, 3.07, circuit_pos, 617.59, 172.67, 309.2, 2.21, -0.01, 3.07, tool_force, -0.4, 4.21, -13.25, actual_rep, 1, curr_step, 41, track_size, 72, robot_vel, 7.97, joints_pos, 25.07, 45.48, -16.39, -73.55, 16.12, 59.31, 59.31, tool_torque, -1.147, 0.08, 0.154, joint_torque, 0.21, -9.7, -0.53, 6.74, 0.78, -1.43, 0.19, robot_mode, normal, 
09/12/2022 13:25:18:191, robot_pos, 1670592082249, 617.88, 174.12, 312.0, 2.21, -0.01, 3.07, circuit_pos, 617.47, 173.7, 309.87, 2.21, -0.01, 3.07, tool_force, -1.43, 3.05, -13.58, actual_rep, 1, curr_step, 38, track_size, 72, robot_vel, 12.92, joints_pos, 25.09, 45.48, -16.29, -73.51, 16.12, 59.32, 59.39, tool_torque, -1.342, 0.153, 0.054, joint_torque, -0.48, -10.11, -1.04, 6.75, 0.75, -1.49, 0.06, robot_mode, normal, 
09/12/2022 13:25:18:349, robot_pos, 1670592082399, 618.54, 172.92, 313.1, 2.21, -0.01, 3.06, circuit_pos, 618.01, 166.56, 311.61, 2.22, -0.01, 3.06, tool_force, -0.8, 3.15, -13.56, actual_rep, 1, curr_step, 35, track_size, 72, robot_vel, 15.3, joints_pos, 25.05, 45.38, -16.42, -73.53, 16.21, 59.16, 59.17, tool_torque, -1.158, 0.0070, 0.163, joint_torque, 0.52, -9.96, -0.23, 6.74, 0.76, -1.33, 0.21, robot_mode, normal, 
09/12/2022 13:25:18:509, robot_pos, 1670592082551, 618.43, 167.59, 314.11, 2.22, -0.01, 3.06, circuit_pos, 618.5, 157.93, 312.71, 2.23, -0.01, 3.06, tool_force, -0.58, 4.41, -13.49, actual_rep, 1, curr_step, 33, track_size, 72, robot_vel, 33.67, joints_pos, 24.69, 45.07, -16.58, -73.96, 16.56, 58.92, 57.99, tool_torque, -1.043, 0.123, 0.292, joint_torque, -0.48, -9.93, -0.88, 6.78, 0.72, -1.38, 0.38, robot_mode, normal, 
09/12/2022 13:25:18:649, robot_pos, 1670592082696, 618.64, 162.27, 314.58, 2.22, -0.01, 3.06, circuit_pos, 618.68, 143.43, 313.21, 2.25, -0.02, 3.07, tool_force, 0.92, 4.8, -13.48, actual_rep, 1, curr_step, 30, track_size, 72, robot_vel, 43.09, joints_pos, 24.26, 44.92, -16.62, -74.18, 16.72, 58.98, 57.04, tool_torque, -1.045, -0.304, 0.359, joint_torque, 0.91, -9.52, -0.3, 6.82, 0.78, -1.51, 0.38, robot_mode, normal, 
09/12/2022 13:25:18:807, robot_pos, 1670592082846, 618.78, 156.41, 314.95, 2.23, -0.01, 3.06, circuit_pos, 618.68, 143.43, 313.21, 2.25, -0.02, 3.07, tool_force, 0.07, 4.41, -12.84, actual_rep, 1, curr_step, 30, track_size, 72, robot_vel, 48.26, joints_pos, 23.73, 44.77, -16.63, -74.37, 16.83, 59.18, 55.99, tool_torque, -1.2, -0.216, 0.339, joint_torque, 0.4, -9.59, -0.52, 6.83, 0.81, -1.61, 0.38, robot_mode, normal, 
09/12/2022 13:25:18:949, robot_pos, 1670592082993, 618.94, 150.7, 315.34, 2.24, -0.02, 3.06, circuit_pos, 618.68, 143.43, 313.21, 2.25, -0.02, 3.07, tool_force, 0.65, 4.53, -12.83, actual_rep, 1, curr_step, 30, track_size, 72, robot_vel, 37.37, joints_pos, 23.23, 44.66, -16.63, -74.5, 16.88, 59.42, 55.03, tool_torque, -1.149, -0.323, 0.349, joint_torque, 0.73, -9.7, -0.38, 6.85, 0.83, -1.58, 0.37, robot_mode, normal, 
09/12/2022 13:25:19:111, robot_pos, 1670592083142, 619.18, 144.88, 315.59, 2.25, -0.02, 3.06, circuit_pos, 618.9, 137.78, 313.01, 2.25, -0.02, 3.07, tool_force, 0.69, 4.61, -12.86, actual_rep, 1, curr_step, 29, track_size, 72, robot_vel, 39.67, joints_pos, 22.71, 44.55, -16.63, -74.65, 16.94, 59.6, 54.1, tool_torque, -1.184, -0.298, 0.325, joint_torque, 0.7, -9.58, -0.35, 6.76, 0.84, -1.56, 0.36, robot_mode, normal, 
09/12/2022 13:25:19:409, robot_pos, 1670592083438, 619.6, 133.23, 315.48, 2.25, -0.02, 3.07, circuit_pos, 619.45, 126.37, 312.42, 2.25, -0.02, 3.07, tool_force, 0.17, 4.56, -12.77, actual_rep, 1, curr_step, 27, track_size, 72, robot_vel, 35.91, joints_pos, 21.72, 44.34, -16.65, -75.05, 17.0, 59.61, 52.83, tool_torque, -1.105, -0.186, 0.313, joint_torque, 0.5, -9.47, -0.38, 6.72, 0.86, -1.44, 0.35, robot_mode, normal, 
09/12/2022 13:25:19:708, robot_pos, 1670592083736, 620.12, 121.66, 314.63, 2.26, -0.02, 3.07, circuit_pos, 619.73, 115.25, 310.98, 2.26, -0.02, 3.07, tool_force, 0.57, 4.84, -13.58, actual_rep, 1, curr_step, 25, track_size, 72, robot_vel, 37.0, joints_pos, 20.71, 44.21, -16.65, -75.44, 17.09, 59.52, 51.25, tool_torque, -0.89, -0.165, 0.321, joint_torque, 1.0, -9.61, -0.16, 6.71, 0.9, -1.22, 0.33, robot_mode, normal, 
09/12/2022 13:25:19:849, robot_pos, 1670592083881, 620.23, 115.95, 313.85, 2.26, -0.02, 3.07, circuit_pos, 619.88, 109.67, 310.15, 2.26, -0.02, 3.08, tool_force, 0.19, 4.53, -13.62, actual_rep, 1, curr_step, 24, track_size, 72, robot_vel, 38.95, joints_pos, 20.23, 44.16, -16.67, -75.64, 17.11, 59.46, 50.58, tool_torque, -0.993, -0.091, 0.315, joint_torque, 0.65, -9.72, -0.29, 6.73, 0.93, -1.25, 0.33, robot_mode, normal, 
09/12/2022 13:25:20:007, robot_pos, 1670592084032, 620.3, 110.2, 313.02, 2.26, -0.02, 3.07, circuit_pos, 619.96, 103.53, 309.26, 2.26, -0.02, 3.08, tool_force, 0.2, 3.99, -13.15, actual_rep, 1, curr_step, 23, track_size, 72, robot_vel, 41.36, joints_pos, 19.8, 44.19, -16.75, -75.75, 16.96, 59.6, 50.13, tool_torque, -1.268, -0.161, 0.307, joint_torque, 0.52, -9.66, -0.32, 6.68, 1.0, -1.44, 0.34, robot_mode, normal, 
09/12/2022 13:25:20:148, robot_pos, 1670592084179, 620.53, 104.38, 312.21, 2.26, -0.02, 3.08, circuit_pos, 620.25, 96.98, 308.51, 2.27, -0.02, 3.08, tool_force, -0.03, 3.83, -13.46, actual_rep, 1, curr_step, 22, track_size, 72, robot_vel, 41.93, joints_pos, 19.3, 44.19, -16.77, -75.89, 16.96, 59.6, 49.42, tool_torque, -1.258, -0.099, 0.309, joint_torque, 0.28, -9.79, -0.47, 6.69, 1.0, -1.39, 0.33, robot_mode, normal, 
09/12/2022 13:25:20:309, robot_pos, 1670592084328, 620.75, 98.64, 311.53, 2.27, -0.02, 3.08, circuit_pos, 620.78, 89.35, 307.67, 2.27, -0.01, 3.09, tool_force, 0.03, 4.25, -13.34, actual_rep, 1, curr_step, 21, track_size, 72, robot_vel, 40.27, joints_pos, 18.8, 44.17, -16.77, -76.03, 16.96, 59.57, 48.61, tool_torque, -1.095, -0.104, 0.343, joint_torque, 0.5, -9.54, -0.41, 6.62, 1.02, -1.28, 0.34, robot_mode, normal, 
09/12/2022 13:25:20:450, robot_pos, 1670592084476, 621.03, 92.84, 310.94, 2.27, -0.01, 3.08, circuit_pos, 621.28, 81.29, 306.83, 2.28, -0.01, 3.09, tool_force, -0.11, 3.84, -13.65, actual_rep, 1, curr_step, 20, track_size, 72, robot_vel, 43.41, joints_pos, 18.4, 44.18, -16.83, -76.11, 16.43, 59.56, 48.28, tool_torque, -1.104, -0.067, 0.291, joint_torque, 0.7, -9.75, -0.22, 6.65, 1.02, -1.24, 0.31, robot_mode, normal, 
09/12/2022 13:25:20:612, robot_pos, 1670592084624, 621.43, 87.06, 310.32, 2.27, -0.01, 3.09, circuit_pos, 621.28, 81.29, 306.83, 2.28, -0.01, 3.09, tool_force, -0.35, 3.96, -13.64, actual_rep, 1, curr_step, 20, track_size, 72, robot_vel, 40.31, joints_pos, 17.92, 44.2, -16.84, -76.18, 16.3, 59.55, 47.53, tool_torque, -1.07, 0.028, 0.301, joint_torque, 0.3, -9.62, -0.46, 6.59, 0.99, -1.19, 0.33, robot_mode, normal, 
09/12/2022 13:25:20:910, robot_pos, 1670592084921, 622.01, 75.41, 308.99, 2.28, -0.01, 3.09, circuit_pos, 621.7, 64.77, 304.79, 2.29, -0.01, 3.09, tool_force, -0.07, 4.14, -13.62, actual_rep, 1, curr_step, 18, track_size, 72, robot_vel, 43.3, joints_pos, 16.88, 44.2, -16.83, -76.39, 16.29, 59.43, 46.14, tool_torque, -0.978, -0.01, 0.271, joint_torque, 0.81, -9.6, -0.19, 6.58, 1.03, -1.1, 0.27, robot_mode, normal, 
09/12/2022 13:25:21:211, robot_pos, 1670592085219, 622.3, 63.81, 307.53, 2.29, -0.01, 3.09, circuit_pos, 621.78, 57.42, 303.83, 2.3, -0.01, 3.09, tool_force, -0.81, 4.08, -13.69, actual_rep, 1, curr_step, 17, track_size, 72, robot_vel, 39.5, joints_pos, 15.82, 44.2, -16.79, -76.64, 16.32, 59.25, 44.3, tool_torque, -0.937, 0.0090, 0.333, joint_torque, 0.21, -9.51, -0.65, 6.54, 0.99, -1.08, 0.33, robot_mode, normal, 
09/12/2022 13:25:21:508, robot_pos, 1670592085516, 622.21, 52.24, 305.96, 2.3, -0.02, 3.09, circuit_pos, 621.5, 39.55, 301.39, 2.31, -0.02, 3.09, tool_force, -0.6, 3.46, -13.32, actual_rep, 1, curr_step, 15, track_size, 72, robot_vel, 41.35, joints_pos, 14.7, 44.23, -16.78, -76.85, 16.71, 59.31, 42.58, tool_torque, -1.143, -0.19, 0.289, joint_torque, 0.24, -9.56, -0.6, 6.46, 0.98, -1.26, 0.29, robot_mode, normal, 
09/12/2022 13:25:21:808, robot_pos, 1670592085814, 622.06, 40.59, 304.44, 2.31, -0.02, 3.09, circuit_pos, 621.3, 29.46, 300.25, 2.32, -0.02, 3.09, tool_force, -0.46, 3.71, -13.33, actual_rep, 1, curr_step, 14, track_size, 72, robot_vel, 39.45, joints_pos, 13.61, 44.27, -16.78, -77.03, 16.92, 59.33, 40.76, tool_torque, -1.077, -0.153, 0.29, joint_torque, 0.47, -9.4, -0.4, 6.45, 1.03, -1.17, 0.29, robot_mode, normal, 
09/12/2022 13:25:22:109, robot_pos, 1670592086111, 621.92, 29.08, 303.23, 2.32, -0.02, 3.09, circuit_pos, 621.22, 18.66, 299.53, 2.33, -0.02, 3.09, tool_force, -0.79, 3.74, -13.62, actual_rep, 1, curr_step, 13, track_size, 72, robot_vel, 39.21, joints_pos, 12.56, 44.3, -16.8, -77.18, 17.04, 59.3, 38.98, tool_torque, -1.04, 0.0090, 0.249, joint_torque, 0.22, -9.43, -0.45, 6.38, 1.05, -1.03, 0.26, robot_mode, normal, 
09/12/2022 13:25:22:409, robot_pos, 1670592086408, 621.86, 17.37, 302.49, 2.33, -0.02, 3.09, circuit_pos, 621.31, 7.17, 299.27, 2.33, -0.02, 3.09, tool_force, -0.57, 3.72, -13.54, actual_rep, 1, curr_step, 12, track_size, 72, robot_vel, 34.15, joints_pos, 11.49, 44.32, -16.8, -77.28, 17.11, 59.28, 37.42, tool_torque, -1.017, -0.062, 0.233, joint_torque, 0.72, -9.45, -0.18, 6.39, 1.09, -0.99, 0.22, robot_mode, normal, 
09/12/2022 13:25:22:710, robot_pos, 1670592086707, 621.87, 5.82, 302.17, 2.33, -0.02, 3.09, circuit_pos, 621.4, -3.17, 299.31, 2.33, -0.02, 3.09, tool_force, -0.38, 3.65, -13.56, actual_rep, 1, curr_step, 11, track_size, 72, robot_vel, 42.29, joints_pos, 10.43, 44.33, -16.81, -77.3, 17.17, 59.3, 36.22, tool_torque, -1.142, -0.02, 0.218, joint_torque, 0.25, -9.41, -0.36, 6.29, 1.08, -1.03, 0.24, robot_mode, normal, 
09/12/2022 13:25:22:868, robot_pos, 1670592086853, 621.88, 0.14, 302.1, 2.33, -0.02, 3.09, circuit_pos, 621.41, -16.2, 299.67, 2.34, -0.02, 3.09, tool_force, -0.38, 3.36, -13.45, actual_rep, 1, curr_step, 10, track_size, 72, robot_vel, 46.0, joints_pos, 9.91, 44.34, -16.81, -77.3, 17.18, 59.31, 35.63, tool_torque, -1.096, -0.161, 0.213, joint_torque, 0.92, -9.41, 0.0, 6.29, 1.12, -1.04, 0.2, robot_mode, normal, 
09/12/2022 13:25:23:008, robot_pos, 1670592087003, 621.84, -5.74, 302.16, 2.33, -0.02, 3.09, circuit_pos, 621.41, -16.2, 299.67, 2.34, -0.02, 3.09, tool_force, -0.14, 3.27, -13.25, actual_rep, 1, curr_step, 10, track_size, 72, robot_vel, 38.68, joints_pos, 9.36, 44.34, -16.81, -77.29, 17.19, 59.35, 34.9, tool_torque, -1.204, -0.195, 0.201, joint_torque, 0.59, -9.43, -0.16, 6.22, 1.11, -1.1, 0.21, robot_mode, normal, 
09/12/2022 13:25:23:169, robot_pos, 1670592087150, 621.78, -11.48, 302.29, 2.34, -0.02, 3.09, circuit_pos, 621.3, -26.89, 300.2, 2.34, -0.02, 3.09, tool_force, -0.06, 3.13, -13.28, actual_rep, 1, curr_step, 9, track_size, 72, robot_vel, 39.21, joints_pos, 8.82, 44.34, -16.8, -77.27, 17.2, 59.4, 34.16, tool_torque, -1.22, -0.239, 0.234, joint_torque, 0.51, -9.42, -0.26, 6.19, 1.13, -1.11, 0.24, robot_mode, normal, 
09/12/2022 13:25:23:311, robot_pos, 1670592087299, 621.72, -17.28, 302.47, 2.34, -0.02, 3.09, circuit_pos, 621.3, -26.89, 300.2, 2.34, -0.02, 3.09, tool_force, -0.18, 2.74, -13.3, actual_rep, 1, curr_step, 9, track_size, 72, robot_vel, 44.35, joints_pos, 8.28, 44.34, -16.8, -77.23, 17.2, 59.47, 33.57, tool_torque, -1.245, -0.234, 0.202, joint_torque, 0.48, -9.36, -0.22, 6.1, 1.14, -1.1, 0.2, robot_mode, normal, 
09/12/2022 13:25:23:471, robot_pos, 1670592087446, 621.68, -23.05, 302.69, 2.34, -0.02, 3.09, circuit_pos, 621.1, -36.42, 300.61, 2.35, -0.02, 3.09, tool_force, 0.25, 2.7, -13.24, actual_rep, 1, curr_step, 8, track_size, 72, robot_vel, 39.11, joints_pos, 7.74, 44.35, -16.81, -77.18, 17.21, 59.54, 32.95, tool_torque, -1.256, -0.28, 0.2, joint_torque, 0.65, -9.42, -0.13, 6.05, 1.14, -1.08, 0.2, robot_mode, normal, 
09/12/2022 13:25:23:609, robot_pos, 1670592087595, 621.56, -28.84, 302.9, 2.34, -0.02, 3.09, circuit_pos, 621.1, -36.42, 300.61, 2.35, -0.02, 3.09, tool_force, 0.32, 3.08, -13.18, actual_rep, 1, curr_step, 8, track_size, 72, robot_vel, 55.81, joints_pos, 7.2, 44.36, -16.81, -77.12, 17.21, 59.62, 32.17, tool_torque, -1.26, -0.311, 0.187, joint_torque, 0.58, -9.46, -0.18, 6.08, 1.15, -1.1, 0.19, robot_mode, normal, 
09/12/2022 13:25:23:771, robot_pos, 1670592087742, 621.45, -34.6, 303.1, 2.35, -0.02, 3.09, circuit_pos, 620.58, -46.71, 300.66, 2.36, -0.01, 3.09, tool_force, -0.29, 2.62, -13.2, actual_rep, 1, curr_step, 7, track_size, 72, robot_vel, 36.8, joints_pos, 6.65, 44.38, -16.81, -77.07, 17.22, 59.68, 31.35, tool_torque, -1.279, -0.181, 0.188, joint_torque, 0.4, -9.29, -0.22, 6.02, 1.17, -1.03, 0.19, robot_mode, normal, 
09/12/2022 13:25:23:929, robot_pos, 1670592087892, 621.32, -40.42, 303.21, 2.35, -0.01, 3.09, circuit_pos, 620.58, -46.71, 300.66, 2.36, -0.01, 3.09, tool_force, -0.31, 3.27, -13.51, actual_rep, 1, curr_step, 7, track_size, 72, robot_vel, 41.44, joints_pos, 6.19, 44.37, -16.85, -77.06, 17.09, 59.57, 30.6, tool_torque, -1.167, 0.043, 0.181, joint_torque, 0.71, -9.44, 0.05, 6.09, 1.26, -0.8, 0.18, robot_mode, normal, 
09/12/2022 13:25:24:071, robot_pos, 1670592088040, 621.01, -46.3, 303.22, 2.36, -0.01, 3.09, circuit_pos, 620.04, -56.04, 300.07, 2.37, -0.01, 3.09, tool_force, -0.8, 2.89, -13.61, actual_rep, 1, curr_step, 6, track_size, 72, robot_vel, 37.7, joints_pos, 5.65, 44.37, -16.86, -77.07, 17.04, 59.51, 29.75, tool_torque, -1.156, 0.041, 0.196, joint_torque, 0.66, -9.37, -0.03, 6.09, 1.27, -0.79, 0.19, robot_mode, normal, 
09/12/2022 13:25:24:211, robot_pos, 1670592088190, 620.67, -51.98, 302.98, 2.36, -0.01, 3.09, circuit_pos, 619.15, -64.3, 298.91, 2.37, -0.01, 3.09, tool_force, -0.67, 3.06, -13.43, actual_rep, 1, curr_step, 5, track_size, 72, robot_vel, 41.26, joints_pos, 5.14, 44.4, -16.85, -77.06, 17.03, 59.46, 28.89, tool_torque, -1.141, 0.072, 0.198, joint_torque, 0.65, -9.08, -0.01, 5.96, 1.26, -0.76, 0.19, robot_mode, normal, 
09/12/2022 13:25:24:370, robot_pos, 1670592088339, 620.2, -57.86, 302.4, 2.37, -0.01, 3.09, circuit_pos, 619.15, -64.3, 298.91, 2.37, -0.01, 3.09, tool_force, -0.56, 3.14, -13.51, actual_rep, 1, curr_step, 5, track_size, 72, robot_vel, 40.11, joints_pos, 4.59, 44.45, -16.85, -77.06, 17.03, 59.43, 28.25, tool_torque, -1.127, 0.017, 0.195, joint_torque, 0.67, -9.39, -0.1, 6.04, 1.27, -0.76, 0.17, robot_mode, normal, 
09/12/2022 13:25:24:512, robot_pos, 1670592088487, 619.64, -63.52, 301.75, 2.37, -0.01, 3.09, circuit_pos, 617.78, -71.85, 297.69, 2.37, -0.01, 3.09, tool_force, -0.56, 3.49, -13.66, actual_rep, 1, curr_step, 4, track_size, 72, robot_vel, 39.68, joints_pos, 4.06, 44.51, -16.85, -77.07, 17.05, 59.4, 27.63, tool_torque, -1.086, 0.069, 0.198, joint_torque, 0.59, -9.22, -0.11, 5.99, 1.24, -0.73, 0.18, robot_mode, normal, 
09/12/2022 13:25:24:671, robot_pos, 1670592088634, 618.8, -69.39, 300.95, 2.37, -0.01, 3.09, circuit_pos, 616.23, -78.75, 296.86, 2.37, 0.0, 3.09, tool_force, -1.04, 3.17, -13.81, actual_rep, 1, curr_step, 3, track_size, 72, robot_vel, 45.34, joints_pos, 3.52, 44.55, -16.85, -77.13, 17.09, 59.31, 27.03, tool_torque, -1.051, 0.063, 0.19, joint_torque, 0.63, -9.35, -0.07, 6.09, 1.23, -0.71, 0.17, robot_mode, normal, 
09/12/2022 13:25:24:970, robot_pos, 1670592088931, 616.55, -80.9, 299.84, 2.36, 0.0, 3.09, circuit_pos, 615.03, -85.14, 296.67, 2.36, 0.0, 3.09, tool_force, -1.43, 3.79, -13.65, actual_rep, 1, curr_step, 2, track_size, 72, robot_vel, 43.64, joints_pos, 2.61, 44.45, -16.97, -77.52, 16.98, 58.69, 26.25, tool_torque, -1.063, 0.159, 0.207, joint_torque, 0.69, -9.19, 0.03, 6.16, 1.29, -0.69, 0.18, robot_mode, normal, 
09/12/2022 13:25:25:130, robot_pos, 1670592089080, 615.48, -86.81, 299.85, 2.35, 0.0, 3.09, circuit_pos, 613.86, -94.17, 298.82, 2.34, 0.01, 3.1, tool_force, -1.52, 2.43, -13.18, actual_rep, 1, curr_step, 0, track_size, 72, robot_vel, 41.41, joints_pos, 2.16, 44.44, -17.06, -77.56, 16.79, 58.7, 26.69, tool_torque, -1.446, 0.136, -0.108, joint_torque, 0.31, -9.19, -0.14, 6.02, 1.27, -0.85, -0.12, robot_mode, normal, 
09/12/2022 13:25:25:311, robot_pos, 1670592089228, 614.74, -90.49, 300.03, 2.34, 0.0, 3.1, circuit_pos, 613.86, -94.17, 298.82, 2.34, 0.01, 3.1, tool_force, -1.6, 2.17, -13.07, actual_rep, 1, curr_step, 0, track_size, 72, robot_vel, 17.84, joints_pos, 1.87, 44.44, -17.04, -77.52, 16.45, 58.83, 27.07, tool_torque, -1.568, 0.025, -0.15, joint_torque, 0.44, -9.48, -0.33, 5.98, 1.28, -0.93, -0.18, robot_mode, normal, 
09/12/2022 13:25:25:431, robot_pos, 1670592089381, 614.76, -90.46, 300.06, 2.34, 0.0, 3.1, circuit_pos, 613.86, -94.17, 298.82, 2.34, 0.01, 3.1, tool_force, -1.44, 2.18, -13.23, actual_rep, 1, curr_step, 0, track_size, 72, robot_vel, 2.36, joints_pos, 1.83, 44.42, -16.96, -77.52, 16.31, 58.81, 27.19, tool_torque, -1.325, -0.041, -0.064, joint_torque, 0.43, -9.33, -0.41, 6.05, 1.25, -0.88, -0.16, robot_mode, normal, 
09/12/2022 13:25:25:569, robot_pos, 1670592089527, 614.73, -90.44, 300.08, 2.34, 0.0, 3.1, circuit_pos, 613.86, -94.17, 298.82, 2.34, 0.01, 3.1, tool_force, -1.2, 2.57, -13.35, actual_rep, 1, curr_step, 0, track_size, 72, robot_vel, 0.25, joints_pos, 1.84, 44.42, -16.96, -77.53, 16.32, 58.81, 27.19, tool_torque, -1.26, -0.053, -0.05, joint_torque, 0.61, -9.38, -0.31, 6.1, 1.24, -0.86, -0.14, robot_mode, normal, 
09/12/2022 13:25:25:728, robot_pos, 1670592089677, 614.8, -90.21, 300.06, 2.34, 0.0, 3.1, circuit_pos, 615.03, -85.14, 296.67, 2.36, 0.0, 3.09, tool_force, -0.48, 3.66, -13.4, actual_rep, 2, curr_step, 2, track_size, 72, robot_vel, 0.92, joints_pos, 1.85, 44.42, -16.95, -77.52, 16.34, 58.8, 27.18, tool_torque, -1.12, -0.087, -0.025, joint_torque, 1.44, -9.32, 0.17, 6.17, 1.29, -0.81, -0.12, robot_mode, normal, 
09/12/2022 13:25:25:888, robot_pos, 1670592089824, 615.68, -85.43, 299.71, 2.36, 0.0, 3.09, circuit_pos, 616.23, -78.75, 296.86, 2.37, 0.0, 3.09, tool_force, -3.62, 3.11, -12.91, actual_rep, 2, curr_step, 3, track_size, 72, robot_vel, 37.29, joints_pos, 2.02, 44.4, -16.58, -77.55, 16.44, 58.64, 26.61, tool_torque, -1.066, 0.328, 0.186, joint_torque, -0.3, -8.7, -0.56, 6.08, 1.19, -0.73, 0.17, robot_mode, normal, 
09/12/2022 13:25:26:031, robot_pos, 1670592089974, 616.53, -79.7, 299.8, 2.37, 0.0, 3.09, circuit_pos, 617.78, -71.85, 297.69, 2.37, -0.01, 3.09, tool_force, -1.88, 2.45, -13.74, actual_rep, 2, curr_step, 4, track_size, 72, robot_vel, 37.53, joints_pos, 2.37, 44.35, -16.31, -77.55, 16.39, 58.62, 26.65, tool_torque, -1.276, 0.132, 0.067, joint_torque, 0.03, -9.27, -0.4, 6.16, 1.24, -0.84, 0.03, robot_mode, normal, 
09/12/2022 13:25:26:331, robot_pos, 1670592090270, 618.61, -68.21, 300.93, 2.37, -0.01, 3.08, circuit_pos, 620.04, -56.04, 300.07, 2.37, -0.01, 3.09, tool_force, -1.4, 1.37, -12.96, actual_rep, 2, curr_step, 6, track_size, 72, robot_vel, 47.68, joints_pos, 3.26, 44.38, -16.19, -77.28, 16.57, 59.03, 27.43, tool_torque, -1.56, -0.035, -0.194, joint_torque, 0.08, -9.26, -0.27, 5.91, 1.17, -0.98, -0.21, robot_mode, normal, 
09/12/2022 13:25:26:490, robot_pos, 1670592090416, 619.44, -62.5, 301.64, 2.37, -0.01, 3.08, circuit_pos, 620.04, -56.04, 300.07, 2.37, -0.01, 3.09, tool_force, -1.28, 1.66, -13.07, actual_rep, 2, curr_step, 6, track_size, 72, robot_vel, 44.43, joints_pos, 3.81, 44.36, -16.22, -77.2, 16.6, 59.13, 27.93, tool_torque, -1.625, 0.0010, -0.207, joint_torque, -0.02, -9.37, -0.24, 6.01, 1.19, -1.0, -0.21, robot_mode, normal, 
09/12/2022 13:25:26:631, robot_pos, 1670592090566, 620.03, -56.77, 302.25, 2.37, -0.01, 3.08, circuit_pos, 620.58, -46.71, 300.66, 2.36, -0.01, 3.09, tool_force, -1.5, 1.63, -13.14, actual_rep, 2, curr_step, 7, track_size, 72, robot_vel, 39.98, joints_pos, 4.35, 44.32, -16.25, -77.18, 16.61, 59.19, 28.58, tool_torque, -1.671, 0.114, -0.244, joint_torque, -0.21, -9.2, -0.2, 5.98, 1.19, -1.0, -0.22, robot_mode, normal, 
09/12/2022 13:25:26:792, robot_pos, 1670592090714, 620.52, -50.88, 302.78, 2.36, -0.01, 3.08, circuit_pos, 621.1, -36.42, 300.61, 2.35, -0.02, 3.09, tool_force, -1.85, 1.73, -12.64, actual_rep, 2, curr_step, 8, track_size, 72, robot_vel, 48.75, joints_pos, 4.9, 44.27, -16.27, -77.18, 16.61, 59.21, 29.36, tool_torque, -1.62, 0.105, -0.225, joint_torque, -0.06, -9.09, -0.14, 6.01, 1.18, -1.02, -0.2, robot_mode, normal, 
09/12/2022 13:25:26:929, robot_pos, 1670592090865, 620.8, -44.98, 302.92, 2.36, -0.01, 3.08, circuit_pos, 621.1, -36.42, 300.61, 2.35, -0.02, 3.09, tool_force, -1.37, 1.8, -12.81, actual_rep, 2, curr_step, 8, track_size, 72, robot_vel, 39.19, joints_pos, 5.41, 44.27, -16.24, -77.16, 16.68, 59.36, 30.18, tool_torque, -1.597, 0.021, -0.203, joint_torque, -0.07, -9.22, -0.27, 6.02, 1.16, -1.06, -0.2, robot_mode, normal, 
09/12/2022 13:25:27:090, robot_pos, 1670592091014, 621.11, -39.21, 303.06, 2.35, -0.02, 3.08, circuit_pos, 621.3, -26.89, 300.2, 2.34, -0.02, 3.09, tool_force, -1.23, 1.77, -13.02, actual_rep, 2, curr_step, 9, track_size, 72, robot_vel, 41.24, joints_pos, 5.9, 44.28, -16.22, -77.12, 16.77, 59.51, 30.98, tool_torque, -1.54, 0.0070, -0.202, joint_torque, 0.07, -9.25, -0.25, 6.02, 1.17, -1.03, -0.21, robot_mode, normal, 
09/12/2022 13:25:27:249, robot_pos, 1670592091164, 621.43, -33.42, 302.93, 2.35, -0.02, 3.08, circuit_pos, 621.3, -26.89, 300.2, 2.34, -0.02, 3.09, tool_force, -1.58, 1.71, -13.04, actual_rep, 2, curr_step, 9, track_size, 72, robot_vel, 41.66, joints_pos, 6.45, 44.29, -16.23, -77.12, 16.8, 59.52, 31.83, tool_torque, -1.56, 0.054, -0.188, joint_torque, -0.07, -9.23, -0.31, 6.06, 1.15, -1.06, -0.18, robot_mode, normal, 
09/12/2022 13:25:27:390, robot_pos, 1670592091311, 621.59, -27.62, 302.8, 2.34, -0.02, 3.09, circuit_pos, 621.41, -16.2, 299.67, 2.34, -0.02, 3.09, tool_force, -1.78, 2.11, -13.12, actual_rep, 2, curr_step, 10, track_size, 72, robot_vel, 43.13, joints_pos, 6.98, 44.29, -16.25, -77.14, 16.83, 59.52, 32.48, tool_torque, -1.537, 0.153, -0.197, joint_torque, -0.01, -9.27, -0.21, 6.18, 1.16, -1.03, -0.19, robot_mode, normal, 
09/12/2022 13:25:27:549, robot_pos, 1670592091463, 621.78, -21.64, 302.59, 2.34, -0.02, 3.09, circuit_pos, 621.41, -16.2, 299.67, 2.34, -0.02, 3.09, tool_force, -1.83, 2.51, -13.2, actual_rep, 2, curr_step, 10, track_size, 72, robot_vel, 37.66, joints_pos, 7.54, 44.3, -16.26, -77.17, 16.85, 59.49, 33.14, tool_torque, -1.436, 0.305, -0.193, joint_torque, -0.21, -9.3, -0.31, 6.2, 1.14, -0.92, -0.17, robot_mode, normal, 
09/12/2022 13:25:27:693, robot_pos, 1670592091611, 621.87, -15.92, 302.43, 2.34, -0.02, 3.09, circuit_pos, 621.4, -3.17, 299.31, 2.33, -0.02, 3.09, tool_force, -1.94, 2.51, -13.45, actual_rep, 2, curr_step, 11, track_size, 72, robot_vel, 43.85, joints_pos, 8.07, 44.3, -16.26, -77.19, 16.85, 59.46, 33.85, tool_torque, -1.376, 0.32, -0.173, joint_torque, -0.05, -9.35, -0.27, 6.25, 1.15, -0.88, -0.17, robot_mode, normal, 
09/12/2022 13:25:27:892, robot_pos, 1670592091759, 621.96, -10.12, 302.28, 2.34, -0.02, 3.09, circuit_pos, 621.4, -3.17, 299.31, 2.33, -0.02, 3.09, tool_force, -1.99, 2.69, -13.44, actual_rep, 2, curr_step, 11, track_size, 72, robot_vel, 38.88, joints_pos, 8.6, 44.3, -16.26, -77.22, 16.85, 59.4, 34.59, tool_torque, -1.352, 0.377, -0.183, joint_torque, 0.01, -9.28, -0.22, 6.23, 1.14, -0.86, -0.18, robot_mode, normal, 
09/12/2022 13:25:27:989, robot_pos, 1670592091909, 621.97, -4.33, 302.14, 2.33, -0.02, 3.09, circuit_pos, 621.31, 7.17, 299.27, 2.33, -0.02, 3.09, tool_force, -2.06, 2.67, -13.4, actual_rep, 2, curr_step, 12, track_size, 72, robot_vel, 39.68, joints_pos, 9.16, 44.3, -16.26, -77.25, 16.85, 59.35, 35.26, tool_torque, -1.353, 0.359, -0.176, joint_torque, -0.02, -9.32, -0.25, 6.28, 1.14, -0.89, -0.17, robot_mode, normal, 
09/12/2022 13:25:28:148, robot_pos, 1670592092056, 621.95, 1.44, 302.07, 2.33, -0.02, 3.09, circuit_pos, 621.31, 7.17, 299.27, 2.33, -0.02, 3.09, tool_force, -2.07, 2.79, -13.44, actual_rep, 2, curr_step, 12, track_size, 72, robot_vel, 39.2, joints_pos, 9.7, 44.29, -16.26, -77.27, 16.84, 59.3, 35.89, tool_torque, -1.342, 0.376, -0.155, joint_torque, 0.0, -9.34, -0.22, 6.32, 1.15, -0.9, -0.14, robot_mode, normal, 
09/12/2022 13:25:28:291, robot_pos, 1670592092208, 621.93, 7.39, 302.11, 2.33, -0.02, 3.09, circuit_pos, 621.22, 18.66, 299.53, 2.33, -0.02, 3.09, tool_force, -1.91, 2.85, -13.48, actual_rep, 2, curr_step, 13, track_size, 72, robot_vel, 44.48, joints_pos, 10.24, 44.28, -16.26, -77.28, 16.82, 59.26, 36.44, tool_torque, -1.346, 0.376, -0.149, joint_torque, -0.08, -9.32, -0.33, 6.3, 1.14, -0.92, -0.14, robot_mode, normal, 
09/12/2022 13:25:28:451, robot_pos, 1670592092353, 621.86, 13.05, 302.16, 2.33, -0.02, 3.09, circuit_pos, 621.22, 18.66, 299.53, 2.33, -0.02, 3.09, tool_force, -2.14, 2.83, -13.26, actual_rep, 2, curr_step, 13, track_size, 72, robot_vel, 39.71, joints_pos, 10.75, 44.27, -16.25, -77.29, 16.81, 59.23, 37.01, tool_torque, -1.328, 0.366, -0.137, joint_torque, 0.08, -9.23, -0.21, 6.29, 1.16, -0.93, -0.13, robot_mode, normal, 
09/12/2022 13:25:28:589, robot_pos, 1670592092505, 621.85, 18.95, 302.37, 2.33, -0.02, 3.09, circuit_pos, 621.3, 29.46, 300.25, 2.32, -0.02, 3.09, tool_force, -1.49, 3.13, -13.28, actual_rep, 2, curr_step, 14, track_size, 72, robot_vel, 42.08, joints_pos, 11.3, 44.26, -16.25, -77.27, 16.79, 59.21, 37.73, tool_torque, -1.336, 0.309, -0.144, joint_torque, 0.16, -9.38, -0.24, 6.32, 1.16, -0.95, -0.15, robot_mode, normal, 
09/12/2022 13:25:28:748, robot_pos, 1670592092654, 621.84, 24.71, 302.65, 2.32, -0.02, 3.09, circuit_pos, 621.5, 39.55, 301.39, 2.31, -0.02, 3.09, tool_force, -2.07, 2.46, -13.38, actual_rep, 2, curr_step, 15, track_size, 72, robot_vel, 37.3, joints_pos, 11.85, 44.25, -16.26, -77.24, 16.77, 59.21, 38.51, tool_torque, -1.431, 0.399, -0.14, joint_torque, -0.32, -9.35, -0.42, 6.24, 1.14, -0.98, -0.13, robot_mode, normal, 
09/12/2022 13:25:29:048, robot_pos, 1670592092950, 621.93, 36.38, 303.67, 2.31, -0.02, 3.08, circuit_pos, 621.68, 48.29, 302.56, 2.3, -0.02, 3.09, tool_force, -1.07, 2.55, -13.1, actual_rep, 2, curr_step, 16, track_size, 72, robot_vel, 38.11, joints_pos, 12.91, 44.23, -16.27, -77.11, 16.72, 59.23, 40.24, tool_torque, -1.498, 0.235, -0.152, joint_torque, 0.1, -9.39, -0.22, 6.21, 1.13, -1.11, -0.13, robot_mode, normal, 
09/12/2022 13:25:29:353, robot_pos, 1670592093249, 622.16, 47.85, 305.09, 2.3, -0.02, 3.08, circuit_pos, 621.78, 57.42, 303.83, 2.3, -0.01, 3.09, tool_force, -1.64, 2.39, -13.08, actual_rep, 2, curr_step, 17, track_size, 72, robot_vel, 47.07, joints_pos, 13.98, 44.2, -16.27, -76.92, 16.52, 59.24, 41.98, tool_torque, -1.513, 0.288, -0.138, joint_torque, -0.13, -9.38, -0.3, 6.24, 1.12, -1.11, -0.13, robot_mode, normal, 
09/12/2022 13:25:29:509, robot_pos, 1670592093398, 622.18, 53.72, 305.88, 2.3, -0.01, 3.09, circuit_pos, 621.7, 64.77, 304.79, 2.29, -0.01, 3.09, tool_force, -1.84, 2.75, -13.07, actual_rep, 2, curr_step, 18, track_size, 72, robot_vel, 38.68, joints_pos, 14.55, 44.16, -16.28, -76.85, 16.28, 59.16, 42.83, tool_torque, -1.404, 0.412, -0.125, joint_torque, -0.32, -9.3, -0.44, 6.29, 1.08, -1.07, -0.1, robot_mode, normal, 
09/12/2022 13:25:29:649, robot_pos, 1670592093546, 622.19, 59.43, 306.62, 2.3, -0.01, 3.09, circuit_pos, 621.7, 64.77, 304.79, 2.29, -0.01, 3.09, tool_force, -1.48, 2.71, -13.2, actual_rep, 2, curr_step, 18, track_size, 72, robot_vel, 44.71, joints_pos, 15.09, 44.15, -16.28, -76.76, 16.17, 59.15, 43.76, tool_torque, -1.421, 0.361, -0.129, joint_torque, -0.1, -9.43, -0.31, 6.32, 1.09, -1.1, -0.11, robot_mode, normal, 
09/12/2022 13:25:29:810, robot_pos, 1670592093695, 622.12, 65.23, 307.33, 2.29, -0.01, 3.09, circuit_pos, 621.58, 73.04, 305.87, 2.28, -0.01, 3.09, tool_force, -1.54, 2.56, -13.14, actual_rep, 2, curr_step, 19, track_size, 72, robot_vel, 40.0, joints_pos, 15.63, 44.14, -16.28, -76.66, 16.08, 59.17, 44.73, tool_torque, -1.463, 0.285, -0.107, joint_torque, 0.02, -9.37, -0.29, 6.32, 1.07, -1.2, -0.09, robot_mode, normal, 
09/12/2022 13:25:29:949, robot_pos, 1670592093843, 622.02, 71.0, 308.04, 2.28, -0.01, 3.08, circuit_pos, 621.28, 81.29, 306.83, 2.28, -0.01, 3.09, tool_force, -1.46, 2.43, -12.77, actual_rep, 2, curr_step, 20, track_size, 72, robot_vel, 38.81, joints_pos, 16.16, 44.13, -16.28, -76.55, 16.0, 59.2, 45.59, tool_torque, -1.532, 0.217, -0.103, joint_torque, -0.13, -9.39, -0.49, 6.32, 1.05, -1.3, -0.08, robot_mode, normal, 
09/12/2022 13:25:30:108, robot_pos, 1670592093992, 621.85, 76.75, 308.74, 2.28, -0.01, 3.08, circuit_pos, 620.78, 89.35, 307.67, 2.27, -0.01, 3.09, tool_force, -1.13, 2.38, -12.93, actual_rep, 2, curr_step, 21, track_size, 72, robot_vel, 40.1, joints_pos, 16.68, 44.13, -16.26, -76.43, 15.94, 59.26, 46.31, tool_torque, -1.587, 0.164, -0.102, joint_torque, -0.14, -9.5, -0.46, 6.35, 1.05, -1.36, -0.09, robot_mode, normal, 
09/12/2022 13:25:30:249, robot_pos, 1670592094140, 621.58, 82.5, 309.37, 2.28, -0.01, 3.08, circuit_pos, 620.78, 89.35, 307.67, 2.27, -0.01, 3.09, tool_force, -1.25, 2.33, -12.89, actual_rep, 2, curr_step, 21, track_size, 72, robot_vel, 40.65, joints_pos, 17.19, 44.13, -16.26, -76.32, 15.87, 59.31, 47.18, tool_torque, -1.579, 0.154, -0.094, joint_torque, -0.11, -9.53, -0.56, 6.37, 1.03, -1.38, -0.09, robot_mode, normal, 
09/12/2022 13:25:30:408, robot_pos, 1670592094289, 621.29, 88.39, 310.05, 2.27, -0.01, 3.08, circuit_pos, 620.25, 96.98, 308.51, 2.27, -0.02, 3.08, tool_force, -1.33, 2.26, -13.01, actual_rep, 2, curr_step, 22, track_size, 72, robot_vel, 38.39, joints_pos, 17.69, 44.13, -16.23, -76.21, 15.92, 59.38, 47.92, tool_torque, -1.56, 0.113, -0.11, joint_torque, -0.06, -9.58, -0.5, 6.42, 0.98, -1.4, -0.11, robot_mode, normal, 
09/12/2022 13:25:30:549, robot_pos, 1670592094438, 620.96, 94.04, 310.67, 2.27, -0.02, 3.08, circuit_pos, 619.96, 103.53, 309.26, 2.26, -0.02, 3.08, tool_force, -1.19, 2.47, -12.85, actual_rep, 2, curr_step, 23, track_size, 72, robot_vel, 37.22, joints_pos, 18.07, 44.11, -16.17, -76.14, 16.37, 59.4, 48.28, tool_torque, -1.449, 0.049, -0.102, joint_torque, -0.02, -9.46, -0.59, 6.38, 0.92, -1.38, -0.11, robot_mode, normal, 
09/12/2022 13:25:30:710, robot_pos, 1670592094588, 620.61, 100.04, 311.39, 2.26, -0.02, 3.08, circuit_pos, 619.88, 109.67, 310.15, 2.26, -0.02, 3.08, tool_force, -1.12, 2.33, -12.95, actual_rep, 2, curr_step, 24, track_size, 72, robot_vel, 38.17, joints_pos, 18.6, 44.11, -16.18, -76.03, 16.45, 59.44, 49.16, tool_torque, -1.529, 0.087, -0.123, joint_torque, -0.16, -9.5, -0.57, 6.37, 0.91, -1.41, -0.11, robot_mode, normal, 
09/12/2022 13:25:30:849, robot_pos, 1670592094737, 620.38, 105.7, 312.14, 2.26, -0.02, 3.08, circuit_pos, 619.73, 115.25, 310.98, 2.26, -0.02, 3.07, tool_force, -0.79, 2.47, -12.99, actual_rep, 2, curr_step, 25, track_size, 72, robot_vel, 39.07, joints_pos, 19.1, 44.13, -16.2, -75.86, 16.49, 59.53, 49.8, tool_torque, -1.563, 0.068, -0.124, joint_torque, -0.06, -9.65, -0.55, 6.46, 0.91, -1.45, -0.11, robot_mode, normal, 
09/12/2022 13:25:31:008, robot_pos, 1670592094888, 620.43, 111.62, 312.98, 2.26, -0.02, 3.07, circuit_pos, 619.61, 120.68, 311.81, 2.26, -0.02, 3.07, tool_force, -1.15, 2.57, -13.12, actual_rep, 2, curr_step, 26, track_size, 72, robot_vel, 37.65, joints_pos, 19.58, 44.14, -16.2, -75.71, 16.72, 59.46, 50.26, tool_torque, -1.338, 0.217, -0.106, joint_torque, -0.1, -9.6, -0.53, 6.41, 0.89, -1.23, -0.09, robot_mode, normal, 
09/12/2022 13:25:31:149, robot_pos, 1670592095035, 620.21, 117.37, 313.85, 2.26, -0.02, 3.07, circuit_pos, 619.45, 126.37, 312.42, 2.25, -0.02, 3.07, tool_force, -0.98, 2.79, -13.28, actual_rep, 2, curr_step, 27, track_size, 72, robot_vel, 39.89, joints_pos, 20.07, 44.14, -16.2, -75.57, 16.78, 59.44, 50.81, tool_torque, -1.317, 0.182, -0.102, joint_torque, -0.01, -9.66, -0.55, 6.45, 0.9, -1.26, -0.1, robot_mode, normal, 
09/12/2022 13:25:31:311, robot_pos, 1670592095185, 619.97, 123.1, 314.54, 2.25, -0.02, 3.07, circuit_pos, 619.15, 132.12, 312.83, 2.25, -0.02, 3.07, tool_force, -0.86, 2.54, -13.54, actual_rep, 2, curr_step, 28, track_size, 72, robot_vel, 43.59, joints_pos, 20.58, 44.17, -16.21, -75.41, 16.79, 59.45, 51.69, tool_torque, -1.422, 0.261, -0.137, joint_torque, -0.22, -9.82, -0.63, 6.43, 0.9, -1.29, -0.1, robot_mode, normal, 
09/12/2022 13:25:31:468, robot_pos, 1670592095333, 619.72, 128.93, 314.98, 2.25, -0.02, 3.07, circuit_pos, 618.9, 137.78, 313.01, 2.25, -0.02, 3.07, tool_force, -1.13, 2.66, -12.89, actual_rep, 2, curr_step, 29, track_size, 72, robot_vel, 39.24, joints_pos, 21.1, 44.24, -16.22, -75.21, 16.79, 59.51, 52.37, tool_torque, -1.531, 0.203, -0.108, joint_torque, -0.32, -9.69, -0.61, 6.5, 0.9, -1.46, -0.07, robot_mode, normal, 
09/12/2022 13:25:31:611, robot_pos, 1670592095483, 619.47, 134.73, 315.33, 2.25, -0.02, 3.06, circuit_pos, 618.68, 143.43, 313.21, 2.25, -0.02, 3.07, tool_force, -1.36, 2.65, -12.73, actual_rep, 2, curr_step, 30, track_size, 72, robot_vel, 34.61, joints_pos, 21.6, 44.32, -16.23, -75.01, 16.76, 59.55, 52.98, tool_torque, -1.597, 0.204, -0.102, joint_torque, -0.37, -9.67, -0.64, 6.52, 0.92, -1.52, -0.07, robot_mode, normal, 
09/12/2022 13:25:31:771, robot_pos, 1670592095631, 619.25, 140.59, 315.62, 2.25, -0.02, 3.06, circuit_pos, 618.69, 148.48, 313.26, 2.24, -0.02, 3.06, tool_force, -0.61, 2.49, -13.37, actual_rep, 2, curr_step, 31, track_size, 72, robot_vel, 40.64, joints_pos, 22.09, 44.42, -16.21, -74.78, 16.74, 59.62, 53.58, tool_torque, -1.624, 0.134, -0.099, joint_torque, -0.19, -9.94, -0.65, 6.56, 0.92, -1.53, -0.07, robot_mode, normal, 
09/12/2022 13:25:31:907, robot_pos, 1670592095783, 619.26, 146.45, 315.8, 2.24, -0.02, 3.06, circuit_pos, 618.5, 157.93, 312.71, 2.23, -0.01, 3.06, tool_force, -0.53, 3.09, -13.32, actual_rep, 2, curr_step, 33, track_size, 72, robot_vel, 36.3, joints_pos, 22.55, 44.5, -16.19, -74.63, 16.91, 59.41, 54.4, tool_torque, -1.265, 0.177, -0.086, joint_torque, 0.03, -9.86, -0.61, 6.49, 0.85, -1.26, -0.09, robot_mode, normal, 
09/12/2022 13:25:32:059, robot_pos, 1670592095931, 619.12, 152.11, 315.53, 2.24, -0.02, 3.06, circuit_pos, 618.01, 166.56, 311.61, 2.22, -0.01, 3.06, tool_force, -1.4, 3.17, -13.18, actual_rep, 2, curr_step, 35, track_size, 72, robot_vel, 39.4, joints_pos, 23.09, 44.62, -16.24, -74.48, 16.86, 59.2, 55.33, tool_torque, -1.332, 0.393, -0.11, joint_torque, -0.41, -9.72, -0.58, 6.49, 0.89, -1.28, -0.1, robot_mode, normal, 
09/12/2022 13:25:32:213, robot_pos, 1670592096080, 618.82, 158.03, 315.04, 2.23, -0.02, 3.06, circuit_pos, 617.47, 173.7, 309.87, 2.21, -0.01, 3.07, tool_force, -0.8, 3.14, -13.39, actual_rep, 2, curr_step, 38, track_size, 72, robot_vel, 41.66, joints_pos, 23.67, 44.78, -16.3, -74.27, 16.73, 59.12, 56.36, tool_torque, -1.365, 0.342, -0.098, joint_torque, -0.09, -9.95, -0.53, 6.64, 0.9, -1.34, -0.06, robot_mode, normal, 
09/12/2022 13:25:32:371, robot_pos, 1670592096228, 618.49, 163.68, 314.06, 2.22, -0.01, 3.06, circuit_pos, 617.47, 173.15, 309.13, 2.21, -0.01, 3.07, tool_force, -0.88, 3.17, -12.96, actual_rep, 2, curr_step, 40, track_size, 72, robot_vel, 36.98, joints_pos, 24.17, 44.99, -16.29, -74.06, 16.53, 59.09, 57.39, tool_torque, -1.402, 0.37, -0.103, joint_torque, -0.27, -9.71, -0.69, 6.54, 0.87, -1.41, -0.06, robot_mode, normal, 
09/12/2022 13:25:32:509, robot_pos, 1670592096377, 618.19, 169.52, 312.81, 2.22, -0.01, 3.06, circuit_pos, 617.58, 173.1, 309.72, 2.21, -0.01, 3.07, tool_force, -0.88, 2.6, -13.1, actual_rep, 2, curr_step, 43, track_size, 72, robot_vel, 39.26, joints_pos, 24.7, 45.27, -16.29, -73.75, 16.28, 59.19, 58.57, tool_torque, -1.623, 0.233, -0.101, joint_torque, -0.11, -10.08, -0.61, 6.7, 0.86, -1.61, -0.07, robot_mode, normal, 
09/12/2022 13:25:32:808, robot_pos, 1670592096675, 618.01, 173.63, 312.52, 2.21, -0.01, 3.07, circuit_pos, 617.74, 173.64, 309.48, 2.21, -0.01, 3.07, tool_force, -0.85, 4.3, -12.58, actual_rep, 2, curr_step, 48, track_size, 72, robot_vel, 2.81, joints_pos, 25.12, 45.46, -16.4, -73.49, 16.15, 59.37, 59.32, tool_torque, -1.224, 0.121, 0.079, joint_torque, -0.02, -9.72, -0.63, 6.82, 0.74, -1.5, 0.12, robot_mode, normal, 
09/12/2022 13:25:32:968, robot_pos, 1670592096824, 618.25, 173.8, 312.15, 2.21, -0.01, 3.07, circuit_pos, 617.74, 173.47, 309.51, 2.21, -0.01, 3.07, tool_force, -0.7, 3.67, -13.4, actual_rep, 2, curr_step, 50, track_size, 72, robot_vel, 2.74, joints_pos, 25.12, 45.5, -16.39, -73.46, 16.15, 59.33, 59.33, tool_torque, -1.215, 0.129, 0.03, joint_torque, 0.07, -9.87, -0.62, 6.73, 0.74, -1.44, 0.06, robot_mode, normal, 
09/12/2022 13:25:33:271, robot_pos, 1670592097123, 618.19, 173.75, 312.16, 2.21, -0.01, 3.07, circuit_pos, 617.73, 173.58, 309.53, 2.21, -0.01, 3.07, tool_force, -0.96, 3.78, -13.16, actual_rep, 2, curr_step, 55, track_size, 72, robot_vel, 1.11, joints_pos, 25.11, 45.5, -16.39, -73.47, 16.15, 59.33, 59.33, tool_torque, -1.226, 0.165, 0.039, joint_torque, -0.07, -9.72, -0.68, 6.7, 0.75, -1.45, 0.07, robot_mode, normal, 
09/12/2022 13:25:33:568, robot_pos, 1670592097422, 618.17, 173.78, 312.17, 2.21, -0.01, 3.07, circuit_pos, 617.7, 173.64, 309.53, 2.21, -0.01, 3.07, tool_force, -0.89, 3.74, -13.28, actual_rep, 2, curr_step, 60, track_size, 72, robot_vel, 0.18, joints_pos, 25.11, 45.49, -16.39, -73.47, 16.15, 59.33, 59.33, tool_torque, -1.242, 0.165, 0.031, joint_torque, -0.05, -9.82, -0.67, 6.75, 0.75, -1.46, 0.06, robot_mode, normal, 
09/12/2022 13:25:33:867, robot_pos, 1670592097721, 618.17, 173.78, 312.17, 2.21, -0.01, 3.07, circuit_pos, 617.71, 173.63, 309.53, 2.21, -0.01, 3.07, tool_force, -0.8, 3.67, -13.3, actual_rep, 2, curr_step, 66, track_size, 72, robot_vel, 0.03, joints_pos, 25.11, 45.49, -16.39, -73.47, 16.15, 59.33, 59.33, tool_torque, -1.249, 0.155, 0.029, joint_torque, -0.03, -9.84, -0.67, 6.74, 0.76, -1.45, 0.06, robot_mode, normal, 
09/12/2022 13:25:34:171, robot_pos, 1670592098021, 618.17, 173.78, 312.17, 2.21, -0.01, 3.07, circuit_pos, 617.71, 173.63, 309.53, 2.21, -0.01, 3.07, tool_force, -0.78, 3.62, -13.33, actual_rep, 2, curr_step, 71, track_size, 72, robot_vel, 0.01, joints_pos, 25.11, 45.49, -16.39, -73.47, 16.14, 59.33, 59.33, tool_torque, -1.257, 0.15, 0.03, joint_torque, -0.02, -9.87, -0.67, 6.74, 0.76, -1.45, 0.06, robot_mode, normal, 
09/12/2022 13:25:34:328, robot_pos, 1670592098171, 618.17, 173.78, 312.17, 2.21, -0.01, 3.07, circuit_pos, 617.71, 173.63, 309.53, 2.21, -0.01, 3.07, tool_force, -0.79, 3.62, -13.34, actual_rep, 2, curr_step, 70, track_size, 72, robot_vel, 0.01, joints_pos, 25.11, 45.49, -16.39, -73.47, 16.14, 59.33, 59.33, tool_torque, -1.256, 0.151, 0.03, joint_torque, -0.03, -9.88, -0.68, 6.74, 0.76, -1.45, 0.06, robot_mode, normal, 
09/12/2022 13:25:34:471, robot_pos, 1670592098321, 618.17, 173.78, 312.17, 2.21, -0.01, 3.07, circuit_pos, 617.71, 173.63, 309.53, 2.21, -0.01, 3.07, tool_force, -0.79, 3.64, -13.33, actual_rep, 2, curr_step, 67, track_size, 72, robot_vel, 0.01, joints_pos, 25.11, 45.49, -16.39, -73.47, 16.14, 59.33, 59.33, tool_torque, -1.255, 0.152, 0.03, joint_torque, -0.02, -9.87, -0.67, 6.74, 0.76, -1.45, 0.06, robot_mode, normal, 
09/12/2022 13:25:34:630, robot_pos, 1670592098472, 618.17, 173.78, 312.17, 2.21, -0.01, 3.07, circuit_pos, 617.71, 173.64, 309.53, 2.21, -0.01, 3.07, tool_force, -0.78, 3.63, -13.35, actual_rep, 2, curr_step, 64, track_size, 72, robot_vel, 0.0, joints_pos, 25.11, 45.49, -16.39, -73.47, 16.14, 59.33, 59.33, tool_torque, -1.256, 0.149, 0.03, joint_torque, -0.02, -9.88, -0.67, 6.74, 0.76, -1.45, 0.06, robot_mode, normal, 
09/12/2022 13:25:34:771, robot_pos, 1670592098623, 618.17, 173.78, 312.17, 2.21, -0.01, 3.07, circuit_pos, 617.7, 173.64, 309.53, 2.21, -0.01, 3.07, tool_force, -0.82, 3.62, -13.33, actual_rep, 2, curr_step, 62, track_size, 72, robot_vel, 0.02, joints_pos, 25.11, 45.49, -16.39, -73.47, 16.14, 59.33, 59.33, tool_torque, -1.259, 0.158, 0.027, joint_torque, -0.04, -9.88, -0.68, 6.74, 0.76, -1.45, 0.06, robot_mode, normal, 
09/12/2022 13:25:34:931, robot_pos, 1670592098773, 618.17, 173.78, 312.17, 2.21, -0.01, 3.07, circuit_pos, 617.7, 173.64, 309.53, 2.21, -0.01, 3.07, tool_force, -0.83, 3.66, -13.32, actual_rep, 2, curr_step, 60, track_size, 72, robot_vel, 0.02, joints_pos, 25.11, 45.49, -16.39, -73.47, 16.14, 59.33, 59.33, tool_torque, -1.256, 0.159, 0.027, joint_torque, -0.04, -9.87, -0.68, 6.74, 0.76, -1.45, 0.06, robot_mode, normal, 
09/12/2022 13:25:35:070, robot_pos, 1670592098923, 618.17, 173.78, 312.17, 2.21, -0.01, 3.07, circuit_pos, 617.71, 173.62, 309.53, 2.21, -0.01, 3.07, tool_force, -0.84, 3.66, -13.32, actual_rep, 2, curr_step, 57, track_size, 72, robot_vel, 0.02, joints_pos, 25.11, 45.49, -16.39, -73.47, 16.14, 59.33, 59.33, tool_torque, -1.254, 0.158, 0.027, joint_torque, -0.04, -9.87, -0.68, 6.74, 0.76, -1.45, 0.06, robot_mode, normal, 
09/12/2022 13:25:35:228, robot_pos, 1670592099072, 618.18, 173.76, 312.17, 2.21, -0.01, 3.07, circuit_pos, 617.72, 173.59, 309.52, 2.21, -0.01, 3.07, tool_force, -0.68, 3.68, -13.31, actual_rep, 2, curr_step, 54, track_size, 72, robot_vel, 0.21, joints_pos, 25.11, 45.49, -16.39, -73.47, 16.14, 59.33, 59.33, tool_torque, -1.242, 0.119, 0.042, joint_torque, 0.05, -9.85, -0.66, 6.74, 0.76, -1.45, 0.06, robot_mode, normal, 
09/12/2022 13:25:35:369, robot_pos, 1670592099221, 618.17, 173.79, 312.16, 2.21, -0.01, 3.07, circuit_pos, 617.75, 173.46, 309.48, 2.21, -0.01, 3.07, tool_force, -0.91, 3.68, -13.3, actual_rep, 2, curr_step, 51, track_size, 72, robot_vel, 0.41, joints_pos, 25.12, 45.49, -16.39, -73.47, 16.14, 59.33, 59.33, tool_torque, -1.254, 0.178, 0.022, joint_torque, -0.07, -9.86, -0.67, 6.75, 0.76, -1.45, 0.05, robot_mode, normal, 
09/12/2022 13:25:35:527, robot_pos, 1670592099371, 618.18, 173.66, 312.15, 2.21, -0.01, 3.07, circuit_pos, 617.74, 173.65, 309.52, 2.21, -0.01, 3.07, tool_force, -0.71, 3.75, -13.31, actual_rep, 2, curr_step, 49, track_size, 72, robot_vel, 1.53, joints_pos, 25.11, 45.49, -16.4, -73.48, 16.14, 59.33, 59.33, tool_torque, -1.244, 0.154, 0.062, joint_torque, -0.05, -9.87, -0.68, 6.74, 0.76, -1.45, 0.1, robot_mode, normal, 
09/12/2022 13:25:35:709, robot_pos, 1670592099520, 618.17, 173.73, 312.16, 2.21, -0.01, 3.07, circuit_pos, 617.63, 173.42, 309.99, 2.21, -0.01, 3.07, tool_force, -0.65, 3.66, -13.57, actual_rep, 2, curr_step, 46, track_size, 72, robot_vel, 1.07, joints_pos, 25.11, 45.49, -16.39, -73.48, 16.14, 59.33, 59.33, tool_torque, -1.266, 0.109, 0.047, joint_torque, 0.02, -10.19, -0.72, 6.93, 0.76, -1.48, 0.07, robot_mode, normal, 
09/12/2022 13:25:35:828, robot_pos, 1670592099672, 618.06, 173.57, 313.08, 2.21, -0.01, 3.07, circuit_pos, 617.58, 173.1, 309.72, 2.21, -0.01, 3.07, tool_force, -0.43, 3.1, -13.05, actual_rep, 2, curr_step, 43, track_size, 72, robot_vel, 7.04, joints_pos, 25.11, 45.41, -16.41, -73.48, 16.12, 59.42, 59.33, tool_torque, -1.415, 0.042, 0.045, joint_torque, 0.1, -9.86, -0.58, 6.65, 0.75, -1.56, 0.08, robot_mode, normal, 
09/12/2022 13:25:35:969, robot_pos, 1670592099821, 617.93, 173.16, 311.98, 2.21, -0.01, 3.07, circuit_pos, 617.59, 172.67, 309.2, 2.21, -0.01, 3.07, tool_force, -0.38, 3.93, -13.72, actual_rep, 2, curr_step, 41, track_size, 72, robot_vel, 8.81, joints_pos, 25.09, 45.47, -16.41, -73.55, 16.12, 59.31, 59.31, tool_torque, -1.189, 0.073, 0.125, joint_torque, 0.2, -10.24, -0.65, 6.95, 0.79, -1.44, 0.15, robot_mode, normal, 
09/12/2022 13:25:36:130, robot_pos, 1670592099972, 617.89, 173.78, 311.94, 2.21, -0.01, 3.07, circuit_pos, 617.47, 173.7, 309.87, 2.21, -0.01, 3.07, tool_force, -0.79, 3.3, -13.66, actual_rep, 2, curr_step, 38, track_size, 72, robot_vel, 3.54, joints_pos, 25.1, 45.48, -16.34, -73.52, 16.15, 59.33, 59.31, tool_torque, -1.334, 0.193, 0.082, joint_torque, -0.55, -10.17, -1.13, 6.76, 0.74, -1.49, 0.12, robot_mode, normal, 
09/12/2022 13:25:36:270, robot_pos, 1670592100120, 618.39, 173.23, 312.95, 2.21, -0.01, 3.06, circuit_pos, 617.91, 169.87, 311.16, 2.22, -0.01, 3.06, tool_force, -2.62, 3.4, -12.89, actual_rep, 2, curr_step, 36, track_size, 72, robot_vel, 7.33, joints_pos, 25.11, 45.43, -16.46, -73.48, 16.15, 59.29, 59.28, tool_torque, -1.375, 0.428, 0.081, joint_torque, -1.17, -9.64, -1.06, 6.5, 0.73, -1.45, 0.18, robot_mode, normal, 
09/12/2022 13:25:36:429, robot_pos, 1670592100272, 618.4, 168.29, 313.83, 2.22, -0.01, 3.06, circuit_pos, 618.5, 157.93, 312.71, 2.23, -0.01, 3.06, tool_force, -0.06, 4.1, -13.65, actual_rep, 2, curr_step, 33, track_size, 72, robot_vel, 45.87, joints_pos, 24.79, 45.12, -16.62, -73.93, 16.54, 58.92, 58.14, tool_torque, -1.051, 0.027, 0.3, joint_torque, -0.08, -10.5, -0.71, 7.01, 0.75, -1.4, 0.4, robot_mode, normal, 
09/12/2022 13:25:36:570, robot_pos, 1670592100420, 618.61, 163.06, 314.45, 2.22, -0.01, 3.06, circuit_pos, 618.68, 143.43, 313.21, 2.25, -0.02, 3.07, tool_force, 0.7, 4.28, -13.58, actual_rep, 2, curr_step, 30, track_size, 72, robot_vel, 33.52, joints_pos, 24.35, 44.94, -16.65, -74.16, 16.68, 58.95, 57.21, tool_torque, -1.048, -0.266, 0.399, joint_torque, 0.61, -9.87, -0.51, 6.82, 0.77, -1.46, 0.42, robot_mode, normal, 
09/12/2022 13:25:36:888, robot_pos, 1670592100721, 618.94, 151.44, 315.31, 2.24, -0.02, 3.06, circuit_pos, 618.68, 143.43, 313.21, 2.25, -0.02, 3.07, tool_force, 0.78, 4.37, -13.04, actual_rep, 2, curr_step, 30, track_size, 72, robot_vel, 45.01, joints_pos, 23.31, 44.68, -16.65, -74.49, 16.88, 59.38, 55.14, tool_torque, -1.197, -0.316, 0.389, joint_torque, 0.51, -9.68, -0.54, 6.78, 0.81, -1.57, 0.41, robot_mode, normal, 
09/12/2022 13:25:37:030, robot_pos, 1670592100872, 619.13, 145.55, 315.63, 2.25, -0.02, 3.06, circuit_pos, 618.9, 137.78, 313.01, 2.25, -0.02, 3.07, tool_force, -0.1, 4.02, -13.23, actual_rep, 2, curr_step, 29, track_size, 72, robot_vel, 41.02, joints_pos, 22.78, 44.57, -16.65, -74.62, 16.94, 59.61, 54.17, tool_torque, -1.239, -0.323, 0.384, joint_torque, 0.49, -9.65, -0.51, 6.81, 0.84, -1.58, 0.4, robot_mode, normal, 
09/12/2022 13:25:37:187, robot_pos, 1670592101020, 619.32, 139.85, 315.62, 2.25, -0.02, 3.07, circuit_pos, 619.15, 132.12, 312.83, 2.25, -0.02, 3.07, tool_force, 0.52, 4.51, -12.91, actual_rep, 2, curr_step, 28, track_size, 72, robot_vel, 46.33, joints_pos, 22.29, 44.46, -16.65, -74.83, 16.97, 59.63, 53.51, tool_torque, -1.145, -0.315, 0.351, joint_torque, 0.76, -9.49, -0.34, 6.75, 0.86, -1.53, 0.36, robot_mode, normal, 
09/12/2022 13:25:37:331, robot_pos, 1670592101171, 619.56, 133.98, 315.54, 2.25, -0.02, 3.07, circuit_pos, 619.45, 126.37, 312.42, 2.25, -0.02, 3.07, tool_force, 0.36, 4.32, -13.19, actual_rep, 2, curr_step, 27, track_size, 72, robot_vel, 40.26, joints_pos, 21.79, 44.35, -16.66, -75.02, 17.0, 59.62, 52.89, tool_torque, -1.078, -0.285, 0.358, joint_torque, 0.86, -9.53, -0.26, 6.74, 0.88, -1.45, 0.37, robot_mode, normal, 
09/12/2022 13:25:37:490, robot_pos, 1670592101321, 619.84, 128.22, 315.23, 2.25, -0.02, 3.07, circuit_pos, 619.61, 120.68, 311.81, 2.26, -0.02, 3.07, tool_force, -0.01, 4.43, -13.27, actual_rep, 2, curr_step, 26, track_size, 72, robot_vel, 47.4, joints_pos, 21.29, 44.27, -16.66, -75.22, 17.03, 59.58, 52.24, tool_torque, -1.015, -0.096, 0.337, joint_torque, 0.37, -9.65, -0.44, 6.7, 0.88, -1.3, 0.37, robot_mode, normal, 
09/12/2022 13:25:37:629, robot_pos, 1670592101472, 620.09, 122.39, 314.73, 2.26, -0.02, 3.07, circuit_pos, 619.73, 115.25, 310.98, 2.26, -0.02, 3.07, tool_force, -0.24, 4.69, -13.44, actual_rep, 2, curr_step, 25, track_size, 72, robot_vel, 40.45, joints_pos, 20.78, 44.21, -16.66, -75.41, 17.08, 59.54, 51.29, tool_torque, -0.917, -0.126, 0.366, joint_torque, 0.62, -9.66, -0.38, 6.76, 0.89, -1.25, 0.38, robot_mode, normal, 
09/12/2022 13:25:37:790, robot_pos, 1670592101621, 620.22, 116.64, 313.96, 2.26, -0.02, 3.07, circuit_pos, 619.88, 109.67, 310.15, 2.26, -0.02, 3.08, tool_force, -0.34, 4.55, -13.39, actual_rep, 2, curr_step, 24, track_size, 72, robot_vel, 45.04, joints_pos, 20.28, 44.17, -16.67, -75.63, 17.12, 59.45, 50.65, tool_torque, -0.94, -0.093, 0.367, joint_torque, 0.52, -9.52, -0.37, 6.67, 0.91, -1.25, 0.39, robot_mode, normal, 
09/12/2022 13:25:37:927, robot_pos, 1670592101771, 620.26, 110.94, 313.15, 2.26, -0.02, 3.07, circuit_pos, 619.96, 103.53, 309.26, 2.26, -0.02, 3.08, tool_force, -0.14, 4.02, -13.03, actual_rep, 2, curr_step, 23, track_size, 72, robot_vel, 39.14, joints_pos, 19.87, 44.19, -16.75, -75.73, 16.95, 59.61, 50.19, tool_torque, -1.241, -0.182, 0.345, joint_torque, 0.57, -9.57, -0.31, 6.68, 1.0, -1.46, 0.37, robot_mode, normal, 
09/12/2022 13:25:38:252, robot_pos, 1670592102072, 620.73, 99.34, 311.6, 2.27, -0.02, 3.08, circuit_pos, 620.78, 89.35, 307.67, 2.27, -0.01, 3.09, tool_force, 0.33, 4.43, -13.39, actual_rep, 2, curr_step, 21, track_size, 72, robot_vel, 35.92, joints_pos, 18.85, 44.17, -16.76, -76.01, 16.94, 59.58, 48.65, tool_torque, -1.02, -0.174, 0.396, joint_torque, 0.77, -9.58, -0.29, 6.68, 1.02, -1.28, 0.39, robot_mode, normal, 
09/12/2022 13:25:38:391, robot_pos, 1670592102220, 620.99, 93.5, 311.01, 2.27, -0.01, 3.08, circuit_pos, 621.28, 81.29, 306.83, 2.28, -0.01, 3.09, tool_force, -0.02, 4.58, -13.29, actual_rep, 2, curr_step, 20, track_size, 72, robot_vel, 42.32, joints_pos, 18.44, 44.18, -16.8, -76.1, 16.48, 59.56, 48.34, tool_torque, -1.057, 0.031, 0.304, joint_torque, 0.39, -9.48, -0.29, 6.6, 1.02, -1.22, 0.35, robot_mode, normal, 
09/12/2022 13:25:38:549, robot_pos, 1670592102371, 621.39, 87.75, 310.41, 2.27, -0.01, 3.09, circuit_pos, 621.28, 81.29, 306.83, 2.28, -0.01, 3.09, tool_force, 0.15, 4.33, -13.58, actual_rep, 2, curr_step, 20, track_size, 72, robot_vel, 37.2, joints_pos, 17.98, 44.2, -16.82, -76.16, 16.23, 59.56, 47.67, tool_torque, -0.984, -0.109, 0.367, joint_torque, 0.87, -9.6, -0.19, 6.63, 1.01, -1.18, 0.38, robot_mode, normal, 
09/12/2022 13:25:38:691, robot_pos, 1670592102523, 621.73, 81.87, 309.74, 2.28, -0.01, 3.09, circuit_pos, 621.58, 73.04, 305.87, 2.28, -0.01, 3.09, tool_force, -0.5, 4.23, -13.63, actual_rep, 2, curr_step, 19, track_size, 72, robot_vel, 44.78, joints_pos, 17.44, 44.2, -16.8, -76.27, 16.23, 59.5, 46.95, tool_torque, -0.937, -0.038, 0.351, joint_torque, 0.47, -9.54, -0.43, 6.58, 1.01, -1.14, 0.35, robot_mode, normal, 
09/12/2022 13:25:38:848, robot_pos, 1670592102672, 622.0, 76.11, 309.09, 2.28, -0.01, 3.09, circuit_pos, 621.7, 64.77, 304.79, 2.29, -0.01, 3.09, tool_force, -0.86, 3.96, -13.63, actual_rep, 2, curr_step, 18, track_size, 72, robot_vel, 36.94, joints_pos, 16.91, 44.2, -16.8, -76.38, 16.23, 59.43, 46.25, tool_torque, -0.957, -0.0020, 0.352, joint_torque, 0.45, -9.52, -0.43, 6.56, 1.01, -1.11, 0.34, robot_mode, normal, 
09/12/2022 13:25:38:988, robot_pos, 1670592102822, 622.14, 70.34, 308.33, 2.28, -0.01, 3.09, circuit_pos, 621.7, 64.77, 304.79, 2.29, -0.01, 3.09, tool_force, -0.77, 4.21, -13.61, actual_rep, 2, curr_step, 18, track_size, 72, robot_vel, 40.15, joints_pos, 16.41, 44.2, -16.8, -76.5, 16.27, 59.34, 45.4, tool_torque, -0.939, -0.0030, 0.368, joint_torque, 0.35, -9.47, -0.47, 6.57, 0.99, -1.12, 0.38, robot_mode, normal, 
09/12/2022 13:25:39:149, robot_pos, 1670592102973, 622.28, 64.54, 307.63, 2.29, -0.01, 3.09, circuit_pos, 621.78, 57.42, 303.83, 2.3, -0.01, 3.09, tool_force, -0.68, 4.14, -13.63, actual_rep, 2, curr_step, 17, track_size, 72, robot_vel, 40.38, joints_pos, 15.87, 44.2, -16.78, -76.63, 16.3, 59.26, 44.43, tool_torque, -0.911, -0.033, 0.354, joint_torque, 0.42, -9.47, -0.47, 6.54, 0.98, -1.08, 0.36, robot_mode, normal, 
09/12/2022 13:25:39:329, robot_pos, 1670592103135, 622.26, 58.27, 306.8, 2.3, -0.01, 3.09, circuit_pos, 621.68, 48.29, 302.56, 2.3, -0.02, 3.09, tool_force, -0.46, 4.18, -13.64, actual_rep, 2, curr_step, 16, track_size, 72, robot_vel, 43.65, joints_pos, 15.29, 44.19, -16.77, -76.76, 16.41, 59.22, 43.47, tool_torque, -0.909, -0.102, 0.332, joint_torque, 0.56, -9.43, -0.4, 6.51, 0.98, -1.11, 0.33, robot_mode, normal, 
09/12/2022 13:25:39:451, robot_pos, 1670592103273, 622.18, 52.77, 306.05, 2.3, -0.02, 3.09, circuit_pos, 621.68, 48.29, 302.56, 2.3, -0.02, 3.09, tool_force, -0.67, 3.64, -13.35, actual_rep, 2, curr_step, 16, track_size, 72, robot_vel, 40.24, joints_pos, 14.74, 44.22, -16.76, -76.84, 16.66, 59.3, 42.69, tool_torque, -1.133, -0.177, 0.316, joint_torque, 0.25, -9.47, -0.56, 6.44, 0.98, -1.26, 0.32, robot_mode, normal, 
09/12/2022 13:25:39:630, robot_pos, 1670592103422, 622.2, 47.15, 305.23, 2.3, -0.02, 3.09, circuit_pos, 621.5, 39.55, 301.39, 2.31, -0.02, 3.09, tool_force, -0.17, 3.83, -13.27, actual_rep, 2, curr_step, 15, track_size, 72, robot_vel, 37.77, joints_pos, 14.21, 44.26, -16.75, -76.91, 16.8, 59.34, 41.84, tool_torque, -1.065, -0.234, 0.313, joint_torque, 0.56, -9.46, -0.41, 6.45, 1.01, -1.22, 0.3, robot_mode, normal, 
09/12/2022 13:25:39:747, robot_pos, 1670592103574, 622.07, 41.35, 304.51, 2.31, -0.02, 3.09, circuit_pos, 621.3, 29.46, 300.25, 2.32, -0.02, 3.09, tool_force, -0.6, 3.58, -13.46, actual_rep, 2, curr_step, 14, track_size, 72, robot_vel, 39.4, joints_pos, 13.66, 44.27, -16.76, -77.01, 16.89, 59.34, 40.9, tool_torque, -1.083, -0.161, 0.31, joint_torque, 0.46, -9.48, -0.41, 6.45, 1.03, -1.17, 0.31, robot_mode, normal, 
09/12/2022 13:25:39:930, robot_pos, 1670592103723, 621.98, 35.6, 303.84, 2.31, -0.02, 3.09, circuit_pos, 621.3, 29.46, 300.25, 2.32, -0.02, 3.09, tool_force, -0.7, 3.67, -13.57, actual_rep, 2, curr_step, 14, track_size, 72, robot_vel, 42.84, joints_pos, 13.15, 44.28, -16.76, -77.1, 16.95, 59.31, 40.01, tool_torque, -1.001, -0.072, 0.285, joint_torque, 0.46, -9.35, -0.38, 6.37, 1.04, -1.07, 0.29, robot_mode, normal, 
09/12/2022 13:25:40:050, robot_pos, 1670592103872, 621.93, 29.67, 303.3, 2.32, -0.02, 3.09, circuit_pos, 621.22, 18.66, 299.53, 2.33, -0.02, 3.09, tool_force, -0.59, 3.93, -13.5, actual_rep, 2, curr_step, 13, track_size, 72, robot_vel, 40.43, joints_pos, 12.61, 44.3, -16.77, -77.17, 17.01, 59.3, 39.1, tool_torque, -0.965, -0.058, 0.284, joint_torque, 0.56, -9.38, -0.27, 6.42, 1.06, -1.02, 0.29, robot_mode, normal, 
09/12/2022 13:25:40:189, robot_pos, 1670592104023, 621.85, 24.01, 302.83, 2.32, -0.02, 3.09, circuit_pos, 621.22, 18.66, 299.53, 2.33, -0.02, 3.09, tool_force, -0.34, 4.11, -13.62, actual_rep, 2, curr_step, 13, track_size, 72, robot_vel, 41.85, joints_pos, 12.09, 44.3, -16.76, -77.23, 17.04, 59.28, 38.23, tool_torque, -0.921, -0.074, 0.306, joint_torque, 0.69, -9.47, -0.25, 6.41, 1.07, -0.98, 0.31, robot_mode, normal, 
09/12/2022 13:25:40:337, robot_pos, 1670592104174, 621.87, 18.14, 302.54, 2.33, -0.02, 3.09, circuit_pos, 621.31, 7.17, 299.27, 2.33, -0.02, 3.09, tool_force, -0.87, 3.65, -13.62, actual_rep, 2, curr_step, 12, track_size, 72, robot_vel, 40.15, joints_pos, 11.54, 44.31, -16.77, -77.27, 17.08, 59.28, 37.53, tool_torque, -1.039, 0.019, 0.275, joint_torque, 0.21, -9.41, -0.38, 6.32, 1.07, -0.99, 0.28, robot_mode, normal, 
09/12/2022 13:25:40:531, robot_pos, 1670592104324, 621.86, 12.38, 302.29, 2.33, -0.02, 3.09, circuit_pos, 621.31, 7.17, 299.27, 2.33, -0.02, 3.09, tool_force, -0.62, 3.75, -13.57, actual_rep, 2, curr_step, 12, track_size, 72, robot_vel, 37.77, joints_pos, 11.02, 44.32, -16.77, -77.29, 17.11, 59.28, 36.89, tool_torque, -0.995, -0.059, 0.254, joint_torque, 0.76, -9.36, -0.11, 6.34, 1.1, -0.98, 0.25, robot_mode, normal, 
09/12/2022 13:25:40:647, robot_pos, 1670592104476, 621.89, 6.52, 302.17, 2.33, -0.02, 3.09, circuit_pos, 621.4, -3.17, 299.31, 2.33, -0.02, 3.09, tool_force, -0.51, 3.58, -13.56, actual_rep, 2, curr_step, 11, track_size, 72, robot_vel, 38.75, joints_pos, 10.47, 44.33, -16.78, -77.3, 17.13, 59.29, 36.31, tool_torque, -1.059, -0.061, 0.257, joint_torque, 0.62, -9.48, -0.16, 6.35, 1.1, -1.0, 0.27, robot_mode, normal, 
09/12/2022 13:25:40:791, robot_pos, 1670592104625, 621.88, 0.76, 302.1, 2.33, -0.02, 3.09, circuit_pos, 621.41, -16.2, 299.67, 2.34, -0.02, 3.09, tool_force, -0.4, 3.39, -13.61, actual_rep, 2, curr_step, 10, track_size, 72, robot_vel, 40.77, joints_pos, 9.93, 44.34, -16.78, -77.3, 17.15, 59.31, 35.73, tool_torque, -1.124, -0.112, 0.242, joint_torque, 0.52, -9.47, -0.23, 6.3, 1.11, -1.04, 0.24, robot_mode, normal, 
09/12/2022 13:25:40:949, robot_pos, 1670592104775, 621.85, -5.07, 302.15, 2.33, -0.02, 3.09, circuit_pos, 621.41, -16.2, 299.67, 2.34, -0.02, 3.09, tool_force, -0.57, 3.12, -13.37, actual_rep, 2, curr_step, 10, track_size, 72, robot_vel, 38.89, joints_pos, 9.4, 44.34, -16.77, -77.29, 17.16, 59.34, 34.99, tool_torque, -1.187, -0.162, 0.241, joint_torque, 0.48, -9.4, -0.2, 6.23, 1.12, -1.09, 0.25, robot_mode, normal, 
09/12/2022 13:25:41:150, robot_pos, 1670592104930, 621.78, -11.0, 302.27, 2.34, -0.02, 3.09, circuit_pos, 621.3, -26.89, 300.2, 2.34, -0.02, 3.09, tool_force, -0.27, 3.11, -13.13, actual_rep, 2, curr_step, 9, track_size, 72, robot_vel, 38.28, joints_pos, 8.84, 44.34, -16.77, -77.27, 17.17, 59.4, 34.25, tool_torque, -1.213, -0.218, 0.249, joint_torque, 0.47, -9.47, -0.29, 6.22, 1.12, -1.12, 0.26, robot_mode, normal, 
09/12/2022 13:25:41:248, robot_pos, 1670592105073, 621.75, -16.63, 302.44, 2.34, -0.02, 3.09, circuit_pos, 621.3, -26.89, 300.2, 2.34, -0.02, 3.09, tool_force, 0.39, 3.2, -13.33, actual_rep, 2, curr_step, 9, track_size, 72, robot_vel, 39.36, joints_pos, 8.32, 44.34, -16.77, -77.23, 17.17, 59.46, 33.65, tool_torque, -1.223, -0.256, 0.223, joint_torque, 0.59, -9.44, -0.19, 6.12, 1.13, -1.09, 0.23, robot_mode, normal, 
09/12/2022 13:25:41:428, robot_pos, 1670592105230, 621.7, -22.62, 302.68, 2.34, -0.02, 3.09, circuit_pos, 621.1, -36.42, 300.61, 2.35, -0.02, 3.09, tool_force, -0.02, 2.63, -13.28, actual_rep, 2, curr_step, 8, track_size, 72, robot_vel, 38.6, joints_pos, 7.76, 44.35, -16.77, -77.18, 17.19, 59.53, 33.02, tool_torque, -1.251, -0.256, 0.222, joint_torque, 0.59, -9.42, -0.15, 6.05, 1.14, -1.07, 0.23, robot_mode, normal, 
09/12/2022 13:25:41:552, robot_pos, 1670592105375, 621.57, -28.24, 302.88, 2.34, -0.02, 3.09, circuit_pos, 621.1, -36.42, 300.61, 2.35, -0.02, 3.09, tool_force, -0.39, 2.61, -13.01, actual_rep, 2, curr_step, 8, track_size, 72, robot_vel, 40.52, joints_pos, 7.24, 44.36, -16.78, -77.13, 17.19, 59.62, 32.25, tool_torque, -1.25, -0.279, 0.216, joint_torque, 0.66, -9.38, -0.1, 6.11, 1.17, -1.1, 0.21, robot_mode, normal, 
09/12/2022 13:25:41:731, robot_pos, 1670592105529, 621.47, -34.12, 303.09, 2.35, -0.02, 3.09, circuit_pos, 620.58, -46.71, 300.66, 2.36, -0.01, 3.09, tool_force, -0.02, 2.8, -13.34, actual_rep, 2, curr_step, 7, track_size, 72, robot_vel, 37.07, joints_pos, 6.69, 44.37, -16.78, -77.07, 17.19, 59.68, 31.44, tool_torque, -1.261, -0.203, 0.225, joint_torque, 0.33, -9.38, -0.29, 6.05, 1.16, -1.03, 0.23, robot_mode, normal, 
09/12/2022 13:25:41:851, robot_pos, 1670592105675, 621.35, -39.79, 303.2, 2.35, -0.02, 3.09, circuit_pos, 620.58, -46.71, 300.66, 2.36, -0.01, 3.09, tool_force, -0.62, 2.85, -13.72, actual_rep, 2, curr_step, 7, track_size, 72, robot_vel, 47.54, joints_pos, 6.22, 44.37, -16.84, -77.06, 17.09, 59.57, 30.68, tool_torque, -1.21, 0.059, 0.2, joint_torque, 0.55, -9.49, -0.02, 6.11, 1.25, -0.81, 0.21, robot_mode, normal, 
09/12/2022 13:25:42:052, robot_pos, 1670592105828, 621.06, -45.69, 303.23, 2.36, -0.01, 3.09, circuit_pos, 620.04, -56.04, 300.07, 2.37, -0.01, 3.09, tool_force, -0.66, 3.01, -13.48, actual_rep, 2, curr_step, 6, track_size, 72, robot_vel, 43.43, joints_pos, 5.7, 44.37, -16.84, -77.06, 17.03, 59.52, 29.85, tool_torque, -1.217, 0.095, 0.199, joint_torque, 0.31, -9.34, -0.18, 6.03, 1.25, -0.8, 0.21, robot_mode, normal, 
09/12/2022 13:25:42:149, robot_pos, 1670592105973, 620.72, -51.3, 303.0, 2.36, -0.01, 3.09, circuit_pos, 619.15, -64.3, 298.91, 2.37, -0.01, 3.09, tool_force, -0.52, 3.11, -13.74, actual_rep, 2, curr_step, 5, track_size, 72, robot_vel, 44.18, joints_pos, 5.18, 44.39, -16.84, -77.06, 17.02, 59.46, 29.01, tool_torque, -1.172, 0.06, 0.217, joint_torque, 0.51, -9.42, -0.11, 6.05, 1.27, -0.77, 0.21, robot_mode, normal, 
09/12/2022 13:25:42:309, robot_pos, 1670592106122, 620.27, -57.15, 302.48, 2.37, -0.01, 3.09, circuit_pos, 619.15, -64.3, 298.91, 2.37, -0.01, 3.09, tool_force, -0.82, 2.99, -13.56, actual_rep, 2, curr_step, 5, track_size, 72, robot_vel, 37.38, joints_pos, 4.64, 44.44, -16.83, -77.06, 17.02, 59.43, 28.33, tool_torque, -1.131, 0.057, 0.225, joint_torque, 0.56, -9.17, -0.07, 5.96, 1.27, -0.75, 0.21, robot_mode, normal, 
09/12/2022 13:25:42:451, robot_pos, 1670592106270, 619.72, -62.99, 301.84, 2.37, -0.01, 3.09, circuit_pos, 617.78, -71.85, 297.69, 2.37, -0.01, 3.09, tool_force, -0.8, 3.22, -13.51, actual_rep, 2, curr_step, 4, track_size, 72, robot_vel, 43.76, joints_pos, 4.1, 44.5, -16.82, -77.06, 17.03, 59.41, 27.72, tool_torque, -1.069, 0.022, 0.225, joint_torque, 0.78, -9.3, 0.0, 6.07, 1.26, -0.74, 0.2, robot_mode, normal, 
09/12/2022 13:25:42:609, robot_pos, 1670592106421, 618.89, -68.76, 301.02, 2.37, -0.01, 3.09, circuit_pos, 616.23, -78.75, 296.86, 2.37, 0.0, 3.09, tool_force, -0.97, 3.3, -13.87, actual_rep, 2, curr_step, 3, track_size, 72, robot_vel, 40.15, joints_pos, 3.57, 44.54, -16.83, -77.12, 17.07, 59.33, 27.1, tool_torque, -1.069, 0.067, 0.224, joint_torque, 0.44, -9.4, -0.19, 6.11, 1.23, -0.72, 0.21, robot_mode, normal, 
09/12/2022 13:25:42:750, robot_pos, 1670592106571, 617.94, -74.65, 300.16, 2.37, -0.01, 3.09, circuit_pos, 616.23, -78.75, 296.86, 2.37, 0.0, 3.09, tool_force, -1.39, 3.46, -13.62, actual_rep, 2, curr_step, 3, track_size, 72, robot_vel, 37.38, joints_pos, 3.1, 44.52, -16.87, -77.32, 17.0, 58.93, 26.56, tool_torque, -1.083, 0.175, 0.201, joint_torque, 0.7, -9.19, 0.05, 6.11, 1.29, -0.67, 0.19, robot_mode, normal, 
09/12/2022 13:25:42:907, robot_pos, 1670592106719, 616.68, -80.31, 299.88, 2.36, 0.0, 3.09, circuit_pos, 615.03, -85.14, 296.67, 2.36, 0.0, 3.09, tool_force, -1.54, 3.37, -13.66, actual_rep, 2, curr_step, 2, track_size, 72, robot_vel, 39.3, joints_pos, 2.64, 44.45, -16.92, -77.51, 16.94, 58.7, 26.28, tool_torque, -1.081, 0.182, 0.214, joint_torque, 0.63, -9.27, 0.01, 6.16, 1.29, -0.69, 0.22, robot_mode, normal, 
09/12/2022 13:25:43:051, robot_pos, 1670592106867, 615.62, -86.28, 299.83, 2.35, 0.0, 3.09, circuit_pos, 614.3, -90.51, 297.41, 2.34, 0.0, 3.1, tool_force, -1.2, 2.85, -13.27, actual_rep, 2, curr_step, 1, track_size, 72, robot_vel, 39.98, joints_pos, 2.17, 44.43, -17.0, -77.56, 16.8, 58.68, 26.64, tool_torque, -1.332, 0.123, -0.077, joint_torque, 0.6, -9.21, 0.05, 6.03, 1.29, -0.8, -0.12, robot_mode, normal, 
09/12/2022 13:25:43:209, robot_pos, 1670592107018, 614.71, -90.5, 300.03, 2.34, 0.0, 3.1, circuit_pos, 613.86, -94.17, 298.82, 2.34, 0.01, 3.1, tool_force, -1.42, 2.64, -12.72, actual_rep, 2, curr_step, 0, track_size, 72, robot_vel, 23.64, joints_pos, 1.87, 44.43, -17.04, -77.53, 16.45, 58.83, 27.06, tool_torque, -1.573, 0.046, -0.165, joint_torque, 0.4, -9.16, -0.01, 6.1, 1.33, -0.98, -0.19, robot_mode, normal, 
09/12/2022 13:25:43:349, robot_pos, 1670592107165, 614.77, -90.46, 300.06, 2.34, 0.0, 3.1, circuit_pos, 613.86, -94.17, 298.82, 2.34, 0.01, 3.1, tool_force, -1.91, 2.48, -12.86, actual_rep, 2, curr_step, 0, track_size, 72, robot_vel, 2.68, joints_pos, 1.82, 44.42, -16.94, -77.52, 16.3, 58.81, 27.19, tool_torque, -1.305, 0.037, -0.078, joint_torque, 0.37, -8.98, -0.38, 5.99, 1.26, -0.89, -0.17, robot_mode, normal, 
09/12/2022 13:25:43:512, robot_pos, 1670592107315, 614.73, -90.45, 300.08, 2.34, 0.0, 3.1, circuit_pos, 613.86, -94.17, 298.82, 2.34, 0.01, 3.1, tool_force, -1.45, 2.69, -13.12, actual_rep, 2, curr_step, 0, track_size, 72, robot_vel, 0.66, joints_pos, 1.82, 44.42, -16.94, -77.52, 16.3, 58.81, 27.19, tool_torque, -1.232, -0.027, -0.052, joint_torque, 0.68, -9.17, -0.24, 6.07, 1.25, -0.86, -0.15, robot_mode, normal, 
09/12/2022 13:25:43:654, robot_pos, 1670592107462, 614.74, -90.44, 300.09, 2.34, 0.0, 3.1, circuit_pos, 615.03, -85.14, 296.67, 2.36, 0.0, 3.09, tool_force, -1.44, 2.82, -13.08, actual_rep, 3, curr_step, 2, track_size, 72, robot_vel, 0.06, joints_pos, 1.82, 44.42, -16.94, -77.52, 16.31, 58.81, 27.19, tool_torque, -1.201, -0.018, -0.042, joint_torque, 0.78, -9.03, -0.13, 6.05, 1.24, -0.86, -0.13, robot_mode, normal, 
09/12/2022 13:25:43:811, robot_pos, 1670592107616, 615.51, -86.56, 299.74, 2.35, 0.0, 3.09, circuit_pos, 616.23, -78.75, 296.86, 2.37, 0.0, 3.09, tool_force, -1.61, 3.47, -13.48, actual_rep, 3, curr_step, 3, track_size, 72, robot_vel, 23.13, joints_pos, 1.93, 44.4, -16.61, -77.55, 16.42, 58.66, 26.73, tool_torque, -0.951, 0.145, 0.189, joint_torque, 0.57, -8.94, -0.25, 6.11, 1.21, -0.72, 0.15, robot_mode, normal, 
09/12/2022 13:25:43:972, robot_pos, 1670592107764, 616.36, -81.04, 299.79, 2.36, 0.0, 3.09, circuit_pos, 617.78, -71.85, 297.69, 2.37, -0.01, 3.09, tool_force, -2.2, 3.36, -13.26, actual_rep, 3, curr_step, 4, track_size, 72, robot_vel, 39.84, joints_pos, 2.28, 44.35, -16.36, -77.57, 16.36, 58.56, 26.6, tool_torque, -1.034, 0.168, 0.171, joint_torque, 0.61, -9.07, -0.07, 6.15, 1.27, -0.72, 0.12, robot_mode, normal, 
09/12/2022 13:25:44:111, robot_pos, 1670592107914, 617.25, -75.23, 300.17, 2.37, -0.01, 3.09, circuit_pos, 619.15, -64.3, 298.91, 2.37, -0.01, 3.09, tool_force, -2.37, 1.87, -12.65, actual_rep, 3, curr_step, 5, track_size, 72, robot_vel, 39.6, joints_pos, 2.64, 44.36, -16.2, -77.45, 16.53, 58.81, 26.84, tool_torque, -1.411, -0.026, -0.084, joint_torque, -0.01, -9.06, -0.39, 6.01, 1.18, -0.99, -0.13, robot_mode, normal, 
09/12/2022 13:25:44:269, robot_pos, 1670592108061, 618.44, -69.48, 300.75, 2.37, -0.01, 3.08, circuit_pos, 619.15, -64.3, 298.91, 2.37, -0.01, 3.09, tool_force, -0.95, 1.85, -13.21, actual_rep, 3, curr_step, 5, track_size, 72, robot_vel, 47.12, joints_pos, 3.16, 44.39, -16.19, -77.29, 16.58, 59.0, 27.3, tool_torque, -1.52, -0.089, -0.186, joint_torque, 0.08, -9.43, -0.32, 6.0, 1.18, -0.98, -0.21, robot_mode, normal, 
09/12/2022 13:25:44:408, robot_pos, 1670592108212, 619.27, -63.68, 301.43, 2.37, -0.01, 3.08, circuit_pos, 620.04, -56.04, 300.07, 2.37, -0.01, 3.09, tool_force, -1.23, 1.64, -12.88, actual_rep, 3, curr_step, 6, track_size, 72, robot_vel, 38.09, joints_pos, 3.71, 44.38, -16.24, -77.21, 16.62, 59.13, 27.79, tool_torque, -1.63, 0.0090, -0.223, joint_torque, -0.04, -9.23, -0.21, 5.92, 1.18, -1.0, -0.21, robot_mode, normal, 
09/12/2022 13:25:44:560, robot_pos, 1670592108359, 619.93, -57.83, 302.14, 2.37, -0.01, 3.08, circuit_pos, 620.58, -46.71, 300.66, 2.36, -0.01, 3.09, tool_force, -1.68, 1.84, -12.57, actual_rep, 3, curr_step, 7, track_size, 72, robot_vel, 50.82, joints_pos, 4.26, 44.34, -16.27, -77.18, 16.64, 59.19, 28.44, tool_torque, -1.623, 0.083, -0.243, joint_torque, 0.09, -9.11, -0.05, 5.99, 1.2, -0.99, -0.23, robot_mode, normal, 
09/12/2022 13:25:44:711, robot_pos, 1670592108509, 620.43, -52.08, 302.66, 2.36, -0.01, 3.08, circuit_pos, 620.58, -46.71, 300.66, 2.36, -0.01, 3.09, tool_force, -1.58, 1.94, -12.82, actual_rep, 3, curr_step, 7, track_size, 72, robot_vel, 37.85, joints_pos, 4.8, 44.29, -16.28, -77.18, 16.63, 59.21, 29.19, tool_torque, -1.622, 0.082, -0.215, joint_torque, 0.03, -9.23, -0.13, 6.05, 1.2, -1.02, -0.2, robot_mode, normal, 
09/12/2022 13:25:45:011, robot_pos, 1670592108809, 621.02, -40.51, 303.09, 2.35, -0.02, 3.08, circuit_pos, 621.3, -26.89, 300.2, 2.34, -0.02, 3.09, tool_force, -1.32, 1.62, -12.96, actual_rep, 3, curr_step, 9, track_size, 72, robot_vel, 40.45, joints_pos, 5.8, 44.27, -16.23, -77.12, 16.76, 59.51, 30.78, tool_torque, -1.594, 0.0050, -0.206, joint_torque, -0.05, -9.29, -0.33, 6.04, 1.17, -1.07, -0.22, robot_mode, normal, 
09/12/2022 13:25:45:169, robot_pos, 1670592108956, 621.37, -34.69, 302.95, 2.35, -0.02, 3.08, circuit_pos, 621.3, -26.89, 300.2, 2.34, -0.02, 3.09, tool_force, -1.39, 2.01, -13.02, actual_rep, 3, curr_step, 9, track_size, 72, robot_vel, 46.01, joints_pos, 6.32, 44.29, -16.24, -77.12, 16.8, 59.52, 31.61, tool_torque, -1.512, 0.034, -0.197, joint_torque, 0.19, -9.25, -0.17, 6.08, 1.16, -1.04, -0.2, robot_mode, normal, 
09/12/2022 13:25:45:331, robot_pos, 1670592109106, 621.56, -28.87, 302.84, 2.34, -0.02, 3.08, circuit_pos, 621.41, -16.2, 299.67, 2.34, -0.02, 3.09, tool_force, -1.65, 1.91, -13.09, actual_rep, 3, curr_step, 10, track_size, 72, robot_vel, 38.45, joints_pos, 6.88, 44.29, -16.26, -77.14, 16.83, 59.52, 32.35, tool_torque, -1.565, 0.145, -0.22, joint_torque, -0.14, -9.23, -0.28, 6.1, 1.15, -1.03, -0.21, robot_mode, normal, 
09/12/2022 13:25:45:477, robot_pos, 1670592109253, 621.72, -23.12, 302.65, 2.34, -0.02, 3.09, circuit_pos, 621.41, -16.2, 299.67, 2.34, -0.02, 3.09, tool_force, -1.48, 2.57, -13.14, actual_rep, 3, curr_step, 10, track_size, 72, robot_vel, 45.16, joints_pos, 7.41, 44.3, -16.27, -77.16, 16.86, 59.5, 32.95, tool_torque, -1.434, 0.214, -0.216, joint_torque, 0.14, -9.31, -0.14, 6.21, 1.15, -0.95, -0.2, robot_mode, normal, 
09/12/2022 13:25:45:631, robot_pos, 1670592109404, 621.86, -17.31, 302.47, 2.34, -0.02, 3.09, circuit_pos, 621.4, -3.17, 299.31, 2.33, -0.02, 3.09, tool_force, -1.65, 2.5, -13.52, actual_rep, 3, curr_step, 11, track_size, 72, robot_vel, 40.14, joints_pos, 7.96, 44.3, -16.27, -77.18, 16.87, 59.47, 33.67, tool_torque, -1.396, 0.307, -0.199, joint_torque, 0.06, -9.38, -0.2, 6.22, 1.15, -0.88, -0.19, robot_mode, normal, 
09/12/2022 13:25:46:070, robot_pos, 1670592109847, 621.96, -0.05, 302.09, 2.33, -0.02, 3.09, circuit_pos, 621.31, 7.17, 299.27, 2.33, -0.02, 3.09, tool_force, -1.81, 2.74, -13.55, actual_rep, 3, curr_step, 12, track_size, 72, robot_vel, 38.85, joints_pos, 9.56, 44.29, -16.28, -77.27, 16.86, 59.31, 35.67, tool_torque, -1.397, 0.412, -0.207, joint_torque, -0.31, -9.39, -0.38, 6.27, 1.12, -0.89, -0.18, robot_mode, normal, 
09/12/2022 13:25:46:227, robot_pos, 1670592109998, 621.94, 5.89, 302.08, 2.33, -0.02, 3.09, circuit_pos, 621.22, 18.66, 299.53, 2.33, -0.02, 3.09, tool_force, -1.96, 2.77, -13.49, actual_rep, 3, curr_step, 13, track_size, 72, robot_vel, 37.07, joints_pos, 10.11, 44.29, -16.28, -77.28, 16.85, 59.27, 36.29, tool_torque, -1.356, 0.347, -0.168, joint_torque, 0.07, -9.3, -0.13, 6.3, 1.15, -0.91, -0.17, robot_mode, normal, 
09/12/2022 13:25:46:368, robot_pos, 1670592110145, 621.87, 11.53, 302.14, 2.33, -0.02, 3.09, circuit_pos, 621.22, 18.66, 299.53, 2.33, -0.02, 3.09, tool_force, -2.21, 2.7, -13.36, actual_rep, 3, curr_step, 13, track_size, 72, robot_vel, 51.04, joints_pos, 10.63, 44.28, -16.28, -77.29, 16.83, 59.24, 36.84, tool_torque, -1.368, 0.373, -0.173, joint_torque, 0.04, -9.32, -0.21, 6.32, 1.16, -0.93, -0.17, robot_mode, normal, 
09/12/2022 13:25:46:529, robot_pos, 1670592110296, 621.85, 17.42, 302.31, 2.33, -0.02, 3.09, circuit_pos, 621.3, 29.46, 300.25, 2.32, -0.02, 3.09, tool_force, -1.62, 3.01, -13.3, actual_rep, 3, curr_step, 14, track_size, 72, robot_vel, 39.81, joints_pos, 11.17, 44.27, -16.27, -77.28, 16.82, 59.22, 37.51, tool_torque, -1.349, 0.339, -0.18, joint_torque, 0.07, -9.3, -0.3, 6.3, 1.15, -0.95, -0.18, robot_mode, normal, 
