09/11/2022 14:09:57:309, robot_pos, 1668002778750, 613.85, -94.19, 298.76, 2.34, 0.01, 3.1, circuit_pos, 614.3, -90.51, 297.41, 2.34, 0.0, 3.1, tool_force, -1.99, 1.88, -15.02, actual_rep, 1, curr_step, 1, track_size, 72, robot_vel, 36.75, joints_pos, -0.63, 43.97, -13.33, -77.79, 12.8, 57.79, 29.03, tool_torque, -1.337, 0.164, -0.047, joint_torque, 0.05, -10.2, -0.29, 6.55, 1.18, -0.83, -0.09, robot_mode, normal, 
09/11/2022 14:09:57:408, robot_pos, 1668002778887, 614.32, -94.12, 301.53, 2.34, 0.01, 3.1, circuit_pos, 614.3, -90.51, 297.41, 2.34, 0.0, 3.1, tool_force, -1.02, 1.64, -13.69, actual_rep, 1, curr_step, 1, track_size, 72, robot_vel, 36.75, joints_pos, -0.64, 43.79, -13.33, -77.64, 12.81, 58.03, 29.02, tool_torque, -1.397, -0.265, -0.033, joint_torque, 0.48, -10.54, -0.24, 6.44, 1.15, -0.98, -0.1, robot_mode, normal, 
09/11/2022 14:09:57:562, robot_pos, 1668002779038, 614.18, -91.67, 300.93, 2.34, 0.0, 3.09, circuit_pos, 615.03, -85.14, 296.67, 2.36, 0.0, 3.09, tool_force, -1.56, 0.5, -14.59, actual_rep, 1, curr_step, 2, track_size, 72, robot_vel, 9.57, joints_pos, -0.62, 43.81, -13.1, -77.68, 13.12, 58.2, 29.02, tool_torque, -1.53, -0.06, -0.048, joint_torque, -0.07, -10.18, -0.28, 6.5, 1.19, -1.04, -0.07, robot_mode, normal, 
09/11/2022 14:09:57:706, robot_pos, 1668002779189, 615.57, -86.3, 300.21, 2.36, 0.0, 3.09, circuit_pos, 616.23, -78.75, 296.86, 2.37, 0.0, 3.09, tool_force, -3.07, 2.24, -14.3, actual_rep, 1, curr_step, 3, track_size, 72, robot_vel, 32.66, joints_pos, -0.43, 43.91, -12.78, -77.58, 13.38, 58.16, 28.37, tool_torque, -1.299, 0.257, 0.196, joint_torque, -0.66, -9.59, -0.45, 6.33, 1.14, -0.82, 0.22, robot_mode, normal, 
09/11/2022 14:09:57:856, robot_pos, 1668002779341, 616.23, -80.64, 300.08, 2.37, 0.0, 3.09, circuit_pos, 617.78, -71.85, 297.69, 2.37, -0.01, 3.09, tool_force, -2.3, 1.3, -15.11, actual_rep, 1, curr_step, 4, track_size, 72, robot_vel, 32.37, joints_pos, 0.0, 43.87, -12.64, -77.63, 13.42, 58.08, 28.32, tool_torque, -1.498, 0.23, 0.081, joint_torque, -0.75, -10.32, -0.51, 6.49, 1.19, -0.84, 0.11, robot_mode, normal, 
09/11/2022 14:09:58:007, robot_pos, 1668002779492, 617.15, -74.82, 300.48, 2.37, -0.01, 3.08, circuit_pos, 619.15, -64.3, 298.91, 2.37, -0.01, 3.09, tool_force, -1.12, 1.24, -14.74, actual_rep, 1, curr_step, 5, track_size, 72, robot_vel, 40.46, joints_pos, 0.46, 43.92, -12.63, -77.48, 13.69, 58.4, 28.58, tool_torque, -1.704, -0.061, -0.167, joint_torque, -0.45, -10.39, -0.33, 6.48, 1.18, -1.08, -0.15, robot_mode, normal, 
09/11/2022 14:09:58:163, robot_pos, 1668002779643, 618.37, -69.05, 301.14, 2.37, -0.01, 3.08, circuit_pos, 620.04, -56.04, 300.07, 2.37, -0.01, 3.09, tool_force, -1.16, 0.84, -14.45, actual_rep, 1, curr_step, 6, track_size, 72, robot_vel, 37.78, joints_pos, 1.02, 43.96, -12.68, -77.31, 13.74, 58.61, 29.06, tool_torque, -1.761, -0.026, -0.242, joint_torque, -0.15, -10.28, -0.03, 6.44, 1.18, -1.08, -0.22, robot_mode, normal, 
09/11/2022 14:09:58:312, robot_pos, 1668002779797, 619.22, -63.3, 301.82, 2.37, -0.01, 3.08, circuit_pos, 620.04, -56.04, 300.07, 2.37, -0.01, 3.09, tool_force, -1.4, 0.77, -14.33, actual_rep, 1, curr_step, 6, track_size, 72, robot_vel, 48.3, joints_pos, 1.56, 43.94, -12.72, -77.24, 13.79, 58.71, 29.55, tool_torque, -1.848, 0.061, -0.3, joint_torque, -0.4, -10.19, -0.06, 6.38, 1.17, -1.08, -0.25, robot_mode, normal, 
09/11/2022 14:09:58:466, robot_pos, 1668002779949, 619.82, -57.44, 302.46, 2.37, -0.01, 3.08, circuit_pos, 620.58, -46.71, 300.66, 2.36, -0.01, 3.09, tool_force, -1.49, 0.94, -14.35, actual_rep, 1, curr_step, 7, track_size, 72, robot_vel, 39.48, joints_pos, 2.1, 43.89, -12.73, -77.21, 13.79, 58.78, 30.2, tool_torque, -1.875, 0.138, -0.299, joint_torque, -0.53, -10.23, -0.13, 6.4, 1.19, -1.06, -0.25, robot_mode, normal, 
09/11/2022 14:09:58:622, robot_pos, 1668002780099, 620.32, -51.72, 303.01, 2.36, -0.01, 3.08, circuit_pos, 621.1, -36.42, 300.61, 2.35, -0.02, 3.09, tool_force, -1.55, 0.93, -14.34, actual_rep, 1, curr_step, 8, track_size, 72, robot_vel, 52.17, joints_pos, 2.65, 43.84, -12.76, -77.21, 13.79, 58.8, 31.0, tool_torque, -1.863, 0.13, -0.299, joint_torque, -0.47, -10.11, -0.11, 6.41, 1.17, -1.1, -0.25, robot_mode, normal, 
09/11/2022 14:09:58:764, robot_pos, 1668002780250, 620.6, -45.85, 303.19, 2.36, -0.01, 3.08, circuit_pos, 621.1, -36.42, 300.61, 2.35, -0.02, 3.09, tool_force, -1.65, 0.71, -14.35, actual_rep, 1, curr_step, 8, track_size, 72, robot_vel, 41.46, joints_pos, 3.17, 43.84, -12.75, -77.19, 13.85, 58.94, 31.75, tool_torque, -1.853, 0.106, -0.294, joint_torque, -0.61, -10.23, -0.24, 6.45, 1.15, -1.13, -0.25, robot_mode, normal, 
09/11/2022 14:09:58:916, robot_pos, 1668002780401, 620.99, -40.12, 303.34, 2.35, -0.02, 3.08, circuit_pos, 621.3, -26.89, 300.2, 2.34, -0.02, 3.09, tool_force, -1.31, 0.45, -14.62, actual_rep, 1, curr_step, 9, track_size, 72, robot_vel, 39.37, joints_pos, 3.66, 43.85, -12.73, -77.14, 13.98, 59.1, 32.53, tool_torque, -1.841, 0.067, -0.282, joint_torque, -0.61, -10.41, -0.3, 6.41, 1.12, -1.11, -0.24, robot_mode, normal, 
09/11/2022 14:09:59:062, robot_pos, 1668002780553, 621.29, -34.28, 303.24, 2.35, -0.02, 3.08, circuit_pos, 621.3, -26.89, 300.2, 2.34, -0.02, 3.09, tool_force, -1.64, 0.82, -14.58, actual_rep, 1, curr_step, 9, track_size, 72, robot_vel, 36.72, joints_pos, 4.19, 43.86, -12.73, -77.14, 14.0, 59.12, 33.37, tool_torque, -1.775, 0.12, -0.259, joint_torque, -0.53, -10.3, -0.32, 6.51, 1.13, -1.11, -0.24, robot_mode, normal, 
09/11/2022 14:09:59:221, robot_pos, 1668002780704, 621.47, -28.53, 303.12, 2.34, -0.02, 3.08, circuit_pos, 621.41, -16.2, 299.67, 2.34, -0.02, 3.09, tool_force, -2.03, 1.01, -14.57, actual_rep, 1, curr_step, 10, track_size, 72, robot_vel, 46.31, joints_pos, 4.74, 43.87, -12.75, -77.16, 14.03, 59.12, 34.11, tool_torque, -1.744, 0.225, -0.286, joint_torque, -0.6, -10.26, -0.24, 6.58, 1.12, -1.08, -0.25, robot_mode, normal, 
09/11/2022 14:09:59:366, robot_pos, 1668002780856, 621.65, -22.68, 302.93, 2.34, -0.02, 3.08, circuit_pos, 621.41, -16.2, 299.67, 2.34, -0.02, 3.09, tool_force, -1.82, 1.33, -14.81, actual_rep, 1, curr_step, 10, track_size, 72, robot_vel, 39.53, joints_pos, 5.27, 43.87, -12.76, -77.18, 14.05, 59.1, 34.74, tool_torque, -1.685, 0.322, -0.289, joint_torque, -0.63, -10.36, -0.24, 6.61, 1.1, -1.0, -0.23, robot_mode, normal, 
09/11/2022 14:09:59:559, robot_pos, 1668002781009, 621.77, -16.85, 302.75, 2.34, -0.02, 3.08, circuit_pos, 621.4, -3.17, 299.31, 2.33, -0.02, 3.09, tool_force, -1.9, 1.7, -14.96, actual_rep, 1, curr_step, 11, track_size, 72, robot_vel, 42.87, joints_pos, 5.81, 43.88, -12.76, -77.2, 14.05, 59.06, 35.43, tool_torque, -1.566, 0.364, -0.26, joint_torque, -0.37, -10.33, -0.17, 6.65, 1.11, -0.94, -0.22, robot_mode, normal, 
09/11/2022 14:09:59:674, robot_pos, 1668002781161, 621.83, -11.11, 302.57, 2.34, -0.02, 3.08, circuit_pos, 621.4, -3.17, 299.31, 2.33, -0.02, 3.09, tool_force, -2.2, 1.85, -14.9, actual_rep, 1, curr_step, 11, track_size, 72, robot_vel, 36.3, joints_pos, 6.35, 43.88, -12.76, -77.24, 14.05, 59.0, 36.19, tool_torque, -1.555, 0.439, -0.272, joint_torque, -0.43, -10.27, -0.16, 6.68, 1.12, -0.93, -0.23, robot_mode, normal, 
09/11/2022 14:09:59:814, robot_pos, 1668002781311, 621.87, -5.31, 302.46, 2.33, -0.02, 3.08, circuit_pos, 621.31, 7.17, 299.27, 2.33, -0.02, 3.09, tool_force, -2.24, 1.84, -14.96, actual_rep, 1, curr_step, 12, track_size, 72, robot_vel, 42.01, joints_pos, 6.89, 43.87, -12.77, -77.26, 14.05, 58.95, 36.84, tool_torque, -1.539, 0.454, -0.259, joint_torque, -0.43, -10.3, -0.19, 6.72, 1.11, -0.94, -0.22, robot_mode, normal, 
09/11/2022 14:09:59:971, robot_pos, 1668002781463, 621.85, 0.48, 302.37, 2.33, -0.02, 3.08, circuit_pos, 621.31, 7.17, 299.27, 2.33, -0.02, 3.09, tool_force, -2.14, 1.79, -15.06, actual_rep, 1, curr_step, 12, track_size, 72, robot_vel, 36.43, joints_pos, 7.45, 43.86, -12.78, -77.3, 14.05, 58.89, 37.46, tool_torque, -1.568, 0.471, -0.271, joint_torque, -0.57, -10.39, -0.26, 6.73, 1.1, -0.95, -0.23, robot_mode, normal, 
09/11/2022 14:10:00:124, robot_pos, 1668002781616, 621.82, 6.36, 302.39, 2.33, -0.02, 3.08, circuit_pos, 621.22, 18.66, 299.53, 2.33, -0.02, 3.09, tool_force, -2.07, 2.08, -14.96, actual_rep, 1, curr_step, 13, track_size, 72, robot_vel, 39.82, joints_pos, 7.99, 43.86, -12.78, -77.31, 14.03, 58.86, 38.05, tool_torque, -1.528, 0.436, -0.225, joint_torque, -0.53, -10.32, -0.25, 6.73, 1.1, -0.97, -0.18, robot_mode, normal, 
09/11/2022 14:10:00:274, robot_pos, 1668002781770, 621.78, 12.23, 302.44, 2.33, -0.02, 3.08, circuit_pos, 621.22, 18.66, 299.53, 2.33, -0.02, 3.09, tool_force, -1.83, 2.32, -14.87, actual_rep, 1, curr_step, 13, track_size, 72, robot_vel, 38.06, joints_pos, 8.53, 43.85, -12.78, -77.31, 14.02, 58.83, 38.62, tool_torque, -1.514, 0.445, -0.238, joint_torque, -0.36, -10.34, -0.2, 6.75, 1.11, -0.98, -0.2, robot_mode, normal, 
09/11/2022 14:10:00:424, robot_pos, 1668002781920, 621.81, 17.34, 302.72, 2.33, -0.02, 3.08, circuit_pos, 621.3, 29.46, 300.25, 2.32, -0.02, 3.09, tool_force, -6.18, -0.38, -15.34, actual_rep, 1, curr_step, 14, track_size, 72, robot_vel, 46.76, joints_pos, 9.03, 43.84, -12.82, -77.29, 14.01, 58.82, 39.24, tool_torque, -1.797, 0.897, -0.234, joint_torque, -3.66, -10.47, -2.26, 6.79, 0.96, -1.04, -0.17, robot_mode, normal, 
09/11/2022 14:10:00:574, robot_pos, 1668002782072, 621.88, 23.01, 302.96, 2.32, -0.02, 3.08, circuit_pos, 621.3, 29.46, 300.25, 2.32, -0.02, 3.09, tool_force, -5.49, -0.53, -15.47, actual_rep, 1, curr_step, 14, track_size, 72, robot_vel, 39.6, joints_pos, 9.46, 43.84, -12.71, -77.23, 14.01, 58.84, 40.01, tool_torque, -1.625, 0.534, -0.174, joint_torque, -2.77, -10.61, -2.02, 6.79, 0.91, -1.09, -0.18, robot_mode, normal, 
09/11/2022 14:10:00:731, robot_pos, 1668002782222, 622.78, 28.72, 303.7, 2.32, -0.02, 3.08, circuit_pos, 621.5, 39.55, 301.39, 2.31, -0.02, 3.09, tool_force, -4.99, -0.16, -16.31, actual_rep, 1, curr_step, 15, track_size, 72, robot_vel, 45.97, joints_pos, 9.94, 43.83, -12.69, -77.13, 14.26, 58.63, 40.64, tool_torque, -1.66, 0.733, -0.185, joint_torque, -2.73, -11.23, -1.87, 7.16, 1.03, -1.01, -0.16, robot_mode, impedance, 
09/11/2022 14:10:00:876, robot_pos, 1668002782375, 623.37, 32.89, 304.49, 2.32, -0.03, 3.07, circuit_pos, 621.5, 39.55, 301.39, 2.31, -0.02, 3.09, tool_force, -5.0, 1.47, -17.65, actual_rep, 1, curr_step, 15, track_size, 72, robot_vel, 25.45, joints_pos, 10.2, 43.85, -12.65, -76.95, 14.64, 58.75, 40.98, tool_torque, -1.725, 0.692, -0.234, joint_torque, -2.5, -12.44, -1.75, 8.46, 1.06, -1.31, -0.17, robot_mode, impedance, 
09/11/2022 14:10:01:031, robot_pos, 1668002782525, 629.25, 37.98, 306.44, 2.31, -0.03, 3.07, circuit_pos, 621.68, 48.29, 302.56, 2.3, -0.02, 3.09, tool_force, -28.87, 24.46, -19.47, actual_rep, 1, curr_step, 16, track_size, 72, robot_vel, 61.44, joints_pos, 10.45, 44.59, -12.61, -75.27, 14.7, 59.86, 41.89, tool_torque, 0.378, 2.939, -0.083, joint_torque, -5.08, -11.82, -3.57, 16.53, 1.41, -2.48, -0.14, robot_mode, impedance, 
09/11/2022 14:10:01:176, robot_pos, 1668002782678, 641.06, 42.01, 306.31, 2.31, -0.04, 3.09, circuit_pos, 621.68, 48.29, 302.56, 2.3, -0.02, 3.09, tool_force, -39.37, 27.39, -16.49, actual_rep, 1, curr_step, 16, track_size, 72, robot_vel, 86.96, joints_pos, 10.51, 46.46, -12.73, -71.93, 14.78, 62.4, 42.86, tool_torque, 0.695, 3.564, -0.123, joint_torque, -9.93, -9.62, -6.5, 16.65, 0.84, -2.93, -0.17, robot_mode, impedance, 
09/11/2022 14:10:01:331, robot_pos, 1668002782829, 648.49, 42.03, 305.61, 2.3, -0.05, 3.1, circuit_pos, 621.68, 48.29, 302.56, 2.3, -0.02, 3.09, tool_force, -43.07, 23.29, -14.93, actual_rep, 1, curr_step, 16, track_size, 72, robot_vel, 77.31, joints_pos, 10.45, 47.67, -12.99, -69.9, 14.84, 63.78, 43.14, tool_torque, 0.313, 3.925, -0.209, joint_torque, -13.37, -7.94, -7.87, 14.56, 0.52, -2.81, -0.14, robot_mode, impedance, 
09/11/2022 14:10:01:477, robot_pos, 1668002782979, 650.0, 39.17, 305.3, 2.3, -0.05, 3.1, circuit_pos, 621.68, 48.29, 302.56, 2.3, -0.02, 3.09, tool_force, -43.89, 20.3, -15.88, actual_rep, 1, curr_step, 16, track_size, 72, robot_vel, 16.99, joints_pos, 10.14, 47.9, -13.03, -69.54, 15.12, 64.06, 42.94, tool_torque, 0.392, 3.6, 0.166, joint_torque, -14.33, -8.72, -8.86, 13.99, 0.4, -2.65, 0.17, robot_mode, impedance, 
09/11/2022 14:10:01:632, robot_pos, 1668002783131, 646.04, 40.63, 304.15, 2.3, -0.06, 3.09, circuit_pos, 621.68, 48.29, 302.56, 2.3, -0.02, 3.09, tool_force, -16.33, 8.37, -15.01, actual_rep, 1, curr_step, 16, track_size, 72, robot_vel, 37.64, joints_pos, 10.08, 47.42, -12.59, -70.53, 15.08, 63.63, 42.86, tool_torque, -0.757, 1.566, 0.013, joint_torque, -5.11, -9.93, -3.28, 9.35, 1.02, -1.48, -0.01, robot_mode, impedance, 
09/11/2022 14:10:01:778, robot_pos, 1668002783282, 637.09, 45.06, 305.44, 2.3, -0.04, 3.09, circuit_pos, 621.68, 48.29, 302.56, 2.3, -0.02, 3.09, tool_force, -8.45, 7.28, -17.24, actual_rep, 1, curr_step, 16, track_size, 72, robot_vel, 71.8, joints_pos, 10.72, 45.85, -12.39, -73.15, 14.51, 61.52, 43.26, tool_torque, -0.891, 1.31, -0.157, joint_torque, -2.31, -11.31, -1.53, 9.09, 1.14, -1.05, -0.15, robot_mode, impedance, 
09/11/2022 14:10:01:929, robot_pos, 1668002783432, 630.41, 46.68, 306.07, 2.3, -0.03, 3.08, circuit_pos, 621.68, 48.29, 302.56, 2.3, -0.02, 3.09, tool_force, -10.84, 5.69, -17.32, actual_rep, 1, curr_step, 16, track_size, 72, robot_vel, 39.09, joints_pos, 11.25, 44.85, -12.64, -74.9, 14.35, 60.19, 43.46, tool_torque, -0.982, 1.378, -0.106, joint_torque, -3.87, -11.37, -2.55, 8.9, 0.93, -1.14, -0.05, robot_mode, impedance, 
09/11/2022 14:10:02:081, robot_pos, 1668002783583, 628.38, 45.5, 305.98, 2.3, -0.03, 3.08, circuit_pos, 621.68, 48.29, 302.56, 2.3, -0.02, 3.09, tool_force, -6.71, 2.93, -17.33, actual_rep, 1, curr_step, 16, track_size, 72, robot_vel, 12.54, joints_pos, 11.29, 44.59, -12.75, -75.4, 14.43, 59.94, 43.36, tool_torque, -1.26, 1.022, -0.0070, joint_torque, -2.93, -11.77, -1.87, 8.08, 1.02, -0.98, 0.07, robot_mode, impedance, 
09/11/2022 14:10:02:233, robot_pos, 1668002783735, 626.19, 44.95, 306.07, 2.3, -0.03, 3.08, circuit_pos, 621.68, 48.29, 302.56, 2.3, -0.02, 3.09, tool_force, -8.04, 0.71, -18.86, actual_rep, 1, curr_step, 16, track_size, 72, robot_vel, 21.79, joints_pos, 11.25, 44.3, -12.74, -75.89, 14.52, 59.78, 43.24, tool_torque, -1.089, 1.509, 0.133, joint_torque, -4.53, -11.51, -2.87, 7.55, 0.99, -0.49, 0.21, robot_mode, impedance, 
09/11/2022 14:10:02:388, robot_pos, 1668002783887, 624.56, 43.85, 305.92, 2.3, -0.03, 3.08, circuit_pos, 621.78, 57.42, 303.83, 2.3, -0.01, 3.09, tool_force, -15.74, -6.96, -13.74, actual_rep, 1, curr_step, 17, track_size, 72, robot_vel, 13.28, joints_pos, 11.24, 44.04, -12.75, -76.41, 14.41, 59.3, 43.21, tool_torque, -1.453, 1.911, 0.138, joint_torque, -11.73, -8.12, -7.62, 4.39, 0.2, -0.38, 0.24, robot_mode, impedance, 
09/11/2022 14:10:02:533, robot_pos, 1668002784037, 623.73, 46.25, 306.28, 2.3, -0.03, 3.07, circuit_pos, 621.78, 57.42, 303.83, 2.3, -0.01, 3.09, tool_force, -5.82, -11.94, -15.65, actual_rep, 1, curr_step, 17, track_size, 72, robot_vel, 10.66, joints_pos, 11.19, 43.8, -12.41, -76.72, 14.87, 58.9, 43.09, tool_torque, -2.506, 1.111, 0.217, joint_torque, -7.51, -10.26, -4.94, 3.58, 1.08, -0.43, 0.18, robot_mode, impedance, 
09/11/2022 14:10:02:689, robot_pos, 1668002784191, 619.56, 51.47, 305.38, 2.3, -0.02, 3.06, circuit_pos, 621.7, 64.77, 304.79, 2.29, -0.01, 3.09, tool_force, 10.38, -17.41, -13.03, actual_rep, 1, curr_step, 18, track_size, 72, robot_vel, 42.94, joints_pos, 11.77, 43.08, -12.2, -78.13, 14.28, 57.1, 43.57, tool_torque, -3.693, -1.395, -0.216, joint_torque, -0.32, -10.93, 0.06, 0.79, 0.88, -1.08, -0.19, robot_mode, impedance, 
09/11/2022 14:10:02:834, robot_pos, 1668002784340, 611.78, 60.36, 305.8, 2.3, 0.01, 3.05, circuit_pos, 621.7, 64.77, 304.79, 2.29, -0.01, 3.09, tool_force, 16.71, -16.66, -13.21, actual_rep, 1, curr_step, 18, track_size, 72, robot_vel, 68.63, joints_pos, 12.83, 41.81, -11.96, -80.31, 13.37, 54.71, 45.2, tool_torque, -3.89, -2.687, -0.184, joint_torque, 1.99, -11.13, 0.93, 0.9, 0.52, -1.74, -0.1, robot_mode, impedance, 
09/11/2022 14:10:02:994, robot_pos, 1668002784491, 607.58, 66.32, 306.29, 2.29, 0.02, 3.05, circuit_pos, 621.7, 64.77, 304.79, 2.29, -0.01, 3.09, tool_force, 17.94, -14.67, -12.76, actual_rep, 1, curr_step, 18, track_size, 72, robot_vel, 31.96, joints_pos, 13.8, 41.29, -12.23, -81.19, 12.74, 54.01, 46.42, tool_torque, -3.749, -2.891, -0.209, joint_torque, 3.36, -10.64, 1.95, 1.04, 0.36, -1.87, -0.06, robot_mode, impedance, 
09/11/2022 14:10:03:132, robot_pos, 1668002784642, 608.57, 66.07, 306.65, 2.29, 0.02, 3.06, circuit_pos, 621.7, 64.77, 304.79, 2.29, -0.01, 3.09, tool_force, 3.15, -1.41, -12.01, actual_rep, 1, curr_step, 18, track_size, 72, robot_vel, 2.2, joints_pos, 14.03, 41.51, -12.66, -80.78, 12.92, 54.58, 46.56, tool_torque, -2.2, -0.675, -0.029, joint_torque, 0.8, -9.7, 0.53, 5.79, 0.81, -1.85, 0.09, robot_mode, impedance, 
09/11/2022 14:10:03:289, robot_pos, 1668002784794, 616.3, 65.51, 307.98, 2.29, 0.0, 3.07, circuit_pos, 621.58, 73.04, 305.87, 2.28, -0.01, 3.09, tool_force, -1.82, 3.45, -13.26, actual_rep, 1, curr_step, 19, track_size, 72, robot_vel, 52.02, joints_pos, 13.75, 42.72, -12.88, -78.44, 13.46, 56.97, 46.35, tool_torque, -1.443, -0.038, 0.226, joint_torque, -0.26, -9.89, -0.21, 6.89, 0.95, -1.48, 0.29, robot_mode, impedance, 
09/11/2022 14:10:03:436, robot_pos, 1668002784941, 621.34, 67.78, 308.24, 2.29, -0.01, 3.08, circuit_pos, 621.28, 81.29, 306.83, 2.28, -0.01, 3.09, tool_force, 1.15, 1.24, -16.08, actual_rep, 1, curr_step, 20, track_size, 72, robot_vel, 46.4, joints_pos, 13.66, 43.49, -12.75, -76.96, 13.64, 58.41, 46.59, tool_torque, -1.678, -0.225, -0.121, joint_torque, 0.42, -11.78, -0.21, 6.3, 0.88, -1.12, -0.13, robot_mode, normal, 
09/11/2022 14:10:03:586, robot_pos, 1668002785093, 621.86, 73.69, 308.85, 2.28, -0.01, 3.08, circuit_pos, 621.28, 81.29, 306.83, 2.28, -0.01, 3.09, tool_force, -0.47, 1.92, -14.38, actual_rep, 1, curr_step, 20, track_size, 72, robot_vel, 40.07, joints_pos, 14.23, 43.7, -12.74, -76.5, 13.11, 58.89, 47.63, tool_torque, -1.584, 0.078, -0.159, joint_torque, -0.07, -10.14, -0.43, 6.59, 0.97, -1.36, -0.17, robot_mode, normal, 
09/11/2022 14:10:03:736, robot_pos, 1668002785240, 621.62, 79.22, 309.32, 2.28, -0.01, 3.08, circuit_pos, 620.78, 89.35, 307.67, 2.27, -0.01, 3.09, tool_force, -1.03, 1.05, -14.85, actual_rep, 1, curr_step, 21, track_size, 72, robot_vel, 43.58, joints_pos, 14.78, 43.7, -12.81, -76.42, 13.12, 58.87, 48.37, tool_torque, -1.752, 0.216, -0.222, joint_torque, -0.31, -10.79, -0.35, 6.77, 0.98, -1.35, -0.18, robot_mode, normal, 
09/11/2022 14:10:03:888, robot_pos, 1668002785391, 621.27, 84.94, 310.04, 2.28, -0.01, 3.08, circuit_pos, 620.25, 96.98, 308.51, 2.27, -0.02, 3.08, tool_force, -1.03, 1.34, -14.43, actual_rep, 1, curr_step, 22, track_size, 72, robot_vel, 37.43, joints_pos, 15.3, 43.7, -12.83, -76.31, 13.12, 58.98, 49.2, tool_torque, -1.81, 0.2, -0.223, joint_torque, -0.32, -10.54, -0.3, 6.76, 0.98, -1.47, -0.18, robot_mode, normal, 
09/11/2022 14:10:04:040, robot_pos, 1668002785541, 620.98, 90.96, 310.62, 2.27, -0.01, 3.08, circuit_pos, 620.25, 96.98, 308.51, 2.27, -0.02, 3.08, tool_force, -1.65, 1.14, -14.33, actual_rep, 1, curr_step, 22, track_size, 72, robot_vel, 39.15, joints_pos, 15.76, 43.69, -12.77, -76.22, 13.38, 58.99, 49.71, tool_torque, -1.733, 0.181, -0.182, joint_torque, -0.66, -10.53, -0.59, 6.76, 0.89, -1.46, -0.14, robot_mode, normal, 
09/11/2022 14:10:04:196, robot_pos, 1668002785693, 620.63, 96.5, 311.27, 2.27, -0.02, 3.08, circuit_pos, 619.96, 103.53, 309.26, 2.26, -0.02, 3.08, tool_force, -1.41, 1.13, -14.45, actual_rep, 1, curr_step, 23, track_size, 72, robot_vel, 37.66, joints_pos, 16.18, 43.68, -12.73, -76.14, 13.66, 59.01, 50.31, tool_torque, -1.784, 0.174, -0.197, joint_torque, -0.71, -10.53, -0.67, 6.72, 0.91, -1.47, -0.18, robot_mode, normal, 
09/11/2022 14:10:04:342, robot_pos, 1668002785843, 620.29, 102.45, 312.03, 2.26, -0.02, 3.07, circuit_pos, 619.88, 109.67, 310.15, 2.26, -0.02, 3.08, tool_force, -0.89, 1.41, -14.5, actual_rep, 1, curr_step, 24, track_size, 72, robot_vel, 49.3, joints_pos, 16.72, 43.68, -12.75, -76.01, 13.72, 59.07, 51.08, tool_torque, -1.78, 0.148, -0.221, joint_torque, -0.5, -10.68, -0.55, 6.84, 0.89, -1.52, -0.19, robot_mode, normal, 
09/11/2022 14:10:04:492, robot_pos, 1668002785993, 620.22, 108.26, 312.79, 2.26, -0.02, 3.07, circuit_pos, 619.73, 115.25, 310.98, 2.26, -0.02, 3.07, tool_force, -1.61, 1.32, -14.53, actual_rep, 1, curr_step, 25, track_size, 72, robot_vel, 39.78, joints_pos, 17.22, 43.72, -12.78, -75.83, 13.82, 59.11, 51.66, tool_torque, -1.768, 0.324, -0.228, joint_torque, -0.89, -10.65, -0.67, 6.82, 0.86, -1.46, -0.17, robot_mode, normal, 
09/11/2022 14:10:04:643, robot_pos, 1668002786144, 620.12, 114.01, 313.6, 2.26, -0.02, 3.07, circuit_pos, 619.61, 120.68, 311.81, 2.26, -0.02, 3.07, tool_force, -1.57, 1.93, -14.54, actual_rep, 1, curr_step, 26, track_size, 72, robot_vel, 42.71, joints_pos, 17.7, 43.71, -12.78, -75.71, 14.02, 59.02, 52.11, tool_torque, -1.556, 0.392, -0.234, joint_torque, -0.61, -10.56, -0.48, 6.82, 0.88, -1.31, -0.18, robot_mode, normal, 
09/11/2022 14:10:04:799, robot_pos, 1668002786295, 619.89, 119.84, 314.48, 2.26, -0.02, 3.07, circuit_pos, 619.45, 126.37, 312.42, 2.25, -0.02, 3.07, tool_force, -1.3, 1.72, -14.84, actual_rep, 1, curr_step, 27, track_size, 72, robot_vel, 40.24, joints_pos, 18.21, 43.72, -12.76, -75.56, 14.03, 59.02, 52.86, tool_torque, -1.582, 0.351, -0.208, joint_torque, -0.73, -10.76, -0.63, 6.85, 0.86, -1.34, -0.16, robot_mode, normal, 
09/11/2022 14:10:04:945, robot_pos, 1668002786445, 619.66, 125.7, 315.05, 2.25, -0.02, 3.07, circuit_pos, 619.15, 132.12, 312.83, 2.25, -0.02, 3.07, tool_force, -1.07, 2.02, -14.62, actual_rep, 1, curr_step, 28, track_size, 72, robot_vel, 44.23, joints_pos, 18.72, 43.77, -12.77, -75.37, 14.03, 59.08, 53.62, tool_torque, -1.659, 0.245, -0.194, joint_torque, -0.45, -10.68, -0.49, 6.93, 0.87, -1.49, -0.15, robot_mode, normal, 
09/11/2022 14:10:05:098, robot_pos, 1668002786598, 619.48, 131.59, 315.46, 2.25, -0.02, 3.06, circuit_pos, 618.9, 137.78, 313.01, 2.25, -0.02, 3.07, tool_force, -0.91, 1.39, -14.64, actual_rep, 1, curr_step, 29, track_size, 72, robot_vel, 39.85, joints_pos, 19.24, 43.86, -12.79, -75.15, 14.02, 59.13, 54.28, tool_torque, -1.814, 0.272, -0.223, joint_torque, -0.74, -10.83, -0.61, 6.87, 0.85, -1.54, -0.16, robot_mode, normal, 
09/11/2022 14:10:05:248, robot_pos, 1668002786748, 619.22, 137.3, 315.79, 2.25, -0.02, 3.06, circuit_pos, 618.68, 143.43, 313.21, 2.25, -0.02, 3.07, tool_force, -1.08, 1.47, -14.41, actual_rep, 1, curr_step, 30, track_size, 72, robot_vel, 41.64, joints_pos, 19.75, 43.95, -12.8, -74.95, 14.0, 59.18, 54.88, tool_torque, -1.804, 0.258, -0.197, joint_torque, -0.58, -10.72, -0.48, 6.84, 0.87, -1.57, -0.14, robot_mode, normal, 
09/11/2022 14:10:05:404, robot_pos, 1668002786898, 619.1, 143.12, 316.08, 2.25, -0.02, 3.06, circuit_pos, 618.69, 148.48, 313.26, 2.24, -0.02, 3.06, tool_force, -0.89, 1.91, -14.85, actual_rep, 1, curr_step, 31, track_size, 72, robot_vel, 40.13, joints_pos, 20.24, 44.04, -12.77, -74.73, 14.0, 59.15, 55.65, tool_torque, -1.669, 0.331, -0.185, joint_torque, -0.71, -10.83, -0.63, 6.95, 0.85, -1.47, -0.14, robot_mode, normal, 
09/11/2022 14:10:05:551, robot_pos, 1668002787048, 618.93, 148.79, 316.06, 2.24, -0.02, 3.06, circuit_pos, 618.26, 162.37, 312.13, 2.22, -0.01, 3.06, tool_force, -1.21, 2.23, -14.89, actual_rep, 1, curr_step, 34, track_size, 72, robot_vel, 36.72, joints_pos, 20.69, 44.1, -12.74, -74.62, 14.14, 58.93, 56.34, tool_torque, -1.466, 0.295, -0.174, joint_torque, -0.43, -10.89, -0.61, 7.05, 0.82, -1.39, -0.16, robot_mode, normal, 
09/11/2022 14:10:05:702, robot_pos, 1668002787198, 618.76, 154.72, 315.64, 2.23, -0.02, 3.06, circuit_pos, 617.91, 169.87, 311.16, 2.22, -0.01, 3.06, tool_force, -1.76, 2.11, -14.56, actual_rep, 1, curr_step, 36, track_size, 72, robot_vel, 41.06, joints_pos, 21.31, 44.25, -12.84, -74.44, 13.96, 58.73, 57.47, tool_torque, -1.535, 0.487, -0.187, joint_torque, -0.69, -10.74, -0.56, 6.94, 0.86, -1.38, -0.14, robot_mode, normal, 
09/11/2022 14:10:05:848, robot_pos, 1668002787347, 618.53, 160.46, 314.96, 2.23, -0.02, 3.06, circuit_pos, 617.3, 174.03, 309.36, 2.21, -0.01, 3.07, tool_force, -1.51, 2.08, -14.72, actual_rep, 1, curr_step, 39, track_size, 72, robot_vel, 36.59, joints_pos, 21.85, 44.44, -12.89, -74.24, 13.89, 58.67, 58.41, tool_torque, -1.58, 0.565, -0.2, joint_torque, -0.9, -10.66, -0.64, 6.89, 0.84, -1.41, -0.13, robot_mode, normal, 
09/11/2022 14:10:06:003, robot_pos, 1668002787499, 618.18, 166.38, 313.78, 2.22, -0.01, 3.06, circuit_pos, 617.59, 172.67, 309.2, 2.21, -0.01, 3.07, tool_force, -1.01, 1.6, -14.84, actual_rep, 1, curr_step, 41, track_size, 72, robot_vel, 37.31, joints_pos, 22.39, 44.7, -12.89, -73.96, 13.6, 58.73, 59.6, tool_torque, -1.742, 0.391, -0.189, joint_torque, -0.5, -10.98, -0.52, 6.87, 0.82, -1.54, -0.13, robot_mode, normal, 
09/11/2022 14:10:06:156, robot_pos, 1668002787648, 617.94, 172.02, 312.72, 2.21, -0.01, 3.06, circuit_pos, 617.51, 173.25, 310.15, 2.21, -0.01, 3.07, tool_force, -1.76, 1.96, -14.07, actual_rep, 1, curr_step, 44, track_size, 72, robot_vel, 36.69, joints_pos, 22.9, 44.97, -12.89, -73.64, 13.36, 58.87, 60.71, tool_torque, -1.782, 0.439, -0.172, joint_torque, -0.97, -10.67, -0.85, 6.89, 0.78, -1.68, -0.1, robot_mode, normal, 
09/11/2022 14:10:06:306, robot_pos, 1668002787799, 618.0, 173.22, 313.28, 2.21, -0.01, 3.07, circuit_pos, 617.63, 173.42, 309.99, 2.21, -0.01, 3.07, tool_force, -1.79, 1.53, -14.42, actual_rep, 1, curr_step, 46, track_size, 72, robot_vel, 7.13, joints_pos, 23.1, 45.01, -13.05, -73.5, 13.33, 59.07, 60.95, tool_torque, -1.754, 0.384, -0.114, joint_torque, -0.92, -10.63, -0.71, 6.82, 0.74, -1.64, -0.02, robot_mode, normal, 
09/11/2022 14:10:06:456, robot_pos, 1668002787950, 617.98, 173.49, 312.45, 2.21, -0.01, 3.07, circuit_pos, 617.74, 173.65, 309.52, 2.21, -0.01, 3.07, tool_force, -1.23, 3.38, -14.5, actual_rep, 1, curr_step, 49, track_size, 72, robot_vel, 9.2, joints_pos, 23.1, 45.07, -13.03, -73.51, 13.37, 58.98, 60.94, tool_torque, -1.314, 0.276, 0.038, joint_torque, -0.32, -10.66, -0.52, 7.24, 0.75, -1.5, 0.09, robot_mode, normal, 
09/11/2022 14:10:06:605, robot_pos, 1668002788098, 618.14, 173.53, 312.43, 2.21, -0.01, 3.06, circuit_pos, 617.75, 173.46, 309.48, 2.21, -0.01, 3.07, tool_force, -1.17, 2.88, -14.92, actual_rep, 1, curr_step, 51, track_size, 72, robot_vel, 0.42, joints_pos, 23.1, 45.09, -13.03, -73.49, 13.36, 58.98, 60.94, tool_torque, -1.362, 0.255, -0.0040, joint_torque, -0.34, -10.96, -0.62, 7.19, 0.74, -1.47, 0.05, robot_mode, normal, 
09/11/2022 14:10:06:796, robot_pos, 1668002788249, 618.08, 173.65, 312.46, 2.21, -0.01, 3.07, circuit_pos, 617.72, 173.59, 309.52, 2.21, -0.01, 3.07, tool_force, -1.15, 2.62, -14.78, actual_rep, 1, curr_step, 54, track_size, 72, robot_vel, 0.71, joints_pos, 23.1, 45.09, -13.02, -73.49, 13.36, 58.99, 60.94, tool_torque, -1.449, 0.232, -0.013, joint_torque, -0.41, -10.9, -0.66, 7.11, 0.73, -1.52, 0.03, robot_mode, normal, 
09/11/2022 14:10:06:909, robot_pos, 1668002788398, 618.09, 173.59, 312.51, 2.21, -0.01, 3.07, circuit_pos, 617.72, 173.6, 309.54, 2.21, -0.01, 3.07, tool_force, -0.99, 2.57, -14.79, actual_rep, 1, curr_step, 56, track_size, 72, robot_vel, 0.67, joints_pos, 23.1, 45.08, -13.02, -73.49, 13.36, 59.0, 60.94, tool_torque, -1.482, 0.226, -0.022, joint_torque, -0.4, -10.96, -0.64, 7.12, 0.74, -1.54, 0.02, robot_mode, normal, 
09/11/2022 14:10:07:056, robot_pos, 1668002788549, 618.08, 173.6, 312.52, 2.21, -0.01, 3.07, circuit_pos, 617.7, 173.64, 309.53, 2.21, -0.01, 3.07, tool_force, -0.98, 2.57, -14.79, actual_rep, 1, curr_step, 59, track_size, 72, robot_vel, 0.06, joints_pos, 23.1, 45.08, -13.02, -73.49, 13.36, 59.0, 60.94, tool_torque, -1.486, 0.231, -0.024, joint_torque, -0.4, -10.96, -0.63, 7.13, 0.74, -1.54, 0.02, robot_mode, normal, 
09/11/2022 14:10:07:206, robot_pos, 1668002788698, 618.08, 173.62, 312.52, 2.21, -0.01, 3.07, circuit_pos, 617.7, 173.64, 309.53, 2.21, -0.01, 3.07, tool_force, -1.04, 2.56, -14.8, actual_rep, 1, curr_step, 61, track_size, 72, robot_vel, 0.04, joints_pos, 23.1, 45.08, -13.02, -73.49, 13.36, 59.0, 60.94, tool_torque, -1.481, 0.23, -0.023, joint_torque, -0.42, -10.95, -0.65, 7.12, 0.74, -1.54, 0.02, robot_mode, normal, 
09/11/2022 14:10:07:358, robot_pos, 1668002788850, 618.08, 173.62, 312.52, 2.21, -0.01, 3.07, circuit_pos, 617.71, 173.64, 309.53, 2.21, -0.01, 3.07, tool_force, -1.01, 2.58, -14.78, actual_rep, 1, curr_step, 64, track_size, 72, robot_vel, 0.01, joints_pos, 23.1, 45.08, -13.02, -73.49, 13.36, 59.0, 60.94, tool_torque, -1.478, 0.227, -0.022, joint_torque, -0.41, -10.94, -0.65, 7.12, 0.74, -1.54, 0.02, robot_mode, normal, 
09/11/2022 14:10:07:510, robot_pos, 1668002789001, 618.08, 173.62, 312.52, 2.21, -0.01, 3.07, circuit_pos, 617.71, 173.63, 309.53, 2.21, -0.01, 3.07, tool_force, -1.01, 2.6, -14.78, actual_rep, 1, curr_step, 66, track_size, 72, robot_vel, 0.03, joints_pos, 23.1, 45.08, -13.02, -73.49, 13.36, 59.0, 60.94, tool_torque, -1.47, 0.225, -0.026, joint_torque, -0.38, -10.94, -0.64, 7.12, 0.74, -1.53, 0.02, robot_mode, normal, 
09/11/2022 14:10:07:659, robot_pos, 1668002789153, 618.08, 173.61, 312.52, 2.21, -0.01, 3.07, circuit_pos, 617.71, 173.63, 309.53, 2.21, -0.01, 3.07, tool_force, -1.01, 2.59, -14.79, actual_rep, 1, curr_step, 69, track_size, 72, robot_vel, 0.02, joints_pos, 23.1, 45.08, -13.02, -73.49, 13.36, 59.0, 60.94, tool_torque, -1.474, 0.226, -0.028, joint_torque, -0.39, -10.94, -0.64, 7.12, 0.74, -1.53, 0.02, robot_mode, normal, 
09/11/2022 14:10:07:812, robot_pos, 1668002789302, 618.08, 173.61, 312.52, 2.21, -0.01, 3.07, circuit_pos, 617.71, 173.63, 309.53, 2.21, -0.01, 3.07, tool_force, -1.02, 2.58, -14.8, actual_rep, 1, curr_step, 71, track_size, 72, robot_vel, 0.0, joints_pos, 23.1, 45.08, -13.02, -73.49, 13.36, 59.0, 60.94, tool_torque, -1.475, 0.23, -0.028, joint_torque, -0.4, -10.95, -0.65, 7.13, 0.73, -1.53, 0.02, robot_mode, normal, 
09/11/2022 14:10:07:960, robot_pos, 1668002789453, 618.08, 173.61, 312.52, 2.21, -0.01, 3.07, circuit_pos, 617.71, 173.63, 309.53, 2.21, -0.01, 3.07, tool_force, -1.02, 2.59, -14.8, actual_rep, 1, curr_step, 69, track_size, 72, robot_vel, 0.0, joints_pos, 23.1, 45.08, -13.02, -73.49, 13.36, 59.0, 60.94, tool_torque, -1.474, 0.228, -0.027, joint_torque, -0.4, -10.94, -0.65, 7.13, 0.74, -1.53, 0.02, robot_mode, normal, 
09/11/2022 14:10:08:116, robot_pos, 1668002789603, 618.08, 173.61, 312.52, 2.21, -0.01, 3.07, circuit_pos, 617.71, 173.63, 309.53, 2.21, -0.01, 3.07, tool_force, -1.03, 2.59, -14.8, actual_rep, 1, curr_step, 66, track_size, 72, robot_vel, 0.0, joints_pos, 23.1, 45.08, -13.02, -73.49, 13.36, 59.0, 60.94, tool_torque, -1.473, 0.228, -0.028, joint_torque, -0.4, -10.95, -0.65, 7.13, 0.73, -1.53, 0.02, robot_mode, normal, 
09/11/2022 14:10:08:267, robot_pos, 1668002789755, 618.08, 173.61, 312.52, 2.21, -0.01, 3.07, circuit_pos, 617.71, 173.64, 309.53, 2.21, -0.01, 3.07, tool_force, -1.03, 2.58, -14.8, actual_rep, 1, curr_step, 64, track_size, 72, robot_vel, 0.0, joints_pos, 23.1, 45.08, -13.02, -73.49, 13.36, 59.0, 60.94, tool_torque, -1.474, 0.229, -0.028, joint_torque, -0.41, -10.96, -0.65, 7.13, 0.73, -1.53, 0.02, robot_mode, normal, 
09/11/2022 14:10:08:413, robot_pos, 1668002789901, 618.08, 173.61, 312.52, 2.21, -0.01, 3.07, circuit_pos, 617.7, 173.64, 309.53, 2.21, -0.01, 3.07, tool_force, -1.06, 2.57, -14.8, actual_rep, 1, curr_step, 61, track_size, 72, robot_vel, 0.01, joints_pos, 23.1, 45.08, -13.02, -73.49, 13.36, 59.0, 60.94, tool_torque, -1.48, 0.242, -0.031, joint_torque, -0.43, -10.95, -0.65, 7.12, 0.74, -1.54, 0.02, robot_mode, normal, 
09/11/2022 14:10:08:567, robot_pos, 1668002790053, 618.08, 173.62, 312.52, 2.21, -0.01, 3.07, circuit_pos, 617.7, 173.64, 309.53, 2.21, -0.01, 3.07, tool_force, -1.05, 2.58, -14.79, actual_rep, 1, curr_step, 58, track_size, 72, robot_vel, 0.01, joints_pos, 23.1, 45.08, -13.02, -73.49, 13.36, 59.0, 60.94, tool_torque, -1.483, 0.239, -0.031, joint_torque, -0.43, -10.95, -0.65, 7.12, 0.74, -1.54, 0.02, robot_mode, normal, 
09/11/2022 14:10:08:718, robot_pos, 1668002790201, 618.08, 173.61, 312.52, 2.21, -0.01, 3.07, circuit_pos, 617.72, 173.6, 309.54, 2.21, -0.01, 3.07, tool_force, -1.02, 2.57, -14.8, actual_rep, 1, curr_step, 56, track_size, 72, robot_vel, 0.03, joints_pos, 23.1, 45.08, -13.02, -73.49, 13.36, 59.0, 60.94, tool_torque, -1.476, 0.217, -0.026, joint_torque, -0.38, -10.95, -0.64, 7.13, 0.74, -1.54, 0.02, robot_mode, normal, 
09/11/2022 14:10:08:868, robot_pos, 1668002790352, 618.09, 173.59, 312.52, 2.21, -0.01, 3.07, circuit_pos, 617.7, 173.68, 309.51, 2.21, -0.01, 3.07, tool_force, -0.92, 2.59, -14.82, actual_rep, 1, curr_step, 53, track_size, 72, robot_vel, 0.28, joints_pos, 23.1, 45.08, -13.03, -73.49, 13.36, 59.0, 60.94, tool_torque, -1.464, 0.197, -0.015, joint_torque, -0.31, -10.95, -0.62, 7.13, 0.74, -1.53, 0.02, robot_mode, normal, 
09/11/2022 14:10:09:022, robot_pos, 1668002790500, 618.08, 173.62, 312.51, 2.21, -0.01, 3.07, circuit_pos, 617.74, 173.47, 309.51, 2.21, -0.01, 3.07, tool_force, -1.07, 2.63, -14.77, actual_rep, 1, curr_step, 50, track_size, 72, robot_vel, 0.08, joints_pos, 23.11, 45.08, -13.02, -73.49, 13.36, 59.0, 60.94, tool_torque, -1.464, 0.244, -0.032, joint_torque, -0.47, -10.93, -0.7, 7.13, 0.73, -1.53, 0.01, robot_mode, normal, 
09/11/2022 14:10:09:167, robot_pos, 1668002790653, 618.09, 173.59, 312.51, 2.21, -0.01, 3.07, circuit_pos, 617.74, 173.64, 309.48, 2.21, -0.01, 3.07, tool_force, -0.64, 2.73, -14.74, actual_rep, 1, curr_step, 48, track_size, 72, robot_vel, 0.7, joints_pos, 23.1, 45.08, -13.02, -73.49, 13.36, 59.0, 60.94, tool_torque, -1.463, 0.226, -0.029, joint_torque, -0.31, -10.95, -0.57, 7.11, 0.74, -1.53, 0.02, robot_mode, normal, 
09/11/2022 14:10:09:322, robot_pos, 1668002790801, 618.09, 173.51, 312.58, 2.21, -0.01, 3.07, circuit_pos, 617.63, 173.42, 309.99, 2.21, -0.01, 3.07, tool_force, -0.75, 2.27, -15.28, actual_rep, 1, curr_step, 46, track_size, 72, robot_vel, 1.49, joints_pos, 23.1, 45.08, -13.04, -73.48, 13.36, 59.01, 60.94, tool_torque, -1.536, 0.159, -0.014, joint_torque, -0.23, -11.16, -0.57, 7.19, 0.75, -1.57, 0.02, robot_mode, normal, 
09/11/2022 14:10:09:467, robot_pos, 1668002790951, 617.9, 173.33, 313.3, 2.21, -0.01, 3.07, circuit_pos, 617.58, 173.1, 309.72, 2.21, -0.01, 3.07, tool_force, -0.37, 2.31, -14.99, actual_rep, 1, curr_step, 43, track_size, 72, robot_vel, 7.51, joints_pos, 23.1, 45.0, -13.05, -73.52, 13.35, 59.06, 60.94, tool_torque, -1.517, 0.107, 0.029, joint_torque, -0.18, -11.02, -0.54, 7.15, 0.73, -1.58, 0.08, robot_mode, normal, 
09/11/2022 14:10:09:622, robot_pos, 1668002791101, 617.88, 172.91, 312.21, 2.21, -0.01, 3.07, circuit_pos, 617.47, 173.15, 309.13, 2.21, -0.01, 3.07, tool_force, -0.67, 3.45, -14.87, actual_rep, 1, curr_step, 40, track_size, 72, robot_vel, 9.02, joints_pos, 23.08, 45.06, -13.04, -73.58, 13.34, 58.94, 60.92, tool_torque, -1.267, 0.146, 0.127, joint_torque, -0.1, -10.83, -0.55, 7.23, 0.77, -1.47, 0.16, robot_mode, normal, 
09/11/2022 14:10:09:772, robot_pos, 1668002791252, 617.77, 174.04, 312.34, 2.21, -0.01, 3.06, circuit_pos, 617.47, 173.7, 309.87, 2.21, -0.01, 3.07, tool_force, -1.98, 2.73, -14.87, actual_rep, 1, curr_step, 38, track_size, 72, robot_vel, 15.56, joints_pos, 23.1, 45.06, -12.95, -73.53, 13.36, 58.95, 60.98, tool_torque, -1.391, 0.209, 0.0040, joint_torque, -0.65, -10.88, -0.93, 7.19, 0.72, -1.53, 0.0, robot_mode, normal, 
09/11/2022 14:10:09:921, robot_pos, 1668002791402, 618.46, 172.69, 313.44, 2.21, -0.01, 3.06, circuit_pos, 618.01, 166.56, 311.61, 2.22, -0.01, 3.06, tool_force, 0.12, 3.89, -15.14, actual_rep, 1, curr_step, 35, track_size, 72, robot_vel, 14.89, joints_pos, 23.05, 44.95, -13.08, -73.59, 13.49, 58.73, 60.73, tool_torque, -1.122, -0.049, 0.253, joint_torque, 0.46, -10.95, -0.25, 7.13, 0.72, -1.36, 0.32, robot_mode, normal, 
09/11/2022 14:10:10:079, robot_pos, 1668002791555, 618.3, 167.09, 314.42, 2.22, -0.01, 3.06, circuit_pos, 618.64, 153.34, 313.12, 2.24, -0.02, 3.06, tool_force, -0.88, 3.96, -15.02, actual_rep, 1, curr_step, 32, track_size, 72, robot_vel, 43.74, joints_pos, 22.66, 44.63, -13.24, -74.03, 13.79, 58.52, 59.62, tool_torque, -1.06, -0.016, 0.427, joint_torque, -0.04, -10.69, -0.49, 7.23, 0.74, -1.42, 0.5, robot_mode, normal, 
09/11/2022 14:10:10:226, robot_pos, 1668002791703, 618.6, 161.62, 314.93, 2.22, -0.01, 3.06, circuit_pos, 618.68, 143.43, 313.21, 2.25, -0.02, 3.07, tool_force, -0.05, 3.88, -14.77, actual_rep, 1, curr_step, 30, track_size, 72, robot_vel, 36.52, joints_pos, 22.17, 44.48, -13.24, -74.22, 13.94, 58.59, 58.67, tool_torque, -1.222, -0.198, 0.462, joint_torque, -0.14, -10.95, -0.65, 7.22, 0.72, -1.54, 0.53, robot_mode, normal, 
09/11/2022 14:10:10:379, robot_pos, 1668002791853, 618.75, 155.79, 315.27, 2.23, -0.01, 3.06, circuit_pos, 618.68, 143.43, 313.21, 2.25, -0.02, 3.07, tool_force, 0.04, 3.66, -14.97, actual_rep, 1, curr_step, 30, track_size, 72, robot_vel, 40.58, joints_pos, 21.63, 44.35, -13.22, -74.39, 14.01, 58.8, 57.6, tool_torque, -1.26, -0.35, 0.488, joint_torque, 0.26, -10.84, -0.52, 7.32, 0.77, -1.64, 0.53, robot_mode, normal, 
09/11/2022 14:10:10:526, robot_pos, 1668002792003, 618.91, 149.99, 315.66, 2.24, -0.02, 3.06, circuit_pos, 618.68, 143.43, 313.21, 2.25, -0.02, 3.07, tool_force, -0.01, 3.53, -14.95, actual_rep, 1, curr_step, 30, track_size, 72, robot_vel, 41.61, joints_pos, 21.12, 44.24, -13.21, -74.52, 14.08, 59.07, 56.6, tool_torque, -1.247, -0.337, 0.461, joint_torque, 0.12, -10.79, -0.58, 7.28, 0.77, -1.62, 0.5, robot_mode, normal, 
09/11/2022 14:10:10:682, robot_pos, 1668002792155, 619.16, 144.13, 315.9, 2.25, -0.02, 3.06, circuit_pos, 618.9, 137.78, 313.01, 2.25, -0.02, 3.07, tool_force, 0.21, 3.46, -14.83, actual_rep, 1, curr_step, 29, track_size, 72, robot_vel, 41.27, joints_pos, 20.59, 44.13, -13.21, -74.67, 14.15, 59.24, 55.7, tool_torque, -1.287, -0.257, 0.409, joint_torque, 0.05, -10.78, -0.55, 7.2, 0.78, -1.57, 0.46, robot_mode, normal, 
09/11/2022 14:10:10:828, robot_pos, 1668002792303, 619.31, 138.35, 315.93, 2.25, -0.02, 3.07, circuit_pos, 619.15, 132.12, 312.83, 2.25, -0.02, 3.07, tool_force, -0.08, 3.65, -14.68, actual_rep, 1, curr_step, 28, track_size, 72, robot_vel, 37.74, joints_pos, 20.1, 44.01, -13.22, -74.89, 14.17, 59.25, 55.04, tool_torque, -1.199, -0.305, 0.429, joint_torque, 0.35, -10.67, -0.41, 7.26, 0.82, -1.54, 0.46, robot_mode, normal, 
09/11/2022 14:10:10:978, robot_pos, 1668002792455, 619.56, 132.56, 315.78, 2.25, -0.02, 3.07, circuit_pos, 619.45, 126.37, 312.42, 2.25, -0.02, 3.07, tool_force, -0.25, 3.66, -15.15, actual_rep, 1, curr_step, 27, track_size, 72, robot_vel, 42.46, joints_pos, 19.6, 43.92, -13.24, -75.08, 14.22, 59.24, 54.44, tool_torque, -1.198, -0.173, 0.398, joint_torque, 0.09, -10.78, -0.4, 7.27, 0.82, -1.48, 0.45, robot_mode, normal, 
09/11/2022 14:10:11:133, robot_pos, 1668002792607, 619.86, 126.6, 315.43, 2.25, -0.02, 3.07, circuit_pos, 619.61, 120.68, 311.81, 2.26, -0.02, 3.07, tool_force, -0.27, 4.11, -15.02, actual_rep, 1, curr_step, 26, track_size, 72, robot_vel, 40.18, joints_pos, 19.08, 43.84, -13.24, -75.27, 14.26, 59.19, 53.65, tool_torque, -1.047, -0.106, 0.396, joint_torque, 0.13, -10.69, -0.43, 7.26, 0.82, -1.36, 0.45, robot_mode, normal, 
09/11/2022 14:10:11:283, robot_pos, 1668002792758, 620.06, 120.93, 314.84, 2.26, -0.02, 3.07, circuit_pos, 619.73, 115.25, 310.98, 2.26, -0.02, 3.07, tool_force, -0.54, 4.19, -14.94, actual_rep, 1, curr_step, 25, track_size, 72, robot_vel, 44.46, joints_pos, 18.57, 43.78, -13.24, -75.48, 14.32, 59.11, 52.82, tool_torque, -1.005, -0.019, 0.396, joint_torque, 0.03, -10.66, -0.42, 7.21, 0.85, -1.29, 0.46, robot_mode, normal, 
09/11/2022 14:10:11:434, robot_pos, 1668002792909, 620.17, 115.0, 314.03, 2.26, -0.02, 3.07, circuit_pos, 619.88, 109.67, 310.15, 2.26, -0.02, 3.08, tool_force, -0.36, 3.73, -15.21, actual_rep, 1, curr_step, 24, track_size, 72, robot_vel, 37.58, joints_pos, 18.06, 43.74, -13.25, -75.68, 14.34, 59.09, 52.18, tool_torque, -1.127, -0.058, 0.405, joint_torque, -0.14, -10.7, -0.53, 7.15, 0.87, -1.33, 0.46, robot_mode, normal, 
09/11/2022 14:10:11:583, robot_pos, 1668002793057, 620.29, 109.42, 313.25, 2.26, -0.02, 3.07, circuit_pos, 619.96, 103.53, 309.26, 2.26, -0.02, 3.08, tool_force, -0.04, 3.72, -14.82, actual_rep, 1, curr_step, 23, track_size, 72, robot_vel, 46.96, joints_pos, 17.63, 43.76, -13.29, -75.76, 14.12, 59.22, 51.76, tool_torque, -1.273, -0.146, 0.405, joint_torque, 0.05, -10.62, -0.41, 7.19, 0.93, -1.48, 0.45, robot_mode, normal, 
09/11/2022 14:10:11:739, robot_pos, 1668002793209, 620.54, 103.44, 312.43, 2.26, -0.02, 3.08, circuit_pos, 620.25, 96.98, 308.51, 2.27, -0.02, 3.08, tool_force, -0.26, 3.72, -14.63, actual_rep, 1, curr_step, 22, track_size, 72, robot_vel, 41.04, joints_pos, 17.09, 43.76, -13.28, -75.91, 14.12, 59.22, 51.02, tool_torque, -1.23, -0.115, 0.399, joint_torque, -0.06, -10.59, -0.48, 7.12, 0.93, -1.43, 0.45, robot_mode, normal, 
09/11/2022 14:10:11:923, robot_pos, 1668002793360, 620.74, 97.67, 311.75, 2.27, -0.02, 3.08, circuit_pos, 620.78, 89.35, 307.67, 2.27, -0.01, 3.09, tool_force, -0.24, 3.57, -15.12, actual_rep, 1, curr_step, 21, track_size, 72, robot_vel, 40.31, joints_pos, 16.58, 43.74, -13.28, -76.05, 14.1, 59.18, 50.25, tool_torque, -1.126, -0.107, 0.405, joint_torque, 0.15, -10.63, -0.42, 7.06, 0.94, -1.3, 0.44, robot_mode, normal, 
09/11/2022 14:10:12:038, robot_pos, 1668002793510, 621.02, 91.84, 311.14, 2.27, -0.01, 3.08, circuit_pos, 621.28, 81.29, 306.83, 2.28, -0.01, 3.09, tool_force, 0.47, 3.9, -15.14, actual_rep, 1, curr_step, 20, track_size, 72, robot_vel, 37.88, joints_pos, 16.21, 43.75, -13.34, -76.13, 13.54, 59.18, 49.94, tool_torque, -1.151, -0.089, 0.393, joint_torque, 0.39, -10.75, -0.23, 7.12, 0.97, -1.29, 0.45, robot_mode, normal, 
09/11/2022 14:10:12:191, robot_pos, 1668002793662, 621.45, 85.97, 310.52, 2.27, -0.01, 3.09, circuit_pos, 621.28, 81.29, 306.83, 2.28, -0.01, 3.09, tool_force, -0.3, 3.99, -15.02, actual_rep, 1, curr_step, 20, track_size, 72, robot_vel, 41.96, joints_pos, 15.7, 43.77, -13.35, -76.21, 13.45, 59.15, 49.14, tool_torque, -1.096, 0.0050, 0.397, joint_torque, 0.16, -10.55, -0.32, 7.1, 0.97, -1.23, 0.44, robot_mode, normal, 
09/11/2022 14:10:12:338, robot_pos, 1668002793809, 621.73, 80.21, 309.85, 2.28, -0.01, 3.09, circuit_pos, 621.58, 73.04, 305.87, 2.28, -0.01, 3.09, tool_force, -0.82, 3.67, -15.13, actual_rep, 1, curr_step, 19, track_size, 72, robot_vel, 35.69, joints_pos, 15.18, 43.77, -13.34, -76.31, 13.45, 59.1, 48.42, tool_torque, -1.058, 0.014, 0.432, joint_torque, -0.01, -10.52, -0.47, 7.08, 0.98, -1.2, 0.46, robot_mode, normal, 
09/11/2022 14:10:12:494, robot_pos, 1668002793960, 621.99, 74.45, 309.18, 2.28, -0.01, 3.09, circuit_pos, 621.7, 64.77, 304.79, 2.29, -0.01, 3.09, tool_force, -1.25, 3.41, -15.26, actual_rep, 1, curr_step, 18, track_size, 72, robot_vel, 42.05, joints_pos, 14.66, 43.77, -13.34, -76.42, 13.45, 59.02, 47.72, tool_torque, -1.094, 0.081, 0.397, joint_torque, -0.16, -10.55, -0.47, 7.03, 0.98, -1.17, 0.44, robot_mode, normal, 
09/11/2022 14:10:12:640, robot_pos, 1668002794109, 622.13, 68.68, 308.46, 2.28, -0.01, 3.09, circuit_pos, 621.78, 57.42, 303.83, 2.3, -0.01, 3.09, tool_force, -0.71, 3.64, -15.14, actual_rep, 1, curr_step, 17, track_size, 72, robot_vel, 35.0, joints_pos, 14.13, 43.77, -13.33, -76.55, 13.48, 58.95, 46.85, tool_torque, -1.055, 0.022, 0.375, joint_torque, 0.04, -10.53, -0.46, 7.03, 0.97, -1.16, 0.41, robot_mode, normal, 
09/11/2022 14:10:12:793, robot_pos, 1668002794261, 622.24, 62.77, 307.71, 2.29, -0.01, 3.09, circuit_pos, 621.78, 57.42, 303.83, 2.3, -0.01, 3.09, tool_force, -1.12, 3.6, -15.19, actual_rep, 1, curr_step, 17, track_size, 72, robot_vel, 39.53, joints_pos, 13.59, 43.76, -13.32, -76.67, 13.51, 58.87, 45.87, tool_torque, -1.018, 0.026, 0.384, joint_torque, -0.05, -10.49, -0.51, 7.03, 0.96, -1.14, 0.41, robot_mode, normal, 
09/11/2022 14:10:12:946, robot_pos, 1668002794409, 622.18, 56.96, 306.94, 2.3, -0.01, 3.09, circuit_pos, 621.68, 48.29, 302.56, 2.3, -0.02, 3.09, tool_force, -0.84, 3.52, -15.1, actual_rep, 1, curr_step, 16, track_size, 72, robot_vel, 35.28, joints_pos, 13.03, 43.77, -13.3, -76.79, 13.66, 58.85, 45.0, tool_torque, -1.022, -0.079, 0.404, joint_torque, 0.04, -10.45, -0.48, 6.97, 0.95, -1.17, 0.42, robot_mode, normal, 
09/11/2022 14:10:13:092, robot_pos, 1668002794560, 622.12, 51.22, 306.12, 2.3, -0.02, 3.09, circuit_pos, 621.5, 39.55, 301.39, 2.31, -0.02, 3.09, tool_force, -0.38, 3.64, -14.85, actual_rep, 1, curr_step, 15, track_size, 72, robot_vel, 38.83, joints_pos, 12.46, 43.81, -13.3, -76.86, 13.92, 58.96, 44.21, tool_torque, -1.171, -0.181, 0.393, joint_torque, -0.02, -10.47, -0.51, 7.01, 0.97, -1.32, 0.43, robot_mode, normal, 
09/11/2022 14:10:13:247, robot_pos, 1668002794710, 622.1, 45.37, 305.34, 2.3, -0.02, 3.09, circuit_pos, 621.5, 39.55, 301.39, 2.31, -0.02, 3.09, tool_force, -0.73, 3.17, -15.09, actual_rep, 1, curr_step, 15, track_size, 72, robot_vel, 39.49, joints_pos, 11.92, 43.83, -13.3, -76.94, 14.01, 58.96, 43.29, tool_torque, -1.163, -0.162, 0.37, joint_torque, -0.06, -10.52, -0.5, 6.96, 0.98, -1.25, 0.4, robot_mode, normal, 
09/11/2022 14:10:13:397, robot_pos, 1668002794861, 622.02, 39.6, 304.6, 2.31, -0.02, 3.09, circuit_pos, 621.3, 29.46, 300.25, 2.32, -0.02, 3.09, tool_force, -1.06, 3.05, -15.11, actual_rep, 1, curr_step, 14, track_size, 72, robot_vel, 39.52, joints_pos, 11.38, 43.85, -13.3, -77.04, 14.12, 58.93, 42.34, tool_torque, -1.128, -0.055, 0.33, joint_torque, -0.09, -10.46, -0.49, 6.92, 0.98, -1.17, 0.36, robot_mode, normal, 
09/11/2022 14:10:13:547, robot_pos, 1668002795010, 621.9, 33.86, 303.94, 2.31, -0.02, 3.09, circuit_pos, 621.3, 29.46, 300.25, 2.32, -0.02, 3.09, tool_force, -0.73, 3.29, -15.28, actual_rep, 1, curr_step, 14, track_size, 72, robot_vel, 36.19, joints_pos, 10.85, 43.86, -13.3, -77.13, 14.16, 58.9, 41.48, tool_torque, -1.044, -0.069, 0.348, joint_torque, 0.04, -10.54, -0.42, 6.91, 0.99, -1.08, 0.37, robot_mode, normal, 
09/11/2022 14:10:13:701, robot_pos, 1668002795160, 621.85, 28.04, 303.45, 2.32, -0.02, 3.09, circuit_pos, 621.22, 18.66, 299.53, 2.33, -0.02, 3.09, tool_force, -0.91, 3.12, -15.29, actual_rep, 1, curr_step, 13, track_size, 72, robot_vel, 40.39, joints_pos, 10.32, 43.87, -13.31, -77.2, 14.21, 58.9, 40.55, tool_torque, -1.079, -0.0080, 0.337, joint_torque, 0.03, -10.51, -0.35, 6.91, 1.02, -1.06, 0.37, robot_mode, normal, 
09/11/2022 14:10:13:848, robot_pos, 1668002795308, 621.8, 22.26, 303.01, 2.33, -0.02, 3.09, circuit_pos, 621.31, 7.17, 299.27, 2.33, -0.02, 3.09, tool_force, -1.15, 3.12, -15.34, actual_rep, 1, curr_step, 12, track_size, 72, robot_vel, 37.95, joints_pos, 9.78, 43.88, -13.31, -77.25, 14.26, 58.89, 39.71, tool_torque, -1.068, 0.026, 0.335, joint_torque, -0.04, -10.4, -0.36, 6.86, 1.02, -1.03, 0.37, robot_mode, normal, 
09/11/2022 14:10:14:005, robot_pos, 1668002795461, 621.81, 16.2, 302.75, 2.33, -0.02, 3.09, circuit_pos, 621.31, 7.17, 299.27, 2.33, -0.02, 3.09, tool_force, -0.96, 3.17, -15.16, actual_rep, 1, curr_step, 12, track_size, 72, robot_vel, 38.19, joints_pos, 9.23, 43.89, -13.31, -77.28, 14.28, 58.89, 39.05, tool_torque, -1.093, 0.021, 0.303, joint_torque, 0.0, -10.43, -0.34, 6.84, 1.03, -1.03, 0.34, robot_mode, normal, 
09/11/2022 14:10:14:153, robot_pos, 1668002795613, 621.81, 10.57, 302.54, 2.33, -0.02, 3.09, circuit_pos, 621.4, -3.17, 299.31, 2.33, -0.02, 3.09, tool_force, -0.87, 3.38, -15.15, actual_rep, 1, curr_step, 11, track_size, 72, robot_vel, 39.12, joints_pos, 8.71, 43.89, -13.32, -77.3, 14.31, 58.89, 38.44, tool_torque, -1.04, -0.041, 0.344, joint_torque, 0.22, -10.39, -0.23, 6.86, 1.05, -1.03, 0.37, robot_mode, normal, 
09/11/2022 14:10:14:306, robot_pos, 1668002795764, 621.83, 4.65, 302.45, 2.33, -0.02, 3.09, circuit_pos, 621.4, -3.17, 299.31, 2.33, -0.02, 3.09, tool_force, -1.1, 2.9, -15.12, actual_rep, 1, curr_step, 11, track_size, 72, robot_vel, 42.28, joints_pos, 8.17, 43.9, -13.32, -77.31, 14.33, 58.9, 37.86, tool_torque, -1.196, 0.032, 0.312, joint_torque, -0.21, -10.44, -0.42, 6.8, 1.05, -1.06, 0.36, robot_mode, normal, 
09/11/2022 14:10:14:451, robot_pos, 1668002795912, 621.81, -1.02, 302.42, 2.33, -0.02, 3.09, circuit_pos, 621.41, -16.2, 299.67, 2.34, -0.02, 3.09, tool_force, -0.44, 3.02, -14.93, actual_rep, 1, curr_step, 10, track_size, 72, robot_vel, 38.23, joints_pos, 7.64, 43.9, -13.32, -77.3, 14.34, 58.93, 37.23, tool_torque, -1.169, -0.142, 0.325, joint_torque, 0.25, -10.39, -0.16, 6.74, 1.07, -1.1, 0.36, robot_mode, normal, 
09/11/2022 14:10:14:606, robot_pos, 1668002796063, 621.77, -6.92, 302.49, 2.33, -0.02, 3.09, circuit_pos, 621.41, -16.2, 299.67, 2.34, -0.02, 3.09, tool_force, -0.31, 2.81, -14.71, actual_rep, 1, curr_step, 10, track_size, 72, robot_vel, 39.58, joints_pos, 7.09, 43.9, -13.32, -77.29, 14.37, 58.96, 36.5, tool_torque, -1.241, -0.189, 0.296, joint_torque, 0.25, -10.33, -0.14, 6.64, 1.08, -1.14, 0.34, robot_mode, normal, 
09/11/2022 14:10:14:758, robot_pos, 1668002796213, 621.7, -12.65, 302.6, 2.34, -0.02, 3.09, circuit_pos, 621.3, -26.89, 300.2, 2.34, -0.02, 3.09, tool_force, -0.14, 2.59, -14.75, actual_rep, 1, curr_step, 9, track_size, 72, robot_vel, 38.92, joints_pos, 6.55, 43.91, -13.32, -77.28, 14.37, 59.0, 35.77, tool_torque, -1.287, -0.234, 0.283, joint_torque, 0.12, -10.38, -0.24, 6.62, 1.09, -1.16, 0.31, robot_mode, normal, 
09/11/2022 14:10:14:932, robot_pos, 1668002796362, 621.66, -18.48, 302.81, 2.34, -0.02, 3.09, circuit_pos, 621.3, -26.89, 300.2, 2.34, -0.02, 3.09, tool_force, -0.34, 2.2, -14.7, actual_rep, 1, curr_step, 9, track_size, 72, robot_vel, 36.48, joints_pos, 6.01, 43.91, -13.32, -77.23, 14.39, 59.07, 35.18, tool_torque, -1.348, -0.2, 0.263, joint_torque, 0.03, -10.38, -0.26, 6.52, 1.09, -1.13, 0.3, robot_mode, normal, 
09/11/2022 14:10:15:060, robot_pos, 1668002796516, 621.56, -24.29, 303.03, 2.34, -0.02, 3.09, circuit_pos, 621.1, -36.42, 300.61, 2.35, -0.02, 3.09, tool_force, -0.05, 2.15, -14.78, actual_rep, 1, curr_step, 8, track_size, 72, robot_vel, 36.02, joints_pos, 5.47, 43.92, -13.32, -77.18, 14.4, 59.15, 34.51, tool_torque, -1.353, -0.236, 0.259, joint_torque, 0.06, -10.4, -0.25, 6.53, 1.11, -1.14, 0.29, robot_mode, normal, 
09/11/2022 14:10:15:238, robot_pos, 1668002796664, 621.47, -30.09, 303.24, 2.34, -0.02, 3.09, circuit_pos, 621.1, -36.42, 300.61, 2.35, -0.02, 3.09, tool_force, 0.25, 2.73, -14.63, actual_rep, 1, curr_step, 8, track_size, 72, robot_vel, 37.63, joints_pos, 4.93, 43.93, -13.32, -77.12, 14.4, 59.23, 33.74, tool_torque, -1.348, -0.248, 0.277, joint_torque, 0.07, -10.35, -0.21, 6.51, 1.12, -1.13, 0.31, robot_mode, normal, 
09/11/2022 14:10:15:358, robot_pos, 1668002796815, 621.41, -35.89, 303.44, 2.35, -0.02, 3.09, circuit_pos, 620.58, -46.71, 300.66, 2.36, -0.01, 3.09, tool_force, -0.29, 2.18, -14.86, actual_rep, 1, curr_step, 7, track_size, 72, robot_vel, 36.08, joints_pos, 4.41, 43.94, -13.34, -77.07, 14.4, 59.23, 32.92, tool_torque, -1.272, -0.143, 0.272, joint_torque, 0.17, -10.32, -0.09, 6.45, 1.14, -0.96, 0.3, robot_mode, normal, 
09/11/2022 14:10:15:546, robot_pos, 1668002796964, 621.21, -41.64, 303.53, 2.35, -0.01, 3.09, circuit_pos, 620.58, -46.71, 300.66, 2.36, -0.01, 3.09, tool_force, -0.47, 2.77, -15.09, actual_rep, 1, curr_step, 7, track_size, 72, robot_vel, 39.89, joints_pos, 3.94, 43.94, -13.4, -77.07, 14.28, 59.14, 32.16, tool_torque, -1.198, 0.029, 0.259, joint_torque, 0.35, -10.27, 0.02, 6.52, 1.22, -0.87, 0.28, robot_mode, normal, 
09/11/2022 14:10:15:661, robot_pos, 1668002797115, 620.88, -47.46, 303.5, 2.36, -0.01, 3.09, circuit_pos, 620.04, -56.04, 300.07, 2.37, -0.01, 3.09, tool_force, -1.03, 2.45, -15.06, actual_rep, 1, curr_step, 6, track_size, 72, robot_vel, 36.87, joints_pos, 3.43, 43.94, -13.41, -77.08, 14.23, 59.09, 31.32, tool_torque, -1.235, 0.092, 0.245, joint_torque, 0.11, -10.24, -0.12, 6.5, 1.21, -0.84, 0.27, robot_mode, normal, 
09/11/2022 14:10:15:809, robot_pos, 1668002797263, 620.51, -53.21, 303.19, 2.37, -0.01, 3.09, circuit_pos, 619.15, -64.3, 298.91, 2.37, -0.01, 3.09, tool_force, -0.81, 2.18, -15.14, actual_rep, 1, curr_step, 5, track_size, 72, robot_vel, 38.68, joints_pos, 2.89, 43.97, -13.4, -77.07, 14.23, 59.06, 30.46, tool_torque, -1.234, 0.0080, 0.261, joint_torque, 0.06, -10.33, -0.18, 6.45, 1.21, -0.84, 0.28, robot_mode, normal, 
09/11/2022 14:10:15:959, robot_pos, 1668002797415, 620.04, -59.03, 302.59, 2.37, -0.01, 3.09, circuit_pos, 619.15, -64.3, 298.91, 2.37, -0.01, 3.09, tool_force, -0.96, 2.14, -15.03, actual_rep, 1, curr_step, 5, track_size, 72, robot_vel, 38.41, joints_pos, 2.35, 44.03, -13.39, -77.07, 14.23, 59.02, 29.84, tool_torque, -1.238, 0.025, 0.253, joint_torque, 0.11, -10.34, -0.17, 6.46, 1.22, -0.82, 0.26, robot_mode, normal, 
09/11/2022 14:10:16:116, robot_pos, 1668002797566, 619.4, -64.88, 301.86, 2.37, -0.01, 3.09, circuit_pos, 617.78, -71.85, 297.69, 2.37, -0.01, 3.09, tool_force, -0.56, 2.66, -15.4, actual_rep, 1, curr_step, 4, track_size, 72, robot_vel, 40.04, joints_pos, 1.81, 44.08, -13.39, -77.09, 14.25, 58.98, 29.22, tool_torque, -1.178, 0.031, 0.254, joint_torque, 0.17, -10.27, -0.21, 6.45, 1.2, -0.79, 0.26, robot_mode, normal, 
09/11/2022 14:10:16:268, robot_pos, 1668002797717, 618.56, -70.73, 301.09, 2.37, -0.01, 3.09, circuit_pos, 616.23, -78.75, 296.86, 2.37, 0.0, 3.09, tool_force, -1.39, 2.84, -14.98, actual_rep, 1, curr_step, 3, track_size, 72, robot_vel, 38.99, joints_pos, 1.28, 44.11, -13.4, -77.17, 14.29, 58.84, 28.62, tool_torque, -1.177, 0.157, 0.231, joint_torque, -0.01, -10.08, -0.18, 6.48, 1.19, -0.76, 0.26, robot_mode, normal, 
09/11/2022 14:10:16:443, robot_pos, 1668002797868, 617.45, -76.54, 300.33, 2.37, 0.0, 3.09, circuit_pos, 615.03, -85.14, 296.67, 2.36, 0.0, 3.09, tool_force, -1.47, 3.18, -14.97, actual_rep, 1, curr_step, 2, track_size, 72, robot_vel, 43.64, joints_pos, 0.84, 44.06, -13.48, -77.41, 14.16, 58.42, 28.13, tool_torque, -1.11, 0.16, 0.228, joint_torque, 0.55, -10.16, 0.13, 6.56, 1.26, -0.72, 0.23, robot_mode, normal, 
09/11/2022 14:10:16:565, robot_pos, 1668002798018, 616.26, -82.27, 300.02, 2.36, 0.0, 3.09, circuit_pos, 614.3, -90.51, 297.41, 2.34, 0.0, 3.1, tool_force, -1.51, 3.19, -15.27, actual_rep, 1, curr_step, 1, track_size, 72, robot_vel, 39.04, joints_pos, 0.36, 44.01, -13.54, -77.56, 14.16, 58.24, 27.94, tool_torque, -1.153, 0.176, 0.225, joint_torque, 0.23, -10.47, -0.05, 6.71, 1.25, -0.73, 0.24, robot_mode, normal, 
09/11/2022 14:10:16:743, robot_pos, 1668002798168, 615.24, -88.29, 300.2, 2.35, 0.0, 3.09, circuit_pos, 613.86, -94.17, 298.82, 2.34, 0.01, 3.1, tool_force, -0.99, 2.08, -14.76, actual_rep, 1, curr_step, 0, track_size, 72, robot_vel, 45.07, joints_pos, -0.04, 44.01, -13.69, -77.55, 13.9, 58.32, 28.54, tool_torque, -1.486, -0.013, -0.162, joint_torque, 0.66, -10.24, 0.14, 6.53, 1.25, -0.95, -0.2, robot_mode, normal, 
09/11/2022 14:10:16:872, robot_pos, 1668002798320, 614.72, -90.42, 300.34, 2.34, 0.0, 3.09, circuit_pos, 613.86, -94.17, 298.82, 2.34, 0.01, 3.1, tool_force, -0.72, 1.95, -14.75, actual_rep, 1, curr_step, 0, track_size, 72, robot_vel, 3.64, joints_pos, -0.25, 44.0, -13.62, -77.53, 13.69, 58.44, 28.76, tool_torque, -1.424, -0.145, -0.107, joint_torque, 0.74, -10.22, 0.0, 6.48, 1.26, -0.98, -0.19, robot_mode, normal, 
09/11/2022 14:10:17:017, robot_pos, 1668002798472, 614.68, -90.57, 300.38, 2.34, 0.0, 3.1, circuit_pos, 613.86, -94.17, 298.82, 2.34, 0.01, 3.1, tool_force, -1.13, 1.77, -14.74, actual_rep, 1, curr_step, 0, track_size, 72, robot_vel, 3.73, joints_pos, -0.26, 43.99, -13.59, -77.53, 13.57, 58.43, 28.86, tool_torque, -1.403, -0.089, -0.063, joint_torque, 0.34, -10.19, -0.25, 6.48, 1.23, -0.97, -0.15, robot_mode, normal, 
09/11/2022 14:10:17:284, robot_pos, 1668002798624, 614.66, -90.57, 300.37, 2.34, 0.0, 3.1, circuit_pos, 613.86, -94.17, 298.82, 2.34, 0.01, 3.1, tool_force, -1.33, 1.8, -14.74, actual_rep, 2, curr_step, 0, track_size, 72, robot_vel, 0.48, joints_pos, -0.27, 43.99, -13.59, -77.54, 13.57, 58.43, 28.86, tool_torque, -1.402, -0.037, -0.069, joint_torque, 0.21, -10.18, -0.32, 6.5, 1.22, -0.95, -0.15, robot_mode, normal, 
