06/12/2022 14:58:49:069, robot_pos, 1670338495043, 614.8, -90.49, 296.19, 2.34, 0.0, 3.1, circuit_pos, 614.3, -90.51, 297.41, 2.34, 0.0, 3.1, tool_force, -1.5, 2.33, -13.25, actual_rep, 1, curr_step, 1, track_size, 72, robot_vel, 1.34, joints_pos, 2.09, 44.83, -17.34, -77.54, 16.52, 58.66, 27.08, tool_torque, -1.328, -0.046, -0.028, joint_torque, 0.41, -9.25, -0.33, 6.09, 1.23, -0.93, -0.09, robot_mode, normal, 
06/12/2022 14:58:49:179, robot_pos, 1670338495178, 615.21, -90.46, 297.22, 2.34, 0.0, 3.1, circuit_pos, 614.3, -90.51, 297.41, 2.34, 0.0, 3.1, tool_force, -2.19, 2.47, -10.24, actual_rep, 1, curr_step, 1, track_size, 72, robot_vel, 1.34, joints_pos, 2.09, 44.76, -17.34, -77.47, 16.52, 58.66, 27.08, tool_torque, -1.111, 0.039, -0.032, joint_torque, 0.28, -7.53, -0.3, 5.24, 1.08, -0.83, -0.09, robot_mode, normal, 
06/12/2022 14:58:49:333, robot_pos, 1670338495327, 615.01, -90.15, 299.84, 2.34, 0.0, 3.1, circuit_pos, 615.03, -85.14, 296.67, 2.36, 0.0, 3.09, tool_force, -1.18, 5.09, -12.11, actual_rep, 1, curr_step, 2, track_size, 72, robot_vel, 12.35, joints_pos, 2.09, 44.5, -17.31, -77.49, 16.6, 58.82, 27.06, tool_torque, -1.079, -0.0030, 0.0020, joint_torque, 1.15, -7.86, 0.19, 5.94, 1.26, -0.97, -0.09, robot_mode, normal, 
06/12/2022 14:58:49:485, robot_pos, 1670338495476, 615.51, -85.48, 299.62, 2.36, 0.0, 3.09, circuit_pos, 616.23, -78.75, 296.86, 2.37, 0.0, 3.09, tool_force, -4.54, 4.3, -11.5, actual_rep, 1, curr_step, 3, track_size, 72, robot_vel, 27.86, joints_pos, 2.26, 44.42, -16.98, -77.61, 16.78, 58.61, 26.38, tool_torque, -0.952, 0.362, 0.205, joint_torque, 0.09, -8.08, -0.33, 6.23, 1.24, -0.82, 0.17, robot_mode, normal, 
06/12/2022 14:58:49:633, robot_pos, 1670338495624, 616.44, -79.88, 299.89, 2.37, 0.0, 3.09, circuit_pos, 617.78, -71.85, 297.69, 2.37, -0.01, 3.09, tool_force, -2.4, 3.12, -12.98, actual_rep, 1, curr_step, 4, track_size, 72, robot_vel, 44.24, joints_pos, 2.69, 44.41, -16.88, -77.56, 16.86, 58.68, 26.36, tool_torque, -1.142, 0.062, 0.111, joint_torque, 0.45, -8.86, -0.16, 6.22, 1.25, -0.91, 0.07, robot_mode, normal, 
06/12/2022 14:58:49:783, robot_pos, 1670338495772, 617.54, -74.19, 300.2, 2.37, -0.01, 3.09, circuit_pos, 619.15, -64.3, 298.91, 2.37, -0.01, 3.09, tool_force, -1.9, 2.2, -12.59, actual_rep, 1, curr_step, 5, track_size, 72, robot_vel, 36.23, joints_pos, 3.15, 44.47, -16.87, -77.4, 17.1, 58.94, 26.6, tool_torque, -1.478, -0.022, -0.117, joint_torque, 0.06, -9.05, -0.32, 5.98, 1.21, -1.01, -0.14, robot_mode, normal, 
06/12/2022 14:58:49:938, robot_pos, 1670338495921, 618.64, -68.32, 300.93, 2.37, -0.01, 3.09, circuit_pos, 620.04, -56.04, 300.07, 2.37, -0.01, 3.09, tool_force, -1.33, 1.54, -13.19, actual_rep, 1, curr_step, 6, track_size, 72, robot_vel, 39.84, joints_pos, 3.74, 44.48, -16.95, -77.27, 17.18, 59.13, 27.06, tool_torque, -1.68, 0.033, -0.223, joint_torque, -0.38, -9.44, -0.45, 5.99, 1.17, -1.0, -0.2, robot_mode, normal, 
06/12/2022 14:58:50:085, robot_pos, 1670338496068, 619.43, -62.58, 301.61, 2.37, -0.01, 3.08, circuit_pos, 620.04, -56.04, 300.07, 2.37, -0.01, 3.09, tool_force, -1.66, 1.88, -12.68, actual_rep, 1, curr_step, 6, track_size, 72, robot_vel, 38.32, joints_pos, 4.26, 44.46, -16.98, -77.2, 17.22, 59.23, 27.54, tool_torque, -1.615, 0.029, -0.23, joint_torque, 0.22, -9.16, -0.02, 6.06, 1.22, -1.02, -0.22, robot_mode, normal, 
06/12/2022 14:58:50:241, robot_pos, 1670338496224, 620.05, -56.54, 302.29, 2.37, -0.01, 3.08, circuit_pos, 620.58, -46.71, 300.66, 2.36, -0.01, 3.09, tool_force, -1.75, 1.86, -12.95, actual_rep, 1, curr_step, 7, track_size, 72, robot_vel, 39.4, joints_pos, 4.82, 44.42, -16.98, -77.17, 17.21, 59.3, 28.22, tool_torque, -1.636, 0.1, -0.243, joint_torque, -0.06, -9.29, -0.21, 6.06, 1.2, -0.99, -0.22, robot_mode, normal, 
06/12/2022 14:58:50:388, robot_pos, 1670338496371, 620.56, -50.87, 302.73, 2.36, -0.01, 3.08, circuit_pos, 621.1, -36.42, 300.61, 2.35, -0.02, 3.09, tool_force, -1.89, 1.93, -12.74, actual_rep, 1, curr_step, 8, track_size, 72, robot_vel, 44.52, joints_pos, 5.35, 44.37, -16.99, -77.18, 17.2, 59.3, 29.01, tool_torque, -1.601, 0.119, -0.222, joint_torque, 0.0, -9.04, -0.17, 6.0, 1.21, -1.0, -0.21, robot_mode, normal, 
06/12/2022 14:58:50:541, robot_pos, 1670338496520, 620.83, -44.96, 302.94, 2.36, -0.01, 3.08, circuit_pos, 621.1, -36.42, 300.61, 2.35, -0.02, 3.09, tool_force, -1.62, 1.79, -12.79, actual_rep, 1, curr_step, 8, track_size, 72, robot_vel, 39.45, joints_pos, 5.86, 44.37, -16.97, -77.15, 17.25, 59.46, 29.82, tool_torque, -1.633, 0.04, -0.209, joint_torque, -0.11, -9.28, -0.26, 6.07, 1.18, -1.07, -0.19, robot_mode, normal, 
06/12/2022 14:58:50:693, robot_pos, 1670338496668, 621.14, -39.29, 303.03, 2.35, -0.02, 3.08, circuit_pos, 621.3, -26.89, 300.2, 2.34, -0.02, 3.09, tool_force, -1.29, 1.92, -12.85, actual_rep, 1, curr_step, 9, track_size, 72, robot_vel, 39.57, joints_pos, 6.35, 44.38, -16.95, -77.12, 17.37, 59.6, 30.59, tool_torque, -1.595, 0.0020, -0.198, joint_torque, 0.0, -9.25, -0.29, 6.07, 1.17, -1.08, -0.19, robot_mode, normal, 
06/12/2022 14:58:50:841, robot_pos, 1670338496816, 621.45, -33.41, 302.94, 2.35, -0.02, 3.08, circuit_pos, 621.3, -26.89, 300.2, 2.34, -0.02, 3.09, tool_force, -1.42, 1.94, -13.0, actual_rep, 1, curr_step, 9, track_size, 72, robot_vel, 42.95, joints_pos, 6.88, 44.38, -16.95, -77.12, 17.37, 59.61, 31.44, tool_torque, -1.595, 0.022, -0.181, joint_torque, -0.1, -9.34, -0.37, 6.14, 1.16, -1.09, -0.18, robot_mode, normal, 
06/12/2022 14:58:50:994, robot_pos, 1670338496964, 621.6, -27.74, 302.78, 2.34, -0.02, 3.08, circuit_pos, 621.41, -16.2, 299.67, 2.34, -0.02, 3.09, tool_force, -1.43, 2.44, -13.05, actual_rep, 1, curr_step, 10, track_size, 72, robot_vel, 38.19, joints_pos, 7.41, 44.39, -16.96, -77.14, 17.41, 59.61, 32.17, tool_torque, -1.492, 0.051, -0.173, joint_torque, 0.17, -9.36, -0.24, 6.22, 1.16, -1.06, -0.17, robot_mode, normal, 
06/12/2022 14:58:51:142, robot_pos, 1670338497112, 621.77, -21.9, 302.6, 2.34, -0.02, 3.09, circuit_pos, 621.41, -16.2, 299.67, 2.34, -0.02, 3.09, tool_force, -1.63, 2.6, -13.34, actual_rep, 1, curr_step, 10, track_size, 72, robot_vel, 42.91, joints_pos, 7.95, 44.39, -16.96, -77.16, 17.41, 59.58, 32.77, tool_torque, -1.426, 0.211, -0.178, joint_torque, 0.04, -9.37, -0.29, 6.24, 1.15, -0.96, -0.17, robot_mode, normal, 
06/12/2022 14:58:51:294, robot_pos, 1670338497261, 621.86, -16.18, 302.44, 2.34, -0.02, 3.09, circuit_pos, 621.4, -3.17, 299.31, 2.33, -0.02, 3.09, tool_force, -2.32, 2.31, -13.41, actual_rep, 1, curr_step, 11, track_size, 72, robot_vel, 37.25, joints_pos, 8.48, 44.39, -16.97, -77.19, 17.42, 59.55, 33.47, tool_torque, -1.396, 0.32, -0.174, joint_torque, -0.08, -9.31, -0.33, 6.26, 1.15, -0.9, -0.17, robot_mode, normal, 
06/12/2022 14:58:51:443, robot_pos, 1670338497410, 621.95, -10.35, 302.3, 2.34, -0.02, 3.09, circuit_pos, 621.4, -3.17, 299.31, 2.33, -0.02, 3.09, tool_force, -1.99, 2.75, -13.5, actual_rep, 1, curr_step, 11, track_size, 72, robot_vel, 38.71, joints_pos, 9.03, 44.39, -16.97, -77.22, 17.42, 59.5, 34.21, tool_torque, -1.3, 0.31, -0.177, joint_torque, 0.33, -9.36, -0.12, 6.31, 1.15, -0.85, -0.18, robot_mode, normal, 
06/12/2022 14:58:51:596, robot_pos, 1670338497559, 621.98, -4.51, 302.17, 2.33, -0.02, 3.09, circuit_pos, 621.31, 7.17, 299.27, 2.33, -0.02, 3.09, tool_force, -2.09, 2.82, -13.52, actual_rep, 1, curr_step, 12, track_size, 72, robot_vel, 38.81, joints_pos, 9.57, 44.39, -16.98, -77.24, 17.42, 59.45, 34.88, tool_torque, -1.353, 0.401, -0.176, joint_torque, -0.17, -9.35, -0.36, 6.29, 1.14, -0.87, -0.16, robot_mode, normal, 
06/12/2022 14:58:51:743, robot_pos, 1670338497707, 622.0, 1.22, 302.08, 2.33, -0.02, 3.09, circuit_pos, 621.31, 7.17, 299.27, 2.33, -0.02, 3.09, tool_force, -2.23, 2.76, -13.47, actual_rep, 1, curr_step, 12, track_size, 72, robot_vel, 39.61, joints_pos, 10.1, 44.39, -16.98, -77.26, 17.42, 59.4, 35.48, tool_torque, -1.354, 0.415, -0.179, joint_torque, -0.1, -9.34, -0.33, 6.31, 1.14, -0.88, -0.16, robot_mode, normal, 
06/12/2022 14:58:51:896, robot_pos, 1670338497858, 621.96, 7.0, 302.09, 2.33, -0.02, 3.09, circuit_pos, 621.22, 18.66, 299.53, 2.33, -0.02, 3.09, tool_force, -2.07, 3.02, -13.31, actual_rep, 1, curr_step, 13, track_size, 72, robot_vel, 37.41, joints_pos, 10.65, 44.38, -16.98, -77.27, 17.42, 59.37, 36.03, tool_torque, -1.329, 0.372, -0.195, joint_torque, 0.15, -9.34, -0.18, 6.38, 1.15, -0.91, -0.18, robot_mode, normal, 
06/12/2022 14:58:52:045, robot_pos, 1670338498004, 621.92, 12.75, 302.14, 2.33, -0.02, 3.09, circuit_pos, 621.22, 18.66, 299.53, 2.33, -0.02, 3.09, tool_force, -1.93, 3.06, -13.38, actual_rep, 1, curr_step, 13, track_size, 72, robot_vel, 40.51, joints_pos, 11.18, 44.38, -16.98, -77.27, 17.41, 59.34, 36.61, tool_torque, -1.356, 0.381, -0.181, joint_torque, 0.02, -9.36, -0.29, 6.36, 1.14, -0.93, -0.17, robot_mode, normal, 
06/12/2022 14:58:52:197, robot_pos, 1670338498154, 621.87, 18.52, 302.37, 2.33, -0.02, 3.09, circuit_pos, 621.3, 29.46, 300.25, 2.32, -0.02, 3.09, tool_force, -2.18, 2.9, -13.27, actual_rep, 1, curr_step, 14, track_size, 72, robot_vel, 38.31, joints_pos, 11.71, 44.36, -16.98, -77.27, 17.38, 59.32, 37.31, tool_torque, -1.377, 0.426, -0.183, joint_torque, -0.15, -9.29, -0.35, 6.31, 1.14, -0.95, -0.16, robot_mode, normal, 
06/12/2022 14:58:52:345, robot_pos, 1670338498301, 621.86, 24.34, 302.64, 2.32, -0.02, 3.09, circuit_pos, 621.5, 39.55, 301.39, 2.31, -0.02, 3.09, tool_force, -1.83, 2.75, -13.39, actual_rep, 1, curr_step, 15, track_size, 72, robot_vel, 39.7, joints_pos, 12.25, 44.35, -16.98, -77.23, 17.36, 59.31, 38.1, tool_torque, -1.385, 0.352, -0.168, joint_torque, 0.06, -9.4, -0.25, 6.34, 1.15, -0.97, -0.16, robot_mode, normal, 
06/12/2022 14:58:52:497, robot_pos, 1670338498451, 621.93, 30.05, 303.1, 2.32, -0.02, 3.09, circuit_pos, 621.5, 39.55, 301.39, 2.31, -0.02, 3.09, tool_force, -1.68, 2.5, -13.28, actual_rep, 1, curr_step, 15, track_size, 72, robot_vel, 38.02, joints_pos, 12.78, 44.34, -16.99, -77.18, 17.33, 59.31, 38.94, tool_torque, -1.445, 0.342, -0.176, joint_torque, -0.04, -9.35, -0.32, 6.25, 1.14, -1.01, -0.16, robot_mode, normal, 
06/12/2022 14:58:52:671, robot_pos, 1670338498600, 621.96, 35.9, 303.61, 2.31, -0.02, 3.09, circuit_pos, 621.68, 48.29, 302.56, 2.3, -0.02, 3.09, tool_force, -1.32, 2.67, -13.19, actual_rep, 1, curr_step, 16, track_size, 72, robot_vel, 40.3, joints_pos, 13.32, 44.33, -16.99, -77.11, 17.29, 59.33, 39.84, tool_torque, -1.462, 0.231, -0.12, joint_torque, 0.03, -9.45, -0.34, 6.29, 1.14, -1.1, -0.11, robot_mode, normal, 
06/12/2022 14:58:52:797, robot_pos, 1670338498748, 622.03, 41.71, 304.29, 2.31, -0.02, 3.08, circuit_pos, 621.68, 48.29, 302.56, 2.3, -0.02, 3.09, tool_force, -1.48, 2.4, -13.0, actual_rep, 1, curr_step, 16, track_size, 72, robot_vel, 52.58, joints_pos, 13.84, 44.31, -16.99, -77.02, 17.25, 59.36, 40.73, tool_torque, -1.588, 0.278, -0.141, joint_torque, -0.56, -9.39, -0.61, 6.24, 1.11, -1.19, -0.1, robot_mode, normal, 
06/12/2022 14:58:52:949, robot_pos, 1670338498895, 622.18, 47.43, 305.02, 2.3, -0.02, 3.09, circuit_pos, 621.78, 57.42, 303.83, 2.3, -0.01, 3.09, tool_force, -1.5, 2.67, -12.9, actual_rep, 1, curr_step, 17, track_size, 72, robot_vel, 41.1, joints_pos, 14.39, 44.3, -16.99, -76.91, 17.1, 59.35, 41.61, tool_torque, -1.48, 0.244, -0.119, joint_torque, 0.11, -9.3, -0.25, 6.31, 1.13, -1.16, -0.11, robot_mode, normal, 
06/12/2022 14:58:53:099, robot_pos, 1670338499045, 622.25, 53.26, 305.82, 2.3, -0.01, 3.09, circuit_pos, 621.7, 64.77, 304.79, 2.29, -0.01, 3.09, tool_force, -1.84, 2.76, -13.25, actual_rep, 1, curr_step, 18, track_size, 72, robot_vel, 38.07, joints_pos, 14.96, 44.27, -17.0, -76.85, 16.89, 59.25, 42.38, tool_torque, -1.416, 0.444, -0.138, joint_torque, -0.46, -9.44, -0.6, 6.3, 1.1, -1.06, -0.1, robot_mode, normal, 
06/12/2022 14:58:53:252, robot_pos, 1670338499193, 622.24, 59.16, 306.56, 2.3, -0.01, 3.09, circuit_pos, 621.7, 64.77, 304.79, 2.29, -0.01, 3.09, tool_force, -1.71, 2.88, -13.1, actual_rep, 1, curr_step, 18, track_size, 72, robot_vel, 40.67, joints_pos, 15.51, 44.25, -17.01, -76.75, 16.77, 59.25, 43.36, tool_torque, -1.397, 0.361, -0.112, joint_torque, -0.02, -9.29, -0.33, 6.35, 1.11, -1.11, -0.1, robot_mode, normal, 
06/12/2022 14:58:53:398, robot_pos, 1670338499342, 622.18, 64.86, 307.29, 2.29, -0.01, 3.09, circuit_pos, 621.58, 73.04, 305.87, 2.28, -0.01, 3.09, tool_force, -1.5, 2.95, -13.13, actual_rep, 1, curr_step, 19, track_size, 72, robot_vel, 39.25, joints_pos, 16.04, 44.24, -17.01, -76.65, 16.68, 59.27, 44.29, tool_torque, -1.432, 0.291, -0.112, joint_torque, -0.05, -9.45, -0.39, 6.4, 1.08, -1.19, -0.09, robot_mode, normal, 
06/12/2022 14:58:53:553, robot_pos, 1670338499491, 622.1, 70.72, 308.01, 2.28, -0.01, 3.09, circuit_pos, 621.28, 81.29, 306.83, 2.28, -0.01, 3.09, tool_force, -1.77, 2.55, -12.95, actual_rep, 1, curr_step, 20, track_size, 72, robot_vel, 42.64, joints_pos, 16.58, 44.24, -17.0, -76.53, 16.58, 59.31, 45.2, tool_torque, -1.55, 0.286, -0.111, joint_torque, -0.39, -9.4, -0.61, 6.37, 1.05, -1.31, -0.08, robot_mode, normal, 
06/12/2022 14:58:53:700, robot_pos, 1670338499640, 621.92, 76.38, 308.7, 2.28, -0.01, 3.08, circuit_pos, 620.78, 89.35, 307.67, 2.27, -0.01, 3.09, tool_force, -1.34, 2.55, -12.9, actual_rep, 1, curr_step, 21, track_size, 72, robot_vel, 38.09, joints_pos, 17.08, 44.23, -17.0, -76.42, 16.54, 59.36, 45.91, tool_torque, -1.567, 0.19, -0.109, joint_torque, -0.19, -9.42, -0.49, 6.34, 1.05, -1.35, -0.08, robot_mode, normal, 
06/12/2022 14:58:53:852, robot_pos, 1670338499789, 621.64, 82.21, 309.34, 2.28, -0.01, 3.08, circuit_pos, 620.78, 89.35, 307.67, 2.27, -0.01, 3.09, tool_force, -1.3, 2.5, -12.92, actual_rep, 1, curr_step, 21, track_size, 72, robot_vel, 43.88, joints_pos, 17.61, 44.23, -16.99, -76.31, 16.48, 59.42, 46.79, tool_torque, -1.554, 0.142, -0.084, joint_torque, -0.01, -9.55, -0.46, 6.46, 1.05, -1.38, -0.08, robot_mode, normal, 
06/12/2022 14:58:54:006, robot_pos, 1670338499939, 621.34, 88.1, 310.0, 2.27, -0.01, 3.08, circuit_pos, 620.25, 96.98, 308.51, 2.27, -0.02, 3.08, tool_force, -1.61, 2.37, -13.09, actual_rep, 1, curr_step, 22, track_size, 72, robot_vel, 44.68, joints_pos, 18.12, 44.23, -16.96, -76.2, 16.49, 59.47, 47.55, tool_torque, -1.574, 0.146, -0.09, joint_torque, -0.28, -9.66, -0.69, 6.5, 0.99, -1.42, -0.08, robot_mode, normal, 
06/12/2022 14:58:54:154, robot_pos, 1670338500086, 621.0, 93.75, 310.63, 2.27, -0.02, 3.08, circuit_pos, 619.96, 103.53, 309.26, 2.26, -0.02, 3.08, tool_force, -1.9, 2.39, -12.87, actual_rep, 1, curr_step, 23, track_size, 72, robot_vel, 44.5, joints_pos, 18.48, 44.2, -16.88, -76.14, 16.94, 59.49, 47.88, tool_torque, -1.531, 0.146, -0.076, joint_torque, -0.67, -9.44, -0.94, 6.41, 0.93, -1.43, -0.07, robot_mode, normal, 
06/12/2022 14:58:54:306, robot_pos, 1670338500235, 620.66, 99.63, 311.34, 2.27, -0.02, 3.08, circuit_pos, 619.88, 109.67, 310.15, 2.26, -0.02, 3.08, tool_force, -0.77, 2.64, -13.01, actual_rep, 1, curr_step, 24, track_size, 72, robot_vel, 43.67, joints_pos, 19.0, 44.2, -16.89, -76.02, 17.02, 59.54, 48.77, tool_torque, -1.499, -0.014, -0.104, joint_torque, 0.14, -9.55, -0.55, 6.46, 0.94, -1.45, -0.11, robot_mode, normal, 
06/12/2022 14:58:54:482, robot_pos, 1670338500384, 620.41, 105.36, 312.08, 2.26, -0.02, 3.08, circuit_pos, 619.73, 115.25, 310.98, 2.26, -0.02, 3.07, tool_force, -1.45, 2.31, -12.87, actual_rep, 1, curr_step, 25, track_size, 72, robot_vel, 44.01, joints_pos, 19.51, 44.23, -16.93, -75.87, 17.09, 59.62, 49.39, tool_torque, -1.605, 0.098, -0.141, joint_torque, -0.02, -9.75, -0.57, 6.55, 0.94, -1.49, -0.11, robot_mode, normal, 
06/12/2022 14:58:54:634, robot_pos, 1670338500534, 620.48, 111.24, 312.91, 2.26, -0.02, 3.07, circuit_pos, 619.61, 120.68, 311.81, 2.26, -0.02, 3.07, tool_force, -1.17, 2.66, -13.35, actual_rep, 1, curr_step, 26, track_size, 72, robot_vel, 54.91, joints_pos, 20.0, 44.24, -16.94, -75.71, 17.31, 59.55, 49.88, tool_torque, -1.387, 0.231, -0.145, joint_torque, -0.19, -9.68, -0.61, 6.46, 0.9, -1.27, -0.12, robot_mode, normal, 
06/12/2022 14:58:54:755, robot_pos, 1670338500682, 620.26, 116.98, 313.81, 2.26, -0.02, 3.07, circuit_pos, 619.45, 126.37, 312.42, 2.25, -0.02, 3.07, tool_force, -1.38, 3.01, -13.24, actual_rep, 1, curr_step, 27, track_size, 72, robot_vel, 37.29, joints_pos, 20.48, 44.24, -16.94, -75.57, 17.37, 59.54, 50.4, tool_torque, -1.34, 0.286, -0.13, joint_torque, -0.16, -9.58, -0.58, 6.49, 0.91, -1.26, -0.11, robot_mode, normal, 
06/12/2022 14:58:54:909, robot_pos, 1670338500834, 620.05, 122.82, 314.51, 2.25, -0.02, 3.07, circuit_pos, 619.15, 132.12, 312.83, 2.25, -0.02, 3.07, tool_force, -1.08, 3.08, -13.37, actual_rep, 1, curr_step, 28, track_size, 72, robot_vel, 38.32, joints_pos, 20.99, 44.27, -16.93, -75.41, 17.39, 59.54, 51.28, tool_torque, -1.354, 0.245, -0.131, joint_torque, -0.02, -9.76, -0.56, 6.52, 0.91, -1.28, -0.12, robot_mode, normal, 
06/12/2022 14:58:55:057, robot_pos, 1670338500979, 619.84, 128.57, 315.0, 2.25, -0.02, 3.07, circuit_pos, 618.9, 137.78, 313.01, 2.25, -0.02, 3.07, tool_force, -1.15, 2.97, -13.04, actual_rep, 1, curr_step, 29, track_size, 72, robot_vel, 38.45, joints_pos, 21.49, 44.33, -16.94, -75.21, 17.39, 59.6, 51.95, tool_torque, -1.532, 0.223, -0.136, joint_torque, -0.38, -9.84, -0.72, 6.61, 0.9, -1.45, -0.1, robot_mode, normal, 
06/12/2022 14:58:55:208, robot_pos, 1670338501130, 619.56, 134.39, 315.34, 2.25, -0.02, 3.06, circuit_pos, 618.68, 143.43, 313.21, 2.25, -0.02, 3.07, tool_force, -1.08, 2.8, -12.94, actual_rep, 1, curr_step, 30, track_size, 72, robot_vel, 37.15, joints_pos, 22.0, 44.42, -16.95, -75.01, 17.36, 59.65, 52.59, tool_torque, -1.582, 0.143, -0.11, joint_torque, -0.09, -9.64, -0.51, 6.59, 0.92, -1.54, -0.08, robot_mode, normal, 
06/12/2022 14:58:55:358, robot_pos, 1670338501277, 619.27, 140.12, 315.58, 2.25, -0.02, 3.06, circuit_pos, 618.69, 148.48, 313.26, 2.24, -0.02, 3.06, tool_force, -0.9, 2.87, -12.75, actual_rep, 1, curr_step, 31, track_size, 72, robot_vel, 38.82, joints_pos, 22.49, 44.51, -16.94, -74.79, 17.33, 59.72, 53.18, tool_torque, -1.619, 0.113, -0.097, joint_torque, -0.18, -9.75, -0.66, 6.63, 0.93, -1.6, -0.08, robot_mode, normal, 
06/12/2022 14:58:55:509, robot_pos, 1670338501427, 619.3, 145.96, 315.81, 2.24, -0.02, 3.06, circuit_pos, 618.5, 157.93, 312.71, 2.23, -0.01, 3.06, tool_force, -0.88, 3.56, -13.2, actual_rep, 1, curr_step, 33, track_size, 72, robot_vel, 40.07, joints_pos, 22.93, 44.58, -16.89, -74.63, 17.47, 59.53, 54.01, tool_torque, -1.209, 0.168, -0.069, joint_torque, 0.07, -9.63, -0.6, 6.54, 0.86, -1.27, -0.09, robot_mode, normal, 
06/12/2022 14:58:55:662, robot_pos, 1670338501576, 619.16, 151.59, 315.56, 2.24, -0.02, 3.06, circuit_pos, 618.01, 166.56, 311.61, 2.22, -0.01, 3.06, tool_force, -1.18, 3.77, -12.97, actual_rep, 1, curr_step, 35, track_size, 72, robot_vel, 37.85, joints_pos, 23.48, 44.7, -16.96, -74.48, 17.43, 59.32, 54.91, tool_torque, -1.248, 0.337, -0.097, joint_torque, -0.05, -9.59, -0.58, 6.62, 0.9, -1.3, -0.09, robot_mode, normal, 
06/12/2022 14:58:55:811, robot_pos, 1670338501726, 618.89, 157.5, 315.05, 2.23, -0.02, 3.06, circuit_pos, 617.47, 173.7, 309.87, 2.21, -0.01, 3.07, tool_force, -1.5, 3.34, -13.4, actual_rep, 1, curr_step, 38, track_size, 72, robot_vel, 40.66, joints_pos, 24.05, 44.87, -17.04, -74.28, 17.34, 59.24, 55.89, tool_torque, -1.374, 0.47, -0.131, joint_torque, -0.42, -9.81, -0.68, 6.62, 0.89, -1.34, -0.09, robot_mode, normal, 
06/12/2022 14:58:55:958, robot_pos, 1670338501874, 618.53, 163.26, 314.12, 2.22, -0.01, 3.06, circuit_pos, 617.47, 173.15, 309.13, 2.21, -0.01, 3.07, tool_force, -0.81, 3.16, -13.26, actual_rep, 1, curr_step, 40, track_size, 72, robot_vel, 40.67, joints_pos, 24.58, 45.08, -17.04, -74.05, 17.14, 59.24, 56.97, tool_torque, -1.422, 0.306, -0.123, joint_torque, -0.02, -9.94, -0.56, 6.69, 0.9, -1.44, -0.09, robot_mode, normal, 
06/12/2022 14:58:56:110, robot_pos, 1670338502023, 618.18, 169.01, 312.88, 2.22, -0.01, 3.06, circuit_pos, 617.53, 172.87, 309.29, 2.21, -0.01, 3.07, tool_force, -1.24, 2.9, -12.73, actual_rep, 1, curr_step, 42, track_size, 72, robot_vel, 38.07, joints_pos, 25.08, 45.34, -17.03, -73.78, 16.92, 59.3, 58.1, tool_torque, -1.582, 0.363, -0.135, joint_torque, -0.49, -9.77, -0.78, 6.61, 0.87, -1.6, -0.09, robot_mode, normal, 
06/12/2022 14:58:56:265, robot_pos, 1670338502173, 618.16, 173.41, 312.53, 2.21, -0.01, 3.07, circuit_pos, 617.6, 173.44, 310.34, 2.21, -0.01, 3.07, tool_force, 0.0, 3.42, -12.68, actual_rep, 1, curr_step, 45, track_size, 72, robot_vel, 21.8, joints_pos, 25.52, 45.55, -17.11, -73.46, 16.66, 59.48, 58.98, tool_torque, -1.495, 0.015, -0.019, joint_torque, 0.54, -9.53, -0.38, 6.67, 0.85, -1.65, -0.01, robot_mode, normal, 
06/12/2022 14:58:56:411, robot_pos, 1670338502322, 618.05, 173.63, 312.84, 2.21, -0.01, 3.07, circuit_pos, 617.62, 173.49, 309.59, 2.21, -0.01, 3.07, tool_force, -0.2, 3.17, -13.31, actual_rep, 1, curr_step, 47, track_size, 72, robot_vel, 3.4, joints_pos, 25.57, 45.54, -17.18, -73.47, 16.79, 59.53, 58.96, tool_torque, -1.355, 0.049, 0.088, joint_torque, 0.07, -9.75, -0.63, 6.75, 0.76, -1.57, 0.15, robot_mode, normal, 
06/12/2022 14:58:56:564, robot_pos, 1670338502471, 618.24, 173.84, 312.25, 2.21, -0.01, 3.07, circuit_pos, 617.74, 173.47, 309.51, 2.21, -0.01, 3.07, tool_force, -0.75, 4.04, -12.96, actual_rep, 1, curr_step, 50, track_size, 72, robot_vel, 3.73, joints_pos, 25.57, 45.6, -17.16, -73.44, 16.79, 59.48, 58.96, tool_torque, -1.164, 0.122, 0.091, joint_torque, 0.05, -9.54, -0.68, 6.68, 0.76, -1.45, 0.12, robot_mode, normal, 
06/12/2022 14:58:56:711, robot_pos, 1670338502621, 618.27, 173.69, 312.22, 2.21, -0.01, 3.07, circuit_pos, 617.7, 173.69, 309.5, 2.21, -0.01, 3.07, tool_force, -0.37, 3.94, -13.04, actual_rep, 1, curr_step, 52, track_size, 72, robot_vel, 0.59, joints_pos, 25.57, 45.61, -17.18, -73.43, 16.79, 59.49, 58.96, tool_torque, -1.253, 0.08, 0.091, joint_torque, 0.15, -9.6, -0.59, 6.7, 0.78, -1.51, 0.13, robot_mode, normal, 
06/12/2022 14:58:56:864, robot_pos, 1670338502770, 618.26, 173.82, 312.2, 2.21, -0.01, 3.07, circuit_pos, 617.73, 173.58, 309.53, 2.21, -0.01, 3.07, tool_force, -0.59, 3.64, -13.3, actual_rep, 1, curr_step, 55, track_size, 72, robot_vel, 0.44, joints_pos, 25.57, 45.61, -17.16, -73.43, 16.79, 59.48, 58.97, tool_torque, -1.287, 0.093, 0.071, joint_torque, 0.01, -9.86, -0.75, 6.72, 0.78, -1.5, 0.1, robot_mode, normal, 
06/12/2022 14:58:57:011, robot_pos, 1670338502918, 618.26, 173.8, 312.22, 2.21, -0.01, 3.07, circuit_pos, 617.71, 173.62, 309.53, 2.21, -0.01, 3.07, tool_force, -0.64, 3.61, -13.25, actual_rep, 1, curr_step, 57, track_size, 72, robot_vel, 0.31, joints_pos, 25.57, 45.61, -17.17, -73.43, 16.79, 59.48, 58.97, tool_torque, -1.296, 0.116, 0.078, joint_torque, -0.04, -9.85, -0.74, 6.74, 0.78, -1.5, 0.11, robot_mode, normal, 
06/12/2022 14:58:57:162, robot_pos, 1670338503067, 618.24, 173.82, 312.22, 2.21, -0.01, 3.07, circuit_pos, 617.7, 173.64, 309.53, 2.21, -0.01, 3.07, tool_force, -0.75, 3.61, -13.24, actual_rep, 1, curr_step, 60, track_size, 72, robot_vel, 0.29, joints_pos, 25.57, 45.61, -17.16, -73.43, 16.79, 59.48, 58.97, tool_torque, -1.297, 0.121, 0.064, joint_torque, -0.04, -9.85, -0.75, 6.74, 0.78, -1.5, 0.09, robot_mode, normal, 
06/12/2022 14:58:57:312, robot_pos, 1670338503216, 618.24, 173.82, 312.23, 2.21, -0.01, 3.07, circuit_pos, 617.7, 173.64, 309.53, 2.21, -0.01, 3.07, tool_force, -0.69, 3.59, -13.26, actual_rep, 1, curr_step, 62, track_size, 72, robot_vel, 0.14, joints_pos, 25.57, 45.61, -17.16, -73.43, 16.79, 59.48, 58.97, tool_torque, -1.299, 0.116, 0.061, joint_torque, -0.01, -9.87, -0.74, 6.75, 0.79, -1.5, 0.09, robot_mode, normal, 
06/12/2022 14:58:57:479, robot_pos, 1670338503366, 618.24, 173.82, 312.23, 2.21, -0.01, 3.07, circuit_pos, 617.71, 173.63, 309.53, 2.21, -0.01, 3.07, tool_force, -0.69, 3.59, -13.29, actual_rep, 1, curr_step, 65, track_size, 72, robot_vel, 0.04, joints_pos, 25.57, 45.61, -17.16, -73.43, 16.79, 59.48, 58.97, tool_torque, -1.298, 0.114, 0.062, joint_torque, 0.0, -9.87, -0.73, 6.74, 0.79, -1.5, 0.09, robot_mode, normal, 
06/12/2022 14:58:57:612, robot_pos, 1670338503516, 618.24, 173.81, 312.23, 2.21, -0.01, 3.07, circuit_pos, 617.71, 173.63, 309.53, 2.21, -0.01, 3.07, tool_force, -0.66, 3.59, -13.32, actual_rep, 1, curr_step, 67, track_size, 72, robot_vel, 0.1, joints_pos, 25.57, 45.61, -17.16, -73.43, 16.79, 59.48, 58.97, tool_torque, -1.303, 0.105, 0.066, joint_torque, 0.0, -9.91, -0.74, 6.75, 0.78, -1.5, 0.09, robot_mode, normal, 
06/12/2022 14:58:57:765, robot_pos, 1670338503668, 618.24, 173.81, 312.22, 2.21, -0.01, 3.07, circuit_pos, 617.71, 173.63, 309.53, 2.21, -0.01, 3.07, tool_force, -0.69, 3.64, -13.26, actual_rep, 1, curr_step, 70, track_size, 72, robot_vel, 0.01, joints_pos, 25.57, 45.61, -17.16, -73.43, 16.79, 59.48, 58.97, tool_torque, -1.297, 0.105, 0.067, joint_torque, 0.0, -9.88, -0.74, 6.75, 0.78, -1.5, 0.09, robot_mode, normal, 
06/12/2022 14:58:57:914, robot_pos, 1670338503818, 618.24, 173.81, 312.22, 2.21, -0.01, 3.07, circuit_pos, 617.71, 173.63, 309.53, 2.21, -0.01, 3.07, tool_force, -0.71, 3.68, -13.25, actual_rep, 1, curr_step, 71, track_size, 72, robot_vel, 0.02, joints_pos, 25.57, 45.61, -17.16, -73.43, 16.79, 59.48, 58.97, tool_torque, -1.29, 0.106, 0.068, joint_torque, 0.0, -9.86, -0.74, 6.75, 0.78, -1.5, 0.09, robot_mode, normal, 
06/12/2022 14:58:58:066, robot_pos, 1670338503967, 618.24, 173.81, 312.23, 2.21, -0.01, 3.07, circuit_pos, 617.71, 173.63, 309.53, 2.21, -0.01, 3.07, tool_force, -0.71, 3.72, -13.21, actual_rep, 1, curr_step, 68, track_size, 72, robot_vel, 0.01, joints_pos, 25.57, 45.61, -17.16, -73.43, 16.79, 59.48, 58.97, tool_torque, -1.286, 0.109, 0.067, joint_torque, 0.0, -9.84, -0.73, 6.75, 0.78, -1.5, 0.09, robot_mode, normal, 
06/12/2022 14:58:58:217, robot_pos, 1670338504119, 618.24, 173.81, 312.23, 2.21, -0.01, 3.07, circuit_pos, 617.71, 173.63, 309.53, 2.21, -0.01, 3.07, tool_force, -0.74, 3.74, -13.2, actual_rep, 1, curr_step, 65, track_size, 72, robot_vel, 0.01, joints_pos, 25.57, 45.61, -17.16, -73.43, 16.79, 59.48, 58.97, tool_torque, -1.283, 0.109, 0.067, joint_torque, 0.0, -9.83, -0.73, 6.75, 0.78, -1.5, 0.09, robot_mode, normal, 
06/12/2022 14:58:58:368, robot_pos, 1670338504266, 618.24, 173.81, 312.23, 2.21, -0.01, 3.07, circuit_pos, 617.7, 173.64, 309.53, 2.21, -0.01, 3.07, tool_force, -0.76, 3.71, -13.2, actual_rep, 1, curr_step, 62, track_size, 72, robot_vel, 0.04, joints_pos, 25.57, 45.61, -17.16, -73.43, 16.79, 59.48, 58.97, tool_torque, -1.289, 0.12, 0.064, joint_torque, -0.02, -9.83, -0.74, 6.74, 0.78, -1.5, 0.09, robot_mode, normal, 
06/12/2022 14:58:58:518, robot_pos, 1670338504419, 618.24, 173.82, 312.22, 2.21, -0.01, 3.07, circuit_pos, 617.7, 173.64, 309.53, 2.21, -0.01, 3.07, tool_force, -0.79, 3.76, -13.18, actual_rep, 1, curr_step, 60, track_size, 72, robot_vel, 0.04, joints_pos, 25.57, 45.61, -17.16, -73.43, 16.79, 59.48, 58.97, tool_torque, -1.288, 0.123, 0.062, joint_torque, -0.03, -9.82, -0.74, 6.75, 0.78, -1.5, 0.09, robot_mode, normal, 
06/12/2022 14:58:58:670, robot_pos, 1670338504568, 618.24, 173.82, 312.22, 2.21, -0.01, 3.07, circuit_pos, 617.71, 173.62, 309.53, 2.21, -0.01, 3.07, tool_force, -0.77, 3.74, -13.21, actual_rep, 1, curr_step, 57, track_size, 72, robot_vel, 0.0, joints_pos, 25.57, 45.61, -17.16, -73.43, 16.79, 59.48, 58.97, tool_torque, -1.285, 0.119, 0.064, joint_torque, -0.02, -9.82, -0.74, 6.75, 0.78, -1.5, 0.09, robot_mode, normal, 
06/12/2022 14:58:58:821, robot_pos, 1670338504718, 618.24, 173.8, 312.23, 2.21, -0.01, 3.07, circuit_pos, 617.73, 173.58, 309.53, 2.21, -0.01, 3.07, tool_force, -0.7, 3.71, -13.21, actual_rep, 1, curr_step, 55, track_size, 72, robot_vel, 0.19, joints_pos, 25.57, 45.61, -17.17, -73.43, 16.79, 59.48, 58.97, tool_torque, -1.284, 0.104, 0.07, joint_torque, 0.02, -9.83, -0.73, 6.75, 0.78, -1.5, 0.1, robot_mode, normal, 
06/12/2022 14:58:58:973, robot_pos, 1670338504866, 618.25, 173.79, 312.23, 2.21, -0.01, 3.07, circuit_pos, 617.7, 173.68, 309.51, 2.21, -0.01, 3.07, tool_force, -0.63, 3.76, -13.23, actual_rep, 1, curr_step, 53, track_size, 72, robot_vel, 0.02, joints_pos, 25.57, 45.61, -17.17, -73.43, 16.79, 59.48, 58.97, tool_torque, -1.276, 0.091, 0.078, joint_torque, 0.07, -9.81, -0.7, 6.75, 0.79, -1.5, 0.1, robot_mode, normal, 
06/12/2022 14:58:59:119, robot_pos, 1670338505015, 618.25, 173.74, 312.21, 2.21, -0.01, 3.07, circuit_pos, 617.74, 173.47, 309.51, 2.21, -0.01, 3.07, tool_force, -0.55, 3.82, -13.26, actual_rep, 1, curr_step, 50, track_size, 72, robot_vel, 0.21, joints_pos, 25.57, 45.61, -17.17, -73.44, 16.79, 59.48, 58.97, tool_torque, -1.242, 0.047, 0.085, joint_torque, 0.25, -9.84, -0.62, 6.79, 0.79, -1.48, 0.1, robot_mode, normal, 
06/12/2022 14:58:59:274, robot_pos, 1670338505165, 618.23, 173.84, 312.21, 2.21, -0.01, 3.07, circuit_pos, 617.62, 173.49, 309.59, 2.21, -0.01, 3.07, tool_force, -0.73, 3.63, -13.31, actual_rep, 1, curr_step, 47, track_size, 72, robot_vel, 2.16, joints_pos, 25.57, 45.61, -17.16, -73.43, 16.79, 59.48, 58.97, tool_torque, -1.276, 0.093, 0.082, joint_torque, 0.0, -9.84, -0.75, 6.72, 0.78, -1.49, 0.1, robot_mode, normal, 
06/12/2022 14:58:59:422, robot_pos, 1670338505315, 618.22, 173.69, 312.56, 2.21, -0.01, 3.07, circuit_pos, 617.6, 173.44, 310.34, 2.21, -0.01, 3.07, tool_force, -0.6, 3.84, -12.92, actual_rep, 1, curr_step, 45, track_size, 72, robot_vel, 3.55, joints_pos, 25.57, 45.58, -17.18, -73.43, 16.79, 59.52, 58.97, tool_torque, -1.363, 0.079, 0.088, joint_torque, -0.01, -10.05, -0.73, 6.88, 0.79, -1.6, 0.13, robot_mode, normal, 
06/12/2022 14:58:59:573, robot_pos, 1670338505465, 617.99, 173.37, 312.64, 2.21, -0.01, 3.07, circuit_pos, 617.53, 172.87, 309.29, 2.21, -0.01, 3.07, tool_force, -0.56, 4.19, -12.98, actual_rep, 1, curr_step, 42, track_size, 72, robot_vel, 5.05, joints_pos, 25.56, 45.53, -17.18, -73.52, 16.75, 59.45, 58.97, tool_torque, -1.226, 0.094, 0.11, joint_torque, 0.14, -9.68, -0.65, 6.76, 0.8, -1.48, 0.13, robot_mode, normal, 
06/12/2022 14:58:59:721, robot_pos, 1670338505615, 618.11, 173.02, 311.95, 2.21, -0.01, 3.07, circuit_pos, 617.47, 173.15, 309.13, 2.21, -0.01, 3.07, tool_force, 0.54, 4.37, -13.86, actual_rep, 1, curr_step, 40, track_size, 72, robot_vel, 3.32, joints_pos, 25.53, 45.59, -17.17, -73.52, 16.77, 59.43, 58.93, tool_torque, -1.092, -0.044, 0.173, joint_torque, 0.74, -10.05, -0.42, 6.98, 0.82, -1.41, 0.18, robot_mode, normal, 
06/12/2022 14:58:59:876, robot_pos, 1670338505765, 618.04, 174.09, 312.4, 2.21, -0.01, 3.07, circuit_pos, 617.74, 172.36, 310.59, 2.21, -0.01, 3.06, tool_force, -0.35, 4.11, -12.7, actual_rep, 1, curr_step, 37, track_size, 72, robot_vel, 11.2, joints_pos, 25.59, 45.58, -17.15, -73.45, 16.76, 59.5, 59.02, tool_torque, -1.166, -0.066, 0.134, joint_torque, 0.32, -9.21, -0.64, 6.58, 0.77, -1.53, 0.12, robot_mode, normal, 
06/12/2022 14:59:00:024, robot_pos, 1670338505915, 618.46, 171.91, 313.32, 2.21, -0.01, 3.06, circuit_pos, 618.26, 162.37, 312.13, 2.22, -0.01, 3.06, tool_force, -0.15, 5.25, -12.59, actual_rep, 1, curr_step, 34, track_size, 72, robot_vel, 14.77, joints_pos, 25.45, 45.38, -17.26, -73.7, 17.08, 59.07, 58.31, tool_torque, -0.747, -0.153, 0.406, joint_torque, 0.23, -8.89, -0.74, 6.6, 0.69, -1.35, 0.43, robot_mode, normal, 
06/12/2022 14:59:00:176, robot_pos, 1670338506064, 618.46, 165.82, 314.33, 2.22, -0.01, 3.06, circuit_pos, 618.64, 153.34, 313.12, 2.24, -0.02, 3.06, tool_force, 1.25, 5.19, -13.77, actual_rep, 1, curr_step, 32, track_size, 72, robot_vel, 36.45, joints_pos, 25.05, 45.11, -17.43, -74.05, 17.27, 59.02, 57.35, tool_torque, -0.9, -0.285, 0.366, joint_torque, 1.12, -9.85, -0.3, 7.01, 0.79, -1.4, 0.37, robot_mode, normal, 
06/12/2022 14:59:00:330, robot_pos, 1670338506215, 618.76, 160.03, 314.73, 2.23, -0.01, 3.06, circuit_pos, 618.68, 143.43, 313.21, 2.25, -0.02, 3.07, tool_force, -0.3, 4.5, -13.08, actual_rep, 1, curr_step, 30, track_size, 72, robot_vel, 33.98, joints_pos, 24.52, 44.97, -17.44, -74.25, 17.48, 59.16, 56.2, tool_torque, -1.135, -0.32, 0.352, joint_torque, 0.66, -9.72, -0.52, 6.87, 0.81, -1.58, 0.35, robot_mode, normal, 
06/12/2022 14:59:00:478, robot_pos, 1670338506364, 618.91, 154.29, 315.09, 2.23, -0.01, 3.06, circuit_pos, 618.68, 143.43, 313.21, 2.25, -0.02, 3.07, tool_force, 0.23, 4.61, -12.98, actual_rep, 1, curr_step, 30, track_size, 72, robot_vel, 47.58, joints_pos, 24.03, 44.84, -17.44, -74.4, 17.5, 59.36, 55.26, tool_torque, -1.179, -0.307, 0.34, joint_torque, 0.5, -9.65, -0.63, 6.78, 0.81, -1.58, 0.36, robot_mode, normal, 
06/12/2022 14:59:00:629, robot_pos, 1670338506514, 619.07, 148.47, 315.44, 2.24, -0.02, 3.06, circuit_pos, 618.68, 143.43, 313.21, 2.25, -0.02, 3.07, tool_force, 0.49, 4.21, -13.2, actual_rep, 1, curr_step, 30, track_size, 72, robot_vel, 48.38, joints_pos, 23.5, 44.73, -17.44, -74.54, 17.57, 59.62, 54.23, tool_torque, -1.237, -0.377, 0.336, joint_torque, 0.75, -9.89, -0.5, 6.87, 0.84, -1.6, 0.34, robot_mode, normal, 
06/12/2022 14:59:00:777, robot_pos, 1670338506665, 619.24, 142.66, 315.56, 2.25, -0.02, 3.06, circuit_pos, 618.9, 137.78, 313.01, 2.25, -0.02, 3.07, tool_force, -0.28, 4.31, -12.86, actual_rep, 1, curr_step, 29, track_size, 72, robot_vel, 43.96, joints_pos, 23.01, 44.62, -17.44, -74.72, 17.59, 59.72, 53.45, tool_torque, -1.232, -0.276, 0.337, joint_torque, 0.38, -9.78, -0.61, 6.85, 0.86, -1.6, 0.35, robot_mode, normal, 
06/12/2022 14:59:00:932, robot_pos, 1670338506815, 619.45, 136.87, 315.58, 2.25, -0.02, 3.07, circuit_pos, 619.15, 132.12, 312.83, 2.25, -0.02, 3.07, tool_force, 0.22, 4.37, -13.15, actual_rep, 1, curr_step, 28, track_size, 72, robot_vel, 37.79, joints_pos, 22.5, 44.5, -17.44, -74.93, 17.62, 59.73, 52.82, tool_torque, -1.173, -0.3, 0.335, joint_torque, 0.59, -9.73, -0.54, 6.82, 0.87, -1.53, 0.35, robot_mode, normal, 
06/12/2022 14:59:01:079, robot_pos, 1670338506965, 619.71, 131.08, 315.38, 2.25, -0.02, 3.07, circuit_pos, 619.45, 126.37, 312.42, 2.25, -0.02, 3.07, tool_force, -0.14, 4.63, -13.2, actual_rep, 1, curr_step, 27, track_size, 72, robot_vel, 35.89, joints_pos, 22.01, 44.41, -17.44, -75.12, 17.64, 59.7, 52.22, tool_torque, -1.054, -0.139, 0.322, joint_torque, 0.45, -9.61, -0.52, 6.81, 0.88, -1.4, 0.35, robot_mode, normal, 
06/12/2022 14:59:01:233, robot_pos, 1670338507115, 619.98, 125.34, 315.0, 2.25, -0.02, 3.07, circuit_pos, 619.61, 120.68, 311.81, 2.26, -0.02, 3.07, tool_force, 0.04, 4.75, -13.48, actual_rep, 1, curr_step, 26, track_size, 72, robot_vel, 43.38, joints_pos, 21.5, 44.34, -17.45, -75.31, 17.69, 59.67, 51.38, tool_torque, -0.962, -0.114, 0.322, joint_torque, 0.41, -9.47, -0.54, 6.74, 0.88, -1.3, 0.34, robot_mode, normal, 
06/12/2022 14:59:01:381, robot_pos, 1670338507264, 620.21, 119.54, 314.36, 2.26, -0.02, 3.07, circuit_pos, 619.73, 115.25, 310.98, 2.26, -0.02, 3.07, tool_force, -0.32, 4.8, -13.45, actual_rep, 1, curr_step, 25, track_size, 72, robot_vel, 37.63, joints_pos, 21.0, 44.29, -17.45, -75.51, 17.74, 59.58, 50.56, tool_torque, -0.874, -0.083, 0.325, joint_torque, 0.64, -9.55, -0.42, 6.78, 0.9, -1.22, 0.33, robot_mode, normal, 
06/12/2022 14:59:01:534, robot_pos, 1670338507417, 620.19, 113.62, 313.53, 2.26, -0.02, 3.07, circuit_pos, 619.88, 109.67, 310.15, 2.26, -0.02, 3.08, tool_force, -0.33, 4.52, -13.06, actual_rep, 1, curr_step, 24, track_size, 72, robot_vel, 42.01, joints_pos, 20.53, 44.27, -17.5, -75.69, 17.71, 59.65, 49.98, tool_torque, -1.119, -0.15, 0.306, joint_torque, 0.41, -9.36, -0.48, 6.73, 0.95, -1.44, 0.34, robot_mode, normal, 
06/12/2022 14:59:01:682, robot_pos, 1670338507565, 620.42, 108.08, 312.73, 2.26, -0.02, 3.07, circuit_pos, 619.96, 103.53, 309.26, 2.26, -0.02, 3.08, tool_force, 0.1, 4.21, -13.26, actual_rep, 1, curr_step, 23, track_size, 72, robot_vel, 37.33, joints_pos, 20.1, 44.3, -17.55, -75.78, 17.57, 59.74, 49.55, tool_torque, -1.164, -0.219, 0.327, joint_torque, 0.66, -9.55, -0.38, 6.74, 0.98, -1.43, 0.33, robot_mode, normal, 
06/12/2022 14:59:01:835, robot_pos, 1670338507717, 620.65, 102.17, 311.95, 2.26, -0.02, 3.08, circuit_pos, 620.25, 96.98, 308.51, 2.27, -0.02, 3.08, tool_force, 0.0, 4.62, -13.24, actual_rep, 1, curr_step, 22, track_size, 72, robot_vel, 43.65, joints_pos, 19.58, 44.29, -17.55, -75.93, 17.57, 59.71, 48.74, tool_torque, -1.037, -0.176, 0.328, joint_torque, 0.62, -9.52, -0.47, 6.7, 0.99, -1.33, 0.33, robot_mode, normal, 
06/12/2022 14:59:01:982, robot_pos, 1670338507865, 620.9, 96.31, 311.32, 2.27, -0.02, 3.08, circuit_pos, 620.78, 89.35, 307.67, 2.27, -0.01, 3.09, tool_force, -0.22, 4.22, -13.6, actual_rep, 1, curr_step, 21, track_size, 72, robot_vel, 39.2, joints_pos, 19.07, 44.27, -17.56, -76.06, 17.53, 59.68, 47.96, tool_torque, -1.053, -0.025, 0.293, joint_torque, 0.3, -9.53, -0.59, 6.57, 0.99, -1.21, 0.3, robot_mode, normal, 
06/12/2022 14:59:02:135, robot_pos, 1670338508016, 621.19, 90.71, 310.73, 2.27, -0.01, 3.08, circuit_pos, 621.28, 81.29, 306.83, 2.28, -0.01, 3.09, tool_force, -0.06, 4.44, -13.38, actual_rep, 1, curr_step, 20, track_size, 72, robot_vel, 37.73, joints_pos, 18.72, 44.3, -17.62, -76.12, 16.96, 59.67, 47.61, tool_torque, -0.969, -0.15, 0.361, joint_torque, 1.02, -9.52, -0.23, 6.69, 1.04, -1.22, 0.35, robot_mode, normal, 
06/12/2022 14:59:02:284, robot_pos, 1670338508166, 621.59, 84.74, 310.08, 2.28, -0.01, 3.09, circuit_pos, 621.58, 73.04, 305.87, 2.28, -0.01, 3.09, tool_force, -0.72, 4.07, -13.79, actual_rep, 1, curr_step, 19, track_size, 72, robot_vel, 40.17, joints_pos, 18.19, 44.31, -17.63, -76.21, 16.96, 59.64, 46.78, tool_torque, -1.042, 0.066, 0.308, joint_torque, 0.2, -9.62, -0.6, 6.65, 1.03, -1.16, 0.32, robot_mode, normal, 
06/12/2022 14:59:02:435, robot_pos, 1670338508316, 621.89, 79.01, 309.39, 2.28, -0.01, 3.09, circuit_pos, 621.58, 73.04, 305.87, 2.28, -0.01, 3.09, tool_force, -0.07, 4.39, -13.8, actual_rep, 1, curr_step, 19, track_size, 72, robot_vel, 36.39, joints_pos, 17.69, 44.31, -17.63, -76.32, 16.93, 59.57, 46.17, tool_torque, -0.978, -0.0070, 0.345, joint_torque, 0.5, -9.58, -0.48, 6.61, 1.05, -1.13, 0.33, robot_mode, normal, 
06/12/2022 14:59:02:592, robot_pos, 1670338508466, 622.1, 73.16, 308.68, 2.28, -0.01, 3.09, circuit_pos, 621.7, 64.77, 304.79, 2.29, -0.01, 3.09, tool_force, -1.04, 4.02, -13.67, actual_rep, 1, curr_step, 18, track_size, 72, robot_vel, 39.73, joints_pos, 17.15, 44.31, -17.62, -76.44, 16.93, 59.49, 45.41, tool_torque, -0.977, 0.015, 0.349, joint_torque, 0.35, -9.51, -0.51, 6.61, 1.06, -1.11, 0.33, robot_mode, normal, 
06/12/2022 14:59:02:737, robot_pos, 1670338508617, 622.24, 67.42, 308.0, 2.29, -0.01, 3.09, circuit_pos, 621.78, 57.42, 303.83, 2.3, -0.01, 3.09, tool_force, -0.34, 4.38, -13.57, actual_rep, 1, curr_step, 17, track_size, 72, robot_vel, 43.88, joints_pos, 16.63, 44.3, -17.58, -76.56, 16.93, 59.42, 44.52, tool_torque, -0.914, -0.047, 0.351, joint_torque, 0.54, -9.43, -0.53, 6.58, 1.05, -1.1, 0.33, robot_mode, normal, 
06/12/2022 14:59:02:889, robot_pos, 1670338508769, 622.32, 61.5, 307.23, 2.29, -0.01, 3.09, circuit_pos, 621.78, 57.42, 303.83, 2.3, -0.01, 3.09, tool_force, -0.44, 4.41, -13.69, actual_rep, 1, curr_step, 17, track_size, 72, robot_vel, 40.38, joints_pos, 16.09, 44.3, -17.58, -76.69, 17.0, 59.33, 43.53, tool_torque, -0.889, -0.07, 0.34, joint_torque, 0.69, -9.46, -0.47, 6.59, 1.03, -1.08, 0.32, robot_mode, normal, 
06/12/2022 14:59:03:037, robot_pos, 1670338508918, 622.2, 55.87, 306.48, 2.3, -0.01, 3.09, circuit_pos, 621.68, 48.29, 302.56, 2.3, -0.02, 3.09, tool_force, -0.67, 4.18, -13.48, actual_rep, 1, curr_step, 16, track_size, 72, robot_vel, 44.09, joints_pos, 15.55, 44.31, -17.58, -76.81, 17.19, 59.36, 42.67, tool_torque, -0.975, -0.15, 0.338, joint_torque, 0.47, -9.47, -0.54, 6.59, 1.01, -1.19, 0.32, robot_mode, normal, 
06/12/2022 14:59:03:187, robot_pos, 1670338509068, 622.25, 49.95, 305.6, 2.3, -0.02, 3.09, circuit_pos, 621.5, 39.55, 301.39, 2.31, -0.02, 3.09, tool_force, -0.44, 3.64, -13.36, actual_rep, 1, curr_step, 15, track_size, 72, robot_vel, 39.03, joints_pos, 14.97, 44.36, -17.57, -76.87, 17.41, 59.43, 41.83, tool_torque, -1.087, -0.249, 0.313, joint_torque, 0.47, -9.43, -0.5, 6.51, 1.01, -1.26, 0.3, robot_mode, normal, 
06/12/2022 14:59:03:342, robot_pos, 1670338509217, 622.15, 44.24, 304.87, 2.3, -0.02, 3.09, circuit_pos, 621.5, 39.55, 301.39, 2.31, -0.02, 3.09, tool_force, -0.24, 3.81, -13.34, actual_rep, 1, curr_step, 15, track_size, 72, robot_vel, 40.23, joints_pos, 14.42, 44.37, -17.56, -76.97, 17.51, 59.43, 40.93, tool_torque, -1.064, -0.228, 0.289, joint_torque, 0.57, -9.41, -0.47, 6.49, 1.02, -1.22, 0.27, robot_mode, normal, 
06/12/2022 14:59:03:490, robot_pos, 1670338509367, 622.06, 38.38, 304.19, 2.31, -0.02, 3.09, circuit_pos, 621.3, 29.46, 300.25, 2.32, -0.02, 3.09, tool_force, -0.69, 3.67, -13.4, actual_rep, 1, curr_step, 14, track_size, 72, robot_vel, 46.93, joints_pos, 13.9, 44.38, -17.56, -77.05, 17.58, 59.43, 40.04, tool_torque, -1.058, -0.174, 0.262, joint_torque, 0.54, -9.45, -0.46, 6.47, 1.04, -1.16, 0.24, robot_mode, normal, 
06/12/2022 14:59:03:667, robot_pos, 1670338509517, 621.96, 32.64, 303.53, 2.32, -0.02, 3.09, circuit_pos, 621.22, 18.66, 299.53, 2.33, -0.02, 3.09, tool_force, -0.77, 3.81, -13.51, actual_rep, 1, curr_step, 13, track_size, 72, robot_vel, 39.74, joints_pos, 13.36, 44.4, -17.57, -77.14, 17.64, 59.4, 39.14, tool_torque, -1.003, -0.067, 0.274, joint_torque, 0.4, -9.4, -0.49, 6.43, 1.05, -1.06, 0.26, robot_mode, normal, 
06/12/2022 14:59:03:789, robot_pos, 1670338509666, 621.9, 26.81, 303.04, 2.32, -0.02, 3.09, circuit_pos, 621.22, 18.66, 299.53, 2.33, -0.02, 3.09, tool_force, -0.51, 4.05, -13.64, actual_rep, 1, curr_step, 13, track_size, 72, robot_vel, 40.72, joints_pos, 12.84, 44.41, -17.57, -77.2, 17.69, 59.39, 38.26, tool_torque, -0.958, -0.106, 0.256, joint_torque, 0.78, -9.49, -0.28, 6.48, 1.08, -1.02, 0.24, robot_mode, normal, 
06/12/2022 14:59:03:984, robot_pos, 1670338509820, 621.89, 20.85, 302.65, 2.33, -0.02, 3.09, circuit_pos, 621.31, 7.17, 299.27, 2.33, -0.02, 3.09, tool_force, -1.0, 3.79, -13.59, actual_rep, 1, curr_step, 12, track_size, 72, robot_vel, 40.09, joints_pos, 12.29, 44.42, -17.58, -77.25, 17.74, 59.39, 37.43, tool_torque, -1.003, -0.023, 0.253, joint_torque, 0.38, -9.39, -0.44, 6.39, 1.08, -1.01, 0.24, robot_mode, normal, 
06/12/2022 14:59:04:091, robot_pos, 1670338509966, 621.88, 15.24, 302.42, 2.33, -0.02, 3.09, circuit_pos, 621.31, 7.17, 299.27, 2.33, -0.02, 3.09, tool_force, -1.13, 3.65, -13.51, actual_rep, 1, curr_step, 12, track_size, 72, robot_vel, 38.07, joints_pos, 11.78, 44.43, -17.59, -77.28, 17.75, 59.39, 36.8, tool_torque, -1.04, 0.015, 0.212, joint_torque, 0.36, -9.3, -0.4, 6.36, 1.08, -1.0, 0.21, robot_mode, normal, 
06/12/2022 14:59:04:253, robot_pos, 1670338510121, 621.92, 9.21, 302.21, 2.33, -0.02, 3.09, circuit_pos, 621.4, -3.17, 299.31, 2.33, -0.02, 3.09, tool_force, -0.53, 3.85, -13.6, actual_rep, 1, curr_step, 11, track_size, 72, robot_vel, 38.25, joints_pos, 11.22, 44.44, -17.59, -77.29, 17.79, 59.39, 36.17, tool_torque, -1.027, -0.066, 0.216, joint_torque, 0.75, -9.46, -0.22, 6.41, 1.11, -0.99, 0.2, robot_mode, normal, 
06/12/2022 14:59:04:392, robot_pos, 1670338510266, 621.91, 3.65, 302.14, 2.33, -0.02, 3.09, circuit_pos, 621.4, -3.17, 299.31, 2.33, -0.02, 3.09, tool_force, -0.93, 3.54, -13.41, actual_rep, 1, curr_step, 11, track_size, 72, robot_vel, 38.03, joints_pos, 10.71, 44.44, -17.59, -77.3, 17.8, 59.41, 35.62, tool_torque, -1.119, -0.048, 0.184, joint_torque, 0.26, -9.41, -0.44, 6.35, 1.1, -1.05, 0.19, robot_mode, normal, 
06/12/2022 14:59:04:586, robot_pos, 1670338510423, 621.9, -2.37, 302.12, 2.33, -0.02, 3.09, circuit_pos, 621.41, -16.2, 299.67, 2.34, -0.02, 3.09, tool_force, -0.85, 3.23, -13.38, actual_rep, 1, curr_step, 10, track_size, 72, robot_vel, 40.97, joints_pos, 10.15, 44.45, -17.59, -77.29, 17.82, 59.43, 34.92, tool_torque, -1.14, -0.165, 0.192, joint_torque, 0.67, -9.4, -0.25, 6.32, 1.12, -1.09, 0.17, robot_mode, normal, 
06/12/2022 14:59:04:692, robot_pos, 1670338510567, 621.87, -7.87, 302.22, 2.33, -0.02, 3.09, circuit_pos, 621.41, -16.2, 299.67, 2.34, -0.02, 3.09, tool_force, -0.58, 3.33, -13.16, actual_rep, 1, curr_step, 10, track_size, 72, robot_vel, 42.08, joints_pos, 9.63, 44.45, -17.58, -77.28, 17.82, 59.47, 34.23, tool_torque, -1.177, -0.187, 0.196, joint_torque, 0.57, -9.29, -0.24, 6.25, 1.12, -1.11, 0.2, robot_mode, normal, 
06/12/2022 14:59:04:884, robot_pos, 1670338510722, 621.83, -13.88, 302.35, 2.34, -0.02, 3.09, circuit_pos, 621.3, -26.89, 300.2, 2.34, -0.02, 3.09, tool_force, -0.42, 3.04, -13.28, actual_rep, 1, curr_step, 9, track_size, 72, robot_vel, 41.91, joints_pos, 9.07, 44.45, -17.58, -77.24, 17.84, 59.53, 33.53, tool_torque, -1.244, -0.189, 0.195, joint_torque, 0.22, -9.41, -0.51, 6.17, 1.12, -1.11, 0.19, robot_mode, normal, 
06/12/2022 14:59:04:993, robot_pos, 1670338510868, 621.75, -19.43, 302.54, 2.34, -0.02, 3.09, circuit_pos, 621.3, -26.89, 300.2, 2.34, -0.02, 3.09, tool_force, -0.44, 2.99, -13.14, actual_rep, 1, curr_step, 9, track_size, 72, robot_vel, 40.6, joints_pos, 8.55, 44.46, -17.58, -77.2, 17.84, 59.6, 32.95, tool_torque, -1.218, -0.25, 0.2, joint_torque, 0.52, -9.33, -0.3, 6.17, 1.15, -1.11, 0.19, robot_mode, normal, 
06/12/2022 14:59:05:149, robot_pos, 1670338511018, 621.67, -25.3, 302.77, 2.34, -0.02, 3.09, circuit_pos, 621.1, -36.42, 300.61, 2.35, -0.02, 3.09, tool_force, -0.32, 2.99, -13.04, actual_rep, 1, curr_step, 8, track_size, 72, robot_vel, 42.43, joints_pos, 7.99, 44.47, -17.58, -77.15, 17.84, 59.68, 32.22, tool_torque, -1.231, -0.277, 0.192, joint_torque, 0.57, -9.33, -0.28, 6.16, 1.15, -1.12, 0.18, robot_mode, normal, 
06/12/2022 14:59:05:297, robot_pos, 1670338511169, 621.57, -31.03, 303.0, 2.34, -0.02, 3.09, circuit_pos, 621.1, -36.42, 300.61, 2.35, -0.02, 3.09, tool_force, 0.03, 2.88, -13.16, actual_rep, 1, curr_step, 8, track_size, 72, robot_vel, 38.2, joints_pos, 7.46, 44.48, -17.58, -77.09, 17.85, 59.76, 31.47, tool_torque, -1.233, -0.313, 0.182, joint_torque, 0.62, -9.33, -0.23, 6.1, 1.15, -1.11, 0.17, robot_mode, normal, 
06/12/2022 14:59:05:446, robot_pos, 1670338511319, 621.47, -36.9, 303.15, 2.35, -0.02, 3.09, circuit_pos, 620.58, -46.71, 300.66, 2.36, -0.01, 3.09, tool_force, -0.46, 3.14, -13.24, actual_rep, 1, curr_step, 7, track_size, 72, robot_vel, 40.74, joints_pos, 6.94, 44.49, -17.61, -77.05, 17.83, 59.74, 30.65, tool_torque, -1.17, -0.127, 0.195, joint_torque, 0.61, -9.27, -0.16, 6.07, 1.19, -0.94, 0.19, robot_mode, normal, 
06/12/2022 14:59:05:597, robot_pos, 1670338511469, 621.29, -42.57, 303.25, 2.36, -0.01, 3.09, circuit_pos, 620.04, -56.04, 300.07, 2.37, -0.01, 3.09, tool_force, -0.92, 3.53, -13.26, actual_rep, 1, curr_step, 6, track_size, 72, robot_vel, 38.23, joints_pos, 6.47, 44.48, -17.65, -77.05, 17.7, 59.64, 29.91, tool_torque, -1.1, 0.079, 0.188, joint_torque, 0.63, -9.13, -0.06, 6.05, 1.24, -0.78, 0.18, robot_mode, normal, 
06/12/2022 14:59:05:745, robot_pos, 1670338511620, 620.93, -48.43, 303.14, 2.36, -0.01, 3.09, circuit_pos, 620.04, -56.04, 300.07, 2.37, -0.01, 3.09, tool_force, -0.88, 3.33, -13.49, actual_rep, 1, curr_step, 6, track_size, 72, robot_vel, 40.77, joints_pos, 5.93, 44.49, -17.63, -77.05, 17.67, 59.61, 29.06, tool_torque, -1.133, 0.113, 0.175, joint_torque, 0.27, -9.27, -0.33, 6.06, 1.23, -0.78, 0.17, robot_mode, normal, 
06/12/2022 14:59:05:899, robot_pos, 1670338511770, 620.53, -54.32, 302.77, 2.37, -0.01, 3.09, circuit_pos, 619.15, -64.3, 298.91, 2.37, -0.01, 3.09, tool_force, -0.68, 3.34, -13.5, actual_rep, 1, curr_step, 5, track_size, 72, robot_vel, 38.9, joints_pos, 5.39, 44.53, -17.62, -77.05, 17.67, 59.58, 28.27, tool_torque, -1.038, -0.013, 0.203, joint_torque, 0.92, -9.17, -0.02, 6.04, 1.27, -0.77, 0.16, robot_mode, normal, 
06/12/2022 14:59:06:048, robot_pos, 1670338511920, 620.1, -60.02, 302.18, 2.37, -0.01, 3.09, circuit_pos, 617.78, -71.85, 297.69, 2.37, -0.01, 3.09, tool_force, -0.81, 3.11, -13.62, actual_rep, 1, curr_step, 4, track_size, 72, robot_vel, 45.19, joints_pos, 4.86, 44.59, -17.62, -77.04, 17.67, 59.54, 27.61, tool_torque, -1.11, 0.024, 0.186, joint_torque, 0.69, -9.39, -0.14, 6.07, 1.26, -0.75, 0.16, robot_mode, normal, 
06/12/2022 14:59:06:200, robot_pos, 1670338512074, 619.38, -65.84, 301.4, 2.37, -0.01, 3.09, circuit_pos, 617.78, -71.85, 297.69, 2.37, -0.01, 3.09, tool_force, -1.06, 3.45, -13.61, actual_rep, 1, curr_step, 4, track_size, 72, robot_vel, 43.92, joints_pos, 4.32, 44.64, -17.62, -77.08, 17.7, 59.48, 27.01, tool_torque, -1.035, 0.067, 0.179, joint_torque, 0.68, -9.27, -0.18, 6.11, 1.24, -0.72, 0.14, robot_mode, normal, 
06/12/2022 14:59:06:347, robot_pos, 1670338512220, 618.57, -71.65, 300.63, 2.37, -0.01, 3.09, circuit_pos, 616.23, -78.75, 296.86, 2.37, 0.0, 3.09, tool_force, -1.39, 3.36, -13.83, actual_rep, 1, curr_step, 3, track_size, 72, robot_vel, 40.07, joints_pos, 3.8, 44.66, -17.63, -77.18, 17.72, 59.28, 26.41, tool_torque, -1.063, 0.144, 0.171, joint_torque, 0.48, -9.38, -0.22, 6.14, 1.22, -0.67, 0.15, robot_mode, normal, 
06/12/2022 14:59:06:499, robot_pos, 1670338512371, 617.32, -77.38, 300.03, 2.37, 0.0, 3.09, circuit_pos, 615.03, -85.14, 296.67, 2.36, 0.0, 3.09, tool_force, -1.97, 3.77, -13.46, actual_rep, 1, curr_step, 2, track_size, 72, robot_vel, 40.5, joints_pos, 3.37, 44.59, -17.7, -77.41, 17.61, 58.93, 26.0, tool_torque, -1.053, 0.198, 0.179, joint_torque, 0.62, -9.13, -0.1, 6.24, 1.29, -0.71, 0.15, robot_mode, normal, 
06/12/2022 14:59:06:650, robot_pos, 1670338512520, 616.2, -83.17, 299.71, 2.36, 0.0, 3.09, circuit_pos, 614.3, -90.51, 297.41, 2.34, 0.0, 3.1, tool_force, -2.08, 3.64, -13.16, actual_rep, 1, curr_step, 1, track_size, 72, robot_vel, 39.74, joints_pos, 2.88, 44.55, -17.74, -77.56, 17.6, 58.74, 25.82, tool_torque, -1.129, 0.257, 0.15, joint_torque, 0.34, -8.88, -0.16, 6.12, 1.27, -0.73, 0.14, robot_mode, normal, 
06/12/2022 14:59:06:800, robot_pos, 1670338512667, 615.15, -89.1, 299.97, 2.34, 0.0, 3.09, circuit_pos, 613.86, -94.17, 298.82, 2.34, 0.01, 3.1, tool_force, -1.02, 2.42, -13.18, actual_rep, 1, curr_step, 0, track_size, 72, robot_vel, 55.47, joints_pos, 2.48, 44.55, -17.86, -77.54, 17.23, 58.84, 26.59, tool_torque, -1.389, -0.085, -0.138, joint_torque, 1.32, -9.36, 0.29, 6.12, 1.32, -0.91, -0.2, robot_mode, normal, 
06/12/2022 14:59:06:950, robot_pos, 1670338512816, 614.87, -90.27, 300.09, 2.34, 0.0, 3.09, circuit_pos, 613.86, -94.17, 298.82, 2.34, 0.01, 3.1, tool_force, -0.18, 2.59, -13.73, actual_rep, 1, curr_step, 0, track_size, 72, robot_vel, 4.85, joints_pos, 2.3, 44.53, -17.71, -77.5, 17.01, 58.93, 26.75, tool_torque, -1.223, -0.252, -0.0050, joint_torque, 1.02, -9.36, -0.27, 6.06, 1.29, -0.92, -0.14, robot_mode, normal, 
06/12/2022 14:59:07:101, robot_pos, 1670338512966, 614.79, -90.43, 300.14, 2.34, 0.0, 3.1, circuit_pos, 613.86, -94.17, 298.82, 2.34, 0.01, 3.1, tool_force, -1.17, 2.5, -13.35, actual_rep, 1, curr_step, 0, track_size, 72, robot_vel, 0.54, joints_pos, 2.29, 44.52, -17.7, -77.51, 16.92, 58.92, 26.82, tool_torque, -1.245, -0.049, -0.016, joint_torque, 0.6, -9.13, -0.37, 6.07, 1.27, -0.87, -0.11, robot_mode, normal, 
