30/11/2022 14:45:30:553, robot_pos, 1669819299280, 613.83, -94.19, 298.78, 2.34, 0.01, 3.1, circuit_pos, 614.3, -90.51, 297.41, 2.34, 0.0, 3.1, tool_force, -1.26, 3.0, -12.06, actual_rep, 1, curr_step, 1, track_size, 72, robot_vel, 52.92, joints_pos, 1.95, 44.47, -17.51, -77.79, 16.25, 58.27, 26.89, tool_torque, -1.022, 0.029, 0.21, joint_torque, 0.67, -8.25, -0.14, 5.52, 1.22, -0.74, 0.15, robot_mode, normal, 
30/11/2022 14:45:30:667, robot_pos, 1669819299406, 614.31, -94.12, 300.72, 2.34, 0.01, 3.1, circuit_pos, 614.3, -90.51, 297.41, 2.34, 0.0, 3.1, tool_force, -1.37, 3.27, -11.12, actual_rep, 1, curr_step, 1, track_size, 72, robot_vel, 52.92, joints_pos, 1.95, 44.33, -17.5, -77.69, 16.25, 58.39, 26.89, tool_torque, -0.916, -0.059, 0.162, joint_torque, 1.02, -7.14, 0.12, 5.12, 1.16, -0.85, 0.08, robot_mode, normal, 
30/11/2022 14:45:30:799, robot_pos, 1669819299555, 614.61, -89.58, 299.9, 2.35, 0.0, 3.09, circuit_pos, 615.03, -85.14, 296.67, 2.36, 0.0, 3.09, tool_force, -0.39, 4.19, -10.55, actual_rep, 1, curr_step, 2, track_size, 72, robot_vel, 10.16, joints_pos, 2.05, 44.4, -17.17, -77.64, 16.61, 58.66, 26.72, tool_torque, -0.887, -0.305, 0.241, joint_torque, 1.39, -7.62, 0.23, 5.39, 1.2, -0.95, 0.17, robot_mode, normal, 
30/11/2022 14:45:30:954, robot_pos, 1669819299709, 615.74, -84.14, 299.62, 2.36, 0.0, 3.09, circuit_pos, 616.23, -78.75, 296.86, 2.37, 0.0, 3.09, tool_force, -1.61, 2.14, -11.79, actual_rep, 1, curr_step, 3, track_size, 72, robot_vel, 44.42, joints_pos, 2.42, 44.43, -17.04, -77.62, 16.88, 58.62, 26.24, tool_torque, -1.146, 0.035, 0.176, joint_torque, 0.13, -8.27, -0.33, 5.42, 1.18, -0.76, 0.16, robot_mode, normal, 
30/11/2022 14:45:31:101, robot_pos, 1669819299855, 616.49, -78.4, 299.73, 2.37, 0.0, 3.09, circuit_pos, 617.78, -71.85, 297.69, 2.37, -0.01, 3.09, tool_force, -1.74, 2.38, -11.24, actual_rep, 1, curr_step, 4, track_size, 72, robot_vel, 44.14, joints_pos, 2.9, 44.43, -17.03, -77.6, 17.08, 58.69, 26.3, tool_torque, -1.306, 0.028, 0.021, joint_torque, -0.07, -7.86, -0.3, 5.33, 1.17, -0.91, 0.0, robot_mode, normal, 
30/11/2022 14:45:31:252, robot_pos, 1669819300007, 617.71, -72.81, 300.09, 2.37, -0.01, 3.08, circuit_pos, 619.15, -64.3, 298.91, 2.37, -0.01, 3.09, tool_force, -1.22, 1.67, -11.6, actual_rep, 1, curr_step, 5, track_size, 72, robot_vel, 36.09, joints_pos, 3.39, 44.49, -17.05, -77.41, 17.25, 58.93, 26.62, tool_torque, -1.459, -0.104, -0.124, joint_torque, 0.41, -8.35, -0.04, 5.41, 1.19, -0.93, -0.16, robot_mode, normal, 
30/11/2022 14:45:31:403, robot_pos, 1669819300157, 618.71, -66.94, 300.8, 2.37, -0.01, 3.08, circuit_pos, 620.04, -56.04, 300.07, 2.37, -0.01, 3.09, tool_force, -1.18, 1.32, -11.5, actual_rep, 1, curr_step, 6, track_size, 72, robot_vel, 40.33, joints_pos, 3.93, 44.5, -17.08, -77.29, 17.32, 59.12, 27.08, tool_torque, -1.625, 0.034, -0.205, joint_torque, -0.25, -8.34, -0.26, 5.3, 1.17, -0.94, -0.19, robot_mode, normal, 
30/11/2022 14:45:31:552, robot_pos, 1669819300308, 619.51, -61.08, 301.54, 2.37, -0.01, 3.08, circuit_pos, 620.58, -46.71, 300.66, 2.36, -0.01, 3.09, tool_force, -1.11, 1.59, -11.31, actual_rep, 1, curr_step, 7, track_size, 72, robot_vel, 37.99, joints_pos, 4.47, 44.48, -17.1, -77.21, 17.33, 59.24, 27.6, tool_torque, -1.577, 0.0080, -0.216, joint_torque, 0.14, -8.13, -0.02, 5.29, 1.18, -0.96, -0.21, robot_mode, normal, 
30/11/2022 14:45:31:700, robot_pos, 1669819300457, 620.05, -55.47, 302.09, 2.37, -0.01, 3.08, circuit_pos, 620.58, -46.71, 300.66, 2.36, -0.01, 3.09, tool_force, -1.56, 1.21, -11.53, actual_rep, 1, curr_step, 7, track_size, 72, robot_vel, 45.52, joints_pos, 5.01, 44.43, -17.12, -77.21, 17.33, 59.27, 28.31, tool_torque, -1.638, 0.071, -0.248, joint_torque, 0.14, -8.33, 0.03, 5.43, 1.2, -0.95, -0.24, robot_mode, normal, 
30/11/2022 14:45:31:852, robot_pos, 1669819300610, 620.46, -49.57, 302.51, 2.36, -0.01, 3.08, circuit_pos, 621.1, -36.42, 300.61, 2.35, -0.02, 3.09, tool_force, -1.18, 1.57, -11.57, actual_rep, 1, curr_step, 8, track_size, 72, robot_vel, 39.68, joints_pos, 5.55, 44.39, -17.12, -77.21, 17.33, 59.32, 29.11, tool_torque, -1.619, 0.045, -0.239, joint_torque, 0.04, -8.31, -0.09, 5.42, 1.17, -0.99, -0.23, robot_mode, normal, 
30/11/2022 14:45:32:003, robot_pos, 1669819300758, 620.74, -43.83, 302.69, 2.36, -0.01, 3.08, circuit_pos, 621.1, -36.42, 300.61, 2.35, -0.02, 3.09, tool_force, -1.07, 1.61, -11.3, actual_rep, 1, curr_step, 8, track_size, 72, robot_vel, 39.63, joints_pos, 6.04, 44.39, -17.11, -77.18, 17.44, 59.49, 29.87, tool_torque, -1.595, 0.0010, -0.216, joint_torque, 0.02, -8.27, -0.15, 5.38, 1.16, -1.01, -0.21, robot_mode, normal, 
30/11/2022 14:45:32:160, robot_pos, 1669819300909, 621.12, -37.99, 302.65, 2.35, -0.02, 3.08, circuit_pos, 621.3, -26.89, 300.2, 2.34, -0.02, 3.09, tool_force, -1.15, 1.48, -11.52, actual_rep, 1, curr_step, 9, track_size, 72, robot_vel, 37.67, joints_pos, 6.55, 44.41, -17.1, -77.15, 17.5, 59.58, 30.67, tool_torque, -1.587, 0.0090, -0.216, joint_torque, -0.01, -8.42, -0.25, 5.47, 1.15, -1.02, -0.22, robot_mode, normal, 
30/11/2022 14:45:32:304, robot_pos, 1669819301060, 621.39, -32.19, 302.62, 2.35, -0.02, 3.08, circuit_pos, 621.41, -16.2, 299.67, 2.34, -0.02, 3.09, tool_force, -1.3, 1.37, -11.55, actual_rep, 1, curr_step, 10, track_size, 72, robot_vel, 42.41, joints_pos, 7.11, 44.42, -17.12, -77.15, 17.53, 59.59, 31.54, tool_torque, -1.684, 0.097, -0.221, joint_torque, -0.42, -8.44, -0.37, 5.46, 1.12, -1.05, -0.19, robot_mode, normal, 
30/11/2022 14:45:32:457, robot_pos, 1669819301210, 621.53, -26.42, 302.46, 2.34, -0.02, 3.08, circuit_pos, 621.41, -16.2, 299.67, 2.34, -0.02, 3.09, tool_force, -1.48, 1.68, -11.66, actual_rep, 1, curr_step, 10, track_size, 72, robot_vel, 38.82, joints_pos, 7.63, 44.42, -17.12, -77.18, 17.56, 59.59, 32.17, tool_torque, -1.534, 0.134, -0.213, joint_torque, 0.06, -8.42, -0.12, 5.57, 1.14, -0.98, -0.2, robot_mode, normal, 
30/11/2022 14:45:32:608, robot_pos, 1669819301360, 621.7, -20.63, 302.26, 2.34, -0.02, 3.09, circuit_pos, 621.4, -3.17, 299.31, 2.33, -0.02, 3.09, tool_force, -1.41, 2.16, -11.87, actual_rep, 1, curr_step, 11, track_size, 72, robot_vel, 40.02, joints_pos, 8.17, 44.42, -17.12, -77.2, 17.57, 59.55, 32.81, tool_torque, -1.459, 0.235, -0.219, joint_torque, -0.02, -8.45, -0.16, 5.6, 1.12, -0.9, -0.2, robot_mode, normal, 
30/11/2022 14:45:32:797, robot_pos, 1669819301511, 621.8, -14.8, 302.09, 2.34, -0.02, 3.09, circuit_pos, 621.4, -3.17, 299.31, 2.33, -0.02, 3.09, tool_force, -1.79, 2.04, -11.96, actual_rep, 1, curr_step, 11, track_size, 72, robot_vel, 39.65, joints_pos, 8.71, 44.42, -17.12, -77.23, 17.57, 59.51, 33.54, tool_torque, -1.432, 0.313, -0.213, joint_torque, -0.2, -8.41, -0.24, 5.6, 1.12, -0.87, -0.2, robot_mode, normal, 
30/11/2022 14:45:32:912, robot_pos, 1669819301662, 621.87, -8.99, 301.92, 2.33, -0.02, 3.09, circuit_pos, 621.4, -3.17, 299.31, 2.33, -0.02, 3.09, tool_force, -1.84, 2.12, -12.0, actual_rep, 1, curr_step, 11, track_size, 72, robot_vel, 35.45, joints_pos, 9.25, 44.42, -17.13, -77.26, 17.57, 59.45, 34.3, tool_torque, -1.41, 0.338, -0.218, joint_torque, -0.05, -8.44, -0.17, 5.64, 1.12, -0.86, -0.2, robot_mode, normal, 
30/11/2022 14:45:33:057, robot_pos, 1669819301812, 621.91, -3.26, 301.82, 2.33, -0.02, 3.09, circuit_pos, 621.31, 7.17, 299.27, 2.33, -0.02, 3.09, tool_force, -1.58, 2.43, -11.93, actual_rep, 1, curr_step, 12, track_size, 72, robot_vel, 44.16, joints_pos, 9.78, 44.42, -17.13, -77.28, 17.57, 59.4, 34.93, tool_torque, -1.385, 0.335, -0.21, joint_torque, -0.1, -8.44, -0.31, 5.64, 1.09, -0.87, -0.19, robot_mode, normal, 
30/11/2022 14:45:33:211, robot_pos, 1669819301964, 621.86, 2.57, 301.73, 2.33, -0.02, 3.09, circuit_pos, 621.22, 18.66, 299.53, 2.33, -0.02, 3.09, tool_force, -1.95, 2.24, -12.04, actual_rep, 1, curr_step, 13, track_size, 72, robot_vel, 45.67, joints_pos, 10.33, 44.41, -17.13, -77.31, 17.56, 59.35, 35.53, tool_torque, -1.402, 0.35, -0.209, joint_torque, -0.06, -8.39, -0.19, 5.66, 1.11, -0.89, -0.19, robot_mode, normal, 
30/11/2022 14:45:33:361, robot_pos, 1669819302114, 621.84, 8.28, 301.81, 2.33, -0.02, 3.09, circuit_pos, 621.22, 18.66, 299.53, 2.33, -0.02, 3.09, tool_force, -1.89, 2.26, -11.89, actual_rep, 1, curr_step, 13, track_size, 72, robot_vel, 42.07, joints_pos, 10.86, 44.4, -17.13, -77.32, 17.54, 59.32, 36.08, tool_torque, -1.383, 0.337, -0.204, joint_torque, -0.07, -8.41, -0.22, 5.68, 1.11, -0.9, -0.19, robot_mode, normal, 
30/11/2022 14:45:33:510, robot_pos, 1669819302264, 621.78, 14.12, 301.87, 2.33, -0.02, 3.09, circuit_pos, 621.3, 29.46, 300.25, 2.32, -0.02, 3.09, tool_force, -1.73, 2.24, -12.06, actual_rep, 1, curr_step, 14, track_size, 72, robot_vel, 43.53, joints_pos, 11.41, 44.4, -17.13, -77.32, 17.53, 59.29, 36.66, tool_torque, -1.397, 0.312, -0.186, joint_torque, -0.05, -8.56, -0.26, 5.72, 1.1, -0.93, -0.17, robot_mode, normal, 
30/11/2022 14:45:33:664, robot_pos, 1669819302413, 621.76, 19.85, 302.12, 2.33, -0.02, 3.09, circuit_pos, 621.3, 29.46, 300.25, 2.32, -0.02, 3.09, tool_force, -1.23, 2.43, -11.85, actual_rep, 1, curr_step, 14, track_size, 72, robot_vel, 39.76, joints_pos, 11.93, 44.38, -17.13, -77.3, 17.51, 59.27, 37.42, tool_torque, -1.387, 0.283, -0.191, joint_torque, 0.13, -8.43, -0.13, 5.63, 1.11, -0.93, -0.18, robot_mode, normal, 
30/11/2022 14:45:33:809, robot_pos, 1669819302562, 621.77, 25.69, 302.41, 2.32, -0.02, 3.09, circuit_pos, 621.5, 39.55, 301.39, 2.31, -0.02, 3.09, tool_force, -1.25, 2.16, -11.85, actual_rep, 1, curr_step, 15, track_size, 72, robot_vel, 39.41, joints_pos, 12.47, 44.38, -17.13, -77.26, 17.48, 59.27, 38.21, tool_torque, -1.43, 0.278, -0.165, joint_torque, 0.03, -8.49, -0.24, 5.62, 1.11, -0.97, -0.15, robot_mode, normal, 
30/11/2022 14:45:33:962, robot_pos, 1669819302714, 621.78, 31.43, 302.91, 2.32, -0.02, 3.08, circuit_pos, 621.5, 39.55, 301.39, 2.31, -0.02, 3.09, tool_force, -1.37, 2.0, -11.55, actual_rep, 1, curr_step, 15, track_size, 72, robot_vel, 38.34, joints_pos, 13.01, 44.36, -17.14, -77.21, 17.46, 59.27, 39.06, tool_torque, -1.457, 0.236, -0.175, joint_torque, 0.15, -8.4, -0.15, 5.6, 1.11, -1.01, -0.17, robot_mode, normal, 
30/11/2022 14:45:34:134, robot_pos, 1669819302863, 621.85, 37.26, 303.48, 2.31, -0.02, 3.08, circuit_pos, 621.68, 48.29, 302.56, 2.3, -0.02, 3.09, tool_force, -0.78, 2.15, -11.72, actual_rep, 1, curr_step, 16, track_size, 72, robot_vel, 38.79, joints_pos, 13.54, 44.35, -17.14, -77.13, 17.43, 59.3, 39.94, tool_torque, -1.504, 0.165, -0.141, joint_torque, 0.12, -8.42, -0.28, 5.57, 1.08, -1.11, -0.13, robot_mode, normal, 
30/11/2022 14:45:34:268, robot_pos, 1669819303014, 621.93, 43.0, 304.12, 2.31, -0.02, 3.08, circuit_pos, 621.78, 57.42, 303.83, 2.3, -0.01, 3.09, tool_force, -1.07, 1.95, -11.46, actual_rep, 1, curr_step, 17, track_size, 72, robot_vel, 39.29, joints_pos, 14.07, 44.34, -17.14, -77.03, 17.39, 59.34, 40.9, tool_torque, -1.572, 0.202, -0.145, joint_torque, -0.29, -8.41, -0.38, 5.59, 1.07, -1.17, -0.11, robot_mode, normal, 
30/11/2022 14:45:34:413, robot_pos, 1669819303162, 622.08, 48.83, 304.92, 2.3, -0.02, 3.09, circuit_pos, 621.78, 57.42, 303.83, 2.3, -0.01, 3.09, tool_force, -1.32, 2.03, -11.49, actual_rep, 1, curr_step, 17, track_size, 72, robot_vel, 36.51, joints_pos, 14.61, 44.32, -17.15, -76.93, 17.2, 59.31, 41.7, tool_torque, -1.522, 0.256, -0.145, joint_torque, 0.05, -8.47, -0.22, 5.64, 1.09, -1.1, -0.14, robot_mode, normal, 
30/11/2022 14:45:34:569, robot_pos, 1669819303313, 622.07, 54.58, 305.65, 2.3, -0.01, 3.09, circuit_pos, 621.7, 64.77, 304.79, 2.29, -0.01, 3.09, tool_force, -1.13, 2.42, -11.76, actual_rep, 1, curr_step, 18, track_size, 72, robot_vel, 38.88, joints_pos, 15.21, 44.28, -17.17, -76.88, 17.01, 59.22, 42.56, tool_torque, -1.467, 0.343, -0.147, joint_torque, -0.19, -8.44, -0.29, 5.66, 1.08, -1.08, -0.12, robot_mode, normal, 
30/11/2022 14:45:34:714, robot_pos, 1669819303463, 622.11, 60.4, 306.41, 2.3, -0.01, 3.09, circuit_pos, 621.58, 73.04, 305.87, 2.28, -0.01, 3.09, tool_force, -1.79, 2.2, -11.45, actual_rep, 1, curr_step, 19, track_size, 72, robot_vel, 38.18, joints_pos, 15.73, 44.27, -17.17, -76.77, 16.89, 59.22, 43.47, tool_torque, -1.466, 0.37, -0.132, joint_torque, -0.25, -8.38, -0.33, 5.68, 1.07, -1.11, -0.11, robot_mode, normal, 
30/11/2022 14:45:34:869, robot_pos, 1669819303615, 622.04, 66.19, 307.14, 2.29, -0.01, 3.08, circuit_pos, 621.58, 73.04, 305.87, 2.28, -0.01, 3.09, tool_force, -1.19, 2.32, -11.59, actual_rep, 1, curr_step, 19, track_size, 72, robot_vel, 38.85, joints_pos, 16.26, 44.26, -17.17, -76.67, 16.81, 59.24, 44.45, tool_torque, -1.471, 0.239, -0.139, joint_torque, 0.09, -8.52, -0.23, 5.75, 1.06, -1.19, -0.12, robot_mode, normal, 
30/11/2022 14:45:35:020, robot_pos, 1669819303764, 621.88, 71.99, 307.83, 2.28, -0.01, 3.09, circuit_pos, 621.28, 81.29, 306.83, 2.28, -0.01, 3.09, tool_force, -0.95, 2.33, -11.46, actual_rep, 1, curr_step, 20, track_size, 72, robot_vel, 42.59, joints_pos, 16.79, 44.26, -17.16, -76.56, 16.72, 59.3, 45.27, tool_torque, -1.529, 0.142, -0.107, joint_torque, 0.07, -8.5, -0.33, 5.76, 1.05, -1.28, -0.11, robot_mode, normal, 
30/11/2022 14:45:35:170, robot_pos, 1669819303917, 621.75, 77.76, 308.54, 2.28, -0.01, 3.08, circuit_pos, 620.78, 89.35, 307.67, 2.27, -0.01, 3.09, tool_force, -1.71, 1.89, -11.31, actual_rep, 1, curr_step, 21, track_size, 72, robot_vel, 45.54, joints_pos, 17.32, 44.26, -17.16, -76.44, 16.68, 59.34, 46.01, tool_torque, -1.579, 0.192, -0.127, joint_torque, -0.05, -8.44, -0.33, 5.72, 1.03, -1.3, -0.11, robot_mode, normal, 
30/11/2022 14:45:35:312, robot_pos, 1669819304064, 621.48, 83.47, 309.19, 2.28, -0.01, 3.08, circuit_pos, 620.78, 89.35, 307.67, 2.27, -0.01, 3.09, tool_force, -0.89, 2.05, -11.37, actual_rep, 1, curr_step, 21, track_size, 72, robot_vel, 37.92, joints_pos, 17.82, 44.26, -17.15, -76.32, 16.6, 59.4, 46.88, tool_torque, -1.575, 0.138, -0.125, joint_torque, 0.01, -8.5, -0.37, 5.71, 1.02, -1.33, -0.12, robot_mode, normal, 
30/11/2022 14:45:35:467, robot_pos, 1669819304216, 621.14, 89.41, 309.85, 2.27, -0.01, 3.08, circuit_pos, 620.25, 96.98, 308.51, 2.27, -0.02, 3.08, tool_force, -0.94, 1.98, -11.35, actual_rep, 1, curr_step, 22, track_size, 72, robot_vel, 40.63, joints_pos, 18.31, 44.25, -17.11, -76.23, 16.74, 59.46, 47.55, tool_torque, -1.534, 0.046, -0.105, joint_torque, 0.0, -8.55, -0.5, 5.73, 0.94, -1.34, -0.11, robot_mode, normal, 
30/11/2022 14:45:35:615, robot_pos, 1669819304365, 620.81, 94.92, 310.46, 2.27, -0.02, 3.08, circuit_pos, 619.96, 103.53, 309.26, 2.26, -0.02, 3.08, tool_force, -0.7, 2.12, -11.41, actual_rep, 1, curr_step, 23, track_size, 72, robot_vel, 34.9, joints_pos, 18.71, 44.23, -17.08, -76.16, 17.14, 59.47, 48.0, tool_torque, -1.477, -0.0090, -0.11, joint_torque, 0.08, -8.58, -0.5, 5.76, 0.93, -1.35, -0.13, robot_mode, normal, 
30/11/2022 14:45:35:767, robot_pos, 1669819304515, 620.47, 100.9, 311.2, 2.26, -0.02, 3.08, circuit_pos, 619.88, 109.67, 310.15, 2.26, -0.02, 3.08, tool_force, -1.09, 1.85, -11.29, actual_rep, 1, curr_step, 24, track_size, 72, robot_vel, 43.0, joints_pos, 19.25, 44.24, -17.11, -76.04, 17.21, 59.52, 48.79, tool_torque, -1.602, 0.147, -0.159, joint_torque, -0.39, -8.64, -0.64, 5.73, 0.9, -1.38, -0.14, robot_mode, normal, 
30/11/2022 14:45:35:948, robot_pos, 1669819304664, 620.29, 107.37, 312.05, 2.26, -0.02, 3.07, circuit_pos, 619.73, 115.25, 310.98, 2.26, -0.02, 3.07, tool_force, -0.72, 1.95, -11.44, actual_rep, 1, curr_step, 25, track_size, 72, robot_vel, 38.8, joints_pos, 19.81, 44.27, -17.12, -75.83, 17.28, 59.62, 49.5, tool_torque, -1.552, 0.109, -0.168, joint_torque, -0.02, -8.55, -0.48, 5.77, 0.9, -1.38, -0.15, robot_mode, normal, 
30/11/2022 14:45:36:110, robot_pos, 1669819304816, 620.3, 112.57, 312.72, 2.26, -0.02, 3.07, circuit_pos, 619.61, 120.68, 311.81, 2.26, -0.02, 3.07, tool_force, -0.73, 2.12, -11.79, actual_rep, 1, curr_step, 26, track_size, 72, robot_vel, 39.86, joints_pos, 20.22, 44.27, -17.12, -75.74, 17.51, 59.48, 49.87, tool_torque, -1.39, 0.218, -0.166, joint_torque, -0.05, -8.68, -0.48, 5.79, 0.9, -1.21, -0.16, robot_mode, normal, 
30/11/2022 14:45:36:223, robot_pos, 1669819304965, 620.04, 118.3, 313.64, 2.26, -0.02, 3.07, circuit_pos, 619.45, 126.37, 312.42, 2.25, -0.02, 3.07, tool_force, -0.9, 2.19, -11.76, actual_rep, 1, curr_step, 27, track_size, 72, robot_vel, 37.77, joints_pos, 20.72, 44.26, -17.12, -75.6, 17.55, 59.49, 50.49, tool_torque, -1.432, 0.177, -0.147, joint_torque, -0.16, -8.78, -0.55, 5.85, 0.88, -1.29, -0.13, robot_mode, normal, 
30/11/2022 14:45:36:368, robot_pos, 1669819305115, 619.79, 124.08, 314.31, 2.25, -0.02, 3.07, circuit_pos, 619.15, 132.12, 312.83, 2.25, -0.02, 3.07, tool_force, -0.71, 2.09, -11.55, actual_rep, 1, curr_step, 28, track_size, 72, robot_vel, 40.76, joints_pos, 21.22, 44.3, -17.13, -75.42, 17.55, 59.52, 51.31, tool_torque, -1.547, 0.256, -0.18, joint_torque, -0.29, -8.73, -0.54, 5.81, 0.88, -1.35, -0.14, robot_mode, normal, 
30/11/2022 14:45:36:520, robot_pos, 1669819305265, 619.63, 129.84, 314.74, 2.25, -0.02, 3.07, circuit_pos, 618.9, 137.78, 313.01, 2.25, -0.02, 3.07, tool_force, -0.61, 1.84, -11.67, actual_rep, 1, curr_step, 29, track_size, 72, robot_vel, 42.87, joints_pos, 21.73, 44.38, -17.14, -75.22, 17.54, 59.58, 51.98, tool_torque, -1.644, 0.183, -0.181, joint_torque, -0.28, -8.91, -0.57, 5.85, 0.87, -1.43, -0.14, robot_mode, normal, 
30/11/2022 14:45:36:671, robot_pos, 1669819305411, 619.36, 135.68, 315.08, 2.25, -0.02, 3.06, circuit_pos, 618.68, 143.43, 313.21, 2.25, -0.02, 3.07, tool_force, -0.88, 1.85, -11.47, actual_rep, 1, curr_step, 30, track_size, 72, robot_vel, 41.85, joints_pos, 22.24, 44.46, -17.14, -75.01, 17.5, 59.63, 52.63, tool_torque, -1.615, 0.108, -0.134, joint_torque, -0.02, -8.75, -0.45, 5.85, 0.89, -1.47, -0.12, robot_mode, normal, 
30/11/2022 14:45:36:825, robot_pos, 1669819305561, 619.16, 141.38, 315.36, 2.25, -0.02, 3.06, circuit_pos, 618.69, 148.48, 313.26, 2.24, -0.02, 3.06, tool_force, -0.59, 2.1, -11.63, actual_rep, 1, curr_step, 31, track_size, 72, robot_vel, 41.21, joints_pos, 22.72, 44.56, -17.13, -74.79, 17.49, 59.68, 53.29, tool_torque, -1.566, 0.105, -0.128, joint_torque, -0.1, -8.89, -0.58, 5.91, 0.88, -1.45, -0.11, robot_mode, normal, 
30/11/2022 14:45:36:972, robot_pos, 1669819305708, 619.1, 147.21, 315.48, 2.24, -0.02, 3.06, circuit_pos, 618.5, 157.93, 312.71, 2.23, -0.01, 3.06, tool_force, -0.98, 2.43, -11.73, actual_rep, 1, curr_step, 33, track_size, 72, robot_vel, 44.18, joints_pos, 23.17, 44.63, -17.09, -74.64, 17.65, 59.45, 54.01, tool_torque, -1.342, 0.202, -0.112, joint_torque, -0.29, -8.85, -0.74, 5.88, 0.82, -1.28, -0.11, robot_mode, normal, 
30/11/2022 14:45:37:124, robot_pos, 1669819305859, 618.92, 153.03, 315.1, 2.24, -0.02, 3.06, circuit_pos, 617.91, 169.87, 311.16, 2.22, -0.01, 3.06, tool_force, -0.17, 2.42, -12.03, actual_rep, 1, curr_step, 36, track_size, 72, robot_vel, 41.15, joints_pos, 23.76, 44.77, -17.19, -74.49, 17.56, 59.27, 55.05, tool_torque, -1.394, 0.266, -0.154, joint_torque, -0.03, -8.8, -0.42, 5.87, 0.86, -1.29, -0.12, robot_mode, normal, 
30/11/2022 14:45:37:276, robot_pos, 1669819306006, 618.73, 158.76, 314.6, 2.23, -0.02, 3.06, circuit_pos, 617.47, 173.7, 309.87, 2.21, -0.01, 3.07, tool_force, -0.72, 2.58, -11.51, actual_rep, 1, curr_step, 38, track_size, 72, robot_vel, 38.22, joints_pos, 24.29, 44.94, -17.22, -74.28, 17.47, 59.17, 56.03, tool_torque, -1.389, 0.317, -0.16, joint_torque, 0.01, -8.97, -0.41, 5.94, 0.85, -1.29, -0.13, robot_mode, normal, 
30/11/2022 14:45:37:424, robot_pos, 1669819306155, 618.33, 164.55, 313.5, 2.22, -0.01, 3.06, circuit_pos, 617.59, 172.67, 309.2, 2.21, -0.01, 3.07, tool_force, -0.35, 2.51, -11.73, actual_rep, 1, curr_step, 41, track_size, 72, robot_vel, 41.21, joints_pos, 24.8, 45.16, -17.21, -74.05, 17.24, 59.18, 57.13, tool_torque, -1.461, 0.224, -0.133, joint_torque, 0.13, -8.93, -0.42, 5.96, 0.86, -1.41, -0.12, robot_mode, normal, 
30/11/2022 14:45:37:579, robot_pos, 1669819306302, 618.04, 170.3, 312.35, 2.21, -0.01, 3.06, circuit_pos, 617.58, 173.1, 309.72, 2.21, -0.01, 3.07, tool_force, -0.85, 2.31, -11.52, actual_rep, 1, curr_step, 43, track_size, 72, robot_vel, 37.07, joints_pos, 25.32, 45.44, -17.21, -73.74, 17.02, 59.28, 58.28, tool_torque, -1.622, 0.245, -0.133, joint_torque, -0.29, -8.97, -0.65, 5.93, 0.83, -1.54, -0.1, robot_mode, normal, 
30/11/2022 14:45:37:723, robot_pos, 1669819306452, 618.02, 173.54, 312.67, 2.21, -0.01, 3.07, circuit_pos, 617.63, 173.42, 309.99, 2.21, -0.01, 3.07, tool_force, 0.04, 2.71, -11.45, actual_rep, 1, curr_step, 46, track_size, 72, robot_vel, 19.42, joints_pos, 25.69, 45.56, -17.36, -73.48, 16.84, 59.53, 58.88, tool_torque, -1.572, 0.146, -0.079, joint_torque, -0.13, -8.82, -0.53, 5.92, 0.78, -1.58, -0.01, robot_mode, normal, 
30/11/2022 14:45:37:873, robot_pos, 1669819306598, 618.04, 173.73, 311.81, 2.21, -0.01, 3.07, circuit_pos, 617.74, 173.65, 309.52, 2.21, -0.01, 3.07, tool_force, -0.66, 3.59, -11.38, actual_rep, 1, curr_step, 49, track_size, 72, robot_vel, 6.51, joints_pos, 25.69, 45.63, -17.36, -73.51, 16.97, 59.42, 58.86, tool_torque, -1.188, 0.094, 0.129, joint_torque, 0.01, -8.58, -0.6, 6.04, 0.77, -1.42, 0.15, robot_mode, normal, 
30/11/2022 14:45:38:025, robot_pos, 1669819306749, 618.17, 173.71, 311.91, 2.21, -0.01, 3.07, circuit_pos, 617.75, 173.46, 309.48, 2.21, -0.01, 3.07, tool_force, -0.04, 2.83, -11.6, actual_rep, 1, curr_step, 51, track_size, 72, robot_vel, 1.88, joints_pos, 25.69, 45.64, -17.37, -73.47, 16.97, 59.46, 58.86, tool_torque, -1.344, 0.015, 0.081, joint_torque, 0.18, -8.89, -0.54, 6.02, 0.76, -1.47, 0.11, robot_mode, normal, 
30/11/2022 14:45:38:179, robot_pos, 1669819306896, 618.13, 173.85, 311.88, 2.21, -0.01, 3.07, circuit_pos, 617.72, 173.59, 309.52, 2.21, -0.01, 3.07, tool_force, -0.27, 2.85, -11.73, actual_rep, 1, curr_step, 54, track_size, 72, robot_vel, 3.26, joints_pos, 25.69, 45.64, -17.35, -73.47, 16.96, 59.46, 58.86, tool_torque, -1.323, 0.0, 0.087, joint_torque, 0.17, -8.86, -0.62, 6.0, 0.76, -1.45, 0.09, robot_mode, normal, 
30/11/2022 14:45:38:326, robot_pos, 1669819307047, 618.17, 173.74, 311.9, 2.21, -0.01, 3.07, circuit_pos, 617.72, 173.6, 309.54, 2.21, -0.01, 3.07, tool_force, -0.33, 2.91, -11.85, actual_rep, 1, curr_step, 56, track_size, 72, robot_vel, 1.79, joints_pos, 25.69, 45.64, -17.36, -73.47, 16.96, 59.46, 58.86, tool_torque, -1.324, 0.086, 0.063, joint_torque, 0.05, -8.91, -0.59, 6.03, 0.77, -1.44, 0.09, robot_mode, normal, 
30/11/2022 14:45:38:480, robot_pos, 1669819307196, 618.15, 173.79, 311.9, 2.21, -0.01, 3.07, circuit_pos, 617.7, 173.64, 309.53, 2.21, -0.01, 3.07, tool_force, -0.39, 3.0, -11.88, actual_rep, 1, curr_step, 59, track_size, 72, robot_vel, 0.39, joints_pos, 25.69, 45.64, -17.36, -73.47, 16.96, 59.45, 58.86, tool_torque, -1.311, 0.075, 0.055, joint_torque, 0.07, -8.96, -0.63, 6.08, 0.76, -1.44, 0.07, robot_mode, normal, 
30/11/2022 14:45:38:627, robot_pos, 1669819307345, 618.13, 173.79, 311.91, 2.21, -0.01, 3.07, circuit_pos, 617.7, 173.64, 309.53, 2.21, -0.01, 3.07, tool_force, -0.54, 3.06, -11.81, actual_rep, 1, curr_step, 61, track_size, 72, robot_vel, 0.09, joints_pos, 25.69, 45.64, -17.36, -73.48, 16.96, 59.45, 58.86, tool_torque, -1.305, 0.093, 0.052, joint_torque, 0.01, -8.94, -0.65, 6.08, 0.76, -1.44, 0.07, robot_mode, normal, 
30/11/2022 14:45:38:775, robot_pos, 1669819307493, 618.13, 173.79, 311.91, 2.21, -0.01, 3.07, circuit_pos, 617.71, 173.64, 309.53, 2.21, -0.01, 3.07, tool_force, -0.55, 3.09, -11.76, actual_rep, 1, curr_step, 64, track_size, 72, robot_vel, 0.01, joints_pos, 25.69, 45.64, -17.36, -73.48, 16.96, 59.45, 58.86, tool_torque, -1.301, 0.093, 0.053, joint_torque, 0.02, -8.9, -0.64, 6.07, 0.76, -1.44, 0.07, robot_mode, normal, 
30/11/2022 14:45:38:930, robot_pos, 1669819307643, 618.13, 173.79, 311.91, 2.21, -0.01, 3.07, circuit_pos, 617.71, 173.63, 309.53, 2.21, -0.01, 3.07, tool_force, -0.51, 3.11, -11.73, actual_rep, 1, curr_step, 66, track_size, 72, robot_vel, 0.02, joints_pos, 25.69, 45.64, -17.36, -73.48, 16.96, 59.45, 58.86, tool_torque, -1.294, 0.08, 0.057, joint_torque, 0.05, -8.87, -0.64, 6.06, 0.76, -1.44, 0.07, robot_mode, normal, 
30/11/2022 14:45:39:075, robot_pos, 1669819307791, 618.13, 173.79, 311.91, 2.21, -0.01, 3.07, circuit_pos, 617.71, 173.63, 309.53, 2.21, -0.01, 3.07, tool_force, -0.51, 3.14, -11.74, actual_rep, 1, curr_step, 69, track_size, 72, robot_vel, 0.03, joints_pos, 25.69, 45.64, -17.36, -73.48, 16.96, 59.45, 58.86, tool_torque, -1.291, 0.086, 0.056, joint_torque, 0.05, -8.87, -0.63, 6.07, 0.76, -1.44, 0.07, robot_mode, normal, 
30/11/2022 14:45:39:232, robot_pos, 1669819307941, 618.13, 173.79, 311.91, 2.21, -0.01, 3.07, circuit_pos, 617.71, 173.63, 309.53, 2.21, -0.01, 3.07, tool_force, -0.53, 3.15, -11.73, actual_rep, 1, curr_step, 71, track_size, 72, robot_vel, 0.01, joints_pos, 25.69, 45.64, -17.36, -73.48, 16.96, 59.45, 58.86, tool_torque, -1.295, 0.093, 0.055, joint_torque, 0.04, -8.87, -0.63, 6.07, 0.77, -1.44, 0.08, robot_mode, normal, 
30/11/2022 14:45:39:379, robot_pos, 1669819308092, 618.13, 173.79, 311.91, 2.21, -0.01, 3.07, circuit_pos, 617.71, 173.63, 309.53, 2.21, -0.01, 3.07, tool_force, -0.53, 3.13, -11.73, actual_rep, 1, curr_step, 69, track_size, 72, robot_vel, 0.01, joints_pos, 25.69, 45.64, -17.36, -73.48, 16.96, 59.45, 58.86, tool_torque, -1.294, 0.095, 0.055, joint_torque, 0.03, -8.87, -0.63, 6.07, 0.76, -1.44, 0.08, robot_mode, normal, 
30/11/2022 14:45:39:529, robot_pos, 1669819308240, 618.13, 173.79, 311.91, 2.21, -0.01, 3.07, circuit_pos, 617.71, 173.63, 309.53, 2.21, -0.01, 3.07, tool_force, -0.55, 3.14, -11.73, actual_rep, 1, curr_step, 66, track_size, 72, robot_vel, 0.0, joints_pos, 25.69, 45.64, -17.36, -73.48, 16.96, 59.45, 58.86, tool_torque, -1.293, 0.096, 0.055, joint_torque, 0.03, -8.87, -0.63, 6.06, 0.77, -1.44, 0.08, robot_mode, normal, 
30/11/2022 14:45:39:680, robot_pos, 1669819308387, 618.13, 173.79, 311.91, 2.21, -0.01, 3.07, circuit_pos, 617.71, 173.64, 309.53, 2.21, -0.01, 3.07, tool_force, -0.53, 3.12, -11.76, actual_rep, 1, curr_step, 64, track_size, 72, robot_vel, 0.0, joints_pos, 25.69, 45.64, -17.36, -73.48, 16.96, 59.45, 58.86, tool_torque, -1.297, 0.096, 0.055, joint_torque, 0.03, -8.88, -0.64, 6.07, 0.76, -1.44, 0.08, robot_mode, normal, 
30/11/2022 14:45:39:835, robot_pos, 1669819308540, 618.13, 173.79, 311.91, 2.21, -0.01, 3.07, circuit_pos, 617.7, 173.64, 309.53, 2.21, -0.01, 3.07, tool_force, -0.55, 3.12, -11.74, actual_rep, 1, curr_step, 61, track_size, 72, robot_vel, 0.04, joints_pos, 25.69, 45.64, -17.36, -73.48, 16.96, 59.45, 58.86, tool_torque, -1.296, 0.098, 0.054, joint_torque, 0.01, -8.87, -0.64, 6.07, 0.76, -1.44, 0.07, robot_mode, normal, 
30/11/2022 14:45:39:982, robot_pos, 1669819308686, 618.13, 173.79, 311.91, 2.21, -0.01, 3.07, circuit_pos, 617.7, 173.64, 309.53, 2.21, -0.01, 3.07, tool_force, -0.58, 3.13, -11.75, actual_rep, 1, curr_step, 59, track_size, 72, robot_vel, 0.02, joints_pos, 25.69, 45.64, -17.36, -73.48, 16.96, 59.45, 58.86, tool_torque, -1.292, 0.098, 0.053, joint_torque, 0.01, -8.87, -0.64, 6.07, 0.76, -1.44, 0.07, robot_mode, normal, 
30/11/2022 14:45:40:132, robot_pos, 1669819308837, 618.13, 173.79, 311.91, 2.21, -0.01, 3.07, circuit_pos, 617.72, 173.6, 309.54, 2.21, -0.01, 3.07, tool_force, -0.53, 3.13, -11.76, actual_rep, 1, curr_step, 56, track_size, 72, robot_vel, 0.02, joints_pos, 25.69, 45.64, -17.36, -73.48, 16.96, 59.45, 58.86, tool_torque, -1.292, 0.089, 0.055, joint_torque, 0.04, -8.88, -0.63, 6.07, 0.76, -1.44, 0.07, robot_mode, normal, 
30/11/2022 14:45:40:283, robot_pos, 1669819308984, 618.14, 173.76, 311.91, 2.21, -0.01, 3.07, circuit_pos, 617.72, 173.59, 309.52, 2.21, -0.01, 3.07, tool_force, -0.41, 3.14, -11.75, actual_rep, 1, curr_step, 54, track_size, 72, robot_vel, 0.27, joints_pos, 25.69, 45.64, -17.36, -73.48, 16.96, 59.45, 58.86, tool_torque, -1.292, 0.083, 0.063, joint_torque, 0.07, -8.88, -0.61, 6.07, 0.76, -1.44, 0.09, robot_mode, normal, 
30/11/2022 14:45:40:434, robot_pos, 1669819309133, 618.12, 173.81, 311.9, 2.21, -0.01, 3.07, circuit_pos, 617.75, 173.46, 309.48, 2.21, -0.01, 3.07, tool_force, -0.62, 3.15, -11.74, actual_rep, 1, curr_step, 51, track_size, 72, robot_vel, 0.51, joints_pos, 25.69, 45.64, -17.36, -73.48, 16.96, 59.45, 58.86, tool_torque, -1.297, 0.118, 0.046, joint_torque, -0.02, -8.88, -0.64, 6.08, 0.76, -1.44, 0.07, robot_mode, normal, 
30/11/2022 14:45:40:591, robot_pos, 1669819309281, 618.15, 173.65, 311.89, 2.21, -0.01, 3.07, circuit_pos, 617.74, 173.65, 309.52, 2.21, -0.01, 3.07, tool_force, -0.47, 3.19, -11.74, actual_rep, 1, curr_step, 49, track_size, 72, robot_vel, 1.03, joints_pos, 25.69, 45.64, -17.37, -73.48, 16.96, 59.45, 58.86, tool_torque, -1.278, 0.077, 0.094, joint_torque, 0.11, -8.89, -0.58, 6.08, 0.76, -1.44, 0.13, robot_mode, normal, 
30/11/2022 14:45:40:734, robot_pos, 1669819309430, 618.12, 173.78, 311.89, 2.21, -0.01, 3.07, circuit_pos, 617.63, 173.42, 309.99, 2.21, -0.01, 3.07, tool_force, -0.4, 3.12, -11.74, actual_rep, 1, curr_step, 46, track_size, 72, robot_vel, 2.45, joints_pos, 25.69, 45.64, -17.36, -73.48, 16.95, 59.45, 58.87, tool_torque, -1.28, 0.049, 0.068, joint_torque, 0.1, -8.86, -0.64, 6.07, 0.76, -1.44, 0.08, robot_mode, normal, 
30/11/2022 14:45:40:921, robot_pos, 1669819309579, 618.02, 173.62, 312.65, 2.21, -0.01, 3.07, circuit_pos, 617.51, 173.25, 310.15, 2.21, -0.01, 3.07, tool_force, -0.47, 3.23, -11.22, actual_rep, 1, curr_step, 44, track_size, 72, robot_vel, 8.04, joints_pos, 25.69, 45.56, -17.37, -73.49, 16.94, 59.53, 58.86, tool_torque, -1.348, 0.049, 0.086, joint_torque, 0.08, -8.57, -0.53, 5.99, 0.77, -1.53, 0.12, robot_mode, normal, 
30/11/2022 14:45:41:033, robot_pos, 1669819309728, 617.81, 173.17, 311.81, 2.21, -0.01, 3.07, circuit_pos, 617.59, 172.67, 309.2, 2.21, -0.01, 3.07, tool_force, -0.41, 4.14, -11.28, actual_rep, 1, curr_step, 41, track_size, 72, robot_vel, 9.75, joints_pos, 25.66, 45.59, -17.36, -73.58, 16.92, 59.42, 58.86, tool_torque, -1.101, 0.05, 0.159, joint_torque, 0.22, -8.59, -0.6, 6.12, 0.79, -1.39, 0.17, robot_mode, normal, 
30/11/2022 14:45:41:185, robot_pos, 1669819309877, 617.92, 173.3, 311.57, 2.21, -0.01, 3.07, circuit_pos, 617.3, 174.03, 309.36, 2.21, -0.01, 3.07, tool_force, -0.39, 3.2, -11.95, actual_rep, 1, curr_step, 39, track_size, 72, robot_vel, 1.13, joints_pos, 25.65, 45.62, -17.32, -73.56, 16.93, 59.4, 58.84, tool_torque, -1.237, 0.038, 0.145, joint_torque, 0.06, -9.05, -0.71, 6.14, 0.78, -1.41, 0.15, robot_mode, normal, 
30/11/2022 14:45:41:334, robot_pos, 1669819310026, 618.03, 173.65, 312.34, 2.21, -0.01, 3.07, circuit_pos, 617.91, 169.87, 311.16, 2.22, -0.01, 3.06, tool_force, 0.41, 3.37, -11.81, actual_rep, 1, curr_step, 36, track_size, 72, robot_vel, 7.04, joints_pos, 25.72, 45.59, -17.42, -73.5, 16.94, 59.45, 58.9, tool_torque, -1.322, -0.0010, 0.091, joint_torque, 0.32, -8.97, -0.43, 6.21, 0.77, -1.51, 0.14, robot_mode, normal, 
30/11/2022 14:45:41:493, robot_pos, 1669819310176, 618.26, 169.82, 313.18, 2.22, -0.01, 3.06, circuit_pos, 618.26, 162.37, 312.13, 2.22, -0.01, 3.06, tool_force, 0.56, 4.47, -11.66, actual_rep, 1, curr_step, 34, track_size, 72, robot_vel, 38.05, joints_pos, 25.46, 45.32, -17.54, -73.9, 17.29, 58.98, 57.8, tool_torque, -0.928, -0.22, 0.448, joint_torque, 0.44, -8.55, -0.57, 6.05, 0.74, -1.35, 0.47, robot_mode, normal, 
30/11/2022 14:45:41:640, robot_pos, 1669819310326, 618.43, 164.35, 314.05, 2.22, -0.01, 3.06, circuit_pos, 618.69, 148.48, 313.26, 2.24, -0.02, 3.06, tool_force, 0.35, 4.24, -11.66, actual_rep, 1, curr_step, 31, track_size, 72, robot_vel, 34.54, joints_pos, 25.04, 45.11, -17.6, -74.15, 17.41, 58.99, 57.0, tool_torque, -1.013, -0.261, 0.43, joint_torque, 0.48, -8.77, -0.55, 6.09, 0.76, -1.4, 0.45, robot_mode, normal, 
30/11/2022 14:45:41:792, robot_pos, 1669819310476, 618.64, 158.37, 314.53, 2.23, -0.01, 3.06, circuit_pos, 618.68, 143.43, 313.21, 2.25, -0.02, 3.07, tool_force, 1.49, 4.06, -11.64, actual_rep, 1, curr_step, 30, track_size, 72, robot_vel, 35.59, joints_pos, 24.48, 44.95, -17.59, -74.35, 17.62, 59.16, 55.87, tool_torque, -1.125, -0.531, 0.454, joint_torque, 1.03, -8.84, -0.37, 6.2, 0.8, -1.54, 0.44, robot_mode, normal, 
30/11/2022 14:45:41:939, robot_pos, 1669819310624, 618.81, 152.67, 314.83, 2.24, -0.01, 3.06, circuit_pos, 618.68, 143.43, 313.21, 2.25, -0.02, 3.07, tool_force, 0.57, 3.74, -11.46, actual_rep, 1, curr_step, 30, track_size, 72, robot_vel, 39.73, joints_pos, 23.99, 44.83, -17.59, -74.51, 17.65, 59.37, 54.88, tool_torque, -1.155, -0.406, 0.416, joint_torque, 0.67, -8.76, -0.5, 6.14, 0.8, -1.52, 0.42, robot_mode, normal, 
30/11/2022 14:45:42:089, robot_pos, 1669819310773, 618.97, 146.85, 315.28, 2.24, -0.02, 3.06, circuit_pos, 618.9, 137.78, 313.01, 2.25, -0.02, 3.07, tool_force, 0.94, 3.83, -11.58, actual_rep, 1, curr_step, 29, track_size, 72, robot_vel, 38.54, joints_pos, 23.47, 44.73, -17.6, -74.62, 17.72, 59.66, 53.9, tool_torque, -1.168, -0.432, 0.403, joint_torque, 0.76, -8.71, -0.42, 6.15, 0.82, -1.54, 0.41, robot_mode, normal, 
30/11/2022 14:45:42:242, robot_pos, 1669819310922, 619.19, 141.07, 315.29, 2.25, -0.02, 3.07, circuit_pos, 619.15, 132.12, 312.83, 2.25, -0.02, 3.07, tool_force, 0.5, 3.69, -11.72, actual_rep, 1, curr_step, 28, track_size, 72, robot_vel, 38.39, joints_pos, 22.97, 44.61, -17.62, -74.82, 17.74, 59.71, 53.19, tool_torque, -1.204, -0.407, 0.402, joint_torque, 0.7, -8.89, -0.37, 6.21, 0.84, -1.52, 0.42, robot_mode, normal, 
30/11/2022 14:45:42:391, robot_pos, 1669819311070, 619.42, 135.27, 315.26, 2.25, -0.02, 3.07, circuit_pos, 619.45, 126.37, 312.42, 2.25, -0.02, 3.07, tool_force, 0.61, 4.11, -11.73, actual_rep, 1, curr_step, 27, track_size, 72, robot_vel, 41.05, joints_pos, 22.49, 44.51, -17.62, -75.01, 17.77, 59.71, 52.58, tool_torque, -1.105, -0.31, 0.375, joint_torque, 0.68, -8.71, -0.38, 6.14, 0.84, -1.43, 0.39, robot_mode, normal, 
30/11/2022 14:45:42:545, robot_pos, 1669819311219, 619.72, 129.55, 315.0, 2.25, -0.02, 3.07, circuit_pos, 619.61, 120.68, 311.81, 2.26, -0.02, 3.07, tool_force, 0.38, 4.44, -11.75, actual_rep, 1, curr_step, 26, track_size, 72, robot_vel, 39.98, joints_pos, 21.98, 44.43, -17.63, -75.2, 17.79, 59.67, 51.98, tool_torque, -0.97, -0.235, 0.404, joint_torque, 0.62, -8.52, -0.33, 6.08, 0.86, -1.31, 0.42, robot_mode, normal, 
30/11/2022 14:45:42:693, robot_pos, 1669819311367, 619.96, 123.71, 314.53, 2.26, -0.02, 3.07, circuit_pos, 619.73, 115.25, 310.98, 2.26, -0.02, 3.07, tool_force, 0.2, 4.41, -11.82, actual_rep, 1, curr_step, 25, track_size, 72, robot_vel, 37.2, joints_pos, 21.48, 44.36, -17.63, -75.4, 17.85, 59.62, 51.02, tool_torque, -0.93, -0.171, 0.39, joint_torque, 0.4, -8.64, -0.48, 6.09, 0.85, -1.25, 0.42, robot_mode, normal, 
30/11/2022 14:45:42:843, robot_pos, 1669819311517, 620.14, 117.94, 313.83, 2.26, -0.02, 3.07, circuit_pos, 619.88, 109.67, 310.15, 2.26, -0.02, 3.08, tool_force, 0.35, 4.46, -11.74, actual_rep, 1, curr_step, 24, track_size, 72, robot_vel, 39.68, joints_pos, 20.97, 44.31, -17.62, -75.62, 17.9, 59.52, 50.31, tool_torque, -0.898, -0.139, 0.358, joint_torque, 0.68, -8.47, -0.28, 6.02, 0.88, -1.19, 0.37, robot_mode, normal, 
30/11/2022 14:45:42:994, robot_pos, 1669819311666, 620.16, 112.03, 313.03, 2.26, -0.02, 3.07, circuit_pos, 619.96, 103.53, 309.26, 2.26, -0.02, 3.08, tool_force, 0.28, 3.83, -11.82, actual_rep, 1, curr_step, 23, track_size, 72, robot_vel, 40.57, joints_pos, 20.52, 44.31, -17.67, -75.74, 17.72, 59.66, 49.85, tool_torque, -1.205, -0.215, 0.343, joint_torque, 0.43, -8.72, -0.37, 6.12, 0.94, -1.42, 0.37, robot_mode, normal, 
30/11/2022 14:45:43:147, robot_pos, 1669819311815, 620.36, 106.25, 312.13, 2.26, -0.02, 3.07, circuit_pos, 620.25, 96.98, 308.51, 2.27, -0.02, 3.08, tool_force, 0.2, 3.96, -11.58, actual_rep, 1, curr_step, 22, track_size, 72, robot_vel, 37.74, joints_pos, 20.02, 44.32, -17.68, -75.87, 17.69, 59.68, 49.3, tool_torque, -1.145, -0.219, 0.346, joint_torque, 0.7, -8.54, -0.22, 6.03, 0.97, -1.35, 0.35, robot_mode, normal, 
30/11/2022 14:45:43:292, robot_pos, 1669819311964, 620.64, 100.54, 311.44, 2.27, -0.02, 3.08, circuit_pos, 620.78, 89.35, 307.67, 2.27, -0.01, 3.09, tool_force, -0.19, 4.02, -11.64, actual_rep, 1, curr_step, 21, track_size, 72, robot_vel, 38.31, joints_pos, 19.52, 44.31, -17.68, -76.0, 17.69, 59.66, 48.38, tool_torque, -1.09, -0.155, 0.355, joint_torque, 0.47, -8.44, -0.37, 6.01, 0.96, -1.31, 0.37, robot_mode, normal, 
30/11/2022 14:45:43:445, robot_pos, 1669819312115, 620.88, 94.59, 310.83, 2.27, -0.01, 3.08, circuit_pos, 620.78, 89.35, 307.67, 2.27, -0.01, 3.09, tool_force, 0.31, 4.04, -12.01, actual_rep, 1, curr_step, 21, track_size, 72, robot_vel, 39.55, joints_pos, 19.08, 44.31, -17.72, -76.11, 17.32, 59.64, 47.96, tool_torque, -1.073, -0.099, 0.303, joint_torque, 0.72, -8.66, -0.24, 6.02, 1.0, -1.22, 0.32, robot_mode, normal, 
30/11/2022 14:45:43:591, robot_pos, 1669819312262, 621.21, 89.07, 310.23, 2.27, -0.01, 3.09, circuit_pos, 621.28, 81.29, 306.83, 2.28, -0.01, 3.09, tool_force, -0.05, 3.92, -11.96, actual_rep, 1, curr_step, 20, track_size, 72, robot_vel, 38.13, joints_pos, 18.66, 44.33, -17.74, -76.18, 17.02, 59.62, 47.4, tool_torque, -1.002, -0.14, 0.386, joint_torque, 0.73, -8.62, -0.22, 6.01, 0.99, -1.18, 0.39, robot_mode, normal, 
30/11/2022 14:45:43:743, robot_pos, 1669819312412, 621.59, 83.18, 309.57, 2.28, -0.01, 3.09, circuit_pos, 621.58, 73.04, 305.87, 2.28, -0.01, 3.09, tool_force, -0.24, 3.98, -11.93, actual_rep, 1, curr_step, 19, track_size, 72, robot_vel, 36.78, joints_pos, 18.13, 44.33, -17.74, -76.28, 17.02, 59.58, 46.61, tool_torque, -0.981, -0.059, 0.385, joint_torque, 0.51, -8.51, -0.37, 5.97, 0.99, -1.14, 0.39, robot_mode, normal, 
30/11/2022 14:45:43:896, robot_pos, 1669819312560, 621.86, 77.45, 308.92, 2.28, -0.01, 3.09, circuit_pos, 621.7, 64.77, 304.79, 2.29, -0.01, 3.09, tool_force, -0.27, 3.83, -12.1, actual_rep, 1, curr_step, 18, track_size, 72, robot_vel, 38.44, joints_pos, 17.61, 44.33, -17.74, -76.39, 17.02, 59.51, 45.94, tool_torque, -0.969, -0.072, 0.376, joint_torque, 0.55, -8.54, -0.33, 5.94, 1.0, -1.11, 0.37, robot_mode, normal, 
30/11/2022 14:45:44:045, robot_pos, 1669819312709, 622.06, 71.58, 308.18, 2.28, -0.01, 3.09, circuit_pos, 621.7, 64.77, 304.79, 2.29, -0.01, 3.09, tool_force, -0.23, 3.91, -12.16, actual_rep, 1, curr_step, 18, track_size, 72, robot_vel, 38.35, joints_pos, 17.09, 44.33, -17.73, -76.51, 17.02, 59.43, 45.12, tool_torque, -0.952, -0.065, 0.389, joint_torque, 0.4, -8.58, -0.44, 5.93, 1.0, -1.09, 0.39, robot_mode, normal, 
30/11/2022 14:45:44:199, robot_pos, 1669819312858, 622.18, 65.83, 307.46, 2.29, -0.01, 3.09, circuit_pos, 621.78, 57.42, 303.83, 2.3, -0.01, 3.09, tool_force, 0.09, 4.06, -12.18, actual_rep, 1, curr_step, 17, track_size, 72, robot_vel, 39.21, joints_pos, 16.56, 44.33, -17.71, -76.63, 17.05, 59.35, 44.18, tool_torque, -0.894, -0.143, 0.402, joint_torque, 0.62, -8.56, -0.42, 5.94, 1.0, -1.07, 0.38, robot_mode, normal, 
30/11/2022 14:45:44:348, robot_pos, 1669819313008, 622.22, 59.99, 306.74, 2.3, -0.01, 3.09, circuit_pos, 621.68, 48.29, 302.56, 2.3, -0.02, 3.09, tool_force, -0.93, 3.52, -12.04, actual_rep, 1, curr_step, 16, track_size, 72, robot_vel, 38.48, joints_pos, 16.04, 44.33, -17.71, -76.75, 17.11, 59.3, 43.24, tool_torque, -0.939, -0.067, 0.388, joint_torque, 0.19, -8.49, -0.59, 5.89, 0.97, -1.09, 0.38, robot_mode, normal, 
30/11/2022 14:45:44:501, robot_pos, 1669819313156, 622.06, 54.23, 305.92, 2.3, -0.01, 3.09, circuit_pos, 621.68, 48.29, 302.56, 2.3, -0.02, 3.09, tool_force, 0.17, 3.79, -12.01, actual_rep, 1, curr_step, 16, track_size, 72, robot_vel, 41.18, joints_pos, 15.46, 44.34, -17.7, -76.87, 17.38, 59.36, 42.41, tool_torque, -1.023, -0.266, 0.358, joint_torque, 0.76, -8.62, -0.3, 5.95, 1.0, -1.19, 0.34, robot_mode, normal, 
30/11/2022 14:45:44:651, robot_pos, 1669819313306, 622.16, 48.39, 305.11, 2.3, -0.02, 3.09, circuit_pos, 621.5, 39.55, 301.39, 2.31, -0.02, 3.09, tool_force, -0.36, 3.3, -11.92, actual_rep, 1, curr_step, 15, track_size, 72, robot_vel, 38.71, joints_pos, 14.91, 44.39, -17.7, -76.91, 17.55, 59.42, 41.57, tool_torque, -1.052, -0.228, 0.354, joint_torque, 0.46, -8.45, -0.45, 5.82, 0.99, -1.18, 0.33, robot_mode, normal, 
30/11/2022 14:45:44:800, robot_pos, 1669819313455, 622.02, 42.59, 304.37, 2.31, -0.02, 3.09, circuit_pos, 621.3, 29.46, 300.25, 2.32, -0.02, 3.09, tool_force, 0.13, 3.72, -12.0, actual_rep, 1, curr_step, 14, track_size, 72, robot_vel, 43.01, joints_pos, 14.37, 44.41, -17.7, -77.02, 17.64, 59.42, 40.64, tool_torque, -0.981, -0.299, 0.363, joint_torque, 0.92, -8.54, -0.21, 5.89, 1.02, -1.14, 0.34, robot_mode, normal, 
30/11/2022 14:45:44:949, robot_pos, 1669819313604, 621.94, 36.89, 303.69, 2.31, -0.02, 3.09, circuit_pos, 621.3, 29.46, 300.25, 2.32, -0.02, 3.09, tool_force, 0.09, 3.84, -12.05, actual_rep, 1, curr_step, 14, track_size, 72, robot_vel, 38.06, joints_pos, 13.85, 44.42, -17.7, -77.11, 17.71, 59.4, 39.73, tool_torque, -0.943, -0.186, 0.35, joint_torque, 0.7, -8.48, -0.25, 5.82, 1.02, -1.06, 0.35, robot_mode, normal, 
30/11/2022 14:45:45:099, robot_pos, 1669819313754, 621.87, 31.03, 303.1, 2.32, -0.02, 3.09, circuit_pos, 621.22, 18.66, 299.53, 2.33, -0.02, 3.09, tool_force, -0.22, 3.58, -12.17, actual_rep, 1, curr_step, 13, track_size, 72, robot_vel, 39.91, joints_pos, 13.31, 44.43, -17.71, -77.19, 17.76, 59.38, 38.83, tool_torque, -0.96, -0.119, 0.318, joint_torque, 0.56, -8.55, -0.3, 5.84, 1.03, -1.01, 0.31, robot_mode, normal, 
30/11/2022 14:45:45:281, robot_pos, 1669819313902, 621.8, 25.31, 302.63, 2.32, -0.02, 3.09, circuit_pos, 621.22, 18.66, 299.53, 2.33, -0.02, 3.09, tool_force, -0.43, 3.55, -12.08, actual_rep, 1, curr_step, 13, track_size, 72, robot_vel, 38.86, joints_pos, 12.79, 44.44, -17.71, -77.25, 17.8, 59.36, 37.95, tool_torque, -0.938, -0.108, 0.321, joint_torque, 0.59, -8.42, -0.29, 5.77, 1.04, -0.98, 0.31, robot_mode, normal, 
30/11/2022 14:45:45:430, robot_pos, 1669819314051, 621.82, 19.45, 302.29, 2.33, -0.02, 3.09, circuit_pos, 621.31, 7.17, 299.27, 2.33, -0.02, 3.09, tool_force, -0.46, 3.36, -12.13, actual_rep, 1, curr_step, 12, track_size, 72, robot_vel, 40.9, joints_pos, 12.25, 44.45, -17.72, -77.29, 17.85, 59.36, 37.17, tool_torque, -0.991, -0.084, 0.295, joint_torque, 0.53, -8.45, -0.24, 5.73, 1.05, -0.97, 0.3, robot_mode, normal, 
30/11/2022 14:45:45:551, robot_pos, 1669819314199, 621.79, 13.7, 302.05, 2.33, -0.02, 3.09, circuit_pos, 621.31, 7.17, 299.27, 2.33, -0.02, 3.09, tool_force, -0.35, 3.61, -12.06, actual_rep, 1, curr_step, 12, track_size, 72, robot_vel, 38.84, joints_pos, 11.71, 44.46, -17.72, -77.32, 17.87, 59.36, 36.57, tool_torque, -0.961, -0.129, 0.294, joint_torque, 0.86, -8.48, -0.04, 5.76, 1.07, -0.96, 0.29, robot_mode, normal, 
30/11/2022 14:45:45:723, robot_pos, 1669819314350, 621.83, 7.78, 301.9, 2.33, -0.02, 3.09, circuit_pos, 621.4, -3.17, 299.31, 2.33, -0.02, 3.09, tool_force, -0.37, 3.43, -12.01, actual_rep, 1, curr_step, 11, track_size, 72, robot_vel, 37.24, joints_pos, 11.18, 44.47, -17.72, -77.33, 17.89, 59.37, 35.96, tool_torque, -1.038, -0.083, 0.283, joint_torque, 0.42, -8.43, -0.3, 5.68, 1.06, -0.98, 0.29, robot_mode, normal, 
30/11/2022 14:45:45:860, robot_pos, 1669819314496, 621.81, 2.15, 301.81, 2.33, -0.02, 3.09, circuit_pos, 621.41, -16.2, 299.67, 2.34, -0.02, 3.09, tool_force, -0.58, 3.16, -11.83, actual_rep, 1, curr_step, 10, track_size, 72, robot_vel, 39.37, joints_pos, 10.64, 44.47, -17.72, -77.33, 17.9, 59.39, 35.41, tool_torque, -1.082, -0.136, 0.297, joint_torque, 0.44, -8.41, -0.24, 5.67, 1.07, -1.02, 0.31, robot_mode, normal, 
30/11/2022 14:45:46:006, robot_pos, 1669819314647, 621.79, -3.76, 301.83, 2.33, -0.02, 3.09, circuit_pos, 621.41, -16.2, 299.67, 2.34, -0.02, 3.09, tool_force, 0.58, 3.41, -11.89, actual_rep, 1, curr_step, 10, track_size, 72, robot_vel, 47.58, joints_pos, 10.11, 44.48, -17.72, -77.32, 17.92, 59.42, 34.7, tool_torque, -1.106, -0.262, 0.273, joint_torque, 0.8, -8.56, -0.07, 5.65, 1.09, -1.05, 0.28, robot_mode, normal, 
30/11/2022 14:45:46:158, robot_pos, 1669819314793, 621.74, -9.41, 301.93, 2.33, -0.02, 3.09, circuit_pos, 621.41, -16.2, 299.67, 2.34, -0.02, 3.09, tool_force, -0.07, 2.91, -11.7, actual_rep, 1, curr_step, 10, track_size, 72, robot_vel, 39.81, joints_pos, 9.57, 44.48, -17.72, -77.3, 17.93, 59.46, 33.98, tool_torque, -1.157, -0.251, 0.287, joint_torque, 0.38, -8.41, -0.27, 5.56, 1.09, -1.07, 0.3, robot_mode, normal, 
30/11/2022 14:45:46:346, robot_pos, 1669819314942, 621.7, -15.33, 302.12, 2.34, -0.02, 3.09, circuit_pos, 621.3, -26.89, 300.2, 2.34, -0.02, 3.09, tool_force, -0.25, 2.42, -11.76, actual_rep, 1, curr_step, 9, track_size, 72, robot_vel, 38.49, joints_pos, 9.03, 44.48, -17.71, -77.27, 17.93, 59.53, 33.32, tool_torque, -1.167, -0.305, 0.274, joint_torque, 0.64, -8.44, -0.17, 5.53, 1.11, -1.06, 0.26, robot_mode, normal, 
30/11/2022 14:45:46:458, robot_pos, 1669819315090, 621.62, -21.09, 302.3, 2.34, -0.02, 3.09, circuit_pos, 621.3, -26.89, 300.2, 2.34, -0.02, 3.09, tool_force, 0.28, 2.68, -11.69, actual_rep, 1, curr_step, 9, track_size, 72, robot_vel, 35.25, joints_pos, 8.49, 44.49, -17.72, -77.22, 17.94, 59.59, 32.73, tool_torque, -1.174, -0.333, 0.266, joint_torque, 0.76, -8.4, -0.07, 5.48, 1.12, -1.06, 0.26, robot_mode, normal, 
30/11/2022 14:45:46:642, robot_pos, 1669819315239, 621.53, -26.87, 302.53, 2.34, -0.02, 3.09, circuit_pos, 621.1, -36.42, 300.61, 2.35, -0.02, 3.09, tool_force, 0.5, 2.57, -11.72, actual_rep, 1, curr_step, 8, track_size, 72, robot_vel, 38.79, joints_pos, 7.95, 44.49, -17.72, -77.17, 17.95, 59.68, 31.99, tool_torque, -1.242, -0.318, 0.26, joint_torque, 0.36, -8.44, -0.32, 5.39, 1.1, -1.07, 0.27, robot_mode, normal, 
30/11/2022 14:45:46:760, robot_pos, 1669819315387, 621.44, -32.61, 302.76, 2.35, -0.02, 3.09, circuit_pos, 620.58, -46.71, 300.66, 2.36, -0.01, 3.09, tool_force, 0.58, 2.5, -11.8, actual_rep, 1, curr_step, 7, track_size, 72, robot_vel, 38.56, joints_pos, 7.41, 44.51, -17.72, -77.11, 17.95, 59.75, 31.2, tool_torque, -1.209, -0.374, 0.252, joint_torque, 0.78, -8.5, -0.04, 5.44, 1.14, -1.04, 0.25, robot_mode, normal, 
30/11/2022 14:45:46:946, robot_pos, 1669819315537, 621.3, -38.51, 302.87, 2.35, -0.02, 3.09, circuit_pos, 620.58, -46.71, 300.66, 2.36, -0.01, 3.09, tool_force, 0.02, 2.57, -12.03, actual_rep, 1, curr_step, 7, track_size, 72, robot_vel, 38.41, joints_pos, 6.91, 44.51, -17.77, -77.1, 17.89, 59.68, 30.39, tool_torque, -1.166, -0.127, 0.239, joint_torque, 0.59, -8.44, -0.06, 5.4, 1.17, -0.87, 0.25, robot_mode, normal, 
30/11/2022 14:45:47:062, robot_pos, 1669819315686, 621.08, -44.09, 302.93, 2.36, -0.01, 3.09, circuit_pos, 620.04, -56.04, 300.07, 2.37, -0.01, 3.09, tool_force, 0.15, 3.22, -12.11, actual_rep, 1, curr_step, 6, track_size, 72, robot_vel, 37.09, joints_pos, 6.43, 44.51, -17.79, -77.1, 17.79, 59.59, 29.64, tool_torque, -1.061, -0.091, 0.278, joint_torque, 0.8, -8.46, 0.02, 5.42, 1.21, -0.78, 0.27, robot_mode, normal, 
30/11/2022 14:45:47:207, robot_pos, 1669819315832, 620.69, -49.94, 302.75, 2.36, -0.01, 3.09, circuit_pos, 620.04, -56.04, 300.07, 2.37, -0.01, 3.09, tool_force, -0.61, 2.51, -12.02, actual_rep, 1, curr_step, 6, track_size, 72, robot_vel, 40.36, joints_pos, 5.9, 44.52, -17.78, -77.1, 17.79, 59.55, 28.75, tool_torque, -1.125, -0.01, 0.246, joint_torque, 0.45, -8.32, -0.12, 5.38, 1.22, -0.76, 0.23, robot_mode, normal, 
30/11/2022 14:45:47:361, robot_pos, 1669819315983, 620.3, -55.72, 302.27, 2.37, -0.01, 3.09, circuit_pos, 619.15, -64.3, 298.91, 2.37, -0.01, 3.09, tool_force, 0.27, 3.06, -12.24, actual_rep, 1, curr_step, 5, track_size, 72, robot_vel, 39.08, joints_pos, 5.36, 44.57, -17.78, -77.09, 17.78, 59.52, 28.02, tool_torque, -1.049, -0.118, 0.239, joint_torque, 1.04, -8.54, 0.07, 5.43, 1.23, -0.74, 0.22, robot_mode, normal, 
30/11/2022 14:45:47:507, robot_pos, 1669819316129, 619.81, -61.52, 301.7, 2.37, -0.01, 3.09, circuit_pos, 617.78, -71.85, 297.69, 2.37, -0.01, 3.09, tool_force, 0.1, 2.79, -12.15, actual_rep, 1, curr_step, 4, track_size, 72, robot_vel, 39.91, joints_pos, 4.81, 44.63, -17.78, -77.09, 17.79, 59.49, 27.39, tool_torque, -1.13, -0.059, 0.223, joint_torque, 0.45, -8.46, -0.18, 5.35, 1.2, -0.74, 0.22, robot_mode, normal, 
30/11/2022 14:45:47:663, robot_pos, 1669819316280, 619.02, -67.27, 300.88, 2.37, -0.01, 3.09, circuit_pos, 617.78, -71.85, 297.69, 2.37, -0.01, 3.09, tool_force, -0.58, 2.96, -12.12, actual_rep, 1, curr_step, 4, track_size, 72, robot_vel, 40.36, joints_pos, 4.29, 44.67, -17.77, -77.14, 17.84, 59.42, 26.78, tool_torque, -1.008, -0.044, 0.236, joint_torque, 0.75, -8.4, 0.04, 5.48, 1.21, -0.7, 0.19, robot_mode, normal, 
30/11/2022 14:45:47:808, robot_pos, 1669819316428, 618.11, -73.12, 300.05, 2.37, -0.01, 3.09, circuit_pos, 616.23, -78.75, 296.86, 2.37, 0.0, 3.09, tool_force, -0.88, 3.0, -12.35, actual_rep, 1, curr_step, 3, track_size, 72, robot_vel, 40.76, joints_pos, 3.8, 44.68, -17.82, -77.29, 17.83, 59.13, 26.19, tool_torque, -1.049, 0.056, 0.214, joint_torque, 0.6, -8.21, -0.02, 5.38, 1.21, -0.67, 0.2, robot_mode, normal, 
30/11/2022 14:45:47:962, robot_pos, 1669819316578, 616.9, -78.8, 299.67, 2.37, 0.0, 3.09, circuit_pos, 615.03, -85.14, 296.67, 2.36, 0.0, 3.09, tool_force, -0.89, 3.26, -12.13, actual_rep, 1, curr_step, 2, track_size, 72, robot_vel, 37.44, joints_pos, 3.38, 44.6, -17.9, -77.5, 17.76, 58.83, 25.87, tool_torque, -1.053, 0.095, 0.211, joint_torque, 0.65, -8.38, -0.02, 5.49, 1.24, -0.65, 0.2, robot_mode, normal, 
30/11/2022 14:45:48:111, robot_pos, 1669819316726, 615.82, -84.77, 299.47, 2.36, 0.0, 3.09, circuit_pos, 614.3, -90.51, 297.41, 2.34, 0.0, 3.1, tool_force, -1.12, 2.98, -12.15, actual_rep, 1, curr_step, 1, track_size, 72, robot_vel, 39.09, joints_pos, 2.89, 44.58, -17.97, -77.59, 17.68, 58.73, 25.88, tool_torque, -1.197, 0.025, 0.087, joint_torque, 0.68, -8.53, -0.02, 5.63, 1.26, -0.78, 0.03, robot_mode, normal, 
30/11/2022 14:45:48:262, robot_pos, 1669819316877, 614.75, -90.15, 299.73, 2.34, 0.0, 3.09, circuit_pos, 613.86, -94.17, 298.82, 2.34, 0.01, 3.1, tool_force, -0.23, 2.8, -11.56, actual_rep, 1, curr_step, 0, track_size, 72, robot_vel, 42.44, joints_pos, 2.53, 44.58, -18.06, -77.56, 17.28, 58.88, 26.53, tool_torque, -1.363, -0.099, -0.121, joint_torque, 1.23, -8.11, 0.41, 5.44, 1.29, -0.89, -0.18, robot_mode, normal, 
30/11/2022 14:45:48:409, robot_pos, 1669819317023, 614.7, -90.33, 299.81, 2.34, 0.0, 3.1, circuit_pos, 613.86, -94.17, 298.82, 2.34, 0.01, 3.1, tool_force, -0.83, 3.11, -11.32, actual_rep, 1, curr_step, 0, track_size, 72, robot_vel, 1.85, joints_pos, 2.44, 44.56, -17.92, -77.55, 17.1, 58.89, 26.71, tool_torque, -1.106, -0.118, -0.025, joint_torque, 1.07, -8.01, -0.07, 5.47, 1.26, -0.85, -0.16, robot_mode, normal, 
30/11/2022 14:45:48:562, robot_pos, 1669819317174, 614.66, -90.37, 299.83, 2.34, 0.0, 3.1, circuit_pos, 613.86, -94.17, 298.82, 2.34, 0.01, 3.1, tool_force, -1.36, 2.6, -11.66, actual_rep, 1, curr_step, 0, track_size, 72, robot_vel, 1.83, joints_pos, 2.43, 44.56, -17.92, -77.55, 17.09, 58.89, 26.72, tool_torque, -1.138, -0.037, -0.0040, joint_torque, 0.65, -7.8, -0.28, 5.39, 1.21, -0.83, -0.12, robot_mode, normal, 
