06/12/2022 16:28:09:672, robot_pos, 1670343855532, 614.23, -93.56, 301.12, 2.34, 0.01, 3.1, circuit_pos, 615.03, -85.14, 296.67, 2.36, 0.0, 3.09, tool_force, -0.65, 3.75, -11.89, actual_rep, 1, curr_step, 2, track_size, 72, robot_vel, 2.34, joints_pos, 2.4, 44.4, -18.18, -77.69, 16.88, 58.58, 26.52, tool_torque, -1.07, -0.318, 0.121, joint_torque, 1.44, -9.37, 0.03, 5.96, 1.25, -0.88, 0.03, robot_mode, normal, 
06/12/2022 16:28:09:991, robot_pos, 1670343855829, 616.03, -82.68, 299.68, 2.36, 0.0, 3.09, circuit_pos, 617.78, -71.85, 297.69, 2.37, -0.01, 3.09, tool_force, -2.78, 3.01, -12.93, actual_rep, 1, curr_step, 4, track_size, 72, robot_vel, 28.12, joints_pos, 2.94, 44.5, -17.69, -77.64, 17.5, 58.61, 25.8, tool_torque, -1.149, 0.186, 0.159, joint_torque, 0.14, -9.24, -0.36, 6.14, 1.25, -0.74, 0.14, robot_mode, normal, 
06/12/2022 16:28:10:172, robot_pos, 1670343855982, 616.95, -76.62, 300.08, 2.37, 0.0, 3.09, circuit_pos, 617.78, -71.85, 297.69, 2.37, -0.01, 3.09, tool_force, -1.0, 1.54, -13.71, actual_rep, 1, curr_step, 4, track_size, 72, robot_vel, 45.37, joints_pos, 3.47, 44.52, -17.72, -77.53, 17.71, 58.87, 26.02, tool_torque, -1.552, -0.051, -0.112, joint_torque, -0.17, -9.37, -0.48, 5.89, 1.18, -0.96, -0.11, robot_mode, normal, 
06/12/2022 16:28:10:273, robot_pos, 1670343856128, 618.18, -71.05, 300.55, 2.37, -0.01, 3.08, circuit_pos, 619.15, -64.3, 298.91, 2.37, -0.01, 3.09, tool_force, -1.62, 1.11, -13.08, actual_rep, 1, curr_step, 5, track_size, 72, robot_vel, 39.21, joints_pos, 3.98, 44.6, -17.76, -77.33, 17.85, 59.14, 26.39, tool_torque, -1.683, 0.016, -0.198, joint_torque, -0.19, -9.43, -0.32, 5.94, 1.2, -0.97, -0.17, robot_mode, normal, 
06/12/2022 16:28:10:470, robot_pos, 1670343856284, 619.12, -65.03, 301.28, 2.37, -0.01, 3.08, circuit_pos, 620.04, -56.04, 300.07, 2.37, -0.01, 3.09, tool_force, -1.09, 1.71, -13.08, actual_rep, 1, curr_step, 6, track_size, 72, robot_vel, 39.03, joints_pos, 4.54, 44.59, -17.78, -77.22, 17.88, 59.3, 26.92, tool_torque, -1.63, -0.041, -0.221, joint_torque, 0.2, -9.51, -0.16, 6.06, 1.21, -1.0, -0.2, robot_mode, normal, 
06/12/2022 16:28:10:732, robot_pos, 1670343856575, 620.31, -53.68, 302.52, 2.37, -0.01, 3.08, circuit_pos, 620.58, -46.71, 300.66, 2.36, -0.01, 3.09, tool_force, -1.61, 1.78, -12.97, actual_rep, 1, curr_step, 7, track_size, 72, robot_vel, 39.44, joints_pos, 5.59, 44.5, -17.82, -77.18, 17.89, 59.4, 28.18, tool_torque, -1.656, 0.107, -0.271, joint_torque, -0.12, -9.23, -0.27, 6.03, 1.19, -1.0, -0.24, robot_mode, normal, 
06/12/2022 16:28:10:892, robot_pos, 1670343856723, 620.62, -47.86, 302.83, 2.36, -0.01, 3.08, circuit_pos, 621.1, -36.42, 300.61, 2.35, -0.02, 3.09, tool_force, -1.69, 1.81, -12.79, actual_rep, 1, curr_step, 8, track_size, 72, robot_vel, 37.68, joints_pos, 6.13, 44.48, -17.83, -77.18, 17.9, 59.49, 29.0, tool_torque, -1.635, 0.041, -0.256, joint_torque, 0.19, -9.24, -0.11, 6.11, 1.21, -1.05, -0.24, robot_mode, normal, 
06/12/2022 16:28:11:030, robot_pos, 1670343856872, 620.97, -42.15, 303.02, 2.36, -0.02, 3.08, circuit_pos, 621.1, -36.42, 300.61, 2.35, -0.02, 3.09, tool_force, -1.59, 1.75, -12.74, actual_rep, 1, curr_step, 8, track_size, 72, robot_vel, 39.88, joints_pos, 6.61, 44.48, -17.81, -77.13, 18.02, 59.66, 29.74, tool_torque, -1.65, 0.033, -0.242, joint_torque, -0.08, -9.31, -0.34, 6.06, 1.17, -1.07, -0.23, robot_mode, normal, 
06/12/2022 16:28:11:190, robot_pos, 1670343857019, 621.32, -36.32, 302.96, 2.35, -0.02, 3.08, circuit_pos, 621.3, -26.89, 300.2, 2.34, -0.02, 3.09, tool_force, -1.87, 1.52, -13.03, actual_rep, 1, curr_step, 9, track_size, 72, robot_vel, 39.68, joints_pos, 7.14, 44.5, -17.81, -77.11, 18.08, 59.74, 30.57, tool_torque, -1.625, 0.094, -0.241, joint_torque, -0.06, -9.28, -0.34, 6.09, 1.18, -1.03, -0.23, robot_mode, normal, 
06/12/2022 16:28:11:333, robot_pos, 1670343857168, 621.56, -30.6, 302.87, 2.34, -0.02, 3.08, circuit_pos, 621.41, -16.2, 299.67, 2.34, -0.02, 3.09, tool_force, -1.4, 2.24, -12.94, actual_rep, 1, curr_step, 10, track_size, 72, robot_vel, 38.25, joints_pos, 7.66, 44.5, -17.82, -77.12, 18.11, 59.74, 31.42, tool_torque, -1.554, 0.083, -0.236, joint_torque, 0.11, -9.33, -0.21, 6.17, 1.17, -1.04, -0.22, robot_mode, normal, 
06/12/2022 16:28:11:510, robot_pos, 1670343857318, 621.72, -24.77, 302.71, 2.34, -0.02, 3.09, circuit_pos, 621.41, -16.2, 299.67, 2.34, -0.02, 3.09, tool_force, -1.87, 2.21, -13.28, actual_rep, 1, curr_step, 10, track_size, 72, robot_vel, 38.11, joints_pos, 8.21, 44.51, -17.82, -77.15, 18.12, 59.72, 32.02, tool_torque, -1.528, 0.226, -0.242, joint_torque, -0.17, -9.37, -0.4, 6.17, 1.15, -0.94, -0.22, robot_mode, normal, 
06/12/2022 16:28:11:632, robot_pos, 1670343857466, 621.84, -18.98, 302.51, 2.34, -0.02, 3.09, circuit_pos, 621.4, -3.17, 299.31, 2.33, -0.02, 3.09, tool_force, -2.54, 2.18, -13.25, actual_rep, 1, curr_step, 11, track_size, 72, robot_vel, 43.32, joints_pos, 8.73, 44.51, -17.82, -77.17, 18.13, 59.69, 32.68, tool_torque, -1.425, 0.309, -0.216, joint_torque, -0.07, -9.24, -0.33, 6.24, 1.15, -0.91, -0.2, robot_mode, normal, 
06/12/2022 16:28:11:789, robot_pos, 1670343857615, 621.94, -13.16, 302.35, 2.34, -0.02, 3.09, circuit_pos, 621.4, -3.17, 299.31, 2.33, -0.02, 3.09, tool_force, -1.99, 2.74, -13.44, actual_rep, 1, curr_step, 11, track_size, 72, robot_vel, 37.92, joints_pos, 9.28, 44.51, -17.83, -77.2, 18.13, 59.65, 33.41, tool_torque, -1.36, 0.346, -0.228, joint_torque, 0.06, -9.34, -0.3, 6.28, 1.14, -0.87, -0.21, robot_mode, normal, 
06/12/2022 16:28:11:950, robot_pos, 1670343857764, 622.01, -7.37, 302.19, 2.33, -0.02, 3.09, circuit_pos, 621.31, 7.17, 299.27, 2.33, -0.02, 3.09, tool_force, -2.47, 2.48, -13.48, actual_rep, 1, curr_step, 12, track_size, 72, robot_vel, 45.82, joints_pos, 9.85, 44.51, -17.83, -77.23, 18.13, 59.58, 34.16, tool_torque, -1.416, 0.453, -0.247, joint_torque, -0.27, -9.3, -0.41, 6.26, 1.13, -0.86, -0.22, robot_mode, normal, 
06/12/2022 16:28:12:091, robot_pos, 1670343857912, 622.01, -1.61, 302.11, 2.33, -0.02, 3.09, circuit_pos, 621.31, 7.17, 299.27, 2.33, -0.02, 3.09, tool_force, -2.39, 2.72, -13.41, actual_rep, 1, curr_step, 12, track_size, 72, robot_vel, 44.08, joints_pos, 10.36, 44.51, -17.83, -77.25, 18.13, 59.55, 34.75, tool_torque, -1.383, 0.428, -0.219, joint_torque, -0.13, -9.32, -0.34, 6.33, 1.13, -0.89, -0.19, robot_mode, normal, 
06/12/2022 16:28:12:231, robot_pos, 1670343858060, 622.0, 4.12, 302.05, 2.33, -0.02, 3.09, circuit_pos, 621.22, 18.66, 299.53, 2.33, -0.02, 3.09, tool_force, -2.19, 2.93, -13.35, actual_rep, 1, curr_step, 13, track_size, 72, robot_vel, 39.35, joints_pos, 10.9, 44.5, -17.83, -77.27, 18.13, 59.49, 35.33, tool_torque, -1.342, 0.404, -0.233, joint_torque, 0.01, -9.26, -0.27, 6.32, 1.13, -0.89, -0.21, robot_mode, normal, 
06/12/2022 16:28:12:393, robot_pos, 1670343858210, 621.93, 9.98, 302.12, 2.33, -0.02, 3.09, circuit_pos, 621.22, 18.66, 299.53, 2.33, -0.02, 3.09, tool_force, -2.34, 2.74, -13.46, actual_rep, 1, curr_step, 13, track_size, 72, robot_vel, 40.81, joints_pos, 11.44, 44.49, -17.83, -77.28, 18.11, 59.47, 35.9, tool_torque, -1.399, 0.44, -0.206, joint_torque, -0.17, -9.36, -0.39, 6.36, 1.14, -0.92, -0.19, robot_mode, normal, 
06/12/2022 16:28:12:553, robot_pos, 1670343858360, 621.9, 15.75, 302.22, 2.33, -0.02, 3.09, circuit_pos, 621.3, 29.46, 300.25, 2.32, -0.02, 3.09, tool_force, -2.14, 2.98, -13.29, actual_rep, 1, curr_step, 14, track_size, 72, robot_vel, 39.04, joints_pos, 11.98, 44.48, -17.83, -77.27, 18.1, 59.44, 36.53, tool_torque, -1.367, 0.402, -0.213, joint_torque, -0.03, -9.26, -0.35, 6.32, 1.14, -0.93, -0.2, robot_mode, normal, 
06/12/2022 16:28:12:693, robot_pos, 1670343858508, 621.86, 21.56, 302.52, 2.33, -0.02, 3.09, circuit_pos, 621.3, 29.46, 300.25, 2.32, -0.02, 3.09, tool_force, -2.3, 2.57, -13.36, actual_rep, 1, curr_step, 14, track_size, 72, robot_vel, 44.25, joints_pos, 12.51, 44.46, -17.84, -77.26, 18.07, 59.42, 37.27, tool_torque, -1.438, 0.454, -0.211, joint_torque, -0.23, -9.33, -0.4, 6.31, 1.14, -0.95, -0.18, robot_mode, normal, 
06/12/2022 16:28:12:851, robot_pos, 1670343858657, 621.92, 27.37, 302.85, 2.32, -0.02, 3.09, circuit_pos, 621.5, 39.55, 301.39, 2.31, -0.02, 3.09, tool_force, -1.6, 2.83, -13.29, actual_rep, 1, curr_step, 15, track_size, 72, robot_vel, 41.41, joints_pos, 13.05, 44.46, -17.84, -77.2, 18.06, 59.42, 38.1, tool_torque, -1.416, 0.345, -0.194, joint_torque, 0.11, -9.38, -0.33, 6.28, 1.15, -0.99, -0.18, robot_mode, normal, 
06/12/2022 16:28:12:993, robot_pos, 1670343858804, 621.93, 33.1, 303.35, 2.32, -0.02, 3.08, circuit_pos, 621.5, 39.55, 301.39, 2.31, -0.02, 3.09, tool_force, -1.51, 2.6, -13.27, actual_rep, 1, curr_step, 15, track_size, 72, robot_vel, 43.99, joints_pos, 13.58, 44.45, -17.84, -77.15, 18.02, 59.43, 38.96, tool_torque, -1.469, 0.327, -0.189, joint_torque, -0.01, -9.35, -0.34, 6.24, 1.15, -1.03, -0.17, robot_mode, normal, 
06/12/2022 16:28:13:133, robot_pos, 1670343858955, 622.02, 38.91, 303.98, 2.31, -0.02, 3.08, circuit_pos, 621.68, 48.29, 302.56, 2.3, -0.02, 3.09, tool_force, -2.11, 2.1, -12.94, actual_rep, 1, curr_step, 16, track_size, 72, robot_vel, 40.85, joints_pos, 14.11, 44.44, -17.84, -77.06, 17.99, 59.46, 39.86, tool_torque, -1.544, 0.307, -0.154, joint_torque, -0.32, -9.32, -0.45, 6.24, 1.14, -1.13, -0.13, robot_mode, normal, 
06/12/2022 16:28:13:451, robot_pos, 1670343859254, 622.21, 50.5, 305.43, 2.3, -0.02, 3.09, circuit_pos, 621.78, 57.42, 303.83, 2.3, -0.01, 3.09, tool_force, -1.87, 2.7, -13.06, actual_rep, 1, curr_step, 17, track_size, 72, robot_vel, 39.84, joints_pos, 15.21, 44.4, -17.85, -76.88, 17.71, 59.42, 41.57, tool_torque, -1.463, 0.424, -0.15, joint_torque, -0.54, -9.4, -0.64, 6.28, 1.1, -1.07, -0.11, robot_mode, normal, 
06/12/2022 16:28:13:591, robot_pos, 1670343859401, 622.22, 56.31, 306.18, 2.3, -0.01, 3.09, circuit_pos, 621.7, 64.77, 304.79, 2.29, -0.01, 3.09, tool_force, -1.75, 2.7, -13.08, actual_rep, 1, curr_step, 18, track_size, 72, robot_vel, 39.32, joints_pos, 15.77, 44.37, -17.86, -76.8, 17.55, 59.37, 42.45, tool_torque, -1.409, 0.368, -0.135, joint_torque, 0.01, -9.37, -0.36, 6.33, 1.12, -1.08, -0.12, robot_mode, normal, 
06/12/2022 16:28:13:752, robot_pos, 1670343859551, 622.25, 62.06, 306.94, 2.29, -0.01, 3.09, circuit_pos, 621.58, 73.04, 305.87, 2.28, -0.01, 3.09, tool_force, -1.19, 2.85, -13.35, actual_rep, 1, curr_step, 19, track_size, 72, robot_vel, 40.84, joints_pos, 16.3, 44.36, -17.87, -76.7, 17.44, 59.37, 43.4, tool_torque, -1.436, 0.363, -0.146, joint_torque, -0.15, -9.49, -0.45, 6.33, 1.1, -1.1, -0.11, robot_mode, normal, 
06/12/2022 16:28:13:890, robot_pos, 1670343859699, 622.18, 67.84, 307.69, 2.29, -0.01, 3.08, circuit_pos, 621.28, 81.29, 306.83, 2.28, -0.01, 3.09, tool_force, -1.66, 2.49, -13.14, actual_rep, 1, curr_step, 20, track_size, 72, robot_vel, 38.52, joints_pos, 16.84, 44.35, -17.87, -76.58, 17.35, 59.41, 44.38, tool_torque, -1.521, 0.303, -0.14, joint_torque, -0.13, -9.46, -0.49, 6.34, 1.08, -1.22, -0.12, robot_mode, normal, 
06/12/2022 16:28:14:054, robot_pos, 1670343859848, 622.03, 73.65, 308.36, 2.28, -0.01, 3.08, circuit_pos, 621.28, 81.29, 306.83, 2.28, -0.01, 3.09, tool_force, -1.54, 2.45, -12.99, actual_rep, 1, curr_step, 20, track_size, 72, robot_vel, 44.82, joints_pos, 17.36, 44.35, -17.87, -76.48, 17.29, 59.45, 45.14, tool_torque, -1.59, 0.261, -0.133, joint_torque, -0.26, -9.47, -0.54, 6.37, 1.07, -1.3, -0.11, robot_mode, normal, 
06/12/2022 16:28:14:191, robot_pos, 1670343859998, 621.79, 79.41, 309.04, 2.28, -0.01, 3.08, circuit_pos, 620.78, 89.35, 307.67, 2.27, -0.01, 3.09, tool_force, -1.18, 2.58, -12.86, actual_rep, 1, curr_step, 21, track_size, 72, robot_vel, 49.44, joints_pos, 17.89, 44.35, -17.87, -76.36, 17.23, 59.51, 45.93, tool_torque, -1.587, 0.187, -0.126, joint_torque, 0.03, -9.49, -0.45, 6.39, 1.07, -1.34, -0.11, robot_mode, normal, 
06/12/2022 16:28:14:350, robot_pos, 1670343860148, 621.51, 85.16, 309.67, 2.27, -0.01, 3.08, circuit_pos, 620.25, 96.98, 308.51, 2.27, -0.02, 3.08, tool_force, -1.75, 2.36, -12.77, actual_rep, 1, curr_step, 22, track_size, 72, robot_vel, 37.74, joints_pos, 18.4, 44.35, -17.86, -76.25, 17.18, 59.56, 46.79, tool_torque, -1.608, 0.242, -0.13, joint_torque, -0.14, -9.47, -0.53, 6.39, 1.05, -1.37, -0.1, robot_mode, normal, 
06/12/2022 16:28:14:492, robot_pos, 1670343860297, 621.19, 91.13, 310.34, 2.27, -0.01, 3.08, circuit_pos, 620.25, 96.98, 308.51, 2.27, -0.02, 3.08, tool_force, -1.2, 2.73, -12.92, actual_rep, 1, curr_step, 22, track_size, 72, robot_vel, 48.16, joints_pos, 18.81, 44.33, -17.76, -76.16, 17.44, 59.61, 47.27, tool_torque, -1.441, 0.027, -0.084, joint_torque, -0.1, -9.5, -0.77, 6.43, 0.94, -1.39, -0.09, robot_mode, normal, 
06/12/2022 16:28:14:650, robot_pos, 1670343860447, 620.82, 96.73, 310.95, 2.27, -0.02, 3.08, circuit_pos, 619.96, 103.53, 309.26, 2.26, -0.02, 3.08, tool_force, -1.36, 2.57, -12.81, actual_rep, 1, curr_step, 23, track_size, 72, robot_vel, 37.67, joints_pos, 19.27, 44.32, -17.76, -76.09, 17.71, 59.63, 47.9, tool_torque, -1.502, 0.117, -0.115, joint_torque, -0.21, -9.48, -0.76, 6.42, 0.95, -1.41, -0.11, robot_mode, normal, 
06/12/2022 16:28:14:797, robot_pos, 1670343860595, 620.54, 102.53, 311.71, 2.26, -0.02, 3.08, circuit_pos, 619.88, 109.67, 310.15, 2.26, -0.02, 3.08, tool_force, -0.75, 2.76, -12.88, actual_rep, 1, curr_step, 24, track_size, 72, robot_vel, 48.63, joints_pos, 19.79, 44.33, -17.79, -75.95, 17.78, 59.69, 48.64, tool_torque, -1.526, 0.039, -0.155, joint_torque, 0.18, -9.57, -0.53, 6.49, 0.94, -1.44, -0.15, robot_mode, normal, 
06/12/2022 16:28:14:952, robot_pos, 1670343860743, 620.45, 108.41, 312.5, 2.26, -0.02, 3.07, circuit_pos, 619.73, 115.25, 310.98, 2.26, -0.02, 3.07, tool_force, -1.26, 2.72, -12.9, actual_rep, 1, curr_step, 25, track_size, 72, robot_vel, 40.41, joints_pos, 20.28, 44.36, -17.8, -75.76, 17.88, 59.75, 49.25, tool_torque, -1.488, 0.137, -0.165, joint_torque, -0.03, -9.52, -0.59, 6.49, 0.92, -1.4, -0.14, robot_mode, normal, 
06/12/2022 16:28:15:091, robot_pos, 1670343860893, 620.37, 114.1, 313.3, 2.26, -0.02, 3.07, circuit_pos, 619.61, 120.68, 311.81, 2.26, -0.02, 3.07, tool_force, -1.61, 3.01, -13.1, actual_rep, 1, curr_step, 26, track_size, 72, robot_vel, 38.25, joints_pos, 20.76, 44.35, -17.8, -75.65, 18.1, 59.65, 49.66, tool_torque, -1.334, 0.303, -0.172, joint_torque, -0.07, -9.57, -0.57, 6.5, 0.92, -1.24, -0.15, robot_mode, normal, 
06/12/2022 16:28:15:252, robot_pos, 1670343861042, 620.1, 119.86, 314.15, 2.26, -0.02, 3.07, circuit_pos, 619.45, 126.37, 312.42, 2.25, -0.02, 3.07, tool_force, -1.34, 3.08, -13.06, actual_rep, 1, curr_step, 27, track_size, 72, robot_vel, 43.97, joints_pos, 21.26, 44.36, -17.81, -75.51, 18.1, 59.65, 50.42, tool_torque, -1.356, 0.284, -0.171, joint_torque, -0.11, -9.55, -0.61, 6.5, 0.92, -1.28, -0.15, robot_mode, normal, 
06/12/2022 16:28:15:393, robot_pos, 1670343861190, 619.94, 125.59, 314.73, 2.25, -0.02, 3.07, circuit_pos, 619.15, 132.12, 312.83, 2.25, -0.02, 3.07, tool_force, -1.49, 2.7, -13.17, actual_rep, 1, curr_step, 28, track_size, 72, robot_vel, 38.24, joints_pos, 21.77, 44.41, -17.82, -75.31, 18.1, 59.68, 51.18, tool_torque, -1.479, 0.232, -0.178, joint_torque, -0.16, -9.75, -0.61, 6.58, 0.91, -1.38, -0.15, robot_mode, normal, 
06/12/2022 16:28:15:553, robot_pos, 1670343861339, 619.7, 131.46, 315.18, 2.25, -0.02, 3.07, circuit_pos, 618.9, 137.78, 313.01, 2.25, -0.02, 3.07, tool_force, -1.02, 2.66, -13.16, actual_rep, 1, curr_step, 29, track_size, 72, robot_vel, 38.55, joints_pos, 22.27, 44.49, -17.82, -75.1, 18.1, 59.75, 51.86, tool_torque, -1.581, 0.174, -0.17, joint_torque, -0.22, -9.85, -0.7, 6.51, 0.89, -1.48, -0.13, robot_mode, normal, 
06/12/2022 16:28:15:710, robot_pos, 1670343861488, 619.4, 137.22, 315.46, 2.25, -0.02, 3.06, circuit_pos, 618.68, 143.43, 313.21, 2.25, -0.02, 3.07, tool_force, -1.12, 2.49, -12.98, actual_rep, 1, curr_step, 30, track_size, 72, robot_vel, 39.28, joints_pos, 22.76, 44.58, -17.82, -74.91, 18.07, 59.81, 52.44, tool_torque, -1.628, 0.171, -0.15, joint_torque, -0.23, -9.71, -0.66, 6.57, 0.93, -1.54, -0.12, robot_mode, normal, 
06/12/2022 16:28:15:851, robot_pos, 1670343861638, 619.39, 143.05, 315.79, 2.25, -0.02, 3.06, circuit_pos, 618.69, 148.48, 313.26, 2.24, -0.02, 3.06, tool_force, -1.29, 2.93, -13.31, actual_rep, 1, curr_step, 31, track_size, 72, robot_vel, 40.23, joints_pos, 23.25, 44.68, -17.79, -74.66, 18.08, 59.76, 53.23, tool_torque, -1.445, 0.254, -0.136, joint_torque, -0.27, -9.75, -0.78, 6.53, 0.89, -1.36, -0.12, robot_mode, normal, 
06/12/2022 16:28:15:993, robot_pos, 1670343861787, 619.22, 148.77, 315.75, 2.24, -0.02, 3.06, circuit_pos, 618.26, 162.37, 312.13, 2.22, -0.01, 3.06, tool_force, -1.36, 3.17, -13.43, actual_rep, 1, curr_step, 34, track_size, 72, robot_vel, 53.35, joints_pos, 23.7, 44.74, -17.79, -74.56, 18.22, 59.54, 53.93, tool_torque, -1.293, 0.214, -0.086, joint_torque, -0.04, -9.81, -0.76, 6.6, 0.87, -1.31, -0.09, robot_mode, normal, 
06/12/2022 16:28:16:152, robot_pos, 1670343861938, 618.99, 154.77, 315.32, 2.24, -0.02, 3.06, circuit_pos, 617.74, 172.36, 310.59, 2.21, -0.01, 3.06, tool_force, -1.46, 3.35, -13.22, actual_rep, 1, curr_step, 37, track_size, 72, robot_vel, 38.92, joints_pos, 24.3, 44.9, -17.87, -74.37, 18.1, 59.4, 54.99, tool_torque, -1.343, 0.388, -0.121, joint_torque, -0.09, -9.72, -0.62, 6.63, 0.92, -1.33, -0.1, robot_mode, normal, 
06/12/2022 16:28:16:311, robot_pos, 1670343862088, 618.71, 160.4, 314.61, 2.23, -0.02, 3.06, circuit_pos, 617.3, 174.03, 309.36, 2.21, -0.01, 3.07, tool_force, -0.93, 3.53, -12.93, actual_rep, 1, curr_step, 39, track_size, 72, robot_vel, 38.05, joints_pos, 24.82, 45.08, -17.9, -74.17, 17.99, 59.34, 55.99, tool_torque, -1.358, 0.396, -0.137, joint_torque, -0.14, -9.91, -0.65, 6.69, 0.9, -1.37, -0.09, robot_mode, normal, 
06/12/2022 16:28:16:452, robot_pos, 1670343862240, 618.35, 166.24, 313.39, 2.22, -0.01, 3.06, circuit_pos, 617.53, 172.87, 309.29, 2.21, -0.01, 3.07, tool_force, -1.54, 3.11, -13.06, actual_rep, 1, curr_step, 42, track_size, 72, robot_vel, 38.42, joints_pos, 25.35, 45.34, -17.89, -73.91, 17.75, 59.38, 57.14, tool_torque, -1.496, 0.387, -0.139, joint_torque, -0.35, -9.77, -0.76, 6.63, 0.89, -1.49, -0.11, robot_mode, normal, 
06/12/2022 16:28:16:609, robot_pos, 1670343862391, 618.15, 172.1, 312.48, 2.21, -0.01, 3.06, circuit_pos, 617.51, 173.25, 310.15, 2.21, -0.01, 3.07, tool_force, -1.28, 2.37, -13.59, actual_rep, 1, curr_step, 44, track_size, 72, robot_vel, 41.21, joints_pos, 25.88, 45.6, -17.9, -73.57, 17.52, 59.49, 58.3, tool_torque, -1.668, 0.293, -0.118, joint_torque, -0.51, -10.08, -0.95, 6.65, 0.86, -1.63, -0.08, robot_mode, normal, 
06/12/2022 16:28:16:753, robot_pos, 1670343862541, 618.16, 173.44, 312.87, 2.21, -0.01, 3.07, circuit_pos, 617.62, 173.49, 309.59, 2.21, -0.01, 3.07, tool_force, -1.63, 2.5, -13.61, actual_rep, 1, curr_step, 47, track_size, 72, robot_vel, 5.26, joints_pos, 26.09, 45.66, -18.08, -73.45, 17.48, 59.65, 58.56, tool_torque, -1.551, 0.312, -0.053, joint_torque, -0.61, -9.97, -0.92, 6.55, 0.78, -1.55, 0.04, robot_mode, normal, 
06/12/2022 16:28:16:911, robot_pos, 1670343862695, 618.26, 173.76, 312.09, 2.21, -0.01, 3.07, circuit_pos, 617.74, 173.47, 309.51, 2.21, -0.01, 3.07, tool_force, -1.05, 3.67, -13.19, actual_rep, 1, curr_step, 50, track_size, 72, robot_vel, 3.39, joints_pos, 26.09, 45.74, -18.07, -73.44, 17.56, 59.59, 58.51, tool_torque, -1.274, 0.18, 0.079, joint_torque, -0.19, -9.86, -0.84, 6.67, 0.78, -1.47, 0.12, robot_mode, normal, 
06/12/2022 16:28:17:069, robot_pos, 1670343862844, 618.28, 173.66, 312.17, 2.21, -0.01, 3.07, circuit_pos, 617.7, 173.69, 309.5, 2.21, -0.01, 3.07, tool_force, -0.6, 3.87, -13.11, actual_rep, 1, curr_step, 52, track_size, 72, robot_vel, 1.58, joints_pos, 26.09, 45.73, -18.08, -73.43, 17.56, 59.61, 58.52, tool_torque, -1.297, 0.097, 0.091, joint_torque, 0.06, -9.78, -0.7, 6.75, 0.79, -1.52, 0.13, robot_mode, normal, 
06/12/2022 16:28:17:213, robot_pos, 1670343862994, 618.27, 173.81, 312.18, 2.21, -0.01, 3.07, circuit_pos, 617.73, 173.58, 309.53, 2.21, -0.01, 3.07, tool_force, -0.69, 3.66, -13.18, actual_rep, 1, curr_step, 55, track_size, 72, robot_vel, 0.92, joints_pos, 26.09, 45.73, -18.06, -73.43, 17.55, 59.6, 58.53, tool_torque, -1.29, 0.11, 0.059, joint_torque, 0.0, -9.81, -0.8, 6.72, 0.79, -1.49, 0.09, robot_mode, normal, 
06/12/2022 16:28:17:370, robot_pos, 1670343863142, 618.26, 173.79, 312.22, 2.21, -0.01, 3.07, circuit_pos, 617.7, 173.64, 309.53, 2.21, -0.01, 3.07, tool_force, -0.76, 3.66, -13.19, actual_rep, 1, curr_step, 58, track_size, 72, robot_vel, 0.66, joints_pos, 26.09, 45.73, -18.06, -73.43, 17.54, 59.6, 58.53, tool_torque, -1.312, 0.117, 0.06, joint_torque, -0.04, -9.81, -0.81, 6.73, 0.8, -1.51, 0.09, robot_mode, normal, 
06/12/2022 16:28:17:510, robot_pos, 1670343863292, 618.25, 173.81, 312.21, 2.21, -0.01, 3.07, circuit_pos, 617.7, 173.64, 309.53, 2.21, -0.01, 3.07, tool_force, -0.83, 3.67, -13.2, actual_rep, 1, curr_step, 60, track_size, 72, robot_vel, 0.37, joints_pos, 26.09, 45.73, -18.06, -73.43, 17.54, 59.6, 58.53, tool_torque, -1.306, 0.136, 0.051, joint_torque, -0.07, -9.84, -0.82, 6.74, 0.8, -1.5, 0.08, robot_mode, normal, 
06/12/2022 16:28:17:652, robot_pos, 1670343863442, 618.25, 173.81, 312.22, 2.21, -0.01, 3.07, circuit_pos, 617.71, 173.64, 309.53, 2.21, -0.01, 3.07, tool_force, -0.8, 3.7, -13.2, actual_rep, 1, curr_step, 63, track_size, 72, robot_vel, 0.06, joints_pos, 26.09, 45.73, -18.06, -73.43, 17.54, 59.6, 58.53, tool_torque, -1.301, 0.131, 0.051, joint_torque, -0.05, -9.83, -0.81, 6.74, 0.79, -1.5, 0.08, robot_mode, normal, 
06/12/2022 16:28:17:809, robot_pos, 1670343863593, 618.25, 173.8, 312.22, 2.21, -0.01, 3.07, circuit_pos, 617.71, 173.63, 309.53, 2.21, -0.01, 3.07, tool_force, -0.79, 3.65, -13.22, actual_rep, 1, curr_step, 65, track_size, 72, robot_vel, 0.02, joints_pos, 26.09, 45.73, -18.06, -73.43, 17.54, 59.6, 58.53, tool_torque, -1.302, 0.131, 0.053, joint_torque, -0.04, -9.84, -0.81, 6.73, 0.8, -1.5, 0.08, robot_mode, normal, 
06/12/2022 16:28:17:974, robot_pos, 1670343863741, 618.25, 173.8, 312.22, 2.21, -0.01, 3.07, circuit_pos, 617.71, 173.63, 309.53, 2.21, -0.01, 3.07, tool_force, -0.78, 3.64, -13.24, actual_rep, 1, curr_step, 67, track_size, 72, robot_vel, 0.04, joints_pos, 26.09, 45.73, -18.06, -73.43, 17.54, 59.6, 58.53, tool_torque, -1.304, 0.124, 0.056, joint_torque, -0.04, -9.85, -0.82, 6.74, 0.8, -1.5, 0.08, robot_mode, normal, 
06/12/2022 16:28:18:112, robot_pos, 1670343863892, 618.25, 173.8, 312.22, 2.21, -0.01, 3.07, circuit_pos, 617.71, 173.63, 309.53, 2.21, -0.01, 3.07, tool_force, -0.78, 3.64, -13.24, actual_rep, 1, curr_step, 70, track_size, 72, robot_vel, 0.0, joints_pos, 26.09, 45.73, -18.06, -73.43, 17.54, 59.6, 58.53, tool_torque, -1.307, 0.128, 0.055, joint_torque, -0.04, -9.86, -0.81, 6.74, 0.8, -1.5, 0.08, robot_mode, normal, 
06/12/2022 16:28:18:252, robot_pos, 1670343864042, 618.25, 173.8, 312.22, 2.21, -0.01, 3.07, circuit_pos, 617.71, 173.63, 309.53, 2.21, -0.01, 3.07, tool_force, -0.8, 3.67, -13.22, actual_rep, 1, curr_step, 71, track_size, 72, robot_vel, 0.0, joints_pos, 26.09, 45.73, -18.06, -73.43, 17.54, 59.6, 58.53, tool_torque, -1.304, 0.129, 0.056, joint_torque, -0.04, -9.84, -0.81, 6.73, 0.8, -1.5, 0.08, robot_mode, normal, 
06/12/2022 16:28:18:414, robot_pos, 1670343864192, 618.25, 173.8, 312.22, 2.21, -0.01, 3.07, circuit_pos, 617.71, 173.63, 309.53, 2.21, -0.01, 3.07, tool_force, -0.8, 3.67, -13.2, actual_rep, 1, curr_step, 69, track_size, 72, robot_vel, 0.0, joints_pos, 26.09, 45.73, -18.06, -73.43, 17.54, 59.6, 58.53, tool_torque, -1.304, 0.131, 0.055, joint_torque, -0.04, -9.84, -0.81, 6.74, 0.8, -1.5, 0.08, robot_mode, normal, 
06/12/2022 16:28:18:573, robot_pos, 1670343864344, 618.25, 173.8, 312.22, 2.21, -0.01, 3.07, circuit_pos, 617.71, 173.63, 309.53, 2.21, -0.01, 3.07, tool_force, -0.81, 3.67, -13.22, actual_rep, 1, curr_step, 66, track_size, 72, robot_vel, 0.0, joints_pos, 26.09, 45.73, -18.06, -73.43, 17.54, 59.6, 58.53, tool_torque, -1.303, 0.131, 0.055, joint_torque, -0.05, -9.84, -0.81, 6.73, 0.8, -1.5, 0.08, robot_mode, normal, 
06/12/2022 16:28:18:714, robot_pos, 1670343864493, 618.25, 173.8, 312.22, 2.21, -0.01, 3.07, circuit_pos, 617.71, 173.64, 309.53, 2.21, -0.01, 3.07, tool_force, -0.82, 3.71, -13.18, actual_rep, 1, curr_step, 64, track_size, 72, robot_vel, 0.0, joints_pos, 26.09, 45.73, -18.06, -73.43, 17.54, 59.6, 58.53, tool_torque, -1.298, 0.128, 0.055, joint_torque, -0.05, -9.82, -0.81, 6.73, 0.8, -1.5, 0.08, robot_mode, normal, 
06/12/2022 16:28:18:872, robot_pos, 1670343864644, 618.25, 173.8, 312.22, 2.21, -0.01, 3.07, circuit_pos, 617.7, 173.64, 309.53, 2.21, -0.01, 3.07, tool_force, -0.86, 3.69, -13.19, actual_rep, 1, curr_step, 61, track_size, 72, robot_vel, 0.02, joints_pos, 26.09, 45.73, -18.06, -73.43, 17.54, 59.6, 58.53, tool_torque, -1.304, 0.141, 0.051, joint_torque, -0.07, -9.82, -0.82, 6.73, 0.8, -1.5, 0.08, robot_mode, normal, 
06/12/2022 16:28:19:010, robot_pos, 1670343864793, 618.25, 173.8, 312.22, 2.21, -0.01, 3.07, circuit_pos, 617.7, 173.64, 309.53, 2.21, -0.01, 3.07, tool_force, -0.86, 3.7, -13.18, actual_rep, 1, curr_step, 59, track_size, 72, robot_vel, 0.02, joints_pos, 26.09, 45.73, -18.06, -73.43, 17.54, 59.6, 58.53, tool_torque, -1.304, 0.136, 0.052, joint_torque, -0.07, -9.83, -0.82, 6.73, 0.8, -1.5, 0.08, robot_mode, normal, 
06/12/2022 16:28:19:169, robot_pos, 1670343864942, 618.25, 173.8, 312.22, 2.21, -0.01, 3.07, circuit_pos, 617.72, 173.6, 309.54, 2.21, -0.01, 3.07, tool_force, -0.83, 3.72, -13.18, actual_rep, 1, curr_step, 56, track_size, 72, robot_vel, 0.01, joints_pos, 26.09, 45.73, -18.06, -73.43, 17.54, 59.6, 58.53, tool_torque, -1.297, 0.131, 0.054, joint_torque, -0.06, -9.82, -0.82, 6.74, 0.79, -1.5, 0.08, robot_mode, normal, 
06/12/2022 16:28:19:331, robot_pos, 1670343865095, 618.26, 173.77, 312.22, 2.21, -0.01, 3.07, circuit_pos, 617.7, 173.68, 309.51, 2.21, -0.01, 3.07, tool_force, -0.75, 3.72, -13.21, actual_rep, 1, curr_step, 53, track_size, 72, robot_vel, 0.27, joints_pos, 26.09, 45.73, -18.06, -73.43, 17.54, 59.6, 58.53, tool_torque, -1.29, 0.117, 0.067, joint_torque, -0.01, -9.82, -0.8, 6.73, 0.8, -1.5, 0.09, robot_mode, normal, 
06/12/2022 16:28:19:616, robot_pos, 1670343865391, 618.26, 173.72, 312.2, 2.21, -0.01, 3.07, circuit_pos, 617.74, 173.64, 309.48, 2.21, -0.01, 3.07, tool_force, -0.7, 3.72, -13.27, actual_rep, 1, curr_step, 48, track_size, 72, robot_vel, 0.48, joints_pos, 26.09, 45.73, -18.07, -73.44, 17.54, 59.6, 58.53, tool_torque, -1.282, 0.123, 0.088, joint_torque, 0.02, -9.85, -0.75, 6.74, 0.8, -1.48, 0.12, robot_mode, normal, 
06/12/2022 16:28:19:932, robot_pos, 1670343865692, 618.09, 173.54, 313.02, 2.21, -0.01, 3.07, circuit_pos, 617.58, 173.1, 309.72, 2.21, -0.01, 3.07, tool_force, -0.59, 3.07, -13.31, actual_rep, 1, curr_step, 43, track_size, 72, robot_vel, 4.57, joints_pos, 26.09, 45.64, -18.08, -73.46, 17.51, 59.65, 58.53, tool_torque, -1.446, 0.067, 0.058, joint_torque, -0.06, -10.0, -0.83, 6.68, 0.79, -1.56, 0.09, robot_mode, normal, 
06/12/2022 16:28:20:230, robot_pos, 1670343865995, 617.97, 173.88, 311.95, 2.21, -0.01, 3.07, circuit_pos, 617.47, 173.7, 309.87, 2.21, -0.01, 3.07, tool_force, -0.8, 3.4, -13.69, actual_rep, 1, curr_step, 38, track_size, 72, robot_vel, 3.91, joints_pos, 26.07, 45.71, -17.99, -73.49, 17.54, 59.56, 58.5, tool_torque, -1.283, 0.166, 0.116, joint_torque, -0.45, -10.08, -1.14, 6.69, 0.78, -1.45, 0.15, robot_mode, normal, 
06/12/2022 16:28:20:370, robot_pos, 1670343866144, 618.33, 173.3, 312.94, 2.21, -0.01, 3.06, circuit_pos, 617.91, 169.87, 311.16, 2.22, -0.01, 3.06, tool_force, -2.55, 3.47, -12.96, actual_rep, 1, curr_step, 36, track_size, 72, robot_vel, 14.23, joints_pos, 26.09, 45.65, -18.13, -73.46, 17.54, 59.55, 58.49, tool_torque, -1.384, 0.375, 0.122, joint_torque, -1.12, -9.88, -1.24, 6.66, 0.78, -1.51, 0.21, robot_mode, normal, 
06/12/2022 16:28:20:530, robot_pos, 1670343866294, 618.41, 168.69, 313.75, 2.22, -0.01, 3.06, circuit_pos, 618.5, 157.93, 312.71, 2.23, -0.01, 3.06, tool_force, -0.42, 4.42, -13.75, actual_rep, 1, curr_step, 33, track_size, 72, robot_vel, 45.57, joints_pos, 25.81, 45.36, -18.29, -73.91, 17.94, 59.14, 57.31, tool_torque, -1.043, -0.087, 0.341, joint_torque, 0.25, -10.26, -0.75, 6.89, 0.79, -1.39, 0.36, robot_mode, normal, 
06/12/2022 16:28:20:833, robot_pos, 1670343866594, 618.84, 157.28, 314.88, 2.23, -0.01, 3.06, circuit_pos, 618.68, 143.43, 313.21, 2.25, -0.02, 3.07, tool_force, -0.31, 4.25, -13.11, actual_rep, 1, curr_step, 30, track_size, 72, robot_vel, 41.02, joints_pos, 24.86, 45.03, -18.39, -74.34, 18.29, 59.33, 55.32, tool_torque, -1.219, -0.201, 0.325, joint_torque, 0.22, -9.75, -0.78, 6.8, 0.81, -1.56, 0.35, robot_mode, normal, 
06/12/2022 16:28:20:971, robot_pos, 1670343866742, 618.97, 151.66, 315.3, 2.24, -0.02, 3.06, circuit_pos, 618.68, 143.43, 313.21, 2.25, -0.02, 3.07, tool_force, 0.31, 4.5, -13.06, actual_rep, 1, curr_step, 30, track_size, 72, robot_vel, 37.91, joints_pos, 24.36, 44.91, -18.39, -74.47, 18.32, 59.6, 54.31, tool_torque, -1.144, -0.369, 0.358, joint_torque, 0.63, -9.56, -0.65, 6.79, 0.84, -1.57, 0.36, robot_mode, normal, 
06/12/2022 16:28:21:131, robot_pos, 1670343866893, 619.14, 145.83, 315.61, 2.25, -0.02, 3.06, circuit_pos, 618.9, 137.78, 313.01, 2.25, -0.02, 3.07, tool_force, 0.27, 4.44, -13.1, actual_rep, 1, curr_step, 29, track_size, 72, robot_vel, 40.16, joints_pos, 23.85, 44.81, -18.39, -74.6, 18.36, 59.85, 53.37, tool_torque, -1.194, -0.359, 0.348, joint_torque, 0.49, -9.74, -0.7, 6.86, 0.85, -1.6, 0.37, robot_mode, normal, 
06/12/2022 16:28:21:271, robot_pos, 1670343867042, 619.35, 140.03, 315.61, 2.25, -0.02, 3.07, circuit_pos, 619.15, 132.12, 312.83, 2.25, -0.02, 3.07, tool_force, 0.25, 4.61, -12.88, actual_rep, 1, curr_step, 28, track_size, 72, robot_vel, 39.41, joints_pos, 23.35, 44.7, -18.39, -74.81, 18.39, 59.87, 52.69, tool_torque, -1.155, -0.309, 0.333, joint_torque, 0.61, -9.66, -0.63, 6.84, 0.87, -1.53, 0.34, robot_mode, normal, 
06/12/2022 16:28:21:431, robot_pos, 1670343867193, 619.58, 134.26, 315.54, 2.25, -0.02, 3.07, circuit_pos, 619.45, 126.37, 312.42, 2.25, -0.02, 3.07, tool_force, 0.3, 4.65, -13.14, actual_rep, 1, curr_step, 27, track_size, 72, robot_vel, 43.5, joints_pos, 22.85, 44.59, -18.39, -75.0, 18.42, 59.86, 52.08, tool_torque, -1.071, -0.29, 0.343, joint_torque, 0.71, -9.6, -0.52, 6.8, 0.89, -1.45, 0.35, robot_mode, normal, 
06/12/2022 16:28:21:570, robot_pos, 1670343867345, 619.88, 128.47, 315.23, 2.25, -0.02, 3.07, circuit_pos, 619.61, 120.68, 311.81, 2.26, -0.02, 3.07, tool_force, 0.12, 4.6, -13.47, actual_rep, 1, curr_step, 26, track_size, 72, robot_vel, 39.8, joints_pos, 22.35, 44.51, -18.4, -75.2, 18.44, 59.82, 51.45, tool_torque, -1.003, -0.161, 0.321, joint_torque, 0.6, -9.65, -0.53, 6.76, 0.9, -1.32, 0.33, robot_mode, normal, 
06/12/2022 16:28:21:773, robot_pos, 1670343867493, 620.11, 122.65, 314.75, 2.26, -0.02, 3.07, circuit_pos, 619.73, 115.25, 310.98, 2.26, -0.02, 3.07, tool_force, -0.3, 4.71, -13.43, actual_rep, 1, curr_step, 25, track_size, 72, robot_vel, 43.88, joints_pos, 21.85, 44.45, -18.4, -75.4, 18.5, 59.77, 50.45, tool_torque, -0.915, -0.134, 0.325, joint_torque, 0.7, -9.63, -0.5, 6.78, 0.91, -1.26, 0.33, robot_mode, normal, 
06/12/2022 16:28:21:870, robot_pos, 1670343867640, 620.26, 116.9, 313.97, 2.26, -0.02, 3.07, circuit_pos, 619.88, 109.67, 310.15, 2.26, -0.02, 3.08, tool_force, 0.12, 4.99, -13.17, actual_rep, 1, curr_step, 24, track_size, 72, robot_vel, 43.25, joints_pos, 21.35, 44.4, -18.41, -75.61, 18.54, 59.68, 49.82, tool_torque, -0.919, -0.106, 0.325, joint_torque, 0.58, -9.43, -0.55, 6.69, 0.92, -1.25, 0.34, robot_mode, normal, 
06/12/2022 16:28:22:031, robot_pos, 1670343867789, 620.28, 111.08, 313.18, 2.26, -0.02, 3.07, circuit_pos, 619.96, 103.53, 309.26, 2.26, -0.02, 3.08, tool_force, -0.17, 4.34, -12.9, actual_rep, 1, curr_step, 23, track_size, 72, robot_vel, 39.27, joints_pos, 20.91, 44.42, -18.47, -75.71, 18.35, 59.85, 49.36, tool_torque, -1.242, -0.144, 0.29, joint_torque, 0.48, -9.51, -0.53, 6.69, 1.02, -1.45, 0.3, robot_mode, normal, 
06/12/2022 16:28:22:172, robot_pos, 1670343867937, 620.54, 105.26, 312.32, 2.26, -0.02, 3.08, circuit_pos, 620.25, 96.98, 308.51, 2.27, -0.02, 3.08, tool_force, -0.17, 4.21, -13.36, actual_rep, 1, curr_step, 22, track_size, 72, robot_vel, 37.68, joints_pos, 20.41, 44.43, -18.48, -75.85, 18.35, 59.84, 48.77, tool_torque, -1.177, -0.094, 0.295, joint_torque, 0.52, -9.64, -0.5, 6.69, 1.02, -1.35, 0.31, robot_mode, normal, 
06/12/2022 16:28:22:333, robot_pos, 1670343868086, 620.78, 99.54, 311.61, 2.27, -0.02, 3.08, circuit_pos, 620.78, 89.35, 307.67, 2.27, -0.01, 3.09, tool_force, -0.62, 4.26, -13.26, actual_rep, 1, curr_step, 21, track_size, 72, robot_vel, 39.72, joints_pos, 19.9, 44.41, -18.48, -75.99, 18.35, 59.82, 47.84, tool_torque, -1.068, -0.065, 0.303, joint_torque, 0.4, -9.46, -0.61, 6.66, 1.01, -1.28, 0.3, robot_mode, normal, 
06/12/2022 16:28:22:493, robot_pos, 1670343868234, 621.01, 93.67, 311.03, 2.27, -0.01, 3.08, circuit_pos, 620.78, 89.35, 307.67, 2.27, -0.01, 3.09, tool_force, -0.81, 4.26, -13.23, actual_rep, 1, curr_step, 21, track_size, 72, robot_vel, 42.47, joints_pos, 19.51, 44.42, -18.55, -76.09, 17.92, 59.8, 47.5, tool_torque, -1.08, 0.069, 0.305, joint_torque, 0.31, -9.42, -0.55, 6.6, 1.03, -1.22, 0.32, robot_mode, normal, 
06/12/2022 16:28:22:630, robot_pos, 1670343868385, 621.41, 87.88, 310.4, 2.27, -0.01, 3.09, circuit_pos, 621.28, 81.29, 306.83, 2.28, -0.01, 3.09, tool_force, 0.13, 4.25, -13.78, actual_rep, 1, curr_step, 20, track_size, 72, robot_vel, 40.38, joints_pos, 19.06, 44.44, -18.57, -76.15, 17.58, 59.79, 46.92, tool_torque, -0.992, -0.135, 0.33, joint_torque, 0.86, -9.64, -0.42, 6.67, 1.02, -1.19, 0.31, robot_mode, normal, 
06/12/2022 16:28:22:930, robot_pos, 1670343868684, 622.04, 76.22, 309.08, 2.28, -0.01, 3.09, circuit_pos, 621.7, 64.77, 304.79, 2.29, -0.01, 3.09, tool_force, -0.43, 4.37, -13.67, actual_rep, 1, curr_step, 18, track_size, 72, robot_vel, 40.88, joints_pos, 17.99, 44.44, -18.54, -76.36, 17.64, 59.65, 45.45, tool_torque, -0.892, -0.111, 0.34, joint_torque, 0.78, -9.53, -0.46, 6.63, 1.0, -1.12, 0.32, robot_mode, normal, 
06/12/2022 16:28:23:230, robot_pos, 1670343868980, 622.27, 64.74, 307.65, 2.29, -0.01, 3.09, circuit_pos, 621.78, 57.42, 303.83, 2.3, -0.01, 3.09, tool_force, -0.65, 4.2, -13.7, actual_rep, 1, curr_step, 17, track_size, 72, robot_vel, 41.72, joints_pos, 16.96, 44.43, -18.54, -76.62, 17.73, 59.5, 43.62, tool_torque, -0.906, -0.056, 0.338, joint_torque, 0.37, -9.52, -0.7, 6.57, 0.99, -1.1, 0.33, robot_mode, normal, 
06/12/2022 16:28:23:532, robot_pos, 1670343869280, 622.24, 53.0, 306.08, 2.3, -0.02, 3.09, circuit_pos, 621.68, 48.29, 302.56, 2.3, -0.02, 3.09, tool_force, -1.04, 3.72, -13.33, actual_rep, 1, curr_step, 16, track_size, 72, robot_vel, 44.15, joints_pos, 15.83, 44.46, -18.49, -76.83, 18.06, 59.54, 41.87, tool_torque, -1.097, -0.139, 0.329, joint_torque, -0.04, -9.49, -0.91, 6.49, 0.98, -1.25, 0.33, robot_mode, normal, 
06/12/2022 16:28:23:831, robot_pos, 1670343869578, 622.11, 41.4, 304.51, 2.31, -0.02, 3.09, circuit_pos, 621.3, 29.46, 300.25, 2.32, -0.02, 3.09, tool_force, -0.97, 3.69, -13.28, actual_rep, 1, curr_step, 14, track_size, 72, robot_vel, 43.69, joints_pos, 14.74, 44.51, -18.49, -77.0, 18.3, 59.57, 40.05, tool_torque, -1.049, -0.149, 0.289, joint_torque, 0.36, -9.36, -0.61, 6.46, 1.04, -1.17, 0.27, robot_mode, normal, 
06/12/2022 16:28:23:989, robot_pos, 1670343869726, 622.01, 35.65, 303.83, 2.31, -0.02, 3.09, circuit_pos, 621.3, 29.46, 300.25, 2.32, -0.02, 3.09, tool_force, -0.58, 4.07, -13.56, actual_rep, 1, curr_step, 14, track_size, 72, robot_vel, 35.43, joints_pos, 14.22, 44.52, -18.5, -77.09, 18.35, 59.55, 39.18, tool_torque, -0.971, -0.129, 0.314, joint_torque, 0.55, -9.47, -0.5, 6.49, 1.05, -1.08, 0.3, robot_mode, normal, 
06/12/2022 16:28:24:131, robot_pos, 1670343869875, 621.97, 29.88, 303.31, 2.32, -0.02, 3.09, circuit_pos, 621.22, 18.66, 299.53, 2.33, -0.02, 3.09, tool_force, -0.88, 3.9, -13.56, actual_rep, 1, curr_step, 13, track_size, 72, robot_vel, 41.83, joints_pos, 13.68, 44.54, -18.5, -77.16, 18.42, 59.54, 38.26, tool_torque, -0.985, -0.027, 0.297, joint_torque, 0.27, -9.36, -0.63, 6.39, 1.06, -1.02, 0.29, robot_mode, normal, 
06/12/2022 16:28:24:311, robot_pos, 1670343870023, 621.88, 24.08, 302.83, 2.32, -0.02, 3.09, circuit_pos, 621.22, 18.66, 299.53, 2.33, -0.02, 3.09, tool_force, -1.13, 3.7, -13.6, actual_rep, 1, curr_step, 13, track_size, 72, robot_vel, 37.3, joints_pos, 13.15, 44.55, -18.5, -77.23, 18.45, 59.52, 37.39, tool_torque, -0.938, -0.044, 0.311, joint_torque, 0.51, -9.44, -0.53, 6.41, 1.08, -0.98, 0.29, robot_mode, normal, 
06/12/2022 16:28:24:441, robot_pos, 1670343870173, 621.91, 18.22, 302.51, 2.33, -0.02, 3.09, circuit_pos, 621.31, 7.17, 299.27, 2.33, -0.02, 3.09, tool_force, -0.96, 3.88, -13.44, actual_rep, 1, curr_step, 12, track_size, 72, robot_vel, 47.76, joints_pos, 12.6, 44.56, -18.5, -77.26, 18.5, 59.52, 36.63, tool_torque, -0.989, -0.022, 0.266, joint_torque, 0.49, -9.3, -0.45, 6.36, 1.09, -1.0, 0.27, robot_mode, normal, 
06/12/2022 16:28:24:593, robot_pos, 1670343870320, 621.89, 12.49, 302.27, 2.33, -0.02, 3.09, circuit_pos, 621.31, 7.17, 299.27, 2.33, -0.02, 3.09, tool_force, -0.38, 4.14, -13.6, actual_rep, 1, curr_step, 12, track_size, 72, robot_vel, 38.9, joints_pos, 12.09, 44.56, -18.5, -77.29, 18.52, 59.52, 36.05, tool_torque, -0.947, -0.1, 0.271, joint_torque, 0.8, -9.41, -0.37, 6.38, 1.11, -0.98, 0.25, robot_mode, normal, 
06/12/2022 16:28:24:750, robot_pos, 1670343870469, 621.91, 6.7, 302.17, 2.33, -0.02, 3.09, circuit_pos, 621.4, -3.17, 299.31, 2.33, -0.02, 3.09, tool_force, -1.1, 3.48, -13.5, actual_rep, 1, curr_step, 11, track_size, 72, robot_vel, 37.69, joints_pos, 11.54, 44.57, -18.51, -77.29, 18.54, 59.54, 35.45, tool_torque, -1.1, 0.0, 0.243, joint_torque, 0.14, -9.36, -0.61, 6.31, 1.11, -1.01, 0.25, robot_mode, normal, 
06/12/2022 16:28:24:892, robot_pos, 1670343870616, 621.92, 0.89, 302.08, 2.33, -0.02, 3.09, circuit_pos, 621.41, -16.2, 299.67, 2.34, -0.02, 3.09, tool_force, -0.55, 3.61, -13.49, actual_rep, 1, curr_step, 10, track_size, 72, robot_vel, 39.64, joints_pos, 11.02, 44.58, -18.51, -77.29, 18.56, 59.55, 34.88, tool_torque, -1.063, -0.15, 0.242, joint_torque, 0.79, -9.39, -0.26, 6.33, 1.13, -1.03, 0.23, robot_mode, normal, 
06/12/2022 16:28:25:051, robot_pos, 1670343870768, 621.89, -4.98, 302.15, 2.33, -0.02, 3.09, circuit_pos, 621.41, -16.2, 299.67, 2.34, -0.02, 3.09, tool_force, -0.56, 3.38, -13.29, actual_rep, 1, curr_step, 10, track_size, 72, robot_vel, 39.73, joints_pos, 10.47, 44.58, -18.51, -77.28, 18.57, 59.58, 34.14, tool_torque, -1.149, -0.167, 0.247, joint_torque, 0.49, -9.39, -0.45, 6.24, 1.13, -1.09, 0.25, robot_mode, normal, 
06/12/2022 16:28:25:193, robot_pos, 1670343870914, 621.83, -10.72, 302.26, 2.34, -0.02, 3.09, circuit_pos, 621.3, -26.89, 300.2, 2.34, -0.02, 3.09, tool_force, -0.36, 3.31, -13.21, actual_rep, 1, curr_step, 9, track_size, 72, robot_vel, 40.26, joints_pos, 9.93, 44.58, -18.5, -77.26, 18.58, 59.64, 33.41, tool_torque, -1.162, -0.221, 0.246, joint_torque, 0.49, -9.34, -0.42, 6.21, 1.14, -1.09, 0.24, robot_mode, normal, 
06/12/2022 16:28:25:350, robot_pos, 1670343871064, 621.8, -16.55, 302.44, 2.34, -0.02, 3.09, circuit_pos, 621.3, -26.89, 300.2, 2.34, -0.02, 3.09, tool_force, -0.32, 2.89, -13.33, actual_rep, 1, curr_step, 9, track_size, 72, robot_vel, 41.14, joints_pos, 9.38, 44.59, -18.5, -77.22, 18.59, 59.7, 32.81, tool_torque, -1.21, -0.24, 0.239, joint_torque, 0.5, -9.41, -0.37, 6.15, 1.15, -1.07, 0.23, robot_mode, normal, 
06/12/2022 16:28:25:496, robot_pos, 1670343871212, 621.74, -22.3, 302.65, 2.34, -0.02, 3.09, circuit_pos, 621.1, -36.42, 300.61, 2.35, -0.02, 3.09, tool_force, -0.29, 2.82, -13.25, actual_rep, 1, curr_step, 8, track_size, 72, robot_vel, 39.97, joints_pos, 8.84, 44.59, -18.51, -77.17, 18.59, 59.77, 32.2, tool_torque, -1.211, -0.264, 0.233, joint_torque, 0.52, -9.41, -0.4, 6.14, 1.16, -1.08, 0.22, robot_mode, normal, 
06/12/2022 16:28:25:652, robot_pos, 1670343871362, 621.61, -28.12, 302.88, 2.34, -0.02, 3.09, circuit_pos, 621.1, -36.42, 300.61, 2.35, -0.02, 3.09, tool_force, -0.33, 3.01, -13.09, actual_rep, 1, curr_step, 8, track_size, 72, robot_vel, 43.61, joints_pos, 8.3, 44.6, -18.51, -77.12, 18.59, 59.86, 31.43, tool_torque, -1.28, -0.215, 0.219, joint_torque, 0.33, -9.3, -0.44, 6.09, 1.17, -1.09, 0.22, robot_mode, normal, 
06/12/2022 16:28:25:953, robot_pos, 1670343871658, 621.39, -39.67, 303.19, 2.35, -0.02, 3.09, circuit_pos, 620.58, -46.71, 300.66, 2.36, -0.01, 3.09, tool_force, -0.78, 3.0, -13.41, actual_rep, 1, curr_step, 7, track_size, 72, robot_vel, 39.79, joints_pos, 7.28, 44.61, -18.54, -77.05, 18.49, 59.82, 29.87, tool_torque, -1.191, 0.038, 0.211, joint_torque, 0.47, -9.33, -0.27, 6.07, 1.27, -0.82, 0.21, robot_mode, normal, 
06/12/2022 16:28:26:092, robot_pos, 1670343871806, 621.11, -45.43, 303.22, 2.36, -0.01, 3.09, circuit_pos, 620.04, -56.04, 300.07, 2.37, -0.01, 3.09, tool_force, -0.76, 3.03, -13.52, actual_rep, 1, curr_step, 6, track_size, 72, robot_vel, 37.96, joints_pos, 6.76, 44.61, -18.55, -77.05, 18.42, 59.76, 29.04, tool_torque, -1.163, 0.033, 0.192, joint_torque, 0.61, -9.31, -0.21, 6.05, 1.27, -0.79, 0.17, robot_mode, normal, 
06/12/2022 16:28:26:252, robot_pos, 1670343871956, 620.77, -51.26, 302.98, 2.36, -0.01, 3.09, circuit_pos, 619.15, -64.3, 298.91, 2.37, -0.01, 3.09, tool_force, -0.8, 3.04, -13.69, actual_rep, 1, curr_step, 5, track_size, 72, robot_vel, 38.85, joints_pos, 6.23, 44.63, -18.55, -77.05, 18.42, 59.7, 28.16, tool_torque, -1.162, 0.067, 0.194, joint_torque, 0.46, -9.36, -0.29, 6.07, 1.28, -0.77, 0.18, robot_mode, normal, 
06/12/2022 16:28:33:479, robot_pos, 1670343879100, 619.85, 127.36, 314.91, 2.25, -0.02, 3.07, circuit_pos, 618.9, 137.78, 313.01, 2.25, -0.02, 3.07, tool_force, -1.27, 2.8, -13.24, actual_rep, 2, curr_step, 29, track_size, 72, robot_vel, 41.12, joints_pos, 21.99, 44.45, -17.94, -75.26, 18.18, 59.72, 51.38, tool_torque, -1.432, 0.164, -0.1, joint_torque, -0.2, -9.63, -0.74, 6.51, 0.91, -1.41, -0.08, robot_mode, normal, 
06/12/2022 16:28:33:639, robot_pos, 1670343879249, 619.6, 133.2, 315.24, 2.25, -0.02, 3.07, circuit_pos, 618.68, 143.43, 313.21, 2.25, -0.02, 3.07, tool_force, -0.94, 2.89, -12.9, actual_rep, 2, curr_step, 30, track_size, 72, robot_vel, 37.21, joints_pos, 22.49, 44.53, -17.94, -75.05, 18.17, 59.77, 51.99, tool_torque, -1.508, 0.092, -0.089, joint_torque, -0.09, -9.71, -0.7, 6.6, 0.91, -1.5, -0.08, robot_mode, normal, 
06/12/2022 16:28:33:777, robot_pos, 1670343879396, 619.33, 138.85, 315.58, 2.25, -0.02, 3.07, circuit_pos, 618.68, 143.43, 313.21, 2.25, -0.02, 3.07, tool_force, -1.18, 2.8, -12.81, actual_rep, 2, curr_step, 30, track_size, 72, robot_vel, 41.38, joints_pos, 22.98, 44.62, -17.94, -74.83, 18.14, 59.87, 52.58, tool_torque, -1.564, 0.143, -0.073, joint_torque, -0.23, -9.57, -0.78, 6.51, 0.93, -1.54, -0.06, robot_mode, normal, 
06/12/2022 16:28:33:939, robot_pos, 1670343879546, 619.4, 144.8, 315.84, 2.25, -0.02, 3.06, circuit_pos, 618.64, 153.34, 313.12, 2.24, -0.02, 3.06, tool_force, -0.93, 3.08, -13.32, actual_rep, 2, curr_step, 32, track_size, 72, robot_vel, 39.3, joints_pos, 23.45, 44.71, -17.91, -74.63, 18.22, 59.73, 53.39, tool_torque, -1.256, 0.141, -0.062, joint_torque, 0.02, -9.59, -0.75, 6.5, 0.87, -1.3, -0.07, robot_mode, normal, 
06/12/2022 16:28:34:080, robot_pos, 1670343879694, 619.17, 150.4, 315.67, 2.24, -0.02, 3.06, circuit_pos, 618.26, 162.37, 312.13, 2.22, -0.01, 3.06, tool_force, -1.54, 2.88, -13.57, actual_rep, 2, curr_step, 34, track_size, 72, robot_vel, 38.0, joints_pos, 23.94, 44.8, -17.93, -74.52, 18.28, 59.5, 54.19, tool_torque, -1.298, 0.305, -0.093, joint_torque, -0.45, -9.88, -0.95, 6.57, 0.86, -1.3, -0.08, robot_mode, normal, 
