12/01/2023 14:03:38:711, robot_pos, 1673531959358, 613.84, -94.18, 298.8, 2.34, 0.01, 3.1, circuit_pos, 614.3, -90.51, 297.41, 2.34, 0.0, 3.1, tool_force, -1.74, 2.89, -10.65, actual_rep, 1, curr_step, 1, track_size, 72, robot_vel, 47.55, joints_pos, 1.63, 44.4, -16.98, -77.79, 15.81, 58.2, 27.16, tool_torque, -1.026, 0.138, 0.188, joint_torque, 0.49, -7.35, -0.07, 5.07, 1.2, -0.69, 0.14, robot_mode, normal, 
12/01/2023 14:03:38:727, robot_pos, 1673531959358, 613.84, -94.18, 298.8, 2.34, 0.01, 3.1, circuit_pos, 614.3, -90.51, 297.41, 2.34, 0.0, 3.1, tool_force, -1.74, 2.89, -10.65, actual_rep, 1, curr_step, 1, track_size, 72, robot_vel, 47.55, joints_pos, 1.63, 44.4, -16.98, -77.79, 15.81, 58.2, 27.16, tool_torque, -1.026, 0.138, 0.188, joint_torque, 0.49, -7.35, -0.07, 5.07, 1.2, -0.69, 0.14, robot_mode, normal, 
12/01/2023 14:03:38:851, robot_pos, 1673531959499, 614.46, -94.1, 300.69, 2.34, 0.01, 3.1, circuit_pos, 614.3, -90.51, 297.41, 2.34, 0.0, 3.1, tool_force, -1.43, 2.75, -10.05, actual_rep, 1, curr_step, 1, track_size, 72, robot_vel, 47.55, joints_pos, 1.62, 44.28, -16.97, -77.67, 15.82, 58.31, 27.16, tool_torque, -1.024, -0.071, 0.131, joint_torque, 0.72, -6.77, 0.05, 4.78, 1.14, -0.85, 0.07, robot_mode, normal, 
12/01/2023 14:03:38:868, robot_pos, 1673531959499, 614.46, -94.1, 300.69, 2.34, 0.01, 3.1, circuit_pos, 614.3, -90.51, 297.41, 2.34, 0.0, 3.1, tool_force, -1.43, 2.75, -10.05, actual_rep, 1, curr_step, 1, track_size, 72, robot_vel, 47.55, joints_pos, 1.62, 44.28, -16.97, -77.67, 15.82, 58.31, 27.16, tool_torque, -1.024, -0.071, 0.131, joint_torque, 0.72, -6.77, 0.05, 4.78, 1.14, -0.85, 0.07, robot_mode, normal, 
12/01/2023 14:03:39:119, robot_pos, 1673531959798, 615.24, -87.19, 299.39, 2.35, 0.0, 3.09, circuit_pos, 616.23, -78.75, 296.86, 2.37, 0.0, 3.09, tool_force, -0.78, 1.82, -10.16, actual_rep, 1, curr_step, 3, track_size, 72, robot_vel, 33.32, joints_pos, 1.87, 44.4, -16.57, -77.59, 16.31, 58.59, 26.75, tool_torque, -1.301, -0.208, 0.229, joint_torque, 0.08, -7.71, -0.19, 4.91, 1.15, -0.93, 0.25, robot_mode, normal, 
12/01/2023 14:03:39:138, robot_pos, 1673531959798, 615.24, -87.19, 299.39, 2.35, 0.0, 3.09, circuit_pos, 616.23, -78.75, 296.86, 2.37, 0.0, 3.09, tool_force, -0.78, 1.82, -10.16, actual_rep, 1, curr_step, 3, track_size, 72, robot_vel, 33.32, joints_pos, 1.87, 44.4, -16.57, -77.59, 16.31, 58.59, 26.75, tool_torque, -1.301, -0.208, 0.229, joint_torque, 0.08, -7.71, -0.19, 4.91, 1.15, -0.93, 0.25, robot_mode, normal, 
12/01/2023 14:03:39:266, robot_pos, 1673531959947, 616.17, -81.43, 299.22, 2.36, 0.0, 3.09, circuit_pos, 617.78, -71.85, 297.69, 2.37, -0.01, 3.09, tool_force, -1.81, 2.28, -10.68, actual_rep, 1, curr_step, 4, track_size, 72, robot_vel, 38.31, joints_pos, 2.29, 44.38, -16.43, -77.61, 16.38, 58.49, 26.57, tool_torque, -1.138, 0.1, 0.213, joint_torque, -0.06, -7.73, -0.25, 5.05, 1.14, -0.73, 0.2, robot_mode, normal, 
12/01/2023 14:03:39:286, robot_pos, 1673531959947, 616.17, -81.43, 299.22, 2.36, 0.0, 3.09, circuit_pos, 617.78, -71.85, 297.69, 2.37, -0.01, 3.09, tool_force, -1.81, 2.28, -10.68, actual_rep, 1, curr_step, 4, track_size, 72, robot_vel, 38.31, joints_pos, 2.29, 44.38, -16.43, -77.61, 16.38, 58.49, 26.57, tool_torque, -1.138, 0.1, 0.213, joint_torque, -0.06, -7.73, -0.25, 5.05, 1.14, -0.73, 0.2, robot_mode, normal, 
12/01/2023 14:03:39:305, robot_pos, 1673531959947, 616.17, -81.43, 299.22, 2.36, 0.0, 3.09, circuit_pos, 617.78, -71.85, 297.69, 2.37, -0.01, 3.09, tool_force, -1.81, 2.28, -10.68, actual_rep, 1, curr_step, 4, track_size, 72, robot_vel, 38.31, joints_pos, 2.29, 44.38, -16.43, -77.61, 16.38, 58.49, 26.57, tool_torque, -1.138, 0.1, 0.213, joint_torque, -0.06, -7.73, -0.25, 5.05, 1.14, -0.73, 0.2, robot_mode, normal, 
12/01/2023 14:03:39:416, robot_pos, 1673531960096, 617.06, -75.76, 299.55, 2.37, -0.01, 3.09, circuit_pos, 619.15, -64.3, 298.91, 2.37, -0.01, 3.09, tool_force, -1.22, 1.07, -10.19, actual_rep, 1, curr_step, 5, track_size, 72, robot_vel, 39.65, joints_pos, 2.74, 44.41, -16.41, -77.52, 16.68, 58.72, 26.73, tool_torque, -1.577, -0.122, -0.092, joint_torque, -0.17, -7.56, -0.19, 4.87, 1.13, -1.01, -0.09, robot_mode, normal, 
12/01/2023 14:03:39:436, robot_pos, 1673531960096, 617.06, -75.76, 299.55, 2.37, -0.01, 3.09, circuit_pos, 619.15, -64.3, 298.91, 2.37, -0.01, 3.09, tool_force, -1.22, 1.07, -10.19, actual_rep, 1, curr_step, 5, track_size, 72, robot_vel, 39.65, joints_pos, 2.74, 44.41, -16.41, -77.52, 16.68, 58.72, 26.73, tool_torque, -1.577, -0.122, -0.092, joint_torque, -0.17, -7.56, -0.19, 4.87, 1.13, -1.01, -0.09, robot_mode, normal, 
12/01/2023 14:03:39:560, robot_pos, 1673531960245, 618.23, -69.97, 300.11, 2.37, -0.01, 3.09, circuit_pos, 619.15, -64.3, 298.91, 2.37, -0.01, 3.09, tool_force, -0.74, 1.2, -10.02, actual_rep, 1, curr_step, 5, track_size, 72, robot_vel, 45.14, joints_pos, 3.27, 44.45, -16.44, -77.36, 16.77, 58.92, 27.14, tool_torque, -1.617, -0.125, -0.218, joint_torque, 0.23, -7.55, 0.13, 4.83, 1.14, -0.99, -0.21, robot_mode, normal, 
12/01/2023 14:03:39:580, robot_pos, 1673531960245, 618.23, -69.97, 300.11, 2.37, -0.01, 3.09, circuit_pos, 619.15, -64.3, 298.91, 2.37, -0.01, 3.09, tool_force, -0.74, 1.2, -10.02, actual_rep, 1, curr_step, 5, track_size, 72, robot_vel, 45.14, joints_pos, 3.27, 44.45, -16.44, -77.36, 16.77, 58.92, 27.14, tool_torque, -1.617, -0.125, -0.218, joint_torque, 0.23, -7.55, 0.13, 4.83, 1.14, -0.99, -0.21, robot_mode, normal, 
12/01/2023 14:03:39:718, robot_pos, 1673531960395, 619.08, -64.25, 300.77, 2.37, -0.01, 3.09, circuit_pos, 620.04, -56.04, 300.07, 2.37, -0.01, 3.09, tool_force, -1.2, 0.91, -10.08, actual_rep, 1, curr_step, 6, track_size, 72, robot_vel, 42.95, joints_pos, 3.82, 44.44, -16.5, -77.26, 16.84, 59.07, 27.61, tool_torque, -1.739, -0.052, -0.263, joint_torque, -0.02, -7.56, 0.08, 4.86, 1.14, -1.02, -0.24, robot_mode, normal, 
12/01/2023 14:03:39:739, robot_pos, 1673531960395, 619.08, -64.25, 300.77, 2.37, -0.01, 3.09, circuit_pos, 620.04, -56.04, 300.07, 2.37, -0.01, 3.09, tool_force, -1.2, 0.91, -10.08, actual_rep, 1, curr_step, 6, track_size, 72, robot_vel, 42.95, joints_pos, 3.82, 44.44, -16.5, -77.26, 16.84, 59.07, 27.61, tool_torque, -1.739, -0.052, -0.263, joint_torque, -0.02, -7.56, 0.08, 4.86, 1.14, -1.02, -0.24, robot_mode, normal, 
12/01/2023 14:03:39:867, robot_pos, 1673531960544, 619.79, -58.42, 301.46, 2.37, -0.01, 3.08, circuit_pos, 620.58, -46.71, 300.66, 2.36, -0.01, 3.09, tool_force, -1.12, 1.35, -9.84, actual_rep, 1, curr_step, 7, track_size, 72, robot_vel, 40.61, joints_pos, 4.35, 44.41, -16.51, -77.22, 16.85, 59.15, 28.21, tool_torque, -1.719, 0.019, -0.286, joint_torque, -0.02, -7.31, 0.14, 4.82, 1.15, -1.0, -0.25, robot_mode, normal, 
12/01/2023 14:03:39:887, robot_pos, 1673531960544, 619.79, -58.42, 301.46, 2.37, -0.01, 3.08, circuit_pos, 620.58, -46.71, 300.66, 2.36, -0.01, 3.09, tool_force, -1.12, 1.35, -9.84, actual_rep, 1, curr_step, 7, track_size, 72, robot_vel, 40.61, joints_pos, 4.35, 44.41, -16.51, -77.22, 16.85, 59.15, 28.21, tool_torque, -1.719, 0.019, -0.286, joint_torque, -0.02, -7.31, 0.14, 4.82, 1.15, -1.0, -0.25, robot_mode, normal, 
12/01/2023 14:03:40:027, robot_pos, 1673531960694, 620.33, -52.67, 301.99, 2.37, -0.01, 3.08, circuit_pos, 620.58, -46.71, 300.66, 2.36, -0.01, 3.09, tool_force, -1.35, 1.18, -10.09, actual_rep, 1, curr_step, 7, track_size, 72, robot_vel, 43.8, joints_pos, 4.9, 44.36, -16.52, -77.22, 16.85, 59.15, 28.97, tool_torque, -1.685, 0.063, -0.272, joint_torque, 0.05, -7.49, 0.16, 4.95, 1.15, -0.98, -0.24, robot_mode, normal, 
12/01/2023 14:03:40:045, robot_pos, 1673531960694, 620.33, -52.67, 301.99, 2.37, -0.01, 3.08, circuit_pos, 620.58, -46.71, 300.66, 2.36, -0.01, 3.09, tool_force, -1.35, 1.18, -10.09, actual_rep, 1, curr_step, 7, track_size, 72, robot_vel, 43.8, joints_pos, 4.9, 44.36, -16.52, -77.22, 16.85, 59.15, 28.97, tool_torque, -1.685, 0.063, -0.272, joint_torque, 0.05, -7.49, 0.16, 4.95, 1.15, -0.98, -0.24, robot_mode, normal, 
12/01/2023 14:03:40:182, robot_pos, 1673531960841, 620.6, -46.89, 302.21, 2.36, -0.01, 3.08, circuit_pos, 621.1, -36.42, 300.61, 2.35, -0.02, 3.09, tool_force, -1.35, 1.16, -10.02, actual_rep, 1, curr_step, 8, track_size, 72, robot_vel, 43.91, joints_pos, 5.42, 44.34, -16.52, -77.22, 16.86, 59.25, 29.77, tool_torque, -1.702, -0.0040, -0.258, joint_torque, -0.09, -7.44, 0.01, 4.95, 1.13, -1.07, -0.24, robot_mode, normal, 
12/01/2023 14:03:40:216, robot_pos, 1673531960841, 620.6, -46.89, 302.21, 2.36, -0.01, 3.08, circuit_pos, 621.1, -36.42, 300.61, 2.35, -0.02, 3.09, tool_force, -1.35, 1.16, -10.02, actual_rep, 1, curr_step, 8, track_size, 72, robot_vel, 43.91, joints_pos, 5.42, 44.34, -16.52, -77.22, 16.86, 59.25, 29.77, tool_torque, -1.702, -0.0040, -0.258, joint_torque, -0.09, -7.44, 0.01, 4.95, 1.13, -1.07, -0.24, robot_mode, normal, 
12/01/2023 14:03:40:471, robot_pos, 1673531961142, 621.25, -35.23, 302.3, 2.35, -0.02, 3.08, circuit_pos, 621.3, -26.89, 300.2, 2.34, -0.02, 3.09, tool_force, -1.26, 1.31, -9.89, actual_rep, 1, curr_step, 9, track_size, 72, robot_vel, 43.42, joints_pos, 6.44, 44.36, -16.5, -77.17, 17.03, 59.45, 31.38, tool_torque, -1.653, 0.021, -0.241, joint_torque, -0.1, -7.44, -0.06, 4.96, 1.11, -1.07, -0.22, robot_mode, normal, 
12/01/2023 14:03:40:489, robot_pos, 1673531961142, 621.25, -35.23, 302.3, 2.35, -0.02, 3.08, circuit_pos, 621.3, -26.89, 300.2, 2.34, -0.02, 3.09, tool_force, -1.26, 1.31, -9.89, actual_rep, 1, curr_step, 9, track_size, 72, robot_vel, 43.42, joints_pos, 6.44, 44.36, -16.5, -77.17, 17.03, 59.45, 31.38, tool_torque, -1.653, 0.021, -0.241, joint_torque, -0.1, -7.44, -0.06, 4.96, 1.11, -1.07, -0.22, robot_mode, normal, 
12/01/2023 14:03:40:509, robot_pos, 1673531961142, 621.25, -35.23, 302.3, 2.35, -0.02, 3.08, circuit_pos, 621.3, -26.89, 300.2, 2.34, -0.02, 3.09, tool_force, -1.26, 1.31, -9.89, actual_rep, 1, curr_step, 9, track_size, 72, robot_vel, 43.42, joints_pos, 6.44, 44.36, -16.5, -77.17, 17.03, 59.45, 31.38, tool_torque, -1.653, 0.021, -0.241, joint_torque, -0.1, -7.44, -0.06, 4.96, 1.11, -1.07, -0.22, robot_mode, normal, 
12/01/2023 14:03:40:778, robot_pos, 1673531961441, 621.64, -23.64, 302.05, 2.34, -0.02, 3.08, circuit_pos, 621.41, -16.2, 299.67, 2.34, -0.02, 3.09, tool_force, -1.52, 1.79, -10.06, actual_rep, 1, curr_step, 10, track_size, 72, robot_vel, 38.19, joints_pos, 7.5, 44.37, -16.5, -77.2, 17.08, 59.46, 32.78, tool_torque, -1.514, 0.127, -0.252, joint_torque, 0.18, -7.49, 0.13, 5.09, 1.11, -0.99, -0.24, robot_mode, normal, 
12/01/2023 14:03:40:797, robot_pos, 1673531961441, 621.64, -23.64, 302.05, 2.34, -0.02, 3.08, circuit_pos, 621.41, -16.2, 299.67, 2.34, -0.02, 3.09, tool_force, -1.52, 1.79, -10.06, actual_rep, 1, curr_step, 10, track_size, 72, robot_vel, 38.19, joints_pos, 7.5, 44.37, -16.5, -77.2, 17.08, 59.46, 32.78, tool_torque, -1.514, 0.127, -0.252, joint_torque, 0.18, -7.49, 0.13, 5.09, 1.11, -0.99, -0.24, robot_mode, normal, 
12/01/2023 14:03:40:917, robot_pos, 1673531961591, 621.78, -17.85, 301.86, 2.34, -0.02, 3.09, circuit_pos, 621.4, -3.17, 299.31, 2.33, -0.02, 3.09, tool_force, -1.72, 1.99, -10.33, actual_rep, 1, curr_step, 11, track_size, 72, robot_vel, 38.4, joints_pos, 8.04, 44.37, -16.51, -77.22, 17.08, 59.42, 33.44, tool_torque, -1.451, 0.285, -0.26, joint_torque, -0.04, -7.5, -0.04, 5.12, 1.09, -0.9, -0.24, robot_mode, normal, 
12/01/2023 14:03:40:937, robot_pos, 1673531961591, 621.78, -17.85, 301.86, 2.34, -0.02, 3.09, circuit_pos, 621.4, -3.17, 299.31, 2.33, -0.02, 3.09, tool_force, -1.72, 1.99, -10.33, actual_rep, 1, curr_step, 11, track_size, 72, robot_vel, 38.4, joints_pos, 8.04, 44.37, -16.51, -77.22, 17.08, 59.42, 33.44, tool_torque, -1.451, 0.285, -0.26, joint_torque, -0.04, -7.5, -0.04, 5.12, 1.09, -0.9, -0.24, robot_mode, normal, 
12/01/2023 14:03:41:088, robot_pos, 1673531961741, 621.87, -12.03, 301.72, 2.34, -0.02, 3.09, circuit_pos, 621.4, -3.17, 299.31, 2.33, -0.02, 3.09, tool_force, -1.92, 2.36, -10.4, actual_rep, 1, curr_step, 11, track_size, 72, robot_vel, 37.26, joints_pos, 8.6, 44.37, -16.51, -77.24, 17.09, 59.38, 34.2, tool_torque, -1.372, 0.371, -0.244, joint_torque, -0.04, -7.44, 0.01, 5.16, 1.08, -0.84, -0.22, robot_mode, normal, 
12/01/2023 14:03:41:109, robot_pos, 1673531961741, 621.87, -12.03, 301.72, 2.34, -0.02, 3.09, circuit_pos, 621.4, -3.17, 299.31, 2.33, -0.02, 3.09, tool_force, -1.92, 2.36, -10.4, actual_rep, 1, curr_step, 11, track_size, 72, robot_vel, 37.26, joints_pos, 8.6, 44.37, -16.51, -77.24, 17.09, 59.38, 34.2, tool_torque, -1.372, 0.371, -0.244, joint_torque, -0.04, -7.44, 0.01, 5.16, 1.08, -0.84, -0.22, robot_mode, normal, 
12/01/2023 14:03:41:232, robot_pos, 1673531961892, 621.92, -6.19, 301.58, 2.33, -0.02, 3.09, circuit_pos, 621.31, 7.17, 299.27, 2.33, -0.02, 3.09, tool_force, -2.13, 2.28, -10.47, actual_rep, 1, curr_step, 12, track_size, 72, robot_vel, 38.47, joints_pos, 9.13, 44.37, -16.52, -77.27, 17.09, 59.34, 34.87, tool_torque, -1.423, 0.45, -0.258, joint_torque, -0.17, -7.49, 0.0, 5.2, 1.09, -0.85, -0.22, robot_mode, normal, 
12/01/2023 14:03:41:261, robot_pos, 1673531961892, 621.92, -6.19, 301.58, 2.33, -0.02, 3.09, circuit_pos, 621.31, 7.17, 299.27, 2.33, -0.02, 3.09, tool_force, -2.13, 2.28, -10.47, actual_rep, 1, curr_step, 12, track_size, 72, robot_vel, 38.47, joints_pos, 9.13, 44.37, -16.52, -77.27, 17.09, 59.34, 34.87, tool_torque, -1.423, 0.45, -0.258, joint_torque, -0.17, -7.49, 0.0, 5.2, 1.09, -0.85, -0.22, robot_mode, normal, 
12/01/2023 14:03:41:263, robot_pos, 1673531961892, 621.92, -6.19, 301.58, 2.33, -0.02, 3.09, circuit_pos, 621.31, 7.17, 299.27, 2.33, -0.02, 3.09, tool_force, -2.13, 2.28, -10.47, actual_rep, 1, curr_step, 12, track_size, 72, robot_vel, 38.47, joints_pos, 9.13, 44.37, -16.52, -77.27, 17.09, 59.34, 34.87, tool_torque, -1.423, 0.45, -0.258, joint_torque, -0.17, -7.49, 0.0, 5.2, 1.09, -0.85, -0.22, robot_mode, normal, 
12/01/2023 14:03:41:388, robot_pos, 1673531962041, 621.95, -0.41, 301.5, 2.33, -0.02, 3.09, circuit_pos, 621.31, 7.17, 299.27, 2.33, -0.02, 3.09, tool_force, -1.78, 2.74, -10.49, actual_rep, 1, curr_step, 12, track_size, 72, robot_vel, 46.19, joints_pos, 9.67, 44.37, -16.52, -77.28, 17.09, 59.3, 35.5, tool_torque, -1.355, 0.418, -0.261, joint_torque, 0.1, -7.51, 0.05, 5.25, 1.09, -0.85, -0.23, robot_mode, normal, 
12/01/2023 14:03:41:390, robot_pos, 1673531962041, 621.95, -0.41, 301.5, 2.33, -0.02, 3.09, circuit_pos, 621.31, 7.17, 299.27, 2.33, -0.02, 3.09, tool_force, -1.78, 2.74, -10.49, actual_rep, 1, curr_step, 12, track_size, 72, robot_vel, 46.19, joints_pos, 9.67, 44.37, -16.52, -77.28, 17.09, 59.3, 35.5, tool_torque, -1.355, 0.418, -0.261, joint_torque, 0.1, -7.51, 0.05, 5.25, 1.09, -0.85, -0.23, robot_mode, normal, 
12/01/2023 14:03:41:550, robot_pos, 1673531962191, 621.95, 5.35, 301.46, 2.33, -0.02, 3.09, circuit_pos, 621.22, 18.66, 299.53, 2.33, -0.02, 3.09, tool_force, -2.02, 2.64, -10.46, actual_rep, 1, curr_step, 13, track_size, 72, robot_vel, 43.48, joints_pos, 10.2, 44.37, -16.52, -77.3, 17.08, 59.25, 36.07, tool_torque, -1.361, 0.422, -0.246, joint_torque, -0.02, -7.5, 0.02, 5.27, 1.08, -0.87, -0.22, robot_mode, normal, 
12/01/2023 14:03:41:671, robot_pos, 1673531962341, 621.89, 11.17, 301.54, 2.33, -0.02, 3.09, circuit_pos, 621.22, 18.66, 299.53, 2.33, -0.02, 3.09, tool_force, -2.51, 2.32, -10.36, actual_rep, 1, curr_step, 13, track_size, 72, robot_vel, 38.84, joints_pos, 10.74, 44.36, -16.52, -77.3, 17.07, 59.22, 36.63, tool_torque, -1.368, 0.434, -0.228, joint_torque, -0.02, -7.43, 0.02, 5.26, 1.12, -0.88, -0.22, robot_mode, normal, 
12/01/2023 14:03:41:822, robot_pos, 1673531962488, 621.85, 16.88, 301.69, 2.33, -0.02, 3.09, circuit_pos, 621.3, 29.46, 300.25, 2.32, -0.02, 3.09, tool_force, -1.9, 2.52, -10.38, actual_rep, 1, curr_step, 14, track_size, 72, robot_vel, 42.13, joints_pos, 11.27, 44.34, -16.52, -77.3, 17.05, 59.2, 37.31, tool_torque, -1.381, 0.407, -0.223, joint_torque, 0.2, -7.45, 0.14, 5.23, 1.13, -0.9, -0.21, robot_mode, normal, 
12/01/2023 14:03:41:841, robot_pos, 1673531962488, 621.85, 16.88, 301.69, 2.33, -0.02, 3.09, circuit_pos, 621.3, 29.46, 300.25, 2.32, -0.02, 3.09, tool_force, -1.9, 2.52, -10.38, actual_rep, 1, curr_step, 14, track_size, 72, robot_vel, 42.13, joints_pos, 11.27, 44.34, -16.52, -77.3, 17.05, 59.2, 37.31, tool_torque, -1.381, 0.407, -0.223, joint_torque, 0.2, -7.45, 0.14, 5.23, 1.13, -0.9, -0.21, robot_mode, normal, 
12/01/2023 14:03:41:859, robot_pos, 1673531962488, 621.85, 16.88, 301.69, 2.33, -0.02, 3.09, circuit_pos, 621.3, 29.46, 300.25, 2.32, -0.02, 3.09, tool_force, -1.9, 2.52, -10.38, actual_rep, 1, curr_step, 14, track_size, 72, robot_vel, 42.13, joints_pos, 11.27, 44.34, -16.52, -77.3, 17.05, 59.2, 37.31, tool_torque, -1.381, 0.407, -0.223, joint_torque, 0.2, -7.45, 0.14, 5.23, 1.13, -0.9, -0.21, robot_mode, normal, 
12/01/2023 14:03:41:979, robot_pos, 1673531962640, 621.82, 22.72, 301.96, 2.33, -0.02, 3.09, circuit_pos, 621.3, 29.46, 300.25, 2.32, -0.02, 3.09, tool_force, -1.63, 2.51, -10.34, actual_rep, 1, curr_step, 14, track_size, 72, robot_vel, 38.61, joints_pos, 11.82, 44.33, -16.53, -77.28, 17.03, 59.18, 38.07, tool_torque, -1.432, 0.418, -0.2, joint_torque, -0.2, -7.51, -0.08, 5.19, 1.11, -0.93, -0.17, robot_mode, normal, 
12/01/2023 14:03:41:997, robot_pos, 1673531962640, 621.82, 22.72, 301.96, 2.33, -0.02, 3.09, circuit_pos, 621.3, 29.46, 300.25, 2.32, -0.02, 3.09, tool_force, -1.63, 2.51, -10.34, actual_rep, 1, curr_step, 14, track_size, 72, robot_vel, 38.61, joints_pos, 11.82, 44.33, -16.53, -77.28, 17.03, 59.18, 38.07, tool_torque, -1.432, 0.418, -0.2, joint_torque, -0.2, -7.51, -0.08, 5.19, 1.11, -0.93, -0.17, robot_mode, normal, 
12/01/2023 14:03:42:131, robot_pos, 1673531962787, 621.88, 28.46, 302.36, 2.32, -0.02, 3.08, circuit_pos, 621.5, 39.55, 301.39, 2.31, -0.02, 3.09, tool_force, -1.66, 2.19, -10.21, actual_rep, 1, curr_step, 15, track_size, 72, robot_vel, 38.04, joints_pos, 12.35, 44.32, -16.53, -77.22, 17.01, 59.18, 38.9, tool_torque, -1.491, 0.386, -0.198, joint_torque, -0.19, -7.47, -0.05, 5.12, 1.12, -0.98, -0.17, robot_mode, normal, 
12/01/2023 14:03:42:149, robot_pos, 1673531962787, 621.88, 28.46, 302.36, 2.32, -0.02, 3.08, circuit_pos, 621.5, 39.55, 301.39, 2.31, -0.02, 3.09, tool_force, -1.66, 2.19, -10.21, actual_rep, 1, curr_step, 15, track_size, 72, robot_vel, 38.04, joints_pos, 12.35, 44.32, -16.53, -77.22, 17.01, 59.18, 38.9, tool_torque, -1.491, 0.386, -0.198, joint_torque, -0.19, -7.47, -0.05, 5.12, 1.12, -0.98, -0.17, robot_mode, normal, 
12/01/2023 14:03:42:167, robot_pos, 1673531962787, 621.88, 28.46, 302.36, 2.32, -0.02, 3.08, circuit_pos, 621.5, 39.55, 301.39, 2.31, -0.02, 3.09, tool_force, -1.66, 2.19, -10.21, actual_rep, 1, curr_step, 15, track_size, 72, robot_vel, 38.04, joints_pos, 12.35, 44.32, -16.53, -77.22, 17.01, 59.18, 38.9, tool_torque, -1.491, 0.386, -0.198, joint_torque, -0.19, -7.47, -0.05, 5.12, 1.12, -0.98, -0.17, robot_mode, normal, 
12/01/2023 14:03:42:288, robot_pos, 1673531962936, 621.86, 34.24, 302.86, 2.32, -0.02, 3.08, circuit_pos, 621.68, 48.29, 302.56, 2.3, -0.02, 3.09, tool_force, -1.61, 1.99, -10.11, actual_rep, 1, curr_step, 16, track_size, 72, robot_vel, 38.65, joints_pos, 12.88, 44.31, -16.53, -77.18, 16.98, 59.18, 39.74, tool_torque, -1.496, 0.336, -0.197, joint_torque, 0.04, -7.51, 0.04, 5.17, 1.13, -1.02, -0.17, robot_mode, normal, 
12/01/2023 14:03:42:304, robot_pos, 1673531962936, 621.86, 34.24, 302.86, 2.32, -0.02, 3.08, circuit_pos, 621.68, 48.29, 302.56, 2.3, -0.02, 3.09, tool_force, -1.61, 1.99, -10.11, actual_rep, 1, curr_step, 16, track_size, 72, robot_vel, 38.65, joints_pos, 12.88, 44.31, -16.53, -77.18, 16.98, 59.18, 39.74, tool_torque, -1.496, 0.336, -0.197, joint_torque, 0.04, -7.51, 0.04, 5.17, 1.13, -1.02, -0.17, robot_mode, normal, 
12/01/2023 14:03:42:452, robot_pos, 1673531963086, 621.91, 40.74, 303.58, 2.31, -0.02, 3.08, circuit_pos, 621.68, 48.29, 302.56, 2.3, -0.02, 3.09, tool_force, -1.29, 1.91, -9.82, actual_rep, 1, curr_step, 16, track_size, 72, robot_vel, 39.21, joints_pos, 13.48, 44.29, -16.53, -77.07, 16.93, 59.24, 40.77, tool_torque, -1.612, 0.261, -0.197, joint_torque, -0.14, -7.46, -0.06, 5.11, 1.11, -1.16, -0.17, robot_mode, normal, 
12/01/2023 14:03:42:470, robot_pos, 1673531963086, 621.91, 40.74, 303.58, 2.31, -0.02, 3.08, circuit_pos, 621.68, 48.29, 302.56, 2.3, -0.02, 3.09, tool_force, -1.29, 1.91, -9.82, actual_rep, 1, curr_step, 16, track_size, 72, robot_vel, 39.21, joints_pos, 13.48, 44.29, -16.53, -77.07, 16.93, 59.24, 40.77, tool_torque, -1.612, 0.261, -0.197, joint_torque, -0.14, -7.46, -0.06, 5.11, 1.11, -1.16, -0.17, robot_mode, normal, 
12/01/2023 14:03:42:581, robot_pos, 1673531963235, 622.03, 45.74, 304.15, 2.31, -0.02, 3.08, circuit_pos, 621.78, 57.42, 303.83, 2.3, -0.01, 3.09, tool_force, -1.45, 1.85, -9.85, actual_rep, 1, curr_step, 17, track_size, 72, robot_vel, 37.63, joints_pos, 13.94, 44.29, -16.54, -76.99, 16.86, 59.24, 41.5, tool_torque, -1.637, 0.329, -0.194, joint_torque, -0.27, -7.43, -0.13, 5.09, 1.1, -1.16, -0.15, robot_mode, normal, 
12/01/2023 14:03:42:601, robot_pos, 1673531963235, 622.03, 45.74, 304.15, 2.31, -0.02, 3.08, circuit_pos, 621.78, 57.42, 303.83, 2.3, -0.01, 3.09, tool_force, -1.45, 1.85, -9.85, actual_rep, 1, curr_step, 17, track_size, 72, robot_vel, 37.63, joints_pos, 13.94, 44.29, -16.54, -76.99, 16.86, 59.24, 41.5, tool_torque, -1.637, 0.329, -0.194, joint_torque, -0.27, -7.43, -0.13, 5.09, 1.1, -1.16, -0.15, robot_mode, normal, 
12/01/2023 14:03:42:724, robot_pos, 1673531963384, 622.12, 51.61, 304.96, 2.3, -0.02, 3.09, circuit_pos, 621.78, 57.42, 303.83, 2.3, -0.01, 3.09, tool_force, -1.36, 2.34, -10.07, actual_rep, 1, curr_step, 17, track_size, 72, robot_vel, 40.11, joints_pos, 14.52, 44.25, -16.54, -76.91, 16.62, 59.15, 42.34, tool_torque, -1.481, 0.418, -0.185, joint_torque, 0.02, -7.39, 0.07, 5.12, 1.12, -1.03, -0.16, robot_mode, normal, 
12/01/2023 14:03:42:742, robot_pos, 1673531963384, 622.12, 51.61, 304.96, 2.3, -0.02, 3.09, circuit_pos, 621.78, 57.42, 303.83, 2.3, -0.01, 3.09, tool_force, -1.36, 2.34, -10.07, actual_rep, 1, curr_step, 17, track_size, 72, robot_vel, 40.11, joints_pos, 14.52, 44.25, -16.54, -76.91, 16.62, 59.15, 42.34, tool_torque, -1.481, 0.418, -0.185, joint_torque, 0.02, -7.39, 0.07, 5.12, 1.12, -1.03, -0.16, robot_mode, normal, 
12/01/2023 14:03:42:883, robot_pos, 1673531963532, 622.09, 57.35, 305.69, 2.3, -0.01, 3.08, circuit_pos, 621.7, 64.77, 304.79, 2.29, -0.01, 3.09, tool_force, -1.68, 2.03, -10.11, actual_rep, 1, curr_step, 18, track_size, 72, robot_vel, 39.82, joints_pos, 15.07, 44.22, -16.56, -76.85, 16.5, 59.09, 43.21, tool_torque, -1.509, 0.376, -0.182, joint_torque, -0.03, -7.56, -0.03, 5.16, 1.08, -1.08, -0.16, robot_mode, normal, 
12/01/2023 14:03:42:902, robot_pos, 1673531963532, 622.09, 57.35, 305.69, 2.3, -0.01, 3.08, circuit_pos, 621.7, 64.77, 304.79, 2.29, -0.01, 3.09, tool_force, -1.68, 2.03, -10.11, actual_rep, 1, curr_step, 18, track_size, 72, robot_vel, 39.82, joints_pos, 15.07, 44.22, -16.56, -76.85, 16.5, 59.09, 43.21, tool_torque, -1.509, 0.376, -0.182, joint_torque, -0.03, -7.56, -0.03, 5.16, 1.08, -1.08, -0.16, robot_mode, normal, 
12/01/2023 14:03:43:176, robot_pos, 1673531963833, 622.01, 68.88, 307.16, 2.29, -0.01, 3.08, circuit_pos, 621.28, 81.29, 306.83, 2.28, -0.01, 3.09, tool_force, -1.47, 1.75, -9.96, actual_rep, 1, curr_step, 20, track_size, 72, robot_vel, 38.09, joints_pos, 16.14, 44.21, -16.56, -76.63, 16.3, 59.14, 45.15, tool_torque, -1.633, 0.257, -0.186, joint_torque, -0.01, -7.56, -0.02, 5.18, 1.06, -1.25, -0.15, robot_mode, normal, 
12/01/2023 14:03:43:196, robot_pos, 1673531963833, 622.01, 68.88, 307.16, 2.29, -0.01, 3.08, circuit_pos, 621.28, 81.29, 306.83, 2.28, -0.01, 3.09, tool_force, -1.47, 1.75, -9.96, actual_rep, 1, curr_step, 20, track_size, 72, robot_vel, 38.09, joints_pos, 16.14, 44.21, -16.56, -76.63, 16.3, 59.14, 45.15, tool_torque, -1.633, 0.257, -0.186, joint_torque, -0.01, -7.56, -0.02, 5.18, 1.06, -1.25, -0.15, robot_mode, normal, 
12/01/2023 14:03:43:215, robot_pos, 1673531963833, 622.01, 68.88, 307.16, 2.29, -0.01, 3.08, circuit_pos, 621.28, 81.29, 306.83, 2.28, -0.01, 3.09, tool_force, -1.47, 1.75, -9.96, actual_rep, 1, curr_step, 20, track_size, 72, robot_vel, 38.09, joints_pos, 16.14, 44.21, -16.56, -76.63, 16.3, 59.14, 45.15, tool_torque, -1.633, 0.257, -0.186, joint_torque, -0.01, -7.56, -0.02, 5.18, 1.06, -1.25, -0.15, robot_mode, normal, 
12/01/2023 14:03:43:339, robot_pos, 1673531963984, 621.85, 74.79, 307.85, 2.28, -0.01, 3.08, circuit_pos, 621.28, 81.29, 306.83, 2.28, -0.01, 3.09, tool_force, -1.07, 1.96, -9.76, actual_rep, 1, curr_step, 20, track_size, 72, robot_vel, 43.98, joints_pos, 16.68, 44.2, -16.56, -76.52, 16.22, 59.18, 45.88, tool_torque, -1.672, 0.203, -0.182, joint_torque, -0.01, -7.61, -0.08, 5.23, 1.05, -1.33, -0.16, robot_mode, normal, 
12/01/2023 14:03:43:358, robot_pos, 1673531963984, 621.85, 74.79, 307.85, 2.28, -0.01, 3.08, circuit_pos, 621.28, 81.29, 306.83, 2.28, -0.01, 3.09, tool_force, -1.07, 1.96, -9.76, actual_rep, 1, curr_step, 20, track_size, 72, robot_vel, 43.98, joints_pos, 16.68, 44.2, -16.56, -76.52, 16.22, 59.18, 45.88, tool_torque, -1.672, 0.203, -0.182, joint_torque, -0.01, -7.61, -0.08, 5.23, 1.05, -1.33, -0.16, robot_mode, normal, 
12/01/2023 14:03:43:492, robot_pos, 1673531964132, 621.61, 80.52, 308.5, 2.28, -0.01, 3.08, circuit_pos, 620.78, 89.35, 307.67, 2.27, -0.01, 3.09, tool_force, -1.35, 1.73, -9.67, actual_rep, 1, curr_step, 21, track_size, 72, robot_vel, 38.96, joints_pos, 17.19, 44.2, -16.56, -76.41, 16.18, 59.24, 46.68, tool_torque, -1.715, 0.248, -0.201, joint_torque, -0.26, -7.52, -0.25, 5.16, 1.02, -1.37, -0.17, robot_mode, normal, 
12/01/2023 14:03:43:513, robot_pos, 1673531964132, 621.61, 80.52, 308.5, 2.28, -0.01, 3.08, circuit_pos, 620.78, 89.35, 307.67, 2.27, -0.01, 3.09, tool_force, -1.35, 1.73, -9.67, actual_rep, 1, curr_step, 21, track_size, 72, robot_vel, 38.96, joints_pos, 17.19, 44.2, -16.56, -76.41, 16.18, 59.24, 46.68, tool_torque, -1.715, 0.248, -0.201, joint_torque, -0.26, -7.52, -0.25, 5.16, 1.02, -1.37, -0.17, robot_mode, normal, 
12/01/2023 14:03:43:631, robot_pos, 1673531964283, 621.31, 86.37, 309.17, 2.27, -0.01, 3.08, circuit_pos, 620.25, 96.98, 308.51, 2.27, -0.02, 3.08, tool_force, -1.13, 1.67, -9.83, actual_rep, 1, curr_step, 22, track_size, 72, robot_vel, 36.71, joints_pos, 17.71, 44.2, -16.55, -76.29, 16.14, 59.31, 47.49, tool_torque, -1.712, 0.205, -0.224, joint_torque, -0.09, -7.62, -0.16, 5.19, 1.0, -1.38, -0.21, robot_mode, normal, 
12/01/2023 14:03:43:651, robot_pos, 1673531964283, 621.31, 86.37, 309.17, 2.27, -0.01, 3.08, circuit_pos, 620.25, 96.98, 308.51, 2.27, -0.02, 3.08, tool_force, -1.13, 1.67, -9.83, actual_rep, 1, curr_step, 22, track_size, 72, robot_vel, 36.71, joints_pos, 17.71, 44.2, -16.55, -76.29, 16.14, 59.31, 47.49, tool_torque, -1.712, 0.205, -0.224, joint_torque, -0.09, -7.62, -0.16, 5.19, 1.0, -1.38, -0.21, robot_mode, normal, 
12/01/2023 14:03:43:672, robot_pos, 1673531964283, 621.31, 86.37, 309.17, 2.27, -0.01, 3.08, circuit_pos, 620.25, 96.98, 308.51, 2.27, -0.02, 3.08, tool_force, -1.13, 1.67, -9.83, actual_rep, 1, curr_step, 22, track_size, 72, robot_vel, 36.71, joints_pos, 17.71, 44.2, -16.55, -76.29, 16.14, 59.31, 47.49, tool_torque, -1.712, 0.205, -0.224, joint_torque, -0.09, -7.62, -0.16, 5.19, 1.0, -1.38, -0.21, robot_mode, normal, 
12/01/2023 14:03:43:782, robot_pos, 1673531964430, 620.98, 92.05, 309.81, 2.27, -0.02, 3.08, circuit_pos, 619.96, 103.53, 309.26, 2.26, -0.02, 3.08, tool_force, -0.66, 1.74, -9.98, actual_rep, 1, curr_step, 23, track_size, 72, robot_vel, 42.05, joints_pos, 18.1, 44.18, -16.47, -76.22, 16.53, 59.34, 47.91, tool_torque, -1.629, 0.088, -0.214, joint_torque, -0.34, -7.73, -0.49, 5.21, 0.87, -1.39, -0.2, robot_mode, normal, 
12/01/2023 14:03:43:802, robot_pos, 1673531964430, 620.98, 92.05, 309.81, 2.27, -0.02, 3.08, circuit_pos, 619.96, 103.53, 309.26, 2.26, -0.02, 3.08, tool_force, -0.66, 1.74, -9.98, actual_rep, 1, curr_step, 23, track_size, 72, robot_vel, 42.05, joints_pos, 18.1, 44.18, -16.47, -76.22, 16.53, 59.34, 47.91, tool_torque, -1.629, 0.088, -0.214, joint_torque, -0.34, -7.73, -0.49, 5.21, 0.87, -1.39, -0.2, robot_mode, normal, 
12/01/2023 14:03:43:822, robot_pos, 1673531964430, 620.98, 92.05, 309.81, 2.27, -0.02, 3.08, circuit_pos, 619.96, 103.53, 309.26, 2.26, -0.02, 3.08, tool_force, -0.66, 1.74, -9.98, actual_rep, 1, curr_step, 23, track_size, 72, robot_vel, 42.05, joints_pos, 18.1, 44.18, -16.47, -76.22, 16.53, 59.34, 47.91, tool_torque, -1.629, 0.088, -0.214, joint_torque, -0.34, -7.73, -0.49, 5.21, 0.87, -1.39, -0.2, robot_mode, normal, 
12/01/2023 14:03:43:936, robot_pos, 1673531964581, 620.63, 97.82, 310.47, 2.27, -0.02, 3.08, circuit_pos, 619.96, 103.53, 309.26, 2.26, -0.02, 3.08, tool_force, -1.23, 1.7, -9.78, actual_rep, 1, curr_step, 23, track_size, 72, robot_vel, 42.94, joints_pos, 18.59, 44.17, -16.47, -76.12, 16.68, 59.37, 48.67, tool_torque, -1.627, 0.1, -0.224, joint_torque, -0.32, -7.66, -0.47, 5.25, 0.87, -1.42, -0.21, robot_mode, normal, 
12/01/2023 14:03:43:955, robot_pos, 1673531964581, 620.63, 97.82, 310.47, 2.27, -0.02, 3.08, circuit_pos, 619.96, 103.53, 309.26, 2.26, -0.02, 3.08, tool_force, -1.23, 1.7, -9.78, actual_rep, 1, curr_step, 23, track_size, 72, robot_vel, 42.94, joints_pos, 18.59, 44.17, -16.47, -76.12, 16.68, 59.37, 48.67, tool_torque, -1.627, 0.1, -0.224, joint_torque, -0.32, -7.66, -0.47, 5.25, 0.87, -1.42, -0.21, robot_mode, normal, 
12/01/2023 14:03:44:081, robot_pos, 1673531964729, 620.35, 103.66, 311.23, 2.26, -0.02, 3.08, circuit_pos, 619.88, 109.67, 310.15, 2.26, -0.02, 3.08, tool_force, -0.72, 1.83, -9.79, actual_rep, 1, curr_step, 24, track_size, 72, robot_vel, 40.48, joints_pos, 19.1, 44.19, -16.49, -75.98, 16.75, 59.44, 49.39, tool_torque, -1.675, 0.112, -0.23, joint_torque, -0.2, -7.74, -0.33, 5.26, 0.86, -1.44, -0.2, robot_mode, normal, 
12/01/2023 14:03:44:100, robot_pos, 1673531964729, 620.35, 103.66, 311.23, 2.26, -0.02, 3.08, circuit_pos, 619.88, 109.67, 310.15, 2.26, -0.02, 3.08, tool_force, -0.72, 1.83, -9.79, actual_rep, 1, curr_step, 24, track_size, 72, robot_vel, 40.48, joints_pos, 19.1, 44.19, -16.49, -75.98, 16.75, 59.44, 49.39, tool_torque, -1.675, 0.112, -0.23, joint_torque, -0.2, -7.74, -0.33, 5.26, 0.86, -1.44, -0.2, robot_mode, normal, 
12/01/2023 14:03:44:242, robot_pos, 1673531964880, 620.31, 109.45, 312.06, 2.26, -0.02, 3.07, circuit_pos, 619.73, 115.25, 310.98, 2.26, -0.02, 3.07, tool_force, -0.96, 2.18, -9.93, actual_rep, 1, curr_step, 25, track_size, 72, robot_vel, 39.57, joints_pos, 19.59, 44.21, -16.5, -75.81, 16.92, 59.46, 49.9, tool_torque, -1.509, 0.19, -0.227, joint_torque, -0.1, -7.67, -0.25, 5.29, 0.85, -1.33, -0.19, robot_mode, normal, 
12/01/2023 14:03:44:263, robot_pos, 1673531964880, 620.31, 109.45, 312.06, 2.26, -0.02, 3.07, circuit_pos, 619.73, 115.25, 310.98, 2.26, -0.02, 3.07, tool_force, -0.96, 2.18, -9.93, actual_rep, 1, curr_step, 25, track_size, 72, robot_vel, 39.57, joints_pos, 19.59, 44.21, -16.5, -75.81, 16.92, 59.46, 49.9, tool_torque, -1.509, 0.19, -0.227, joint_torque, -0.1, -7.67, -0.25, 5.29, 0.85, -1.33, -0.19, robot_mode, normal, 
12/01/2023 14:03:44:281, robot_pos, 1673531964880, 620.31, 109.45, 312.06, 2.26, -0.02, 3.07, circuit_pos, 619.73, 115.25, 310.98, 2.26, -0.02, 3.07, tool_force, -0.96, 2.18, -9.93, actual_rep, 1, curr_step, 25, track_size, 72, robot_vel, 39.57, joints_pos, 19.59, 44.21, -16.5, -75.81, 16.92, 59.46, 49.9, tool_torque, -1.509, 0.19, -0.227, joint_torque, -0.1, -7.67, -0.25, 5.29, 0.85, -1.33, -0.19, robot_mode, normal, 
12/01/2023 14:03:44:383, robot_pos, 1673531965029, 620.2, 115.2, 312.92, 2.26, -0.02, 3.07, circuit_pos, 619.61, 120.68, 311.81, 2.26, -0.02, 3.07, tool_force, -1.28, 2.38, -10.21, actual_rep, 1, curr_step, 26, track_size, 72, robot_vel, 40.19, joints_pos, 20.08, 44.21, -16.5, -75.67, 17.04, 59.4, 50.4, tool_torque, -1.376, 0.283, -0.232, joint_torque, -0.04, -7.7, -0.22, 5.33, 0.86, -1.21, -0.21, robot_mode, normal, 
12/01/2023 14:03:44:403, robot_pos, 1673531965029, 620.2, 115.2, 312.92, 2.26, -0.02, 3.07, circuit_pos, 619.61, 120.68, 311.81, 2.26, -0.02, 3.07, tool_force, -1.28, 2.38, -10.21, actual_rep, 1, curr_step, 26, track_size, 72, robot_vel, 40.19, joints_pos, 20.08, 44.21, -16.5, -75.67, 17.04, 59.4, 50.4, tool_torque, -1.376, 0.283, -0.232, joint_torque, -0.04, -7.7, -0.22, 5.33, 0.86, -1.21, -0.21, robot_mode, normal, 
12/01/2023 14:03:44:422, robot_pos, 1673531965029, 620.2, 115.2, 312.92, 2.26, -0.02, 3.07, circuit_pos, 619.61, 120.68, 311.81, 2.26, -0.02, 3.07, tool_force, -1.28, 2.38, -10.21, actual_rep, 1, curr_step, 26, track_size, 72, robot_vel, 40.19, joints_pos, 20.08, 44.21, -16.5, -75.67, 17.04, 59.4, 50.4, tool_torque, -1.376, 0.283, -0.232, joint_torque, -0.04, -7.7, -0.22, 5.33, 0.86, -1.21, -0.21, robot_mode, normal, 
12/01/2023 14:03:44:538, robot_pos, 1673531965180, 619.98, 121.07, 313.69, 2.26, -0.02, 3.07, circuit_pos, 619.45, 126.37, 312.42, 2.25, -0.02, 3.07, tool_force, -1.29, 2.2, -10.21, actual_rep, 1, curr_step, 27, track_size, 72, robot_vel, 40.47, joints_pos, 20.58, 44.23, -16.5, -75.52, 17.06, 59.4, 51.19, tool_torque, -1.449, 0.336, -0.225, joint_torque, -0.38, -7.71, -0.41, 5.28, 0.84, -1.26, -0.18, robot_mode, normal, 
12/01/2023 14:03:44:558, robot_pos, 1673531965180, 619.98, 121.07, 313.69, 2.26, -0.02, 3.07, circuit_pos, 619.45, 126.37, 312.42, 2.25, -0.02, 3.07, tool_force, -1.29, 2.2, -10.21, actual_rep, 1, curr_step, 27, track_size, 72, robot_vel, 40.47, joints_pos, 20.58, 44.23, -16.5, -75.52, 17.06, 59.4, 51.19, tool_torque, -1.449, 0.336, -0.225, joint_torque, -0.38, -7.71, -0.41, 5.28, 0.84, -1.26, -0.18, robot_mode, normal, 
12/01/2023 14:03:44:560, robot_pos, 1673531965180, 619.98, 121.07, 313.69, 2.26, -0.02, 3.07, circuit_pos, 619.45, 126.37, 312.42, 2.25, -0.02, 3.07, tool_force, -1.29, 2.2, -10.21, actual_rep, 1, curr_step, 27, track_size, 72, robot_vel, 40.47, joints_pos, 20.58, 44.23, -16.5, -75.52, 17.06, 59.4, 51.19, tool_torque, -1.449, 0.336, -0.225, joint_torque, -0.38, -7.71, -0.41, 5.28, 0.84, -1.26, -0.18, robot_mode, normal, 
12/01/2023 14:03:44:579, robot_pos, 1673531965180, 619.98, 121.07, 313.69, 2.26, -0.02, 3.07, circuit_pos, 619.45, 126.37, 312.42, 2.25, -0.02, 3.07, tool_force, -1.29, 2.2, -10.21, actual_rep, 1, curr_step, 27, track_size, 72, robot_vel, 40.47, joints_pos, 20.58, 44.23, -16.5, -75.52, 17.06, 59.4, 51.19, tool_torque, -1.449, 0.336, -0.225, joint_torque, -0.38, -7.71, -0.41, 5.28, 0.84, -1.26, -0.18, robot_mode, normal, 
12/01/2023 14:03:44:689, robot_pos, 1673531965330, 619.78, 126.98, 314.22, 2.25, -0.02, 3.07, circuit_pos, 619.15, 132.12, 312.83, 2.25, -0.02, 3.07, tool_force, -0.7, 2.19, -10.09, actual_rep, 1, curr_step, 28, track_size, 72, robot_vel, 38.84, joints_pos, 21.1, 44.29, -16.51, -75.32, 17.06, 59.43, 51.94, tool_torque, -1.533, 0.193, -0.239, joint_torque, -0.07, -7.73, -0.26, 5.3, 0.86, -1.37, -0.21, robot_mode, normal, 
12/01/2023 14:03:44:707, robot_pos, 1673531965330, 619.78, 126.98, 314.22, 2.25, -0.02, 3.07, circuit_pos, 619.15, 132.12, 312.83, 2.25, -0.02, 3.07, tool_force, -0.7, 2.19, -10.09, actual_rep, 1, curr_step, 28, track_size, 72, robot_vel, 38.84, joints_pos, 21.1, 44.29, -16.51, -75.32, 17.06, 59.43, 51.94, tool_torque, -1.533, 0.193, -0.239, joint_torque, -0.07, -7.73, -0.26, 5.3, 0.86, -1.37, -0.21, robot_mode, normal, 
12/01/2023 14:03:44:727, robot_pos, 1673531965330, 619.78, 126.98, 314.22, 2.25, -0.02, 3.07, circuit_pos, 619.15, 132.12, 312.83, 2.25, -0.02, 3.07, tool_force, -0.7, 2.19, -10.09, actual_rep, 1, curr_step, 28, track_size, 72, robot_vel, 38.84, joints_pos, 21.1, 44.29, -16.51, -75.32, 17.06, 59.43, 51.94, tool_torque, -1.533, 0.193, -0.239, joint_torque, -0.07, -7.73, -0.26, 5.3, 0.86, -1.37, -0.21, robot_mode, normal, 
12/01/2023 14:03:44:839, robot_pos, 1673531965479, 619.49, 132.63, 314.59, 2.25, -0.02, 3.06, circuit_pos, 618.9, 137.78, 313.01, 2.25, -0.02, 3.07, tool_force, -1.03, 1.81, -9.73, actual_rep, 1, curr_step, 29, track_size, 72, robot_vel, 42.96, joints_pos, 21.59, 44.36, -16.52, -75.14, 17.06, 59.48, 52.57, tool_torque, -1.678, 0.249, -0.236, joint_torque, -0.28, -7.68, -0.29, 5.31, 0.86, -1.48, -0.18, robot_mode, normal, 
12/01/2023 14:03:44:857, robot_pos, 1673531965479, 619.49, 132.63, 314.59, 2.25, -0.02, 3.06, circuit_pos, 618.9, 137.78, 313.01, 2.25, -0.02, 3.07, tool_force, -1.03, 1.81, -9.73, actual_rep, 1, curr_step, 29, track_size, 72, robot_vel, 42.96, joints_pos, 21.59, 44.36, -16.52, -75.14, 17.06, 59.48, 52.57, tool_torque, -1.678, 0.249, -0.236, joint_torque, -0.28, -7.68, -0.29, 5.31, 0.86, -1.48, -0.18, robot_mode, normal, 
12/01/2023 14:03:44:879, robot_pos, 1673531965479, 619.49, 132.63, 314.59, 2.25, -0.02, 3.06, circuit_pos, 618.9, 137.78, 313.01, 2.25, -0.02, 3.07, tool_force, -1.03, 1.81, -9.73, actual_rep, 1, curr_step, 29, track_size, 72, robot_vel, 42.96, joints_pos, 21.59, 44.36, -16.52, -75.14, 17.06, 59.48, 52.57, tool_torque, -1.678, 0.249, -0.236, joint_torque, -0.28, -7.68, -0.29, 5.31, 0.86, -1.48, -0.18, robot_mode, normal, 
12/01/2023 14:03:44:984, robot_pos, 1673531965629, 619.25, 138.47, 314.87, 2.25, -0.02, 3.06, circuit_pos, 618.68, 143.43, 313.21, 2.25, -0.02, 3.07, tool_force, -0.72, 1.84, -9.89, actual_rep, 1, curr_step, 30, track_size, 72, robot_vel, 38.13, joints_pos, 22.09, 44.46, -16.52, -74.91, 17.03, 59.56, 53.16, tool_torque, -1.719, 0.162, -0.198, joint_torque, -0.17, -7.98, -0.3, 5.4, 0.9, -1.53, -0.17, robot_mode, normal, 
12/01/2023 14:03:45:004, robot_pos, 1673531965629, 619.25, 138.47, 314.87, 2.25, -0.02, 3.06, circuit_pos, 618.68, 143.43, 313.21, 2.25, -0.02, 3.07, tool_force, -0.72, 1.84, -9.89, actual_rep, 1, curr_step, 30, track_size, 72, robot_vel, 38.13, joints_pos, 22.09, 44.46, -16.52, -74.91, 17.03, 59.56, 53.16, tool_torque, -1.719, 0.162, -0.198, joint_torque, -0.17, -7.98, -0.3, 5.4, 0.9, -1.53, -0.17, robot_mode, normal, 
12/01/2023 14:03:45:023, robot_pos, 1673531965629, 619.25, 138.47, 314.87, 2.25, -0.02, 3.06, circuit_pos, 618.68, 143.43, 313.21, 2.25, -0.02, 3.07, tool_force, -0.72, 1.84, -9.89, actual_rep, 1, curr_step, 30, track_size, 72, robot_vel, 38.13, joints_pos, 22.09, 44.46, -16.52, -74.91, 17.03, 59.56, 53.16, tool_torque, -1.719, 0.162, -0.198, joint_torque, -0.17, -7.98, -0.3, 5.4, 0.9, -1.53, -0.17, robot_mode, normal, 
12/01/2023 14:03:45:143, robot_pos, 1673531965778, 619.25, 144.26, 315.2, 2.25, -0.02, 3.06, circuit_pos, 618.64, 153.34, 313.12, 2.24, -0.02, 3.06, tool_force, -1.3, 2.36, -10.0, actual_rep, 1, curr_step, 32, track_size, 72, robot_vel, 46.66, joints_pos, 22.57, 44.54, -16.5, -74.71, 17.09, 59.45, 53.95, tool_torque, -1.393, 0.285, -0.192, joint_torque, -0.13, -7.75, -0.33, 5.33, 0.83, -1.28, -0.17, robot_mode, normal, 
12/01/2023 14:03:45:161, robot_pos, 1673531965778, 619.25, 144.26, 315.2, 2.25, -0.02, 3.06, circuit_pos, 618.64, 153.34, 313.12, 2.24, -0.02, 3.06, tool_force, -1.3, 2.36, -10.0, actual_rep, 1, curr_step, 32, track_size, 72, robot_vel, 46.66, joints_pos, 22.57, 44.54, -16.5, -74.71, 17.09, 59.45, 53.95, tool_torque, -1.393, 0.285, -0.192, joint_torque, -0.13, -7.75, -0.33, 5.33, 0.83, -1.28, -0.17, robot_mode, normal, 
12/01/2023 14:03:45:180, robot_pos, 1673531965778, 619.25, 144.26, 315.2, 2.25, -0.02, 3.06, circuit_pos, 618.64, 153.34, 313.12, 2.24, -0.02, 3.06, tool_force, -1.3, 2.36, -10.0, actual_rep, 1, curr_step, 32, track_size, 72, robot_vel, 46.66, joints_pos, 22.57, 44.54, -16.5, -74.71, 17.09, 59.45, 53.95, tool_torque, -1.393, 0.285, -0.192, joint_torque, -0.13, -7.75, -0.33, 5.33, 0.83, -1.28, -0.17, robot_mode, normal, 
12/01/2023 14:03:45:283, robot_pos, 1673531965927, 619.05, 149.94, 315.03, 2.24, -0.02, 3.06, circuit_pos, 618.01, 166.56, 311.61, 2.22, -0.01, 3.06, tool_force, -0.77, 2.78, -10.31, actual_rep, 1, curr_step, 35, track_size, 72, robot_vel, 38.84, joints_pos, 23.05, 44.64, -16.51, -74.58, 17.17, 59.27, 54.76, tool_torque, -1.355, 0.366, -0.2, joint_torque, -0.39, -7.87, -0.46, 5.34, 0.83, -1.25, -0.17, robot_mode, normal, 
12/01/2023 14:03:45:441, robot_pos, 1673531966077, 618.89, 155.86, 314.6, 2.23, -0.02, 3.06, circuit_pos, 617.74, 172.36, 310.59, 2.21, -0.01, 3.06, tool_force, -1.14, 2.7, -10.1, actual_rep, 1, curr_step, 37, track_size, 72, robot_vel, 41.56, joints_pos, 23.64, 44.79, -16.57, -74.38, 17.01, 59.12, 55.78, tool_torque, -1.378, 0.425, -0.205, joint_torque, 0.04, -7.92, -0.12, 5.43, 0.89, -1.25, -0.17, robot_mode, normal, 
12/01/2023 14:03:45:460, robot_pos, 1673531966077, 618.89, 155.86, 314.6, 2.23, -0.02, 3.06, circuit_pos, 617.74, 172.36, 310.59, 2.21, -0.01, 3.06, tool_force, -1.14, 2.7, -10.1, actual_rep, 1, curr_step, 37, track_size, 72, robot_vel, 41.56, joints_pos, 23.64, 44.79, -16.57, -74.38, 17.01, 59.12, 55.78, tool_torque, -1.378, 0.425, -0.205, joint_torque, 0.04, -7.92, -0.12, 5.43, 0.89, -1.25, -0.17, robot_mode, normal, 
12/01/2023 14:03:45:586, robot_pos, 1673531966226, 618.55, 161.55, 313.74, 2.23, -0.02, 3.06, circuit_pos, 617.47, 173.15, 309.13, 2.21, -0.01, 3.07, tool_force, -0.58, 2.55, -10.36, actual_rep, 1, curr_step, 40, track_size, 72, robot_vel, 36.55, joints_pos, 24.15, 44.99, -16.58, -74.18, 16.88, 59.08, 56.83, tool_torque, -1.451, 0.36, -0.195, joint_torque, 0.22, -7.93, -0.09, 5.44, 0.91, -1.33, -0.17, robot_mode, normal, 
12/01/2023 14:03:45:751, robot_pos, 1673531966376, 618.24, 167.35, 312.55, 2.22, -0.01, 3.06, circuit_pos, 617.53, 172.87, 309.29, 2.21, -0.01, 3.07, tool_force, -0.94, 2.06, -10.27, actual_rep, 1, curr_step, 42, track_size, 72, robot_vel, 46.74, joints_pos, 24.68, 45.25, -16.59, -73.9, 16.65, 59.14, 57.97, tool_torque, -1.642, 0.369, -0.196, joint_torque, -0.2, -8.13, -0.31, 5.46, 0.88, -1.49, -0.16, robot_mode, normal, 
12/01/2023 14:03:45:768, robot_pos, 1673531966376, 618.24, 167.35, 312.55, 2.22, -0.01, 3.06, circuit_pos, 617.53, 172.87, 309.29, 2.21, -0.01, 3.07, tool_force, -0.94, 2.06, -10.27, actual_rep, 1, curr_step, 42, track_size, 72, robot_vel, 46.74, joints_pos, 24.68, 45.25, -16.59, -73.9, 16.65, 59.14, 57.97, tool_torque, -1.642, 0.369, -0.196, joint_torque, -0.2, -8.13, -0.31, 5.46, 0.88, -1.49, -0.16, robot_mode, normal, 
12/01/2023 14:03:46:048, robot_pos, 1673531966676, 617.99, 173.44, 312.12, 2.21, -0.01, 3.07, circuit_pos, 617.62, 173.49, 309.59, 2.21, -0.01, 3.07, tool_force, -0.62, 2.17, -10.13, actual_rep, 1, curr_step, 47, track_size, 72, robot_vel, 1.41, joints_pos, 25.32, 45.52, -16.77, -73.53, 16.46, 59.37, 59.14, tool_torque, -1.545, 0.158, -0.065, joint_torque, -0.16, -8.18, -0.43, 5.53, 0.71, -1.53, 0.01, robot_mode, normal, 
12/01/2023 14:03:46:067, robot_pos, 1673531966676, 617.99, 173.44, 312.12, 2.21, -0.01, 3.07, circuit_pos, 617.62, 173.49, 309.59, 2.21, -0.01, 3.07, tool_force, -0.62, 2.17, -10.13, actual_rep, 1, curr_step, 47, track_size, 72, robot_vel, 1.41, joints_pos, 25.32, 45.52, -16.77, -73.53, 16.46, 59.37, 59.14, tool_torque, -1.545, 0.158, -0.065, joint_torque, -0.16, -8.18, -0.43, 5.53, 0.71, -1.53, 0.01, robot_mode, normal, 
12/01/2023 14:03:46:087, robot_pos, 1673531966676, 617.99, 173.44, 312.12, 2.21, -0.01, 3.07, circuit_pos, 617.62, 173.49, 309.59, 2.21, -0.01, 3.07, tool_force, -0.62, 2.17, -10.13, actual_rep, 1, curr_step, 47, track_size, 72, robot_vel, 1.41, joints_pos, 25.32, 45.52, -16.77, -73.53, 16.46, 59.37, 59.14, tool_torque, -1.545, 0.158, -0.065, joint_torque, -0.16, -8.18, -0.43, 5.53, 0.71, -1.53, 0.01, robot_mode, normal, 
12/01/2023 14:03:46:370, robot_pos, 1673531966975, 618.19, 173.63, 311.56, 2.21, -0.01, 3.07, circuit_pos, 617.7, 173.69, 309.5, 2.21, -0.01, 3.07, tool_force, -0.53, 3.1, -10.07, actual_rep, 1, curr_step, 52, track_size, 72, robot_vel, 1.76, joints_pos, 25.32, 45.59, -16.76, -73.48, 16.48, 59.35, 59.12, tool_torque, -1.345, 0.107, 0.034, joint_torque, 0.08, -7.84, -0.35, 5.54, 0.75, -1.48, 0.07, robot_mode, normal, 
12/01/2023 14:03:46:387, robot_pos, 1673531966975, 618.19, 173.63, 311.56, 2.21, -0.01, 3.07, circuit_pos, 617.7, 173.69, 309.5, 2.21, -0.01, 3.07, tool_force, -0.53, 3.1, -10.07, actual_rep, 1, curr_step, 52, track_size, 72, robot_vel, 1.76, joints_pos, 25.32, 45.59, -16.76, -73.48, 16.48, 59.35, 59.12, tool_torque, -1.345, 0.107, 0.034, joint_torque, 0.08, -7.84, -0.35, 5.54, 0.75, -1.48, 0.07, robot_mode, normal, 
12/01/2023 14:03:46:647, robot_pos, 1673531967276, 618.18, 173.73, 311.59, 2.21, -0.01, 3.07, circuit_pos, 617.71, 173.62, 309.53, 2.21, -0.01, 3.07, tool_force, -0.66, 2.9, -10.12, actual_rep, 1, curr_step, 57, track_size, 72, robot_vel, 0.18, joints_pos, 25.32, 45.59, -16.75, -73.48, 16.47, 59.35, 59.12, tool_torque, -1.375, 0.138, -0.01, joint_torque, -0.01, -7.88, -0.43, 5.53, 0.75, -1.48, 0.02, robot_mode, normal, 
12/01/2023 14:03:46:667, robot_pos, 1673531967276, 618.18, 173.73, 311.59, 2.21, -0.01, 3.07, circuit_pos, 617.71, 173.62, 309.53, 2.21, -0.01, 3.07, tool_force, -0.66, 2.9, -10.12, actual_rep, 1, curr_step, 57, track_size, 72, robot_vel, 0.18, joints_pos, 25.32, 45.59, -16.75, -73.48, 16.47, 59.35, 59.12, tool_torque, -1.375, 0.138, -0.01, joint_torque, -0.01, -7.88, -0.43, 5.53, 0.75, -1.48, 0.02, robot_mode, normal, 
12/01/2023 14:03:46:686, robot_pos, 1673531967276, 618.18, 173.73, 311.59, 2.21, -0.01, 3.07, circuit_pos, 617.71, 173.62, 309.53, 2.21, -0.01, 3.07, tool_force, -0.66, 2.9, -10.12, actual_rep, 1, curr_step, 57, track_size, 72, robot_vel, 0.18, joints_pos, 25.32, 45.59, -16.75, -73.48, 16.47, 59.35, 59.12, tool_torque, -1.375, 0.138, -0.01, joint_torque, -0.01, -7.88, -0.43, 5.53, 0.75, -1.48, 0.02, robot_mode, normal, 
12/01/2023 14:03:46:938, robot_pos, 1673531967574, 618.16, 173.76, 311.59, 2.21, -0.01, 3.07, circuit_pos, 617.7, 173.64, 309.53, 2.21, -0.01, 3.07, tool_force, -0.73, 2.92, -10.13, actual_rep, 1, curr_step, 62, track_size, 72, robot_vel, 0.04, joints_pos, 25.32, 45.58, -16.75, -73.49, 16.48, 59.35, 59.12, tool_torque, -1.368, 0.147, -0.015, joint_torque, -0.04, -7.91, -0.44, 5.55, 0.75, -1.47, 0.02, robot_mode, normal, 
12/01/2023 14:03:46:959, robot_pos, 1673531967574, 618.16, 173.76, 311.59, 2.21, -0.01, 3.07, circuit_pos, 617.7, 173.64, 309.53, 2.21, -0.01, 3.07, tool_force, -0.73, 2.92, -10.13, actual_rep, 1, curr_step, 62, track_size, 72, robot_vel, 0.04, joints_pos, 25.32, 45.58, -16.75, -73.49, 16.48, 59.35, 59.12, tool_torque, -1.368, 0.147, -0.015, joint_torque, -0.04, -7.91, -0.44, 5.55, 0.75, -1.47, 0.02, robot_mode, normal, 
12/01/2023 14:03:46:980, robot_pos, 1673531967574, 618.16, 173.76, 311.59, 2.21, -0.01, 3.07, circuit_pos, 617.7, 173.64, 309.53, 2.21, -0.01, 3.07, tool_force, -0.73, 2.92, -10.13, actual_rep, 1, curr_step, 62, track_size, 72, robot_vel, 0.04, joints_pos, 25.32, 45.58, -16.75, -73.49, 16.48, 59.35, 59.12, tool_torque, -1.368, 0.147, -0.015, joint_torque, -0.04, -7.91, -0.44, 5.55, 0.75, -1.47, 0.02, robot_mode, normal, 
12/01/2023 14:03:47:259, robot_pos, 1673531967875, 618.16, 173.76, 311.59, 2.21, -0.01, 3.07, circuit_pos, 617.71, 173.63, 309.53, 2.21, -0.01, 3.07, tool_force, -0.68, 2.89, -10.16, actual_rep, 1, curr_step, 67, track_size, 72, robot_vel, 0.02, joints_pos, 25.32, 45.58, -16.75, -73.49, 16.48, 59.35, 59.12, tool_torque, -1.37, 0.143, -0.018, joint_torque, -0.02, -7.91, -0.43, 5.54, 0.74, -1.47, 0.01, robot_mode, normal, 
12/01/2023 14:03:47:279, robot_pos, 1673531967875, 618.16, 173.76, 311.59, 2.21, -0.01, 3.07, circuit_pos, 617.71, 173.63, 309.53, 2.21, -0.01, 3.07, tool_force, -0.68, 2.89, -10.16, actual_rep, 1, curr_step, 67, track_size, 72, robot_vel, 0.02, joints_pos, 25.32, 45.58, -16.75, -73.49, 16.48, 59.35, 59.12, tool_torque, -1.37, 0.143, -0.018, joint_torque, -0.02, -7.91, -0.43, 5.54, 0.74, -1.47, 0.01, robot_mode, normal, 
12/01/2023 14:03:47:299, robot_pos, 1673531967875, 618.16, 173.76, 311.59, 2.21, -0.01, 3.07, circuit_pos, 617.71, 173.63, 309.53, 2.21, -0.01, 3.07, tool_force, -0.68, 2.89, -10.16, actual_rep, 1, curr_step, 67, track_size, 72, robot_vel, 0.02, joints_pos, 25.32, 45.58, -16.75, -73.49, 16.48, 59.35, 59.12, tool_torque, -1.37, 0.143, -0.018, joint_torque, -0.02, -7.91, -0.43, 5.54, 0.74, -1.47, 0.01, robot_mode, normal, 
12/01/2023 14:03:47:396, robot_pos, 1673531968025, 618.16, 173.76, 311.59, 2.21, -0.01, 3.07, circuit_pos, 617.71, 173.63, 309.53, 2.21, -0.01, 3.07, tool_force, -0.69, 2.92, -10.14, actual_rep, 1, curr_step, 69, track_size, 72, robot_vel, 0.0, joints_pos, 25.32, 45.58, -16.75, -73.49, 16.48, 59.35, 59.12, tool_torque, -1.367, 0.146, -0.018, joint_torque, -0.02, -7.92, -0.43, 5.55, 0.74, -1.47, 0.01, robot_mode, normal, 
12/01/2023 14:03:47:550, robot_pos, 1673531968177, 618.16, 173.75, 311.59, 2.21, -0.01, 3.07, circuit_pos, 617.71, 173.63, 309.53, 2.21, -0.01, 3.07, tool_force, -0.7, 2.91, -10.15, actual_rep, 1, curr_step, 71, track_size, 72, robot_vel, 0.0, joints_pos, 25.32, 45.58, -16.75, -73.49, 16.48, 59.35, 59.12, tool_torque, -1.37, 0.146, -0.019, joint_torque, -0.02, -7.94, -0.43, 5.55, 0.74, -1.47, 0.01, robot_mode, normal, 
12/01/2023 14:03:47:567, robot_pos, 1673531968177, 618.16, 173.75, 311.59, 2.21, -0.01, 3.07, circuit_pos, 617.71, 173.63, 309.53, 2.21, -0.01, 3.07, tool_force, -0.7, 2.91, -10.15, actual_rep, 1, curr_step, 71, track_size, 72, robot_vel, 0.0, joints_pos, 25.32, 45.58, -16.75, -73.49, 16.48, 59.35, 59.12, tool_torque, -1.37, 0.146, -0.019, joint_torque, -0.02, -7.94, -0.43, 5.55, 0.74, -1.47, 0.01, robot_mode, normal, 
12/01/2023 14:03:47:587, robot_pos, 1673531968177, 618.16, 173.75, 311.59, 2.21, -0.01, 3.07, circuit_pos, 617.71, 173.63, 309.53, 2.21, -0.01, 3.07, tool_force, -0.7, 2.91, -10.15, actual_rep, 1, curr_step, 71, track_size, 72, robot_vel, 0.0, joints_pos, 25.32, 45.58, -16.75, -73.49, 16.48, 59.35, 59.12, tool_torque, -1.37, 0.146, -0.019, joint_torque, -0.02, -7.94, -0.43, 5.55, 0.74, -1.47, 0.01, robot_mode, normal, 
12/01/2023 14:03:47:698, robot_pos, 1673531968328, 618.16, 173.75, 311.59, 2.21, -0.01, 3.07, circuit_pos, 617.71, 173.63, 309.53, 2.21, -0.01, 3.07, tool_force, -0.72, 2.94, -10.12, actual_rep, 1, curr_step, 68, track_size, 72, robot_vel, 0.01, joints_pos, 25.32, 45.58, -16.75, -73.49, 16.48, 59.35, 59.12, tool_torque, -1.366, 0.147, -0.017, joint_torque, -0.02, -7.91, -0.43, 5.54, 0.75, -1.47, 0.01, robot_mode, normal, 
12/01/2023 14:03:47:872, robot_pos, 1673531968478, 618.16, 173.75, 311.59, 2.21, -0.01, 3.07, circuit_pos, 617.71, 173.63, 309.53, 2.21, -0.01, 3.07, tool_force, -0.71, 2.93, -10.12, actual_rep, 1, curr_step, 66, track_size, 72, robot_vel, 0.01, joints_pos, 25.32, 45.58, -16.75, -73.49, 16.48, 59.35, 59.12, tool_torque, -1.365, 0.145, -0.017, joint_torque, -0.02, -7.92, -0.44, 5.55, 0.75, -1.47, 0.01, robot_mode, normal, 
12/01/2023 14:03:47:893, robot_pos, 1673531968478, 618.16, 173.75, 311.59, 2.21, -0.01, 3.07, circuit_pos, 617.71, 173.63, 309.53, 2.21, -0.01, 3.07, tool_force, -0.71, 2.93, -10.12, actual_rep, 1, curr_step, 66, track_size, 72, robot_vel, 0.01, joints_pos, 25.32, 45.58, -16.75, -73.49, 16.48, 59.35, 59.12, tool_torque, -1.365, 0.145, -0.017, joint_torque, -0.02, -7.92, -0.44, 5.55, 0.75, -1.47, 0.01, robot_mode, normal, 
12/01/2023 14:03:48:153, robot_pos, 1673531968780, 618.16, 173.76, 311.59, 2.21, -0.01, 3.07, circuit_pos, 617.7, 173.64, 309.53, 2.21, -0.01, 3.07, tool_force, -0.77, 2.97, -10.1, actual_rep, 1, curr_step, 60, track_size, 72, robot_vel, 0.02, joints_pos, 25.32, 45.58, -16.75, -73.49, 16.48, 59.35, 59.12, tool_torque, -1.368, 0.156, -0.019, joint_torque, -0.05, -7.89, -0.44, 5.54, 0.75, -1.47, 0.01, robot_mode, normal, 
12/01/2023 14:03:48:299, robot_pos, 1673531968930, 618.15, 173.76, 311.59, 2.21, -0.01, 3.07, circuit_pos, 617.7, 173.64, 309.53, 2.21, -0.01, 3.07, tool_force, -0.76, 2.94, -10.12, actual_rep, 1, curr_step, 58, track_size, 72, robot_vel, 0.0, joints_pos, 25.32, 45.58, -16.75, -73.49, 16.48, 59.35, 59.12, tool_torque, -1.367, 0.152, -0.018, joint_torque, -0.04, -7.92, -0.45, 5.55, 0.75, -1.47, 0.01, robot_mode, normal, 
12/01/2023 14:03:48:458, robot_pos, 1673531969082, 618.15, 173.76, 311.59, 2.21, -0.01, 3.07, circuit_pos, 617.73, 173.58, 309.53, 2.21, -0.01, 3.07, tool_force, -0.71, 2.97, -10.11, actual_rep, 1, curr_step, 55, track_size, 72, robot_vel, 0.04, joints_pos, 25.32, 45.58, -16.75, -73.49, 16.48, 59.35, 59.12, tool_torque, -1.358, 0.142, -0.015, joint_torque, -0.01, -7.9, -0.43, 5.54, 0.75, -1.47, 0.01, robot_mode, normal, 
12/01/2023 14:03:48:478, robot_pos, 1673531969082, 618.15, 173.76, 311.59, 2.21, -0.01, 3.07, circuit_pos, 617.73, 173.58, 309.53, 2.21, -0.01, 3.07, tool_force, -0.71, 2.97, -10.11, actual_rep, 1, curr_step, 55, track_size, 72, robot_vel, 0.04, joints_pos, 25.32, 45.58, -16.75, -73.49, 16.48, 59.35, 59.12, tool_torque, -1.358, 0.142, -0.015, joint_torque, -0.01, -7.9, -0.43, 5.54, 0.75, -1.47, 0.01, robot_mode, normal, 
12/01/2023 14:03:48:496, robot_pos, 1673531969082, 618.15, 173.76, 311.59, 2.21, -0.01, 3.07, circuit_pos, 617.73, 173.58, 309.53, 2.21, -0.01, 3.07, tool_force, -0.71, 2.97, -10.11, actual_rep, 1, curr_step, 55, track_size, 72, robot_vel, 0.04, joints_pos, 25.32, 45.58, -16.75, -73.49, 16.48, 59.35, 59.12, tool_torque, -1.358, 0.142, -0.015, joint_torque, -0.01, -7.9, -0.43, 5.54, 0.75, -1.47, 0.01, robot_mode, normal, 
12/01/2023 14:03:48:603, robot_pos, 1673531969231, 618.16, 173.73, 311.59, 2.21, -0.01, 3.07, circuit_pos, 617.7, 173.68, 309.51, 2.21, -0.01, 3.07, tool_force, -0.64, 3.02, -10.14, actual_rep, 1, curr_step, 53, track_size, 72, robot_vel, 0.19, joints_pos, 25.32, 45.58, -16.75, -73.49, 16.48, 59.35, 59.12, tool_torque, -1.349, 0.138, -0.01, joint_torque, 0.04, -7.91, -0.39, 5.56, 0.75, -1.46, 0.02, robot_mode, normal, 
12/01/2023 14:03:48:766, robot_pos, 1673531969380, 618.15, 173.74, 311.57, 2.21, -0.01, 3.07, circuit_pos, 617.74, 173.47, 309.51, 2.21, -0.01, 3.07, tool_force, -0.88, 3.03, -10.16, actual_rep, 1, curr_step, 50, track_size, 72, robot_vel, 0.43, joints_pos, 25.32, 45.58, -16.75, -73.49, 16.48, 59.34, 59.12, tool_torque, -1.332, 0.139, -0.011, joint_torque, 0.0, -7.91, -0.42, 5.57, 0.74, -1.45, 0.03, robot_mode, normal, 
12/01/2023 14:03:48:786, robot_pos, 1673531969380, 618.15, 173.74, 311.57, 2.21, -0.01, 3.07, circuit_pos, 617.74, 173.47, 309.51, 2.21, -0.01, 3.07, tool_force, -0.88, 3.03, -10.16, actual_rep, 1, curr_step, 50, track_size, 72, robot_vel, 0.43, joints_pos, 25.32, 45.58, -16.75, -73.49, 16.48, 59.34, 59.12, tool_torque, -1.332, 0.139, -0.011, joint_torque, 0.0, -7.91, -0.42, 5.57, 0.74, -1.45, 0.03, robot_mode, normal, 
12/01/2023 14:03:48:804, robot_pos, 1673531969380, 618.15, 173.74, 311.57, 2.21, -0.01, 3.07, circuit_pos, 617.74, 173.47, 309.51, 2.21, -0.01, 3.07, tool_force, -0.88, 3.03, -10.16, actual_rep, 1, curr_step, 50, track_size, 72, robot_vel, 0.43, joints_pos, 25.32, 45.58, -16.75, -73.49, 16.48, 59.34, 59.12, tool_torque, -1.332, 0.139, -0.011, joint_torque, 0.0, -7.91, -0.42, 5.57, 0.74, -1.45, 0.03, robot_mode, normal, 
12/01/2023 14:03:49:070, robot_pos, 1673531969683, 618.18, 173.65, 311.78, 2.21, -0.01, 3.07, circuit_pos, 617.6, 173.44, 310.34, 2.21, -0.01, 3.07, tool_force, -0.61, 3.15, -9.8, actual_rep, 1, curr_step, 45, track_size, 72, robot_vel, 1.78, joints_pos, 25.32, 45.56, -16.76, -73.49, 16.48, 59.35, 59.12, tool_torque, -1.362, 0.134, 0.011, joint_torque, 0.0, -7.71, -0.38, 5.52, 0.75, -1.51, 0.05, robot_mode, normal, 
12/01/2023 14:03:49:087, robot_pos, 1673531969683, 618.18, 173.65, 311.78, 2.21, -0.01, 3.07, circuit_pos, 617.6, 173.44, 310.34, 2.21, -0.01, 3.07, tool_force, -0.61, 3.15, -9.8, actual_rep, 1, curr_step, 45, track_size, 72, robot_vel, 1.78, joints_pos, 25.32, 45.56, -16.76, -73.49, 16.48, 59.35, 59.12, tool_torque, -1.362, 0.134, 0.011, joint_torque, 0.0, -7.71, -0.38, 5.52, 0.75, -1.51, 0.05, robot_mode, normal, 
12/01/2023 14:03:49:106, robot_pos, 1673531969683, 618.18, 173.65, 311.78, 2.21, -0.01, 3.07, circuit_pos, 617.6, 173.44, 310.34, 2.21, -0.01, 3.07, tool_force, -0.61, 3.15, -9.8, actual_rep, 1, curr_step, 45, track_size, 72, robot_vel, 1.78, joints_pos, 25.32, 45.56, -16.76, -73.49, 16.48, 59.35, 59.12, tool_torque, -1.362, 0.134, 0.011, joint_torque, 0.0, -7.71, -0.38, 5.52, 0.75, -1.51, 0.05, robot_mode, normal, 
12/01/2023 14:03:49:366, robot_pos, 1673531969984, 617.96, 173.0, 311.29, 2.21, -0.01, 3.07, circuit_pos, 617.47, 173.15, 309.13, 2.21, -0.01, 3.07, tool_force, -0.43, 3.69, -10.23, actual_rep, 1, curr_step, 40, track_size, 72, robot_vel, 7.32, joints_pos, 25.29, 45.56, -16.77, -73.57, 16.45, 59.3, 59.1, tool_torque, -1.152, 0.083, 0.146, joint_torque, 0.2, -7.98, -0.39, 5.68, 0.78, -1.37, 0.17, robot_mode, normal, 
12/01/2023 14:03:49:385, robot_pos, 1673531969984, 617.96, 173.0, 311.29, 2.21, -0.01, 3.07, circuit_pos, 617.47, 173.15, 309.13, 2.21, -0.01, 3.07, tool_force, -0.43, 3.69, -10.23, actual_rep, 1, curr_step, 40, track_size, 72, robot_vel, 7.32, joints_pos, 25.29, 45.56, -16.77, -73.57, 16.45, 59.3, 59.1, tool_torque, -1.152, 0.083, 0.146, joint_torque, 0.2, -7.98, -0.39, 5.68, 0.78, -1.37, 0.17, robot_mode, normal, 
12/01/2023 14:03:49:404, robot_pos, 1673531969984, 617.96, 173.0, 311.29, 2.21, -0.01, 3.07, circuit_pos, 617.47, 173.15, 309.13, 2.21, -0.01, 3.07, tool_force, -0.43, 3.69, -10.23, actual_rep, 1, curr_step, 40, track_size, 72, robot_vel, 7.32, joints_pos, 25.29, 45.56, -16.77, -73.57, 16.45, 59.3, 59.1, tool_torque, -1.152, 0.083, 0.146, joint_torque, 0.2, -7.98, -0.39, 5.68, 0.78, -1.37, 0.17, robot_mode, normal, 
12/01/2023 14:03:49:657, robot_pos, 1673531970285, 618.47, 172.97, 312.46, 2.21, -0.01, 3.06, circuit_pos, 618.01, 166.56, 311.61, 2.22, -0.01, 3.06, tool_force, -0.93, 2.85, -10.63, actual_rep, 1, curr_step, 35, track_size, 72, robot_vel, 11.07, joints_pos, 25.29, 45.48, -16.82, -73.56, 16.56, 59.15, 58.99, tool_torque, -1.182, 0.078, 0.171, joint_torque, 0.29, -8.11, -0.23, 5.61, 0.72, -1.31, 0.24, robot_mode, normal, 
12/01/2023 14:03:49:676, robot_pos, 1673531970285, 618.47, 172.97, 312.46, 2.21, -0.01, 3.06, circuit_pos, 618.01, 166.56, 311.61, 2.22, -0.01, 3.06, tool_force, -0.93, 2.85, -10.63, actual_rep, 1, curr_step, 35, track_size, 72, robot_vel, 11.07, joints_pos, 25.29, 45.48, -16.82, -73.56, 16.56, 59.15, 58.99, tool_torque, -1.182, 0.078, 0.171, joint_torque, 0.29, -8.11, -0.23, 5.61, 0.72, -1.31, 0.24, robot_mode, normal, 
12/01/2023 14:03:49:696, robot_pos, 1673531970285, 618.47, 172.97, 312.46, 2.21, -0.01, 3.06, circuit_pos, 618.01, 166.56, 311.61, 2.22, -0.01, 3.06, tool_force, -0.93, 2.85, -10.63, actual_rep, 1, curr_step, 35, track_size, 72, robot_vel, 11.07, joints_pos, 25.29, 45.48, -16.82, -73.56, 16.56, 59.15, 58.99, tool_torque, -1.182, 0.078, 0.171, joint_torque, 0.29, -8.11, -0.23, 5.61, 0.72, -1.31, 0.24, robot_mode, normal, 
12/01/2023 14:03:49:969, robot_pos, 1673531970587, 618.58, 162.61, 313.96, 2.22, -0.01, 3.06, circuit_pos, 618.68, 143.43, 313.21, 2.25, -0.02, 3.07, tool_force, 0.49, 4.53, -10.06, actual_rep, 1, curr_step, 30, track_size, 72, robot_vel, 34.23, joints_pos, 24.52, 45.01, -17.01, -74.2, 17.03, 58.95, 56.9, tool_torque, -0.994, -0.345, 0.408, joint_torque, 0.9, -7.63, -0.11, 5.75, 0.74, -1.48, 0.43, robot_mode, normal, 
12/01/2023 14:03:49:990, robot_pos, 1673531970587, 618.58, 162.61, 313.96, 2.22, -0.01, 3.06, circuit_pos, 618.68, 143.43, 313.21, 2.25, -0.02, 3.07, tool_force, 0.49, 4.53, -10.06, actual_rep, 1, curr_step, 30, track_size, 72, robot_vel, 34.23, joints_pos, 24.52, 45.01, -17.01, -74.2, 17.03, 58.95, 56.9, tool_torque, -0.994, -0.345, 0.408, joint_torque, 0.9, -7.63, -0.11, 5.75, 0.74, -1.48, 0.43, robot_mode, normal, 
12/01/2023 14:03:50:011, robot_pos, 1673531970587, 618.58, 162.61, 313.96, 2.22, -0.01, 3.06, circuit_pos, 618.68, 143.43, 313.21, 2.25, -0.02, 3.07, tool_force, 0.49, 4.53, -10.06, actual_rep, 1, curr_step, 30, track_size, 72, robot_vel, 34.23, joints_pos, 24.52, 45.01, -17.01, -74.2, 17.03, 58.95, 56.9, tool_torque, -0.994, -0.345, 0.408, joint_torque, 0.9, -7.63, -0.11, 5.75, 0.74, -1.48, 0.43, robot_mode, normal, 
