06/12/2022 16:45:30:271, robot_pos, 1670344896186, 613.83, -94.19, 298.81, 2.34, 0.01, 3.1, circuit_pos, 614.3, -90.51, 297.41, 2.34, 0.0, 3.1, tool_force, -1.68, 3.2, -13.5, actual_rep, 1, curr_step, 1, track_size, 72, robot_vel, 0.0, joints_pos, 2.03, 44.48, -17.63, -77.79, 16.36, 58.28, 26.82, tool_torque, -1.071, 0.074, 0.174, joint_torque, 0.63, -9.17, -0.25, 6.13, 1.25, -0.77, 0.12, robot_mode, normal, 
06/12/2022 16:45:30:406, robot_pos, 1670344896309, 614.24, -93.4, 300.98, 2.34, 0.01, 3.1, circuit_pos, 615.03, -85.14, 296.67, 2.36, 0.0, 3.09, tool_force, -1.01, 4.0, -12.09, actual_rep, 1, curr_step, 2, track_size, 72, robot_vel, 18.75, joints_pos, 2.05, 44.33, -17.45, -77.67, 16.6, 58.64, 26.89, tool_torque, -1.555, -0.175, 0.014, joint_torque, -0.18, -9.43, -0.65, 5.64, 1.15, -0.92, -0.01, robot_mode, normal, 
06/12/2022 16:45:30:569, robot_pos, 1670344896472, 615.29, -87.62, 299.8, 2.35, 0.0, 3.09, circuit_pos, 615.03, -85.14, 296.67, 2.36, 0.0, 3.09, tool_force, -1.58, 2.14, -13.58, actual_rep, 1, curr_step, 2, track_size, 72, robot_vel, 12.11, joints_pos, 2.23, 44.47, -17.21, -77.55, 16.82, 58.75, 26.39, tool_torque, -1.341, -0.055, 0.17, joint_torque, -0.2, -9.36, -0.57, 5.85, 1.18, -0.88, 0.18, robot_mode, normal, 
06/12/2022 16:45:30:669, robot_pos, 1670344896605, 616.0, -82.69, 299.59, 2.36, 0.0, 3.09, circuit_pos, 617.78, -71.85, 297.69, 2.37, -0.01, 3.09, tool_force, -2.7, 2.91, -12.91, actual_rep, 1, curr_step, 4, track_size, 72, robot_vel, 50.58, joints_pos, 2.55, 44.43, -17.08, -77.63, 17.09, 58.56, 26.04, tool_torque, -1.18, 0.244, 0.158, joint_torque, -0.11, -8.82, -0.41, 5.88, 1.24, -0.71, 0.13, robot_mode, normal, 
06/12/2022 16:45:30:811, robot_pos, 1670344896753, 616.92, -76.88, 299.96, 2.37, 0.0, 3.09, circuit_pos, 617.78, -71.85, 297.69, 2.37, -0.01, 3.09, tool_force, -1.46, 1.25, -14.04, actual_rep, 1, curr_step, 4, track_size, 72, robot_vel, 48.28, joints_pos, 3.06, 44.44, -17.08, -77.54, 17.16, 58.75, 26.27, tool_torque, -1.597, -0.028, -0.124, joint_torque, -0.27, -9.88, -0.52, 6.09, 1.2, -0.94, -0.13, robot_mode, normal, 
06/12/2022 16:45:30:968, robot_pos, 1670344896903, 618.15, -71.12, 300.48, 2.37, -0.01, 3.08, circuit_pos, 619.15, -64.3, 298.91, 2.37, -0.01, 3.09, tool_force, -1.39, 1.23, -13.31, actual_rep, 1, curr_step, 5, track_size, 72, robot_vel, 38.18, joints_pos, 3.57, 44.51, -17.11, -77.33, 17.33, 59.06, 26.68, tool_torque, -1.677, 0.023, -0.192, joint_torque, -0.23, -9.44, -0.34, 5.96, 1.2, -0.97, -0.17, robot_mode, normal, 
06/12/2022 16:45:31:110, robot_pos, 1670344897051, 619.09, -65.44, 301.2, 2.37, -0.01, 3.08, circuit_pos, 620.04, -56.04, 300.07, 2.37, -0.01, 3.09, tool_force, -1.35, 1.71, -12.98, actual_rep, 1, curr_step, 6, track_size, 72, robot_vel, 40.52, joints_pos, 4.1, 44.51, -17.15, -77.22, 17.38, 59.21, 27.17, tool_torque, -1.685, 0.068, -0.237, joint_torque, -0.1, -9.5, -0.18, 6.02, 1.2, -0.96, -0.2, robot_mode, normal, 
06/12/2022 16:45:31:269, robot_pos, 1670344897201, 619.84, -59.54, 302.04, 2.37, -0.01, 3.08, circuit_pos, 620.58, -46.71, 300.66, 2.36, -0.01, 3.09, tool_force, -1.65, 1.37, -13.18, actual_rep, 1, curr_step, 7, track_size, 72, robot_vel, 41.15, joints_pos, 4.65, 44.47, -17.16, -77.17, 17.38, 59.31, 27.73, tool_torque, -1.67, 0.083, -0.219, joint_torque, -0.14, -9.4, -0.24, 6.03, 1.2, -0.98, -0.19, robot_mode, normal, 
06/12/2022 16:45:31:407, robot_pos, 1670344897349, 620.32, -53.89, 302.5, 2.37, -0.01, 3.08, circuit_pos, 620.58, -46.71, 300.66, 2.36, -0.01, 3.09, tool_force, -1.72, 2.13, -12.85, actual_rep, 1, curr_step, 7, track_size, 72, robot_vel, 39.62, joints_pos, 5.18, 44.42, -17.18, -77.17, 17.38, 59.33, 28.49, tool_torque, -1.611, 0.12, -0.243, joint_torque, 0.05, -9.24, -0.1, 6.12, 1.21, -1.0, -0.22, robot_mode, normal, 
06/12/2022 16:45:31:567, robot_pos, 1670344897498, 620.63, -48.03, 302.84, 2.36, -0.01, 3.08, circuit_pos, 621.1, -36.42, 300.61, 2.35, -0.02, 3.09, tool_force, -1.71, 2.05, -12.76, actual_rep, 1, curr_step, 8, track_size, 72, robot_vel, 38.98, joints_pos, 5.73, 44.39, -17.19, -77.17, 17.38, 59.42, 29.3, tool_torque, -1.643, 0.107, -0.234, joint_torque, -0.05, -9.14, -0.19, 6.05, 1.2, -1.04, -0.2, robot_mode, normal, 
06/12/2022 16:45:31:708, robot_pos, 1670344897648, 621.0, -42.28, 303.05, 2.36, -0.02, 3.08, circuit_pos, 621.1, -36.42, 300.61, 2.35, -0.02, 3.09, tool_force, -1.82, 1.67, -12.76, actual_rep, 1, curr_step, 8, track_size, 72, robot_vel, 37.69, joints_pos, 6.2, 44.4, -17.15, -77.12, 17.49, 59.58, 30.07, tool_torque, -1.62, 0.069, -0.211, joint_torque, -0.19, -9.15, -0.38, 6.0, 1.17, -1.05, -0.2, robot_mode, normal, 
06/12/2022 16:45:31:870, robot_pos, 1670344897795, 621.33, -36.53, 302.96, 2.35, -0.02, 3.08, circuit_pos, 621.3, -26.89, 300.2, 2.34, -0.02, 3.09, tool_force, -1.64, 1.98, -12.96, actual_rep, 1, curr_step, 9, track_size, 72, robot_vel, 41.33, joints_pos, 6.72, 44.41, -17.15, -77.11, 17.55, 59.64, 30.88, tool_torque, -1.602, 0.084, -0.215, joint_torque, -0.06, -9.21, -0.3, 6.09, 1.18, -1.06, -0.2, robot_mode, normal, 
06/12/2022 16:45:32:009, robot_pos, 1670344897944, 621.56, -30.75, 302.89, 2.35, -0.02, 3.08, circuit_pos, 621.41, -16.2, 299.67, 2.34, -0.02, 3.09, tool_force, -1.9, 1.84, -12.85, actual_rep, 1, curr_step, 10, track_size, 72, robot_vel, 39.19, joints_pos, 7.26, 44.42, -17.17, -77.12, 17.58, 59.66, 31.72, tool_torque, -1.593, 0.108, -0.221, joint_torque, 0.06, -9.19, -0.18, 6.11, 1.17, -1.06, -0.2, robot_mode, normal, 
06/12/2022 16:45:32:170, robot_pos, 1670344898093, 621.72, -24.93, 302.73, 2.34, -0.02, 3.08, circuit_pos, 621.41, -16.2, 299.67, 2.34, -0.02, 3.09, tool_force, -1.66, 2.35, -13.23, actual_rep, 1, curr_step, 10, track_size, 72, robot_vel, 39.22, joints_pos, 7.8, 44.42, -17.17, -77.14, 17.6, 59.64, 32.32, tool_torque, -1.534, 0.223, -0.203, joint_torque, -0.06, -9.42, -0.29, 6.24, 1.16, -0.98, -0.17, robot_mode, normal, 
06/12/2022 16:45:32:329, robot_pos, 1670344898256, 621.86, -18.65, 302.51, 2.34, -0.02, 3.09, circuit_pos, 621.4, -3.17, 299.31, 2.33, -0.02, 3.09, tool_force, -2.1, 2.55, -13.25, actual_rep, 1, curr_step, 11, track_size, 72, robot_vel, 40.49, joints_pos, 8.39, 44.42, -17.18, -77.17, 17.61, 59.6, 33.06, tool_torque, -1.394, 0.298, -0.206, joint_torque, 0.1, -9.29, -0.15, 6.25, 1.16, -0.9, -0.19, robot_mode, normal, 
06/12/2022 16:45:32:469, robot_pos, 1670344898389, 621.94, -13.36, 302.36, 2.34, -0.02, 3.09, circuit_pos, 621.4, -3.17, 299.31, 2.33, -0.02, 3.09, tool_force, -2.21, 2.56, -13.48, actual_rep, 1, curr_step, 11, track_size, 72, robot_vel, 39.11, joints_pos, 8.87, 44.42, -17.18, -77.2, 17.61, 59.56, 33.7, tool_torque, -1.389, 0.377, -0.195, joint_torque, 0.03, -9.32, -0.2, 6.27, 1.15, -0.87, -0.17, robot_mode, normal, 
06/12/2022 16:45:32:610, robot_pos, 1670344898539, 621.98, -7.65, 302.2, 2.33, -0.02, 3.09, circuit_pos, 621.31, 7.17, 299.27, 2.33, -0.02, 3.09, tool_force, -2.22, 2.62, -13.45, actual_rep, 1, curr_step, 12, track_size, 72, robot_vel, 38.64, joints_pos, 9.41, 44.42, -17.19, -77.23, 17.61, 59.5, 34.45, tool_torque, -1.394, 0.419, -0.213, joint_torque, -0.1, -9.35, -0.26, 6.3, 1.15, -0.87, -0.19, robot_mode, normal, 
06/12/2022 16:45:32:767, robot_pos, 1670344898687, 622.01, -1.79, 302.1, 2.33, -0.02, 3.09, circuit_pos, 621.31, 7.17, 299.27, 2.33, -0.02, 3.09, tool_force, -2.19, 2.77, -13.56, actual_rep, 1, curr_step, 12, track_size, 72, robot_vel, 40.79, joints_pos, 9.95, 44.42, -17.19, -77.25, 17.61, 59.46, 35.03, tool_torque, -1.372, 0.399, -0.203, joint_torque, -0.04, -9.32, -0.26, 6.31, 1.14, -0.89, -0.18, robot_mode, normal, 
06/12/2022 16:45:32:929, robot_pos, 1670344898835, 622.0, 3.99, 302.06, 2.33, -0.02, 3.09, circuit_pos, 621.22, 18.66, 299.53, 2.33, -0.02, 3.09, tool_force, -2.87, 2.33, -13.43, actual_rep, 1, curr_step, 13, track_size, 72, robot_vel, 41.66, joints_pos, 10.5, 44.42, -17.19, -77.26, 17.6, 59.41, 35.64, tool_torque, -1.434, 0.481, -0.203, joint_torque, -0.42, -9.3, -0.43, 6.3, 1.14, -0.9, -0.17, robot_mode, normal, 
06/12/2022 16:45:33:068, robot_pos, 1670344898984, 621.96, 9.74, 302.11, 2.33, -0.02, 3.09, circuit_pos, 621.22, 18.66, 299.53, 2.33, -0.02, 3.09, tool_force, -2.14, 2.95, -13.37, actual_rep, 1, curr_step, 13, track_size, 72, robot_vel, 38.41, joints_pos, 11.02, 44.41, -17.19, -77.27, 17.59, 59.38, 36.2, tool_torque, -1.355, 0.387, -0.198, joint_torque, 0.04, -9.38, -0.23, 6.39, 1.15, -0.92, -0.18, robot_mode, normal, 
06/12/2022 16:45:33:231, robot_pos, 1670344899133, 621.9, 15.63, 302.22, 2.33, -0.02, 3.09, circuit_pos, 621.3, 29.46, 300.25, 2.32, -0.02, 3.09, tool_force, -2.07, 3.07, -13.3, actual_rep, 1, curr_step, 14, track_size, 72, robot_vel, 44.35, joints_pos, 11.57, 44.4, -17.19, -77.28, 17.57, 59.35, 36.83, tool_torque, -1.364, 0.404, -0.178, joint_torque, -0.1, -9.29, -0.39, 6.32, 1.13, -0.95, -0.15, robot_mode, normal, 
06/12/2022 16:45:33:366, robot_pos, 1670344899282, 621.86, 21.34, 302.48, 2.33, -0.02, 3.09, circuit_pos, 621.3, 29.46, 300.25, 2.32, -0.02, 3.09, tool_force, -2.25, 2.61, -13.33, actual_rep, 1, curr_step, 14, track_size, 72, robot_vel, 45.09, joints_pos, 12.1, 44.38, -17.2, -77.26, 17.56, 59.33, 37.58, tool_torque, -1.406, 0.421, -0.17, joint_torque, -0.22, -9.27, -0.38, 6.3, 1.14, -0.96, -0.15, robot_mode, normal, 
06/12/2022 16:45:33:530, robot_pos, 1670344899434, 621.91, 27.21, 302.84, 2.32, -0.02, 3.09, circuit_pos, 621.5, 39.55, 301.39, 2.31, -0.02, 3.09, tool_force, -1.92, 2.58, -13.34, actual_rep, 1, curr_step, 15, track_size, 72, robot_vel, 39.46, joints_pos, 12.65, 44.38, -17.21, -77.21, 17.53, 59.33, 38.4, tool_torque, -1.448, 0.38, -0.175, joint_torque, -0.05, -9.42, -0.26, 6.33, 1.15, -1.0, -0.15, robot_mode, normal, 
06/12/2022 16:45:33:670, robot_pos, 1670344899581, 621.94, 32.91, 303.33, 2.32, -0.02, 3.08, circuit_pos, 621.5, 39.55, 301.39, 2.31, -0.02, 3.09, tool_force, -1.52, 2.71, -13.09, actual_rep, 1, curr_step, 15, track_size, 72, robot_vel, 47.07, joints_pos, 13.17, 44.36, -17.21, -77.15, 17.5, 59.35, 39.26, tool_torque, -1.474, 0.321, -0.147, joint_torque, -0.18, -9.37, -0.42, 6.26, 1.12, -1.06, -0.12, robot_mode, normal, 
06/12/2022 16:45:33:827, robot_pos, 1670344899731, 622.0, 38.73, 303.95, 2.31, -0.02, 3.08, circuit_pos, 621.68, 48.29, 302.56, 2.3, -0.02, 3.09, tool_force, -1.91, 2.35, -12.97, actual_rep, 1, curr_step, 16, track_size, 72, robot_vel, 36.02, joints_pos, 13.71, 44.35, -17.21, -77.06, 17.46, 59.38, 40.15, tool_torque, -1.534, 0.3, -0.149, joint_torque, -0.28, -9.29, -0.41, 6.23, 1.12, -1.14, -0.12, robot_mode, normal, 
06/12/2022 16:45:33:968, robot_pos, 1670344899879, 622.08, 44.53, 304.58, 2.3, -0.02, 3.08, circuit_pos, 621.78, 57.42, 303.83, 2.3, -0.01, 3.09, tool_force, -1.19, 2.75, -12.93, actual_rep, 1, curr_step, 17, track_size, 72, robot_vel, 38.25, joints_pos, 14.24, 44.35, -17.21, -76.96, 17.43, 59.41, 41.09, tool_torque, -1.539, 0.204, -0.142, joint_torque, 0.11, -9.36, -0.25, 6.32, 1.13, -1.2, -0.12, robot_mode, normal, 
06/12/2022 16:45:34:130, robot_pos, 1670344900029, 622.21, 50.32, 305.4, 2.3, -0.02, 3.09, circuit_pos, 621.78, 57.42, 303.83, 2.3, -0.01, 3.09, tool_force, -1.77, 2.61, -13.15, actual_rep, 1, curr_step, 17, track_size, 72, robot_vel, 42.39, joints_pos, 14.8, 44.32, -17.22, -76.88, 17.19, 59.35, 41.86, tool_torque, -1.469, 0.391, -0.14, joint_torque, -0.32, -9.34, -0.47, 6.3, 1.11, -1.09, -0.11, robot_mode, normal, 
06/12/2022 16:45:34:307, robot_pos, 1670344900180, 622.22, 56.13, 306.18, 2.3, -0.01, 3.09, circuit_pos, 621.7, 64.77, 304.79, 2.29, -0.01, 3.09, tool_force, -1.6, 2.73, -13.21, actual_rep, 1, curr_step, 18, track_size, 72, robot_vel, 38.96, joints_pos, 15.37, 44.29, -17.23, -76.8, 17.04, 59.29, 42.74, tool_torque, -1.414, 0.36, -0.112, joint_torque, 0.04, -9.42, -0.31, 6.35, 1.12, -1.08, -0.09, robot_mode, normal, 
06/12/2022 16:45:34:429, robot_pos, 1670344900328, 622.24, 61.9, 306.92, 2.29, -0.01, 3.09, circuit_pos, 621.58, 73.04, 305.87, 2.28, -0.01, 3.09, tool_force, -1.49, 2.59, -13.24, actual_rep, 1, curr_step, 19, track_size, 72, robot_vel, 41.18, joints_pos, 15.92, 44.28, -17.27, -76.7, 16.93, 59.29, 43.68, tool_torque, -1.452, 0.35, -0.114, joint_torque, -0.07, -9.47, -0.38, 6.34, 1.11, -1.13, -0.08, robot_mode, normal, 
06/12/2022 16:45:34:568, robot_pos, 1670344900479, 622.17, 67.62, 307.62, 2.29, -0.01, 3.08, circuit_pos, 621.58, 73.04, 305.87, 2.28, -0.01, 3.09, tool_force, -1.74, 2.62, -13.06, actual_rep, 1, curr_step, 19, track_size, 72, robot_vel, 37.84, joints_pos, 16.46, 44.27, -17.27, -76.59, 16.87, 59.31, 44.64, tool_torque, -1.516, 0.352, -0.135, joint_torque, -0.14, -9.47, -0.42, 6.39, 1.1, -1.21, -0.1, robot_mode, normal, 
06/12/2022 16:45:34:869, robot_pos, 1670344900777, 621.81, 79.19, 309.02, 2.28, -0.01, 3.08, circuit_pos, 620.78, 89.35, 307.67, 2.27, -0.01, 3.09, tool_force, -1.49, 2.44, -12.86, actual_rep, 1, curr_step, 21, track_size, 72, robot_vel, 41.9, joints_pos, 17.5, 44.27, -17.25, -76.36, 16.74, 59.43, 46.21, tool_torque, -1.546, 0.172, -0.087, joint_torque, 0.04, -9.42, -0.4, 6.39, 1.08, -1.33, -0.08, robot_mode, normal, 
06/12/2022 16:45:35:166, robot_pos, 1670344901077, 621.21, 90.86, 310.31, 2.27, -0.01, 3.08, circuit_pos, 620.25, 96.98, 308.51, 2.27, -0.02, 3.08, tool_force, -1.17, 2.72, -13.07, actual_rep, 1, curr_step, 22, track_size, 72, robot_vel, 40.21, joints_pos, 18.43, 44.25, -17.17, -76.16, 16.93, 59.53, 47.55, tool_torque, -1.451, 0.073, -0.069, joint_torque, -0.11, -9.53, -0.67, 6.47, 0.94, -1.38, -0.06, robot_mode, normal, 
06/12/2022 16:45:35:467, robot_pos, 1670344901377, 620.52, 102.26, 311.7, 2.26, -0.02, 3.08, circuit_pos, 619.88, 109.67, 310.15, 2.26, -0.02, 3.08, tool_force, -0.88, 2.64, -13.03, actual_rep, 1, curr_step, 24, track_size, 72, robot_vel, 47.89, joints_pos, 19.41, 44.25, -17.19, -75.95, 17.27, 59.62, 48.93, tool_torque, -1.517, 0.055, -0.114, joint_torque, 0.08, -9.62, -0.52, 6.51, 0.93, -1.44, -0.09, robot_mode, normal, 
06/12/2022 16:45:35:768, robot_pos, 1670344901679, 620.35, 113.94, 313.27, 2.26, -0.02, 3.07, circuit_pos, 619.61, 120.68, 311.81, 2.26, -0.02, 3.07, tool_force, -1.29, 3.19, -13.21, actual_rep, 1, curr_step, 26, track_size, 72, robot_vel, 39.32, joints_pos, 20.37, 44.27, -17.19, -75.66, 17.58, 59.57, 49.96, tool_torque, -1.308, 0.283, -0.124, joint_torque, -0.21, -9.54, -0.66, 6.51, 0.92, -1.25, -0.1, robot_mode, normal, 
06/12/2022 16:45:36:090, robot_pos, 1670344901979, 619.94, 125.49, 314.7, 2.25, -0.02, 3.07, circuit_pos, 619.15, 132.12, 312.83, 2.25, -0.02, 3.07, tool_force, -1.25, 3.08, -13.19, actual_rep, 1, curr_step, 28, track_size, 72, robot_vel, 41.47, joints_pos, 21.38, 44.33, -17.2, -75.31, 17.6, 59.6, 51.47, tool_torque, -1.41, 0.167, -0.104, joint_torque, 0.05, -9.71, -0.53, 6.62, 0.92, -1.39, -0.1, robot_mode, normal, 
06/12/2022 16:45:36:370, robot_pos, 1670344902280, 619.39, 137.05, 315.44, 2.25, -0.02, 3.07, circuit_pos, 618.68, 143.43, 313.21, 2.25, -0.02, 3.07, tool_force, -0.73, 2.7, -13.03, actual_rep, 1, curr_step, 30, track_size, 72, robot_vel, 40.48, joints_pos, 22.38, 44.49, -17.21, -74.91, 17.55, 59.73, 52.73, tool_torque, -1.596, 0.111, -0.099, joint_torque, -0.04, -9.85, -0.59, 6.62, 0.93, -1.55, -0.07, robot_mode, normal, 
06/12/2022 16:45:36:669, robot_pos, 1670344902579, 619.19, 148.53, 315.76, 2.24, -0.02, 3.06, circuit_pos, 618.26, 162.37, 312.13, 2.22, -0.01, 3.06, tool_force, -1.48, 3.22, -13.25, actual_rep, 1, curr_step, 34, track_size, 72, robot_vel, 35.34, joints_pos, 23.32, 44.66, -17.18, -74.57, 17.72, 59.48, 54.19, tool_torque, -1.291, 0.247, -0.073, joint_torque, -0.24, -9.77, -0.78, 6.62, 0.87, -1.33, -0.07, robot_mode, normal, 
06/12/2022 16:45:36:826, robot_pos, 1670344902730, 618.98, 154.39, 315.35, 2.23, -0.02, 3.06, circuit_pos, 617.91, 169.87, 311.16, 2.22, -0.01, 3.06, tool_force, -1.37, 3.45, -13.04, actual_rep, 1, curr_step, 36, track_size, 72, robot_vel, 41.57, joints_pos, 23.92, 44.81, -17.26, -74.39, 17.57, 59.32, 55.27, tool_torque, -1.361, 0.44, -0.126, joint_torque, -0.45, -9.71, -0.74, 6.59, 0.89, -1.35, -0.07, robot_mode, normal, 
06/12/2022 16:45:36:969, robot_pos, 1670344902879, 618.73, 160.19, 314.6, 2.23, -0.02, 3.06, circuit_pos, 617.3, 174.03, 309.36, 2.21, -0.01, 3.07, tool_force, -0.99, 3.61, -13.0, actual_rep, 1, curr_step, 39, track_size, 72, robot_vel, 39.5, joints_pos, 24.44, 44.99, -17.29, -74.19, 17.48, 59.24, 56.24, tool_torque, -1.312, 0.367, -0.104, joint_torque, -0.22, -9.49, -0.64, 6.55, 0.89, -1.37, -0.08, robot_mode, normal, 
06/12/2022 16:45:37:130, robot_pos, 1670344903028, 618.33, 166.02, 313.45, 2.22, -0.01, 3.06, circuit_pos, 617.53, 172.87, 309.29, 2.21, -0.01, 3.07, tool_force, -1.37, 3.26, -13.18, actual_rep, 1, curr_step, 42, track_size, 72, robot_vel, 40.99, joints_pos, 24.97, 45.25, -17.29, -73.92, 17.23, 59.3, 57.4, tool_torque, -1.536, 0.38, -0.125, joint_torque, -0.36, -10.05, -0.72, 6.78, 0.89, -1.55, -0.08, robot_mode, normal, 
06/12/2022 16:45:37:289, robot_pos, 1670344903180, 618.19, 171.84, 312.52, 2.21, -0.01, 3.06, circuit_pos, 617.51, 173.25, 310.15, 2.21, -0.01, 3.07, tool_force, -1.01, 2.85, -13.21, actual_rep, 1, curr_step, 44, track_size, 72, robot_vel, 39.32, joints_pos, 25.48, 45.51, -17.29, -73.59, 17.02, 59.39, 58.53, tool_torque, -1.669, 0.29, -0.117, joint_torque, -0.32, -10.53, -0.84, 6.83, 0.87, -1.61, -0.08, robot_mode, normal, 
06/12/2022 16:45:37:430, robot_pos, 1670344903331, 618.15, 173.5, 312.95, 2.21, -0.01, 3.07, circuit_pos, 617.63, 173.42, 309.99, 2.21, -0.01, 3.07, tool_force, -2.69, 2.7, -12.68, actual_rep, 1, curr_step, 46, track_size, 72, robot_vel, 4.86, joints_pos, 25.74, 45.57, -17.46, -73.45, 16.94, 59.56, 58.87, tool_torque, -1.598, 0.53, -0.073, joint_torque, -1.44, -9.75, -1.21, 6.53, 0.77, -1.59, 0.04, robot_mode, normal, 
06/12/2022 16:45:37:590, robot_pos, 1670344903478, 618.22, 173.74, 312.07, 2.21, -0.01, 3.07, circuit_pos, 617.74, 173.65, 309.52, 2.21, -0.01, 3.07, tool_force, -1.01, 3.7, -13.5, actual_rep, 1, curr_step, 49, track_size, 72, robot_vel, 8.74, joints_pos, 25.73, 45.65, -17.45, -73.46, 17.03, 59.48, 58.82, tool_torque, -1.261, 0.146, 0.101, joint_torque, -0.1, -9.98, -0.78, 6.79, 0.78, -1.46, 0.14, robot_mode, normal, 
