30/11/2022 14:51:35:479, robot_pos, 1669819664755, 613.82, -94.17, 298.76, 2.34, 0.01, 3.1, circuit_pos, 614.3, -90.51, 297.41, 2.34, 0.0, 3.1, tool_force, -1.05, 2.76, -12.02, actual_rep, 1, curr_step, 1, track_size, 72, robot_vel, 38.24, joints_pos, 1.98, 44.48, -17.56, -77.79, 16.3, 58.28, 26.86, tool_torque, -1.114, -0.013, 0.131, joint_torque, 0.71, -8.34, -0.06, 5.5, 1.19, -0.78, 0.09, robot_mode, normal, 
30/11/2022 14:51:35:588, robot_pos, 1669819664889, 614.53, -93.88, 300.84, 2.34, 0.01, 3.1, circuit_pos, 614.3, -90.51, 297.41, 2.34, 0.0, 3.1, tool_force, -0.59, 2.41, -12.76, actual_rep, 1, curr_step, 1, track_size, 72, robot_vel, 38.24, joints_pos, 1.98, 44.35, -17.56, -77.66, 16.42, 58.38, 26.86, tool_torque, -1.086, -0.147, 0.114, joint_torque, 0.74, -8.14, -0.08, 5.3, 1.08, -0.83, 0.07, robot_mode, normal, 
30/11/2022 14:51:35:780, robot_pos, 1669819665046, 614.16, -91.64, 300.28, 2.34, 0.0, 3.1, circuit_pos, 615.03, -85.14, 296.67, 2.36, 0.0, 3.09, tool_force, -1.65, 2.46, -11.37, actual_rep, 1, curr_step, 2, track_size, 72, robot_vel, 12.09, joints_pos, 2.02, 44.36, -17.37, -77.7, 16.58, 58.61, 26.87, tool_torque, -1.266, -0.069, 0.075, joint_torque, 0.45, -8.02, -0.08, 5.39, 1.2, -0.93, 0.05, robot_mode, normal, 
30/11/2022 14:51:35:891, robot_pos, 1669819665187, 615.42, -86.63, 299.66, 2.36, 0.0, 3.09, circuit_pos, 616.23, -78.75, 296.86, 2.37, 0.0, 3.09, tool_force, -1.37, 1.99, -11.57, actual_rep, 1, curr_step, 3, track_size, 72, robot_vel, 40.54, joints_pos, 2.26, 44.45, -17.13, -77.58, 16.83, 58.65, 26.31, tool_torque, -1.208, -0.021, 0.208, joint_torque, 0.01, -8.13, -0.34, 5.19, 1.18, -0.78, 0.19, robot_mode, normal, 
30/11/2022 14:51:36:073, robot_pos, 1669819665343, 616.26, -80.7, 299.55, 2.37, 0.0, 3.09, circuit_pos, 617.78, -71.85, 297.69, 2.37, -0.01, 3.09, tool_force, -1.61, 1.75, -12.01, actual_rep, 1, curr_step, 4, track_size, 72, robot_vel, 38.01, joints_pos, 2.72, 44.43, -17.04, -77.63, 16.97, 58.57, 26.2, tool_torque, -1.347, 0.081, 0.1, joint_torque, -0.24, -8.67, -0.48, 5.42, 1.18, -0.77, 0.1, robot_mode, normal, 
30/11/2022 14:51:36:192, robot_pos, 1669819665486, 617.09, -75.12, 299.85, 2.37, -0.01, 3.09, circuit_pos, 619.15, -64.3, 298.91, 2.37, -0.01, 3.09, tool_force, -0.74, 0.91, -12.01, actual_rep, 1, curr_step, 5, track_size, 72, robot_vel, 41.03, joints_pos, 3.17, 44.47, -17.04, -77.49, 17.23, 58.88, 26.43, tool_torque, -1.615, -0.061, -0.102, joint_torque, -0.3, -8.4, -0.37, 5.24, 1.19, -0.94, -0.1, robot_mode, normal, 
30/11/2022 14:51:36:379, robot_pos, 1669819665640, 618.35, -69.25, 300.51, 2.37, -0.01, 3.08, circuit_pos, 619.15, -64.3, 298.91, 2.37, -0.01, 3.09, tool_force, -0.76, 0.82, -11.85, actual_rep, 1, curr_step, 5, track_size, 72, robot_vel, 51.59, joints_pos, 3.72, 44.5, -17.08, -77.34, 17.29, 59.05, 26.89, tool_torque, -1.733, -0.0070, -0.205, joint_torque, -0.44, -8.7, -0.38, 5.32, 1.16, -0.94, -0.18, robot_mode, normal, 
30/11/2022 14:51:36:502, robot_pos, 1669819665787, 619.19, -63.64, 301.18, 2.37, -0.01, 3.08, circuit_pos, 620.04, -56.04, 300.07, 2.37, -0.01, 3.09, tool_force, -1.12, 0.88, -11.47, actual_rep, 1, curr_step, 6, track_size, 72, robot_vel, 39.0, joints_pos, 4.25, 44.5, -17.1, -77.24, 17.34, 59.19, 27.36, tool_torque, -1.716, 0.022, -0.251, joint_torque, -0.1, -8.41, -0.11, 5.32, 1.19, -0.96, -0.23, robot_mode, normal, 
30/11/2022 14:51:36:643, robot_pos, 1669819665934, 619.83, -57.81, 301.86, 2.37, -0.01, 3.08, circuit_pos, 620.58, -46.71, 300.66, 2.36, -0.01, 3.09, tool_force, -1.19, 1.2, -11.44, actual_rep, 1, curr_step, 7, track_size, 72, robot_vel, 40.11, joints_pos, 4.79, 44.45, -17.13, -77.21, 17.34, 59.26, 28.0, tool_torque, -1.714, 0.07, -0.258, joint_torque, -0.19, -8.41, -0.16, 5.36, 1.17, -0.96, -0.22, robot_mode, normal, 
30/11/2022 14:51:36:797, robot_pos, 1669819666083, 620.34, -52.03, 302.37, 2.36, -0.01, 3.08, circuit_pos, 621.1, -36.42, 300.61, 2.35, -0.02, 3.09, tool_force, -1.63, 1.07, -11.45, actual_rep, 1, curr_step, 8, track_size, 72, robot_vel, 38.28, joints_pos, 5.35, 44.41, -17.14, -77.21, 17.34, 59.27, 28.77, tool_torque, -1.713, 0.12, -0.263, joint_torque, -0.34, -8.28, -0.22, 5.34, 1.17, -0.97, -0.24, robot_mode, normal, 
30/11/2022 14:51:36:946, robot_pos, 1669819666232, 620.63, -46.21, 302.57, 2.36, -0.01, 3.08, circuit_pos, 621.1, -36.42, 300.61, 2.35, -0.02, 3.09, tool_force, -1.43, 1.11, -11.41, actual_rep, 1, curr_step, 8, track_size, 72, robot_vel, 38.52, joints_pos, 5.85, 44.39, -17.13, -77.21, 17.39, 59.38, 29.54, tool_torque, -1.686, 0.047, -0.251, joint_torque, -0.15, -8.32, -0.18, 5.36, 1.15, -1.0, -0.24, robot_mode, normal, 
30/11/2022 14:51:37:097, robot_pos, 1669819666381, 620.99, -40.35, 302.77, 2.35, -0.02, 3.08, circuit_pos, 621.3, -26.89, 300.2, 2.34, -0.02, 3.09, tool_force, -0.7, 1.31, -11.53, actual_rep, 1, curr_step, 9, track_size, 72, robot_vel, 39.22, joints_pos, 6.35, 44.4, -17.12, -77.15, 17.51, 59.57, 30.32, tool_torque, -1.663, -0.02, -0.231, joint_torque, -0.03, -8.51, -0.2, 5.41, 1.14, -1.03, -0.21, robot_mode, normal, 
30/11/2022 14:51:37:243, robot_pos, 1669819666530, 621.3, -34.64, 302.64, 2.35, -0.02, 3.08, circuit_pos, 621.3, -26.89, 300.2, 2.34, -0.02, 3.09, tool_force, -1.02, 1.37, -11.59, actual_rep, 1, curr_step, 9, track_size, 72, robot_vel, 38.8, joints_pos, 6.87, 44.42, -17.12, -77.15, 17.53, 59.59, 31.17, tool_torque, -1.642, 0.018, -0.219, joint_torque, -0.12, -8.47, -0.23, 5.44, 1.14, -1.04, -0.2, robot_mode, normal, 
30/11/2022 14:51:37:401, robot_pos, 1669819666680, 621.47, -28.82, 302.52, 2.34, -0.02, 3.08, circuit_pos, 621.41, -16.2, 299.67, 2.34, -0.02, 3.09, tool_force, -1.25, 1.81, -11.56, actual_rep, 1, curr_step, 10, track_size, 72, robot_vel, 38.71, joints_pos, 7.41, 44.42, -17.13, -77.17, 17.56, 59.6, 31.9, tool_torque, -1.552, 0.097, -0.225, joint_torque, 0.06, -8.37, -0.12, 5.52, 1.13, -0.99, -0.21, robot_mode, normal, 
30/11/2022 14:51:37:551, robot_pos, 1669819666830, 621.63, -23.01, 302.35, 2.34, -0.02, 3.09, circuit_pos, 621.41, -16.2, 299.67, 2.34, -0.02, 3.09, tool_force, -1.2, 2.18, -11.8, actual_rep, 1, curr_step, 10, track_size, 72, robot_vel, 38.45, joints_pos, 7.95, 44.42, -17.13, -77.19, 17.56, 59.57, 32.56, tool_torque, -1.448, 0.187, -0.2, joint_torque, 0.05, -8.39, -0.12, 5.57, 1.13, -0.91, -0.19, robot_mode, normal, 
30/11/2022 14:51:37:753, robot_pos, 1669819666978, 621.77, -17.27, 302.18, 2.34, -0.02, 3.09, circuit_pos, 621.4, -3.17, 299.31, 2.33, -0.02, 3.09, tool_force, -2.08, 1.67, -11.85, actual_rep, 1, curr_step, 11, track_size, 72, robot_vel, 39.08, joints_pos, 8.49, 44.42, -17.13, -77.22, 17.58, 59.53, 33.22, tool_torque, -1.46, 0.31, -0.219, joint_torque, -0.08, -8.39, -0.19, 5.59, 1.12, -0.86, -0.21, robot_mode, normal, 
30/11/2022 14:51:37:850, robot_pos, 1669819667127, 621.84, -11.55, 302.01, 2.34, -0.02, 3.09, circuit_pos, 621.4, -3.17, 299.31, 2.33, -0.02, 3.09, tool_force, -1.62, 2.28, -11.91, actual_rep, 1, curr_step, 11, track_size, 72, robot_vel, 46.46, joints_pos, 9.02, 44.42, -17.14, -77.25, 17.58, 59.48, 33.97, tool_torque, -1.382, 0.307, -0.22, joint_torque, 0.24, -8.43, -0.02, 5.65, 1.12, -0.85, -0.21, robot_mode, normal, 
30/11/2022 14:51:37:995, robot_pos, 1669819667275, 621.89, -5.76, 301.87, 2.33, -0.02, 3.09, circuit_pos, 621.31, 7.17, 299.27, 2.33, -0.02, 3.09, tool_force, -1.69, 2.38, -12.01, actual_rep, 1, curr_step, 12, track_size, 72, robot_vel, 43.69, joints_pos, 9.56, 44.42, -17.14, -77.27, 17.58, 59.43, 34.63, tool_torque, -1.415, 0.376, -0.224, joint_torque, -0.14, -8.47, -0.23, 5.67, 1.1, -0.87, -0.19, robot_mode, normal, 
30/11/2022 14:51:38:147, robot_pos, 1669819667425, 621.9, 0.1, 301.77, 2.33, -0.02, 3.09, circuit_pos, 621.31, 7.17, 299.27, 2.33, -0.02, 3.09, tool_force, -1.88, 2.36, -11.93, actual_rep, 1, curr_step, 12, track_size, 72, robot_vel, 37.41, joints_pos, 10.11, 44.42, -17.14, -77.29, 17.58, 59.37, 35.25, tool_torque, -1.4, 0.367, -0.223, joint_torque, -0.02, -8.41, -0.16, 5.69, 1.1, -0.88, -0.21, robot_mode, normal, 
30/11/2022 14:51:38:301, robot_pos, 1669819667574, 621.87, 5.83, 301.78, 2.33, -0.02, 3.09, circuit_pos, 621.22, 18.66, 299.53, 2.33, -0.02, 3.09, tool_force, -1.85, 2.29, -11.97, actual_rep, 1, curr_step, 13, track_size, 72, robot_vel, 42.48, joints_pos, 10.64, 44.41, -17.15, -77.31, 17.57, 59.34, 35.82, tool_torque, -1.395, 0.338, -0.219, joint_torque, 0.11, -8.46, -0.08, 5.71, 1.11, -0.9, -0.2, robot_mode, normal, 
30/11/2022 14:51:38:453, robot_pos, 1669819667724, 621.82, 11.65, 301.83, 2.33, -0.02, 3.09, circuit_pos, 621.22, 18.66, 299.53, 2.33, -0.02, 3.09, tool_force, -1.83, 2.44, -11.93, actual_rep, 1, curr_step, 13, track_size, 72, robot_vel, 37.43, joints_pos, 11.19, 44.4, -17.15, -77.32, 17.55, 59.31, 36.4, tool_torque, -1.408, 0.358, -0.213, joint_torque, -0.14, -8.43, -0.25, 5.71, 1.1, -0.91, -0.2, robot_mode, normal, 
30/11/2022 14:51:38:604, robot_pos, 1669819667873, 621.77, 17.39, 302.03, 2.33, -0.02, 3.09, circuit_pos, 621.3, 29.46, 300.25, 2.32, -0.02, 3.09, tool_force, -1.85, 2.33, -11.77, actual_rep, 1, curr_step, 14, track_size, 72, robot_vel, 40.45, joints_pos, 11.71, 44.39, -17.15, -77.31, 17.54, 59.29, 37.06, tool_torque, -1.417, 0.386, -0.207, joint_torque, -0.22, -8.35, -0.28, 5.65, 1.1, -0.93, -0.18, robot_mode, normal, 
30/11/2022 14:51:38:757, robot_pos, 1669819668023, 621.77, 23.24, 302.28, 2.33, -0.02, 3.09, circuit_pos, 621.3, 29.46, 300.25, 2.32, -0.02, 3.09, tool_force, -1.46, 2.34, -11.75, actual_rep, 1, curr_step, 14, track_size, 72, robot_vel, 38.66, joints_pos, 12.26, 44.38, -17.15, -77.28, 17.51, 59.27, 37.86, tool_torque, -1.417, 0.311, -0.193, joint_torque, 0.08, -8.42, -0.11, 5.67, 1.12, -0.95, -0.18, robot_mode, normal, 
30/11/2022 14:51:38:906, robot_pos, 1669819668173, 621.81, 29.01, 302.71, 2.32, -0.02, 3.08, circuit_pos, 621.5, 39.55, 301.39, 2.31, -0.02, 3.09, tool_force, -1.36, 2.12, -11.67, actual_rep, 1, curr_step, 15, track_size, 72, robot_vel, 42.48, joints_pos, 12.78, 44.37, -17.15, -77.23, 17.49, 59.28, 38.7, tool_torque, -1.469, 0.271, -0.201, joint_torque, -0.03, -8.43, -0.23, 5.6, 1.1, -1.01, -0.18, robot_mode, normal, 
30/11/2022 14:51:39:054, robot_pos, 1669819668324, 621.82, 34.86, 303.2, 2.32, -0.02, 3.08, circuit_pos, 621.68, 48.29, 302.56, 2.3, -0.02, 3.09, tool_force, -1.34, 1.86, -11.81, actual_rep, 1, curr_step, 16, track_size, 72, robot_vel, 40.26, joints_pos, 13.33, 44.35, -17.16, -77.17, 17.45, 59.28, 39.54, tool_torque, -1.518, 0.267, -0.177, joint_torque, -0.06, -8.48, -0.21, 5.58, 1.1, -1.04, -0.15, robot_mode, normal, 
30/11/2022 14:51:39:204, robot_pos, 1669819668471, 621.89, 40.61, 303.85, 2.31, -0.02, 3.08, circuit_pos, 621.68, 48.29, 302.56, 2.3, -0.02, 3.09, tool_force, -1.26, 1.71, -11.5, actual_rep, 1, curr_step, 16, track_size, 72, robot_vel, 42.18, joints_pos, 13.85, 44.34, -17.16, -77.08, 17.42, 59.32, 40.49, tool_torque, -1.626, 0.263, -0.169, joint_torque, -0.45, -8.47, -0.44, 5.54, 1.08, -1.14, -0.13, robot_mode, normal, 
30/11/2022 14:51:39:360, robot_pos, 1669819668622, 622.02, 46.43, 304.57, 2.3, -0.02, 3.08, circuit_pos, 621.78, 57.42, 303.83, 2.3, -0.01, 3.09, tool_force, -1.23, 1.83, -11.47, actual_rep, 1, curr_step, 17, track_size, 72, robot_vel, 44.1, joints_pos, 14.39, 44.34, -17.16, -76.97, 17.31, 59.35, 41.31, tool_torque, -1.565, 0.21, -0.158, joint_torque, 0.1, -8.52, -0.16, 5.64, 1.1, -1.14, -0.14, robot_mode, normal, 
30/11/2022 14:51:39:510, robot_pos, 1669819668773, 622.13, 52.29, 305.36, 2.3, -0.01, 3.09, circuit_pos, 621.7, 64.77, 304.79, 2.29, -0.01, 3.09, tool_force, -1.48, 1.97, -11.78, actual_rep, 1, curr_step, 18, track_size, 72, robot_vel, 39.93, joints_pos, 14.99, 44.3, -17.17, -76.91, 17.07, 59.22, 42.16, tool_torque, -1.516, 0.408, -0.161, joint_torque, -0.47, -8.49, -0.44, 5.58, 1.07, -1.04, -0.13, robot_mode, normal, 
30/11/2022 14:51:39:659, robot_pos, 1669819668924, 622.11, 58.04, 306.13, 2.3, -0.01, 3.08, circuit_pos, 621.7, 64.77, 304.79, 2.29, -0.01, 3.09, tool_force, -1.4, 1.94, -11.6, actual_rep, 1, curr_step, 18, track_size, 72, robot_vel, 41.72, joints_pos, 15.51, 44.28, -17.18, -76.82, 16.96, 59.22, 43.07, tool_torque, -1.479, 0.289, -0.16, joint_torque, 0.14, -8.52, -0.16, 5.66, 1.08, -1.08, -0.14, robot_mode, normal, 
30/11/2022 14:51:39:809, robot_pos, 1669819669074, 622.09, 63.93, 306.86, 2.29, -0.01, 3.08, circuit_pos, 621.58, 73.04, 305.87, 2.28, -0.01, 3.09, tool_force, -1.19, 2.18, -11.62, actual_rep, 1, curr_step, 19, track_size, 72, robot_vel, 41.04, joints_pos, 16.06, 44.27, -17.18, -76.71, 16.85, 59.22, 44.04, tool_torque, -1.503, 0.314, -0.147, joint_torque, -0.15, -8.5, -0.31, 5.65, 1.06, -1.13, -0.12, robot_mode, normal, 
30/11/2022 14:51:39:964, robot_pos, 1669819669223, 621.99, 69.69, 307.58, 2.29, -0.01, 3.08, circuit_pos, 621.28, 81.29, 306.83, 2.28, -0.01, 3.09, tool_force, -1.32, 1.94, -11.47, actual_rep, 1, curr_step, 20, track_size, 72, robot_vel, 37.65, joints_pos, 16.58, 44.26, -17.18, -76.6, 16.76, 59.26, 44.99, tool_torque, -1.572, 0.281, -0.148, joint_torque, -0.11, -8.5, -0.29, 5.67, 1.06, -1.22, -0.13, robot_mode, normal, 
30/11/2022 14:51:40:109, robot_pos, 1669819669372, 621.83, 75.44, 308.28, 2.28, -0.01, 3.08, circuit_pos, 621.28, 81.29, 306.83, 2.28, -0.01, 3.09, tool_force, -1.35, 1.75, -11.34, actual_rep, 1, curr_step, 20, track_size, 72, robot_vel, 39.75, joints_pos, 17.11, 44.26, -17.18, -76.49, 16.71, 59.32, 45.68, tool_torque, -1.623, 0.225, -0.146, joint_torque, -0.23, -8.52, -0.32, 5.7, 1.03, -1.29, -0.12, robot_mode, normal, 
30/11/2022 14:51:40:267, robot_pos, 1669819669522, 621.57, 81.22, 308.91, 2.28, -0.01, 3.08, circuit_pos, 620.78, 89.35, 307.67, 2.27, -0.01, 3.09, tool_force, -1.17, 1.94, -11.3, actual_rep, 1, curr_step, 21, track_size, 72, robot_vel, 37.76, joints_pos, 17.63, 44.26, -17.17, -76.38, 16.65, 59.38, 46.52, tool_torque, -1.618, 0.18, -0.133, joint_torque, -0.1, -8.56, -0.36, 5.74, 1.02, -1.33, -0.11, robot_mode, normal, 
30/11/2022 14:51:40:413, robot_pos, 1669819669671, 621.26, 87.13, 309.58, 2.27, -0.01, 3.08, circuit_pos, 620.25, 96.98, 308.51, 2.27, -0.02, 3.08, tool_force, -1.28, 1.71, -11.3, actual_rep, 1, curr_step, 22, track_size, 72, robot_vel, 36.87, joints_pos, 18.15, 44.26, -17.16, -76.26, 16.61, 59.43, 47.3, tool_torque, -1.597, 0.157, -0.114, joint_torque, -0.12, -8.5, -0.45, 5.71, 0.99, -1.35, -0.1, robot_mode, normal, 
30/11/2022 14:51:40:567, robot_pos, 1669819669821, 620.94, 92.74, 310.22, 2.27, -0.02, 3.08, circuit_pos, 619.96, 103.53, 309.26, 2.26, -0.02, 3.08, tool_force, -0.65, 2.03, -11.43, actual_rep, 1, curr_step, 23, track_size, 72, robot_vel, 38.44, joints_pos, 18.53, 44.23, -17.08, -76.19, 17.06, 59.46, 47.71, tool_torque, -1.484, 0.024, -0.087, joint_torque, -0.08, -8.55, -0.6, 5.71, 0.92, -1.34, -0.09, robot_mode, normal, 
30/11/2022 14:51:40:712, robot_pos, 1669819669969, 620.59, 98.66, 310.9, 2.27, -0.02, 3.08, circuit_pos, 619.88, 109.67, 310.15, 2.26, -0.02, 3.08, tool_force, -0.55, 2.1, -11.42, actual_rep, 1, curr_step, 24, track_size, 72, robot_vel, 39.57, joints_pos, 19.04, 44.23, -17.1, -76.09, 17.17, 59.5, 48.51, tool_torque, -1.531, 0.029, -0.141, joint_torque, 0.0, -8.67, -0.52, 5.78, 0.91, -1.37, -0.14, robot_mode, normal, 
30/11/2022 14:51:40:871, robot_pos, 1669819670120, 620.34, 104.36, 311.64, 2.26, -0.02, 3.08, circuit_pos, 619.88, 109.67, 310.15, 2.26, -0.02, 3.08, tool_force, -0.99, 1.82, -11.37, actual_rep, 1, curr_step, 24, track_size, 72, robot_vel, 39.44, joints_pos, 19.56, 44.25, -17.13, -75.94, 17.27, 59.58, 49.2, tool_torque, -1.62, 0.123, -0.189, joint_torque, -0.12, -8.69, -0.43, 5.75, 0.9, -1.4, -0.16, robot_mode, normal, 
30/11/2022 14:51:41:015, robot_pos, 1669819670269, 620.35, 110.22, 312.49, 2.26, -0.02, 3.07, circuit_pos, 619.73, 115.25, 310.98, 2.26, -0.02, 3.07, tool_force, -0.9, 2.11, -11.69, actual_rep, 1, curr_step, 25, track_size, 72, robot_vel, 38.57, joints_pos, 20.03, 44.27, -17.13, -75.78, 17.43, 59.55, 49.69, tool_torque, -1.458, 0.181, -0.18, joint_torque, -0.07, -8.74, -0.44, 5.8, 0.89, -1.26, -0.16, robot_mode, normal, 
30/11/2022 14:51:41:169, robot_pos, 1669819670418, 620.15, 115.99, 313.3, 2.26, -0.02, 3.07, circuit_pos, 619.45, 126.37, 312.42, 2.25, -0.02, 3.07, tool_force, -1.03, 2.39, -11.56, actual_rep, 1, curr_step, 27, track_size, 72, robot_vel, 47.08, joints_pos, 20.53, 44.26, -17.13, -75.65, 17.55, 59.49, 50.19, tool_torque, -1.409, 0.243, -0.17, joint_torque, -0.14, -8.58, -0.46, 5.77, 0.9, -1.24, -0.15, robot_mode, normal, 
30/11/2022 14:51:41:313, robot_pos, 1669819670569, 619.89, 121.78, 314.07, 2.26, -0.02, 3.07, circuit_pos, 619.15, 132.12, 312.83, 2.25, -0.02, 3.07, tool_force, -1.08, 2.47, -11.45, actual_rep, 1, curr_step, 28, track_size, 72, robot_vel, 50.99, joints_pos, 21.02, 44.28, -17.13, -75.5, 17.57, 59.49, 51.0, tool_torque, -1.437, 0.228, -0.165, joint_torque, -0.17, -8.64, -0.47, 5.79, 0.89, -1.29, -0.14, robot_mode, normal, 
30/11/2022 14:51:41:470, robot_pos, 1669819670719, 619.71, 127.58, 314.58, 2.25, -0.02, 3.07, circuit_pos, 618.9, 137.78, 313.01, 2.25, -0.02, 3.07, tool_force, -1.14, 2.11, -11.43, actual_rep, 1, curr_step, 29, track_size, 72, robot_vel, 39.79, joints_pos, 21.53, 44.35, -17.14, -75.29, 17.56, 59.56, 51.73, tool_torque, -1.554, 0.205, -0.158, joint_torque, -0.21, -8.49, -0.48, 5.73, 0.87, -1.41, -0.11, robot_mode, normal, 
30/11/2022 14:51:41:619, robot_pos, 1669819670869, 619.45, 133.33, 314.94, 2.25, -0.02, 3.06, circuit_pos, 618.68, 143.43, 313.21, 2.25, -0.02, 3.07, tool_force, -0.28, 2.17, -11.3, actual_rep, 1, curr_step, 30, track_size, 72, robot_vel, 40.66, joints_pos, 22.04, 44.43, -17.14, -75.1, 17.53, 59.61, 52.37, tool_torque, -1.603, 0.103, -0.16, joint_torque, 0.07, -8.68, -0.36, 5.8, 0.9, -1.46, -0.13, robot_mode, normal, 
30/11/2022 14:51:41:771, robot_pos, 1669819671019, 619.2, 139.18, 315.23, 2.25, -0.02, 3.06, circuit_pos, 618.69, 148.48, 313.26, 2.24, -0.02, 3.06, tool_force, -0.65, 2.12, -11.27, actual_rep, 1, curr_step, 31, track_size, 72, robot_vel, 38.45, joints_pos, 22.54, 44.53, -17.14, -74.87, 17.5, 59.68, 52.98, tool_torque, -1.636, 0.129, -0.13, joint_torque, -0.12, -8.81, -0.51, 5.89, 0.9, -1.51, -0.11, robot_mode, normal, 
30/11/2022 14:51:41:917, robot_pos, 1669819671169, 619.19, 144.98, 315.5, 2.25, -0.02, 3.06, circuit_pos, 618.64, 153.34, 313.12, 2.24, -0.02, 3.06, tool_force, -0.92, 2.49, -11.71, actual_rep, 1, curr_step, 32, track_size, 72, robot_vel, 36.66, joints_pos, 22.98, 44.6, -17.09, -74.7, 17.62, 59.54, 53.78, tool_torque, -1.327, 0.19, -0.092, joint_torque, -0.19, -8.7, -0.68, 5.86, 0.83, -1.29, -0.1, robot_mode, normal, 
30/11/2022 14:51:42:074, robot_pos, 1669819671320, 619.08, 150.68, 315.34, 2.24, -0.02, 3.06, circuit_pos, 618.01, 166.56, 311.61, 2.22, -0.01, 3.06, tool_force, -1.03, 2.82, -11.55, actual_rep, 1, curr_step, 35, track_size, 72, robot_vel, 37.27, joints_pos, 23.5, 44.71, -17.14, -74.54, 17.65, 59.32, 54.64, tool_torque, -1.326, 0.291, -0.137, joint_torque, -0.1, -8.84, -0.5, 5.95, 0.84, -1.27, -0.12, robot_mode, normal, 
30/11/2022 14:51:42:223, robot_pos, 1669819671469, 618.79, 156.68, 314.85, 2.23, -0.02, 3.06, circuit_pos, 617.74, 172.36, 310.59, 2.21, -0.01, 3.06, tool_force, -0.84, 2.79, -11.67, actual_rep, 1, curr_step, 37, track_size, 72, robot_vel, 41.23, joints_pos, 24.1, 44.87, -17.22, -74.36, 17.52, 59.21, 55.62, tool_torque, -1.401, 0.376, -0.168, joint_torque, -0.16, -8.85, -0.43, 5.97, 0.87, -1.32, -0.12, robot_mode, normal, 
30/11/2022 14:51:42:372, robot_pos, 1669819671619, 618.49, 162.41, 313.94, 2.23, -0.01, 3.06, circuit_pos, 617.47, 173.15, 309.13, 2.21, -0.01, 3.07, tool_force, -0.67, 2.26, -12.03, actual_rep, 1, curr_step, 40, track_size, 72, robot_vel, 38.5, joints_pos, 24.62, 45.07, -17.21, -74.14, 17.35, 59.18, 56.71, tool_torque, -1.459, 0.306, -0.143, joint_torque, -0.06, -8.76, -0.43, 5.86, 0.88, -1.37, -0.12, robot_mode, normal, 
30/11/2022 14:51:42:550, robot_pos, 1669819671769, 618.18, 168.9, 312.59, 2.22, -0.01, 3.06, circuit_pos, 617.58, 173.1, 309.72, 2.21, -0.01, 3.07, tool_force, -0.62, 2.02, -11.85, actual_rep, 1, curr_step, 43, track_size, 72, robot_vel, 36.5, joints_pos, 25.2, 45.38, -17.21, -73.81, 17.07, 59.26, 58.03, tool_torque, -1.6, 0.229, -0.135, joint_torque, -0.17, -9.14, -0.61, 6.04, 0.84, -1.53, -0.1, robot_mode, normal, 
30/11/2022 14:51:42:670, robot_pos, 1669819671919, 617.98, 173.26, 312.23, 2.21, -0.01, 3.07, circuit_pos, 617.6, 173.44, 310.34, 2.21, -0.01, 3.07, tool_force, -0.66, 2.12, -11.43, actual_rep, 1, curr_step, 45, track_size, 72, robot_vel, 50.46, joints_pos, 25.6, 45.56, -17.26, -73.54, 16.87, 59.44, 58.85, tool_torque, -1.593, 0.214, -0.076, joint_torque, -0.13, -8.71, -0.53, 5.92, 0.82, -1.58, -0.04, robot_mode, normal, 
30/11/2022 14:51:42:822, robot_pos, 1669819672069, 617.95, 173.51, 312.48, 2.21, -0.01, 3.07, circuit_pos, 617.62, 173.49, 309.59, 2.21, -0.01, 3.07, tool_force, -0.31, 2.61, -11.54, actual_rep, 1, curr_step, 47, track_size, 72, robot_vel, 6.01, joints_pos, 25.68, 45.57, -17.38, -73.5, 16.96, 59.52, 58.87, tool_torque, -1.413, 0.114, 0.038, joint_torque, 0.06, -8.92, -0.45, 6.06, 0.76, -1.49, 0.11, robot_mode, normal, 
