30/11/2022 14:42:32:089, robot_pos, 1669819120818, 613.81, -94.2, 298.77, 2.34, 0.01, 3.1, circuit_pos, 614.3, -90.51, 297.41, 2.34, 0.0, 3.1, tool_force, -1.25, 2.78, -12.0, actual_rep, 1, curr_step, 1, track_size, 72, robot_vel, 36.11, joints_pos, 1.96, 44.47, -17.52, -77.79, 16.26, 58.27, 26.88, tool_torque, -1.115, 0.047, 0.151, joint_torque, 0.62, -8.29, -0.06, 5.5, 1.21, -0.75, 0.11, robot_mode, normal, 
30/11/2022 14:42:32:239, robot_pos, 1669819120966, 614.17, -94.01, 300.9, 2.34, 0.01, 3.1, circuit_pos, 614.3, -90.51, 297.41, 2.34, 0.0, 3.1, tool_force, -1.2, 3.93, -9.97, actual_rep, 1, curr_step, 1, track_size, 72, robot_vel, 0.7, joints_pos, 1.96, 44.32, -17.51, -77.7, 16.26, 58.43, 26.88, tool_torque, -0.967, -0.427, 0.034, joint_torque, 0.97, -9.63, 0.02, 5.6, 1.2, -0.91, 0.01, robot_mode, normal, 
30/11/2022 14:42:32:362, robot_pos, 1669819121102, 614.6, -89.7, 299.81, 2.34, 0.0, 3.09, circuit_pos, 615.03, -85.14, 296.67, 2.36, 0.0, 3.09, tool_force, -0.47, 4.01, -10.82, actual_rep, 1, curr_step, 2, track_size, 72, robot_vel, 0.7, joints_pos, 2.05, 44.41, -17.19, -77.65, 16.64, 58.64, 26.84, tool_torque, -0.992, -0.275, 0.176, joint_torque, 1.16, -8.2, 0.03, 5.59, 1.2, -0.94, 0.1, robot_mode, normal, 
30/11/2022 14:42:32:496, robot_pos, 1669819121241, 615.6, -84.89, 299.68, 2.36, 0.0, 3.09, circuit_pos, 616.23, -78.75, 296.86, 2.37, 0.0, 3.09, tool_force, -1.8, 2.18, -11.52, actual_rep, 1, curr_step, 3, track_size, 72, robot_vel, 37.08, joints_pos, 2.36, 44.43, -17.07, -77.61, 16.87, 58.64, 26.29, tool_torque, -1.226, 0.0010, 0.2, joint_torque, 0.07, -8.08, -0.36, 5.37, 1.18, -0.84, 0.18, robot_mode, normal, 
30/11/2022 14:42:32:643, robot_pos, 1669819121390, 616.39, -79.08, 299.68, 2.37, 0.0, 3.09, circuit_pos, 617.78, -71.85, 297.69, 2.37, -0.01, 3.09, tool_force, -1.6, 2.01, -11.99, actual_rep, 1, curr_step, 4, track_size, 72, robot_vel, 39.05, joints_pos, 2.87, 44.43, -17.05, -77.61, 17.06, 58.68, 26.27, tool_torque, -1.314, 0.0080, 0.073, joint_torque, -0.04, -8.31, -0.36, 5.5, 1.18, -0.9, 0.06, robot_mode, normal, 
30/11/2022 14:42:32:796, robot_pos, 1669819121538, 617.48, -73.4, 300.0, 2.37, -0.01, 3.08, circuit_pos, 619.15, -64.3, 298.91, 2.37, -0.01, 3.09, tool_force, -1.32, 1.76, -10.9, actual_rep, 1, curr_step, 5, track_size, 72, robot_vel, 36.48, joints_pos, 3.33, 44.49, -17.06, -77.44, 17.27, 58.93, 26.54, tool_torque, -1.438, -0.065, -0.104, joint_torque, 0.26, -8.27, -0.12, 5.43, 1.2, -0.95, -0.13, robot_mode, normal, 
30/11/2022 14:42:32:949, robot_pos, 1669819121687, 618.62, -67.69, 300.71, 2.37, -0.01, 3.08, circuit_pos, 620.04, -56.04, 300.07, 2.37, -0.01, 3.09, tool_force, -1.26, 1.18, -11.38, actual_rep, 1, curr_step, 6, track_size, 72, robot_vel, 40.94, joints_pos, 3.88, 44.51, -17.09, -77.29, 17.32, 59.12, 27.02, tool_torque, -1.603, -0.0070, -0.191, joint_torque, 0.02, -8.26, -0.13, 5.3, 1.18, -0.93, -0.19, robot_mode, normal, 
30/11/2022 14:42:33:089, robot_pos, 1669819121836, 619.41, -61.88, 301.44, 2.37, -0.01, 3.08, circuit_pos, 620.04, -56.04, 300.07, 2.37, -0.01, 3.09, tool_force, -1.04, 1.41, -11.6, actual_rep, 1, curr_step, 6, track_size, 72, robot_vel, 39.52, joints_pos, 4.41, 44.48, -17.13, -77.22, 17.34, 59.23, 27.52, tool_torque, -1.612, 0.0020, -0.215, joint_torque, 0.06, -8.36, -0.09, 5.37, 1.18, -0.96, -0.21, robot_mode, normal, 
30/11/2022 14:42:33:248, robot_pos, 1669819121985, 619.96, -56.08, 302.02, 2.37, -0.01, 3.08, circuit_pos, 620.58, -46.71, 300.66, 2.36, -0.01, 3.09, tool_force, -1.5, 1.44, -11.33, actual_rep, 1, curr_step, 7, track_size, 72, robot_vel, 48.8, joints_pos, 4.97, 44.44, -17.15, -77.21, 17.35, 59.27, 28.19, tool_torque, -1.686, 0.13, -0.247, joint_torque, -0.26, -8.28, -0.17, 5.38, 1.17, -0.95, -0.21, robot_mode, normal, 
30/11/2022 14:42:33:391, robot_pos, 1669819122133, 620.45, -50.35, 302.48, 2.36, -0.01, 3.08, circuit_pos, 621.1, -36.42, 300.61, 2.35, -0.02, 3.09, tool_force, -1.16, 1.45, -11.42, actual_rep, 1, curr_step, 8, track_size, 72, robot_vel, 41.8, joints_pos, 5.5, 44.4, -17.15, -77.21, 17.35, 59.29, 28.99, tool_torque, -1.609, 0.014, -0.235, joint_torque, 0.21, -8.38, 0.05, 5.42, 1.18, -0.97, -0.22, robot_mode, normal, 
30/11/2022 14:42:33:546, robot_pos, 1669819122284, 620.72, -44.5, 302.65, 2.36, -0.01, 3.08, circuit_pos, 621.1, -36.42, 300.61, 2.35, -0.02, 3.09, tool_force, -1.49, 0.99, -11.46, actual_rep, 1, curr_step, 8, track_size, 72, robot_vel, 41.4, joints_pos, 6.0, 44.39, -17.13, -77.19, 17.43, 59.44, 29.77, tool_torque, -1.611, -0.0050, -0.193, joint_torque, -0.06, -8.32, -0.19, 5.39, 1.17, -1.01, -0.21, robot_mode, normal, 
30/11/2022 14:42:33:696, robot_pos, 1669819122430, 621.08, -38.74, 302.76, 2.35, -0.02, 3.08, circuit_pos, 621.3, -26.89, 300.2, 2.34, -0.02, 3.09, tool_force, -1.27, 1.07, -11.53, actual_rep, 1, curr_step, 9, track_size, 72, robot_vel, 40.55, joints_pos, 6.5, 44.41, -17.12, -77.15, 17.51, 59.58, 30.57, tool_torque, -1.569, 0.014, -0.198, joint_torque, -0.11, -8.29, -0.29, 5.38, 1.14, -1.0, -0.21, robot_mode, normal, 
30/11/2022 14:42:33:843, robot_pos, 1669819122581, 621.36, -32.98, 302.63, 2.35, -0.02, 3.08, circuit_pos, 621.3, -26.89, 300.2, 2.34, -0.02, 3.09, tool_force, -0.92, 1.72, -11.46, actual_rep, 1, curr_step, 9, track_size, 72, robot_vel, 38.01, joints_pos, 7.04, 44.42, -17.14, -77.15, 17.54, 59.6, 31.41, tool_torque, -1.576, -0.014, -0.199, joint_torque, 0.1, -8.43, -0.14, 5.5, 1.14, -1.05, -0.19, robot_mode, normal, 
30/11/2022 14:42:33:993, robot_pos, 1669819122728, 621.51, -27.19, 302.47, 2.34, -0.02, 3.08, circuit_pos, 621.41, -16.2, 299.67, 2.34, -0.02, 3.09, tool_force, -1.51, 1.77, -11.6, actual_rep, 1, curr_step, 10, track_size, 72, robot_vel, 39.56, joints_pos, 7.57, 44.42, -17.15, -77.18, 17.57, 59.59, 32.11, tool_torque, -1.57, 0.162, -0.213, joint_torque, -0.26, -8.39, -0.28, 5.51, 1.12, -0.98, -0.19, robot_mode, normal, 
30/11/2022 14:42:34:147, robot_pos, 1669819122877, 621.67, -21.35, 302.28, 2.34, -0.02, 3.09, circuit_pos, 621.4, -3.17, 299.31, 2.33, -0.02, 3.09, tool_force, -1.81, 1.79, -11.81, actual_rep, 1, curr_step, 11, track_size, 72, robot_vel, 38.03, joints_pos, 8.11, 44.42, -17.15, -77.2, 17.57, 59.55, 32.72, tool_torque, -1.494, 0.257, -0.201, joint_torque, -0.05, -8.47, -0.18, 5.61, 1.13, -0.91, -0.19, robot_mode, normal, 
30/11/2022 14:42:34:300, robot_pos, 1669819123024, 621.78, -15.59, 302.11, 2.34, -0.02, 3.09, circuit_pos, 621.4, -3.17, 299.31, 2.33, -0.02, 3.09, tool_force, -1.49, 2.29, -11.86, actual_rep, 1, curr_step, 11, track_size, 72, robot_vel, 37.43, joints_pos, 8.66, 44.43, -17.14, -77.23, 17.59, 59.52, 33.43, tool_torque, -1.395, 0.26, -0.209, joint_torque, 0.03, -8.43, -0.19, 5.64, 1.12, -0.88, -0.19, robot_mode, normal, 
30/11/2022 14:42:34:448, robot_pos, 1669819123173, 621.86, -9.83, 301.94, 2.34, -0.02, 3.09, circuit_pos, 621.4, -3.17, 299.31, 2.33, -0.02, 3.09, tool_force, -1.74, 2.18, -12.0, actual_rep, 1, curr_step, 11, track_size, 72, robot_vel, 39.06, joints_pos, 9.18, 44.43, -17.15, -77.26, 17.59, 59.46, 34.16, tool_torque, -1.415, 0.345, -0.22, joint_torque, -0.11, -8.48, -0.25, 5.65, 1.11, -0.86, -0.21, robot_mode, normal, 
30/11/2022 14:42:34:597, robot_pos, 1669819123322, 621.89, -4.05, 301.84, 2.33, -0.02, 3.09, circuit_pos, 621.31, 7.17, 299.27, 2.33, -0.02, 3.09, tool_force, -1.8, 2.31, -11.87, actual_rep, 1, curr_step, 12, track_size, 72, robot_vel, 40.01, joints_pos, 9.73, 44.42, -17.15, -77.28, 17.58, 59.41, 34.83, tool_torque, -1.371, 0.327, -0.209, joint_torque, 0.09, -8.38, -0.13, 5.65, 1.11, -0.86, -0.2, robot_mode, normal, 
30/11/2022 14:42:34:751, robot_pos, 1669819123471, 621.88, 1.75, 301.74, 2.33, -0.02, 3.09, circuit_pos, 621.31, 7.17, 299.27, 2.33, -0.02, 3.09, tool_force, -1.98, 2.11, -11.95, actual_rep, 1, curr_step, 12, track_size, 72, robot_vel, 44.72, joints_pos, 10.27, 44.42, -17.16, -77.31, 17.58, 59.36, 35.42, tool_torque, -1.425, 0.348, -0.234, joint_torque, -0.05, -8.46, -0.16, 5.69, 1.1, -0.88, -0.22, robot_mode, normal, 
30/11/2022 14:42:34:904, robot_pos, 1669819123619, 621.84, 7.61, 301.8, 2.33, -0.02, 3.09, circuit_pos, 621.22, 18.66, 299.53, 2.33, -0.02, 3.09, tool_force, -1.69, 2.54, -11.84, actual_rep, 1, curr_step, 13, track_size, 72, robot_vel, 44.7, joints_pos, 10.81, 44.41, -17.16, -77.32, 17.57, 59.33, 36.02, tool_torque, -1.403, 0.351, -0.223, joint_torque, -0.06, -8.42, -0.17, 5.69, 1.11, -0.9, -0.21, robot_mode, normal, 
30/11/2022 14:42:35:049, robot_pos, 1669819123769, 621.78, 13.38, 301.85, 2.33, -0.02, 3.09, circuit_pos, 621.3, 29.46, 300.25, 2.32, -0.02, 3.09, tool_force, -1.47, 2.48, -11.98, actual_rep, 1, curr_step, 14, track_size, 72, robot_vel, 38.51, joints_pos, 11.34, 44.4, -17.16, -77.32, 17.55, 59.3, 36.56, tool_torque, -1.391, 0.324, -0.219, joint_torque, -0.04, -8.47, -0.24, 5.7, 1.1, -0.91, -0.2, robot_mode, normal, 
30/11/2022 14:42:35:203, robot_pos, 1669819123918, 621.75, 19.13, 302.1, 2.33, -0.02, 3.09, circuit_pos, 621.3, 29.46, 300.25, 2.32, -0.02, 3.09, tool_force, -1.69, 2.21, -11.84, actual_rep, 1, curr_step, 14, track_size, 72, robot_vel, 38.25, joints_pos, 11.88, 44.38, -17.16, -77.31, 17.54, 59.27, 37.3, tool_torque, -1.392, 0.313, -0.201, joint_torque, 0.12, -8.42, -0.12, 5.66, 1.11, -0.92, -0.2, robot_mode, normal, 
30/11/2022 14:42:35:350, robot_pos, 1669819124067, 621.76, 24.9, 302.36, 2.32, -0.02, 3.09, circuit_pos, 621.5, 39.55, 301.39, 2.31, -0.02, 3.09, tool_force, -1.14, 2.3, -12.01, actual_rep, 1, curr_step, 15, track_size, 72, robot_vel, 36.53, joints_pos, 12.41, 44.38, -17.16, -77.27, 17.51, 59.27, 38.09, tool_torque, -1.426, 0.268, -0.183, joint_torque, 0.13, -8.56, -0.17, 5.67, 1.11, -0.96, -0.17, robot_mode, normal, 
30/11/2022 14:42:35:500, robot_pos, 1669819124215, 621.79, 30.69, 302.85, 2.32, -0.02, 3.08, circuit_pos, 621.5, 39.55, 301.39, 2.31, -0.02, 3.09, tool_force, -1.15, 1.89, -11.76, actual_rep, 1, curr_step, 15, track_size, 72, robot_vel, 36.96, joints_pos, 12.95, 44.36, -17.16, -77.22, 17.48, 59.28, 38.92, tool_torque, -1.524, 0.289, -0.198, joint_torque, -0.28, -8.46, -0.39, 5.53, 1.08, -1.02, -0.17, robot_mode, normal, 
30/11/2022 14:42:35:651, robot_pos, 1669819124364, 621.81, 36.47, 303.39, 2.31, -0.02, 3.08, circuit_pos, 621.68, 48.29, 302.56, 2.3, -0.02, 3.09, tool_force, -1.04, 1.96, -11.5, actual_rep, 1, curr_step, 16, track_size, 72, robot_vel, 38.43, joints_pos, 13.48, 44.35, -17.16, -77.15, 17.44, 59.3, 39.83, tool_torque, -1.529, 0.205, -0.152, joint_torque, 0.05, -8.48, -0.16, 5.61, 1.1, -1.08, -0.13, robot_mode, normal, 
30/11/2022 14:42:35:801, robot_pos, 1669819124511, 621.91, 42.32, 304.05, 2.31, -0.02, 3.08, circuit_pos, 621.68, 48.29, 302.56, 2.3, -0.02, 3.09, tool_force, -1.09, 1.77, -11.56, actual_rep, 1, curr_step, 16, track_size, 72, robot_vel, 38.97, joints_pos, 14.01, 44.34, -17.16, -77.05, 17.41, 59.33, 40.73, tool_torque, -1.561, 0.147, -0.142, joint_torque, 0.11, -8.47, -0.2, 5.61, 1.09, -1.15, -0.13, robot_mode, normal, 
30/11/2022 14:42:35:960, robot_pos, 1669819124660, 622.04, 48.05, 304.83, 2.3, -0.02, 3.09, circuit_pos, 621.78, 57.42, 303.83, 2.3, -0.01, 3.09, tool_force, -1.05, 2.22, -11.49, actual_rep, 1, curr_step, 17, track_size, 72, robot_vel, 37.84, joints_pos, 14.57, 44.32, -17.17, -76.95, 17.24, 59.31, 41.56, tool_torque, -1.492, 0.216, -0.143, joint_torque, 0.04, -8.48, -0.22, 5.68, 1.09, -1.1, -0.14, robot_mode, normal, 
30/11/2022 14:42:36:103, robot_pos, 1669819124807, 622.06, 53.85, 305.56, 2.3, -0.01, 3.09, circuit_pos, 621.7, 64.77, 304.79, 2.29, -0.01, 3.09, tool_force, -1.74, 1.97, -11.7, actual_rep, 1, curr_step, 18, track_size, 72, robot_vel, 39.98, joints_pos, 15.13, 44.29, -17.18, -76.9, 17.03, 59.22, 42.38, tool_torque, -1.459, 0.325, -0.141, joint_torque, 0.09, -8.45, -0.16, 5.68, 1.09, -1.06, -0.13, robot_mode, normal, 
30/11/2022 14:42:36:259, robot_pos, 1669819124958, 622.09, 59.74, 306.34, 2.3, -0.01, 3.09, circuit_pos, 621.58, 73.04, 305.87, 2.28, -0.01, 3.09, tool_force, -1.09, 2.42, -11.57, actual_rep, 1, curr_step, 19, track_size, 72, robot_vel, 42.66, joints_pos, 15.69, 44.27, -17.19, -76.79, 16.91, 59.22, 43.35, tool_torque, -1.46, 0.316, -0.14, joint_torque, -0.04, -8.41, -0.27, 5.66, 1.07, -1.09, -0.12, robot_mode, normal, 
30/11/2022 14:42:36:403, robot_pos, 1669819125105, 622.06, 65.41, 307.03, 2.29, -0.01, 3.08, circuit_pos, 621.58, 73.04, 305.87, 2.28, -0.01, 3.09, tool_force, -1.26, 2.15, -11.56, actual_rep, 1, curr_step, 19, track_size, 72, robot_vel, 52.36, joints_pos, 16.2, 44.26, -17.19, -76.69, 16.82, 59.22, 44.28, tool_torque, -1.475, 0.291, -0.138, joint_torque, -0.13, -8.47, -0.34, 5.67, 1.05, -1.15, -0.11, robot_mode, normal, 
30/11/2022 14:42:36:560, robot_pos, 1669819125255, 621.92, 71.32, 307.79, 2.28, -0.01, 3.09, circuit_pos, 621.28, 81.29, 306.83, 2.28, -0.01, 3.09, tool_force, -1.3, 1.97, -11.45, actual_rep, 1, curr_step, 20, track_size, 72, robot_vel, 38.04, joints_pos, 16.74, 44.26, -17.18, -76.57, 16.73, 59.29, 45.17, tool_torque, -1.555, 0.199, -0.116, joint_torque, -0.04, -8.51, -0.31, 5.72, 1.05, -1.26, -0.11, robot_mode, normal, 
30/11/2022 14:42:36:707, robot_pos, 1669819125403, 621.75, 77.02, 308.46, 2.28, -0.01, 3.08, circuit_pos, 620.78, 89.35, 307.67, 2.27, -0.01, 3.09, tool_force, -1.5, 1.65, -11.43, actual_rep, 1, curr_step, 21, track_size, 72, robot_vel, 43.89, joints_pos, 17.26, 44.26, -17.18, -76.46, 16.69, 59.33, 45.88, tool_torque, -1.615, 0.194, -0.142, joint_torque, -0.16, -8.61, -0.38, 5.76, 1.03, -1.31, -0.12, robot_mode, normal, 
30/11/2022 14:42:36:862, robot_pos, 1669819125553, 621.47, 82.87, 309.11, 2.28, -0.01, 3.08, circuit_pos, 620.78, 89.35, 307.67, 2.27, -0.01, 3.09, tool_force, -0.68, 2.08, -11.45, actual_rep, 1, curr_step, 21, track_size, 72, robot_vel, 37.69, joints_pos, 17.78, 44.26, -17.17, -76.34, 16.63, 59.4, 46.79, tool_torque, -1.569, 0.104, -0.123, joint_torque, 0.08, -8.55, -0.32, 5.72, 1.03, -1.32, -0.12, robot_mode, normal, 
30/11/2022 14:42:37:038, robot_pos, 1669819125700, 621.18, 88.7, 309.75, 2.27, -0.01, 3.08, circuit_pos, 620.25, 96.98, 308.51, 2.27, -0.02, 3.08, tool_force, -0.84, 1.83, -11.86, actual_rep, 1, curr_step, 22, track_size, 72, robot_vel, 45.12, joints_pos, 18.29, 44.26, -17.15, -76.24, 16.67, 59.45, 47.52, tool_torque, -1.572, 0.049, -0.106, joint_torque, -0.01, -8.77, -0.5, 5.8, 0.97, -1.35, -0.11, robot_mode, normal, 
30/11/2022 14:42:37:161, robot_pos, 1669819125850, 620.85, 94.33, 310.38, 2.27, -0.02, 3.08, circuit_pos, 619.96, 103.53, 309.26, 2.26, -0.02, 3.08, tool_force, -1.33, 2.03, -11.2, actual_rep, 1, curr_step, 23, track_size, 72, robot_vel, 38.12, joints_pos, 18.66, 44.24, -17.09, -76.17, 17.11, 59.47, 47.91, tool_torque, -1.495, 0.06, -0.097, joint_torque, -0.08, -8.41, -0.58, 5.67, 0.93, -1.35, -0.11, robot_mode, normal, 
30/11/2022 14:42:37:310, robot_pos, 1669819125997, 620.49, 100.39, 311.13, 2.26, -0.02, 3.08, circuit_pos, 619.88, 109.67, 310.15, 2.26, -0.02, 3.08, tool_force, -0.45, 2.15, -11.33, actual_rep, 1, curr_step, 24, track_size, 72, robot_vel, 46.51, joints_pos, 19.21, 44.24, -17.12, -76.05, 17.21, 59.52, 48.73, tool_torque, -1.527, 0.0060, -0.136, joint_torque, 0.14, -8.54, -0.4, 5.74, 0.92, -1.38, -0.14, robot_mode, normal, 
30/11/2022 14:42:37:462, robot_pos, 1669819126147, 620.25, 106.02, 311.83, 2.26, -0.02, 3.08, circuit_pos, 619.73, 115.25, 310.98, 2.26, -0.02, 3.07, tool_force, -0.99, 1.71, -11.4, actual_rep, 1, curr_step, 25, track_size, 72, robot_vel, 37.84, joints_pos, 19.71, 44.26, -17.15, -75.9, 17.27, 59.6, 49.37, tool_torque, -1.636, 0.088, -0.166, joint_torque, -0.13, -8.69, -0.47, 5.79, 0.91, -1.43, -0.14, robot_mode, normal, 
30/11/2022 14:42:37:612, robot_pos, 1669819126295, 620.29, 111.92, 312.7, 2.26, -0.02, 3.07, circuit_pos, 619.61, 120.68, 311.81, 2.26, -0.02, 3.07, tool_force, -0.77, 2.04, -11.7, actual_rep, 1, curr_step, 26, track_size, 72, robot_vel, 38.03, joints_pos, 20.18, 44.26, -17.14, -75.75, 17.51, 59.51, 49.8, tool_torque, -1.424, 0.178, -0.163, joint_torque, -0.01, -8.62, -0.41, 5.74, 0.9, -1.23, -0.16, robot_mode, normal, 
30/11/2022 14:42:37:768, robot_pos, 1669819126446, 620.08, 117.68, 313.54, 2.26, -0.02, 3.07, circuit_pos, 619.45, 126.37, 312.42, 2.25, -0.02, 3.07, tool_force, -1.05, 2.11, -11.84, actual_rep, 1, curr_step, 27, track_size, 72, robot_vel, 42.52, joints_pos, 20.7, 44.26, -17.14, -75.61, 17.56, 59.48, 50.4, tool_torque, -1.424, 0.17, -0.142, joint_torque, -0.1, -8.79, -0.52, 5.82, 0.88, -1.27, -0.13, robot_mode, normal, 
30/11/2022 14:42:37:916, robot_pos, 1669819126592, 619.82, 123.48, 314.24, 2.25, -0.02, 3.07, circuit_pos, 619.15, 132.12, 312.83, 2.25, -0.02, 3.07, tool_force, -0.35, 2.14, -11.84, actual_rep, 1, curr_step, 28, track_size, 72, robot_vel, 41.18, joints_pos, 21.18, 44.3, -17.14, -75.45, 17.57, 59.51, 51.26, tool_torque, -1.496, 0.146, -0.173, joint_torque, 0.03, -8.8, -0.39, 5.8, 0.9, -1.32, -0.15, robot_mode, normal, 
30/11/2022 14:42:38:068, robot_pos, 1669819126742, 619.67, 129.21, 314.7, 2.25, -0.02, 3.07, circuit_pos, 618.9, 137.78, 313.01, 2.25, -0.02, 3.07, tool_force, -0.57, 1.79, -11.73, actual_rep, 1, curr_step, 29, track_size, 72, robot_vel, 38.93, joints_pos, 21.7, 44.37, -17.16, -75.23, 17.56, 59.57, 51.93, tool_torque, -1.617, 0.112, -0.164, joint_torque, -0.07, -8.89, -0.52, 5.85, 0.88, -1.43, -0.13, robot_mode, normal, 
30/11/2022 14:42:38:214, robot_pos, 1669819126889, 619.35, 135.07, 315.05, 2.25, -0.02, 3.06, circuit_pos, 618.68, 143.43, 313.21, 2.25, -0.02, 3.07, tool_force, -0.85, 1.92, -11.39, actual_rep, 1, curr_step, 30, track_size, 72, robot_vel, 42.9, joints_pos, 22.19, 44.45, -17.16, -75.04, 17.52, 59.63, 52.55, tool_torque, -1.647, 0.127, -0.13, joint_torque, -0.19, -8.85, -0.56, 5.86, 0.89, -1.49, -0.11, robot_mode, normal, 
30/11/2022 14:42:38:372, robot_pos, 1669819127039, 619.16, 140.98, 315.34, 2.25, -0.02, 3.06, circuit_pos, 618.69, 148.48, 313.26, 2.24, -0.02, 3.06, tool_force, -0.72, 1.95, -11.5, actual_rep, 1, curr_step, 31, track_size, 72, robot_vel, 39.23, joints_pos, 22.7, 44.55, -17.15, -74.81, 17.51, 59.68, 53.2, tool_torque, -1.594, 0.081, -0.115, joint_torque, -0.06, -8.84, -0.55, 5.87, 0.88, -1.47, -0.1, robot_mode, normal, 
30/11/2022 14:42:38:516, robot_pos, 1669819127187, 619.06, 146.64, 315.49, 2.24, -0.02, 3.06, circuit_pos, 618.5, 157.93, 312.71, 2.23, -0.01, 3.06, tool_force, -0.93, 2.34, -11.85, actual_rep, 1, curr_step, 33, track_size, 72, robot_vel, 38.94, joints_pos, 23.12, 44.62, -17.1, -74.67, 17.65, 59.5, 53.94, tool_torque, -1.323, 0.163, -0.089, joint_torque, -0.19, -8.66, -0.71, 5.81, 0.84, -1.28, -0.1, robot_mode, normal, 
30/11/2022 14:42:38:671, robot_pos, 1669819127340, 618.91, 152.62, 315.08, 2.24, -0.02, 3.06, circuit_pos, 617.91, 169.87, 311.16, 2.22, -0.01, 3.06, tool_force, 0.15, 2.47, -12.26, actual_rep, 1, curr_step, 36, track_size, 72, robot_vel, 39.15, joints_pos, 23.72, 44.76, -17.2, -74.5, 17.59, 59.29, 54.96, tool_torque, -1.385, 0.217, -0.139, joint_torque, 0.16, -8.93, -0.39, 5.91, 0.86, -1.3, -0.11, robot_mode, normal, 
30/11/2022 14:42:38:816, robot_pos, 1669819127485, 618.71, 158.24, 314.61, 2.23, -0.02, 3.06, circuit_pos, 617.47, 173.7, 309.87, 2.21, -0.01, 3.07, tool_force, -1.21, 2.54, -11.33, actual_rep, 1, curr_step, 38, track_size, 72, robot_vel, 36.84, joints_pos, 24.25, 44.92, -17.24, -74.31, 17.51, 59.19, 55.92, tool_torque, -1.357, 0.37, -0.162, joint_torque, -0.06, -8.5, -0.37, 5.76, 0.86, -1.28, -0.12, robot_mode, normal, 
30/11/2022 14:42:38:970, robot_pos, 1669819127635, 618.32, 164.12, 313.57, 2.22, -0.01, 3.06, circuit_pos, 617.59, 172.67, 309.2, 2.21, -0.01, 3.07, tool_force, -0.17, 2.24, -12.23, actual_rep, 1, curr_step, 41, track_size, 72, robot_vel, 38.62, joints_pos, 24.78, 45.15, -17.24, -74.07, 17.28, 59.19, 57.03, tool_torque, -1.469, 0.206, -0.131, joint_torque, 0.16, -8.76, -0.4, 5.87, 0.86, -1.4, -0.11, robot_mode, normal, 
30/11/2022 14:42:39:167, robot_pos, 1669819127782, 618.08, 169.73, 312.44, 2.22, -0.01, 3.06, circuit_pos, 617.51, 173.25, 310.15, 2.21, -0.01, 3.07, tool_force, -0.43, 2.09, -11.96, actual_rep, 1, curr_step, 44, track_size, 72, robot_vel, 40.07, joints_pos, 25.27, 45.41, -17.23, -73.7, 17.0, 59.31, 58.43, tool_torque, -1.586, 0.144, -0.105, joint_torque, 0.02, -8.75, -0.54, 5.91, 0.84, -1.56, -0.09, robot_mode, normal, 
30/11/2022 14:42:39:272, robot_pos, 1669819127931, 618.02, 173.53, 312.55, 2.21, -0.01, 3.07, circuit_pos, 617.63, 173.42, 309.99, 2.21, -0.01, 3.07, tool_force, 0.01, 2.74, -11.46, actual_rep, 1, curr_step, 46, track_size, 72, robot_vel, 34.15, joints_pos, 25.69, 45.56, -17.36, -73.5, 16.85, 59.47, 58.88, tool_torque, -1.524, 0.05, -0.049, joint_torque, 0.4, -8.88, -0.34, 6.03, 0.81, -1.56, -0.03, robot_mode, normal, 
30/11/2022 14:42:39:421, robot_pos, 1669819128080, 618.0, 173.7, 312.0, 2.21, -0.01, 3.07, circuit_pos, 617.74, 173.64, 309.48, 2.21, -0.01, 3.07, tool_force, -0.44, 3.1, -12.1, actual_rep, 1, curr_step, 48, track_size, 72, robot_vel, 8.85, joints_pos, 25.71, 45.61, -17.39, -73.52, 16.98, 59.42, 58.85, tool_torque, -1.251, 0.081, 0.137, joint_torque, 0.0, -8.93, -0.62, 6.07, 0.75, -1.41, 0.18, robot_mode, normal, 
30/11/2022 14:42:39:574, robot_pos, 1669819128228, 618.14, 173.75, 311.92, 2.21, -0.01, 3.07, circuit_pos, 617.75, 173.46, 309.48, 2.21, -0.01, 3.07, tool_force, 0.1, 2.69, -11.89, actual_rep, 1, curr_step, 51, track_size, 72, robot_vel, 2.57, joints_pos, 25.71, 45.64, -17.39, -73.47, 16.98, 59.47, 58.85, tool_torque, -1.378, -0.011, 0.095, joint_torque, 0.17, -8.93, -0.57, 5.97, 0.76, -1.47, 0.12, robot_mode, normal, 
30/11/2022 14:42:39:725, robot_pos, 1669819128377, 618.12, 173.82, 311.88, 2.21, -0.01, 3.07, circuit_pos, 617.7, 173.68, 309.51, 2.21, -0.01, 3.07, tool_force, -0.48, 2.66, -11.88, actual_rep, 1, curr_step, 53, track_size, 72, robot_vel, 1.15, joints_pos, 25.7, 45.64, -17.37, -73.48, 16.98, 59.46, 58.85, tool_torque, -1.349, 0.033, 0.1, joint_torque, -0.04, -9.02, -0.72, 6.03, 0.76, -1.46, 0.12, robot_mode, normal, 
30/11/2022 14:42:39:879, robot_pos, 1669819128525, 618.15, 173.74, 311.9, 2.21, -0.01, 3.07, circuit_pos, 617.72, 173.6, 309.54, 2.21, -0.01, 3.07, tool_force, -0.3, 2.94, -11.84, actual_rep, 1, curr_step, 56, track_size, 72, robot_vel, 1.37, joints_pos, 25.7, 45.64, -17.38, -73.48, 16.97, 59.46, 58.86, tool_torque, -1.329, 0.078, 0.07, joint_torque, 0.04, -8.98, -0.62, 6.04, 0.77, -1.44, 0.1, robot_mode, normal, 
30/11/2022 14:42:40:024, robot_pos, 1669819128674, 618.13, 173.79, 311.9, 2.21, -0.01, 3.07, circuit_pos, 617.7, 173.64, 309.53, 2.21, -0.01, 3.07, tool_force, -0.43, 3.14, -11.65, actual_rep, 1, curr_step, 59, track_size, 72, robot_vel, 0.24, joints_pos, 25.7, 45.64, -17.38, -73.48, 16.97, 59.46, 58.86, tool_torque, -1.289, 0.071, 0.064, joint_torque, 0.11, -8.84, -0.59, 6.05, 0.77, -1.44, 0.08, robot_mode, normal, 
30/11/2022 14:42:40:170, robot_pos, 1669819128822, 618.12, 173.8, 311.91, 2.21, -0.01, 3.07, circuit_pos, 617.7, 173.64, 309.53, 2.21, -0.01, 3.07, tool_force, -0.52, 3.19, -11.68, actual_rep, 1, curr_step, 61, track_size, 72, robot_vel, 0.05, joints_pos, 25.7, 45.64, -17.38, -73.48, 16.97, 59.46, 58.86, tool_torque, -1.285, 0.089, 0.064, joint_torque, 0.05, -8.85, -0.63, 6.07, 0.77, -1.44, 0.08, robot_mode, normal, 
30/11/2022 14:42:40:326, robot_pos, 1669819128975, 618.12, 173.8, 311.91, 2.21, -0.01, 3.07, circuit_pos, 617.71, 173.64, 309.53, 2.21, -0.01, 3.07, tool_force, -0.52, 3.16, -11.7, actual_rep, 1, curr_step, 64, track_size, 72, robot_vel, 0.03, joints_pos, 25.7, 45.64, -17.38, -73.48, 16.97, 59.46, 58.86, tool_torque, -1.285, 0.087, 0.065, joint_torque, 0.05, -8.85, -0.63, 6.05, 0.77, -1.43, 0.08, robot_mode, normal, 
30/11/2022 14:42:40:475, robot_pos, 1669819129121, 618.12, 173.8, 311.91, 2.21, -0.01, 3.07, circuit_pos, 617.71, 173.63, 309.53, 2.21, -0.01, 3.07, tool_force, -0.48, 3.14, -11.72, actual_rep, 1, curr_step, 66, track_size, 72, robot_vel, 0.04, joints_pos, 25.7, 45.64, -17.38, -73.48, 16.97, 59.45, 58.86, tool_torque, -1.286, 0.08, 0.066, joint_torque, 0.06, -8.85, -0.62, 6.06, 0.77, -1.43, 0.08, robot_mode, normal, 
30/11/2022 14:42:40:625, robot_pos, 1669819129272, 618.12, 173.8, 311.91, 2.21, -0.01, 3.07, circuit_pos, 617.71, 173.63, 309.53, 2.21, -0.01, 3.07, tool_force, -0.45, 3.13, -11.73, actual_rep, 1, curr_step, 69, track_size, 72, robot_vel, 0.02, joints_pos, 25.7, 45.64, -17.38, -73.48, 16.97, 59.45, 58.86, tool_torque, -1.288, 0.077, 0.067, joint_torque, 0.08, -8.86, -0.62, 6.06, 0.77, -1.44, 0.09, robot_mode, normal, 
30/11/2022 14:42:40:775, robot_pos, 1669819129419, 618.12, 173.8, 311.91, 2.21, -0.01, 3.07, circuit_pos, 617.71, 173.63, 309.53, 2.21, -0.01, 3.07, tool_force, -0.45, 3.1, -11.74, actual_rep, 1, curr_step, 71, track_size, 72, robot_vel, 0.01, joints_pos, 25.7, 45.64, -17.38, -73.48, 16.97, 59.45, 58.86, tool_torque, -1.294, 0.079, 0.068, joint_torque, 0.06, -8.86, -0.62, 6.06, 0.77, -1.44, 0.09, robot_mode, normal, 
30/11/2022 14:42:40:944, robot_pos, 1669819129569, 618.12, 173.8, 311.91, 2.21, -0.01, 3.07, circuit_pos, 617.71, 173.63, 309.53, 2.21, -0.01, 3.07, tool_force, -0.47, 3.11, -11.73, actual_rep, 1, curr_step, 69, track_size, 72, robot_vel, 0.01, joints_pos, 25.7, 45.64, -17.38, -73.48, 16.97, 59.45, 58.86, tool_torque, -1.293, 0.081, 0.068, joint_torque, 0.05, -8.87, -0.63, 6.05, 0.77, -1.43, 0.09, robot_mode, normal, 
30/11/2022 14:42:41:078, robot_pos, 1669819129718, 618.12, 173.8, 311.91, 2.21, -0.01, 3.07, circuit_pos, 617.71, 173.63, 309.53, 2.21, -0.01, 3.07, tool_force, -0.44, 3.07, -11.78, actual_rep, 1, curr_step, 67, track_size, 72, robot_vel, 0.01, joints_pos, 25.7, 45.64, -17.38, -73.48, 16.97, 59.45, 58.86, tool_torque, -1.296, 0.077, 0.067, joint_torque, 0.06, -8.89, -0.63, 6.06, 0.77, -1.43, 0.09, robot_mode, normal, 
30/11/2022 14:42:41:226, robot_pos, 1669819129868, 618.12, 173.8, 311.91, 2.21, -0.01, 3.07, circuit_pos, 617.71, 173.63, 309.53, 2.21, -0.01, 3.07, tool_force, -0.44, 3.05, -11.78, actual_rep, 1, curr_step, 65, track_size, 72, robot_vel, 0.01, joints_pos, 25.7, 45.64, -17.38, -73.48, 16.97, 59.45, 58.86, tool_torque, -1.299, 0.076, 0.068, joint_torque, 0.06, -8.89, -0.63, 6.06, 0.77, -1.43, 0.09, robot_mode, normal, 
30/11/2022 14:42:41:378, robot_pos, 1669819130019, 618.12, 173.8, 311.91, 2.21, -0.01, 3.07, circuit_pos, 617.7, 173.64, 309.53, 2.21, -0.01, 3.07, tool_force, -0.44, 3.03, -11.78, actual_rep, 1, curr_step, 62, track_size, 72, robot_vel, 0.02, joints_pos, 25.7, 45.64, -17.38, -73.48, 16.97, 59.45, 58.86, tool_torque, -1.303, 0.081, 0.065, joint_torque, 0.05, -8.9, -0.63, 6.05, 0.77, -1.43, 0.09, robot_mode, normal, 
30/11/2022 14:42:41:528, robot_pos, 1669819130168, 618.12, 173.8, 311.91, 2.21, -0.01, 3.07, circuit_pos, 617.7, 173.64, 309.53, 2.21, -0.01, 3.07, tool_force, -0.47, 3.06, -11.79, actual_rep, 1, curr_step, 60, track_size, 72, robot_vel, 0.02, joints_pos, 25.7, 45.64, -17.38, -73.48, 16.97, 59.45, 58.86, tool_torque, -1.299, 0.083, 0.064, joint_torque, 0.04, -8.9, -0.63, 6.06, 0.77, -1.43, 0.08, robot_mode, normal, 
30/11/2022 14:42:41:681, robot_pos, 1669819130315, 618.11, 173.8, 311.91, 2.21, -0.01, 3.07, circuit_pos, 617.71, 173.62, 309.53, 2.21, -0.01, 3.07, tool_force, -0.48, 3.05, -11.78, actual_rep, 1, curr_step, 57, track_size, 72, robot_vel, 0.01, joints_pos, 25.7, 45.64, -17.38, -73.48, 16.97, 59.45, 58.86, tool_torque, -1.299, 0.081, 0.065, joint_torque, 0.04, -8.89, -0.64, 6.06, 0.77, -1.43, 0.08, robot_mode, normal, 
30/11/2022 14:42:41:829, robot_pos, 1669819130464, 618.12, 173.79, 311.92, 2.21, -0.01, 3.07, circuit_pos, 617.73, 173.58, 309.53, 2.21, -0.01, 3.07, tool_force, -0.37, 3.06, -11.78, actual_rep, 1, curr_step, 55, track_size, 72, robot_vel, 0.13, joints_pos, 25.7, 45.64, -17.38, -73.48, 16.97, 59.45, 58.86, tool_torque, -1.295, 0.059, 0.073, joint_torque, 0.1, -8.9, -0.62, 6.05, 0.77, -1.43, 0.09, robot_mode, normal, 
30/11/2022 14:42:41:982, robot_pos, 1669819130614, 618.12, 173.79, 311.91, 2.21, -0.01, 3.07, circuit_pos, 617.7, 173.69, 309.5, 2.21, -0.01, 3.07, tool_force, -0.47, 3.09, -11.76, actual_rep, 1, curr_step, 52, track_size, 72, robot_vel, 0.16, joints_pos, 25.7, 45.64, -17.38, -73.48, 16.97, 59.45, 58.86, tool_torque, -1.295, 0.084, 0.066, joint_torque, 0.04, -8.9, -0.63, 6.06, 0.77, -1.44, 0.09, robot_mode, normal, 
30/11/2022 14:42:42:150, robot_pos, 1669819130776, 618.13, 173.67, 311.9, 2.21, -0.01, 3.07, circuit_pos, 617.74, 173.65, 309.52, 2.21, -0.01, 3.07, tool_force, -0.59, 3.11, -11.75, actual_rep, 1, curr_step, 49, track_size, 72, robot_vel, 2.01, joints_pos, 25.7, 45.64, -17.39, -73.48, 16.97, 59.45, 58.86, tool_torque, -1.293, 0.098, 0.101, joint_torque, -0.02, -8.87, -0.63, 6.05, 0.76, -1.43, 0.14, robot_mode, normal, 
30/11/2022 14:42:42:286, robot_pos, 1669819130912, 618.11, 173.82, 311.9, 2.21, -0.01, 3.07, circuit_pos, 617.62, 173.49, 309.59, 2.21, -0.01, 3.07, tool_force, -0.4, 2.98, -11.69, actual_rep, 1, curr_step, 47, track_size, 72, robot_vel, 2.02, joints_pos, 25.7, 45.64, -17.37, -73.48, 16.97, 59.45, 58.86, tool_torque, -1.288, 0.023, 0.081, joint_torque, 0.16, -8.85, -0.62, 6.02, 0.77, -1.43, 0.08, robot_mode, normal, 
30/11/2022 14:42:42:438, robot_pos, 1669819131063, 618.15, 173.68, 312.27, 2.21, -0.01, 3.07, circuit_pos, 617.6, 173.44, 310.34, 2.21, -0.01, 3.07, tool_force, -0.37, 3.19, -11.75, actual_rep, 1, curr_step, 45, track_size, 72, robot_vel, 4.01, joints_pos, 25.7, 45.6, -17.39, -73.48, 16.96, 59.46, 58.86, tool_torque, -1.332, 0.061, 0.094, joint_torque, 0.08, -8.95, -0.6, 6.14, 0.78, -1.49, 0.12, robot_mode, normal, 
30/11/2022 14:42:42:585, robot_pos, 1669819131208, 617.88, 173.34, 312.33, 2.21, -0.01, 3.07, circuit_pos, 617.53, 172.87, 309.29, 2.21, -0.01, 3.07, tool_force, -0.2, 3.39, -11.79, actual_rep, 1, curr_step, 42, track_size, 72, robot_vel, 3.84, joints_pos, 25.69, 45.56, -17.39, -73.56, 16.93, 59.43, 58.86, tool_torque, -1.226, 0.061, 0.12, joint_torque, 0.19, -8.88, -0.55, 6.08, 0.78, -1.39, 0.15, robot_mode, normal, 
30/11/2022 14:42:42:736, robot_pos, 1669819131359, 618.0, 173.04, 311.62, 2.21, -0.01, 3.07, circuit_pos, 617.3, 174.03, 309.36, 2.21, -0.01, 3.07, tool_force, 0.74, 3.94, -12.17, actual_rep, 1, curr_step, 39, track_size, 72, robot_vel, 3.27, joints_pos, 25.66, 45.62, -17.38, -73.56, 16.94, 59.39, 58.83, tool_torque, -1.077, -0.099, 0.205, joint_torque, 0.79, -8.97, -0.34, 6.24, 0.8, -1.36, 0.2, robot_mode, normal, 
30/11/2022 14:42:42:886, robot_pos, 1669819131507, 617.86, 174.09, 312.09, 2.21, -0.01, 3.07, circuit_pos, 617.74, 172.36, 310.59, 2.21, -0.01, 3.06, tool_force, -0.14, 3.59, -11.11, actual_rep, 1, curr_step, 37, track_size, 72, robot_vel, 9.2, joints_pos, 25.72, 45.6, -17.37, -73.51, 16.94, 59.46, 58.91, tool_torque, -1.257, -0.097, 0.138, joint_torque, 0.45, -8.63, -0.49, 6.13, 0.78, -1.52, 0.13, robot_mode, normal, 
30/11/2022 14:42:43:042, robot_pos, 1669819131657, 618.29, 171.72, 313.03, 2.21, -0.01, 3.06, circuit_pos, 618.26, 162.37, 312.13, 2.22, -0.01, 3.06, tool_force, 0.33, 4.8, -10.96, actual_rep, 1, curr_step, 34, track_size, 72, robot_vel, 15.5, joints_pos, 25.56, 45.4, -17.46, -73.77, 17.26, 59.04, 58.16, tool_torque, -0.845, -0.154, 0.42, joint_torque, 0.24, -8.06, -0.59, 5.95, 0.71, -1.34, 0.45, robot_mode, normal, 
30/11/2022 14:42:43:191, robot_pos, 1669819131804, 618.37, 165.7, 314.03, 2.22, -0.01, 3.06, circuit_pos, 618.64, 153.34, 313.12, 2.24, -0.02, 3.06, tool_force, 2.08, 4.79, -12.08, actual_rep, 1, curr_step, 32, track_size, 72, robot_vel, 39.51, joints_pos, 25.15, 45.14, -17.61, -74.1, 17.43, 58.98, 57.22, tool_torque, -0.878, -0.449, 0.4, joint_torque, 1.62, -8.42, 0.03, 6.15, 0.79, -1.37, 0.4, robot_mode, normal, 
30/11/2022 14:42:43:340, robot_pos, 1669819131954, 618.69, 159.95, 314.51, 2.23, -0.01, 3.06, circuit_pos, 618.68, 143.43, 313.21, 2.25, -0.02, 3.07, tool_force, -0.1, 3.74, -11.68, actual_rep, 1, curr_step, 30, track_size, 72, robot_vel, 40.87, joints_pos, 24.65, 44.99, -17.64, -74.29, 17.64, 59.1, 56.11, tool_torque, -1.175, -0.239, 0.373, joint_torque, 0.21, -8.93, -0.65, 6.13, 0.75, -1.49, 0.4, robot_mode, normal, 
30/11/2022 14:42:43:492, robot_pos, 1669819132102, 618.76, 154.08, 314.77, 2.23, -0.01, 3.06, circuit_pos, 618.68, 143.43, 313.21, 2.25, -0.02, 3.07, tool_force, 0.65, 4.16, -11.4, actual_rep, 1, curr_step, 30, track_size, 72, robot_vel, 38.17, joints_pos, 24.14, 44.86, -17.63, -74.47, 17.67, 59.32, 55.13, tool_torque, -1.14, -0.374, 0.381, joint_torque, 0.65, -8.63, -0.47, 6.14, 0.8, -1.53, 0.39, robot_mode, normal, 
30/11/2022 14:42:43:641, robot_pos, 1669819132252, 618.95, 148.28, 315.2, 2.24, -0.02, 3.06, circuit_pos, 618.68, 143.43, 313.21, 2.25, -0.02, 3.07, tool_force, 0.72, 4.1, -11.36, actual_rep, 1, curr_step, 30, track_size, 72, robot_vel, 40.05, joints_pos, 23.62, 44.76, -17.63, -74.58, 17.72, 59.61, 54.13, tool_torque, -1.14, -0.417, 0.365, joint_torque, 0.97, -8.54, -0.24, 6.09, 0.83, -1.52, 0.37, robot_mode, normal, 
30/11/2022 14:42:43:794, robot_pos, 1669819132399, 619.14, 142.59, 315.26, 2.25, -0.02, 3.06, circuit_pos, 618.9, 137.78, 313.01, 2.25, -0.02, 3.07, tool_force, 0.68, 3.65, -11.81, actual_rep, 1, curr_step, 29, track_size, 72, robot_vel, 37.74, joints_pos, 23.12, 44.65, -17.63, -74.76, 17.75, 59.71, 53.34, tool_torque, -1.23, -0.366, 0.375, joint_torque, 0.54, -8.8, -0.47, 6.14, 0.83, -1.53, 0.39, robot_mode, normal, 
30/11/2022 14:42:43:941, robot_pos, 1669819132548, 619.33, 136.8, 315.28, 2.25, -0.02, 3.07, circuit_pos, 619.15, 132.12, 312.83, 2.25, -0.02, 3.07, tool_force, 0.66, 3.84, -11.68, actual_rep, 1, curr_step, 28, track_size, 72, robot_vel, 38.21, joints_pos, 22.63, 44.53, -17.64, -74.97, 17.78, 59.71, 52.71, tool_torque, -1.144, -0.292, 0.359, joint_torque, 0.47, -8.7, -0.48, 6.1, 0.84, -1.45, 0.38, robot_mode, normal, 
30/11/2022 14:42:44:094, robot_pos, 1669819132696, 619.64, 130.94, 315.08, 2.25, -0.02, 3.07, circuit_pos, 619.45, 126.37, 312.42, 2.25, -0.02, 3.07, tool_force, 0.53, 4.03, -11.8, actual_rep, 1, curr_step, 27, track_size, 72, robot_vel, 41.22, joints_pos, 22.12, 44.45, -17.64, -75.16, 17.8, 59.68, 52.13, tool_torque, -1.046, -0.27, 0.379, joint_torque, 0.63, -8.64, -0.36, 6.11, 0.85, -1.36, 0.4, robot_mode, normal, 
30/11/2022 14:42:44:240, robot_pos, 1669819132844, 619.87, 125.28, 314.69, 2.25, -0.02, 3.07, circuit_pos, 619.61, 120.68, 311.81, 2.26, -0.02, 3.07, tool_force, 0.16, 4.11, -11.91, actual_rep, 1, curr_step, 26, track_size, 72, robot_vel, 42.42, joints_pos, 21.63, 44.37, -17.64, -75.35, 17.85, 59.63, 51.28, tool_torque, -0.961, -0.183, 0.365, joint_torque, 0.63, -8.72, -0.35, 6.16, 0.87, -1.27, 0.38, robot_mode, normal, 
30/11/2022 14:42:44:390, robot_pos, 1669819132993, 620.07, 119.38, 314.03, 2.26, -0.02, 3.07, circuit_pos, 619.73, 115.25, 310.98, 2.26, -0.02, 3.07, tool_force, 0.38, 4.44, -11.87, actual_rep, 1, curr_step, 25, track_size, 72, robot_vel, 41.24, joints_pos, 21.11, 44.32, -17.64, -75.56, 17.91, 59.55, 50.47, tool_torque, -0.904, -0.169, 0.358, joint_torque, 0.78, -8.55, -0.25, 6.1, 0.89, -1.21, 0.37, robot_mode, normal, 
30/11/2022 14:42:44:543, robot_pos, 1669819133142, 620.07, 113.55, 313.2, 2.26, -0.02, 3.07, circuit_pos, 619.96, 103.53, 309.26, 2.26, -0.02, 3.08, tool_force, 0.31, 3.98, -11.64, actual_rep, 1, curr_step, 23, track_size, 72, robot_vel, 40.55, joints_pos, 20.64, 44.3, -17.68, -75.73, 17.83, 59.62, 49.89, tool_torque, -1.147, -0.17, 0.347, joint_torque, 0.41, -8.52, -0.38, 6.05, 0.93, -1.38, 0.38, robot_mode, normal, 
30/11/2022 14:42:44:695, robot_pos, 1669819133290, 620.29, 107.87, 312.35, 2.26, -0.02, 3.07, circuit_pos, 619.96, 103.53, 309.26, 2.26, -0.02, 3.08, tool_force, 0.51, 3.89, -11.77, actual_rep, 1, curr_step, 23, track_size, 72, robot_vel, 35.24, joints_pos, 20.18, 44.32, -17.69, -75.84, 17.72, 59.67, 49.44, tool_torque, -1.159, -0.263, 0.349, joint_torque, 0.72, -8.66, -0.26, 6.11, 0.96, -1.39, 0.35, robot_mode, normal, 
30/11/2022 14:42:44:841, robot_pos, 1669819133439, 620.55, 102.13, 311.64, 2.26, -0.02, 3.08, circuit_pos, 620.25, 96.98, 308.51, 2.27, -0.02, 3.08, tool_force, 0.07, 3.8, -11.64, actual_rep, 1, curr_step, 22, track_size, 72, robot_vel, 39.46, joints_pos, 19.67, 44.31, -17.7, -75.97, 17.7, 59.67, 48.64, tool_torque, -1.128, -0.205, 0.345, joint_torque, 0.58, -8.5, -0.33, 6.0, 0.96, -1.34, 0.35, robot_mode, normal, 
30/11/2022 14:42:44:997, robot_pos, 1669819133587, 620.81, 96.13, 310.95, 2.27, -0.02, 3.08, circuit_pos, 620.78, 89.35, 307.67, 2.27, -0.01, 3.09, tool_force, -0.2, 3.76, -11.73, actual_rep, 1, curr_step, 21, track_size, 72, robot_vel, 39.44, joints_pos, 19.19, 44.31, -17.72, -76.1, 17.53, 59.64, 47.96, tool_torque, -1.129, -0.064, 0.319, joint_torque, 0.39, -8.5, -0.34, 5.96, 1.0, -1.25, 0.33, robot_mode, normal, 
30/11/2022 14:42:45:149, robot_pos, 1669819133736, 621.09, 90.65, 310.41, 2.27, -0.01, 3.08, circuit_pos, 621.28, 81.29, 306.83, 2.28, -0.01, 3.09, tool_force, 0.14, 3.94, -11.96, actual_rep, 1, curr_step, 20, track_size, 72, robot_vel, 36.67, joints_pos, 18.78, 44.32, -17.73, -76.17, 17.05, 59.62, 47.58, tool_torque, -1.036, -0.13, 0.379, joint_torque, 0.62, -8.64, -0.28, 6.04, 0.99, -1.21, 0.39, robot_mode, normal, 
30/11/2022 14:42:45:295, robot_pos, 1669819133885, 621.5, 84.69, 309.74, 2.28, -0.01, 3.09, circuit_pos, 621.58, 73.04, 305.87, 2.28, -0.01, 3.09, tool_force, -0.13, 3.59, -12.16, actual_rep, 1, curr_step, 19, track_size, 72, robot_vel, 40.45, joints_pos, 18.26, 44.33, -17.74, -76.25, 17.04, 59.59, 46.74, tool_torque, -1.031, -0.139, 0.359, joint_torque, 0.84, -8.66, -0.19, 6.01, 1.01, -1.16, 0.36, robot_mode, normal, 
30/11/2022 14:42:45:452, robot_pos, 1669819134034, 621.81, 78.84, 309.08, 2.28, -0.01, 3.09, circuit_pos, 621.58, 73.04, 305.87, 2.28, -0.01, 3.09, tool_force, 0.11, 3.95, -12.09, actual_rep, 1, curr_step, 19, track_size, 72, robot_vel, 37.4, joints_pos, 17.74, 44.33, -17.73, -76.36, 17.02, 59.52, 46.11, tool_torque, -0.955, -0.106, 0.369, joint_torque, 0.86, -8.56, -0.16, 5.96, 1.02, -1.1, 0.36, robot_mode, normal, 
30/11/2022 14:42:45:596, robot_pos, 1669819134181, 621.99, 73.12, 308.37, 2.28, -0.01, 3.09, circuit_pos, 621.7, 64.77, 304.79, 2.29, -0.01, 3.09, tool_force, -0.22, 3.9, -12.04, actual_rep, 1, curr_step, 18, track_size, 72, robot_vel, 38.28, joints_pos, 17.23, 44.33, -17.72, -76.48, 17.02, 59.45, 45.36, tool_torque, -0.979, -0.069, 0.369, joint_torque, 0.57, -8.51, -0.3, 5.92, 1.02, -1.1, 0.36, robot_mode, normal, 
30/11/2022 14:42:45:749, robot_pos, 1669819134332, 622.16, 67.29, 307.66, 2.29, -0.01, 3.09, circuit_pos, 621.78, 57.42, 303.83, 2.3, -0.01, 3.09, tool_force, -0.23, 3.77, -12.09, actual_rep, 1, curr_step, 17, track_size, 72, robot_vel, 39.36, joints_pos, 16.69, 44.33, -17.7, -76.6, 17.03, 59.38, 44.44, tool_torque, -0.922, -0.1, 0.365, joint_torque, 0.56, -8.53, -0.42, 5.88, 1.0, -1.08, 0.35, robot_mode, normal, 
30/11/2022 14:42:45:895, robot_pos, 1669819134479, 622.21, 61.54, 306.94, 2.29, -0.01, 3.09, circuit_pos, 621.68, 48.29, 302.56, 2.3, -0.02, 3.09, tool_force, -0.03, 3.9, -12.22, actual_rep, 1, curr_step, 16, track_size, 72, robot_vel, 37.96, joints_pos, 16.18, 44.33, -17.7, -76.72, 17.09, 59.3, 43.46, tool_torque, -0.959, -0.076, 0.357, joint_torque, 0.46, -8.58, -0.44, 5.9, 0.99, -1.07, 0.34, robot_mode, normal, 
30/11/2022 14:42:46:053, robot_pos, 1669819134632, 622.12, 55.73, 306.14, 2.3, -0.01, 3.09, circuit_pos, 621.68, 48.29, 302.56, 2.3, -0.02, 3.09, tool_force, -0.23, 3.39, -12.13, actual_rep, 1, curr_step, 16, track_size, 72, robot_vel, 37.37, joints_pos, 15.61, 44.33, -17.7, -76.85, 17.31, 59.32, 42.63, tool_torque, -1.001, -0.215, 0.346, joint_torque, 0.61, -8.61, -0.33, 5.86, 0.98, -1.14, 0.33, robot_mode, normal, 
30/11/2022 14:42:46:196, robot_pos, 1669819134779, 622.14, 49.95, 305.32, 2.3, -0.02, 3.09, circuit_pos, 621.5, 39.55, 301.39, 2.31, -0.02, 3.09, tool_force, -0.31, 3.49, -11.79, actual_rep, 1, curr_step, 15, track_size, 72, robot_vel, 41.81, joints_pos, 15.05, 44.38, -17.69, -76.89, 17.51, 59.42, 41.76, tool_torque, -1.084, -0.206, 0.346, joint_torque, 0.34, -8.57, -0.51, 5.87, 0.99, -1.2, 0.34, robot_mode, normal, 
30/11/2022 14:42:46:350, robot_pos, 1669819134929, 622.05, 44.21, 304.57, 2.3, -0.02, 3.09, circuit_pos, 621.5, 39.55, 301.39, 2.31, -0.02, 3.09, tool_force, 0.05, 3.4, -12.05, actual_rep, 1, curr_step, 15, track_size, 72, robot_vel, 37.07, joints_pos, 14.51, 44.4, -17.69, -76.99, 17.61, 59.42, 40.89, tool_torque, -1.05, -0.256, 0.328, joint_torque, 0.65, -8.61, -0.32, 5.86, 1.01, -1.16, 0.32, robot_mode, normal, 
30/11/2022 14:42:46:499, robot_pos, 1669819135076, 621.98, 38.4, 303.86, 2.31, -0.02, 3.09, circuit_pos, 621.3, 29.46, 300.25, 2.32, -0.02, 3.09, tool_force, -0.39, 3.49, -11.99, actual_rep, 1, curr_step, 14, track_size, 72, robot_vel, 41.46, joints_pos, 13.98, 44.42, -17.69, -77.08, 17.69, 59.4, 39.97, tool_torque, -0.971, -0.192, 0.305, joint_torque, 0.74, -8.51, -0.22, 5.86, 1.03, -1.08, 0.29, robot_mode, normal, 
30/11/2022 14:42:46:648, robot_pos, 1669819135227, 621.88, 32.59, 303.22, 2.32, -0.02, 3.09, circuit_pos, 621.22, 18.66, 299.53, 2.33, -0.02, 3.09, tool_force, -0.07, 3.8, -12.1, actual_rep, 1, curr_step, 13, track_size, 72, robot_vel, 37.64, joints_pos, 13.45, 44.43, -17.7, -77.17, 17.75, 59.38, 39.08, tool_torque, -0.971, -0.107, 0.297, joint_torque, 0.62, -8.51, -0.31, 5.8, 1.03, -1.02, 0.3, robot_mode, normal, 
30/11/2022 14:42:46:801, robot_pos, 1669819135374, 621.81, 26.81, 302.75, 2.32, -0.02, 3.09, circuit_pos, 621.22, 18.66, 299.53, 2.33, -0.02, 3.09, tool_force, -0.71, 3.3, -12.09, actual_rep, 1, curr_step, 13, track_size, 72, robot_vel, 39.09, joints_pos, 12.91, 44.44, -17.7, -77.24, 17.79, 59.37, 38.18, tool_torque, -0.996, -0.064, 0.297, joint_torque, 0.32, -8.42, -0.4, 5.74, 1.04, -0.98, 0.29, robot_mode, normal, 
30/11/2022 14:42:46:948, robot_pos, 1669819135525, 621.81, 21.0, 302.34, 2.33, -0.02, 3.09, circuit_pos, 621.31, 7.17, 299.27, 2.33, -0.02, 3.09, tool_force, -0.6, 3.54, -11.95, actual_rep, 1, curr_step, 12, track_size, 72, robot_vel, 37.46, joints_pos, 12.39, 44.45, -17.71, -77.28, 17.84, 59.36, 37.4, tool_torque, -1.005, -0.051, 0.285, joint_torque, 0.6, -8.53, -0.17, 5.81, 1.07, -0.97, 0.28, robot_mode, normal, 
30/11/2022 14:42:47:124, robot_pos, 1669819135673, 621.79, 15.27, 302.11, 2.33, -0.02, 3.09, circuit_pos, 621.31, 7.17, 299.27, 2.33, -0.02, 3.09, tool_force, -0.54, 3.43, -12.12, actual_rep, 1, curr_step, 12, track_size, 72, robot_vel, 38.46, joints_pos, 11.86, 44.46, -17.71, -77.31, 17.86, 59.36, 36.73, tool_torque, -1.044, -0.04, 0.245, joint_torque, 0.5, -8.54, -0.22, 5.8, 1.06, -0.98, 0.26, robot_mode, normal, 
30/11/2022 14:42:47:255, robot_pos, 1669819135823, 621.82, 9.4, 301.91, 2.33, -0.02, 3.09, circuit_pos, 621.4, -3.17, 299.31, 2.33, -0.02, 3.09, tool_force, -0.55, 3.41, -11.99, actual_rep, 1, curr_step, 11, track_size, 72, robot_vel, 49.38, joints_pos, 11.32, 44.47, -17.71, -77.33, 17.9, 59.36, 36.13, tool_torque, -1.064, -0.0010, 0.24, joint_torque, 0.23, -8.47, -0.36, 5.71, 1.06, -0.97, 0.26, robot_mode, normal, 
30/11/2022 14:42:47:408, robot_pos, 1669819135972, 621.82, 3.6, 301.84, 2.33, -0.02, 3.09, circuit_pos, 621.4, -3.17, 299.31, 2.33, -0.02, 3.09, tool_force, -0.37, 3.31, -11.98, actual_rep, 1, curr_step, 11, track_size, 72, robot_vel, 37.36, joints_pos, 10.78, 44.47, -17.72, -77.33, 17.9, 59.38, 35.56, tool_torque, -1.071, -0.133, 0.248, joint_torque, 0.62, -8.47, -0.12, 5.72, 1.09, -1.0, 0.25, robot_mode, normal, 
30/11/2022 14:42:47:550, robot_pos, 1669819136121, 621.8, -2.13, 301.82, 2.33, -0.02, 3.09, circuit_pos, 621.41, -16.2, 299.67, 2.34, -0.02, 3.09, tool_force, -0.45, 2.93, -11.78, actual_rep, 1, curr_step, 10, track_size, 72, robot_vel, 39.51, joints_pos, 10.26, 44.47, -17.71, -77.33, 17.92, 59.4, 34.9, tool_torque, -1.105, -0.212, 0.246, joint_torque, 0.68, -8.41, -0.1, 5.63, 1.09, -1.03, 0.24, robot_mode, normal, 
30/11/2022 14:42:47:709, robot_pos, 1669819136273, 621.76, -7.97, 301.91, 2.33, -0.02, 3.09, circuit_pos, 621.41, -16.2, 299.67, 2.34, -0.02, 3.09, tool_force, 0.05, 3.1, -11.7, actual_rep, 1, curr_step, 10, track_size, 72, robot_vel, 45.19, joints_pos, 9.71, 44.47, -17.71, -77.31, 17.93, 59.45, 34.16, tool_torque, -1.128, -0.26, 0.265, joint_torque, 0.6, -8.37, -0.15, 5.55, 1.09, -1.06, 0.27, robot_mode, normal, 
30/11/2022 14:42:47:850, robot_pos, 1669819136422, 621.7, -13.68, 302.06, 2.34, -0.02, 3.09, circuit_pos, 621.3, -26.89, 300.2, 2.34, -0.02, 3.09, tool_force, -0.12, 2.68, -11.7, actual_rep, 1, curr_step, 9, track_size, 72, robot_vel, 46.52, joints_pos, 9.17, 44.48, -17.71, -77.28, 17.94, 59.51, 33.49, tool_torque, -1.214, -0.219, 0.232, joint_torque, 0.36, -8.37, -0.28, 5.5, 1.1, -1.06, 0.23, robot_mode, normal, 
30/11/2022 14:42:48:007, robot_pos, 1669819136570, 621.66, -19.46, 302.25, 2.34, -0.02, 3.09, circuit_pos, 621.3, -26.89, 300.2, 2.34, -0.02, 3.09, tool_force, 0.11, 2.49, -11.72, actual_rep, 1, curr_step, 9, track_size, 72, robot_vel, 36.22, joints_pos, 8.63, 44.48, -17.71, -77.24, 17.95, 59.57, 32.89, tool_torque, -1.226, -0.281, 0.234, joint_torque, 0.59, -8.47, -0.13, 5.5, 1.12, -1.05, 0.22, robot_mode, normal, 
30/11/2022 14:42:48:157, robot_pos, 1669819136719, 621.57, -25.21, 302.47, 2.34, -0.02, 3.09, circuit_pos, 621.1, -36.42, 300.61, 2.35, -0.02, 3.09, tool_force, 0.52, 2.82, -11.72, actual_rep, 1, curr_step, 8, track_size, 72, robot_vel, 41.16, joints_pos, 8.1, 44.49, -17.71, -77.19, 17.95, 59.65, 32.19, tool_torque, -1.218, -0.335, 0.223, joint_torque, 0.74, -8.45, -0.07, 5.47, 1.13, -1.07, 0.22, robot_mode, normal, 
30/11/2022 14:42:48:306, robot_pos, 1669819136870, 621.42, -30.95, 302.7, 2.34, -0.02, 3.09, circuit_pos, 621.1, -36.42, 300.61, 2.35, -0.02, 3.09, tool_force, 0.29, 2.58, -11.55, actual_rep, 1, curr_step, 8, track_size, 72, robot_vel, 37.31, joints_pos, 7.55, 44.5, -17.71, -77.13, 17.96, 59.74, 31.41, tool_torque, -1.273, -0.309, 0.23, joint_torque, 0.44, -8.31, -0.19, 5.4, 1.13, -1.07, 0.22, robot_mode, normal, 
30/11/2022 14:42:48:460, robot_pos, 1669819137019, 621.36, -36.81, 302.84, 2.35, -0.02, 3.09, circuit_pos, 620.58, -46.71, 300.66, 2.36, -0.01, 3.09, tool_force, -0.21, 2.38, -11.71, actual_rep, 1, curr_step, 7, track_size, 72, robot_vel, 41.86, joints_pos, 7.04, 44.51, -17.74, -77.09, 17.94, 59.7, 30.59, tool_torque, -1.169, -0.19, 0.232, joint_torque, 0.68, -8.35, 0.0, 5.39, 1.17, -0.9, 0.22, robot_mode, normal, 
30/11/2022 14:42:48:605, robot_pos, 1669819137167, 621.17, -42.5, 302.94, 2.36, -0.01, 3.09, circuit_pos, 620.04, -56.04, 300.07, 2.37, -0.01, 3.09, tool_force, 0.02, 3.21, -11.8, actual_rep, 1, curr_step, 6, track_size, 72, robot_vel, 36.59, joints_pos, 6.57, 44.51, -17.78, -77.09, 17.8, 59.61, 29.87, tool_torque, -1.068, -0.059, 0.231, joint_torque, 0.9, -8.27, 0.09, 5.4, 1.21, -0.78, 0.23, robot_mode, normal, 
30/11/2022 14:42:48:760, robot_pos, 1669819137318, 620.8, -48.37, 302.83, 2.36, -0.01, 3.09, circuit_pos, 620.04, -56.04, 300.07, 2.37, -0.01, 3.09, tool_force, -0.5, 2.83, -11.95, actual_rep, 1, curr_step, 6, track_size, 72, robot_vel, 39.8, joints_pos, 6.03, 44.51, -17.78, -77.1, 17.79, 59.56, 28.98, tool_torque, -1.131, 0.0090, 0.222, joint_torque, 0.56, -8.35, -0.04, 5.42, 1.21, -0.76, 0.21, robot_mode, normal, 
30/11/2022 14:42:48:939, robot_pos, 1669819137466, 620.41, -54.13, 302.47, 2.37, -0.01, 3.09, circuit_pos, 619.15, -64.3, 298.91, 2.37, -0.01, 3.09, tool_force, -0.22, 2.86, -11.95, actual_rep, 1, curr_step, 5, track_size, 72, robot_vel, 36.6, joints_pos, 5.5, 44.55, -17.78, -77.09, 17.78, 59.53, 28.23, tool_torque, -1.073, -0.063, 0.239, joint_torque, 0.76, -8.37, -0.03, 5.39, 1.23, -0.74, 0.21, robot_mode, normal, 
30/11/2022 14:42:49:062, robot_pos, 1669819137617, 619.97, -59.94, 301.87, 2.37, -0.01, 3.09, circuit_pos, 617.78, -71.85, 297.69, 2.37, -0.01, 3.09, tool_force, 0.06, 3.09, -12.12, actual_rep, 1, curr_step, 4, track_size, 72, robot_vel, 45.19, joints_pos, 4.95, 44.61, -17.77, -77.08, 17.79, 59.5, 27.54, tool_torque, -1.109, -0.053, 0.227, joint_torque, 0.47, -8.55, -0.16, 5.38, 1.21, -0.73, 0.22, robot_mode, normal, 
30/11/2022 14:42:49:239, robot_pos, 1669819137766, 619.26, -65.75, 301.11, 2.37, -0.01, 3.09, circuit_pos, 617.78, -71.85, 297.69, 2.37, -0.01, 3.09, tool_force, -0.4, 2.95, -12.19, actual_rep, 1, curr_step, 4, track_size, 72, robot_vel, 41.05, joints_pos, 4.43, 44.66, -17.77, -77.12, 17.82, 59.45, 26.94, tool_torque, -1.045, -0.01, 0.232, joint_torque, 0.58, -8.28, -0.15, 5.39, 1.2, -0.71, 0.2, robot_mode, normal, 
30/11/2022 14:42:49:365, robot_pos, 1669819137916, 618.43, -71.68, 300.27, 2.37, -0.01, 3.09, circuit_pos, 616.23, -78.75, 296.86, 2.37, 0.0, 3.09, tool_force, -0.83, 2.98, -12.18, actual_rep, 1, curr_step, 3, track_size, 72, robot_vel, 40.12, joints_pos, 3.91, 44.68, -17.79, -77.24, 17.84, 59.22, 26.35, tool_torque, -1.039, 0.049, 0.217, joint_torque, 0.71, -8.41, 0.07, 5.47, 1.21, -0.68, 0.21, robot_mode, normal, 
30/11/2022 14:42:49:510, robot_pos, 1669819138067, 617.21, -77.32, 299.72, 2.37, 0.0, 3.09, circuit_pos, 615.03, -85.14, 296.67, 2.36, 0.0, 3.09, tool_force, -1.09, 3.22, -12.38, actual_rep, 1, curr_step, 2, track_size, 72, robot_vel, 40.73, joints_pos, 3.49, 44.62, -17.87, -77.47, 17.75, 58.87, 25.94, tool_torque, -1.045, 0.075, 0.233, joint_torque, 0.72, -8.34, 0.03, 5.53, 1.25, -0.68, 0.21, robot_mode, normal, 
30/11/2022 14:42:49:676, robot_pos, 1669819138219, 616.07, -83.16, 299.43, 2.36, 0.0, 3.09, circuit_pos, 614.3, -90.51, 297.41, 2.34, 0.0, 3.1, tool_force, -1.41, 3.16, -11.73, actual_rep, 1, curr_step, 1, track_size, 72, robot_vel, 43.4, joints_pos, 2.96, 44.58, -17.92, -77.59, 17.71, 58.72, 25.77, tool_torque, -1.098, 0.108, 0.162, joint_torque, 0.63, -8.13, 0.04, 5.45, 1.26, -0.71, 0.13, robot_mode, normal, 
30/11/2022 14:42:49:811, robot_pos, 1669819138366, 615.03, -88.98, 299.65, 2.34, 0.0, 3.09, circuit_pos, 613.86, -94.17, 298.82, 2.34, 0.01, 3.1, tool_force, -0.14, 2.47, -11.74, actual_rep, 1, curr_step, 0, track_size, 72, robot_vel, 47.98, joints_pos, 2.59, 44.58, -18.03, -77.57, 17.38, 58.81, 26.53, tool_torque, -1.316, -0.176, -0.134, joint_torque, 1.53, -8.41, 0.51, 5.43, 1.28, -0.84, -0.2, robot_mode, normal, 
30/11/2022 14:42:50:001, robot_pos, 1669819138520, 614.72, -90.23, 299.81, 2.34, 0.0, 3.09, circuit_pos, 613.86, -94.17, 298.82, 2.34, 0.01, 3.1, tool_force, 0.36, 2.22, -12.36, actual_rep, 1, curr_step, 0, track_size, 72, robot_vel, 5.46, joints_pos, 2.42, 44.56, -17.89, -77.55, 17.15, 58.9, 26.67, tool_torque, -1.096, -0.296, 0.0050, joint_torque, 1.36, -8.22, -0.01, 5.39, 1.25, -0.85, -0.15, robot_mode, normal, 
30/11/2022 14:42:50:109, robot_pos, 1669819138664, 614.66, -90.41, 299.84, 2.34, 0.0, 3.1, circuit_pos, 613.86, -94.17, 298.82, 2.34, 0.01, 3.1, tool_force, -0.43, 2.03, -12.02, actual_rep, 1, curr_step, 0, track_size, 72, robot_vel, 1.86, joints_pos, 2.41, 44.55, -17.89, -77.55, 17.07, 58.89, 26.73, tool_torque, -1.224, -0.124, -0.011, joint_torque, 0.65, -8.3, -0.28, 5.42, 1.22, -0.84, -0.11, robot_mode, normal, 
30/11/2022 14:42:50:303, robot_pos, 1669819138818, 614.66, -90.43, 299.81, 2.34, 0.0, 3.1, circuit_pos, 614.3, -90.51, 297.41, 2.34, 0.0, 3.1, tool_force, -0.63, 1.95, -12.12, actual_rep, 2, curr_step, 1, track_size, 72, robot_vel, 0.16, joints_pos, 2.41, 44.55, -17.89, -77.56, 17.08, 58.89, 26.73, tool_torque, -1.228, -0.116, 0.0020, joint_torque, 0.6, -8.4, -0.29, 5.43, 1.21, -0.83, -0.09, robot_mode, normal, 
30/11/2022 14:42:50:418, robot_pos, 1669819138965, 615.05, -88.63, 299.57, 2.35, 0.0, 3.09, circuit_pos, 616.23, -78.75, 296.86, 2.37, 0.0, 3.09, tool_force, -1.04, 1.84, -12.72, actual_rep, 2, curr_step, 3, track_size, 72, robot_vel, 13.41, joints_pos, 2.46, 44.55, -17.72, -77.56, 17.2, 58.8, 26.45, tool_torque, -1.146, -0.018, 0.124, joint_torque, 0.53, -8.55, -0.22, 5.45, 1.21, -0.71, 0.09, robot_mode, normal, 
30/11/2022 14:42:50:606, robot_pos, 1669819139120, 615.97, -83.04, 299.48, 2.36, 0.0, 3.09, circuit_pos, 617.78, -71.85, 297.69, 2.37, -0.01, 3.09, tool_force, -1.6, 1.86, -12.43, actual_rep, 2, curr_step, 4, track_size, 72, robot_vel, 32.29, joints_pos, 2.76, 44.5, -17.41, -77.59, 17.17, 58.67, 26.12, tool_torque, -1.188, 0.184, 0.159, joint_torque, -0.04, -8.31, -0.36, 5.45, 1.22, -0.68, 0.15, robot_mode, normal, 
30/11/2022 14:42:50:715, robot_pos, 1669819139265, 616.75, -77.46, 299.67, 2.37, 0.0, 3.09, circuit_pos, 617.78, -71.85, 297.69, 2.37, -0.01, 3.09, tool_force, -1.89, 1.28, -11.79, actual_rep, 2, curr_step, 4, track_size, 72, robot_vel, 44.19, joints_pos, 3.09, 44.49, -17.19, -77.54, 17.21, 58.79, 26.28, tool_torque, -1.512, 0.074, -0.045, joint_torque, -0.45, -8.41, -0.55, 5.41, 1.2, -0.9, -0.06, robot_mode, normal, 
30/11/2022 14:42:50:867, robot_pos, 1669819139415, 617.89, -71.74, 300.2, 2.37, -0.01, 3.09, circuit_pos, 619.15, -64.3, 298.91, 2.37, -0.01, 3.09, tool_force, -1.52, 1.33, -11.52, actual_rep, 2, curr_step, 5, track_size, 72, robot_vel, 39.45, joints_pos, 3.52, 44.51, -17.12, -77.38, 17.32, 59.0, 26.67, tool_torque, -1.54, -0.03, -0.137, joint_torque, -0.14, -8.36, -0.41, 5.39, 1.18, -0.94, -0.17, robot_mode, normal, 
30/11/2022 14:42:51:016, robot_pos, 1669819139563, 618.85, -65.87, 300.9, 2.37, -0.01, 3.09, circuit_pos, 620.04, -56.04, 300.07, 2.37, -0.01, 3.09, tool_force, -1.44, 1.31, -11.37, actual_rep, 2, curr_step, 6, track_size, 72, robot_vel, 36.3, joints_pos, 4.08, 44.52, -17.16, -77.27, 17.37, 59.17, 27.13, tool_torque, -1.561, 0.0030, -0.207, joint_torque, 0.04, -8.18, -0.13, 5.32, 1.18, -0.95, -0.21, robot_mode, normal, 
30/11/2022 14:42:51:167, robot_pos, 1669819139715, 619.68, -60.09, 301.63, 2.37, -0.01, 3.08, circuit_pos, 620.58, -46.71, 300.66, 2.36, -0.01, 3.09, tool_force, -1.24, 1.45, -11.32, actual_rep, 2, curr_step, 7, track_size, 72, robot_vel, 40.88, joints_pos, 4.62, 44.49, -17.19, -77.2, 17.39, 59.26, 27.69, tool_torque, -1.637, 0.042, -0.234, joint_torque, -0.11, -8.32, -0.14, 5.35, 1.17, -0.95, -0.22, robot_mode, normal, 
30/11/2022 14:42:51:320, robot_pos, 1669819139866, 620.17, -54.32, 302.18, 2.37, -0.01, 3.08, circuit_pos, 620.58, -46.71, 300.66, 2.36, -0.01, 3.09, tool_force, -1.26, 1.67, -11.36, actual_rep, 2, curr_step, 7, track_size, 72, robot_vel, 39.3, joints_pos, 5.16, 44.44, -17.2, -77.2, 17.39, 59.29, 28.42, tool_torque, -1.591, 0.074, -0.253, joint_torque, 0.24, -8.33, -0.02, 5.44, 1.19, -0.93, -0.24, robot_mode, normal, 
30/11/2022 14:42:51:467, robot_pos, 1669819140015, 620.52, -48.57, 302.51, 2.36, -0.01, 3.08, circuit_pos, 621.1, -36.42, 300.61, 2.35, -0.02, 3.09, tool_force, -1.03, 1.56, -11.43, actual_rep, 2, curr_step, 8, track_size, 72, robot_vel, 38.76, joints_pos, 5.7, 44.41, -17.2, -77.2, 17.38, 59.36, 29.25, tool_torque, -1.586, 0.015, -0.229, joint_torque, 0.19, -8.3, -0.04, 5.4, 1.19, -0.98, -0.23, robot_mode, normal, 
30/11/2022 14:42:51:618, robot_pos, 1669819140164, 620.83, -42.76, 302.74, 2.36, -0.02, 3.08, circuit_pos, 621.1, -36.42, 300.61, 2.35, -0.02, 3.09, tool_force, -1.11, 1.27, -11.52, actual_rep, 2, curr_step, 8, track_size, 72, robot_vel, 39.66, joints_pos, 6.17, 44.4, -17.17, -77.16, 17.5, 59.54, 29.99, tool_torque, -1.598, 0.0030, -0.211, joint_torque, -0.19, -8.27, -0.32, 5.35, 1.15, -1.01, -0.21, robot_mode, normal, 
30/11/2022 14:42:51:769, robot_pos, 1669819140313, 621.17, -36.99, 302.66, 2.35, -0.02, 3.08, circuit_pos, 621.3, -26.89, 300.2, 2.34, -0.02, 3.09, tool_force, -1.02, 1.55, -11.57, actual_rep, 2, curr_step, 9, track_size, 72, robot_vel, 39.78, joints_pos, 6.71, 44.42, -17.17, -77.15, 17.55, 59.59, 30.81, tool_torque, -1.556, -0.021, -0.214, joint_torque, 0.09, -8.35, -0.21, 5.45, 1.15, -1.03, -0.23, robot_mode, normal, 
30/11/2022 14:42:51:917, robot_pos, 1669819140463, 621.42, -31.26, 302.6, 2.35, -0.02, 3.08, circuit_pos, 621.41, -16.2, 299.67, 2.34, -0.02, 3.09, tool_force, -1.13, 1.6, -11.51, actual_rep, 2, curr_step, 10, track_size, 72, robot_vel, 40.12, joints_pos, 7.22, 44.42, -17.18, -77.16, 17.59, 59.6, 31.62, tool_torque, -1.583, 0.042, -0.218, joint_torque, -0.12, -8.41, -0.27, 5.48, 1.13, -1.03, -0.21, robot_mode, normal, 
30/11/2022 14:42:52:071, robot_pos, 1669819140614, 621.59, -25.42, 302.43, 2.34, -0.02, 3.09, circuit_pos, 621.41, -16.2, 299.67, 2.34, -0.02, 3.09, tool_force, -1.31, 1.98, -11.64, actual_rep, 2, curr_step, 10, track_size, 72, robot_vel, 40.77, joints_pos, 7.78, 44.43, -17.19, -77.18, 17.6, 59.59, 32.29, tool_torque, -1.471, 0.116, -0.203, joint_torque, 0.17, -8.38, -0.15, 5.56, 1.13, -0.96, -0.21, robot_mode, normal, 
30/11/2022 14:42:52:221, robot_pos, 1669819140762, 621.72, -19.66, 302.23, 2.34, -0.02, 3.09, circuit_pos, 621.4, -3.17, 299.31, 2.33, -0.02, 3.09, tool_force, -1.56, 2.05, -11.88, actual_rep, 2, curr_step, 11, track_size, 72, robot_vel, 38.37, joints_pos, 8.29, 44.43, -17.19, -77.21, 17.61, 59.56, 32.89, tool_torque, -1.435, 0.21, -0.221, joint_torque, -0.01, -8.41, -0.21, 5.6, 1.12, -0.9, -0.22, robot_mode, normal, 
30/11/2022 14:42:52:375, robot_pos, 1669819140914, 621.81, -13.68, 302.06, 2.34, -0.02, 3.09, circuit_pos, 621.4, -3.17, 299.31, 2.33, -0.02, 3.09, tool_force, -1.56, 2.39, -11.89, actual_rep, 2, curr_step, 11, track_size, 72, robot_vel, 42.13, joints_pos, 8.85, 44.43, -17.19, -77.24, 17.62, 59.5, 33.65, tool_torque, -1.403, 0.311, -0.224, joint_torque, 0.03, -8.38, -0.15, 5.61, 1.13, -0.86, -0.22, robot_mode, normal, 
30/11/2022 14:42:52:520, robot_pos, 1669819141061, 621.86, -8.09, 301.89, 2.33, -0.02, 3.09, circuit_pos, 621.31, 7.17, 299.27, 2.33, -0.02, 3.09, tool_force, -2.16, 1.85, -11.99, actual_rep, 2, curr_step, 12, track_size, 72, robot_vel, 37.91, joints_pos, 9.38, 44.43, -17.2, -77.27, 17.62, 59.45, 34.37, tool_torque, -1.423, 0.334, -0.218, joint_torque, -0.01, -8.42, -0.17, 5.66, 1.12, -0.86, -0.22, robot_mode, normal, 
30/11/2022 14:42:52:676, robot_pos, 1669819141212, 621.9, -2.17, 301.8, 2.33, -0.02, 3.09, circuit_pos, 621.31, 7.17, 299.27, 2.33, -0.02, 3.09, tool_force, -1.79, 2.37, -11.95, actual_rep, 2, curr_step, 12, track_size, 72, robot_vel, 44.3, joints_pos, 9.93, 44.43, -17.2, -77.29, 17.62, 59.4, 34.98, tool_torque, -1.373, 0.332, -0.221, joint_torque, 0.03, -8.41, -0.18, 5.68, 1.11, -0.87, -0.22, robot_mode, normal, 
30/11/2022 14:42:52:819, robot_pos, 1669819141361, 621.85, 3.51, 301.73, 2.33, -0.02, 3.09, circuit_pos, 621.22, 18.66, 299.53, 2.33, -0.02, 3.09, tool_force, -1.7, 2.39, -11.83, actual_rep, 2, curr_step, 13, track_size, 72, robot_vel, 44.0, joints_pos, 10.46, 44.42, -17.2, -77.31, 17.61, 59.35, 35.59, tool_torque, -1.422, 0.364, -0.224, joint_torque, -0.37, -8.39, -0.41, 5.65, 1.1, -0.91, -0.2, robot_mode, normal, 
30/11/2022 14:42:52:975, robot_pos, 1669819141510, 621.83, 9.35, 301.81, 2.33, -0.02, 3.09, circuit_pos, 621.22, 18.66, 299.53, 2.33, -0.02, 3.09, tool_force, -2.03, 2.11, -11.86, actual_rep, 2, curr_step, 13, track_size, 72, robot_vel, 40.68, joints_pos, 11.0, 44.41, -17.2, -77.32, 17.59, 59.32, 36.14, tool_torque, -1.375, 0.321, -0.211, joint_torque, 0.01, -8.4, -0.24, 5.69, 1.11, -0.9, -0.22, robot_mode, normal, 
30/11/2022 14:42:53:123, robot_pos, 1669819141660, 621.77, 15.03, 301.9, 2.33, -0.02, 3.09, circuit_pos, 621.3, 29.46, 300.25, 2.32, -0.02, 3.09, tool_force, -1.58, 2.56, -11.88, actual_rep, 2, curr_step, 14, track_size, 72, robot_vel, 38.45, joints_pos, 11.54, 44.4, -17.2, -77.32, 17.58, 59.3, 36.76, tool_torque, -1.364, 0.302, -0.205, joint_torque, 0.08, -8.45, -0.19, 5.71, 1.11, -0.92, -0.21, robot_mode, normal, 
30/11/2022 14:42:53:274, robot_pos, 1669819141812, 621.74, 20.94, 302.17, 2.33, -0.02, 3.09, circuit_pos, 621.3, 29.46, 300.25, 2.32, -0.02, 3.09, tool_force, -1.68, 2.13, -11.83, actual_rep, 2, curr_step, 14, track_size, 72, robot_vel, 40.07, joints_pos, 12.07, 44.39, -17.2, -77.3, 17.56, 59.28, 37.51, tool_torque, -1.426, 0.325, -0.198, joint_torque, -0.19, -8.39, -0.32, 5.63, 1.1, -0.94, -0.19, robot_mode, normal, 
30/11/2022 14:42:53:424, robot_pos, 1669819141959, 621.78, 26.62, 302.5, 2.32, -0.02, 3.09, circuit_pos, 621.5, 39.55, 301.39, 2.31, -0.02, 3.09, tool_force, -1.4, 2.2, -11.62, actual_rep, 2, curr_step, 15, track_size, 72, robot_vel, 36.97, joints_pos, 12.6, 44.38, -17.21, -77.26, 17.54, 59.28, 38.32, tool_torque, -1.467, 0.333, -0.2, joint_torque, -0.24, -8.38, -0.3, 5.59, 1.1, -0.98, -0.18, robot_mode, normal, 
30/11/2022 14:42:53:575, robot_pos, 1669819142108, 621.79, 32.44, 302.98, 2.32, -0.02, 3.08, circuit_pos, 621.5, 39.55, 301.39, 2.31, -0.02, 3.09, tool_force, -1.15, 2.09, -11.67, actual_rep, 2, curr_step, 15, track_size, 72, robot_vel, 40.47, joints_pos, 13.14, 44.36, -17.21, -77.2, 17.51, 59.28, 39.15, tool_torque, -1.454, 0.217, -0.182, joint_torque, 0.14, -8.43, -0.17, 5.61, 1.1, -1.03, -0.18, robot_mode, normal, 
30/11/2022 14:42:53:721, robot_pos, 1669819142257, 621.87, 38.25, 303.61, 2.31, -0.02, 3.08, circuit_pos, 621.68, 48.29, 302.56, 2.3, -0.02, 3.09, tool_force, -1.15, 1.95, -11.58, actual_rep, 2, curr_step, 16, track_size, 72, robot_vel, 39.12, joints_pos, 13.68, 44.35, -17.21, -77.12, 17.46, 59.31, 40.09, tool_torque, -1.553, 0.227, -0.16, joint_torque, -0.22, -8.42, -0.35, 5.58, 1.08, -1.11, -0.14, robot_mode, normal, 
30/11/2022 14:42:53:873, robot_pos, 1669819142406, 621.94, 44.05, 304.24, 2.31, -0.02, 3.08, circuit_pos, 621.78, 57.42, 303.83, 2.3, -0.01, 3.09, tool_force, -0.74, 2.15, -11.5, actual_rep, 2, curr_step, 17, track_size, 72, robot_vel, 41.36, joints_pos, 14.19, 44.35, -17.21, -77.02, 17.43, 59.34, 40.99, tool_torque, -1.506, 0.097, -0.127, joint_torque, 0.21, -8.48, -0.19, 5.65, 1.1, -1.16, -0.13, robot_mode, normal, 
30/11/2022 14:42:54:029, robot_pos, 1669819142556, 622.09, 49.86, 305.08, 2.3, -0.02, 3.09, circuit_pos, 621.78, 57.42, 303.83, 2.3, -0.01, 3.09, tool_force, -1.24, 1.9, -11.88, actual_rep, 2, curr_step, 17, track_size, 72, robot_vel, 39.41, joints_pos, 14.78, 44.32, -17.22, -76.93, 17.19, 59.29, 41.8, tool_torque, -1.483, 0.266, -0.149, joint_torque, -0.08, -8.56, -0.32, 5.65, 1.08, -1.07, -0.14, robot_mode, normal, 
30/11/2022 14:42:54:175, robot_pos, 1669819142703, 622.08, 55.65, 305.8, 2.3, -0.01, 3.09, circuit_pos, 621.7, 64.77, 304.79, 2.29, -0.01, 3.09, tool_force, -1.21, 2.39, -11.65, actual_rep, 2, curr_step, 18, track_size, 72, robot_vel, 38.82, joints_pos, 15.32, 44.29, -17.23, -76.86, 17.04, 59.22, 42.65, tool_torque, -1.406, 0.268, -0.135, joint_torque, 0.17, -8.45, -0.19, 5.68, 1.08, -1.07, -0.13, robot_mode, normal, 
30/11/2022 14:42:54:359, robot_pos, 1669819142853, 622.11, 61.51, 306.55, 2.29, -0.01, 3.09, circuit_pos, 621.58, 73.04, 305.87, 2.28, -0.01, 3.09, tool_force, -1.4, 2.17, -11.73, actual_rep, 2, curr_step, 19, track_size, 72, robot_vel, 36.12, joints_pos, 15.87, 44.28, -17.23, -76.76, 16.91, 59.22, 43.62, tool_torque, -1.466, 0.3, -0.121, joint_torque, -0.16, -8.53, -0.37, 5.68, 1.07, -1.11, -0.11, robot_mode, normal, 
30/11/2022 14:42:54:477, robot_pos, 1669819143000, 622.03, 67.18, 307.26, 2.29, -0.01, 3.08, circuit_pos, 621.58, 73.04, 305.87, 2.28, -0.01, 3.09, tool_force, -1.33, 2.21, -11.48, actual_rep, 2, curr_step, 19, track_size, 72, robot_vel, 38.15, joints_pos, 16.39, 44.27, -17.23, -76.65, 16.84, 59.24, 44.56, tool_torque, -1.483, 0.224, -0.125, joint_torque, 0.05, -8.45, -0.28, 5.71, 1.06, -1.19, -0.12, robot_mode, normal, 
30/11/2022 14:42:54:630, robot_pos, 1669819143149, 621.9, 73.09, 307.99, 2.28, -0.01, 3.08, circuit_pos, 621.28, 81.29, 306.83, 2.28, -0.01, 3.09, tool_force, -0.62, 2.3, -11.53, actual_rep, 2, curr_step, 20, track_size, 72, robot_vel, 38.2, joints_pos, 16.93, 44.27, -17.22, -76.53, 16.76, 59.3, 45.39, tool_torque, -1.529, 0.092, -0.106, joint_torque, 0.22, -8.59, -0.29, 5.73, 1.05, -1.27, -0.12, robot_mode, normal, 
30/11/2022 14:42:54:776, robot_pos, 1669819143297, 621.7, 78.73, 308.65, 2.28, -0.01, 3.08, circuit_pos, 620.78, 89.35, 307.67, 2.27, -0.01, 3.09, tool_force, -0.97, 2.09, -11.43, actual_rep, 2, curr_step, 21, track_size, 72, robot_vel, 38.44, joints_pos, 17.43, 44.27, -17.22, -76.42, 16.72, 59.36, 46.14, tool_torque, -1.595, 0.168, -0.122, joint_torque, -0.09, -8.53, -0.42, 5.7, 1.03, -1.3, -0.12, robot_mode, normal, 
30/11/2022 14:42:54:930, robot_pos, 1669819143449, 621.4, 84.56, 309.3, 2.28, -0.01, 3.08, circuit_pos, 620.25, 96.98, 308.51, 2.27, -0.02, 3.08, tool_force, -1.0, 1.85, -11.38, actual_rep, 2, curr_step, 22, track_size, 72, robot_vel, 38.08, joints_pos, 17.97, 44.27, -17.22, -76.31, 16.66, 59.42, 47.0, tool_torque, -1.587, 0.142, -0.118, joint_torque, -0.04, -8.53, -0.41, 5.69, 1.01, -1.33, -0.11, robot_mode, normal, 
30/11/2022 14:42:55:081, robot_pos, 1669819143595, 621.08, 90.46, 309.98, 2.27, -0.01, 3.08, circuit_pos, 620.25, 96.98, 308.51, 2.27, -0.02, 3.08, tool_force, -0.92, 2.09, -11.41, actual_rep, 2, curr_step, 22, track_size, 72, robot_vel, 41.6, joints_pos, 18.42, 44.25, -17.17, -76.22, 16.91, 59.46, 47.53, tool_torque, -1.471, 0.0050, -0.079, joint_torque, 0.13, -8.55, -0.48, 5.75, 0.94, -1.34, -0.09, robot_mode, normal, 
30/11/2022 14:42:55:230, robot_pos, 1669819143745, 620.73, 96.01, 310.59, 2.27, -0.02, 3.08, circuit_pos, 619.96, 103.53, 309.26, 2.26, -0.02, 3.08, tool_force, -0.86, 1.88, -11.41, actual_rep, 2, curr_step, 23, track_size, 72, robot_vel, 36.77, joints_pos, 18.86, 44.24, -17.17, -76.14, 17.21, 59.5, 48.1, tool_torque, -1.529, 0.036, -0.102, joint_torque, -0.18, -8.5, -0.59, 5.7, 0.93, -1.36, -0.11, robot_mode, normal, 
30/11/2022 14:42:55:381, robot_pos, 1669819143893, 620.42, 101.87, 311.32, 2.26, -0.02, 3.08, circuit_pos, 619.88, 109.67, 310.15, 2.26, -0.02, 3.08, tool_force, -0.96, 1.66, -11.69, actual_rep, 2, curr_step, 24, track_size, 72, robot_vel, 38.9, joints_pos, 19.38, 44.25, -17.18, -76.01, 17.26, 59.55, 48.87, tool_torque, -1.583, 0.047, -0.149, joint_torque, -0.05, -8.77, -0.52, 5.82, 0.91, -1.39, -0.15, robot_mode, normal, 
30/11/2022 14:42:55:539, robot_pos, 1669819144046, 620.26, 107.88, 312.14, 2.26, -0.02, 3.07, circuit_pos, 619.73, 115.25, 310.98, 2.26, -0.02, 3.07, tool_force, -0.79, 2.14, -11.29, actual_rep, 2, curr_step, 25, track_size, 72, robot_vel, 39.18, joints_pos, 19.88, 44.27, -17.18, -75.83, 17.37, 59.61, 49.51, tool_torque, -1.503, 0.08, -0.137, joint_torque, -0.04, -8.56, -0.53, 5.78, 0.9, -1.36, -0.14, robot_mode, normal, 
30/11/2022 14:42:55:688, robot_pos, 1669819144190, 620.24, 113.45, 312.89, 2.26, -0.02, 3.07, circuit_pos, 619.61, 120.68, 311.81, 2.26, -0.02, 3.07, tool_force, -0.74, 2.5, -11.7, actual_rep, 2, curr_step, 26, track_size, 72, robot_vel, 36.57, joints_pos, 20.35, 44.27, -17.18, -75.72, 17.57, 59.48, 49.92, tool_torque, -1.344, 0.191, -0.146, joint_torque, -0.03, -8.57, -0.5, 5.76, 0.89, -1.21, -0.15, robot_mode, normal, 
30/11/2022 14:42:55:832, robot_pos, 1669819144340, 619.97, 119.25, 313.78, 2.26, -0.02, 3.07, circuit_pos, 619.45, 126.37, 312.42, 2.25, -0.02, 3.07, tool_force, -0.99, 2.26, -11.47, actual_rep, 2, curr_step, 27, track_size, 72, robot_vel, 39.72, joints_pos, 20.84, 44.27, -17.19, -75.58, 17.6, 59.49, 50.62, tool_torque, -1.411, 0.188, -0.137, joint_torque, -0.2, -8.51, -0.58, 5.73, 0.88, -1.28, -0.13, robot_mode, normal, 
30/11/2022 14:42:55:986, robot_pos, 1669819144487, 619.79, 125.02, 314.37, 2.25, -0.02, 3.07, circuit_pos, 619.15, 132.12, 312.83, 2.25, -0.02, 3.07, tool_force, -0.84, 2.32, -11.41, actual_rep, 2, curr_step, 28, track_size, 72, robot_vel, 47.15, joints_pos, 21.36, 44.32, -17.2, -75.39, 17.6, 59.53, 51.41, tool_torque, -1.497, 0.169, -0.148, joint_torque, -0.14, -8.69, -0.52, 5.87, 0.88, -1.38, -0.13, robot_mode, normal, 
30/11/2022 14:42:56:131, robot_pos, 1669819144637, 619.56, 130.81, 314.8, 2.25, -0.02, 3.07, circuit_pos, 618.9, 137.78, 313.01, 2.25, -0.02, 3.07, tool_force, -0.55, 2.28, -11.39, actual_rep, 2, curr_step, 29, track_size, 72, robot_vel, 49.31, joints_pos, 21.85, 44.4, -17.2, -75.19, 17.59, 59.59, 52.06, tool_torque, -1.588, 0.137, -0.148, joint_torque, -0.15, -8.73, -0.54, 5.87, 0.88, -1.46, -0.12, robot_mode, normal, 
30/11/2022 14:42:56:286, robot_pos, 1669819144786, 619.3, 136.68, 315.11, 2.25, -0.02, 3.06, circuit_pos, 618.68, 143.43, 313.21, 2.25, -0.02, 3.07, tool_force, -0.4, 1.95, -11.53, actual_rep, 2, curr_step, 30, track_size, 72, robot_vel, 39.65, joints_pos, 22.36, 44.49, -17.2, -74.97, 17.54, 59.66, 52.7, tool_torque, -1.612, 0.04, -0.105, joint_torque, 0.02, -8.8, -0.47, 5.87, 0.9, -1.49, -0.1, robot_mode, normal, 
30/11/2022 14:42:56:434, robot_pos, 1669819144934, 619.15, 142.39, 315.42, 2.25, -0.02, 3.06, circuit_pos, 618.69, 148.48, 313.26, 2.24, -0.02, 3.06, tool_force, -0.55, 2.21, -11.45, actual_rep, 2, curr_step, 31, track_size, 72, robot_vel, 42.21, joints_pos, 22.83, 44.58, -17.19, -74.76, 17.55, 59.66, 53.44, tool_torque, -1.531, 0.138, -0.119, joint_torque, -0.22, -8.86, -0.67, 5.89, 0.87, -1.42, -0.1, robot_mode, normal, 
30/11/2022 14:42:56:586, robot_pos, 1669819145083, 619.02, 148.2, 315.45, 2.24, -0.02, 3.06, circuit_pos, 618.5, 157.93, 312.71, 2.23, -0.01, 3.06, tool_force, -1.09, 2.47, -11.64, actual_rep, 2, curr_step, 33, track_size, 72, robot_vel, 39.51, joints_pos, 23.29, 44.64, -17.17, -74.64, 17.74, 59.42, 54.09, tool_torque, -1.322, 0.179, -0.091, joint_torque, -0.27, -8.75, -0.76, 5.84, 0.82, -1.3, -0.1, robot_mode, normal, 
30/11/2022 14:42:56:734, robot_pos, 1669819145231, 618.94, 153.97, 315.12, 2.23, -0.02, 3.06, circuit_pos, 617.91, 169.87, 311.16, 2.22, -0.01, 3.06, tool_force, -0.76, 2.53, -11.8, actual_rep, 2, curr_step, 36, track_size, 72, robot_vel, 40.38, joints_pos, 23.88, 44.79, -17.25, -74.46, 17.59, 59.21, 55.22, tool_torque, -1.411, 0.299, -0.158, joint_torque, -0.03, -9.09, -0.43, 5.97, 0.87, -1.28, -0.13, robot_mode, normal, 
30/11/2022 14:42:56:885, robot_pos, 1669819145380, 618.7, 159.73, 314.59, 2.23, -0.02, 3.06, circuit_pos, 617.47, 173.7, 309.87, 2.21, -0.01, 3.07, tool_force, -0.54, 2.48, -11.88, actual_rep, 2, curr_step, 38, track_size, 72, robot_vel, 38.37, joints_pos, 24.4, 44.96, -17.27, -74.26, 17.51, 59.14, 56.16, tool_torque, -1.368, 0.279, -0.124, joint_torque, 0.08, -8.73, -0.4, 5.8, 0.86, -1.28, -0.11, robot_mode, normal, 
30/11/2022 14:42:57:037, robot_pos, 1669819145529, 618.23, 165.54, 313.48, 2.22, -0.01, 3.06, circuit_pos, 617.59, 172.67, 309.2, 2.21, -0.01, 3.07, tool_force, -0.77, 2.14, -11.98, actual_rep, 2, curr_step, 41, track_size, 72, robot_vel, 41.65, joints_pos, 24.93, 45.19, -17.26, -74.02, 17.26, 59.17, 57.28, tool_torque, -1.55, 0.227, -0.105, joint_torque, -0.24, -8.9, -0.65, 5.87, 0.84, -1.47, -0.09, robot_mode, normal, 
30/11/2022 14:42:57:188, robot_pos, 1669819145677, 617.99, 171.36, 312.13, 2.21, -0.01, 3.06, circuit_pos, 617.58, 173.1, 309.72, 2.21, -0.01, 3.07, tool_force, -0.53, 2.25, -11.89, actual_rep, 2, curr_step, 43, track_size, 72, robot_vel, 38.12, joints_pos, 25.44, 45.48, -17.26, -73.71, 17.02, 59.27, 58.44, tool_torque, -1.627, 0.135, -0.094, joint_torque, -0.03, -9.25, -0.62, 6.04, 0.84, -1.57, -0.08, robot_mode, normal, 
30/11/2022 14:42:57:335, robot_pos, 1669819145827, 618.1, 173.41, 312.63, 2.21, -0.01, 3.07, circuit_pos, 617.63, 173.42, 309.99, 2.21, -0.01, 3.07, tool_force, -1.21, 2.55, -11.62, actual_rep, 2, curr_step, 46, track_size, 72, robot_vel, 7.54, joints_pos, 25.72, 45.58, -17.43, -73.48, 16.9, 59.51, 58.87, tool_torque, -1.607, 0.291, -0.083, joint_torque, -0.5, -9.12, -0.69, 6.05, 0.77, -1.57, -0.01, robot_mode, normal, 
30/11/2022 14:42:57:487, robot_pos, 1669819145974, 618.02, 173.64, 312.01, 2.21, -0.01, 3.07, circuit_pos, 617.74, 173.64, 309.48, 2.21, -0.01, 3.07, tool_force, -0.7, 3.32, -12.08, actual_rep, 2, curr_step, 48, track_size, 72, robot_vel, 7.0, joints_pos, 25.71, 45.61, -17.41, -73.52, 17.0, 59.43, 58.84, tool_torque, -1.25, 0.115, 0.112, joint_torque, -0.15, -9.06, -0.71, 6.17, 0.74, -1.42, 0.15, robot_mode, normal, 
30/11/2022 14:42:57:636, robot_pos, 1669819146124, 618.11, 173.77, 311.92, 2.21, -0.01, 3.07, circuit_pos, 617.75, 173.46, 309.48, 2.21, -0.01, 3.07, tool_force, -0.36, 2.74, -11.73, actual_rep, 2, curr_step, 51, track_size, 72, robot_vel, 1.24, joints_pos, 25.71, 45.64, -17.4, -73.48, 16.99, 59.46, 58.84, tool_torque, -1.368, 0.031, 0.089, joint_torque, -0.01, -8.9, -0.68, 5.99, 0.76, -1.48, 0.11, robot_mode, normal, 
30/11/2022 14:42:57:785, robot_pos, 1669819146272, 618.11, 173.78, 311.86, 2.21, -0.01, 3.07, circuit_pos, 617.7, 173.68, 309.51, 2.21, -0.01, 3.07, tool_force, -0.52, 2.86, -11.77, actual_rep, 2, curr_step, 53, track_size, 72, robot_vel, 0.96, joints_pos, 25.71, 45.65, -17.39, -73.48, 16.99, 59.46, 58.84, tool_torque, -1.348, 0.067, 0.084, joint_torque, -0.07, -8.93, -0.71, 6.02, 0.76, -1.46, 0.11, robot_mode, normal, 
30/11/2022 14:42:57:938, robot_pos, 1669819146420, 618.14, 173.74, 311.89, 2.21, -0.01, 3.07, circuit_pos, 617.72, 173.6, 309.54, 2.21, -0.01, 3.07, tool_force, -0.53, 3.0, -11.6, actual_rep, 2, curr_step, 56, track_size, 72, robot_vel, 0.99, joints_pos, 25.71, 45.64, -17.39, -73.48, 16.98, 59.46, 58.85, tool_torque, -1.313, 0.082, 0.063, joint_torque, 0.04, -8.84, -0.63, 6.01, 0.77, -1.44, 0.08, robot_mode, normal, 
30/11/2022 14:42:58:086, robot_pos, 1669819146568, 618.13, 173.76, 311.9, 2.21, -0.01, 3.07, circuit_pos, 617.7, 173.64, 309.53, 2.21, -0.01, 3.07, tool_force, -0.53, 3.09, -11.6, actual_rep, 2, curr_step, 58, track_size, 72, robot_vel, 0.22, joints_pos, 25.71, 45.64, -17.39, -73.48, 16.98, 59.45, 58.85, tool_torque, -1.301, 0.086, 0.061, joint_torque, 0.05, -8.79, -0.62, 6.01, 0.77, -1.44, 0.08, robot_mode, normal, 
30/11/2022 14:42:58:241, robot_pos, 1669819146719, 618.12, 173.79, 311.9, 2.21, -0.01, 3.07, circuit_pos, 617.7, 173.64, 309.53, 2.21, -0.01, 3.07, tool_force, -0.57, 3.19, -11.6, actual_rep, 2, curr_step, 61, track_size, 72, robot_vel, 0.06, joints_pos, 25.71, 45.64, -17.39, -73.48, 16.98, 59.45, 58.85, tool_torque, -1.289, 0.095, 0.056, joint_torque, 0.04, -8.78, -0.63, 6.04, 0.77, -1.44, 0.07, robot_mode, normal, 
30/11/2022 14:42:58:391, robot_pos, 1669819146867, 618.12, 173.79, 311.91, 2.21, -0.01, 3.07, circuit_pos, 617.71, 173.64, 309.53, 2.21, -0.01, 3.07, tool_force, -0.55, 3.18, -11.67, actual_rep, 2, curr_step, 63, track_size, 72, robot_vel, 0.06, joints_pos, 25.71, 45.64, -17.39, -73.48, 16.98, 59.45, 58.85, tool_torque, -1.289, 0.096, 0.056, joint_torque, 0.03, -8.82, -0.63, 6.05, 0.77, -1.44, 0.07, robot_mode, normal, 
30/11/2022 14:42:58:544, robot_pos, 1669819147019, 618.12, 173.79, 311.91, 2.21, -0.01, 3.07, circuit_pos, 617.71, 173.63, 309.53, 2.21, -0.01, 3.07, tool_force, -0.52, 3.12, -11.7, actual_rep, 2, curr_step, 66, track_size, 72, robot_vel, 0.05, joints_pos, 25.71, 45.64, -17.39, -73.48, 16.98, 59.45, 58.85, tool_torque, -1.295, 0.091, 0.057, joint_torque, 0.04, -8.85, -0.64, 6.05, 0.77, -1.44, 0.07, robot_mode, normal, 
30/11/2022 14:42:58:690, robot_pos, 1669819147165, 618.12, 173.79, 311.91, 2.21, -0.01, 3.07, circuit_pos, 617.71, 173.63, 309.53, 2.21, -0.01, 3.07, tool_force, -0.49, 3.09, -11.73, actual_rep, 2, curr_step, 68, track_size, 72, robot_vel, 0.02, joints_pos, 25.71, 45.64, -17.39, -73.48, 16.98, 59.45, 58.85, tool_torque, -1.297, 0.086, 0.06, joint_torque, 0.05, -8.85, -0.63, 6.05, 0.77, -1.44, 0.08, robot_mode, normal, 
30/11/2022 14:42:58:837, robot_pos, 1669819147316, 618.12, 173.79, 311.91, 2.21, -0.01, 3.07, circuit_pos, 617.71, 173.63, 309.53, 2.21, -0.01, 3.07, tool_force, -0.47, 3.07, -11.73, actual_rep, 2, curr_step, 71, track_size, 72, robot_vel, 0.02, joints_pos, 25.71, 45.64, -17.39, -73.48, 16.98, 59.45, 58.85, tool_torque, -1.3, 0.087, 0.058, joint_torque, 0.04, -8.86, -0.63, 6.04, 0.77, -1.44, 0.08, robot_mode, normal, 
30/11/2022 14:42:58:992, robot_pos, 1669819147463, 618.12, 173.79, 311.91, 2.21, -0.01, 3.07, circuit_pos, 617.71, 173.63, 309.53, 2.21, -0.01, 3.07, tool_force, -0.47, 3.04, -11.75, actual_rep, 2, curr_step, 70, track_size, 72, robot_vel, 0.01, joints_pos, 25.71, 45.64, -17.39, -73.48, 16.98, 59.45, 58.85, tool_torque, -1.303, 0.087, 0.058, joint_torque, 0.05, -8.88, -0.63, 6.05, 0.77, -1.44, 0.08, robot_mode, normal, 
30/11/2022 14:42:59:139, robot_pos, 1669819147614, 618.12, 173.79, 311.91, 2.21, -0.01, 3.07, circuit_pos, 617.71, 173.63, 309.53, 2.21, -0.01, 3.07, tool_force, -0.46, 3.01, -11.78, actual_rep, 2, curr_step, 67, track_size, 72, robot_vel, 0.01, joints_pos, 25.71, 45.64, -17.39, -73.48, 16.98, 59.45, 58.85, tool_torque, -1.307, 0.085, 0.058, joint_torque, 0.04, -8.9, -0.64, 6.05, 0.77, -1.44, 0.07, robot_mode, normal, 
30/11/2022 14:42:59:292, robot_pos, 1669819147761, 618.12, 173.79, 311.91, 2.21, -0.01, 3.07, circuit_pos, 617.71, 173.64, 309.53, 2.21, -0.01, 3.07, tool_force, -0.47, 3.02, -11.78, actual_rep, 2, curr_step, 64, track_size, 72, robot_vel, 0.0, joints_pos, 25.71, 45.64, -17.39, -73.48, 16.98, 59.45, 58.85, tool_torque, -1.307, 0.084, 0.059, joint_torque, 0.04, -8.9, -0.64, 6.05, 0.77, -1.43, 0.08, robot_mode, normal, 
30/11/2022 14:42:59:445, robot_pos, 1669819147912, 618.12, 173.79, 311.91, 2.21, -0.01, 3.07, circuit_pos, 617.7, 173.64, 309.53, 2.21, -0.01, 3.07, tool_force, -0.5, 2.99, -11.77, actual_rep, 2, curr_step, 61, track_size, 72, robot_vel, 0.05, joints_pos, 25.71, 45.64, -17.39, -73.48, 16.98, 59.45, 58.85, tool_torque, -1.31, 0.09, 0.056, joint_torque, 0.03, -8.9, -0.64, 6.05, 0.77, -1.44, 0.07, robot_mode, normal, 
30/11/2022 14:42:59:595, robot_pos, 1669819148060, 618.11, 173.8, 311.91, 2.21, -0.01, 3.07, circuit_pos, 617.7, 173.64, 309.53, 2.21, -0.01, 3.07, tool_force, -0.49, 3.02, -11.8, actual_rep, 2, curr_step, 59, track_size, 72, robot_vel, 0.03, joints_pos, 25.71, 45.64, -17.39, -73.48, 16.98, 59.45, 58.85, tool_torque, -1.307, 0.088, 0.055, joint_torque, 0.03, -8.91, -0.65, 6.06, 0.77, -1.44, 0.07, robot_mode, normal, 
30/11/2022 14:42:59:743, robot_pos, 1669819148210, 618.11, 173.79, 311.91, 2.21, -0.01, 3.07, circuit_pos, 617.71, 173.62, 309.53, 2.21, -0.01, 3.07, tool_force, -0.5, 3.04, -11.76, actual_rep, 2, curr_step, 57, track_size, 72, robot_vel, 0.0, joints_pos, 25.71, 45.64, -17.39, -73.48, 16.98, 59.45, 58.85, tool_torque, -1.302, 0.083, 0.058, joint_torque, 0.03, -8.89, -0.65, 6.05, 0.77, -1.43, 0.07, robot_mode, normal, 
30/11/2022 14:42:59:899, robot_pos, 1669819148360, 618.12, 173.77, 311.91, 2.21, -0.01, 3.07, circuit_pos, 617.72, 173.59, 309.52, 2.21, -0.01, 3.07, tool_force, -0.45, 3.01, -11.77, actual_rep, 2, curr_step, 54, track_size, 72, robot_vel, 0.15, joints_pos, 25.71, 45.64, -17.39, -73.48, 16.98, 59.45, 58.85, tool_torque, -1.304, 0.073, 0.066, joint_torque, 0.03, -8.89, -0.65, 6.04, 0.77, -1.44, 0.08, robot_mode, normal, 
30/11/2022 14:43:00:043, robot_pos, 1669819148508, 618.11, 173.79, 311.91, 2.21, -0.01, 3.07, circuit_pos, 617.7, 173.69, 309.5, 2.21, -0.01, 3.07, tool_force, -0.54, 3.08, -11.74, actual_rep, 2, curr_step, 52, track_size, 72, robot_vel, 0.05, joints_pos, 25.71, 45.64, -17.39, -73.48, 16.98, 59.45, 58.85, tool_torque, -1.304, 0.101, 0.059, joint_torque, 0.0, -8.88, -0.65, 6.05, 0.77, -1.43, 0.08, robot_mode, normal, 
30/11/2022 14:43:00:195, robot_pos, 1669819148656, 618.12, 173.67, 311.89, 2.21, -0.01, 3.07, circuit_pos, 617.74, 173.65, 309.52, 2.21, -0.01, 3.07, tool_force, -0.27, 3.26, -11.71, actual_rep, 2, curr_step, 49, track_size, 72, robot_vel, 1.59, joints_pos, 25.71, 45.64, -17.4, -73.49, 16.98, 59.45, 58.85, tool_torque, -1.276, 0.066, 0.087, joint_torque, 0.12, -8.85, -0.58, 6.06, 0.77, -1.43, 0.12, robot_mode, normal, 
30/11/2022 14:43:00:348, robot_pos, 1669819148806, 618.11, 173.8, 311.89, 2.21, -0.01, 3.07, circuit_pos, 617.62, 173.49, 309.59, 2.21, -0.01, 3.07, tool_force, -0.35, 2.98, -11.78, actual_rep, 2, curr_step, 47, track_size, 72, robot_vel, 2.13, joints_pos, 25.71, 45.64, -17.39, -73.48, 16.98, 59.45, 58.85, tool_torque, -1.299, 0.047, 0.073, joint_torque, 0.04, -8.91, -0.7, 6.04, 0.77, -1.44, 0.08, robot_mode, normal, 
30/11/2022 14:43:00:496, robot_pos, 1669819148953, 618.12, 173.66, 312.47, 2.21, -0.01, 3.07, circuit_pos, 617.51, 173.25, 310.15, 2.21, -0.01, 3.07, tool_force, -0.54, 3.34, -11.32, actual_rep, 2, curr_step, 44, track_size, 72, robot_vel, 3.77, joints_pos, 25.71, 45.59, -17.4, -73.48, 16.97, 59.48, 58.85, tool_torque, -1.308, 0.079, 0.081, joint_torque, 0.05, -8.59, -0.55, 5.99, 0.77, -1.5, 0.11, robot_mode, normal, 
30/11/2022 14:43:00:648, robot_pos, 1669819149104, 617.85, 173.25, 312.1, 2.21, -0.01, 3.07, circuit_pos, 617.53, 172.87, 309.29, 2.21, -0.01, 3.07, tool_force, -0.56, 3.46, -11.85, actual_rep, 2, curr_step, 42, track_size, 72, robot_vel, 8.13, joints_pos, 25.69, 45.58, -17.4, -73.58, 16.95, 59.42, 58.85, tool_torque, -1.173, 0.094, 0.134, joint_torque, 0.01, -8.81, -0.68, 6.13, 0.77, -1.39, 0.15, robot_mode, normal, 
30/11/2022 14:43:00:799, robot_pos, 1669819149251, 617.99, 173.16, 311.6, 2.21, -0.01, 3.07, circuit_pos, 617.3, 174.03, 309.36, 2.21, -0.01, 3.07, tool_force, -0.15, 3.75, -11.81, actual_rep, 2, curr_step, 39, track_size, 72, robot_vel, 2.73, joints_pos, 25.67, 45.62, -17.38, -73.56, 16.96, 59.38, 58.82, tool_torque, -1.108, 0.035, 0.173, joint_torque, 0.16, -8.76, -0.65, 6.08, 0.78, -1.36, 0.17, robot_mode, normal, 
30/11/2022 14:43:00:953, robot_pos, 1669819149402, 617.89, 174.0, 312.04, 2.21, -0.01, 3.07, circuit_pos, 617.74, 172.36, 310.59, 2.21, -0.01, 3.06, tool_force, -0.09, 3.58, -11.06, actual_rep, 2, curr_step, 37, track_size, 72, robot_vel, 12.67, joints_pos, 25.73, 45.61, -17.39, -73.51, 16.96, 59.45, 58.9, tool_torque, -1.248, -0.129, 0.13, joint_torque, 0.69, -8.66, -0.37, 6.12, 0.79, -1.52, 0.11, robot_mode, normal, 
30/11/2022 14:43:01:099, robot_pos, 1669819149550, 618.26, 171.83, 312.99, 2.21, -0.01, 3.06, circuit_pos, 618.26, 162.37, 312.13, 2.22, -0.01, 3.06, tool_force, -0.3, 4.51, -11.28, actual_rep, 2, curr_step, 34, track_size, 72, robot_vel, 14.26, joints_pos, 25.58, 45.4, -17.46, -73.77, 17.27, 59.04, 58.18, tool_torque, -0.872, -0.112, 0.41, joint_torque, 0.13, -8.1, -0.65, 5.9, 0.71, -1.33, 0.46, robot_mode, normal, 
30/11/2022 14:43:01:259, robot_pos, 1669819149700, 618.37, 165.75, 313.97, 2.22, -0.01, 3.06, circuit_pos, 618.64, 153.34, 313.12, 2.24, -0.02, 3.06, tool_force, 2.18, 4.57, -12.29, actual_rep, 2, curr_step, 32, track_size, 72, robot_vel, 36.58, joints_pos, 25.15, 45.14, -17.61, -74.1, 17.42, 58.98, 57.21, tool_torque, -0.929, -0.436, 0.426, joint_torque, 1.23, -8.68, -0.19, 6.17, 0.77, -1.38, 0.43, robot_mode, normal, 
30/11/2022 14:43:01:400, robot_pos, 1669819149849, 618.65, 160.03, 314.44, 2.23, -0.01, 3.06, circuit_pos, 618.68, 143.43, 313.21, 2.25, -0.02, 3.07, tool_force, -0.05, 3.64, -11.74, actual_rep, 2, curr_step, 30, track_size, 72, robot_vel, 37.13, joints_pos, 24.65, 45.0, -17.62, -74.29, 17.63, 59.12, 56.13, tool_torque, -1.179, -0.259, 0.397, joint_torque, 0.32, -8.81, -0.58, 6.12, 0.77, -1.51, 0.43, robot_mode, normal, 
30/11/2022 14:43:01:557, robot_pos, 1669819150001, 618.77, 154.3, 314.79, 2.23, -0.01, 3.06, circuit_pos, 618.68, 143.43, 313.21, 2.25, -0.02, 3.07, tool_force, 0.72, 4.27, -11.48, actual_rep, 2, curr_step, 30, track_size, 72, robot_vel, 41.52, joints_pos, 24.14, 44.88, -17.62, -74.44, 17.65, 59.35, 55.19, tool_torque, -1.144, -0.374, 0.419, joint_torque, 0.58, -8.67, -0.47, 6.15, 0.8, -1.53, 0.43, robot_mode, normal, 
30/11/2022 14:43:01:701, robot_pos, 1669819150147, 618.96, 148.46, 315.15, 2.24, -0.02, 3.06, circuit_pos, 618.68, 143.43, 313.21, 2.25, -0.02, 3.07, tool_force, 0.88, 3.86, -11.82, actual_rep, 2, curr_step, 30, track_size, 72, robot_vel, 40.9, joints_pos, 23.63, 44.77, -17.62, -74.57, 17.72, 59.61, 54.15, tool_torque, -1.176, -0.458, 0.398, joint_torque, 0.9, -8.76, -0.31, 6.16, 0.83, -1.53, 0.41, robot_mode, normal, 
30/11/2022 14:43:01:855, robot_pos, 1669819150298, 619.13, 142.69, 315.25, 2.25, -0.02, 3.06, circuit_pos, 618.9, 137.78, 313.01, 2.25, -0.02, 3.07, tool_force, 0.43, 3.7, -11.72, actual_rep, 2, curr_step, 29, track_size, 72, robot_vel, 52.92, joints_pos, 23.13, 44.65, -17.62, -74.76, 17.74, 59.7, 53.38, tool_torque, -1.216, -0.343, 0.405, joint_torque, 0.43, -8.76, -0.51, 6.11, 0.83, -1.52, 0.43, robot_mode, normal, 
