09/11/2022 14:08:00:999, robot_pos, 1668002662386, 613.84, -94.21, 298.76, 2.34, 0.01, 3.1, circuit_pos, 614.3, -90.51, 297.41, 2.34, 0.0, 3.1, tool_force, -2.0, 1.98, -14.86, actual_rep, 1, curr_step, 1, track_size, 72, robot_vel, 0.42, joints_pos, 1.05, 44.28, -16.04, -77.79, 15.04, 58.08, 27.63, tool_torque, -1.339, 0.162, -0.068, joint_torque, 0.13, -10.13, -0.47, 6.51, 1.22, -0.8, -0.13, robot_mode, normal, 
09/11/2022 14:08:01:132, robot_pos, 1668002662513, 614.21, -92.91, 301.06, 2.34, 0.01, 3.1, circuit_pos, 615.03, -85.14, 296.67, 2.36, 0.0, 3.09, tool_force, -0.03, 0.53, -15.25, actual_rep, 1, curr_step, 2, track_size, 72, robot_vel, 26.03, joints_pos, 1.08, 44.14, -15.98, -77.64, 15.19, 58.47, 27.67, tool_torque, -1.766, -0.205, -0.18, joint_torque, -0.22, -11.31, -0.61, 6.41, 1.21, -1.03, -0.17, robot_mode, normal, 
09/11/2022 14:08:01:268, robot_pos, 1668002662668, 615.18, -87.23, 300.18, 2.36, 0.0, 3.09, circuit_pos, 616.23, -78.75, 296.86, 2.37, 0.0, 3.09, tool_force, -1.45, 1.02, -15.9, actual_rep, 1, curr_step, 3, track_size, 72, robot_vel, 35.74, joints_pos, 1.26, 44.19, -15.59, -77.62, 15.53, 58.46, 27.07, tool_torque, -1.509, 0.146, 0.151, joint_torque, -0.88, -10.52, -0.82, 6.49, 1.17, -0.82, 0.2, robot_mode, normal, 
09/11/2022 14:08:01:403, robot_pos, 1668002662814, 616.01, -81.8, 300.14, 2.37, 0.0, 3.09, circuit_pos, 617.78, -71.85, 297.69, 2.37, -0.01, 3.09, tool_force, -2.89, 2.45, -14.74, actual_rep, 1, curr_step, 4, track_size, 72, robot_vel, 37.53, joints_pos, 1.6, 44.16, -15.38, -77.64, 15.62, 58.39, 26.95, tool_torque, -1.31, 0.402, 0.133, joint_torque, -0.84, -9.56, -0.67, 6.38, 1.19, -0.75, 0.16, robot_mode, normal, 
09/11/2022 14:08:01:707, robot_pos, 1668002663114, 618.21, -70.24, 300.99, 2.37, -0.01, 3.08, circuit_pos, 619.15, -64.3, 298.91, 2.37, -0.01, 3.09, tool_force, -1.44, 0.25, -14.76, actual_rep, 1, curr_step, 5, track_size, 72, robot_vel, 36.77, joints_pos, 2.57, 44.25, -15.36, -77.33, 15.91, 58.86, 27.63, tool_torque, -1.841, -0.016, -0.249, joint_torque, -0.62, -10.5, -0.55, 6.37, 1.16, -1.02, -0.21, robot_mode, normal, 
09/11/2022 14:08:01:856, robot_pos, 1668002663266, 619.07, -64.37, 301.66, 2.37, -0.01, 3.08, circuit_pos, 620.04, -56.04, 300.07, 2.37, -0.01, 3.09, tool_force, -1.81, 0.5, -14.34, actual_rep, 1, curr_step, 6, track_size, 72, robot_vel, 40.29, joints_pos, 3.13, 44.24, -15.41, -77.24, 15.97, 59.01, 28.12, tool_torque, -1.864, 0.083, -0.285, joint_torque, -0.64, -10.08, -0.35, 6.3, 1.17, -1.06, -0.23, robot_mode, normal, 
09/11/2022 14:08:02:005, robot_pos, 1668002663417, 619.74, -58.67, 302.42, 2.37, -0.01, 3.08, circuit_pos, 620.58, -46.71, 300.66, 2.36, -0.01, 3.09, tool_force, -1.75, 0.75, -14.41, actual_rep, 1, curr_step, 7, track_size, 72, robot_vel, 39.89, joints_pos, 3.65, 44.19, -15.42, -77.2, 15.98, 59.09, 28.71, tool_torque, -1.844, 0.101, -0.292, joint_torque, -0.58, -10.15, -0.4, 6.41, 1.17, -1.07, -0.24, robot_mode, normal, 
09/11/2022 14:08:02:158, robot_pos, 1668002663565, 620.27, -52.83, 302.88, 2.37, -0.01, 3.08, circuit_pos, 620.58, -46.71, 300.66, 2.36, -0.01, 3.09, tool_force, -1.95, 0.64, -14.45, actual_rep, 1, curr_step, 7, track_size, 72, robot_vel, 43.03, joints_pos, 4.2, 44.15, -15.44, -77.2, 15.98, 59.1, 29.46, tool_torque, -1.848, 0.117, -0.291, joint_torque, -0.63, -10.26, -0.41, 6.43, 1.17, -1.07, -0.25, robot_mode, normal, 
09/11/2022 14:08:02:307, robot_pos, 1668002663715, 620.59, -47.03, 303.16, 2.36, -0.01, 3.08, circuit_pos, 621.1, -36.42, 300.61, 2.35, -0.02, 3.09, tool_force, -1.84, 0.86, -14.42, actual_rep, 1, curr_step, 8, track_size, 72, robot_vel, 45.65, joints_pos, 4.75, 44.13, -15.45, -77.2, 16.0, 59.19, 30.29, tool_torque, -1.807, 0.09, -0.285, joint_torque, -0.44, -10.22, -0.3, 6.46, 1.16, -1.09, -0.24, robot_mode, normal, 
09/11/2022 14:08:02:457, robot_pos, 1668002663866, 620.9, -41.23, 303.32, 2.36, -0.02, 3.08, circuit_pos, 621.3, -26.89, 300.2, 2.34, -0.02, 3.09, tool_force, -1.76, 0.68, -14.16, actual_rep, 1, curr_step, 9, track_size, 72, robot_vel, 36.28, joints_pos, 5.24, 44.14, -15.44, -77.16, 16.14, 59.37, 31.02, tool_torque, -1.866, 0.105, -0.295, joint_torque, -0.68, -10.07, -0.47, 6.32, 1.14, -1.11, -0.24, robot_mode, normal, 
09/11/2022 14:08:02:608, robot_pos, 1668002664016, 621.2, -35.47, 303.25, 2.35, -0.02, 3.08, circuit_pos, 621.3, -26.89, 300.2, 2.34, -0.02, 3.09, tool_force, -1.45, 0.82, -14.47, actual_rep, 1, curr_step, 9, track_size, 72, robot_vel, 46.13, joints_pos, 5.76, 44.15, -15.43, -77.15, 16.17, 59.42, 31.87, tool_torque, -1.804, 0.075, -0.287, joint_torque, -0.58, -10.34, -0.53, 6.46, 1.14, -1.11, -0.25, robot_mode, normal, 
09/11/2022 14:08:02:759, robot_pos, 1668002664167, 621.45, -29.6, 303.14, 2.34, -0.02, 3.08, circuit_pos, 621.41, -16.2, 299.67, 2.34, -0.02, 3.09, tool_force, -1.37, 1.26, -14.44, actual_rep, 1, curr_step, 10, track_size, 72, robot_vel, 37.51, joints_pos, 6.29, 44.15, -15.43, -77.16, 16.2, 59.42, 32.68, tool_torque, -1.743, 0.132, -0.287, joint_torque, -0.43, -10.32, -0.38, 6.52, 1.13, -1.08, -0.24, robot_mode, normal, 
09/11/2022 14:08:02:913, robot_pos, 1668002664319, 621.62, -23.75, 302.97, 2.34, -0.02, 3.08, circuit_pos, 621.41, -16.2, 299.67, 2.34, -0.02, 3.09, tool_force, -1.55, 1.61, -14.77, actual_rep, 1, curr_step, 10, track_size, 72, robot_vel, 47.56, joints_pos, 6.84, 44.16, -15.44, -77.18, 16.21, 59.41, 33.3, tool_torque, -1.608, 0.207, -0.267, joint_torque, -0.21, -10.31, -0.31, 6.57, 1.13, -0.99, -0.24, robot_mode, normal, 
09/11/2022 14:08:03:064, robot_pos, 1668002664470, 621.74, -18.02, 302.77, 2.34, -0.02, 3.08, circuit_pos, 621.4, -3.17, 299.31, 2.33, -0.02, 3.09, tool_force, -1.97, 1.64, -14.84, actual_rep, 1, curr_step, 11, track_size, 72, robot_vel, 37.98, joints_pos, 7.38, 44.16, -15.45, -77.21, 16.24, 59.37, 33.95, tool_torque, -1.59, 0.37, -0.296, joint_torque, -0.35, -10.25, -0.31, 6.57, 1.12, -0.91, -0.26, robot_mode, normal, 
09/11/2022 14:08:03:214, robot_pos, 1668002664620, 621.82, -12.21, 302.63, 2.34, -0.02, 3.08, circuit_pos, 621.4, -3.17, 299.31, 2.33, -0.02, 3.09, tool_force, -1.94, 1.91, -14.93, actual_rep, 1, curr_step, 11, track_size, 72, robot_vel, 45.18, joints_pos, 7.92, 44.16, -15.46, -77.23, 16.24, 59.33, 34.69, tool_torque, -1.518, 0.39, -0.265, joint_torque, -0.28, -10.34, -0.35, 6.66, 1.12, -0.89, -0.22, robot_mode, normal, 
09/11/2022 14:08:03:365, robot_pos, 1668002664771, 621.87, -6.43, 302.46, 2.33, -0.02, 3.08, circuit_pos, 621.31, 7.17, 299.27, 2.33, -0.02, 3.09, tool_force, -2.54, 1.56, -15.04, actual_rep, 1, curr_step, 12, track_size, 72, robot_vel, 38.94, joints_pos, 8.48, 44.16, -15.48, -77.26, 16.24, 59.26, 35.45, tool_torque, -1.563, 0.488, -0.257, joint_torque, -0.71, -10.34, -0.52, 6.67, 1.1, -0.89, -0.21, robot_mode, rotation_overlay, 
09/11/2022 14:08:03:541, robot_pos, 1668002664918, 621.85, -3.35, 302.32, 2.33, -0.02, 3.09, circuit_pos, 621.31, 7.17, 299.27, 2.33, -0.02, 3.09, tool_force, -1.63, 2.13, -15.06, actual_rep, 1, curr_step, 12, track_size, 72, robot_vel, 36.44, joints_pos, 8.89, 44.18, -15.7, -77.29, 16.26, 59.21, 35.85, tool_torque, -1.705, 0.499, -0.182, joint_torque, -1.38, -10.77, -0.89, 6.77, 1.08, -0.97, -0.09, robot_mode, rotation_overlay, 
09/11/2022 14:08:03:668, robot_pos, 1668002665055, 622.26, -2.31, 304.73, 2.33, -0.02, 3.08, circuit_pos, 621.31, 7.17, 299.27, 2.33, -0.02, 3.09, tool_force, -0.41, 1.18, -14.14, actual_rep, 1, curr_step, 12, track_size, 72, robot_vel, 29.64, joints_pos, 8.9, 44.0, -15.58, -77.2, 16.32, 59.34, 35.65, tool_torque, -1.526, -0.051, -0.0040, joint_torque, -0.14, -10.83, -0.52, 6.36, 1.08, -1.01, 0.06, robot_mode, rotation_overlay, 
09/11/2022 14:08:03:846, robot_pos, 1668002665205, 622.1, -0.28, 304.33, 2.37, -0.02, 3.08, circuit_pos, 621.31, 7.17, 299.27, 2.33, -0.02, 3.09, tool_force, -0.66, 2.25, -15.72, actual_rep, 1, curr_step, 12, track_size, 72, robot_vel, 12.63, joints_pos, 8.94, 43.97, -15.31, -77.26, 16.02, 59.19, 33.88, tool_torque, -1.244, 0.015, 0.273, joint_torque, -0.1, -10.66, -0.56, 6.66, 1.19, -0.91, 0.28, robot_mode, rotation_overlay, 
09/11/2022 14:08:03:965, robot_pos, 1668002665356, 621.95, 1.81, 303.84, 2.44, -0.01, 3.08, circuit_pos, 621.31, 7.17, 299.27, 2.33, -0.02, 3.09, tool_force, -1.55, 2.18, -14.84, actual_rep, 1, curr_step, 12, track_size, 72, robot_vel, 13.78, joints_pos, 8.94, 43.98, -15.01, -77.26, 15.8, 59.21, 30.22, tool_torque, -1.281, 0.042, 0.273, joint_torque, -0.38, -10.13, -0.58, 6.51, 1.22, -0.93, 0.27, robot_mode, rotation_overlay, 
09/11/2022 14:08:04:113, robot_pos, 1668002665505, 621.87, 3.74, 303.21, 2.51, -0.01, 3.08, circuit_pos, 621.22, 18.66, 299.53, 2.33, -0.02, 3.09, tool_force, -2.08, 1.36, -14.88, actual_rep, 1, curr_step, 13, track_size, 72, robot_vel, 17.54, joints_pos, 8.98, 44.02, -14.81, -77.25, 15.7, 59.24, 26.67, tool_torque, -1.449, 0.025, 0.23, joint_torque, -0.64, -10.18, -0.65, 6.47, 1.27, -0.94, 0.25, robot_mode, rotation_overlay, 
09/11/2022 14:08:04:266, robot_pos, 1668002665658, 621.86, 5.95, 302.66, 2.54, -0.01, 3.08, circuit_pos, 621.22, 18.66, 299.53, 2.33, -0.02, 3.09, tool_force, -1.91, 1.43, -15.11, actual_rep, 1, curr_step, 13, track_size, 72, robot_vel, 15.54, joints_pos, 9.16, 44.07, -14.76, -77.26, 15.66, 59.2, 24.92, tool_torque, -1.479, 0.107, 0.211, joint_torque, -0.74, -10.37, -0.63, 6.47, 1.29, -0.81, 0.25, robot_mode, rotation_overlay, 
09/11/2022 14:08:04:449, robot_pos, 1668002665793, 621.78, 7.1, 302.26, 2.55, -0.01, 3.08, circuit_pos, 621.22, 18.66, 299.53, 2.33, -0.02, 3.09, tool_force, -2.29, 2.2, -14.98, actual_rep, 1, curr_step, 13, track_size, 72, robot_vel, 15.07, joints_pos, 9.38, 44.09, -14.92, -77.3, 15.67, 59.1, 24.72, tool_torque, -1.609, 0.072, 0.132, joint_torque, -0.14, -12.19, -0.23, 7.11, 1.36, -0.82, 0.23, robot_mode, rotation_overlay, 
09/11/2022 14:08:04:567, robot_pos, 1668002665940, 622.07, 7.83, 304.82, 2.54, -0.01, 3.08, circuit_pos, 621.22, 18.66, 299.53, 2.33, -0.02, 3.09, tool_force, 0.62, 0.33, -16.11, actual_rep, 1, curr_step, 13, track_size, 72, robot_vel, 13.65, joints_pos, 9.39, 43.93, -14.92, -77.17, 15.93, 59.41, 25.31, tool_torque, -1.778, -0.079, -0.215, joint_torque, -0.22, -10.45, -0.27, 6.2, 1.21, -0.86, -0.18, robot_mode, rotation_overlay, 
09/11/2022 14:08:04:716, robot_pos, 1668002666090, 622.07, 9.42, 304.52, 2.49, -0.01, 3.08, circuit_pos, 621.22, 18.66, 299.53, 2.33, -0.02, 3.09, tool_force, -2.2, 1.59, -14.58, actual_rep, 1, curr_step, 13, track_size, 72, robot_vel, 14.89, joints_pos, 9.52, 43.96, -14.88, -77.16, 15.87, 59.4, 28.09, tool_torque, -1.627, 0.256, -0.246, joint_torque, -0.44, -10.01, -0.37, 6.52, 1.24, -0.9, -0.24, robot_mode, rotation_overlay, 
09/11/2022 14:08:04:871, robot_pos, 1668002666241, 622.01, 11.08, 304.18, 2.42, -0.02, 3.08, circuit_pos, 621.22, 18.66, 299.53, 2.33, -0.02, 3.09, tool_force, -2.33, 1.35, -14.78, actual_rep, 1, curr_step, 13, track_size, 72, robot_vel, 11.05, joints_pos, 9.73, 43.99, -14.96, -77.19, 15.86, 59.35, 32.72, tool_torque, -1.664, 0.408, -0.274, joint_torque, -0.61, -10.44, -0.4, 6.6, 1.19, -0.89, -0.23, robot_mode, rotation_overlay, 
09/11/2022 14:08:05:022, robot_pos, 1668002666391, 622.0, 12.82, 303.85, 2.31, -0.02, 3.08, circuit_pos, 621.22, 18.66, 299.53, 2.33, -0.02, 3.09, tool_force, -1.88, 1.42, -15.3, actual_rep, 1, curr_step, 13, track_size, 72, robot_vel, 12.8, joints_pos, 10.02, 44.0, -15.11, -77.25, 15.87, 59.17, 39.27, tool_torque, -1.592, 0.491, -0.245, joint_torque, -0.46, -10.58, -0.33, 6.69, 1.11, -0.94, -0.18, robot_mode, rotation_overlay, 
09/11/2022 14:08:05:172, robot_pos, 1668002666543, 621.92, 14.58, 303.49, 2.21, -0.03, 3.09, circuit_pos, 621.3, 29.46, 300.25, 2.32, -0.02, 3.09, tool_force, -1.68, 2.04, -15.26, actual_rep, 1, curr_step, 14, track_size, 72, robot_vel, 11.96, joints_pos, 10.26, 44.0, -15.21, -77.33, 15.87, 58.99, 44.9, tool_torque, -1.479, 0.536, -0.248, joint_torque, -0.4, -10.54, -0.38, 6.81, 1.02, -1.03, -0.18, robot_mode, rotation_overlay, 
09/11/2022 14:08:05:323, robot_pos, 1668002666691, 621.81, 16.24, 303.14, 2.15, -0.03, 3.09, circuit_pos, 621.3, 29.46, 300.25, 2.32, -0.02, 3.09, tool_force, -1.89, 2.32, -14.95, actual_rep, 1, curr_step, 14, track_size, 72, robot_vel, 12.39, joints_pos, 10.42, 44.01, -15.18, -77.36, 15.81, 58.93, 48.63, tool_torque, -1.419, 0.546, -0.249, joint_torque, -0.49, -10.43, -0.55, 6.83, 0.98, -1.09, -0.21, robot_mode, rotation_overlay, 
09/11/2022 14:08:05:470, robot_pos, 1668002666844, 621.71, 17.91, 302.69, 2.12, -0.03, 3.09, circuit_pos, 621.3, 29.46, 300.25, 2.32, -0.02, 3.09, tool_force, -1.28, 2.14, -15.07, actual_rep, 1, curr_step, 14, track_size, 72, robot_vel, 11.75, joints_pos, 10.49, 44.04, -15.06, -77.36, 15.75, 58.93, 50.45, tool_torque, -1.432, 0.353, -0.185, joint_torque, -0.33, -10.56, -0.69, 6.85, 0.96, -1.19, -0.18, robot_mode, rotation_overlay, 
09/11/2022 14:08:05:626, robot_pos, 1668002666975, 621.87, 18.48, 303.0, 2.11, -0.03, 3.09, circuit_pos, 621.3, 29.46, 300.25, 2.32, -0.02, 3.09, tool_force, -1.51, 2.21, -15.56, actual_rep, 1, curr_step, 14, track_size, 72, robot_vel, 5.18, joints_pos, 10.49, 44.02, -14.99, -77.31, 15.68, 58.93, 50.69, tool_torque, -1.55, 0.26, -0.064, joint_torque, -0.66, -10.21, -0.91, 6.77, 1.02, -1.35, -0.07, robot_mode, rotation_overlay, 
09/11/2022 14:08:05:773, robot_pos, 1668002667124, 622.06, 19.66, 305.06, 2.13, -0.03, 3.09, circuit_pos, 621.3, 29.46, 300.25, 2.32, -0.02, 3.09, tool_force, -0.72, 2.99, -14.33, actual_rep, 1, curr_step, 14, track_size, 72, robot_vel, 29.81, joints_pos, 10.5, 43.83, -14.84, -77.31, 15.56, 58.91, 49.87, tool_torque, -1.131, 0.068, 0.32, joint_torque, -0.25, -10.36, -0.77, 6.94, 0.96, -1.19, 0.35, robot_mode, rotation_overlay, 
09/11/2022 14:08:05:921, robot_pos, 1668002667275, 621.98, 21.33, 304.97, 2.18, -0.02, 3.09, circuit_pos, 621.3, 29.46, 300.25, 2.32, -0.02, 3.09, tool_force, -1.04, 3.0, -14.94, actual_rep, 1, curr_step, 14, track_size, 72, robot_vel, 11.86, joints_pos, 10.52, 43.81, -14.59, -77.3, 15.26, 58.89, 47.3, tool_torque, -1.132, 0.082, 0.351, joint_torque, -0.34, -10.12, -0.73, 6.67, 1.01, -1.15, 0.36, robot_mode, rotation_overlay, 
09/11/2022 14:08:06:074, robot_pos, 1668002667426, 621.86, 22.92, 304.63, 2.26, -0.02, 3.08, circuit_pos, 621.3, 29.46, 300.25, 2.32, -0.02, 3.09, tool_force, -0.63, 2.31, -14.89, actual_rep, 1, curr_step, 14, track_size, 72, robot_vel, 11.31, joints_pos, 10.51, 43.82, -14.33, -77.28, 15.08, 58.94, 42.62, tool_torque, -1.336, -0.034, 0.321, joint_torque, -0.31, -10.43, -0.68, 6.62, 1.09, -1.17, 0.33, robot_mode, rotation_overlay, 
09/11/2022 14:08:06:224, robot_pos, 1668002667576, 621.72, 24.48, 304.21, 2.37, -0.02, 3.08, circuit_pos, 621.3, 29.46, 300.25, 2.32, -0.02, 3.09, tool_force, -0.84, 1.89, -14.8, actual_rep, 1, curr_step, 14, track_size, 72, robot_vel, 11.5, joints_pos, 10.46, 43.86, -14.08, -77.24, 14.96, 59.06, 36.56, tool_torque, -1.426, -0.183, 0.329, joint_torque, -0.45, -10.37, -0.76, 6.64, 1.16, -1.24, 0.34, robot_mode, rotation_overlay, 
09/11/2022 14:08:06:375, robot_pos, 1668002667727, 621.71, 25.96, 303.88, 2.46, -0.02, 3.08, circuit_pos, 621.5, 39.55, 301.39, 2.31, -0.02, 3.09, tool_force, -1.31, 1.73, -14.57, actual_rep, 1, curr_step, 15, track_size, 72, robot_vel, 10.66, joints_pos, 10.5, 43.91, -13.94, -77.18, 14.91, 59.16, 31.7, tool_torque, -1.469, -0.145, 0.282, joint_torque, -0.51, -10.29, -0.65, 6.5, 1.23, -1.13, 0.29, robot_mode, rotation_overlay, 
09/11/2022 14:08:06:527, robot_pos, 1668002667879, 621.68, 27.61, 303.62, 2.52, -0.01, 3.08, circuit_pos, 621.5, 39.55, 301.39, 2.31, -0.02, 3.09, tool_force, -1.22, 1.48, -14.92, actual_rep, 1, curr_step, 15, track_size, 72, robot_vel, 10.91, joints_pos, 10.66, 43.94, -13.95, -77.17, 14.91, 59.15, 28.78, tool_torque, -1.523, -0.027, 0.215, joint_torque, -0.59, -10.37, -0.51, 6.48, 1.24, -1.0, 0.26, robot_mode, rotation_overlay, 
09/11/2022 14:08:06:681, robot_pos, 1668002668031, 621.75, 29.23, 303.35, 2.54, -0.01, 3.08, circuit_pos, 621.5, 39.55, 301.39, 2.31, -0.02, 3.09, tool_force, -2.27, 1.66, -15.07, actual_rep, 1, curr_step, 15, track_size, 72, robot_vel, 12.23, joints_pos, 10.88, 43.96, -14.06, -77.19, 14.98, 59.04, 27.81, tool_torque, -1.444, 0.289, 0.145, joint_torque, -0.74, -10.19, -0.38, 6.49, 1.21, -0.8, 0.23, robot_mode, rotation_overlay, 
09/11/2022 14:08:06:831, robot_pos, 1668002668165, 622.26, 29.67, 304.85, 2.54, -0.01, 3.08, circuit_pos, 621.5, 39.55, 301.39, 2.31, -0.02, 3.09, tool_force, -2.56, 1.4, -14.62, actual_rep, 1, curr_step, 15, track_size, 72, robot_vel, 11.04, joints_pos, 10.98, 43.88, -14.23, -77.09, 15.27, 59.12, 27.75, tool_torque, -1.505, 0.154, 0.015, joint_torque, -0.26, -10.72, -0.14, 6.75, 1.18, -0.87, 0.08, robot_mode, rotation_overlay, 
09/11/2022 14:08:06:980, robot_pos, 1668002668314, 621.99, 30.64, 305.61, 2.51, -0.01, 3.08, circuit_pos, 621.5, 39.55, 301.39, 2.31, -0.02, 3.09, tool_force, -2.8, 1.81, -13.83, actual_rep, 1, curr_step, 15, track_size, 72, robot_vel, 10.62, joints_pos, 11.01, 43.83, -14.16, -77.08, 15.3, 59.28, 29.41, tool_torque, -1.603, 0.259, -0.212, joint_torque, -0.62, -10.29, -0.49, 6.54, 1.21, -0.93, -0.21, robot_mode, rotation_overlay, 
09/11/2022 14:08:07:129, robot_pos, 1668002668462, 621.98, 31.91, 305.66, 2.45, -0.02, 3.08, circuit_pos, 621.5, 39.55, 301.39, 2.31, -0.02, 3.09, tool_force, -1.09, 1.08, -15.09, actual_rep, 1, curr_step, 15, track_size, 72, robot_vel, 9.39, joints_pos, 11.17, 43.84, -14.2, -77.05, 15.24, 59.31, 33.06, tool_torque, -1.753, 0.113, -0.227, joint_torque, -0.26, -10.5, -0.29, 6.55, 1.22, -1.06, -0.22, robot_mode, rotation_overlay, 
09/11/2022 14:08:07:278, robot_pos, 1668002668612, 622.05, 33.42, 305.46, 2.36, -0.02, 3.08, circuit_pos, 621.5, 39.55, 301.39, 2.31, -0.02, 3.09, tool_force, -2.12, 1.84, -14.78, actual_rep, 1, curr_step, 15, track_size, 72, robot_vel, 9.53, joints_pos, 11.41, 43.87, -14.34, -77.06, 15.24, 59.22, 38.57, tool_torque, -1.578, 0.498, -0.236, joint_torque, -0.55, -10.15, -0.28, 6.64, 1.13, -0.98, -0.17, robot_mode, rotation_overlay, 
09/11/2022 14:08:07:434, robot_pos, 1668002668762, 622.06, 35.03, 305.17, 2.24, -0.02, 3.09, circuit_pos, 621.5, 39.55, 301.39, 2.31, -0.02, 3.09, tool_force, -1.65, 2.1, -14.99, actual_rep, 1, curr_step, 15, track_size, 72, robot_vel, 11.31, joints_pos, 11.7, 43.88, -14.5, -77.11, 15.23, 59.03, 45.28, tool_torque, -1.546, 0.552, -0.244, joint_torque, -0.44, -10.57, -0.31, 6.79, 1.06, -1.05, -0.18, robot_mode, rotation_overlay, 
09/11/2022 14:08:07:584, robot_pos, 1668002668913, 622.01, 36.49, 304.98, 2.16, -0.03, 3.09, circuit_pos, 621.68, 48.29, 302.56, 2.3, -0.02, 3.09, tool_force, -1.27, 2.35, -14.99, actual_rep, 1, curr_step, 16, track_size, 72, robot_vel, 10.21, joints_pos, 11.87, 43.89, -14.53, -77.14, 15.16, 58.94, 50.16, tool_torque, -1.456, 0.532, -0.226, joint_torque, -0.36, -10.53, -0.39, 6.84, 0.99, -1.13, -0.17, robot_mode, rotation_overlay, 
09/11/2022 14:08:07:735, robot_pos, 1668002669062, 621.95, 38.01, 304.68, 2.11, -0.03, 3.09, circuit_pos, 621.68, 48.29, 302.56, 2.3, -0.02, 3.09, tool_force, -1.23, 2.27, -15.05, actual_rep, 1, curr_step, 16, track_size, 72, robot_vel, 11.25, joints_pos, 11.96, 43.91, -14.44, -77.13, 15.09, 58.92, 53.14, tool_torque, -1.437, 0.47, -0.195, joint_torque, -0.52, -10.56, -0.68, 6.86, 0.94, -1.21, -0.17, robot_mode, rotation_overlay, 
09/11/2022 14:08:07:890, robot_pos, 1668002669213, 621.87, 39.42, 304.38, 2.09, -0.03, 3.09, circuit_pos, 621.68, 48.29, 302.56, 2.3, -0.02, 3.09, tool_force, -1.6, 1.36, -14.97, actual_rep, 1, curr_step, 16, track_size, 72, robot_vel, 9.96, joints_pos, 11.97, 43.94, -14.28, -77.1, 15.02, 58.96, 54.17, tool_torque, -1.626, 0.315, -0.161, joint_torque, -0.86, -10.79, -1.05, 6.85, 0.89, -1.39, -0.15, robot_mode, rotation_overlay, 
09/11/2022 14:08:08:039, robot_pos, 1668002669346, 622.74, 39.6, 306.34, 2.09, -0.03, 3.09, circuit_pos, 621.68, 48.29, 302.56, 2.3, -0.02, 3.09, tool_force, 0.02, 2.25, -15.71, actual_rep, 1, curr_step, 16, track_size, 72, robot_vel, 8.09, joints_pos, 11.95, 43.83, -14.24, -76.94, 14.97, 59.0, 54.18, tool_torque, -1.436, 0.107, -0.05, joint_torque, 0.02, -10.94, -0.58, 6.95, 0.89, -1.3, -0.03, robot_mode, rotation_overlay, 
09/11/2022 14:08:08:193, robot_pos, 1668002669497, 622.26, 40.95, 306.75, 2.12, -0.03, 3.09, circuit_pos, 621.68, 48.29, 302.56, 2.3, -0.02, 3.09, tool_force, -1.42, 3.72, -14.02, actual_rep, 1, curr_step, 16, track_size, 72, robot_vel, 12.34, joints_pos, 11.97, 43.72, -14.02, -77.04, 14.67, 58.91, 52.79, tool_torque, -1.073, 0.084, 0.385, joint_torque, -0.03, -10.24, -0.55, 6.89, 0.97, -1.25, 0.41, robot_mode, rotation_overlay, 
09/11/2022 14:08:08:341, robot_pos, 1668002669646, 622.17, 42.27, 306.77, 2.18, -0.02, 3.09, circuit_pos, 621.68, 48.29, 302.56, 2.3, -0.02, 3.09, tool_force, -0.1, 2.54, -15.42, actual_rep, 1, curr_step, 16, track_size, 72, robot_vel, 11.31, joints_pos, 11.94, 43.7, -13.78, -77.02, 14.47, 58.93, 49.35, tool_torque, -1.232, -0.114, 0.402, joint_torque, -0.03, -10.78, -0.62, 6.94, 0.99, -1.26, 0.41, robot_mode, rotation_overlay, 
09/11/2022 14:08:08:497, robot_pos, 1668002669798, 622.1, 43.6, 306.51, 2.28, -0.02, 3.08, circuit_pos, 621.68, 48.29, 302.56, 2.3, -0.02, 3.09, tool_force, -0.59, 2.42, -14.45, actual_rep, 1, curr_step, 16, track_size, 72, robot_vel, 8.41, joints_pos, 11.88, 43.73, -13.51, -76.98, 14.3, 59.0, 43.9, tool_torque, -1.334, -0.169, 0.379, joint_torque, -0.31, -10.25, -0.68, 6.63, 1.05, -1.3, 0.38, robot_mode, rotation_overlay, 
09/11/2022 14:08:08:641, robot_pos, 1668002669946, 622.03, 44.74, 306.26, 2.39, -0.02, 3.08, circuit_pos, 621.78, 57.42, 303.83, 2.3, -0.01, 3.09, tool_force, -0.53, 1.79, -14.85, actual_rep, 1, curr_step, 17, track_size, 72, robot_vel, 8.76, joints_pos, 11.84, 43.78, -13.32, -76.89, 14.23, 59.2, 38.02, tool_torque, -1.421, -0.263, 0.364, joint_torque, -0.35, -10.56, -0.69, 6.67, 1.14, -1.28, 0.36, robot_mode, rotation_overlay, 
09/11/2022 14:08:08:797, robot_pos, 1668002670096, 622.04, 45.95, 305.95, 2.46, -0.01, 3.08, circuit_pos, 621.78, 57.42, 303.83, 2.3, -0.01, 3.09, tool_force, -0.89, 1.74, -14.74, actual_rep, 1, curr_step, 17, track_size, 72, robot_vel, 7.77, joints_pos, 11.9, 43.82, -13.25, -76.85, 14.22, 59.23, 33.79, tool_torque, -1.478, -0.164, 0.287, joint_torque, -0.43, -10.45, -0.54, 6.59, 1.19, -1.18, 0.31, robot_mode, rotation_overlay, 
09/11/2022 14:08:08:946, robot_pos, 1668002670245, 622.02, 47.22, 305.78, 2.51, -0.01, 3.08, circuit_pos, 621.78, 57.42, 303.83, 2.3, -0.01, 3.09, tool_force, -1.69, 1.62, -14.64, actual_rep, 1, curr_step, 17, track_size, 72, robot_vel, 11.19, joints_pos, 12.04, 43.85, -13.29, -76.84, 14.23, 59.21, 31.6, tool_torque, -1.515, 0.054, 0.224, joint_torque, -0.7, -10.27, -0.46, 6.52, 1.2, -1.04, 0.29, robot_mode, rotation_overlay, 
09/11/2022 14:08:09:133, robot_pos, 1668002670392, 622.09, 48.25, 305.54, 2.52, -0.01, 3.08, circuit_pos, 621.78, 57.42, 303.83, 2.3, -0.01, 3.09, tool_force, -1.63, 2.26, -14.93, actual_rep, 1, curr_step, 17, track_size, 72, robot_vel, 8.46, joints_pos, 12.25, 43.87, -13.45, -76.86, 14.31, 59.12, 31.12, tool_torque, -1.394, 0.242, 0.139, joint_torque, -0.5, -12.41, -0.11, 7.49, 1.28, -0.97, 0.25, robot_mode, rotation_overlay, 
09/11/2022 14:08:09:247, robot_pos, 1668002670526, 622.51, 48.69, 308.07, 2.51, -0.01, 3.08, circuit_pos, 621.78, 57.42, 303.83, 2.3, -0.01, 3.09, tool_force, -0.77, 0.55, -15.05, actual_rep, 1, curr_step, 17, track_size, 72, robot_vel, 8.67, joints_pos, 12.25, 43.73, -13.49, -76.7, 14.57, 59.38, 31.48, tool_torque, -1.777, -0.143, -0.095, joint_torque, -0.44, -11.21, -0.35, 6.47, 1.13, -1.05, -0.08, robot_mode, rotation_overlay, 
09/11/2022 14:08:09:546, robot_pos, 1668002670825, 622.46, 51.16, 307.98, 2.4, -0.02, 3.08, circuit_pos, 621.78, 57.42, 303.83, 2.3, -0.01, 3.09, tool_force, -2.96, 1.97, -14.36, actual_rep, 1, curr_step, 17, track_size, 72, robot_vel, 7.91, joints_pos, 12.53, 43.74, -13.52, -76.72, 14.42, 59.25, 38.16, tool_torque, -1.548, 0.575, -0.213, joint_torque, -0.83, -9.97, -0.41, 6.67, 1.14, -0.98, -0.16, robot_mode, rotation_overlay, 
09/11/2022 14:08:09:700, robot_pos, 1668002670973, 622.44, 52.5, 307.69, 2.3, -0.02, 3.08, circuit_pos, 621.78, 57.42, 303.83, 2.3, -0.01, 3.09, tool_force, -2.14, 2.33, -15.0, actual_rep, 1, curr_step, 17, track_size, 72, robot_vel, 9.49, joints_pos, 12.81, 43.74, -13.69, -76.78, 14.35, 59.03, 44.55, tool_torque, -1.544, 0.589, -0.213, joint_torque, -0.63, -10.53, -0.34, 6.91, 1.08, -1.08, -0.15, robot_mode, rotation_overlay, 
09/11/2022 14:08:09:847, robot_pos, 1668002671122, 622.39, 53.95, 307.49, 2.19, -0.02, 3.08, circuit_pos, 621.7, 64.77, 304.79, 2.29, -0.01, 3.09, tool_force, -1.64, 2.46, -15.14, actual_rep, 1, curr_step, 18, track_size, 72, robot_vel, 9.5, joints_pos, 13.09, 43.75, -13.84, -76.84, 14.24, 58.84, 50.39, tool_torque, -1.443, 0.565, -0.229, joint_torque, -0.39, -10.56, -0.34, 6.95, 0.99, -1.15, -0.18, robot_mode, rotation_overlay, 
09/11/2022 14:08:09:998, robot_pos, 1668002671272, 622.35, 55.25, 307.29, 2.13, -0.02, 3.09, circuit_pos, 621.7, 64.77, 304.79, 2.29, -0.01, 3.09, tool_force, -1.4, 2.64, -15.13, actual_rep, 1, curr_step, 18, track_size, 72, robot_vel, 9.72, joints_pos, 13.23, 43.75, -13.84, -76.87, 14.1, 58.73, 54.56, tool_torque, -1.354, 0.511, -0.208, joint_torque, -0.25, -10.56, -0.45, 6.99, 0.92, -1.2, -0.17, robot_mode, rotation_overlay, 
09/11/2022 14:08:10:190, robot_pos, 1668002671421, 622.26, 56.61, 307.0, 2.09, -0.02, 3.09, circuit_pos, 621.7, 64.77, 304.79, 2.29, -0.01, 3.09, tool_force, -1.32, 2.49, -15.01, actual_rep, 1, curr_step, 18, track_size, 72, robot_vel, 8.81, joints_pos, 13.3, 43.77, -13.73, -76.86, 13.96, 58.71, 56.73, tool_torque, -1.361, 0.404, -0.159, joint_torque, -0.41, -10.65, -0.73, 6.99, 0.87, -1.28, -0.16, robot_mode, rotation_overlay, 
09/11/2022 14:08:10:326, robot_pos, 1668002671555, 622.2, 57.36, 306.8, 2.08, -0.02, 3.09, circuit_pos, 621.7, 64.77, 304.79, 2.29, -0.01, 3.09, tool_force, -0.08, 1.18, -19.72, actual_rep, 1, curr_step, 18, track_size, 72, robot_vel, 8.04, joints_pos, 13.3, 43.76, -13.63, -76.82, 13.84, 58.71, 57.2, tool_torque, -1.682, 0.252, -0.059, joint_torque, -0.37, -10.18, -0.81, 6.8, 0.91, -1.43, -0.07, robot_mode, rotation_overlay, 
09/11/2022 14:08:10:480, robot_pos, 1668002671700, 622.69, 57.94, 309.53, 2.09, -0.02, 3.09, circuit_pos, 621.7, 64.77, 304.79, 2.29, -0.01, 3.09, tool_force, 1.64, 1.47, -15.87, actual_rep, 1, curr_step, 18, track_size, 72, robot_vel, 19.11, joints_pos, 13.28, 43.59, -13.53, -76.73, 13.77, 58.8, 56.66, tool_torque, -1.301, -0.245, 0.382, joint_torque, 0.43, -10.61, -0.43, 6.68, 0.87, -1.31, 0.41, robot_mode, rotation_overlay, 
09/11/2022 14:08:10:629, robot_pos, 1668002671848, 622.51, 59.17, 309.41, 2.14, -0.02, 3.08, circuit_pos, 621.7, 64.77, 304.79, 2.29, -0.01, 3.09, tool_force, -0.71, 3.23, -14.7, actual_rep, 1, curr_step, 18, track_size, 72, robot_vel, 10.08, joints_pos, 13.28, 43.56, -13.31, -76.76, 13.46, 58.72, 54.34, tool_torque, -1.099, -0.056, 0.452, joint_torque, -0.17, -10.41, -0.73, 6.98, 0.9, -1.29, 0.46, robot_mode, rotation_overlay, 
09/11/2022 14:08:10:749, robot_pos, 1668002671997, 622.34, 60.22, 309.06, 2.22, -0.01, 3.08, circuit_pos, 621.7, 64.77, 304.79, 2.29, -0.01, 3.09, tool_force, -0.67, 2.67, -14.94, actual_rep, 1, curr_step, 18, track_size, 72, robot_vel, 7.87, joints_pos, 13.23, 43.57, -13.08, -76.75, 13.3, 58.75, 49.96, tool_torque, -1.222, -0.156, 0.433, joint_torque, -0.05, -10.66, -0.65, 6.92, 0.98, -1.32, 0.43, robot_mode, rotation_overlay, 
09/11/2022 14:08:10:901, robot_pos, 1668002672147, 622.23, 61.3, 308.73, 2.33, -0.01, 3.08, circuit_pos, 621.58, 73.04, 305.87, 2.28, -0.01, 3.09, tool_force, -0.5, 1.92, -14.92, actual_rep, 1, curr_step, 19, track_size, 72, robot_vel, 8.75, joints_pos, 13.16, 43.61, -12.85, -76.7, 13.22, 58.85, 43.84, tool_torque, -1.391, -0.305, 0.426, joint_torque, -0.28, -10.67, -0.76, 6.8, 1.05, -1.39, 0.41, robot_mode, rotation_overlay, 
09/11/2022 14:08:11:091, robot_pos, 1668002672299, 622.19, 62.3, 308.49, 2.42, -0.01, 3.08, circuit_pos, 621.58, 73.04, 305.87, 2.28, -0.01, 3.09, tool_force, -0.87, 2.19, -14.58, actual_rep, 1, curr_step, 19, track_size, 72, robot_vel, 6.55, joints_pos, 13.16, 43.65, -12.72, -76.64, 13.22, 58.96, 38.61, tool_torque, -1.34, -0.241, 0.392, joint_torque, -0.27, -10.36, -0.65, 6.66, 1.12, -1.27, 0.38, robot_mode, rotation_overlay, 
09/11/2022 14:08:11:207, robot_pos, 1668002672446, 622.11, 63.36, 308.15, 2.48, 0.0, 3.08, circuit_pos, 621.58, 73.04, 305.87, 2.28, -0.01, 3.09, tool_force, -0.98, 1.85, -14.96, actual_rep, 1, curr_step, 19, track_size, 72, robot_vel, 8.78, joints_pos, 13.25, 43.68, -12.73, -76.63, 13.21, 58.96, 35.37, tool_torque, -1.429, -0.136, 0.325, joint_torque, -0.37, -10.56, -0.49, 6.66, 1.17, -1.17, 0.35, robot_mode, rotation_overlay, 
09/11/2022 14:08:11:385, robot_pos, 1668002672598, 622.12, 64.49, 307.91, 2.51, 0.0, 3.08, circuit_pos, 621.58, 73.04, 305.87, 2.28, -0.01, 3.09, tool_force, -1.81, 2.08, -14.95, actual_rep, 1, curr_step, 19, track_size, 72, robot_vel, 6.54, joints_pos, 13.42, 43.71, -12.81, -76.64, 13.22, 58.89, 33.99, tool_torque, -1.414, 0.187, 0.267, joint_torque, -0.58, -10.41, -0.3, 6.68, 1.17, -0.99, 0.35, robot_mode, rotation_overlay, 
09/11/2022 14:08:11:509, robot_pos, 1668002672726, 622.48, 64.96, 308.72, 2.51, 0.0, 3.08, circuit_pos, 621.58, 73.04, 305.87, 2.28, -0.01, 3.09, tool_force, -3.18, 2.62, -14.09, actual_rep, 1, curr_step, 19, track_size, 72, robot_vel, 5.32, joints_pos, 13.51, 43.67, -12.9, -76.58, 13.38, 58.85, 33.91, tool_torque, -1.459, 0.597, 0.103, joint_torque, -0.99, -8.23, -0.12, 6.08, 1.18, -0.99, 0.19, robot_mode, rotation_overlay, 
09/11/2022 14:08:11:835, robot_pos, 1668002673026, 622.34, 66.72, 310.15, 2.43, -0.01, 3.08, circuit_pos, 621.58, 73.04, 305.87, 2.28, -0.01, 3.09, tool_force, -1.89, 0.79, -14.95, actual_rep, 1, curr_step, 19, track_size, 72, robot_vel, 9.99, joints_pos, 13.61, 43.6, -12.87, -76.49, 13.49, 59.13, 38.4, tool_torque, -1.818, 0.166, -0.196, joint_torque, -0.61, -10.91, -0.39, 6.79, 1.13, -1.21, -0.16, robot_mode, rotation_overlay, 
09/11/2022 14:08:12:045, robot_pos, 1668002673179, 622.29, 68.0, 309.98, 2.34, -0.01, 3.08, circuit_pos, 621.58, 73.04, 305.87, 2.28, -0.01, 3.09, tool_force, -1.98, 1.27, -15.1, actual_rep, 1, curr_step, 19, track_size, 72, robot_vel, 10.25, joints_pos, 13.83, 43.63, -13.01, -76.49, 13.46, 59.08, 43.86, tool_torque, -1.672, 0.45, -0.199, joint_torque, -0.74, -10.63, -0.4, 6.83, 1.05, -1.17, -0.13, robot_mode, rotation_overlay, 
09/11/2022 14:08:12:116, robot_pos, 1668002673324, 622.25, 69.22, 309.75, 2.23, -0.01, 3.08, circuit_pos, 621.28, 81.29, 306.83, 2.28, -0.01, 3.09, tool_force, -2.33, 2.52, -14.46, actual_rep, 1, curr_step, 20, track_size, 72, robot_vel, 9.12, joints_pos, 14.09, 43.65, -13.19, -76.52, 13.43, 58.95, 50.3, tool_torque, -1.458, 0.623, -0.221, joint_torque, -0.64, -10.22, -0.37, 6.83, 0.97, -1.17, -0.16, robot_mode, rotation_overlay, 
09/11/2022 14:08:12:259, robot_pos, 1668002673475, 622.19, 70.43, 309.49, 2.14, -0.02, 3.09, circuit_pos, 621.28, 81.29, 306.83, 2.28, -0.01, 3.09, tool_force, -1.09, 2.07, -15.38, actual_rep, 1, curr_step, 20, track_size, 72, robot_vel, 9.8, joints_pos, 14.28, 43.67, -13.28, -76.54, 13.37, 58.86, 55.45, tool_torque, -1.491, 0.518, -0.22, joint_torque, -0.35, -10.81, -0.36, 6.98, 0.9, -1.25, -0.17, robot_mode, rotation_overlay, 
09/11/2022 14:08:12:449, robot_pos, 1668002673624, 622.1, 71.63, 309.23, 2.09, -0.02, 3.09, circuit_pos, 621.28, 81.29, 306.83, 2.28, -0.01, 3.09, tool_force, -1.23, 2.49, -15.02, actual_rep, 1, curr_step, 20, track_size, 72, robot_vel, 8.68, joints_pos, 14.37, 43.69, -13.22, -76.54, 13.31, 58.82, 58.8, tool_torque, -1.375, 0.462, -0.186, joint_torque, -0.34, -10.62, -0.54, 7.01, 0.83, -1.3, -0.16, robot_mode, rotation_overlay, 
09/11/2022 14:08:12:563, robot_pos, 1668002673775, 621.98, 72.77, 308.91, 2.06, -0.02, 3.09, circuit_pos, 621.28, 81.29, 306.83, 2.28, -0.01, 3.09, tool_force, -0.95, 2.19, -14.86, actual_rep, 1, curr_step, 20, track_size, 72, robot_vel, 9.07, joints_pos, 14.37, 43.71, -13.08, -76.52, 13.27, 58.84, 60.1, tool_torque, -1.464, 0.287, -0.161, joint_torque, -0.25, -10.71, -0.68, 6.97, 0.81, -1.41, -0.18, robot_mode, rotation_overlay, 
09/11/2022 14:08:12:748, robot_pos, 1668002673906, 622.54, 72.92, 310.06, 2.06, -0.02, 3.09, circuit_pos, 621.28, 81.29, 306.83, 2.28, -0.01, 3.09, tool_force, -2.14, 4.66, -11.66, actual_rep, 1, curr_step, 20, track_size, 72, robot_vel, 8.38, joints_pos, 14.35, 43.66, -13.05, -76.41, 13.24, 58.84, 60.18, tool_torque, -1.158, 0.341, -0.022, joint_torque, -0.27, -8.49, -0.53, 6.6, 0.83, -1.44, -0.04, robot_mode, normal, 
09/11/2022 14:08:12:863, robot_pos, 1668002674055, 622.21, 74.47, 311.26, 2.08, -0.02, 3.08, circuit_pos, 621.28, 81.29, 306.83, 2.28, -0.01, 3.09, tool_force, -0.2, 4.51, -14.43, actual_rep, 1, curr_step, 20, track_size, 72, robot_vel, 24.53, joints_pos, 14.4, 43.51, -12.88, -76.46, 13.08, 58.84, 59.59, tool_torque, -0.994, 0.11, 0.417, joint_torque, -0.42, -9.56, -0.68, 6.88, 0.81, -1.38, 0.48, robot_mode, normal, 
09/11/2022 14:08:13:052, robot_pos, 1668002674205, 622.03, 76.17, 311.07, 2.12, -0.02, 3.08, circuit_pos, 621.28, 81.29, 306.83, 2.28, -0.01, 3.09, tool_force, 0.11, 2.72, -14.97, actual_rep, 1, curr_step, 20, track_size, 72, robot_vel, 14.05, joints_pos, 14.4, 43.52, -12.64, -76.42, 12.83, 58.87, 57.06, tool_torque, -1.312, -0.154, 0.471, joint_torque, -0.13, -11.04, -0.68, 7.08, 0.86, -1.44, 0.5, robot_mode, normal, 
09/11/2022 14:08:13:168, robot_pos, 1668002674354, 621.85, 77.79, 310.69, 2.2, -0.01, 3.08, circuit_pos, 620.78, 89.35, 307.67, 2.27, -0.01, 3.09, tool_force, 0.11, 2.26, -15.12, actual_rep, 1, curr_step, 21, track_size, 72, robot_vel, 12.55, joints_pos, 14.39, 43.56, -12.39, -76.37, 12.73, 58.96, 52.94, tool_torque, -1.421, -0.27, 0.468, joint_torque, -0.15, -10.82, -0.68, 7.0, 0.93, -1.53, 0.48, robot_mode, normal, 
09/11/2022 14:08:13:355, robot_pos, 1668002674502, 621.68, 81.23, 310.65, 2.25, -0.01, 3.08, circuit_pos, 620.78, 89.35, 307.67, 2.27, -0.01, 3.09, tool_force, -0.77, 2.0, -14.58, actual_rep, 1, curr_step, 21, track_size, 72, robot_vel, 24.72, joints_pos, 14.51, 43.59, -12.13, -76.28, 12.58, 59.05, 50.26, tool_torque, -1.501, -0.098, 0.42, joint_torque, -0.68, -10.61, -0.77, 6.8, 0.97, -1.47, 0.45, robot_mode, normal, 
09/11/2022 14:08:13:469, robot_pos, 1668002674652, 621.39, 84.88, 310.64, 2.28, -0.01, 3.08, circuit_pos, 620.25, 96.98, 308.51, 2.27, -0.02, 3.08, tool_force, -0.93, 1.74, -14.77, actual_rep, 1, curr_step, 22, track_size, 72, robot_vel, 25.01, joints_pos, 14.84, 43.62, -12.11, -76.23, 12.55, 59.07, 49.38, tool_torque, -1.521, -0.026, 0.368, joint_torque, -0.82, -10.57, -0.74, 6.8, 0.97, -1.44, 0.4, robot_mode, normal, 
09/11/2022 14:08:13:657, robot_pos, 1668002674800, 621.04, 90.4, 311.01, 2.28, -0.02, 3.08, circuit_pos, 620.25, 96.98, 308.51, 2.27, -0.02, 3.08, tool_force, -0.59, 1.64, -14.81, actual_rep, 1, curr_step, 22, track_size, 72, robot_vel, 37.79, joints_pos, 15.3, 43.62, -12.13, -76.17, 12.89, 59.06, 49.77, tool_torque, -1.529, -0.054, -0.037, joint_torque, -0.1, -10.75, -0.43, 6.86, 0.88, -1.41, -0.04, robot_mode, normal, 
09/11/2022 14:08:13:771, robot_pos, 1668002674952, 620.69, 96.04, 311.42, 2.27, -0.02, 3.08, circuit_pos, 619.96, 103.53, 309.26, 2.26, -0.02, 3.08, tool_force, -1.0, 1.39, -14.82, actual_rep, 1, curr_step, 23, track_size, 72, robot_vel, 35.57, joints_pos, 15.82, 43.63, -12.24, -76.11, 13.28, 59.04, 50.37, tool_torque, -1.63, 0.25, -0.167, joint_torque, -0.46, -10.68, -0.36, 6.78, 0.9, -1.33, -0.11, robot_mode, normal, 
09/11/2022 14:08:13:960, robot_pos, 1668002675099, 620.4, 101.81, 311.99, 2.26, -0.02, 3.08, circuit_pos, 619.88, 109.67, 310.15, 2.26, -0.02, 3.08, tool_force, -1.05, 1.22, -14.68, actual_rep, 1, curr_step, 24, track_size, 72, robot_vel, 40.15, joints_pos, 16.38, 43.65, -12.32, -76.0, 13.39, 59.06, 51.18, tool_torque, -1.723, 0.277, -0.205, joint_torque, -0.51, -10.7, -0.34, 6.76, 0.88, -1.4, -0.13, robot_mode, normal, 
09/11/2022 14:08:14:072, robot_pos, 1668002675249, 620.24, 107.63, 312.74, 2.26, -0.02, 3.07, circuit_pos, 619.73, 115.25, 310.98, 2.26, -0.02, 3.07, tool_force, -0.78, 1.46, -14.63, actual_rep, 1, curr_step, 25, track_size, 72, robot_vel, 40.01, joints_pos, 16.91, 43.68, -12.35, -75.83, 13.46, 59.11, 51.81, tool_torque, -1.748, 0.191, -0.199, joint_torque, -0.36, -10.74, -0.33, 6.85, 0.88, -1.47, -0.13, robot_mode, normal, 
09/11/2022 14:08:14:259, robot_pos, 1668002675398, 620.16, 113.28, 313.51, 2.26, -0.02, 3.07, circuit_pos, 619.61, 120.68, 311.81, 2.26, -0.02, 3.07, tool_force, -1.55, 1.9, -14.66, actual_rep, 1, curr_step, 26, track_size, 72, robot_vel, 43.68, joints_pos, 17.38, 43.67, -12.35, -75.72, 13.68, 58.99, 52.24, tool_torque, -1.521, 0.395, -0.192, joint_torque, -0.49, -10.59, -0.34, 6.84, 0.88, -1.28, -0.13, robot_mode, normal, 
09/11/2022 14:08:14:372, robot_pos, 1668002675549, 619.92, 119.16, 314.42, 2.26, -0.02, 3.07, circuit_pos, 619.45, 126.37, 312.42, 2.25, -0.02, 3.07, tool_force, -1.22, 1.93, -14.93, actual_rep, 1, curr_step, 27, track_size, 72, robot_vel, 39.36, joints_pos, 17.89, 43.67, -12.35, -75.58, 13.71, 58.98, 52.9, tool_torque, -1.562, 0.372, -0.185, joint_torque, -0.55, -10.73, -0.41, 6.88, 0.87, -1.32, -0.13, robot_mode, normal, 
09/11/2022 14:08:14:545, robot_pos, 1668002675695, 619.72, 124.91, 314.97, 2.25, -0.02, 3.07, circuit_pos, 619.15, 132.12, 312.83, 2.25, -0.02, 3.07, tool_force, -1.22, 1.81, -14.57, actual_rep, 1, curr_step, 28, track_size, 72, robot_vel, 43.71, joints_pos, 18.41, 43.73, -12.37, -75.4, 13.71, 59.01, 53.71, tool_torque, -1.616, 0.387, -0.197, joint_torque, -0.65, -10.7, -0.42, 6.88, 0.86, -1.39, -0.11, robot_mode, normal, 
09/11/2022 14:08:14:682, robot_pos, 1668002675845, 619.53, 130.64, 315.43, 2.25, -0.02, 3.06, circuit_pos, 618.9, 137.78, 313.01, 2.25, -0.02, 3.07, tool_force, -0.85, 1.38, -14.67, actual_rep, 1, curr_step, 29, track_size, 72, robot_vel, 38.69, joints_pos, 18.92, 43.8, -12.38, -75.18, 13.7, 59.06, 54.41, tool_torque, -1.774, 0.272, -0.199, joint_torque, -0.52, -10.88, -0.35, 6.89, 0.87, -1.52, -0.13, robot_mode, normal, 
09/11/2022 14:08:14:823, robot_pos, 1668002675994, 619.22, 136.45, 315.75, 2.25, -0.02, 3.06, circuit_pos, 618.68, 143.43, 313.21, 2.25, -0.02, 3.07, tool_force, -0.77, 1.49, -14.64, actual_rep, 1, curr_step, 30, track_size, 72, robot_vel, 42.7, joints_pos, 19.43, 43.89, -12.38, -74.99, 13.66, 59.12, 55.0, tool_torque, -1.816, 0.244, -0.166, joint_torque, -0.53, -10.86, -0.42, 6.91, 0.88, -1.58, -0.1, robot_mode, normal, 
09/11/2022 14:08:14:977, robot_pos, 1668002676144, 619.07, 142.27, 316.02, 2.25, -0.02, 3.06, circuit_pos, 618.69, 148.48, 313.26, 2.24, -0.02, 3.06, tool_force, -1.0, 1.95, -14.46, actual_rep, 1, curr_step, 31, track_size, 72, robot_vel, 37.64, joints_pos, 19.93, 43.99, -12.38, -74.76, 13.67, 59.13, 55.72, tool_torque, -1.706, 0.241, -0.154, joint_torque, -0.36, -10.83, -0.38, 7.0, 0.88, -1.53, -0.11, robot_mode, normal, 
09/11/2022 14:08:15:169, robot_pos, 1668002676295, 618.9, 148.09, 316.06, 2.24, -0.02, 3.06, circuit_pos, 618.5, 157.93, 312.71, 2.23, -0.01, 3.06, tool_force, -1.57, 1.88, -14.9, actual_rep, 1, curr_step, 33, track_size, 72, robot_vel, 47.67, joints_pos, 20.4, 44.05, -12.37, -74.66, 13.82, 58.89, 56.39, tool_torque, -1.504, 0.388, -0.169, joint_torque, -0.59, -10.78, -0.52, 6.93, 0.81, -1.37, -0.12, robot_mode, normal, 
09/11/2022 14:08:15:276, robot_pos, 1668002676445, 618.79, 153.89, 315.66, 2.24, -0.02, 3.06, circuit_pos, 617.91, 169.87, 311.16, 2.22, -0.01, 3.06, tool_force, -1.5, 2.16, -14.95, actual_rep, 1, curr_step, 36, track_size, 72, robot_vel, 39.4, joints_pos, 20.99, 44.2, -12.44, -74.47, 13.65, 58.71, 57.51, tool_torque, -1.566, 0.542, -0.192, joint_torque, -0.63, -10.9, -0.41, 6.96, 0.88, -1.36, -0.12, robot_mode, normal, 
09/11/2022 14:08:15:472, robot_pos, 1668002676594, 618.54, 159.71, 315.02, 2.23, -0.02, 3.06, circuit_pos, 617.3, 174.03, 309.36, 2.21, -0.01, 3.07, tool_force, -1.42, 2.09, -14.77, actual_rep, 1, curr_step, 39, track_size, 72, robot_vel, 36.02, joints_pos, 21.54, 44.37, -12.49, -74.28, 13.57, 58.62, 58.46, tool_torque, -1.513, 0.507, -0.187, joint_torque, -0.72, -11.05, -0.51, 7.0, 0.84, -1.37, -0.11, robot_mode, normal, 
09/11/2022 14:08:15:579, robot_pos, 1668002676744, 618.2, 165.52, 313.91, 2.22, -0.01, 3.06, circuit_pos, 617.59, 172.67, 309.2, 2.21, -0.01, 3.07, tool_force, -0.54, 1.89, -14.71, actual_rep, 1, curr_step, 41, track_size, 72, robot_vel, 40.35, joints_pos, 22.09, 44.62, -12.51, -74.01, 13.33, 58.68, 59.61, tool_torque, -1.711, 0.357, -0.181, joint_torque, -0.43, -10.95, -0.43, 6.97, 0.83, -1.57, -0.12, robot_mode, normal, 
09/11/2022 14:08:15:774, robot_pos, 1668002676892, 617.97, 171.32, 312.85, 2.21, -0.01, 3.06, circuit_pos, 617.51, 173.25, 310.15, 2.21, -0.01, 3.07, tool_force, -0.89, 1.87, -14.14, actual_rep, 1, curr_step, 44, track_size, 72, robot_vel, 39.91, joints_pos, 22.62, 44.89, -12.53, -73.69, 13.1, 58.82, 60.72, tool_torque, -1.835, 0.434, -0.203, joint_torque, -0.76, -10.85, -0.61, 6.98, 0.8, -1.71, -0.12, robot_mode, normal, 
09/11/2022 14:08:15:882, robot_pos, 1668002677042, 618.03, 173.24, 313.25, 2.21, -0.01, 3.07, circuit_pos, 617.63, 173.42, 309.99, 2.21, -0.01, 3.07, tool_force, -1.83, 1.27, -14.97, actual_rep, 1, curr_step, 46, track_size, 72, robot_vel, 7.01, joints_pos, 22.92, 44.98, -12.73, -73.5, 13.01, 59.01, 61.12, tool_torque, -1.788, 0.407, -0.165, joint_torque, -0.89, -11.31, -0.68, 7.12, 0.73, -1.63, -0.07, robot_mode, normal, 
09/11/2022 14:08:16:078, robot_pos, 1668002677191, 618.07, 173.56, 312.44, 2.21, -0.01, 3.06, circuit_pos, 617.74, 173.65, 309.52, 2.21, -0.01, 3.07, tool_force, -1.4, 3.14, -14.76, actual_rep, 1, curr_step, 49, track_size, 72, robot_vel, 8.96, joints_pos, 22.92, 45.05, -12.72, -73.5, 13.12, 58.93, 61.08, tool_torque, -1.333, 0.328, 0.0040, joint_torque, -0.59, -10.67, -0.64, 7.07, 0.72, -1.45, 0.07, robot_mode, normal, 
09/11/2022 14:08:16:192, robot_pos, 1668002677342, 618.12, 173.49, 312.42, 2.21, -0.01, 3.06, circuit_pos, 617.7, 173.69, 309.5, 2.21, -0.01, 3.07, tool_force, -1.29, 2.94, -14.93, actual_rep, 1, curr_step, 52, track_size, 72, robot_vel, 1.2, joints_pos, 22.92, 45.05, -12.73, -73.5, 13.12, 58.93, 61.08, tool_torque, -1.341, 0.304, 0.0040, joint_torque, -0.48, -10.92, -0.6, 7.17, 0.72, -1.45, 0.07, robot_mode, normal, 
09/11/2022 14:08:16:379, robot_pos, 1668002677490, 618.07, 173.66, 312.43, 2.21, -0.01, 3.06, circuit_pos, 617.72, 173.59, 309.52, 2.21, -0.01, 3.07, tool_force, -1.01, 2.86, -14.93, actual_rep, 1, curr_step, 54, track_size, 72, robot_vel, 2.71, joints_pos, 22.92, 45.05, -12.71, -73.5, 13.11, 58.93, 61.09, tool_torque, -1.367, 0.242, -0.014, joint_torque, -0.34, -10.99, -0.61, 7.17, 0.72, -1.46, 0.03, robot_mode, normal, 
09/11/2022 14:08:16:490, robot_pos, 1668002677641, 618.08, 173.58, 312.47, 2.21, -0.01, 3.06, circuit_pos, 617.71, 173.62, 309.53, 2.21, -0.01, 3.07, tool_force, -1.02, 2.73, -15.01, actual_rep, 1, curr_step, 57, track_size, 72, robot_vel, 0.16, joints_pos, 22.92, 45.05, -12.72, -73.5, 13.11, 58.93, 61.09, tool_torque, -1.405, 0.252, -0.013, joint_torque, -0.37, -11.0, -0.59, 7.17, 0.73, -1.48, 0.04, robot_mode, normal, 
09/11/2022 14:08:16:681, robot_pos, 1668002677789, 618.07, 173.61, 312.47, 2.21, -0.01, 3.06, circuit_pos, 617.7, 173.64, 309.53, 2.21, -0.01, 3.07, tool_force, -1.15, 2.89, -14.87, actual_rep, 1, curr_step, 59, track_size, 72, robot_vel, 0.15, joints_pos, 22.92, 45.05, -12.71, -73.5, 13.11, 58.93, 61.09, tool_torque, -1.39, 0.272, -0.022, joint_torque, -0.42, -10.92, -0.62, 7.17, 0.73, -1.49, 0.03, robot_mode, normal, 
09/11/2022 14:08:16:789, robot_pos, 1668002677939, 618.07, 173.61, 312.47, 2.21, -0.01, 3.06, circuit_pos, 617.7, 173.64, 309.53, 2.21, -0.01, 3.07, tool_force, -1.17, 2.88, -14.85, actual_rep, 1, curr_step, 62, track_size, 72, robot_vel, 0.01, joints_pos, 22.92, 45.05, -12.71, -73.5, 13.11, 58.93, 61.09, tool_torque, -1.393, 0.273, -0.025, joint_torque, -0.42, -10.92, -0.62, 7.17, 0.73, -1.49, 0.02, robot_mode, normal, 
09/11/2022 14:08:16:980, robot_pos, 1668002678087, 618.07, 173.62, 312.47, 2.21, -0.01, 3.06, circuit_pos, 617.71, 173.64, 309.53, 2.21, -0.01, 3.07, tool_force, -1.16, 2.85, -14.87, actual_rep, 1, curr_step, 64, track_size, 72, robot_vel, 0.02, joints_pos, 22.92, 45.05, -12.71, -73.5, 13.11, 58.93, 61.09, tool_torque, -1.398, 0.271, -0.026, joint_torque, -0.43, -10.94, -0.63, 7.17, 0.73, -1.49, 0.02, robot_mode, normal, 
09/11/2022 14:08:17:086, robot_pos, 1668002678237, 618.07, 173.61, 312.47, 2.21, -0.01, 3.06, circuit_pos, 617.71, 173.63, 309.53, 2.21, -0.01, 3.07, tool_force, -1.12, 2.83, -14.89, actual_rep, 1, curr_step, 67, track_size, 72, robot_vel, 0.01, joints_pos, 22.92, 45.05, -12.71, -73.5, 13.11, 58.93, 61.09, tool_torque, -1.397, 0.258, -0.022, joint_torque, -0.41, -10.94, -0.63, 7.17, 0.73, -1.49, 0.02, robot_mode, normal, 
09/11/2022 14:08:17:254, robot_pos, 1668002678389, 618.07, 173.61, 312.47, 2.21, -0.01, 3.06, circuit_pos, 617.71, 173.63, 309.53, 2.21, -0.01, 3.07, tool_force, -1.1, 2.82, -14.9, actual_rep, 1, curr_step, 69, track_size, 72, robot_vel, 0.02, joints_pos, 22.92, 45.05, -12.71, -73.5, 13.11, 58.93, 61.09, tool_torque, -1.398, 0.257, -0.023, joint_torque, -0.4, -10.95, -0.62, 7.17, 0.73, -1.49, 0.02, robot_mode, normal, 
09/11/2022 14:08:17:389, robot_pos, 1668002678538, 618.07, 173.61, 312.47, 2.21, -0.01, 3.06, circuit_pos, 617.71, 173.63, 309.53, 2.21, -0.01, 3.07, tool_force, -1.11, 2.84, -14.87, actual_rep, 1, curr_step, 71, track_size, 72, robot_vel, 0.02, joints_pos, 22.92, 45.05, -12.71, -73.5, 13.11, 58.93, 61.09, tool_torque, -1.398, 0.259, -0.023, joint_torque, -0.4, -10.95, -0.62, 7.17, 0.73, -1.49, 0.02, robot_mode, normal, 
09/11/2022 14:08:17:591, robot_pos, 1668002678686, 618.07, 173.61, 312.47, 2.21, -0.01, 3.06, circuit_pos, 617.71, 173.63, 309.53, 2.21, -0.01, 3.07, tool_force, -1.11, 2.83, -14.87, actual_rep, 1, curr_step, 68, track_size, 72, robot_vel, 0.01, joints_pos, 22.92, 45.05, -12.71, -73.5, 13.11, 58.93, 61.09, tool_torque, -1.4, 0.261, -0.023, joint_torque, -0.41, -10.94, -0.62, 7.16, 0.73, -1.49, 0.02, robot_mode, normal, 
09/11/2022 14:08:17:697, robot_pos, 1668002678839, 618.07, 173.61, 312.48, 2.21, -0.01, 3.06, circuit_pos, 617.71, 173.63, 309.53, 2.21, -0.01, 3.07, tool_force, -1.11, 2.83, -14.88, actual_rep, 1, curr_step, 66, track_size, 72, robot_vel, 0.0, joints_pos, 22.92, 45.05, -12.71, -73.5, 13.11, 58.93, 61.09, tool_torque, -1.4, 0.265, -0.023, joint_torque, -0.41, -10.94, -0.62, 7.16, 0.73, -1.49, 0.02, robot_mode, normal, 
09/11/2022 14:08:17:893, robot_pos, 1668002678989, 618.07, 173.61, 312.48, 2.21, -0.01, 3.06, circuit_pos, 617.71, 173.64, 309.53, 2.21, -0.01, 3.07, tool_force, -1.12, 2.82, -14.89, actual_rep, 1, curr_step, 64, track_size, 72, robot_vel, 0.0, joints_pos, 22.92, 45.05, -12.71, -73.5, 13.11, 58.93, 61.09, tool_torque, -1.401, 0.265, -0.023, joint_torque, -0.41, -10.94, -0.62, 7.16, 0.73, -1.49, 0.02, robot_mode, normal, 
09/11/2022 14:08:17:998, robot_pos, 1668002679140, 618.07, 173.62, 312.47, 2.21, -0.01, 3.06, circuit_pos, 617.7, 173.64, 309.53, 2.21, -0.01, 3.07, tool_force, -1.15, 2.83, -14.89, actual_rep, 1, curr_step, 61, track_size, 72, robot_vel, 0.02, joints_pos, 22.92, 45.05, -12.71, -73.5, 13.11, 58.93, 61.09, tool_torque, -1.4, 0.269, -0.026, joint_torque, -0.43, -10.95, -0.62, 7.17, 0.73, -1.49, 0.02, robot_mode, normal, 
09/11/2022 14:08:18:196, robot_pos, 1668002679290, 618.07, 173.62, 312.47, 2.21, -0.01, 3.06, circuit_pos, 617.7, 173.64, 309.53, 2.21, -0.01, 3.07, tool_force, -1.16, 2.85, -14.88, actual_rep, 1, curr_step, 58, track_size, 72, robot_vel, 0.01, joints_pos, 22.92, 45.05, -12.71, -73.5, 13.11, 58.93, 61.09, tool_torque, -1.397, 0.268, -0.025, joint_torque, -0.42, -10.94, -0.62, 7.17, 0.73, -1.49, 0.02, robot_mode, normal, 
09/11/2022 14:08:18:297, robot_pos, 1668002679441, 618.07, 173.61, 312.48, 2.21, -0.01, 3.06, circuit_pos, 617.73, 173.58, 309.53, 2.21, -0.01, 3.07, tool_force, -1.09, 2.83, -14.9, actual_rep, 1, curr_step, 55, track_size, 72, robot_vel, 0.1, joints_pos, 22.92, 45.05, -12.71, -73.5, 13.11, 58.93, 61.09, tool_torque, -1.396, 0.252, -0.019, joint_torque, -0.39, -10.94, -0.62, 7.16, 0.73, -1.49, 0.03, robot_mode, normal, 
09/11/2022 14:08:18:501, robot_pos, 1668002679593, 618.08, 173.58, 312.48, 2.21, -0.01, 3.06, circuit_pos, 617.7, 173.68, 309.51, 2.21, -0.01, 3.07, tool_force, -1.02, 2.88, -14.9, actual_rep, 1, curr_step, 53, track_size, 72, robot_vel, 0.16, joints_pos, 22.92, 45.05, -12.72, -73.5, 13.11, 58.93, 61.09, tool_torque, -1.387, 0.239, -0.01, joint_torque, -0.34, -10.95, -0.59, 7.18, 0.73, -1.49, 0.04, robot_mode, normal, 
09/11/2022 14:08:18:601, robot_pos, 1668002679741, 618.06, 173.62, 312.47, 2.21, -0.01, 3.06, circuit_pos, 617.75, 173.46, 309.48, 2.21, -0.01, 3.07, tool_force, -1.27, 2.83, -14.89, actual_rep, 1, curr_step, 51, track_size, 72, robot_vel, 0.1, joints_pos, 22.92, 45.05, -12.72, -73.51, 13.11, 58.93, 61.09, tool_torque, -1.389, 0.261, -0.026, joint_torque, -0.41, -10.95, -0.63, 7.18, 0.72, -1.49, 0.02, robot_mode, normal, 
09/11/2022 14:08:18:803, robot_pos, 1668002679891, 618.06, 173.6, 312.46, 2.21, -0.01, 3.06, circuit_pos, 617.74, 173.64, 309.48, 2.21, -0.01, 3.07, tool_force, -0.98, 2.84, -14.8, actual_rep, 1, curr_step, 48, track_size, 72, robot_vel, 0.82, joints_pos, 22.92, 45.05, -12.71, -73.51, 13.11, 58.93, 61.09, tool_torque, -1.393, 0.25, 0.0060, joint_torque, -0.39, -10.9, -0.6, 7.13, 0.72, -1.48, 0.06, robot_mode, normal, 
09/11/2022 14:08:18:901, robot_pos, 1668002680038, 618.08, 173.49, 312.64, 2.21, -0.01, 3.06, circuit_pos, 617.6, 173.44, 310.34, 2.21, -0.01, 3.07, tool_force, -0.86, 3.01, -14.71, actual_rep, 1, curr_step, 45, track_size, 72, robot_vel, 1.72, joints_pos, 22.92, 45.03, -12.73, -73.51, 13.11, 58.94, 61.09, tool_torque, -1.395, 0.243, 0.0060, joint_torque, -0.27, -10.78, -0.49, 7.12, 0.74, -1.5, 0.06, robot_mode, normal, 
09/11/2022 14:08:19:106, robot_pos, 1668002680189, 617.85, 173.3, 313.23, 2.21, -0.01, 3.07, circuit_pos, 617.58, 173.1, 309.72, 2.21, -0.01, 3.07, tool_force, -0.8, 2.73, -14.45, actual_rep, 1, curr_step, 43, track_size, 72, robot_vel, 8.03, joints_pos, 22.92, 44.97, -12.73, -73.54, 13.08, 59.01, 61.09, tool_torque, -1.477, 0.183, 0.017, joint_torque, -0.33, -10.34, -0.53, 6.93, 0.73, -1.58, 0.07, robot_mode, normal, 
09/11/2022 14:08:19:205, robot_pos, 1668002680338, 617.94, 172.89, 312.12, 2.21, -0.01, 3.07, circuit_pos, 617.47, 173.15, 309.13, 2.21, -0.01, 3.07, tool_force, -0.73, 3.49, -14.95, actual_rep, 1, curr_step, 40, track_size, 72, robot_vel, 7.89, joints_pos, 22.88, 45.04, -12.72, -73.58, 13.08, 58.87, 61.07, tool_torque, -1.244, 0.138, 0.149, joint_torque, -0.13, -10.91, -0.55, 7.26, 0.75, -1.46, 0.19, robot_mode, normal, 
09/11/2022 14:08:19:406, robot_pos, 1668002680487, 617.74, 173.91, 312.2, 2.21, -0.01, 3.06, circuit_pos, 617.47, 173.7, 309.87, 2.21, -0.01, 3.07, tool_force, -1.82, 3.24, -14.74, actual_rep, 1, curr_step, 38, track_size, 72, robot_vel, 10.5, joints_pos, 22.92, 45.03, -12.65, -73.57, 13.09, 58.87, 61.11, tool_torque, -1.316, 0.281, 0.028, joint_torque, -0.82, -10.9, -0.99, 7.26, 0.72, -1.5, 0.04, robot_mode, normal, 
09/11/2022 14:08:19:508, robot_pos, 1668002680637, 618.28, 172.93, 313.37, 2.21, -0.01, 3.06, circuit_pos, 618.01, 166.56, 311.61, 2.22, -0.01, 3.06, tool_force, -1.06, 3.11, -14.72, actual_rep, 1, curr_step, 35, track_size, 72, robot_vel, 13.86, joints_pos, 22.91, 44.95, -12.79, -73.56, 13.18, 58.8, 61.0, tool_torque, -1.257, 0.116, 0.182, joint_torque, -0.07, -10.83, -0.44, 7.15, 0.72, -1.43, 0.27, robot_mode, normal, 
09/11/2022 14:08:19:688, robot_pos, 1668002680787, 618.26, 168.24, 314.29, 2.22, -0.01, 3.06, circuit_pos, 618.5, 157.93, 312.71, 2.23, -0.01, 3.06, tool_force, -1.0, 3.81, -15.2, actual_rep, 1, curr_step, 33, track_size, 72, robot_vel, 44.64, joints_pos, 22.59, 44.66, -12.92, -73.95, 13.42, 58.52, 59.94, tool_torque, -1.115, 0.046, 0.465, joint_torque, -0.72, -11.14, -0.86, 7.29, 0.7, -1.42, 0.57, robot_mode, normal, 
09/11/2022 14:08:19:808, robot_pos, 1668002680934, 618.53, 162.63, 314.82, 2.22, -0.01, 3.06, circuit_pos, 618.68, 143.43, 313.21, 2.25, -0.02, 3.07, tool_force, 0.23, 4.13, -15.13, actual_rep, 1, curr_step, 30, track_size, 72, robot_vel, 36.57, joints_pos, 22.08, 44.48, -12.92, -74.18, 13.61, 58.55, 58.96, tool_torque, -1.055, -0.239, 0.51, joint_torque, 0.19, -10.77, -0.57, 7.31, 0.72, -1.5, 0.57, robot_mode, normal, 
09/11/2022 14:08:19:962, robot_pos, 1668002681085, 618.66, 156.79, 315.17, 2.23, -0.01, 3.06, circuit_pos, 618.68, 143.43, 313.21, 2.25, -0.02, 3.07, tool_force, 0.03, 3.5, -14.64, actual_rep, 1, curr_step, 30, track_size, 72, robot_vel, 38.1, joints_pos, 21.56, 44.34, -12.92, -74.37, 13.72, 58.74, 57.91, tool_torque, -1.351, -0.277, 0.466, joint_torque, -0.06, -10.76, -0.61, 7.28, 0.76, -1.68, 0.52, robot_mode, normal, 
09/11/2022 14:08:20:110, robot_pos, 1668002681234, 618.79, 150.99, 315.58, 2.24, -0.02, 3.06, circuit_pos, 618.68, 143.43, 313.21, 2.25, -0.02, 3.07, tool_force, 0.1, 3.81, -14.48, actual_rep, 1, curr_step, 30, track_size, 72, robot_vel, 38.9, joints_pos, 21.04, 44.22, -12.92, -74.51, 13.8, 58.99, 56.92, tool_torque, -1.293, -0.275, 0.46, joint_torque, -0.02, -10.68, -0.58, 7.27, 0.77, -1.66, 0.52, robot_mode, normal, 
09/11/2022 14:08:20:311, robot_pos, 1668002681384, 619.03, 145.18, 315.9, 2.25, -0.02, 3.06, circuit_pos, 618.9, 137.78, 313.01, 2.25, -0.02, 3.07, tool_force, 0.08, 3.77, -14.68, actual_rep, 1, curr_step, 29, track_size, 72, robot_vel, 38.84, joints_pos, 20.52, 44.11, -12.92, -74.65, 13.88, 59.19, 55.97, tool_torque, -1.276, -0.292, 0.435, joint_torque, 0.14, -10.66, -0.49, 7.23, 0.79, -1.62, 0.48, robot_mode, normal, 
09/11/2022 14:08:20:412, robot_pos, 1668002681532, 619.24, 139.41, 315.92, 2.25, -0.02, 3.07, circuit_pos, 619.15, 132.12, 312.83, 2.25, -0.02, 3.07, tool_force, 0.49, 3.76, -14.66, actual_rep, 1, curr_step, 28, track_size, 72, robot_vel, 39.4, joints_pos, 20.01, 44.0, -12.92, -74.85, 13.92, 59.21, 55.3, tool_torque, -1.233, -0.293, 0.439, joint_torque, 0.24, -10.69, -0.43, 7.22, 0.81, -1.56, 0.49, robot_mode, normal, 
09/11/2022 14:08:20:612, robot_pos, 1668002681682, 619.5, 133.68, 315.83, 2.25, -0.02, 3.07, circuit_pos, 619.45, 126.37, 312.42, 2.25, -0.02, 3.07, tool_force, 0.21, 3.95, -14.56, actual_rep, 1, curr_step, 27, track_size, 72, robot_vel, 39.44, joints_pos, 19.51, 43.9, -12.94, -75.05, 13.97, 59.2, 54.7, tool_torque, -1.186, -0.202, 0.414, joint_torque, 0.19, -10.59, -0.37, 7.18, 0.82, -1.48, 0.48, robot_mode, normal, 
09/11/2022 14:08:20:713, robot_pos, 1668002681831, 619.79, 127.84, 315.53, 2.25, -0.02, 3.07, circuit_pos, 619.61, 120.68, 311.81, 2.26, -0.02, 3.07, tool_force, 0.13, 3.95, -15.1, actual_rep, 1, curr_step, 26, track_size, 72, robot_vel, 40.81, joints_pos, 19.01, 43.82, -12.94, -75.24, 14.0, 59.16, 54.04, tool_torque, -1.089, -0.142, 0.421, joint_torque, 0.17, -10.77, -0.4, 7.23, 0.84, -1.37, 0.48, robot_mode, normal, 
09/11/2022 14:08:20:913, robot_pos, 1668002681981, 620.01, 122.03, 315.0, 2.26, -0.02, 3.07, circuit_pos, 619.73, 115.25, 310.98, 2.26, -0.02, 3.07, tool_force, -0.37, 4.22, -15.13, actual_rep, 1, curr_step, 25, track_size, 72, robot_vel, 44.92, joints_pos, 18.48, 43.76, -12.94, -75.44, 14.07, 59.11, 53.09, tool_torque, -0.98, -0.107, 0.447, joint_torque, 0.19, -10.67, -0.36, 7.24, 0.85, -1.3, 0.49, robot_mode, normal, 
09/11/2022 14:08:21:016, robot_pos, 1668002682133, 620.2, 116.24, 314.22, 2.26, -0.02, 3.07, circuit_pos, 619.88, 109.67, 310.15, 2.26, -0.02, 3.08, tool_force, -0.34, 3.83, -15.17, actual_rep, 1, curr_step, 24, track_size, 72, robot_vel, 38.33, joints_pos, 17.99, 43.71, -12.95, -75.64, 14.1, 59.02, 52.44, tool_torque, -1.031, -0.068, 0.417, joint_torque, 0.11, -10.64, -0.39, 7.15, 0.87, -1.28, 0.46, robot_mode, normal, 
09/11/2022 14:08:21:217, robot_pos, 1668002682282, 620.2, 110.44, 313.41, 2.26, -0.02, 3.07, circuit_pos, 619.96, 103.53, 309.26, 2.26, -0.02, 3.08, tool_force, 0.1, 3.59, -14.72, actual_rep, 1, curr_step, 23, track_size, 72, robot_vel, 46.75, joints_pos, 17.57, 43.74, -13.04, -75.75, 13.95, 59.21, 51.99, tool_torque, -1.332, -0.151, 0.432, joint_torque, 0.05, -10.75, -0.36, 7.15, 0.95, -1.49, 0.49, robot_mode, normal, 
09/11/2022 14:08:21:312, robot_pos, 1668002682430, 620.47, 104.67, 312.57, 2.26, -0.02, 3.08, circuit_pos, 620.25, 96.98, 308.51, 2.27, -0.02, 3.08, tool_force, 0.12, 3.41, -15.0, actual_rep, 1, curr_step, 22, track_size, 72, robot_vel, 42.94, joints_pos, 17.07, 43.74, -13.06, -75.88, 13.94, 59.19, 51.35, tool_torque, -1.26, -0.109, 0.4, joint_torque, 0.07, -10.72, -0.38, 7.09, 0.94, -1.39, 0.45, robot_mode, normal, 
09/11/2022 14:08:21:521, robot_pos, 1668002682581, 620.65, 98.89, 311.91, 2.27, -0.02, 3.08, circuit_pos, 620.78, 89.35, 307.67, 2.27, -0.01, 3.09, tool_force, -0.1, 4.07, -14.8, actual_rep, 1, curr_step, 21, track_size, 72, robot_vel, 41.01, joints_pos, 16.56, 43.71, -13.06, -76.03, 13.95, 59.17, 50.44, tool_torque, -1.09, -0.107, 0.437, joint_torque, 0.2, -10.54, -0.39, 7.13, 0.95, -1.32, 0.47, robot_mode, normal, 
09/11/2022 14:08:21:622, robot_pos, 1668002682727, 620.94, 93.07, 311.27, 2.27, -0.01, 3.08, circuit_pos, 621.28, 81.29, 306.83, 2.28, -0.01, 3.09, tool_force, -0.52, 3.46, -15.11, actual_rep, 1, curr_step, 20, track_size, 72, robot_vel, 40.6, joints_pos, 16.15, 43.72, -13.09, -76.12, 13.45, 59.15, 50.13, tool_torque, -1.202, 0.058, 0.379, joint_torque, -0.21, -10.7, -0.5, 7.08, 0.97, -1.27, 0.44, robot_mode, normal, 
09/11/2022 14:08:21:825, robot_pos, 1668002682879, 621.32, 87.33, 310.68, 2.27, -0.01, 3.08, circuit_pos, 621.28, 81.29, 306.83, 2.28, -0.01, 3.09, tool_force, -0.44, 3.47, -15.43, actual_rep, 1, curr_step, 20, track_size, 72, robot_vel, 37.49, joints_pos, 15.68, 43.73, -13.12, -76.2, 13.28, 59.13, 49.43, tool_torque, -1.115, 0.034, 0.438, joint_torque, -0.21, -10.63, -0.54, 7.07, 0.96, -1.23, 0.49, robot_mode, normal, 
09/11/2022 14:08:21:927, robot_pos, 1668002683027, 621.67, 81.53, 310.01, 2.28, -0.01, 3.09, circuit_pos, 621.58, 73.04, 305.87, 2.28, -0.01, 3.09, tool_force, -0.52, 3.75, -15.01, actual_rep, 1, curr_step, 19, track_size, 72, robot_vel, 39.02, joints_pos, 15.15, 43.74, -13.12, -76.29, 13.27, 59.09, 48.68, tool_torque, -1.036, 0.032, 0.447, joint_torque, -0.01, -10.51, -0.44, 7.02, 0.98, -1.18, 0.49, robot_mode, normal, 
09/11/2022 14:08:22:124, robot_pos, 1668002683178, 621.95, 75.7, 309.33, 2.28, -0.01, 3.09, circuit_pos, 621.7, 64.77, 304.79, 2.29, -0.01, 3.09, tool_force, -0.15, 3.85, -15.21, actual_rep, 1, curr_step, 18, track_size, 72, robot_vel, 43.69, joints_pos, 14.63, 43.74, -13.12, -76.4, 13.26, 59.01, 48.06, tool_torque, -1.024, -0.018, 0.413, joint_torque, 0.42, -10.58, -0.19, 7.03, 1.01, -1.15, 0.43, robot_mode, normal, 
09/11/2022 14:08:22:230, robot_pos, 1668002683327, 622.1, 69.96, 308.62, 2.28, -0.01, 3.09, circuit_pos, 621.7, 64.77, 304.79, 2.29, -0.01, 3.09, tool_force, -0.77, 3.54, -15.23, actual_rep, 1, curr_step, 18, track_size, 72, robot_vel, 40.05, joints_pos, 14.11, 43.74, -13.11, -76.52, 13.26, 58.93, 47.18, tool_torque, -1.028, -0.016, 0.433, joint_torque, 0.1, -10.54, -0.42, 7.02, 1.0, -1.15, 0.44, robot_mode, normal, 
09/11/2022 14:08:22:394, robot_pos, 1668002683479, 622.21, 64.13, 307.88, 2.29, -0.01, 3.09, circuit_pos, 621.78, 57.42, 303.83, 2.3, -0.01, 3.09, tool_force, -1.05, 3.38, -15.33, actual_rep, 1, curr_step, 17, track_size, 72, robot_vel, 43.29, joints_pos, 13.57, 43.74, -13.09, -76.65, 13.31, 58.86, 46.24, tool_torque, -1.036, 0.027, 0.43, joint_torque, -0.26, -10.59, -0.65, 7.0, 0.96, -1.13, 0.46, robot_mode, normal, 
09/11/2022 14:08:22:534, robot_pos, 1668002683627, 622.18, 58.4, 307.11, 2.3, -0.01, 3.09, circuit_pos, 621.68, 48.29, 302.56, 2.3, -0.02, 3.09, tool_force, -0.63, 3.68, -15.31, actual_rep, 1, curr_step, 16, track_size, 72, robot_vel, 39.93, joints_pos, 13.03, 43.74, -13.07, -76.78, 13.39, 58.81, 45.35, tool_torque, -0.988, -0.115, 0.444, joint_torque, 0.13, -10.53, -0.45, 7.02, 0.97, -1.16, 0.45, robot_mode, normal, 
09/11/2022 14:08:22:667, robot_pos, 1668002683779, 622.1, 52.47, 306.31, 2.3, -0.02, 3.09, circuit_pos, 621.68, 48.29, 302.56, 2.3, -0.02, 3.09, tool_force, -0.37, 3.3, -14.85, actual_rep, 1, curr_step, 16, track_size, 72, robot_vel, 38.07, joints_pos, 12.45, 43.76, -13.07, -76.86, 13.68, 58.89, 44.49, tool_torque, -1.161, -0.187, 0.399, joint_torque, -0.04, -10.47, -0.53, 6.97, 0.96, -1.32, 0.43, robot_mode, normal, 
09/11/2022 14:08:22:837, robot_pos, 1668002683929, 622.09, 46.66, 305.48, 2.3, -0.02, 3.09, circuit_pos, 621.5, 39.55, 301.39, 2.31, -0.02, 3.09, tool_force, -0.59, 2.94, -15.08, actual_rep, 1, curr_step, 15, track_size, 72, robot_vel, 38.36, joints_pos, 11.89, 43.8, -13.07, -76.94, 13.82, 58.92, 43.57, tool_torque, -1.193, -0.21, 0.38, joint_torque, 0.04, -10.57, -0.46, 6.96, 0.97, -1.28, 0.41, robot_mode, normal, 
09/11/2022 14:08:23:039, robot_pos, 1668002684080, 622.0, 40.87, 304.77, 2.31, -0.02, 3.09, circuit_pos, 621.3, 29.46, 300.25, 2.32, -0.02, 3.09, tool_force, -0.64, 3.17, -14.88, actual_rep, 1, curr_step, 14, track_size, 72, robot_vel, 38.82, joints_pos, 11.36, 43.82, -13.07, -77.03, 13.92, 58.91, 42.66, tool_torque, -1.14, -0.174, 0.382, joint_torque, 0.05, -10.55, -0.43, 6.97, 0.99, -1.23, 0.41, robot_mode, normal, 
09/11/2022 14:08:23:136, robot_pos, 1668002684231, 621.88, 35.07, 304.09, 2.31, -0.02, 3.09, circuit_pos, 621.3, 29.46, 300.25, 2.32, -0.02, 3.09, tool_force, -0.53, 3.37, -15.11, actual_rep, 1, curr_step, 14, track_size, 72, robot_vel, 38.67, joints_pos, 10.84, 43.83, -13.09, -77.13, 13.97, 58.88, 41.78, tool_torque, -1.053, -0.117, 0.372, joint_torque, 0.28, -10.5, -0.26, 6.9, 1.01, -1.12, 0.4, robot_mode, normal, 
09/11/2022 14:08:23:337, robot_pos, 1668002684383, 621.84, 29.17, 303.56, 2.32, -0.02, 3.09, circuit_pos, 621.22, 18.66, 299.53, 2.33, -0.02, 3.09, tool_force, -0.7, 3.2, -15.25, actual_rep, 1, curr_step, 13, track_size, 72, robot_vel, 40.39, joints_pos, 10.3, 43.84, -13.09, -77.19, 14.02, 58.87, 40.88, tool_torque, -1.091, -0.028, 0.348, joint_torque, -0.01, -10.49, -0.37, 6.86, 1.01, -1.07, 0.39, robot_mode, normal, 
09/11/2022 14:08:23:439, robot_pos, 1668002684532, 621.77, 23.5, 303.09, 2.32, -0.02, 3.09, circuit_pos, 621.22, 18.66, 299.53, 2.33, -0.02, 3.09, tool_force, -0.77, 3.21, -15.2, actual_rep, 1, curr_step, 13, track_size, 72, robot_vel, 38.72, joints_pos, 9.77, 43.85, -13.09, -77.25, 14.07, 58.86, 40.0, tool_torque, -1.063, -0.019, 0.335, joint_torque, 0.1, -10.49, -0.29, 6.86, 1.03, -1.03, 0.36, robot_mode, normal, 
09/11/2022 14:08:23:644, robot_pos, 1668002684682, 621.79, 17.63, 302.8, 2.33, -0.02, 3.09, circuit_pos, 621.31, 7.17, 299.27, 2.33, -0.02, 3.09, tool_force, -0.57, 3.14, -15.25, actual_rep, 1, curr_step, 12, track_size, 72, robot_vel, 41.4, joints_pos, 9.23, 43.86, -13.09, -77.28, 14.11, 58.86, 39.3, tool_torque, -1.081, -0.041, 0.335, joint_torque, 0.12, -10.52, -0.3, 6.83, 1.03, -1.04, 0.37, robot_mode, normal, 
09/11/2022 14:08:23:740, robot_pos, 1668002684831, 621.79, 11.95, 302.58, 2.33, -0.02, 3.09, circuit_pos, 621.4, -3.17, 299.31, 2.33, -0.02, 3.09, tool_force, -0.47, 3.45, -15.2, actual_rep, 1, curr_step, 11, track_size, 72, robot_vel, 39.32, joints_pos, 8.7, 43.87, -13.09, -77.31, 14.11, 58.86, 38.69, tool_torque, -1.028, -0.082, 0.362, joint_torque, 0.3, -10.47, -0.23, 6.87, 1.05, -1.04, 0.38, robot_mode, normal, 
09/11/2022 14:08:23:942, robot_pos, 1668002684983, 621.81, 6.07, 302.47, 2.33, -0.02, 3.09, circuit_pos, 621.4, -3.17, 299.31, 2.33, -0.02, 3.09, tool_force, -0.73, 3.13, -15.15, actual_rep, 1, curr_step, 11, track_size, 72, robot_vel, 38.67, joints_pos, 8.17, 43.87, -13.1, -77.31, 14.14, 58.87, 38.13, tool_torque, -1.136, -0.016, 0.33, joint_torque, 0.02, -10.41, -0.3, 6.79, 1.05, -1.05, 0.37, robot_mode, normal, 
09/11/2022 14:08:24:026, robot_pos, 1668002685132, 621.81, 0.32, 302.41, 2.33, -0.02, 3.09, circuit_pos, 621.41, -16.2, 299.67, 2.34, -0.02, 3.09, tool_force, -0.29, 3.14, -15.01, actual_rep, 1, curr_step, 10, track_size, 72, robot_vel, 36.6, joints_pos, 7.62, 43.88, -13.09, -77.31, 14.15, 58.88, 37.55, tool_torque, -1.122, -0.17, 0.36, joint_torque, 0.33, -10.4, -0.16, 6.74, 1.07, -1.08, 0.38, robot_mode, normal, 
09/11/2022 14:08:24:245, robot_pos, 1668002685283, 621.76, -5.45, 302.46, 2.33, -0.02, 3.09, circuit_pos, 621.41, -16.2, 299.67, 2.34, -0.02, 3.09, tool_force, -0.34, 2.63, -14.79, actual_rep, 1, curr_step, 10, track_size, 72, robot_vel, 42.62, joints_pos, 7.08, 43.88, -13.09, -77.3, 14.15, 58.92, 36.82, tool_torque, -1.242, -0.2, 0.314, joint_torque, 0.14, -10.35, -0.27, 6.64, 1.07, -1.15, 0.34, robot_mode, normal, 
09/11/2022 14:08:24:348, robot_pos, 1668002685433, 621.7, -11.28, 302.56, 2.34, -0.02, 3.09, circuit_pos, 621.3, -26.89, 300.2, 2.34, -0.02, 3.09, tool_force, -0.02, 2.73, -14.76, actual_rep, 1, curr_step, 9, track_size, 72, robot_vel, 38.86, joints_pos, 6.54, 43.88, -13.09, -77.29, 14.17, 58.96, 36.05, tool_torque, -1.237, -0.297, 0.33, joint_torque, 0.28, -10.35, -0.22, 6.63, 1.09, -1.17, 0.34, robot_mode, normal, 
09/11/2022 14:08:24:549, robot_pos, 1668002685584, 621.63, -17.15, 302.76, 2.34, -0.02, 3.09, circuit_pos, 621.3, -26.89, 300.2, 2.34, -0.02, 3.09, tool_force, -0.18, 2.5, -14.61, actual_rep, 1, curr_step, 9, track_size, 72, robot_vel, 43.5, joints_pos, 6.0, 43.88, -13.09, -77.25, 14.19, 59.02, 35.45, tool_torque, -1.284, -0.266, 0.291, joint_torque, 0.31, -10.3, -0.13, 6.58, 1.1, -1.16, 0.31, robot_mode, normal, 
09/11/2022 14:08:24:651, robot_pos, 1668002685735, 621.56, -22.97, 302.97, 2.34, -0.02, 3.09, circuit_pos, 621.1, -36.42, 300.61, 2.35, -0.02, 3.09, tool_force, -0.04, 2.18, -14.7, actual_rep, 1, curr_step, 8, track_size, 72, robot_vel, 41.34, joints_pos, 5.47, 43.89, -13.11, -77.2, 14.21, 59.1, 34.83, tool_torque, -1.317, -0.298, 0.283, joint_torque, 0.35, -10.39, -0.05, 6.55, 1.11, -1.14, 0.3, robot_mode, normal, 
09/11/2022 14:08:24:829, robot_pos, 1668002685885, 621.49, -28.69, 303.22, 2.34, -0.02, 3.09, circuit_pos, 621.1, -36.42, 300.61, 2.35, -0.02, 3.09, tool_force, -0.05, 2.35, -14.63, actual_rep, 1, curr_step, 8, track_size, 72, robot_vel, 38.59, joints_pos, 4.93, 43.9, -13.11, -77.14, 14.21, 59.18, 34.04, tool_torque, -1.368, -0.245, 0.291, joint_torque, -0.04, -10.37, -0.28, 6.51, 1.1, -1.14, 0.33, robot_mode, normal, 
09/11/2022 14:08:24:950, robot_pos, 1668002686035, 621.38, -34.5, 303.38, 2.35, -0.02, 3.09, circuit_pos, 620.58, -46.71, 300.66, 2.36, -0.01, 3.09, tool_force, -0.29, 2.12, -14.62, actual_rep, 1, curr_step, 7, track_size, 72, robot_vel, 36.87, joints_pos, 4.39, 43.92, -13.11, -77.09, 14.22, 59.23, 33.24, tool_torque, -1.312, -0.203, 0.288, joint_torque, 0.08, -10.28, -0.18, 6.47, 1.14, -1.07, 0.32, robot_mode, normal, 
09/11/2022 14:08:25:103, robot_pos, 1668002686185, 621.26, -40.32, 303.5, 2.35, -0.01, 3.09, circuit_pos, 620.58, -46.71, 300.66, 2.36, -0.01, 3.09, tool_force, -0.59, 2.6, -15.01, actual_rep, 1, curr_step, 7, track_size, 72, robot_vel, 40.7, joints_pos, 3.91, 43.91, -13.14, -77.07, 14.1, 59.13, 32.46, tool_torque, -1.23, 0.018, 0.269, joint_torque, 0.22, -10.31, -0.08, 6.5, 1.21, -0.88, 0.29, robot_mode, normal, 
09/11/2022 14:08:25:254, robot_pos, 1668002686336, 620.94, -46.07, 303.53, 2.36, -0.01, 3.09, circuit_pos, 620.04, -56.04, 300.07, 2.37, -0.01, 3.09, tool_force, -0.85, 2.48, -14.98, actual_rep, 1, curr_step, 6, track_size, 72, robot_vel, 37.3, joints_pos, 3.39, 43.91, -13.15, -77.08, 14.02, 59.08, 31.66, tool_torque, -1.202, 0.048, 0.264, joint_torque, 0.13, -10.25, -0.12, 6.5, 1.2, -0.85, 0.28, robot_mode, normal, 
09/11/2022 14:08:25:389, robot_pos, 1668002686488, 620.61, -51.86, 303.29, 2.36, -0.01, 3.09, circuit_pos, 619.15, -64.3, 298.91, 2.37, -0.01, 3.09, tool_force, -0.73, 2.62, -14.97, actual_rep, 1, curr_step, 5, track_size, 72, robot_vel, 39.62, joints_pos, 2.86, 43.93, -13.15, -77.07, 14.02, 59.03, 30.78, tool_torque, -1.184, 0.047, 0.272, joint_torque, 0.12, -10.12, -0.12, 6.38, 1.21, -0.81, 0.28, robot_mode, normal, 
09/11/2022 14:08:25:555, robot_pos, 1668002686637, 620.15, -57.71, 302.72, 2.37, -0.01, 3.09, circuit_pos, 619.15, -64.3, 298.91, 2.37, -0.01, 3.09, tool_force, -0.52, 2.53, -15.24, actual_rep, 1, curr_step, 5, track_size, 72, robot_vel, 35.07, joints_pos, 2.32, 43.99, -13.15, -77.07, 14.02, 59.01, 30.11, tool_torque, -1.223, 0.018, 0.249, joint_torque, 0.14, -10.49, -0.16, 6.51, 1.22, -0.82, 0.26, robot_mode, normal, 
09/11/2022 14:08:25:756, robot_pos, 1668002686791, 619.56, -63.54, 302.07, 2.37, -0.01, 3.09, circuit_pos, 617.78, -71.85, 297.69, 2.37, -0.01, 3.09, tool_force, -0.71, 2.27, -15.13, actual_rep, 1, curr_step, 4, track_size, 72, robot_vel, 39.41, joints_pos, 1.78, 44.05, -13.15, -77.08, 14.04, 58.98, 29.49, tool_torque, -1.206, 0.025, 0.262, joint_torque, 0.05, -10.31, -0.2, 6.46, 1.2, -0.8, 0.27, robot_mode, normal, 
09/11/2022 14:08:25:862, robot_pos, 1668002686939, 618.72, -69.37, 301.26, 2.37, -0.01, 3.09, circuit_pos, 616.23, -78.75, 296.86, 2.37, 0.0, 3.09, tool_force, -0.99, 2.71, -15.25, actual_rep, 1, curr_step, 3, track_size, 72, robot_vel, 38.97, joints_pos, 1.24, 44.08, -13.15, -77.15, 14.08, 58.89, 28.86, tool_torque, -1.159, 0.078, 0.227, joint_torque, 0.17, -10.36, -0.1, 6.58, 1.19, -0.78, 0.25, robot_mode, normal, 
09/11/2022 14:08:26:061, robot_pos, 1668002687090, 617.75, -75.21, 300.43, 2.37, 0.0, 3.09, circuit_pos, 615.03, -85.14, 296.67, 2.36, 0.0, 3.09, tool_force, -1.43, 2.89, -15.17, actual_rep, 1, curr_step, 2, track_size, 72, robot_vel, 43.88, joints_pos, 0.79, 44.05, -13.21, -77.35, 13.98, 58.48, 28.36, tool_torque, -1.149, 0.193, 0.223, joint_torque, 0.23, -10.2, -0.06, 6.58, 1.24, -0.72, 0.24, robot_mode, normal, 
09/11/2022 14:08:26:160, robot_pos, 1668002687240, 616.49, -80.98, 300.11, 2.36, 0.0, 3.09, circuit_pos, 615.03, -85.14, 296.67, 2.36, 0.0, 3.09, tool_force, -1.42, 2.96, -15.37, actual_rep, 1, curr_step, 2, track_size, 72, robot_vel, 39.74, joints_pos, 0.32, 43.99, -13.28, -77.54, 13.93, 58.24, 28.09, tool_torque, -1.133, 0.153, 0.227, joint_torque, 0.27, -10.38, -0.05, 6.63, 1.23, -0.73, 0.24, robot_mode, normal, 
09/11/2022 14:08:26:361, robot_pos, 1668002687393, 615.38, -86.95, 300.13, 2.35, 0.0, 3.09, circuit_pos, 613.86, -94.17, 298.82, 2.34, 0.01, 3.1, tool_force, -1.67, 1.67, -14.86, actual_rep, 1, curr_step, 0, track_size, 72, robot_vel, 45.14, joints_pos, -0.12, 43.97, -13.39, -77.57, 13.79, 58.29, 28.53, tool_torque, -1.555, 0.116, -0.113, joint_torque, 0.01, -10.2, -0.12, 6.5, 1.26, -0.93, -0.14, robot_mode, normal, 
09/11/2022 14:08:26:458, robot_pos, 1668002687545, 614.67, -90.57, 300.35, 2.34, 0.0, 3.09, circuit_pos, 613.86, -94.17, 298.82, 2.34, 0.01, 3.1, tool_force, -1.57, 1.45, -14.64, actual_rep, 1, curr_step, 0, track_size, 72, robot_vel, 19.94, joints_pos, -0.39, 43.97, -13.41, -77.54, 13.49, 58.41, 28.87, tool_torque, -1.745, 0.099, -0.184, joint_torque, -0.21, -10.24, -0.21, 6.5, 1.28, -1.01, -0.2, robot_mode, normal, 
09/11/2022 14:08:26:662, robot_pos, 1668002687696, 614.67, -90.65, 300.36, 2.34, 0.0, 3.1, circuit_pos, 613.86, -94.17, 298.82, 2.34, 0.01, 3.1, tool_force, -1.25, 1.97, -14.48, actual_rep, 1, curr_step, 0, track_size, 72, robot_vel, 3.38, joints_pos, -0.43, 43.96, -13.33, -77.53, 13.35, 58.4, 28.99, tool_torque, -1.439, -0.063, -0.083, joint_torque, 0.31, -10.2, -0.23, 6.49, 1.25, -0.98, -0.16, robot_mode, normal, 
09/11/2022 14:08:26:743, robot_pos, 1668002687846, 614.65, -90.58, 300.36, 2.34, 0.0, 3.1, circuit_pos, 613.86, -94.17, 298.82, 2.34, 0.01, 3.1, tool_force, -1.43, 1.68, -14.77, actual_rep, 1, curr_step, 0, track_size, 72, robot_vel, 0.66, joints_pos, -0.44, 43.96, -13.32, -77.54, 13.35, 58.4, 29.0, tool_torque, -1.408, -0.044, -0.058, joint_torque, 0.19, -10.25, -0.31, 6.53, 1.23, -0.96, -0.14, robot_mode, normal, 
09/11/2022 14:08:27:269, robot_pos, 1668002687998, 614.65, -90.57, 300.36, 2.34, 0.0, 3.1, circuit_pos, 613.86, -94.17, 298.82, 2.34, 0.01, 3.1, tool_force, -1.39, 1.72, -14.75, actual_rep, 2, curr_step, 0, track_size, 72, robot_vel, 0.66, joints_pos, -0.44, 43.96, -13.32, -77.54, 13.36, 58.4, 29.0, tool_torque, -1.426, -0.028, -0.055, joint_torque, 0.12, -10.21, -0.32, 6.51, 1.21, -0.96, -0.12, robot_mode, normal, 
