09/12/2022 13:37:09:364, robot_pos, 1670592793356, 613.85, -94.2, 298.8, 2.34, 0.01, 3.1, circuit_pos, 614.3, -90.51, 297.41, 2.34, 0.0, 3.1, tool_force, -1.61, 2.99, -13.63, actual_rep, 1, curr_step, 1, track_size, 72, robot_vel, 34.37, joints_pos, 1.26, 44.32, -16.39, -77.79, 15.32, 58.12, 27.46, tool_torque, -1.094, 0.079, 0.184, joint_torque, 0.53, -9.27, -0.21, 6.14, 1.24, -0.78, 0.13, robot_mode, normal, 
09/12/2022 13:37:09:485, robot_pos, 1670592793493, 614.34, -93.41, 300.92, 2.34, 0.01, 3.1, circuit_pos, 615.03, -85.14, 296.67, 2.36, 0.0, 3.09, tool_force, -0.75, 3.92, -12.36, actual_rep, 1, curr_step, 2, track_size, 72, robot_vel, 25.35, joints_pos, 1.28, 44.19, -16.34, -77.64, 15.39, 58.42, 27.47, tool_torque, -1.056, -0.087, 0.045, joint_torque, 1.2, -8.82, 0.25, 5.93, 1.21, -0.91, -0.01, robot_mode, normal, 
09/12/2022 13:37:09:641, robot_pos, 1670592793643, 615.07, -87.75, 299.81, 2.35, 0.0, 3.09, circuit_pos, 616.23, -78.75, 296.86, 2.37, 0.0, 3.09, tool_force, -2.29, 2.68, -13.18, actual_rep, 1, curr_step, 3, track_size, 72, robot_vel, 37.8, joints_pos, 1.48, 44.29, -15.96, -77.57, 15.79, 58.55, 27.0, tool_torque, -1.213, -0.024, 0.213, joint_torque, -0.03, -9.06, -0.43, 5.9, 1.18, -0.87, 0.2, robot_mode, normal, 
09/12/2022 13:37:10:083, robot_pos, 1670592794091, 618.19, -70.69, 300.61, 2.37, -0.01, 3.08, circuit_pos, 619.15, -64.3, 298.91, 2.37, -0.01, 3.09, tool_force, -1.26, 1.14, -13.21, actual_rep, 1, curr_step, 5, track_size, 72, robot_vel, 36.31, joints_pos, 2.87, 44.35, -15.91, -77.33, 16.32, 58.9, 27.35, tool_torque, -1.66, -0.026, -0.216, joint_torque, -0.01, -9.4, -0.14, 5.9, 1.17, -0.98, -0.2, robot_mode, normal, 
09/12/2022 13:37:10:243, robot_pos, 1670592794239, 619.07, -64.92, 301.3, 2.37, -0.01, 3.08, circuit_pos, 620.04, -56.04, 300.07, 2.37, -0.01, 3.09, tool_force, -0.84, 1.84, -13.03, actual_rep, 1, curr_step, 6, track_size, 72, robot_vel, 40.76, joints_pos, 3.43, 44.34, -15.95, -77.23, 16.37, 59.06, 27.86, tool_torque, -1.644, -0.049, -0.221, joint_torque, 0.15, -9.5, -0.05, 6.0, 1.19, -1.01, -0.2, robot_mode, normal, 
09/12/2022 13:37:10:384, robot_pos, 1670592794387, 619.77, -59.12, 302.06, 2.37, -0.01, 3.08, circuit_pos, 620.58, -46.71, 300.66, 2.36, -0.01, 3.09, tool_force, -1.21, 1.24, -13.38, actual_rep, 1, curr_step, 7, track_size, 72, robot_vel, 42.37, joints_pos, 3.95, 44.3, -15.95, -77.19, 16.37, 59.14, 28.39, tool_torque, -1.704, 0.035, -0.227, joint_torque, -0.31, -9.31, -0.32, 5.95, 1.15, -1.03, -0.2, robot_mode, normal, 
09/12/2022 13:37:10:543, robot_pos, 1670592794540, 620.3, -53.22, 302.55, 2.37, -0.01, 3.08, circuit_pos, 620.58, -46.71, 300.66, 2.36, -0.01, 3.09, tool_force, -1.5, 1.6, -12.94, actual_rep, 1, curr_step, 7, track_size, 72, robot_vel, 37.32, joints_pos, 4.51, 44.25, -15.96, -77.19, 16.37, 59.15, 29.2, tool_torque, -1.631, 0.049, -0.219, joint_torque, 0.17, -9.26, -0.02, 6.03, 1.19, -1.02, -0.2, robot_mode, normal, 
09/12/2022 13:37:10:684, robot_pos, 1670592794684, 620.61, -47.58, 302.83, 2.36, -0.01, 3.09, circuit_pos, 621.1, -36.42, 300.61, 2.35, -0.02, 3.09, tool_force, -1.35, 1.57, -13.0, actual_rep, 1, curr_step, 8, track_size, 72, robot_vel, 38.73, joints_pos, 5.02, 44.23, -15.97, -77.19, 16.37, 59.24, 29.98, tool_torque, -1.636, -0.0020, -0.227, joint_torque, 0.12, -9.37, -0.07, 6.06, 1.18, -1.06, -0.21, robot_mode, normal, 
09/12/2022 13:37:10:844, robot_pos, 1670592794836, 620.93, -41.73, 303.04, 2.36, -0.02, 3.08, circuit_pos, 621.1, -36.42, 300.61, 2.35, -0.02, 3.09, tool_force, -1.17, 1.73, -12.89, actual_rep, 1, curr_step, 8, track_size, 72, robot_vel, 40.8, joints_pos, 5.52, 44.24, -15.95, -77.14, 16.52, 59.43, 30.74, tool_torque, -1.624, -0.019, -0.22, joint_torque, 0.03, -9.35, -0.16, 6.05, 1.16, -1.08, -0.21, robot_mode, normal, 
09/12/2022 13:37:10:980, robot_pos, 1670592794983, 621.3, -36.05, 302.99, 2.35, -0.02, 3.08, circuit_pos, 621.3, -26.89, 300.2, 2.34, -0.02, 3.09, tool_force, -1.48, 1.63, -13.13, actual_rep, 1, curr_step, 9, track_size, 72, robot_vel, 51.98, joints_pos, 6.02, 44.26, -15.96, -77.11, 16.57, 59.5, 31.56, tool_torque, -1.58, 0.07, -0.222, joint_torque, -0.02, -9.35, -0.2, 6.08, 1.15, -1.04, -0.21, robot_mode, normal, 
09/12/2022 13:37:11:144, robot_pos, 1670592795134, 621.55, -30.19, 302.89, 2.34, -0.02, 3.08, circuit_pos, 621.41, -16.2, 299.67, 2.34, -0.02, 3.09, tool_force, -1.47, 2.0, -13.08, actual_rep, 1, curr_step, 10, track_size, 72, robot_vel, 39.84, joints_pos, 6.57, 44.26, -15.96, -77.12, 16.6, 59.5, 32.38, tool_torque, -1.541, 0.104, -0.233, joint_torque, 0.04, -9.3, -0.14, 6.13, 1.14, -1.03, -0.22, robot_mode, normal, 
09/12/2022 13:37:11:304, robot_pos, 1670592795303, 621.71, -23.64, 302.68, 2.34, -0.02, 3.09, circuit_pos, 621.41, -16.2, 299.67, 2.34, -0.02, 3.09, tool_force, -1.61, 2.47, -13.22, actual_rep, 1, curr_step, 10, track_size, 72, robot_vel, 52.16, joints_pos, 7.17, 44.26, -15.96, -77.15, 16.61, 59.48, 33.07, tool_torque, -1.457, 0.254, -0.214, joint_torque, -0.01, -9.34, -0.17, 6.22, 1.14, -0.94, -0.2, robot_mode, normal, 
09/12/2022 13:37:11:441, robot_pos, 1670592795431, 621.83, -18.66, 302.53, 2.34, -0.02, 3.09, circuit_pos, 621.4, -3.17, 299.31, 2.33, -0.02, 3.09, tool_force, -2.09, 2.37, -13.25, actual_rep, 1, curr_step, 11, track_size, 72, robot_vel, 39.92, joints_pos, 7.64, 44.27, -15.96, -77.17, 16.62, 59.45, 33.66, tool_torque, -1.381, 0.298, -0.204, joint_torque, 0.18, -9.27, -0.06, 6.22, 1.14, -0.88, -0.2, robot_mode, normal, 
09/12/2022 13:37:11:581, robot_pos, 1670592795580, 621.91, -12.9, 302.36, 2.34, -0.02, 3.09, circuit_pos, 621.4, -3.17, 299.31, 2.33, -0.02, 3.09, tool_force, -1.97, 2.55, -13.45, actual_rep, 1, curr_step, 11, track_size, 72, robot_vel, 40.04, joints_pos, 8.18, 44.27, -15.98, -77.21, 16.62, 59.4, 34.38, tool_torque, -1.387, 0.375, -0.229, joint_torque, -0.02, -9.36, -0.15, 6.26, 1.12, -0.86, -0.21, robot_mode, normal, 
09/12/2022 13:37:11:742, robot_pos, 1670592795730, 621.97, -7.07, 302.19, 2.33, -0.02, 3.09, circuit_pos, 621.31, 7.17, 299.27, 2.33, -0.02, 3.09, tool_force, -2.17, 2.5, -13.48, actual_rep, 1, curr_step, 12, track_size, 72, robot_vel, 39.72, joints_pos, 8.72, 44.27, -15.98, -77.24, 16.62, 59.33, 35.1, tool_torque, -1.394, 0.41, -0.225, joint_torque, -0.13, -9.28, -0.21, 6.23, 1.11, -0.87, -0.21, robot_mode, normal, 
09/12/2022 13:37:11:886, robot_pos, 1670592795877, 621.97, -1.33, 302.11, 2.33, -0.02, 3.09, circuit_pos, 621.31, 7.17, 299.27, 2.33, -0.02, 3.09, tool_force, -2.13, 2.7, -13.38, actual_rep, 1, curr_step, 12, track_size, 72, robot_vel, 39.98, joints_pos, 9.26, 44.26, -15.98, -77.26, 16.62, 59.29, 35.71, tool_torque, -1.369, 0.383, -0.208, joint_torque, 0.04, -9.31, -0.12, 6.31, 1.12, -0.89, -0.19, robot_mode, normal, 
09/12/2022 13:37:12:041, robot_pos, 1670592796028, 621.93, 4.47, 302.06, 2.33, -0.02, 3.09, circuit_pos, 621.22, 18.66, 299.53, 2.33, -0.02, 3.09, tool_force, -2.01, 2.94, -13.25, actual_rep, 1, curr_step, 13, track_size, 72, robot_vel, 40.37, joints_pos, 9.79, 44.25, -15.98, -77.28, 16.62, 59.24, 36.27, tool_torque, -1.357, 0.384, -0.208, joint_torque, -0.19, -9.31, -0.3, 6.32, 1.1, -0.93, -0.18, robot_mode, normal, 
09/12/2022 13:37:12:183, robot_pos, 1670592796177, 621.88, 10.27, 302.14, 2.33, -0.02, 3.09, circuit_pos, 621.22, 18.66, 299.53, 2.33, -0.02, 3.09, tool_force, -2.02, 2.84, -13.42, actual_rep, 1, curr_step, 13, track_size, 72, robot_vel, 37.62, joints_pos, 10.35, 44.24, -15.98, -77.29, 16.59, 59.21, 36.87, tool_torque, -1.377, 0.418, -0.188, joint_torque, -0.15, -9.3, -0.22, 6.31, 1.13, -0.93, -0.16, robot_mode, normal, 
09/12/2022 13:37:12:343, robot_pos, 1670592796326, 621.85, 16.16, 302.25, 2.33, -0.02, 3.09, circuit_pos, 621.3, 29.46, 300.25, 2.32, -0.02, 3.09, tool_force, -2.01, 2.77, -13.25, actual_rep, 1, curr_step, 14, track_size, 72, robot_vel, 37.92, joints_pos, 10.87, 44.23, -15.98, -77.28, 16.59, 59.18, 37.51, tool_torque, -1.389, 0.387, -0.202, joint_torque, 0.02, -9.34, -0.2, 6.32, 1.13, -0.95, -0.19, robot_mode, normal, 
09/12/2022 13:37:12:487, robot_pos, 1670592796477, 621.83, 21.96, 302.54, 2.33, -0.02, 3.09, circuit_pos, 621.3, 29.46, 300.25, 2.32, -0.02, 3.09, tool_force, -1.99, 2.55, -13.29, actual_rep, 1, curr_step, 14, track_size, 72, robot_vel, 40.53, joints_pos, 11.41, 44.22, -15.98, -77.26, 16.55, 59.17, 38.27, tool_torque, -1.417, 0.398, -0.177, joint_torque, -0.15, -9.33, -0.29, 6.26, 1.12, -0.97, -0.16, robot_mode, normal, 
09/12/2022 13:37:12:645, robot_pos, 1670592796624, 621.88, 27.74, 302.89, 2.32, -0.02, 3.09, circuit_pos, 621.5, 39.55, 301.39, 2.31, -0.02, 3.09, tool_force, -1.6, 2.59, -13.31, actual_rep, 1, curr_step, 15, track_size, 72, robot_vel, 40.02, joints_pos, 11.96, 44.21, -15.98, -77.21, 16.54, 59.17, 39.09, tool_torque, -1.433, 0.347, -0.162, joint_torque, -0.02, -9.34, -0.21, 6.25, 1.13, -1.01, -0.14, robot_mode, normal, 
09/12/2022 13:37:12:790, robot_pos, 1670592796774, 621.89, 33.5, 303.4, 2.32, -0.02, 3.08, circuit_pos, 621.5, 39.55, 301.39, 2.31, -0.02, 3.09, tool_force, -1.33, 2.51, -13.16, actual_rep, 1, curr_step, 15, track_size, 72, robot_vel, 38.07, joints_pos, 12.47, 44.2, -15.98, -77.16, 16.51, 59.18, 39.93, tool_torque, -1.496, 0.313, -0.17, joint_torque, -0.08, -9.31, -0.23, 6.19, 1.12, -1.07, -0.14, robot_mode, normal, 
09/12/2022 13:37:13:085, robot_pos, 1670592797071, 622.05, 45.04, 304.66, 2.3, -0.02, 3.08, circuit_pos, 621.78, 57.42, 303.83, 2.3, -0.01, 3.09, tool_force, -1.18, 2.33, -12.89, actual_rep, 1, curr_step, 17, track_size, 72, robot_vel, 39.73, joints_pos, 13.53, 44.18, -15.98, -76.97, 16.41, 59.24, 41.73, tool_torque, -1.549, 0.174, -0.155, joint_torque, 0.16, -9.37, -0.13, 6.23, 1.11, -1.2, -0.14, robot_mode, normal, 
09/12/2022 13:37:13:384, robot_pos, 1670592797370, 622.17, 56.59, 306.24, 2.3, -0.01, 3.09, circuit_pos, 621.7, 64.77, 304.79, 2.29, -0.01, 3.09, tool_force, -1.77, 2.37, -13.17, actual_rep, 1, curr_step, 18, track_size, 72, robot_vel, 42.11, joints_pos, 14.65, 44.12, -15.99, -76.81, 16.01, 59.12, 43.41, tool_torque, -1.479, 0.381, -0.152, joint_torque, -0.05, -9.46, -0.25, 6.3, 1.09, -1.11, -0.12, robot_mode, normal, 
09/12/2022 13:37:13:704, robot_pos, 1670592797669, 622.11, 68.16, 307.73, 2.29, -0.01, 3.08, circuit_pos, 621.28, 81.29, 306.83, 2.28, -0.01, 3.09, tool_force, -1.48, 2.4, -12.99, actual_rep, 1, curr_step, 20, track_size, 72, robot_vel, 38.0, joints_pos, 15.72, 44.1, -15.99, -76.59, 15.81, 59.16, 45.34, tool_torque, -1.546, 0.278, -0.14, joint_torque, -0.14, -9.39, -0.34, 6.3, 1.06, -1.26, -0.11, robot_mode, normal, 
09/12/2022 13:37:13:864, robot_pos, 1670592797819, 621.95, 74.06, 308.4, 2.28, -0.01, 3.08, circuit_pos, 621.28, 81.29, 306.83, 2.28, -0.01, 3.09, tool_force, -1.65, 2.19, -12.82, actual_rep, 1, curr_step, 20, track_size, 72, robot_vel, 39.27, joints_pos, 16.25, 44.1, -15.98, -76.49, 15.75, 59.19, 46.09, tool_torque, -1.609, 0.256, -0.115, joint_torque, -0.23, -9.43, -0.34, 6.35, 1.05, -1.34, -0.1, robot_mode, normal, 
09/12/2022 13:37:14:001, robot_pos, 1670592797968, 621.72, 79.73, 309.06, 2.28, -0.01, 3.08, circuit_pos, 620.78, 89.35, 307.67, 2.27, -0.01, 3.09, tool_force, -1.26, 2.2, -12.92, actual_rep, 1, curr_step, 21, track_size, 72, robot_vel, 54.86, joints_pos, 16.76, 44.1, -15.98, -76.37, 15.69, 59.26, 46.89, tool_torque, -1.613, 0.204, -0.14, joint_torque, -0.06, -9.5, -0.34, 6.34, 1.05, -1.35, -0.12, robot_mode, normal, 
09/12/2022 13:37:14:143, robot_pos, 1670592798117, 621.43, 85.54, 309.71, 2.27, -0.01, 3.08, circuit_pos, 620.25, 96.98, 308.51, 2.27, -0.02, 3.08, tool_force, -1.3, 2.23, -12.79, actual_rep, 1, curr_step, 22, track_size, 72, robot_vel, 40.04, joints_pos, 17.28, 44.1, -15.98, -76.27, 15.64, 59.31, 47.76, tool_torque, -1.616, 0.22, -0.16, joint_torque, -0.08, -9.49, -0.39, 6.35, 1.03, -1.36, -0.15, robot_mode, normal, 
09/12/2022 13:37:14:301, robot_pos, 1670592798265, 621.11, 91.36, 310.39, 2.27, -0.02, 3.08, circuit_pos, 620.25, 96.98, 308.51, 2.27, -0.02, 3.08, tool_force, -1.16, 2.45, -13.03, actual_rep, 1, curr_step, 22, track_size, 72, robot_vel, 39.55, joints_pos, 17.7, 44.08, -15.91, -76.17, 15.97, 59.37, 48.19, tool_torque, -1.505, 0.073, -0.114, joint_torque, -0.24, -9.56, -0.65, 6.41, 0.91, -1.4, -0.1, robot_mode, normal, 
09/12/2022 13:37:14:441, robot_pos, 1670592798414, 620.76, 97.07, 311.04, 2.27, -0.02, 3.08, circuit_pos, 619.96, 103.53, 309.26, 2.26, -0.02, 3.08, tool_force, -1.56, 2.43, -12.78, actual_rep, 1, curr_step, 23, track_size, 72, robot_vel, 38.83, joints_pos, 18.17, 44.08, -15.9, -76.08, 16.19, 59.41, 48.85, tool_torque, -1.534, 0.125, -0.145, joint_torque, -0.35, -9.45, -0.66, 6.38, 0.91, -1.43, -0.13, robot_mode, normal, 
09/12/2022 13:37:14:605, robot_pos, 1670592798563, 620.49, 102.83, 311.72, 2.26, -0.02, 3.08, circuit_pos, 619.88, 109.67, 310.15, 2.26, -0.02, 3.08, tool_force, -0.89, 2.57, -12.84, actual_rep, 1, curr_step, 24, track_size, 72, robot_vel, 44.92, joints_pos, 18.68, 44.09, -15.92, -75.95, 16.28, 59.45, 49.6, tool_torque, -1.559, 0.122, -0.157, joint_torque, -0.09, -9.57, -0.46, 6.45, 0.91, -1.44, -0.14, robot_mode, normal, 
09/12/2022 13:37:14:751, robot_pos, 1670592798712, 620.41, 108.73, 312.6, 2.26, -0.02, 3.07, circuit_pos, 619.73, 115.25, 310.98, 2.26, -0.02, 3.07, tool_force, -0.78, 2.76, -13.09, actual_rep, 1, curr_step, 25, track_size, 72, robot_vel, 41.48, joints_pos, 19.18, 44.11, -15.93, -75.76, 16.36, 59.51, 50.19, tool_torque, -1.476, 0.124, -0.15, joint_torque, 0.02, -9.59, -0.42, 6.5, 0.89, -1.4, -0.12, robot_mode, normal, 
09/12/2022 13:37:14:903, robot_pos, 1670592798864, 620.32, 114.55, 313.42, 2.26, -0.02, 3.07, circuit_pos, 619.61, 120.68, 311.81, 2.26, -0.02, 3.07, tool_force, -1.37, 2.93, -13.23, actual_rep, 1, curr_step, 26, track_size, 72, robot_vel, 36.53, joints_pos, 19.67, 44.11, -15.92, -75.64, 16.55, 59.41, 50.65, tool_torque, -1.345, 0.33, -0.156, joint_torque, -0.33, -9.56, -0.56, 6.44, 0.89, -1.24, -0.12, robot_mode, normal, 
09/12/2022 13:37:15:044, robot_pos, 1670592799013, 620.05, 120.28, 314.23, 2.26, -0.02, 3.07, circuit_pos, 619.45, 126.37, 312.42, 2.25, -0.02, 3.07, tool_force, -1.16, 3.03, -13.14, actual_rep, 1, curr_step, 27, track_size, 72, robot_vel, 36.57, joints_pos, 20.16, 44.11, -15.92, -75.5, 16.57, 59.41, 51.38, tool_torque, -1.363, 0.319, -0.144, joint_torque, -0.34, -9.62, -0.62, 6.48, 0.88, -1.28, -0.11, robot_mode, normal, 
09/12/2022 13:37:15:202, robot_pos, 1670592799165, 619.86, 126.15, 314.74, 2.25, -0.02, 3.07, circuit_pos, 619.15, 132.12, 312.83, 2.25, -0.02, 3.07, tool_force, -0.87, 2.9, -13.18, actual_rep, 1, curr_step, 28, track_size, 72, robot_vel, 38.42, joints_pos, 20.68, 44.17, -15.93, -75.32, 16.57, 59.42, 52.17, tool_torque, -1.405, 0.224, -0.143, joint_torque, 0.0, -9.63, -0.39, 6.47, 0.9, -1.34, -0.11, robot_mode, normal, 
09/12/2022 13:37:15:345, robot_pos, 1670592799311, 619.6, 131.87, 315.16, 2.25, -0.02, 3.07, circuit_pos, 618.9, 137.78, 313.01, 2.25, -0.02, 3.07, tool_force, -0.97, 2.51, -12.99, actual_rep, 1, curr_step, 29, track_size, 72, robot_vel, 37.97, joints_pos, 21.17, 44.25, -15.94, -75.12, 16.56, 59.49, 52.81, tool_torque, -1.596, 0.203, -0.134, joint_torque, -0.28, -9.7, -0.56, 6.49, 0.89, -1.49, -0.09, robot_mode, normal, 
09/12/2022 13:37:15:505, robot_pos, 1670592799468, 619.33, 137.91, 315.51, 2.25, -0.02, 3.06, circuit_pos, 618.68, 143.43, 313.21, 2.25, -0.02, 3.07, tool_force, -1.05, 2.25, -13.02, actual_rep, 1, curr_step, 30, track_size, 72, robot_vel, 37.86, joints_pos, 21.71, 44.34, -15.94, -74.89, 16.53, 59.56, 53.44, tool_torque, -1.662, 0.211, -0.153, joint_torque, -0.43, -9.76, -0.64, 6.46, 0.91, -1.53, -0.11, robot_mode, normal, 
09/12/2022 13:37:15:661, robot_pos, 1670592799609, 619.27, 143.45, 315.81, 2.25, -0.02, 3.06, circuit_pos, 618.69, 148.48, 313.26, 2.24, -0.02, 3.06, tool_force, -1.31, 2.8, -13.09, actual_rep, 1, curr_step, 31, track_size, 72, robot_vel, 38.36, joints_pos, 22.15, 44.43, -15.92, -74.68, 16.55, 59.53, 54.16, tool_torque, -1.427, 0.282, -0.133, joint_torque, -0.37, -9.55, -0.68, 6.51, 0.88, -1.4, -0.11, robot_mode, normal, 
09/12/2022 13:37:15:802, robot_pos, 1670592799759, 619.18, 149.16, 315.74, 2.24, -0.02, 3.06, circuit_pos, 618.26, 162.37, 312.13, 2.22, -0.01, 3.06, tool_force, -0.78, 2.75, -13.62, actual_rep, 1, curr_step, 34, track_size, 72, robot_vel, 37.47, joints_pos, 22.63, 44.51, -15.92, -74.56, 16.69, 59.27, 54.92, tool_torque, -1.337, 0.293, -0.136, joint_torque, -0.21, -9.79, -0.65, 6.46, 0.84, -1.28, -0.12, robot_mode, normal, 
09/12/2022 13:37:16:141, robot_pos, 1670592800058, 618.65, 160.79, 314.54, 2.23, -0.02, 3.06, circuit_pos, 617.3, 174.03, 309.36, 2.21, -0.01, 3.07, tool_force, -1.22, 3.15, -13.27, actual_rep, 1, curr_step, 39, track_size, 72, robot_vel, 36.02, joints_pos, 23.74, 44.85, -16.01, -74.17, 16.41, 59.08, 56.96, tool_torque, -1.428, 0.462, -0.16, joint_torque, -0.35, -9.61, -0.55, 6.5, 0.88, -1.38, -0.11, robot_mode, normal, 
09/12/2022 13:37:16:404, robot_pos, 1670592800356, 618.09, 172.37, 312.42, 2.21, -0.01, 3.06, circuit_pos, 617.51, 173.25, 310.15, 2.21, -0.01, 3.07, tool_force, -1.55, 2.3, -12.87, actual_rep, 1, curr_step, 44, track_size, 72, robot_vel, 40.13, joints_pos, 24.77, 45.36, -16.01, -73.59, 15.93, 59.23, 59.24, tool_torque, -1.699, 0.348, -0.127, joint_torque, -0.77, -10.24, -0.91, 6.65, 0.81, -1.63, -0.06, robot_mode, normal, 
09/12/2022 13:37:16:561, robot_pos, 1670592800503, 618.1, 173.43, 312.94, 2.21, -0.01, 3.07, circuit_pos, 617.62, 173.49, 309.59, 2.21, -0.01, 3.07, tool_force, -1.2, 2.38, -13.18, actual_rep, 1, curr_step, 47, track_size, 72, robot_vel, 6.97, joints_pos, 24.97, 45.4, -16.18, -73.46, 15.91, 59.42, 59.47, tool_torque, -1.605, 0.309, -0.068, joint_torque, -0.61, -10.04, -0.76, 6.57, 0.74, -1.58, 0.02, robot_mode, normal, 
09/12/2022 13:37:16:703, robot_pos, 1670592800653, 618.22, 173.72, 312.13, 2.21, -0.01, 3.07, circuit_pos, 617.74, 173.65, 309.52, 2.21, -0.01, 3.07, tool_force, -1.06, 3.44, -13.7, actual_rep, 1, curr_step, 49, track_size, 72, robot_vel, 5.63, joints_pos, 24.97, 45.48, -16.16, -73.45, 15.95, 59.34, 59.43, tool_torque, -1.287, 0.217, 0.043, joint_torque, -0.23, -9.92, -0.7, 6.67, 0.75, -1.43, 0.09, robot_mode, normal, 
09/12/2022 13:37:17:063, robot_pos, 1670592800952, 618.23, 173.81, 312.2, 2.21, -0.01, 3.07, circuit_pos, 617.72, 173.59, 309.52, 2.21, -0.01, 3.07, tool_force, -0.6, 3.34, -13.34, actual_rep, 1, curr_step, 54, track_size, 72, robot_vel, 2.25, joints_pos, 24.96, 45.48, -16.14, -73.44, 15.95, 59.36, 59.45, tool_torque, -1.306, 0.12, 0.03, joint_torque, 0.0, -9.89, -0.64, 6.68, 0.75, -1.47, 0.06, robot_mode, normal, 
09/12/2022 13:37:17:164, robot_pos, 1670592801102, 618.24, 173.75, 312.21, 2.21, -0.01, 3.07, circuit_pos, 617.71, 173.62, 309.53, 2.21, -0.01, 3.07, tool_force, -0.63, 3.45, -13.26, actual_rep, 1, curr_step, 57, track_size, 72, robot_vel, 0.32, joints_pos, 24.96, 45.48, -16.15, -73.44, 15.95, 59.36, 59.45, tool_torque, -1.312, 0.146, 0.043, joint_torque, -0.03, -9.89, -0.61, 6.7, 0.76, -1.48, 0.08, robot_mode, normal, 
09/12/2022 13:37:17:302, robot_pos, 1670592801249, 618.23, 173.79, 312.21, 2.21, -0.01, 3.07, circuit_pos, 617.7, 173.64, 309.53, 2.21, -0.01, 3.07, tool_force, -0.82, 3.43, -13.3, actual_rep, 1, curr_step, 60, track_size, 72, robot_vel, 0.55, joints_pos, 24.96, 45.48, -16.14, -73.44, 15.95, 59.36, 59.45, tool_torque, -1.317, 0.169, 0.021, joint_torque, -0.08, -9.9, -0.65, 6.72, 0.77, -1.48, 0.06, robot_mode, normal, 
09/12/2022 13:37:17:463, robot_pos, 1670592801399, 618.22, 173.78, 312.22, 2.21, -0.01, 3.07, circuit_pos, 617.7, 173.64, 309.53, 2.21, -0.01, 3.07, tool_force, -0.81, 3.48, -13.28, actual_rep, 1, curr_step, 62, track_size, 72, robot_vel, 0.03, joints_pos, 24.96, 45.48, -16.14, -73.44, 15.95, 59.36, 59.45, tool_torque, -1.319, 0.169, 0.02, joint_torque, -0.07, -9.89, -0.64, 6.73, 0.77, -1.49, 0.06, robot_mode, normal, 
09/12/2022 13:37:17:603, robot_pos, 1670592801549, 618.22, 173.78, 312.22, 2.21, -0.01, 3.07, circuit_pos, 617.71, 173.63, 309.53, 2.21, -0.01, 3.07, tool_force, -0.81, 3.47, -13.25, actual_rep, 1, curr_step, 65, track_size, 72, robot_vel, 0.0, joints_pos, 24.96, 45.48, -16.14, -73.44, 15.95, 59.36, 59.45, tool_torque, -1.317, 0.165, 0.022, joint_torque, -0.07, -9.87, -0.64, 6.72, 0.77, -1.49, 0.06, robot_mode, normal, 
09/12/2022 13:37:17:764, robot_pos, 1670592801696, 618.22, 173.78, 312.22, 2.21, -0.01, 3.07, circuit_pos, 617.71, 173.63, 309.53, 2.21, -0.01, 3.07, tool_force, -0.79, 3.48, -13.24, actual_rep, 1, curr_step, 67, track_size, 72, robot_vel, 0.03, joints_pos, 24.96, 45.48, -16.14, -73.44, 15.95, 59.36, 59.45, tool_torque, -1.313, 0.158, 0.023, joint_torque, -0.06, -9.86, -0.64, 6.71, 0.76, -1.49, 0.06, robot_mode, normal, 
09/12/2022 13:37:17:903, robot_pos, 1670592801848, 618.22, 173.78, 312.22, 2.21, -0.01, 3.07, circuit_pos, 617.71, 173.63, 309.53, 2.21, -0.01, 3.07, tool_force, -0.8, 3.5, -13.24, actual_rep, 1, curr_step, 70, track_size, 72, robot_vel, 0.01, joints_pos, 24.96, 45.48, -16.14, -73.44, 15.95, 59.36, 59.45, tool_torque, -1.313, 0.163, 0.023, joint_torque, -0.06, -9.86, -0.64, 6.72, 0.76, -1.49, 0.06, robot_mode, normal, 
09/12/2022 13:37:18:063, robot_pos, 1670592801998, 618.22, 173.77, 312.22, 2.21, -0.01, 3.07, circuit_pos, 617.71, 173.63, 309.53, 2.21, -0.01, 3.07, tool_force, -0.8, 3.5, -13.24, actual_rep, 1, curr_step, 70, track_size, 72, robot_vel, 0.01, joints_pos, 24.96, 45.48, -16.14, -73.44, 15.95, 59.36, 59.45, tool_torque, -1.313, 0.166, 0.023, joint_torque, -0.06, -9.86, -0.64, 6.72, 0.76, -1.49, 0.06, robot_mode, normal, 
09/12/2022 13:37:18:204, robot_pos, 1670592802148, 618.22, 173.77, 312.22, 2.21, -0.01, 3.07, circuit_pos, 617.71, 173.63, 309.53, 2.21, -0.01, 3.07, tool_force, -0.8, 3.49, -13.24, actual_rep, 1, curr_step, 68, track_size, 72, robot_vel, 0.0, joints_pos, 24.96, 45.48, -16.14, -73.44, 15.95, 59.36, 59.45, tool_torque, -1.313, 0.167, 0.023, joint_torque, -0.07, -9.86, -0.64, 6.72, 0.76, -1.49, 0.06, robot_mode, normal, 
09/12/2022 13:37:18:365, robot_pos, 1670592802297, 618.22, 173.77, 312.22, 2.21, -0.01, 3.07, circuit_pos, 617.71, 173.63, 309.53, 2.21, -0.01, 3.07, tool_force, -0.8, 3.51, -13.22, actual_rep, 1, curr_step, 65, track_size, 72, robot_vel, 0.0, joints_pos, 24.96, 45.48, -16.14, -73.44, 15.95, 59.36, 59.45, tool_torque, -1.31, 0.164, 0.023, joint_torque, -0.06, -9.85, -0.63, 6.71, 0.76, -1.49, 0.06, robot_mode, normal, 
09/12/2022 13:37:18:524, robot_pos, 1670592802457, 618.22, 173.78, 312.22, 2.21, -0.01, 3.07, circuit_pos, 617.71, 173.64, 309.53, 2.21, -0.01, 3.07, tool_force, -0.85, 3.49, -13.22, actual_rep, 1, curr_step, 63, track_size, 72, robot_vel, 0.04, joints_pos, 24.96, 45.48, -16.14, -73.44, 15.95, 59.36, 59.45, tool_torque, -1.314, 0.174, 0.021, joint_torque, -0.09, -9.85, -0.64, 6.71, 0.76, -1.49, 0.06, robot_mode, normal, 
09/12/2022 13:37:18:665, robot_pos, 1670592802604, 618.22, 173.78, 312.22, 2.21, -0.01, 3.07, circuit_pos, 617.7, 173.64, 309.53, 2.21, -0.01, 3.07, tool_force, -0.85, 3.5, -13.22, actual_rep, 1, curr_step, 60, track_size, 72, robot_vel, 0.02, joints_pos, 24.96, 45.48, -16.14, -73.44, 15.95, 59.36, 59.45, tool_torque, -1.316, 0.172, 0.021, joint_torque, -0.08, -9.85, -0.64, 6.72, 0.76, -1.49, 0.06, robot_mode, normal, 
09/12/2022 13:37:18:821, robot_pos, 1670592802754, 618.22, 173.78, 312.22, 2.21, -0.01, 3.07, circuit_pos, 617.7, 173.64, 309.53, 2.21, -0.01, 3.07, tool_force, -0.83, 3.5, -13.23, actual_rep, 1, curr_step, 58, track_size, 72, robot_vel, 0.01, joints_pos, 24.96, 45.48, -16.14, -73.44, 15.95, 59.36, 59.45, tool_torque, -1.314, 0.17, 0.021, joint_torque, -0.08, -9.86, -0.65, 6.72, 0.76, -1.49, 0.06, robot_mode, normal, 
09/12/2022 13:37:19:123, robot_pos, 1670592803053, 618.23, 173.75, 312.22, 2.21, -0.01, 3.07, circuit_pos, 617.7, 173.68, 309.51, 2.21, -0.01, 3.07, tool_force, -0.73, 3.55, -13.22, actual_rep, 1, curr_step, 53, track_size, 72, robot_vel, 0.06, joints_pos, 24.96, 45.48, -16.15, -73.44, 15.95, 59.36, 59.45, tool_torque, -1.3, 0.149, 0.035, joint_torque, 0.0, -9.85, -0.6, 6.72, 0.77, -1.49, 0.07, robot_mode, normal, 
09/12/2022 13:37:19:425, robot_pos, 1670592803353, 618.21, 173.78, 312.21, 2.21, -0.01, 3.07, circuit_pos, 617.74, 173.64, 309.48, 2.21, -0.01, 3.07, tool_force, -0.68, 3.48, -13.28, actual_rep, 1, curr_step, 48, track_size, 72, robot_vel, 1.79, joints_pos, 24.96, 45.48, -16.14, -73.44, 15.95, 59.36, 59.45, tool_torque, -1.297, 0.155, 0.042, joint_torque, -0.02, -9.88, -0.6, 6.71, 0.76, -1.47, 0.08, robot_mode, normal, 
09/12/2022 13:37:19:724, robot_pos, 1670592803650, 617.94, 173.4, 312.84, 2.21, -0.01, 3.07, circuit_pos, 617.58, 173.1, 309.72, 2.21, -0.01, 3.07, tool_force, -0.55, 3.63, -13.04, actual_rep, 1, curr_step, 43, track_size, 72, robot_vel, 5.87, joints_pos, 24.96, 45.39, -16.16, -73.5, 15.92, 59.39, 59.45, tool_torque, -1.352, 0.1, 0.076, joint_torque, 0.05, -9.64, -0.57, 6.71, 0.79, -1.53, 0.12, robot_mode, normal, 
09/12/2022 13:37:20:025, robot_pos, 1670592803949, 617.88, 174.26, 312.1, 2.21, -0.01, 3.06, circuit_pos, 617.74, 172.36, 310.59, 2.21, -0.01, 3.06, tool_force, -0.86, 3.24, -13.56, actual_rep, 1, curr_step, 37, track_size, 72, robot_vel, 13.8, joints_pos, 24.97, 45.43, -16.07, -73.51, 15.93, 59.27, 59.51, tool_torque, -1.257, 0.047, 0.053, joint_torque, 0.01, -9.81, -0.76, 6.71, 0.75, -1.49, 0.06, robot_mode, normal, 
09/12/2022 13:37:20:343, robot_pos, 1670592804248, 618.43, 166.68, 314.23, 2.22, -0.01, 3.06, circuit_pos, 618.64, 153.34, 313.12, 2.24, -0.02, 3.06, tool_force, -0.02, 4.56, -13.22, actual_rep, 1, curr_step, 32, track_size, 72, robot_vel, 40.15, joints_pos, 24.48, 45.01, -16.34, -74.01, 16.36, 58.88, 58.05, tool_torque, -0.89, -0.302, 0.462, joint_torque, 1.01, -9.88, -0.26, 6.91, 0.76, -1.38, 0.48, robot_mode, normal, 
09/12/2022 13:37:20:482, robot_pos, 1670592804399, 618.74, 161.07, 314.75, 2.22, -0.01, 3.06, circuit_pos, 618.68, 143.43, 313.21, 2.25, -0.02, 3.07, tool_force, 0.29, 5.02, -12.84, actual_rep, 1, curr_step, 30, track_size, 72, robot_vel, 40.95, joints_pos, 23.99, 44.85, -16.37, -74.21, 16.58, 58.97, 56.97, tool_torque, -1.027, -0.299, 0.454, joint_torque, 0.54, -9.38, -0.4, 6.71, 0.75, -1.52, 0.49, robot_mode, normal, 
09/12/2022 13:37:20:642, robot_pos, 1670592804549, 618.78, 155.19, 315.07, 2.23, -0.01, 3.06, circuit_pos, 618.68, 143.43, 313.21, 2.25, -0.02, 3.07, tool_force, 0.67, 4.84, -12.98, actual_rep, 1, curr_step, 30, track_size, 72, robot_vel, 38.21, joints_pos, 23.46, 44.71, -16.38, -74.4, 16.63, 59.21, 55.91, tool_torque, -1.102, -0.426, 0.467, joint_torque, 0.9, -9.57, -0.32, 6.9, 0.81, -1.62, 0.49, robot_mode, normal, 
09/12/2022 13:37:20:945, robot_pos, 1670592804846, 619.21, 143.59, 315.57, 2.25, -0.02, 3.06, circuit_pos, 618.9, 137.78, 313.01, 2.25, -0.02, 3.07, tool_force, 0.35, 4.27, -13.23, actual_rep, 1, curr_step, 29, track_size, 72, robot_vel, 40.3, joints_pos, 22.43, 44.5, -16.37, -74.69, 16.72, 59.59, 54.07, tool_torque, -1.196, -0.285, 0.414, joint_torque, 0.27, -9.69, -0.6, 6.77, 0.83, -1.57, 0.45, robot_mode, normal, 
09/12/2022 13:37:21:083, robot_pos, 1670592804996, 619.39, 137.78, 315.6, 2.25, -0.02, 3.07, circuit_pos, 619.15, 132.12, 312.83, 2.25, -0.02, 3.07, tool_force, 0.43, 4.27, -13.17, actual_rep, 1, curr_step, 28, track_size, 72, robot_vel, 39.53, joints_pos, 21.96, 44.38, -16.38, -74.9, 16.74, 59.6, 53.44, tool_torque, -1.13, -0.286, 0.374, joint_torque, 0.68, -9.6, -0.3, 6.73, 0.85, -1.49, 0.41, robot_mode, normal, 
09/12/2022 13:37:21:242, robot_pos, 1670592805147, 619.7, 131.8, 315.42, 2.25, -0.02, 3.07, circuit_pos, 619.45, 126.37, 312.42, 2.25, -0.02, 3.07, tool_force, 0.22, 4.15, -13.62, actual_rep, 1, curr_step, 27, track_size, 72, robot_vel, 39.5, joints_pos, 21.45, 44.29, -16.39, -75.09, 16.77, 59.57, 52.84, tool_torque, -1.096, -0.183, 0.385, joint_torque, 0.32, -9.88, -0.49, 6.76, 0.84, -1.39, 0.43, robot_mode, normal, 
09/12/2022 13:37:21:383, robot_pos, 1670592805296, 619.93, 126.19, 315.07, 2.25, -0.02, 3.07, circuit_pos, 619.61, 120.68, 311.81, 2.26, -0.02, 3.07, tool_force, 0.53, 4.81, -13.49, actual_rep, 1, curr_step, 26, track_size, 72, robot_vel, 39.11, joints_pos, 20.95, 44.22, -16.39, -75.28, 16.8, 59.54, 52.05, tool_torque, -0.909, -0.189, 0.423, joint_torque, 0.62, -9.62, -0.35, 6.75, 0.86, -1.29, 0.46, robot_mode, normal, 
09/12/2022 13:37:21:543, robot_pos, 1670592805447, 620.16, 120.27, 314.45, 2.26, -0.02, 3.07, circuit_pos, 619.73, 115.25, 310.98, 2.26, -0.02, 3.07, tool_force, -0.2, 4.49, -13.65, actual_rep, 1, curr_step, 25, track_size, 72, robot_vel, 46.22, joints_pos, 20.43, 44.16, -16.39, -75.49, 16.85, 59.46, 51.22, tool_torque, -0.924, -0.051, 0.391, joint_torque, 0.12, -9.59, -0.57, 6.69, 0.86, -1.23, 0.44, robot_mode, normal, 
09/12/2022 13:37:21:684, robot_pos, 1670592805593, 620.2, 114.67, 313.62, 2.26, -0.02, 3.07, circuit_pos, 619.88, 109.67, 310.15, 2.26, -0.02, 3.08, tool_force, 0.68, 4.27, -13.53, actual_rep, 1, curr_step, 24, track_size, 72, robot_vel, 39.8, joints_pos, 19.95, 44.13, -16.39, -75.67, 16.84, 59.47, 50.61, tool_torque, -1.028, -0.222, 0.427, joint_torque, 0.61, -9.64, -0.37, 6.64, 0.94, -1.33, 0.45, robot_mode, normal, 
09/12/2022 13:37:21:842, robot_pos, 1670592805744, 620.36, 108.77, 312.81, 2.26, -0.02, 3.07, circuit_pos, 619.96, 103.53, 309.26, 2.26, -0.02, 3.08, tool_force, 0.52, 4.13, -13.4, actual_rep, 1, curr_step, 23, track_size, 72, robot_vel, 42.71, joints_pos, 19.46, 44.15, -16.39, -75.77, 16.65, 59.57, 50.18, tool_torque, -1.152, -0.298, 0.403, joint_torque, 0.84, -9.71, -0.25, 6.72, 0.99, -1.42, 0.41, robot_mode, normal, 
09/12/2022 13:37:21:983, robot_pos, 1670592805890, 620.61, 103.04, 312.08, 2.26, -0.02, 3.08, circuit_pos, 620.25, 96.98, 308.51, 2.27, -0.02, 3.08, tool_force, 0.11, 4.13, -13.22, actual_rep, 1, curr_step, 22, track_size, 72, robot_vel, 42.35, joints_pos, 18.95, 44.14, -16.39, -75.91, 16.65, 59.57, 49.43, tool_torque, -1.112, -0.202, 0.422, joint_torque, 0.48, -9.6, -0.43, 6.65, 0.98, -1.37, 0.44, robot_mode, normal, 
09/12/2022 13:37:22:182, robot_pos, 1670592806043, 620.84, 97.09, 311.36, 2.27, -0.02, 3.08, circuit_pos, 620.78, 89.35, 307.67, 2.27, -0.01, 3.09, tool_force, 0.11, 4.25, -13.54, actual_rep, 1, curr_step, 21, track_size, 72, robot_vel, 39.48, joints_pos, 18.44, 44.13, -16.39, -76.05, 16.55, 59.53, 48.67, tool_torque, -1.047, -0.049, 0.415, joint_torque, 0.26, -9.54, -0.49, 6.58, 1.0, -1.24, 0.44, robot_mode, normal, 
09/12/2022 13:37:22:445, robot_pos, 1670592806339, 621.52, 85.62, 310.15, 2.27, -0.01, 3.09, circuit_pos, 621.28, 81.29, 306.83, 2.28, -0.01, 3.09, tool_force, -0.52, 3.98, -13.59, actual_rep, 1, curr_step, 20, track_size, 72, robot_vel, 42.84, joints_pos, 17.52, 44.14, -16.39, -76.2, 15.92, 59.48, 47.57, tool_torque, -0.972, -0.05, 0.417, joint_torque, 0.61, -9.58, -0.3, 6.59, 1.01, -1.16, 0.43, robot_mode, normal, 
09/12/2022 13:37:22:743, robot_pos, 1670592806636, 622.06, 74.12, 308.8, 2.28, -0.01, 3.09, circuit_pos, 621.7, 64.77, 304.79, 2.29, -0.01, 3.09, tool_force, -0.52, 4.15, -13.6, actual_rep, 1, curr_step, 18, track_size, 72, robot_vel, 41.67, joints_pos, 16.5, 44.15, -16.39, -76.42, 15.92, 59.35, 46.14, tool_torque, -0.944, -0.035, 0.392, joint_torque, 0.57, -9.55, -0.31, 6.63, 1.01, -1.13, 0.4, robot_mode, normal, 
09/12/2022 13:37:23:044, robot_pos, 1670592806938, 622.3, 62.46, 307.36, 2.29, -0.01, 3.09, circuit_pos, 621.78, 57.42, 303.83, 2.3, -0.01, 3.09, tool_force, -0.33, 4.28, -13.73, actual_rep, 1, curr_step, 17, track_size, 72, robot_vel, 40.79, joints_pos, 15.45, 44.14, -16.38, -76.67, 16.0, 59.19, 44.28, tool_torque, -0.908, -0.056, 0.39, joint_torque, 0.48, -9.51, -0.36, 6.52, 0.97, -1.09, 0.41, robot_mode, normal, 
09/12/2022 13:37:23:344, robot_pos, 1670592807236, 622.15, 50.88, 305.75, 2.3, -0.02, 3.09, circuit_pos, 621.5, 39.55, 301.39, 2.31, -0.02, 3.09, tool_force, 0.17, 4.06, -13.32, actual_rep, 1, curr_step, 15, track_size, 72, robot_vel, 40.77, joints_pos, 14.33, 44.19, -16.38, -76.86, 16.44, 59.3, 42.59, tool_torque, -1.088, -0.253, 0.34, joint_torque, 0.7, -9.5, -0.19, 6.51, 0.99, -1.26, 0.37, robot_mode, normal, 
09/12/2022 13:37:23:665, robot_pos, 1670592807535, 622.06, 39.29, 304.28, 2.31, -0.02, 3.09, circuit_pos, 621.3, 29.46, 300.25, 2.32, -0.02, 3.09, tool_force, -0.35, 3.99, -13.56, actual_rep, 1, curr_step, 14, track_size, 72, robot_vel, 42.08, joints_pos, 13.24, 44.23, -16.38, -77.04, 16.62, 59.28, 40.76, tool_torque, -0.99, -0.125, 0.337, joint_torque, 0.67, -9.47, -0.16, 6.47, 1.02, -1.1, 0.36, robot_mode, normal, 
09/12/2022 13:37:23:802, robot_pos, 1670592807685, 621.97, 33.49, 303.6, 2.31, -0.02, 3.09, circuit_pos, 621.22, 18.66, 299.53, 2.33, -0.02, 3.09, tool_force, -0.29, 4.08, -13.58, actual_rep, 1, curr_step, 13, track_size, 72, robot_vel, 47.06, joints_pos, 12.72, 44.24, -16.38, -77.13, 16.67, 59.26, 39.87, tool_torque, -0.957, -0.078, 0.301, joint_torque, 0.71, -9.58, -0.12, 6.51, 1.04, -1.04, 0.33, robot_mode, normal, 
09/12/2022 13:37:23:944, robot_pos, 1670592807834, 621.91, 27.68, 303.14, 2.32, -0.02, 3.09, circuit_pos, 621.22, 18.66, 299.53, 2.33, -0.02, 3.09, tool_force, -0.71, 3.75, -13.72, actual_rep, 1, curr_step, 13, track_size, 72, robot_vel, 42.18, joints_pos, 12.18, 44.25, -16.38, -77.19, 16.72, 59.25, 38.97, tool_torque, -1.022, 0.015, 0.292, joint_torque, 0.36, -9.47, -0.26, 6.41, 1.04, -1.01, 0.32, robot_mode, normal, 
09/12/2022 13:37:24:103, robot_pos, 1670592807985, 621.86, 21.93, 302.69, 2.33, -0.02, 3.09, circuit_pos, 621.31, 7.17, 299.27, 2.33, -0.02, 3.09, tool_force, -0.84, 3.69, -13.67, actual_rep, 1, curr_step, 12, track_size, 72, robot_vel, 36.7, joints_pos, 11.66, 44.26, -16.39, -77.25, 16.75, 59.24, 38.13, tool_torque, -0.997, 0.017, 0.298, joint_torque, 0.38, -9.42, -0.25, 6.38, 1.05, -0.99, 0.33, robot_mode, normal, 
09/12/2022 13:37:24:261, robot_pos, 1670592808134, 621.87, 16.14, 302.45, 2.33, -0.02, 3.09, circuit_pos, 621.31, 7.17, 299.27, 2.33, -0.02, 3.09, tool_force, -0.82, 3.58, -13.51, actual_rep, 1, curr_step, 12, track_size, 72, robot_vel, 40.01, joints_pos, 11.11, 44.27, -16.39, -77.28, 16.79, 59.24, 37.48, tool_torque, -1.032, 0.01, 0.266, joint_torque, 0.4, -9.42, -0.18, 6.35, 1.06, -0.98, 0.3, robot_mode, normal, 
09/12/2022 13:37:24:404, robot_pos, 1670592808286, 621.89, 10.31, 302.22, 2.33, -0.02, 3.09, circuit_pos, 621.4, -3.17, 299.31, 2.33, -0.02, 3.09, tool_force, -0.39, 4.02, -13.55, actual_rep, 1, curr_step, 11, track_size, 72, robot_vel, 43.67, joints_pos, 10.59, 44.28, -16.39, -77.29, 16.81, 59.24, 36.87, tool_torque, -1.01, -0.027, 0.25, joint_torque, 0.79, -9.43, 0.03, 6.38, 1.09, -0.98, 0.28, robot_mode, normal, 
09/12/2022 13:37:24:565, robot_pos, 1670592808438, 621.89, 4.44, 302.16, 2.33, -0.02, 3.09, circuit_pos, 621.4, -3.17, 299.31, 2.33, -0.02, 3.09, tool_force, -0.78, 3.45, -13.58, actual_rep, 1, curr_step, 11, track_size, 72, robot_vel, 40.2, joints_pos, 10.04, 44.28, -16.39, -77.3, 16.83, 59.25, 36.29, tool_torque, -1.12, -0.011, 0.262, joint_torque, 0.33, -9.41, -0.21, 6.3, 1.08, -1.02, 0.3, robot_mode, normal, 
09/12/2022 13:37:24:703, robot_pos, 1670592808587, 621.87, -1.28, 302.11, 2.33, -0.02, 3.09, circuit_pos, 621.41, -16.2, 299.67, 2.34, -0.02, 3.09, tool_force, -1.03, 3.12, -13.35, actual_rep, 1, curr_step, 10, track_size, 72, robot_vel, 43.06, joints_pos, 9.51, 44.29, -16.39, -77.3, 16.84, 59.28, 35.64, tool_torque, -1.173, -0.061, 0.248, joint_torque, 0.35, -9.34, -0.17, 6.27, 1.1, -1.07, 0.28, robot_mode, normal, 
09/12/2022 13:37:24:863, robot_pos, 1670592808739, 621.84, -7.19, 302.2, 2.33, -0.02, 3.09, circuit_pos, 621.41, -16.2, 299.67, 2.34, -0.02, 3.09, tool_force, 0.17, 3.52, -13.33, actual_rep, 1, curr_step, 10, track_size, 72, robot_vel, 37.6, joints_pos, 8.97, 44.29, -16.39, -77.28, 16.86, 59.31, 34.92, tool_torque, -1.151, -0.234, 0.239, joint_torque, 0.71, -9.46, -0.03, 6.26, 1.11, -1.1, 0.27, robot_mode, normal, 
09/12/2022 13:37:25:001, robot_pos, 1670592808888, 621.78, -12.88, 302.31, 2.34, -0.02, 3.09, circuit_pos, 621.3, -26.89, 300.2, 2.34, -0.02, 3.09, tool_force, -0.61, 2.95, -13.13, actual_rep, 1, curr_step, 9, track_size, 72, robot_vel, 37.78, joints_pos, 8.42, 44.29, -16.39, -77.26, 16.87, 59.36, 34.21, tool_torque, -1.273, -0.127, 0.248, joint_torque, 0.17, -9.28, -0.26, 6.14, 1.1, -1.12, 0.29, robot_mode, normal, 
09/12/2022 13:37:25:162, robot_pos, 1670592809039, 621.74, -18.7, 302.52, 2.34, -0.02, 3.09, circuit_pos, 621.3, -26.89, 300.2, 2.34, -0.02, 3.09, tool_force, -0.25, 2.93, -13.14, actual_rep, 1, curr_step, 9, track_size, 72, robot_vel, 37.73, joints_pos, 7.89, 44.3, -16.39, -77.21, 16.88, 59.43, 33.63, tool_torque, -1.25, -0.199, 0.232, joint_torque, 0.64, -9.32, -0.01, 6.14, 1.14, -1.09, 0.26, robot_mode, normal, 
09/12/2022 13:37:25:302, robot_pos, 1670592809190, 621.64, -24.54, 302.75, 2.34, -0.02, 3.09, circuit_pos, 621.1, -36.42, 300.61, 2.35, -0.02, 3.09, tool_force, 0.0, 3.08, -13.02, actual_rep, 1, curr_step, 8, track_size, 72, robot_vel, 38.38, joints_pos, 7.34, 44.31, -16.39, -77.16, 16.88, 59.52, 32.97, tool_torque, -1.279, -0.194, 0.236, joint_torque, 0.55, -9.28, -0.02, 6.09, 1.16, -1.09, 0.28, robot_mode, normal, 
09/12/2022 13:37:25:461, robot_pos, 1670592809340, 621.55, -30.3, 302.97, 2.34, -0.02, 3.09, circuit_pos, 621.1, -36.42, 300.61, 2.35, -0.02, 3.09, tool_force, -0.31, 2.51, -13.25, actual_rep, 1, curr_step, 8, track_size, 72, robot_vel, 39.94, joints_pos, 6.8, 44.32, -16.39, -77.1, 16.88, 59.61, 32.16, tool_torque, -1.353, -0.182, 0.205, joint_torque, 0.19, -9.37, -0.22, 6.05, 1.14, -1.09, 0.24, robot_mode, normal, 
09/12/2022 13:37:25:602, robot_pos, 1670592809493, 621.48, -36.14, 303.12, 2.35, -0.02, 3.09, circuit_pos, 620.58, -46.71, 300.66, 2.36, -0.01, 3.09, tool_force, -0.34, 3.16, -13.19, actual_rep, 1, curr_step, 7, track_size, 72, robot_vel, 44.75, joints_pos, 6.27, 44.33, -16.4, -77.06, 16.88, 59.59, 31.36, tool_torque, -1.219, -0.072, 0.215, joint_torque, 0.56, -9.23, 0.06, 6.03, 1.19, -0.93, 0.25, robot_mode, normal, 
09/12/2022 13:37:25:762, robot_pos, 1670592809641, 621.31, -41.89, 303.25, 2.35, -0.01, 3.09, circuit_pos, 620.04, -56.04, 300.07, 2.37, -0.01, 3.09, tool_force, -0.79, 3.2, -13.28, actual_rep, 1, curr_step, 6, track_size, 72, robot_vel, 40.06, joints_pos, 5.79, 44.32, -16.44, -77.05, 16.74, 59.5, 30.59, tool_torque, -1.169, 0.098, 0.223, joint_torque, 0.55, -9.09, 0.08, 6.0, 1.25, -0.8, 0.24, robot_mode, normal, 
09/12/2022 13:37:25:911, robot_pos, 1670592809793, 620.95, -47.66, 303.16, 2.36, -0.01, 3.09, circuit_pos, 620.04, -56.04, 300.07, 2.37, -0.01, 3.09, tool_force, -1.04, 3.23, -13.38, actual_rep, 1, curr_step, 6, track_size, 72, robot_vel, 44.72, joints_pos, 5.28, 44.33, -16.44, -77.06, 16.72, 59.45, 29.75, tool_torque, -1.143, 0.123, 0.215, joint_torque, 0.48, -9.17, 0.01, 6.05, 1.24, -0.79, 0.24, robot_mode, normal, 
09/12/2022 13:37:26:065, robot_pos, 1670592809943, 620.59, -53.39, 302.87, 2.37, -0.01, 3.09, circuit_pos, 619.15, -64.3, 298.91, 2.37, -0.01, 3.09, tool_force, -0.76, 3.18, -13.41, actual_rep, 1, curr_step, 5, track_size, 72, robot_vel, 40.65, joints_pos, 4.75, 44.36, -16.45, -77.05, 16.72, 59.42, 28.92, tool_torque, -1.158, 0.045, 0.21, joint_torque, 0.71, -9.34, 0.11, 6.08, 1.26, -0.78, 0.22, robot_mode, normal, 
09/12/2022 13:37:26:202, robot_pos, 1670592810093, 620.14, -59.19, 302.27, 2.37, -0.01, 3.09, circuit_pos, 619.15, -64.3, 298.91, 2.37, -0.01, 3.09, tool_force, -0.43, 3.46, -13.6, actual_rep, 1, curr_step, 5, track_size, 72, robot_vel, 44.04, joints_pos, 4.22, 44.42, -16.45, -77.05, 16.72, 59.37, 28.28, tool_torque, -1.136, 0.049, 0.204, joint_torque, 0.71, -9.4, 0.08, 6.06, 1.26, -0.75, 0.21, robot_mode, normal, 
09/12/2022 13:37:26:361, robot_pos, 1670592810243, 619.47, -64.99, 301.51, 2.37, -0.01, 3.09, circuit_pos, 617.78, -71.85, 297.69, 2.37, -0.01, 3.09, tool_force, -0.98, 3.12, -13.52, actual_rep, 1, curr_step, 4, track_size, 72, robot_vel, 42.92, joints_pos, 3.67, 44.48, -16.45, -77.08, 16.76, 59.33, 27.66, tool_torque, -1.162, 0.12, 0.186, joint_torque, 0.28, -9.31, -0.12, 6.03, 1.22, -0.73, 0.2, robot_mode, normal, 
09/12/2022 13:37:26:503, robot_pos, 1670592810393, 618.66, -70.81, 300.74, 2.37, -0.01, 3.09, circuit_pos, 616.23, -78.75, 296.86, 2.37, 0.0, 3.09, tool_force, -1.22, 3.35, -13.51, actual_rep, 1, curr_step, 3, track_size, 72, robot_vel, 39.73, joints_pos, 3.16, 44.5, -16.46, -77.17, 16.78, 59.17, 27.08, tool_torque, -1.077, 0.127, 0.174, joint_torque, 0.78, -9.2, 0.26, 6.11, 1.23, -0.69, 0.18, robot_mode, normal, 
09/12/2022 13:37:26:661, robot_pos, 1670592810542, 617.5, -76.59, 300.05, 2.37, 0.0, 3.09, circuit_pos, 615.03, -85.14, 296.67, 2.36, 0.0, 3.09, tool_force, -1.94, 3.23, -13.55, actual_rep, 1, curr_step, 2, track_size, 72, robot_vel, 41.11, joints_pos, 2.73, 44.44, -16.55, -77.41, 16.69, 58.77, 26.57, tool_torque, -1.116, 0.214, 0.189, joint_torque, 0.68, -9.16, 0.12, 6.1, 1.29, -0.68, 0.19, robot_mode, normal, 
09/12/2022 13:37:26:824, robot_pos, 1670592810696, 616.28, -82.46, 299.72, 2.36, 0.0, 3.09, circuit_pos, 614.3, -90.51, 297.41, 2.34, 0.0, 3.1, tool_force, -1.68, 3.51, -13.86, actual_rep, 1, curr_step, 1, track_size, 72, robot_vel, 33.89, joints_pos, 2.25, 44.4, -16.61, -77.55, 16.69, 58.59, 26.38, tool_torque, -1.108, 0.191, 0.192, joint_torque, 0.72, -9.3, 0.12, 6.21, 1.29, -0.7, 0.19, robot_mode, normal, 
09/12/2022 13:37:26:963, robot_pos, 1670592810847, 615.24, -88.44, 299.91, 2.35, 0.0, 3.09, circuit_pos, 613.86, -94.17, 298.82, 2.34, 0.01, 3.1, tool_force, -1.19, 2.44, -13.11, actual_rep, 1, curr_step, 0, track_size, 72, robot_vel, 41.8, joints_pos, 1.85, 44.4, -16.75, -77.55, 16.38, 58.67, 27.06, tool_torque, -1.487, 0.016, -0.155, joint_torque, 0.58, -9.33, 0.07, 6.08, 1.27, -0.92, -0.18, robot_mode, normal, 
09/12/2022 13:37:27:103, robot_pos, 1670592810997, 614.82, -90.3, 300.05, 2.34, 0.0, 3.09, circuit_pos, 613.86, -94.17, 298.82, 2.34, 0.01, 3.1, tool_force, -0.26, 1.94, -13.55, actual_rep, 1, curr_step, 0, track_size, 72, robot_vel, 2.35, joints_pos, 1.65, 44.39, -16.66, -77.52, 16.18, 58.78, 27.24, tool_torque, -1.367, -0.199, -0.084, joint_torque, 0.93, -9.5, -0.09, 5.99, 1.27, -0.91, -0.18, robot_mode, normal, 
09/12/2022 13:37:27:263, robot_pos, 1670592811147, 614.76, -90.49, 300.11, 2.34, 0.0, 3.1, circuit_pos, 613.86, -94.17, 298.82, 2.34, 0.01, 3.1, tool_force, -0.45, 1.73, -13.95, actual_rep, 1, curr_step, 0, track_size, 72, robot_vel, 2.34, joints_pos, 1.64, 44.38, -16.66, -77.52, 16.08, 58.78, 27.33, tool_torque, -1.368, -0.128, -0.064, joint_torque, 0.55, -9.56, -0.3, 5.99, 1.24, -0.88, -0.15, robot_mode, normal, 
09/12/2022 13:37:27:422, robot_pos, 1670592811298, 614.75, -90.46, 300.09, 2.34, 0.0, 3.1, circuit_pos, 614.3, -90.51, 297.41, 2.34, 0.0, 3.1, tool_force, -1.01, 1.9, -13.74, actual_rep, 2, curr_step, 1, track_size, 72, robot_vel, 0.36, joints_pos, 1.64, 44.38, -16.66, -77.52, 16.08, 58.77, 27.33, tool_torque, -1.356, -0.042, -0.078, joint_torque, 0.41, -9.46, -0.33, 6.03, 1.22, -0.87, -0.15, robot_mode, normal, 
09/12/2022 13:37:27:561, robot_pos, 1670592811450, 614.94, -89.72, 300.01, 2.34, 0.0, 3.09, circuit_pos, 615.03, -85.14, 296.67, 2.36, 0.0, 3.09, tool_force, -0.95, 2.5, -13.62, actual_rep, 2, curr_step, 2, track_size, 72, robot_vel, 2.2, joints_pos, 1.67, 44.38, -16.6, -77.52, 16.14, 58.74, 27.29, tool_torque, -1.384, 0.143, -0.096, joint_torque, -0.01, -9.4, -0.36, 5.95, 1.22, -0.76, -0.11, robot_mode, normal, 
09/12/2022 13:37:27:723, robot_pos, 1670592811600, 615.81, -84.66, 299.7, 2.36, 0.0, 3.09, circuit_pos, 616.23, -78.75, 296.86, 2.37, 0.0, 3.09, tool_force, -1.94, 2.71, -13.74, actual_rep, 2, curr_step, 3, track_size, 72, robot_vel, 36.88, joints_pos, 1.89, 44.35, -16.26, -77.55, 16.19, 58.59, 26.75, tool_torque, -1.032, 0.056, 0.217, joint_torque, 0.55, -9.47, -0.22, 6.14, 1.24, -0.7, 0.15, robot_mode, normal, 
09/12/2022 13:37:27:864, robot_pos, 1670592811751, 616.66, -78.75, 299.86, 2.37, 0.0, 3.09, circuit_pos, 617.78, -71.85, 297.69, 2.37, -0.01, 3.09, tool_force, -2.2, 2.29, -13.61, actual_rep, 2, curr_step, 4, track_size, 72, robot_vel, 38.82, joints_pos, 2.29, 44.32, -16.07, -77.55, 16.2, 58.59, 26.85, tool_torque, -1.299, 0.123, 0.013, joint_torque, -0.17, -9.22, -0.48, 6.04, 1.19, -0.83, -0.03, robot_mode, normal, 
09/12/2022 13:37:28:022, robot_pos, 1670592811901, 617.69, -73.15, 300.34, 2.37, -0.01, 3.09, circuit_pos, 619.15, -64.3, 298.91, 2.37, -0.01, 3.09, tool_force, -1.45, 1.4, -13.03, actual_rep, 2, curr_step, 5, track_size, 72, robot_vel, 37.26, joints_pos, 2.72, 44.36, -16.03, -77.39, 16.4, 58.85, 27.09, tool_torque, -1.539, -0.016, -0.157, joint_torque, -0.13, -9.22, -0.39, 5.92, 1.18, -0.97, -0.18, robot_mode, normal, 
09/12/2022 13:37:28:161, robot_pos, 1670592812051, 618.72, -67.38, 301.02, 2.37, -0.01, 3.09, circuit_pos, 620.04, -56.04, 300.07, 2.37, -0.01, 3.09, tool_force, -1.35, 1.41, -13.1, actual_rep, 2, curr_step, 6, track_size, 72, robot_vel, 49.88, joints_pos, 3.25, 44.37, -16.05, -77.26, 16.45, 59.04, 27.57, tool_torque, -1.541, -0.082, -0.189, joint_torque, 0.3, -9.3, -0.1, 5.99, 1.18, -0.99, -0.21, robot_mode, normal, 
09/12/2022 13:37:28:322, robot_pos, 1670592812205, 619.56, -61.48, 301.78, 2.37, -0.01, 3.08, circuit_pos, 620.04, -56.04, 300.07, 2.37, -0.01, 3.09, tool_force, -1.57, 1.69, -12.87, actual_rep, 2, curr_step, 6, track_size, 72, robot_vel, 41.34, joints_pos, 3.81, 44.34, -16.08, -77.19, 16.47, 59.12, 28.1, tool_torque, -1.603, 0.045, -0.209, joint_torque, -0.1, -9.19, -0.24, 5.98, 1.18, -1.0, -0.21, robot_mode, normal, 
09/12/2022 13:37:28:461, robot_pos, 1670592812352, 620.1, -55.8, 302.33, 2.37, -0.01, 3.08, circuit_pos, 620.58, -46.71, 300.66, 2.36, -0.01, 3.09, tool_force, -1.64, 1.86, -12.93, actual_rep, 2, curr_step, 7, track_size, 72, robot_vel, 40.9, joints_pos, 4.33, 44.29, -16.08, -77.18, 16.47, 59.18, 28.79, tool_torque, -1.581, 0.082, -0.214, joint_torque, -0.04, -9.18, -0.18, 6.0, 1.19, -0.99, -0.21, robot_mode, normal, 
09/12/2022 13:37:28:648, robot_pos, 1670592812505, 620.56, -49.98, 302.79, 2.36, -0.01, 3.08, circuit_pos, 621.1, -36.42, 300.61, 2.35, -0.02, 3.09, tool_force, -1.93, 1.17, -12.96, actual_rep, 2, curr_step, 8, track_size, 72, robot_vel, 38.1, joints_pos, 4.88, 44.25, -16.1, -77.18, 16.46, 59.21, 29.58, tool_torque, -1.66, 0.082, -0.235, joint_torque, -0.13, -9.3, -0.26, 6.02, 1.19, -1.02, -0.23, robot_mode, normal, 
09/12/2022 13:37:28:764, robot_pos, 1670592812653, 620.85, -44.14, 302.99, 2.36, -0.01, 3.08, circuit_pos, 621.1, -36.42, 300.61, 2.35, -0.02, 3.09, tool_force, -1.29, 1.64, -12.95, actual_rep, 2, curr_step, 8, track_size, 72, robot_vel, 40.71, joints_pos, 5.37, 44.25, -16.07, -77.15, 16.53, 59.38, 30.38, tool_torque, -1.545, -0.032, -0.188, joint_torque, 0.09, -9.34, -0.26, 6.04, 1.14, -1.05, -0.2, robot_mode, normal, 
09/12/2022 13:37:28:925, robot_pos, 1670592812805, 621.16, -38.43, 303.01, 2.35, -0.02, 3.08, circuit_pos, 621.3, -26.89, 300.2, 2.34, -0.02, 3.09, tool_force, -1.62, 1.65, -12.92, actual_rep, 2, curr_step, 9, track_size, 72, robot_vel, 39.72, joints_pos, 5.88, 44.27, -16.07, -77.12, 16.65, 59.49, 31.15, tool_torque, -1.532, 0.047, -0.21, joint_torque, 0.01, -9.24, -0.25, 6.05, 1.15, -1.02, -0.23, robot_mode, normal, 
09/12/2022 13:37:29:082, robot_pos, 1670592812954, 621.46, -32.64, 302.94, 2.35, -0.02, 3.08, circuit_pos, 621.3, -26.89, 300.2, 2.34, -0.02, 3.09, tool_force, -1.21, 2.04, -13.05, actual_rep, 2, curr_step, 9, track_size, 72, robot_vel, 38.85, joints_pos, 6.42, 44.27, -16.07, -77.12, 16.67, 59.51, 32.01, tool_torque, -1.535, 0.023, -0.204, joint_torque, 0.03, -9.37, -0.28, 6.13, 1.14, -1.06, -0.21, robot_mode, normal, 
09/12/2022 13:37:29:223, robot_pos, 1670592813105, 621.62, -26.83, 302.79, 2.34, -0.02, 3.09, circuit_pos, 621.41, -16.2, 299.67, 2.34, -0.02, 3.09, tool_force, -1.68, 2.06, -13.22, actual_rep, 2, curr_step, 10, track_size, 72, robot_vel, 44.79, joints_pos, 6.95, 44.27, -16.08, -77.14, 16.68, 59.5, 32.69, tool_torque, -1.487, 0.124, -0.192, joint_torque, -0.07, -9.29, -0.3, 6.16, 1.14, -1.01, -0.2, robot_mode, normal, 
09/12/2022 13:37:29:384, robot_pos, 1670592813256, 621.78, -21.04, 302.58, 2.34, -0.02, 3.09, circuit_pos, 621.4, -3.17, 299.31, 2.33, -0.02, 3.09, tool_force, -1.91, 2.31, -13.27, actual_rep, 2, curr_step, 11, track_size, 72, robot_vel, 39.09, joints_pos, 7.49, 44.28, -16.08, -77.17, 16.7, 59.47, 33.3, tool_torque, -1.387, 0.244, -0.187, joint_torque, 0.04, -9.24, -0.26, 6.17, 1.13, -0.92, -0.19, robot_mode, normal, 
09/12/2022 13:37:29:522, robot_pos, 1670592813406, 621.89, -15.3, 302.42, 2.34, -0.02, 3.09, circuit_pos, 621.4, -3.17, 299.31, 2.33, -0.02, 3.09, tool_force, -2.03, 2.29, -13.51, actual_rep, 2, curr_step, 11, track_size, 72, robot_vel, 37.55, joints_pos, 8.02, 44.28, -16.08, -77.19, 16.7, 59.43, 34.02, tool_torque, -1.374, 0.318, -0.196, joint_torque, 0.05, -9.37, -0.24, 6.23, 1.13, -0.87, -0.21, robot_mode, normal, 
09/12/2022 13:37:29:682, robot_pos, 1670592813557, 621.97, -9.4, 302.24, 2.34, -0.02, 3.09, circuit_pos, 621.4, -3.17, 299.31, 2.33, -0.02, 3.09, tool_force, -1.93, 2.7, -13.42, actual_rep, 2, curr_step, 11, track_size, 72, robot_vel, 38.36, joints_pos, 8.57, 44.28, -16.09, -77.22, 16.7, 59.36, 34.78, tool_torque, -1.308, 0.325, -0.184, joint_torque, 0.06, -9.31, -0.24, 6.26, 1.12, -0.86, -0.19, robot_mode, normal, 
09/12/2022 13:37:29:822, robot_pos, 1670592813707, 621.97, -3.72, 302.14, 2.33, -0.02, 3.09, circuit_pos, 621.31, 7.17, 299.27, 2.33, -0.02, 3.09, tool_force, -1.77, 2.79, -13.47, actual_rep, 2, curr_step, 12, track_size, 72, robot_vel, 36.23, joints_pos, 9.1, 44.28, -16.09, -77.25, 16.7, 59.32, 35.41, tool_torque, -1.335, 0.352, -0.199, joint_torque, -0.08, -9.31, -0.28, 6.24, 1.11, -0.89, -0.19, robot_mode, normal, 
09/12/2022 13:37:30:122, robot_pos, 1670592814008, 621.91, 7.88, 302.09, 2.33, -0.02, 3.09, circuit_pos, 621.22, 18.66, 299.53, 2.33, -0.02, 3.09, tool_force, -1.46, 3.16, -13.43, actual_rep, 2, curr_step, 13, track_size, 72, robot_vel, 36.44, joints_pos, 10.18, 44.26, -16.09, -77.29, 16.69, 59.23, 36.58, tool_torque, -1.309, 0.292, -0.167, joint_torque, 0.19, -9.43, -0.2, 6.37, 1.12, -0.93, -0.17, robot_mode, normal, 
09/12/2022 13:37:30:302, robot_pos, 1670592814159, 621.87, 13.8, 302.15, 2.33, -0.02, 3.09, circuit_pos, 621.3, 29.46, 300.25, 2.32, -0.02, 3.09, tool_force, -2.29, 2.62, -13.43, actual_rep, 2, curr_step, 14, track_size, 72, robot_vel, 35.77, joints_pos, 10.73, 44.25, -16.09, -77.29, 16.67, 59.2, 37.14, tool_torque, -1.391, 0.337, -0.153, joint_torque, 0.04, -9.35, -0.26, 6.35, 1.14, -0.95, -0.16, robot_mode, normal, 
09/12/2022 13:37:30:442, robot_pos, 1670592814306, 621.83, 19.46, 302.41, 2.33, -0.02, 3.09, circuit_pos, 621.3, 29.46, 300.25, 2.32, -0.02, 3.09, tool_force, -2.0, 2.57, -13.32, actual_rep, 2, curr_step, 14, track_size, 72, robot_vel, 40.46, joints_pos, 11.26, 44.24, -16.09, -77.27, 16.65, 59.18, 37.9, tool_torque, -1.352, 0.316, -0.162, joint_torque, 0.1, -9.33, -0.21, 6.27, 1.15, -0.95, -0.17, robot_mode, normal, 
09/12/2022 13:37:30:624, robot_pos, 1670592814457, 621.84, 25.37, 302.69, 2.32, -0.02, 3.09, circuit_pos, 621.5, 39.55, 301.39, 2.31, -0.02, 3.09, tool_force, -1.61, 2.61, -13.38, actual_rep, 2, curr_step, 15, track_size, 72, robot_vel, 37.2, joints_pos, 11.8, 44.23, -16.09, -77.24, 16.63, 59.18, 38.69, tool_torque, -1.433, 0.364, -0.158, joint_torque, -0.36, -9.45, -0.48, 6.27, 1.12, -1.0, -0.14, robot_mode, normal, 
09/12/2022 13:37:30:742, robot_pos, 1670592814604, 621.89, 31.06, 303.17, 2.32, -0.02, 3.09, circuit_pos, 621.5, 39.55, 301.39, 2.31, -0.02, 3.09, tool_force, -1.35, 2.56, -13.21, actual_rep, 2, curr_step, 15, track_size, 72, robot_vel, 40.1, joints_pos, 12.33, 44.22, -16.09, -77.18, 16.59, 59.18, 39.54, tool_torque, -1.428, 0.292, -0.149, joint_torque, -0.06, -9.33, -0.39, 6.19, 1.12, -1.04, -0.14, robot_mode, normal, 
09/12/2022 13:37:30:923, robot_pos, 1670592814756, 621.94, 36.92, 303.75, 2.31, -0.02, 3.08, circuit_pos, 621.68, 48.29, 302.56, 2.3, -0.02, 3.09, tool_force, -1.35, 2.34, -13.12, actual_rep, 2, curr_step, 16, track_size, 72, robot_vel, 37.09, joints_pos, 12.86, 44.2, -16.09, -77.1, 16.57, 59.21, 40.44, tool_torque, -1.517, 0.255, -0.154, joint_torque, -0.12, -9.39, -0.33, 6.22, 1.13, -1.12, -0.14, robot_mode, normal, 
09/12/2022 13:37:31:182, robot_pos, 1670592815051, 622.17, 48.26, 305.16, 2.3, -0.02, 3.09, circuit_pos, 621.78, 57.42, 303.83, 2.3, -0.01, 3.09, tool_force, -1.48, 2.5, -12.99, actual_rep, 2, curr_step, 17, track_size, 72, robot_vel, 42.09, joints_pos, 13.92, 44.18, -16.1, -76.91, 16.35, 59.23, 42.16, tool_torque, -1.492, 0.295, -0.146, joint_torque, -0.15, -9.36, -0.37, 6.25, 1.11, -1.12, -0.13, robot_mode, normal, 
09/12/2022 13:37:31:324, robot_pos, 1670592815200, 622.24, 54.08, 305.9, 2.3, -0.01, 3.09, circuit_pos, 621.7, 64.77, 304.79, 2.29, -0.01, 3.09, tool_force, -1.86, 2.21, -13.47, actual_rep, 2, curr_step, 18, track_size, 72, robot_vel, 46.14, joints_pos, 14.5, 44.14, -16.11, -76.85, 16.13, 59.12, 42.95, tool_torque, -1.465, 0.401, -0.155, joint_torque, -0.28, -9.43, -0.39, 6.25, 1.09, -1.07, -0.13, robot_mode, normal, 
09/12/2022 13:37:31:483, robot_pos, 1670592815349, 622.19, 59.83, 306.68, 2.3, -0.01, 3.09, circuit_pos, 621.58, 73.04, 305.87, 2.28, -0.01, 3.09, tool_force, -1.61, 2.54, -13.19, actual_rep, 2, curr_step, 19, track_size, 72, robot_vel, 40.16, joints_pos, 15.03, 44.12, -16.11, -76.76, 16.01, 59.12, 43.91, tool_torque, -1.455, 0.375, -0.142, joint_torque, -0.16, -9.45, -0.38, 6.31, 1.08, -1.12, -0.12, robot_mode, normal, 
09/12/2022 13:37:31:624, robot_pos, 1670592815498, 622.15, 65.76, 307.39, 2.29, -0.01, 3.08, circuit_pos, 621.58, 73.04, 305.87, 2.28, -0.01, 3.09, tool_force, -1.56, 2.44, -13.18, actual_rep, 2, curr_step, 19, track_size, 72, robot_vel, 45.02, joints_pos, 15.57, 44.12, -16.11, -76.65, 15.93, 59.14, 44.88, tool_torque, -1.483, 0.262, -0.108, joint_torque, -0.04, -9.5, -0.39, 6.34, 1.08, -1.22, -0.1, robot_mode, normal, 
09/12/2022 13:37:31:781, robot_pos, 1670592815647, 622.02, 71.45, 308.09, 2.28, -0.01, 3.08, circuit_pos, 621.28, 81.29, 306.83, 2.28, -0.01, 3.09, tool_force, -1.64, 2.29, -12.92, actual_rep, 2, curr_step, 20, track_size, 72, robot_vel, 38.9, joints_pos, 16.09, 44.11, -16.11, -76.54, 15.84, 59.18, 45.73, tool_torque, -1.619, 0.306, -0.11, joint_torque, -0.62, -9.42, -0.66, 6.31, 1.04, -1.33, -0.08, robot_mode, normal, 
09/12/2022 13:37:31:945, robot_pos, 1670592815798, 621.83, 77.33, 308.8, 2.28, -0.01, 3.08, circuit_pos, 620.78, 89.35, 307.67, 2.27, -0.01, 3.09, tool_force, -1.8, 1.99, -12.93, actual_rep, 2, curr_step, 21, track_size, 72, robot_vel, 39.56, joints_pos, 16.61, 44.11, -16.09, -76.42, 15.79, 59.25, 46.45, tool_torque, -1.615, 0.219, -0.121, joint_torque, -0.21, -9.51, -0.5, 6.38, 1.05, -1.36, -0.11, robot_mode, normal, 
09/12/2022 13:37:32:082, robot_pos, 1670592815947, 621.55, 83.1, 309.45, 2.28, -0.01, 3.08, circuit_pos, 620.78, 89.35, 307.67, 2.27, -0.01, 3.09, tool_force, -1.19, 2.27, -12.98, actual_rep, 2, curr_step, 21, track_size, 72, robot_vel, 39.76, joints_pos, 17.15, 44.11, -16.09, -76.31, 15.73, 59.31, 47.37, tool_torque, -1.571, 0.147, -0.112, joint_torque, 0.07, -9.54, -0.4, 6.39, 1.05, -1.36, -0.12, robot_mode, normal, 
09/12/2022 13:37:32:266, robot_pos, 1670592816099, 621.25, 89.04, 310.09, 2.27, -0.01, 3.08, circuit_pos, 620.25, 96.98, 308.51, 2.27, -0.02, 3.08, tool_force, -1.23, 2.21, -13.26, actual_rep, 2, curr_step, 22, track_size, 72, robot_vel, 41.26, joints_pos, 17.64, 44.11, -16.06, -76.2, 15.8, 59.35, 48.1, tool_torque, -1.551, 0.076, -0.114, joint_torque, 0.01, -9.71, -0.53, 6.45, 0.97, -1.39, -0.12, robot_mode, normal, 
09/12/2022 13:37:32:542, robot_pos, 1670592816397, 620.58, 100.59, 311.47, 2.26, -0.02, 3.08, circuit_pos, 619.88, 109.67, 310.15, 2.26, -0.02, 3.08, tool_force, -0.74, 2.61, -12.93, actual_rep, 2, curr_step, 24, track_size, 72, robot_vel, 40.83, joints_pos, 18.55, 44.09, -16.0, -76.01, 16.3, 59.43, 49.34, tool_torque, -1.511, 0.119, -0.131, joint_torque, -0.45, -9.52, -0.77, 6.34, 0.87, -1.4, -0.11, robot_mode, normal, 
09/12/2022 13:37:32:682, robot_pos, 1670592816546, 620.39, 106.42, 312.22, 2.26, -0.02, 3.08, circuit_pos, 619.73, 115.25, 310.98, 2.26, -0.02, 3.07, tool_force, -0.68, 2.42, -13.03, actual_rep, 2, curr_step, 25, track_size, 72, robot_vel, 38.55, joints_pos, 19.04, 44.12, -16.0, -75.82, 16.33, 59.54, 49.97, tool_torque, -1.55, 0.023, -0.116, joint_torque, -0.09, -9.76, -0.63, 6.44, 0.89, -1.46, -0.1, robot_mode, normal, 
09/12/2022 13:37:32:845, robot_pos, 1670592816696, 620.39, 112.15, 313.01, 2.26, -0.02, 3.07, circuit_pos, 619.61, 120.68, 311.81, 2.26, -0.02, 3.07, tool_force, -1.23, 2.49, -13.39, actual_rep, 2, curr_step, 26, track_size, 72, robot_vel, 37.38, joints_pos, 19.52, 44.12, -16.01, -75.7, 16.58, 59.43, 50.42, tool_torque, -1.343, 0.24, -0.113, joint_torque, -0.28, -9.63, -0.63, 6.39, 0.89, -1.23, -0.1, robot_mode, normal, 
09/12/2022 13:37:32:990, robot_pos, 1670592816844, 620.16, 117.98, 313.95, 2.26, -0.02, 3.07, circuit_pos, 619.45, 126.37, 312.42, 2.25, -0.02, 3.07, tool_force, -1.28, 2.66, -13.41, actual_rep, 2, curr_step, 27, track_size, 72, robot_vel, 40.83, joints_pos, 20.01, 44.12, -16.01, -75.56, 16.62, 59.42, 50.97, tool_torque, -1.336, 0.23, -0.101, joint_torque, -0.25, -9.64, -0.67, 6.45, 0.88, -1.27, -0.09, robot_mode, normal, 
09/12/2022 13:37:33:142, robot_pos, 1670592816994, 619.96, 123.72, 314.61, 2.25, -0.02, 3.07, circuit_pos, 619.15, 132.12, 312.83, 2.25, -0.02, 3.07, tool_force, -0.92, 2.75, -13.23, actual_rep, 2, curr_step, 28, track_size, 72, robot_vel, 38.55, joints_pos, 20.54, 44.16, -16.03, -75.38, 16.63, 59.42, 51.87, tool_torque, -1.395, 0.253, -0.13, joint_torque, -0.25, -9.67, -0.6, 6.48, 0.89, -1.31, -0.1, robot_mode, normal, 
09/12/2022 13:37:33:282, robot_pos, 1670592817143, 619.75, 129.56, 315.07, 2.25, -0.02, 3.07, circuit_pos, 618.9, 137.78, 313.01, 2.25, -0.02, 3.07, tool_force, -0.82, 2.5, -13.18, actual_rep, 2, curr_step, 29, track_size, 72, robot_vel, 42.82, joints_pos, 21.03, 44.22, -16.03, -75.19, 16.63, 59.48, 52.52, tool_torque, -1.506, 0.11, -0.111, joint_torque, -0.05, -9.81, -0.53, 6.51, 0.89, -1.44, -0.09, robot_mode, normal, 
09/12/2022 13:37:33:444, robot_pos, 1670592817292, 619.45, 135.44, 315.4, 2.25, -0.02, 3.06, circuit_pos, 618.68, 143.43, 313.21, 2.25, -0.02, 3.07, tool_force, -1.18, 2.34, -12.97, actual_rep, 2, curr_step, 30, track_size, 72, robot_vel, 39.61, joints_pos, 21.54, 44.31, -16.03, -74.98, 16.6, 59.54, 53.15, tool_torque, -1.608, 0.182, -0.117, joint_torque, -0.39, -9.74, -0.68, 6.44, 0.9, -1.5, -0.09, robot_mode, normal, 
09/12/2022 13:37:33:583, robot_pos, 1670592817441, 619.26, 141.05, 315.64, 2.25, -0.02, 3.06, circuit_pos, 618.69, 148.48, 313.26, 2.24, -0.02, 3.06, tool_force, -1.16, 2.65, -12.9, actual_rep, 2, curr_step, 31, track_size, 72, robot_vel, 36.89, joints_pos, 22.02, 44.41, -16.02, -74.76, 16.59, 59.59, 53.76, tool_torque, -1.539, 0.114, -0.084, joint_torque, -0.11, -9.85, -0.65, 6.61, 0.91, -1.51, -0.09, robot_mode, normal, 
09/12/2022 13:37:33:884, robot_pos, 1670592817739, 619.02, 152.59, 315.45, 2.24, -0.02, 3.06, circuit_pos, 617.91, 169.87, 311.16, 2.22, -0.01, 3.06, tool_force, -0.59, 3.21, -13.36, actual_rep, 2, curr_step, 36, track_size, 72, robot_vel, 38.6, joints_pos, 23.04, 44.61, -16.07, -74.47, 16.67, 59.19, 55.54, tool_torque, -1.371, 0.338, -0.147, joint_torque, -0.09, -9.85, -0.46, 6.55, 0.9, -1.33, -0.11, robot_mode, normal, 
09/12/2022 13:37:34:044, robot_pos, 1670592817890, 618.83, 158.57, 314.95, 2.23, -0.02, 3.06, circuit_pos, 617.47, 173.7, 309.87, 2.21, -0.01, 3.07, tool_force, -1.1, 3.04, -13.03, actual_rep, 2, curr_step, 38, track_size, 72, robot_vel, 38.03, joints_pos, 23.58, 44.77, -16.09, -74.25, 16.54, 59.08, 56.54, tool_torque, -1.338, 0.358, -0.121, joint_torque, -0.07, -9.52, -0.46, 6.41, 0.89, -1.31, -0.1, robot_mode, normal, 
09/12/2022 13:37:34:183, robot_pos, 1670592818036, 618.47, 164.14, 313.93, 2.22, -0.01, 3.06, circuit_pos, 617.47, 173.15, 309.13, 2.21, -0.01, 3.07, tool_force, -1.27, 2.91, -13.34, actual_rep, 2, curr_step, 40, track_size, 72, robot_vel, 38.53, joints_pos, 24.09, 44.99, -16.08, -74.03, 16.32, 59.08, 57.61, tool_torque, -1.444, 0.383, -0.12, joint_torque, -0.38, -9.8, -0.67, 6.54, 0.87, -1.42, -0.09, robot_mode, normal, 
09/12/2022 13:37:34:485, robot_pos, 1670592818334, 618.15, 173.43, 312.77, 2.21, -0.01, 3.07, circuit_pos, 617.6, 173.44, 310.34, 2.21, -0.01, 3.07, tool_force, -0.57, 3.33, -12.66, actual_rep, 2, curr_step, 45, track_size, 72, robot_vel, 15.11, joints_pos, 25.0, 45.42, -16.22, -73.46, 15.9, 59.38, 59.43, tool_torque, -1.505, 0.138, -0.043, joint_torque, 0.09, -9.84, -0.48, 6.74, 0.79, -1.63, 0.0, robot_mode, normal, 
09/12/2022 13:37:34:645, robot_pos, 1670592818483, 618.07, 173.67, 312.31, 2.21, -0.01, 3.07, circuit_pos, 617.74, 173.64, 309.48, 2.21, -0.01, 3.07, tool_force, -0.84, 3.95, -13.29, actual_rep, 2, curr_step, 48, track_size, 72, robot_vel, 3.18, joints_pos, 25.01, 45.45, -16.21, -73.49, 15.99, 59.32, 59.42, tool_torque, -1.186, 0.123, 0.081, joint_torque, 0.03, -9.92, -0.66, 6.8, 0.74, -1.43, 0.11, robot_mode, normal, 
09/12/2022 13:37:34:802, robot_pos, 1670592818631, 618.23, 173.76, 312.24, 2.21, -0.01, 3.07, circuit_pos, 617.75, 173.46, 309.48, 2.21, -0.01, 3.07, tool_force, -0.31, 3.37, -13.16, actual_rep, 2, curr_step, 51, track_size, 72, robot_vel, 2.41, joints_pos, 25.0, 45.48, -16.21, -73.44, 15.99, 59.37, 59.42, tool_torque, -1.322, 0.022, 0.052, joint_torque, 0.14, -9.8, -0.62, 6.65, 0.74, -1.52, 0.07, robot_mode, normal, 
09/12/2022 13:37:34:942, robot_pos, 1670592818780, 618.23, 173.78, 312.19, 2.21, -0.01, 3.07, circuit_pos, 617.7, 173.68, 309.51, 2.21, -0.01, 3.07, tool_force, -0.56, 3.57, -13.21, actual_rep, 2, curr_step, 53, track_size, 72, robot_vel, 1.1, joints_pos, 25.0, 45.49, -16.2, -73.44, 15.99, 59.36, 59.42, tool_torque, -1.297, 0.095, 0.057, joint_torque, -0.05, -9.83, -0.7, 6.69, 0.75, -1.49, 0.08, robot_mode, normal, 
09/12/2022 13:37:35:104, robot_pos, 1670592818933, 618.24, 173.74, 312.2, 2.21, -0.01, 3.07, circuit_pos, 617.73, 173.58, 309.53, 2.21, -0.01, 3.07, tool_force, -0.72, 3.55, -13.18, actual_rep, 2, curr_step, 55, track_size, 72, robot_vel, 0.79, joints_pos, 25.0, 45.48, -16.21, -73.44, 15.99, 59.36, 59.43, tool_torque, -1.301, 0.106, 0.06, joint_torque, -0.04, -9.84, -0.68, 6.71, 0.76, -1.5, 0.09, robot_mode, normal, 
09/12/2022 13:37:35:245, robot_pos, 1670592819085, 618.23, 173.77, 312.21, 2.21, -0.01, 3.07, circuit_pos, 617.7, 173.64, 309.53, 2.21, -0.01, 3.07, tool_force, -0.78, 3.61, -13.07, actual_rep, 2, curr_step, 58, track_size, 72, robot_vel, 0.16, joints_pos, 25.0, 45.48, -16.21, -73.44, 15.99, 59.36, 59.43, tool_torque, -1.294, 0.116, 0.054, joint_torque, -0.03, -9.77, -0.66, 6.7, 0.76, -1.5, 0.08, robot_mode, normal, 
09/12/2022 13:37:35:401, robot_pos, 1670592819234, 618.22, 173.79, 312.21, 2.21, -0.01, 3.07, circuit_pos, 617.7, 173.64, 309.53, 2.21, -0.01, 3.07, tool_force, -0.84, 3.6, -13.12, actual_rep, 2, curr_step, 61, track_size, 72, robot_vel, 0.16, joints_pos, 25.0, 45.48, -16.2, -73.44, 15.99, 59.36, 59.43, tool_torque, -1.299, 0.135, 0.04, joint_torque, -0.07, -9.79, -0.68, 6.71, 0.76, -1.5, 0.07, robot_mode, normal, 
09/12/2022 13:37:35:551, robot_pos, 1670592819382, 618.22, 173.79, 312.22, 2.21, -0.01, 3.07, circuit_pos, 617.71, 173.64, 309.53, 2.21, -0.01, 3.07, tool_force, -0.83, 3.6, -13.18, actual_rep, 2, curr_step, 63, track_size, 72, robot_vel, 0.07, joints_pos, 25.0, 45.48, -16.2, -73.44, 15.99, 59.36, 59.43, tool_torque, -1.299, 0.134, 0.04, joint_torque, -0.06, -9.81, -0.68, 6.72, 0.76, -1.5, 0.07, robot_mode, normal, 
09/12/2022 13:37:35:702, robot_pos, 1670592819533, 618.22, 173.79, 312.22, 2.21, -0.01, 3.07, circuit_pos, 617.71, 173.63, 309.53, 2.21, -0.01, 3.07, tool_force, -0.79, 3.51, -13.21, actual_rep, 2, curr_step, 66, track_size, 72, robot_vel, 0.03, joints_pos, 25.0, 45.48, -16.2, -73.44, 15.99, 59.36, 59.43, tool_torque, -1.307, 0.123, 0.043, joint_torque, -0.06, -9.85, -0.7, 6.72, 0.76, -1.5, 0.07, robot_mode, normal, 
09/12/2022 13:37:35:845, robot_pos, 1670592819681, 618.22, 173.78, 312.22, 2.21, -0.01, 3.07, circuit_pos, 617.71, 173.63, 309.53, 2.21, -0.01, 3.07, tool_force, -0.76, 3.52, -13.2, actual_rep, 2, curr_step, 68, track_size, 72, robot_vel, 0.01, joints_pos, 25.0, 45.48, -16.2, -73.44, 15.99, 59.36, 59.43, tool_torque, -1.304, 0.115, 0.044, joint_torque, -0.04, -9.84, -0.69, 6.72, 0.76, -1.5, 0.07, robot_mode, normal, 
09/12/2022 13:37:36:006, robot_pos, 1670592819832, 618.22, 173.78, 312.22, 2.21, -0.01, 3.07, circuit_pos, 617.71, 173.63, 309.53, 2.21, -0.01, 3.07, tool_force, -0.76, 3.51, -13.23, actual_rep, 2, curr_step, 71, track_size, 72, robot_vel, 0.02, joints_pos, 25.0, 45.48, -16.2, -73.44, 15.99, 59.36, 59.43, tool_torque, -1.307, 0.119, 0.042, joint_torque, -0.05, -9.86, -0.69, 6.73, 0.76, -1.5, 0.07, robot_mode, normal, 
09/12/2022 13:37:36:164, robot_pos, 1670592819981, 618.22, 173.78, 312.22, 2.21, -0.01, 3.07, circuit_pos, 617.71, 173.63, 309.53, 2.21, -0.01, 3.07, tool_force, -0.75, 3.49, -13.23, actual_rep, 2, curr_step, 69, track_size, 72, robot_vel, 0.0, joints_pos, 25.0, 45.48, -16.2, -73.44, 15.99, 59.36, 59.43, tool_torque, -1.312, 0.117, 0.042, joint_torque, -0.04, -9.85, -0.68, 6.72, 0.76, -1.5, 0.07, robot_mode, normal, 
09/12/2022 13:37:36:310, robot_pos, 1670592820129, 618.22, 173.78, 312.22, 2.21, -0.01, 3.07, circuit_pos, 617.71, 173.63, 309.53, 2.21, -0.01, 3.07, tool_force, -0.74, 3.47, -13.25, actual_rep, 2, curr_step, 66, track_size, 72, robot_vel, 0.01, joints_pos, 25.0, 45.48, -16.2, -73.44, 15.99, 59.36, 59.43, tool_torque, -1.315, 0.119, 0.041, joint_torque, -0.05, -9.87, -0.68, 6.73, 0.76, -1.5, 0.07, robot_mode, normal, 
09/12/2022 13:37:36:464, robot_pos, 1670592820278, 618.22, 173.78, 312.22, 2.21, -0.01, 3.07, circuit_pos, 617.71, 173.64, 309.53, 2.21, -0.01, 3.07, tool_force, -0.73, 3.46, -13.27, actual_rep, 2, curr_step, 64, track_size, 72, robot_vel, 0.01, joints_pos, 25.0, 45.48, -16.2, -73.44, 15.99, 59.36, 59.43, tool_torque, -1.317, 0.116, 0.041, joint_torque, -0.05, -9.88, -0.68, 6.73, 0.76, -1.5, 0.07, robot_mode, normal, 
09/12/2022 13:37:36:602, robot_pos, 1670592820428, 618.21, 173.79, 312.22, 2.21, -0.01, 3.07, circuit_pos, 617.7, 173.64, 309.53, 2.21, -0.01, 3.07, tool_force, -0.79, 3.46, -13.24, actual_rep, 2, curr_step, 61, track_size, 72, robot_vel, 0.02, joints_pos, 25.0, 45.48, -16.2, -73.44, 15.99, 59.36, 59.43, tool_torque, -1.319, 0.128, 0.037, joint_torque, -0.07, -9.87, -0.69, 6.72, 0.76, -1.5, 0.07, robot_mode, normal, 
09/12/2022 13:37:36:761, robot_pos, 1670592820576, 618.21, 173.79, 312.22, 2.21, -0.01, 3.07, circuit_pos, 617.7, 173.64, 309.53, 2.21, -0.01, 3.07, tool_force, -0.79, 3.47, -13.22, actual_rep, 2, curr_step, 59, track_size, 72, robot_vel, 0.02, joints_pos, 25.0, 45.48, -16.2, -73.44, 15.99, 59.36, 59.43, tool_torque, -1.319, 0.128, 0.038, joint_torque, -0.07, -9.86, -0.69, 6.72, 0.76, -1.51, 0.07, robot_mode, normal, 
09/12/2022 13:37:36:905, robot_pos, 1670592820726, 618.21, 173.79, 312.22, 2.21, -0.01, 3.07, circuit_pos, 617.72, 173.6, 309.54, 2.21, -0.01, 3.07, tool_force, -0.77, 3.49, -13.24, actual_rep, 2, curr_step, 56, track_size, 72, robot_vel, 0.02, joints_pos, 25.0, 45.48, -16.2, -73.44, 15.99, 59.36, 59.43, tool_torque, -1.313, 0.118, 0.04, joint_torque, -0.05, -9.88, -0.69, 6.73, 0.76, -1.5, 0.07, robot_mode, normal, 
09/12/2022 13:37:37:062, robot_pos, 1670592820877, 618.22, 173.76, 312.22, 2.21, -0.01, 3.07, circuit_pos, 617.72, 173.59, 309.52, 2.21, -0.01, 3.07, tool_force, -0.65, 3.53, -13.22, actual_rep, 2, curr_step, 54, track_size, 72, robot_vel, 0.2, joints_pos, 25.0, 45.48, -16.21, -73.44, 15.99, 59.36, 59.43, tool_torque, -1.298, 0.092, 0.055, joint_torque, 0.02, -9.86, -0.67, 6.72, 0.76, -1.5, 0.08, robot_mode, normal, 
09/12/2022 13:37:37:227, robot_pos, 1670592821024, 618.2, 173.81, 312.22, 2.21, -0.01, 3.07, circuit_pos, 617.75, 173.46, 309.48, 2.21, -0.01, 3.07, tool_force, -0.81, 3.55, -13.22, actual_rep, 2, curr_step, 51, track_size, 72, robot_vel, 0.63, joints_pos, 25.0, 45.48, -16.2, -73.44, 15.99, 59.36, 59.43, tool_torque, -1.306, 0.148, 0.028, joint_torque, -0.08, -9.86, -0.68, 6.73, 0.76, -1.49, 0.06, robot_mode, normal, 
09/12/2022 13:37:37:364, robot_pos, 1670592821172, 618.23, 173.65, 312.2, 2.21, -0.01, 3.07, circuit_pos, 617.74, 173.65, 309.52, 2.21, -0.01, 3.07, tool_force, -0.85, 3.6, -13.22, actual_rep, 2, curr_step, 49, track_size, 72, robot_vel, 2.27, joints_pos, 25.0, 45.48, -16.22, -73.45, 15.99, 59.36, 59.43, tool_torque, -1.284, 0.127, 0.071, joint_torque, 0.01, -9.83, -0.61, 6.72, 0.77, -1.49, 0.11, robot_mode, normal, 
09/12/2022 13:37:37:507, robot_pos, 1670592821326, 618.21, 173.75, 312.21, 2.21, -0.01, 3.07, circuit_pos, 617.63, 173.42, 309.99, 2.21, -0.01, 3.07, tool_force, -0.69, 3.5, -13.22, actual_rep, 2, curr_step, 46, track_size, 72, robot_vel, 0.17, joints_pos, 25.0, 45.48, -16.21, -73.45, 15.99, 59.36, 59.43, tool_torque, -1.294, 0.091, 0.053, joint_torque, -0.01, -9.79, -0.69, 6.7, 0.76, -1.5, 0.08, robot_mode, normal, 
09/12/2022 13:37:37:663, robot_pos, 1670592821472, 618.17, 173.63, 312.99, 2.21, -0.01, 3.07, circuit_pos, 617.51, 173.25, 310.15, 2.21, -0.01, 3.07, tool_force, -0.64, 3.35, -12.88, actual_rep, 2, curr_step, 44, track_size, 72, robot_vel, 7.75, joints_pos, 25.0, 45.41, -16.22, -73.45, 15.98, 59.41, 59.43, tool_torque, -1.425, 0.078, 0.062, joint_torque, -0.05, -9.85, -0.63, 6.66, 0.77, -1.58, 0.1, robot_mode, normal, 
09/12/2022 13:37:37:803, robot_pos, 1670592821622, 617.95, 173.22, 312.21, 2.21, -0.01, 3.07, circuit_pos, 617.59, 172.67, 309.2, 2.21, -0.01, 3.07, tool_force, -0.7, 4.44, -12.77, actual_rep, 2, curr_step, 41, track_size, 72, robot_vel, 6.62, joints_pos, 24.98, 45.43, -16.22, -73.54, 15.96, 59.31, 59.41, tool_torque, -1.093, 0.127, 0.119, joint_torque, 0.14, -9.53, -0.58, 6.72, 0.78, -1.42, 0.15, robot_mode, normal, 
09/12/2022 13:37:37:962, robot_pos, 1670592821770, 618.05, 173.13, 311.92, 2.21, -0.01, 3.07, circuit_pos, 617.3, 174.03, 309.36, 2.21, -0.01, 3.07, tool_force, -0.65, 3.81, -13.23, actual_rep, 2, curr_step, 39, track_size, 72, robot_vel, 4.34, joints_pos, 24.96, 45.46, -16.2, -73.53, 15.97, 59.31, 59.39, tool_torque, -1.209, 0.102, 0.131, joint_torque, 0.08, -9.92, -0.62, 6.76, 0.79, -1.43, 0.15, robot_mode, normal, 
09/12/2022 13:37:38:122, robot_pos, 1670592821920, 618.14, 173.75, 312.61, 2.21, -0.01, 3.07, circuit_pos, 617.91, 169.87, 311.16, 2.22, -0.01, 3.06, tool_force, 0.25, 3.41, -13.89, actual_rep, 2, curr_step, 36, track_size, 72, robot_vel, 7.29, joints_pos, 25.03, 45.44, -16.24, -73.46, 15.97, 59.36, 59.48, tool_torque, -1.375, -0.024, 0.075, joint_torque, 0.32, -10.2, -0.49, 6.86, 0.78, -1.55, 0.1, robot_mode, normal, 
09/12/2022 13:37:38:261, robot_pos, 1670592822068, 618.33, 170.65, 313.37, 2.22, -0.01, 3.06, circuit_pos, 618.26, 162.37, 312.13, 2.22, -0.01, 3.06, tool_force, 0.04, 5.14, -12.85, actual_rep, 2, curr_step, 34, track_size, 72, robot_vel, 16.58, joints_pos, 24.81, 45.19, -16.34, -73.82, 16.3, 58.89, 58.57, tool_torque, -0.859, -0.23, 0.471, joint_torque, 0.42, -9.73, -0.63, 6.8, 0.71, -1.38, 0.5, robot_mode, normal, 
09/12/2022 13:37:38:424, robot_pos, 1670592822218, 618.48, 165.05, 314.3, 2.22, -0.01, 3.06, circuit_pos, 618.69, 148.48, 313.26, 2.24, -0.02, 3.06, tool_force, 0.48, 4.9, -13.33, actual_rep, 2, curr_step, 31, track_size, 72, robot_vel, 39.62, joints_pos, 24.4, 44.97, -16.43, -74.09, 16.42, 58.88, 57.72, tool_torque, -0.939, -0.243, 0.449, joint_torque, 0.44, -9.78, -0.59, 6.82, 0.73, -1.43, 0.49, robot_mode, normal, 
09/12/2022 13:37:38:564, robot_pos, 1670592822366, 618.73, 159.06, 314.77, 2.23, -0.01, 3.06, circuit_pos, 618.68, 143.43, 313.21, 2.25, -0.02, 3.07, tool_force, 0.89, 4.46, -13.11, actual_rep, 2, curr_step, 30, track_size, 72, robot_vel, 38.57, joints_pos, 23.84, 44.81, -16.43, -74.3, 16.67, 59.03, 56.54, tool_torque, -1.144, -0.397, 0.433, joint_torque, 0.68, -9.78, -0.45, 6.84, 0.78, -1.61, 0.47, robot_mode, normal, 
09/12/2022 13:37:38:721, robot_pos, 1670592822517, 618.9, 153.35, 315.19, 2.24, -0.01, 3.06, circuit_pos, 618.68, 143.43, 313.21, 2.25, -0.02, 3.07, tool_force, 1.01, 4.09, -13.46, actual_rep, 2, curr_step, 30, track_size, 72, robot_vel, 38.63, joints_pos, 23.35, 44.69, -16.43, -74.44, 16.68, 59.26, 55.6, tool_torque, -1.172, -0.409, 0.425, joint_torque, 0.7, -9.81, -0.42, 6.78, 0.8, -1.56, 0.45, robot_mode, normal, 
09/12/2022 13:37:38:861, robot_pos, 1670592822664, 619.05, 147.57, 315.56, 2.24, -0.02, 3.06, circuit_pos, 618.9, 137.78, 313.01, 2.25, -0.02, 3.07, tool_force, 0.83, 4.1, -13.34, actual_rep, 2, curr_step, 29, track_size, 72, robot_vel, 50.05, joints_pos, 22.82, 44.57, -16.42, -74.57, 16.73, 59.54, 54.58, tool_torque, -1.198, -0.369, 0.394, joint_torque, 0.54, -9.8, -0.52, 6.77, 0.8, -1.57, 0.43, robot_mode, normal, 
09/12/2022 13:37:39:022, robot_pos, 1670592822815, 619.27, 141.76, 315.59, 2.25, -0.02, 3.07, circuit_pos, 619.15, 132.12, 312.83, 2.25, -0.02, 3.07, tool_force, 0.64, 4.42, -13.24, actual_rep, 2, curr_step, 28, track_size, 72, robot_vel, 44.84, joints_pos, 22.32, 44.47, -16.42, -74.75, 16.77, 59.6, 53.84, tool_torque, -1.152, -0.363, 0.4, joint_torque, 0.63, -9.59, -0.46, 6.71, 0.83, -1.54, 0.41, robot_mode, normal, 
09/12/2022 13:37:39:166, robot_pos, 1670592822965, 619.47, 135.88, 315.59, 2.25, -0.02, 3.07, circuit_pos, 619.45, 126.37, 312.42, 2.25, -0.02, 3.07, tool_force, 0.49, 4.38, -13.28, actual_rep, 2, curr_step, 27, track_size, 72, robot_vel, 43.97, joints_pos, 21.82, 44.36, -16.43, -74.96, 16.8, 59.61, 53.22, tool_torque, -1.112, -0.276, 0.381, joint_torque, 0.54, -9.61, -0.44, 6.68, 0.83, -1.48, 0.42, robot_mode, normal, 
09/12/2022 13:37:39:325, robot_pos, 1670592823113, 619.77, 130.17, 315.37, 2.25, -0.02, 3.07, circuit_pos, 619.61, 120.68, 311.81, 2.26, -0.02, 3.07, tool_force, 0.3, 4.92, -13.12, actual_rep, 2, curr_step, 26, track_size, 72, robot_vel, 39.21, joints_pos, 21.33, 44.27, -16.44, -75.14, 16.82, 59.57, 52.63, tool_torque, -0.969, -0.165, 0.363, joint_torque, 0.54, -9.38, -0.38, 6.65, 0.85, -1.34, 0.4, robot_mode, normal, 
09/12/2022 13:37:39:484, robot_pos, 1670592823262, 620.02, 124.36, 314.92, 2.25, -0.02, 3.07, circuit_pos, 619.73, 115.25, 310.98, 2.26, -0.02, 3.07, tool_force, -0.05, 4.88, -13.19, actual_rep, 2, curr_step, 25, track_size, 72, robot_vel, 43.87, joints_pos, 20.82, 44.2, -16.44, -75.34, 16.86, 59.53, 51.72, tool_torque, -0.87, -0.135, 0.408, joint_torque, 0.48, -9.36, -0.41, 6.63, 0.86, -1.28, 0.43, robot_mode, normal, 
09/12/2022 13:37:39:624, robot_pos, 1670592823412, 620.2, 118.56, 314.22, 2.26, -0.02, 3.07, circuit_pos, 619.88, 109.67, 310.15, 2.26, -0.02, 3.08, tool_force, -0.22, 4.9, -13.42, actual_rep, 2, curr_step, 24, track_size, 72, robot_vel, 48.97, joints_pos, 20.31, 44.15, -16.44, -75.56, 16.92, 59.42, 50.98, tool_torque, -0.86, -0.101, 0.425, joint_torque, 0.36, -9.42, -0.43, 6.67, 0.88, -1.23, 0.45, robot_mode, normal, 
09/12/2022 13:37:39:764, robot_pos, 1670592823559, 620.18, 112.73, 313.4, 2.26, -0.02, 3.07, circuit_pos, 619.96, 103.53, 309.26, 2.26, -0.02, 3.08, tool_force, -0.24, 4.55, -12.95, actual_rep, 2, curr_step, 23, track_size, 72, robot_vel, 40.46, joints_pos, 19.86, 44.15, -16.5, -75.7, 16.81, 59.54, 50.47, tool_torque, -1.169, -0.132, 0.388, joint_torque, 0.46, -9.52, -0.3, 6.74, 0.99, -1.45, 0.42, robot_mode, normal, 
09/12/2022 13:37:40:064, robot_pos, 1670592823857, 620.65, 101.26, 311.85, 2.26, -0.02, 3.08, circuit_pos, 620.25, 96.98, 308.51, 2.27, -0.02, 3.08, tool_force, 0.36, 4.71, -13.04, actual_rep, 2, curr_step, 22, track_size, 72, robot_vel, 38.41, joints_pos, 18.88, 44.15, -16.52, -75.96, 16.74, 59.57, 49.1, tool_torque, -1.04, -0.194, 0.399, joint_torque, 0.76, -9.39, -0.27, 6.66, 1.0, -1.33, 0.41, robot_mode, normal, 
09/12/2022 13:37:40:364, robot_pos, 1670592824156, 621.23, 89.77, 310.63, 2.27, -0.01, 3.09, circuit_pos, 621.28, 81.29, 306.83, 2.28, -0.01, 3.09, tool_force, -0.22, 4.28, -13.61, actual_rep, 2, curr_step, 20, track_size, 72, robot_vel, 38.42, joints_pos, 18.0, 44.16, -16.56, -76.14, 16.05, 59.53, 48.11, tool_torque, -1.0, -0.079, 0.406, joint_torque, 0.74, -9.61, -0.23, 6.68, 1.01, -1.21, 0.42, robot_mode, normal, 
09/12/2022 13:37:40:665, robot_pos, 1670592824454, 621.9, 78.1, 309.3, 2.28, -0.01, 3.09, circuit_pos, 621.58, 73.04, 305.87, 2.28, -0.01, 3.09, tool_force, -0.23, 4.27, -13.63, actual_rep, 2, curr_step, 19, track_size, 72, robot_vel, 47.28, joints_pos, 16.95, 44.17, -16.55, -76.34, 16.05, 59.42, 46.63, tool_torque, -0.983, 0.022, 0.381, joint_torque, 0.28, -9.54, -0.47, 6.59, 1.01, -1.15, 0.41, robot_mode, normal, 
09/12/2022 13:37:40:965, robot_pos, 1670592824753, 622.27, 66.49, 307.87, 2.29, -0.01, 3.09, circuit_pos, 621.78, 57.42, 303.83, 2.3, -0.01, 3.09, tool_force, -0.82, 4.01, -13.63, actual_rep, 2, curr_step, 17, track_size, 72, robot_vel, 45.08, joints_pos, 15.89, 44.16, -16.51, -76.58, 16.05, 59.26, 44.91, tool_torque, -0.925, -0.0080, 0.415, joint_torque, 0.27, -9.4, -0.52, 6.49, 1.0, -1.1, 0.42, robot_mode, normal, 
09/12/2022 13:37:41:122, robot_pos, 1670592824903, 622.31, 60.65, 307.13, 2.29, -0.01, 3.09, circuit_pos, 621.68, 48.29, 302.56, 2.3, -0.02, 3.09, tool_force, -0.55, 4.16, -13.58, actual_rep, 2, curr_step, 16, track_size, 72, robot_vel, 40.49, joints_pos, 15.36, 44.16, -16.51, -76.71, 16.11, 59.18, 43.92, tool_torque, -0.864, -0.103, 0.415, joint_torque, 0.6, -9.43, -0.37, 6.5, 0.98, -1.08, 0.41, robot_mode, normal, 
09/12/2022 13:37:41:286, robot_pos, 1670592825051, 622.15, 54.82, 306.31, 2.3, -0.01, 3.09, circuit_pos, 621.68, 48.29, 302.56, 2.3, -0.02, 3.09, tool_force, -0.42, 3.83, -13.58, actual_rep, 2, curr_step, 16, track_size, 72, robot_vel, 36.99, joints_pos, 14.8, 44.17, -16.51, -76.83, 16.38, 59.23, 43.07, tool_torque, -1.05, -0.144, 0.387, joint_torque, 0.18, -9.51, -0.55, 6.49, 0.97, -1.21, 0.41, robot_mode, normal, 
09/12/2022 13:37:41:422, robot_pos, 1670592825200, 622.21, 49.09, 305.51, 2.3, -0.02, 3.09, circuit_pos, 621.5, 39.55, 301.39, 2.31, -0.02, 3.09, tool_force, -0.46, 3.69, -13.33, actual_rep, 2, curr_step, 15, track_size, 72, robot_vel, 38.52, joints_pos, 14.24, 44.22, -16.5, -76.88, 16.53, 59.31, 42.27, tool_torque, -1.048, -0.232, 0.347, joint_torque, 0.56, -9.4, -0.33, 6.47, 0.99, -1.22, 0.35, robot_mode, normal, 
09/12/2022 13:37:41:581, robot_pos, 1670592825351, 622.1, 43.25, 304.73, 2.31, -0.02, 3.09, circuit_pos, 621.3, 29.46, 300.25, 2.32, -0.02, 3.09, tool_force, -0.4, 3.58, -13.66, actual_rep, 2, curr_step, 14, track_size, 72, robot_vel, 40.0, joints_pos, 13.67, 44.23, -16.49, -76.98, 16.65, 59.3, 41.34, tool_torque, -1.06, -0.195, 0.346, joint_torque, 0.36, -9.54, -0.47, 6.47, 1.0, -1.18, 0.34, robot_mode, normal, 
09/12/2022 13:37:41:725, robot_pos, 1670592825500, 622.02, 37.51, 304.07, 2.31, -0.02, 3.09, circuit_pos, 621.3, 29.46, 300.25, 2.32, -0.02, 3.09, tool_force, -0.42, 3.86, -13.62, actual_rep, 2, curr_step, 14, track_size, 72, robot_vel, 38.97, joints_pos, 13.16, 44.24, -16.49, -77.07, 16.7, 59.28, 40.44, tool_torque, -0.983, -0.114, 0.342, joint_torque, 0.43, -9.41, -0.39, 6.4, 1.01, -1.08, 0.34, robot_mode, normal, 
09/12/2022 13:37:41:883, robot_pos, 1670592825648, 621.94, 31.68, 303.45, 2.32, -0.02, 3.09, circuit_pos, 621.22, 18.66, 299.53, 2.33, -0.02, 3.09, tool_force, -0.69, 3.81, -13.47, actual_rep, 2, curr_step, 13, track_size, 72, robot_vel, 45.21, joints_pos, 12.61, 44.26, -16.49, -77.15, 16.77, 59.26, 39.54, tool_torque, -0.971, -0.074, 0.336, joint_torque, 0.52, -9.43, -0.29, 6.42, 1.04, -1.03, 0.34, robot_mode, normal, 
09/12/2022 13:37:42:025, robot_pos, 1670592825798, 621.86, 25.9, 302.99, 2.32, -0.02, 3.09, circuit_pos, 621.22, 18.66, 299.53, 2.33, -0.02, 3.09, tool_force, -0.11, 4.14, -13.7, actual_rep, 2, curr_step, 13, track_size, 72, robot_vel, 37.12, joints_pos, 12.09, 44.26, -16.49, -77.22, 16.81, 59.25, 38.67, tool_torque, -0.921, -0.09, 0.338, joint_torque, 0.71, -9.51, -0.21, 6.44, 1.06, -0.99, 0.35, robot_mode, normal, 
09/12/2022 13:37:42:223, robot_pos, 1670592825949, 621.87, 20.02, 302.63, 2.33, -0.02, 3.09, circuit_pos, 621.31, 7.17, 299.27, 2.33, -0.02, 3.09, tool_force, -0.57, 3.86, -13.67, actual_rep, 2, curr_step, 12, track_size, 72, robot_vel, 38.98, joints_pos, 11.56, 44.28, -16.5, -77.26, 16.85, 59.24, 37.9, tool_torque, -1.021, 0.015, 0.293, joint_torque, 0.15, -9.43, -0.44, 6.33, 1.05, -0.99, 0.31, robot_mode, normal, 
09/12/2022 13:37:42:325, robot_pos, 1670592826097, 621.86, 14.35, 302.39, 2.33, -0.02, 3.09, circuit_pos, 621.31, 7.17, 299.27, 2.33, -0.02, 3.09, tool_force, -0.82, 3.75, -13.56, actual_rep, 2, curr_step, 12, track_size, 72, robot_vel, 38.04, joints_pos, 11.03, 44.28, -16.5, -77.29, 16.88, 59.24, 37.25, tool_torque, -0.961, -0.049, 0.287, joint_torque, 0.7, -9.32, -0.08, 6.35, 1.08, -0.97, 0.29, robot_mode, normal, 
09/12/2022 13:37:42:482, robot_pos, 1670592826246, 621.88, 8.44, 302.21, 2.33, -0.02, 3.09, circuit_pos, 621.4, -3.17, 299.31, 2.33, -0.02, 3.09, tool_force, -0.67, 3.67, -13.58, actual_rep, 2, curr_step, 11, track_size, 72, robot_vel, 43.13, joints_pos, 10.49, 44.29, -16.51, -77.3, 16.9, 59.25, 36.65, tool_torque, -1.023, -0.045, 0.27, joint_torque, 0.6, -9.35, -0.14, 6.31, 1.09, -0.99, 0.28, robot_mode, normal, 
09/12/2022 13:37:42:781, robot_pos, 1670592826543, 621.86, -3.09, 302.12, 2.33, -0.02, 3.09, circuit_pos, 621.41, -16.2, 299.67, 2.34, -0.02, 3.09, tool_force, -0.28, 3.57, -13.28, actual_rep, 2, curr_step, 10, track_size, 72, robot_vel, 41.15, joints_pos, 9.42, 44.3, -16.51, -77.3, 16.93, 59.29, 35.41, tool_torque, -1.175, -0.116, 0.257, joint_torque, 0.4, -9.38, -0.22, 6.23, 1.1, -1.08, 0.29, robot_mode, normal, 
09/12/2022 13:37:43:082, robot_pos, 1670592826841, 621.76, -14.63, 302.38, 2.34, -0.02, 3.09, circuit_pos, 621.3, -26.89, 300.2, 2.34, -0.02, 3.09, tool_force, -0.23, 3.29, -13.05, actual_rep, 2, curr_step, 9, track_size, 72, robot_vel, 36.02, joints_pos, 8.34, 44.31, -16.5, -77.24, 16.95, 59.41, 34.0, tool_torque, -1.191, -0.221, 0.28, joint_torque, 0.6, -9.31, -0.13, 6.18, 1.13, -1.11, 0.3, robot_mode, normal, 
09/12/2022 13:37:43:383, robot_pos, 1670592827138, 621.64, -26.16, 302.79, 2.34, -0.02, 3.09, circuit_pos, 621.1, -36.42, 300.61, 2.35, -0.02, 3.09, tool_force, -0.51, 2.56, -13.19, actual_rep, 2, curr_step, 8, track_size, 72, robot_vel, 36.88, joints_pos, 7.26, 44.33, -16.51, -77.14, 16.97, 59.56, 32.7, tool_torque, -1.28, -0.193, 0.251, joint_torque, 0.22, -9.31, -0.28, 6.04, 1.15, -1.09, 0.27, robot_mode, normal, 
09/12/2022 13:37:43:683, robot_pos, 1670592827437, 621.41, -37.79, 303.15, 2.35, -0.02, 3.09, circuit_pos, 620.58, -46.71, 300.66, 2.36, -0.01, 3.09, tool_force, -0.61, 2.9, -13.57, actual_rep, 2, curr_step, 7, track_size, 72, robot_vel, 43.22, joints_pos, 6.21, 44.34, -16.54, -77.06, 16.91, 59.59, 31.09, tool_torque, -1.19, 0.0080, 0.215, joint_torque, 0.53, -9.4, -0.03, 6.12, 1.24, -0.86, 0.22, robot_mode, normal, 
09/12/2022 13:37:43:982, robot_pos, 1670592827735, 620.85, -49.32, 303.09, 2.36, -0.01, 3.09, circuit_pos, 620.04, -56.04, 300.07, 2.37, -0.01, 3.09, tool_force, -0.57, 3.48, -13.63, actual_rep, 2, curr_step, 6, track_size, 72, robot_vel, 39.07, joints_pos, 5.19, 44.35, -16.55, -77.06, 16.8, 59.45, 29.46, tool_torque, -1.149, 0.079, 0.228, joint_torque, 0.49, -9.35, -0.08, 6.08, 1.26, -0.79, 0.23, robot_mode, normal, 
09/12/2022 13:37:44:142, robot_pos, 1670592827889, 620.44, -55.23, 302.66, 2.37, -0.01, 3.09, circuit_pos, 619.15, -64.3, 298.91, 2.37, -0.01, 3.09, tool_force, -1.05, 2.76, -13.4, actual_rep, 2, curr_step, 5, track_size, 72, robot_vel, 42.12, joints_pos, 4.65, 44.39, -16.55, -77.05, 16.79, 59.42, 28.69, tool_torque, -1.179, 0.092, 0.215, joint_torque, 0.41, -9.27, -0.1, 5.99, 1.26, -0.76, 0.22, robot_mode, normal, 
09/12/2022 13:37:44:282, robot_pos, 1670592828035, 619.99, -60.9, 302.1, 2.37, -0.01, 3.09, circuit_pos, 617.78, -71.85, 297.69, 2.37, -0.01, 3.09, tool_force, -0.7, 2.98, -13.44, actual_rep, 2, curr_step, 4, track_size, 72, robot_vel, 40.18, joints_pos, 4.12, 44.45, -16.54, -77.05, 16.79, 59.38, 28.06, tool_torque, -1.09, 0.013, 0.223, joint_torque, 0.83, -9.37, 0.07, 6.05, 1.26, -0.75, 0.21, robot_mode, normal, 
09/12/2022 13:37:44:443, robot_pos, 1670592828186, 619.2, -66.76, 301.27, 2.37, -0.01, 3.09, circuit_pos, 617.78, -71.85, 297.69, 2.37, -0.01, 3.09, tool_force, -0.95, 3.35, -13.71, actual_rep, 2, curr_step, 4, track_size, 72, robot_vel, 44.32, joints_pos, 3.58, 44.5, -16.54, -77.1, 16.83, 59.32, 27.44, tool_torque, -1.092, 0.088, 0.22, joint_torque, 0.29, -9.29, -0.21, 6.08, 1.22, -0.73, 0.22, robot_mode, normal, 
09/12/2022 13:37:44:582, robot_pos, 1670592828332, 618.33, -72.5, 300.44, 2.37, -0.01, 3.09, circuit_pos, 616.23, -78.75, 296.86, 2.37, 0.0, 3.09, tool_force, -1.09, 3.46, -13.62, actual_rep, 2, curr_step, 3, track_size, 72, robot_vel, 41.71, joints_pos, 3.08, 44.5, -16.56, -77.24, 16.83, 59.07, 26.86, tool_torque, -1.085, 0.135, 0.19, joint_torque, 0.57, -9.42, -0.03, 6.17, 1.24, -0.7, 0.2, robot_mode, normal, 
09/12/2022 13:37:44:741, robot_pos, 1670592828483, 617.11, -78.23, 299.98, 2.37, 0.0, 3.09, circuit_pos, 615.03, -85.14, 296.67, 2.36, 0.0, 3.09, tool_force, -1.01, 3.65, -13.89, actual_rep, 2, curr_step, 2, track_size, 72, robot_vel, 39.46, joints_pos, 2.64, 44.43, -16.64, -77.46, 16.74, 58.72, 26.51, tool_torque, -1.073, 0.168, 0.182, joint_torque, 0.68, -9.33, 0.04, 6.14, 1.27, -0.69, 0.19, robot_mode, normal, 
09/12/2022 13:37:44:884, robot_pos, 1670592828631, 616.03, -84.15, 299.75, 2.36, 0.0, 3.09, circuit_pos, 614.3, -90.51, 297.41, 2.34, 0.0, 3.1, tool_force, -1.97, 3.13, -13.15, actual_rep, 2, curr_step, 1, track_size, 72, robot_vel, 40.45, joints_pos, 2.14, 44.4, -16.67, -77.56, 16.68, 58.6, 26.4, tool_torque, -1.251, 0.245, 0.103, joint_torque, 0.17, -9.1, -0.14, 6.08, 1.27, -0.75, 0.11, robot_mode, normal, 
09/12/2022 13:37:45:041, robot_pos, 1670592828780, 614.94, -89.79, 299.99, 2.34, 0.0, 3.09, circuit_pos, 613.86, -94.17, 298.82, 2.34, 0.01, 3.1, tool_force, 0.04, 3.02, -13.25, actual_rep, 2, curr_step, 0, track_size, 72, robot_vel, 36.14, joints_pos, 1.77, 44.4, -16.8, -77.54, 16.31, 58.74, 27.15, tool_torque, -1.402, -0.128, -0.161, joint_torque, 1.55, -9.34, 0.57, 6.14, 1.33, -0.94, -0.2, robot_mode, normal, 
09/12/2022 13:37:45:184, robot_pos, 1670592828931, 614.79, -90.35, 300.1, 2.34, 0.0, 3.1, circuit_pos, 613.86, -94.17, 298.82, 2.34, 0.01, 3.1, tool_force, -0.86, 3.17, -13.11, actual_rep, 2, curr_step, 0, track_size, 72, robot_vel, 4.38, joints_pos, 1.65, 44.39, -16.67, -77.51, 16.12, 58.79, 27.3, tool_torque, -1.169, -0.112, -0.057, joint_torque, 1.06, -9.08, -0.07, 6.14, 1.27, -0.91, -0.18, robot_mode, normal, 
09/12/2022 13:37:45:341, robot_pos, 1670592829083, 614.75, -90.48, 300.11, 2.34, 0.0, 3.1, circuit_pos, 613.86, -94.17, 298.82, 2.34, 0.01, 3.1, tool_force, -1.63, 2.65, -13.02, actual_rep, 2, curr_step, 0, track_size, 72, robot_vel, 1.08, joints_pos, 1.65, 44.38, -16.67, -77.52, 16.09, 58.78, 27.32, tool_torque, -1.25, 0.014, -0.051, joint_torque, 0.53, -9.08, -0.26, 6.1, 1.24, -0.88, -0.14, robot_mode, normal, 
09/12/2022 13:37:45:503, robot_pos, 1670592829232, 614.75, -90.47, 300.09, 2.34, 0.0, 3.1, circuit_pos, 615.03, -85.14, 296.67, 2.36, 0.0, 3.09, tool_force, -1.5, 2.48, -13.15, actual_rep, 3, curr_step, 2, track_size, 72, robot_vel, 0.47, joints_pos, 1.65, 44.38, -16.67, -77.52, 16.09, 58.78, 27.32, tool_torque, -1.269, 0.0040, -0.062, joint_torque, 0.54, -9.11, -0.24, 6.06, 1.23, -0.88, -0.14, robot_mode, normal, 
09/12/2022 13:37:45:642, robot_pos, 1670592829382, 615.33, -87.73, 299.8, 2.35, 0.0, 3.09, circuit_pos, 616.23, -78.75, 296.86, 2.37, 0.0, 3.09, tool_force, -0.64, 3.36, -13.76, actual_rep, 3, curr_step, 3, track_size, 72, robot_vel, 24.46, joints_pos, 1.73, 44.37, -16.43, -77.54, 16.21, 58.64, 26.95, tool_torque, -0.913, -0.065, 0.188, joint_torque, 1.23, -9.24, 0.11, 6.05, 1.22, -0.7, 0.11, robot_mode, normal, 
09/12/2022 13:37:45:801, robot_pos, 1670592829533, 616.17, -82.12, 299.82, 2.36, 0.0, 3.09, circuit_pos, 617.78, -71.85, 297.69, 2.37, -0.01, 3.09, tool_force, -2.65, 2.57, -13.75, actual_rep, 3, curr_step, 4, track_size, 72, robot_vel, 35.53, joints_pos, 2.07, 44.32, -16.18, -77.57, 16.17, 58.55, 26.71, tool_torque, -1.132, 0.272, 0.185, joint_torque, -0.21, -9.11, -0.5, 6.12, 1.23, -0.72, 0.17, robot_mode, normal, 
09/12/2022 13:37:45:942, robot_pos, 1670592829680, 617.05, -76.4, 300.11, 2.37, 0.0, 3.09, circuit_pos, 619.15, -64.3, 298.91, 2.37, -0.01, 3.09, tool_force, -1.07, 2.22, -13.41, actual_rep, 3, curr_step, 5, track_size, 72, robot_vel, 39.28, joints_pos, 2.47, 44.33, -16.04, -77.48, 16.32, 58.73, 26.88, tool_torque, -1.396, -0.068, -0.079, joint_torque, 0.1, -9.46, -0.37, 6.1, 1.18, -0.96, -0.11, robot_mode, normal, 
09/12/2022 13:37:46:104, robot_pos, 1670592829831, 618.15, -70.1, 300.66, 2.37, -0.01, 3.09, circuit_pos, 619.15, -64.3, 298.91, 2.37, -0.01, 3.09, tool_force, -1.52, 1.97, -12.85, actual_rep, 3, curr_step, 5, track_size, 72, robot_vel, 38.77, joints_pos, 3.01, 44.38, -16.05, -77.29, 16.45, 58.97, 27.34, tool_torque, -1.48, -0.061, -0.166, joint_torque, 0.35, -9.34, -0.14, 6.07, 1.2, -0.98, -0.2, robot_mode, normal, 
09/12/2022 13:37:46:244, robot_pos, 1670592829978, 619.15, -64.88, 301.29, 2.37, -0.01, 3.09, circuit_pos, 620.04, -56.04, 300.07, 2.37, -0.01, 3.09, tool_force, -1.67, 1.5, -12.93, actual_rep, 3, curr_step, 6, track_size, 72, robot_vel, 59.84, joints_pos, 3.51, 44.37, -16.08, -77.22, 16.47, 59.09, 27.8, tool_torque, -1.617, 0.07, -0.228, joint_torque, -0.18, -9.16, -0.27, 5.93, 1.17, -0.97, -0.22, robot_mode, normal, 
09/12/2022 13:37:46:402, robot_pos, 1670592830128, 619.78, -59.12, 302.09, 2.37, -0.01, 3.08, circuit_pos, 620.58, -46.71, 300.66, 2.36, -0.01, 3.09, tool_force, -1.31, 1.84, -12.88, actual_rep, 3, curr_step, 7, track_size, 72, robot_vel, 39.1, joints_pos, 4.02, 44.32, -16.08, -77.18, 16.47, 59.17, 28.33, tool_torque, -1.523, -0.033, -0.198, joint_torque, 0.29, -9.22, -0.09, 6.02, 1.19, -1.0, -0.21, robot_mode, normal, 
09/12/2022 13:37:46:543, robot_pos, 1670592830277, 620.33, -53.3, 302.57, 2.37, -0.01, 3.08, circuit_pos, 620.58, -46.71, 300.66, 2.36, -0.01, 3.09, tool_force, -1.36, 1.97, -13.15, actual_rep, 3, curr_step, 7, track_size, 72, robot_vel, 38.03, joints_pos, 4.58, 44.27, -16.09, -77.18, 16.47, 59.18, 29.13, tool_torque, -1.555, 0.037, -0.212, joint_torque, 0.21, -9.31, -0.1, 6.08, 1.19, -1.0, -0.22, robot_mode, normal, 
09/12/2022 13:37:46:702, robot_pos, 1670592830427, 620.64, -47.54, 302.83, 2.36, -0.01, 3.09, circuit_pos, 621.1, -36.42, 300.61, 2.35, -0.02, 3.09, tool_force, -1.63, 1.77, -12.8, actual_rep, 3, curr_step, 8, track_size, 72, robot_vel, 36.6, joints_pos, 5.11, 44.25, -16.1, -77.18, 16.48, 59.27, 29.93, tool_torque, -1.618, 0.061, -0.226, joint_torque, -0.08, -9.19, -0.25, 6.03, 1.16, -1.04, -0.22, robot_mode, normal, 
09/12/2022 13:37:46:843, robot_pos, 1670592830578, 621.01, -41.66, 303.07, 2.36, -0.02, 3.08, circuit_pos, 621.1, -36.42, 300.61, 2.35, -0.02, 3.09, tool_force, -1.14, 1.82, -12.93, actual_rep, 3, curr_step, 8, track_size, 72, robot_vel, 38.38, joints_pos, 5.6, 44.26, -16.08, -77.12, 16.61, 59.44, 30.68, tool_torque, -1.555, -0.011, -0.213, joint_torque, 0.0, -9.34, -0.32, 6.02, 1.14, -1.04, -0.22, robot_mode, normal, 
09/12/2022 13:37:47:142, robot_pos, 1670592830878, 621.56, -30.11, 302.88, 2.34, -0.02, 3.08, circuit_pos, 621.41, -16.2, 299.67, 2.34, -0.02, 3.09, tool_force, -1.42, 2.02, -13.03, actual_rep, 3, curr_step, 10, track_size, 72, robot_vel, 40.29, joints_pos, 6.65, 44.28, -16.09, -77.12, 16.69, 59.52, 32.33, tool_torque, -1.502, 0.07, -0.212, joint_torque, 0.2, -9.33, -0.23, 6.13, 1.14, -1.02, -0.22, robot_mode, normal, 
09/12/2022 13:37:47:308, robot_pos, 1670592831028, 621.71, -24.36, 302.71, 2.34, -0.02, 3.09, circuit_pos, 621.41, -16.2, 299.67, 2.34, -0.02, 3.09, tool_force, -1.74, 2.18, -13.38, actual_rep, 3, curr_step, 10, track_size, 72, robot_vel, 39.62, joints_pos, 7.2, 44.28, -16.09, -77.15, 16.7, 59.49, 32.94, tool_torque, -1.424, 0.199, -0.203, joint_torque, 0.06, -9.35, -0.25, 6.19, 1.14, -0.94, -0.21, robot_mode, normal, 
09/12/2022 13:37:47:462, robot_pos, 1670592831177, 621.84, -18.52, 302.51, 2.34, -0.02, 3.09, circuit_pos, 621.4, -3.17, 299.31, 2.33, -0.02, 3.09, tool_force, -1.72, 2.69, -13.41, actual_rep, 3, curr_step, 11, track_size, 72, robot_vel, 39.51, joints_pos, 7.72, 44.28, -16.09, -77.17, 16.71, 59.46, 33.58, tool_torque, -1.345, 0.284, -0.186, joint_torque, 0.03, -9.28, -0.24, 6.21, 1.14, -0.88, -0.19, robot_mode, normal, 
09/12/2022 13:37:47:608, robot_pos, 1670592831327, 621.91, -12.82, 302.36, 2.34, -0.02, 3.09, circuit_pos, 621.4, -3.17, 299.31, 2.33, -0.02, 3.09, tool_force, -2.25, 2.39, -13.39, actual_rep, 3, curr_step, 11, track_size, 72, robot_vel, 38.79, joints_pos, 8.28, 44.28, -16.11, -77.2, 16.72, 59.41, 34.34, tool_torque, -1.356, 0.354, -0.213, joint_torque, 0.01, -9.24, -0.22, 6.21, 1.12, -0.87, -0.21, robot_mode, normal, 
09/12/2022 13:37:47:746, robot_pos, 1670592831477, 621.95, -6.99, 302.16, 2.33, -0.02, 3.09, circuit_pos, 621.31, 7.17, 299.27, 2.33, -0.02, 3.09, tool_force, -1.89, 2.85, -13.38, actual_rep, 3, curr_step, 12, track_size, 72, robot_vel, 37.44, joints_pos, 8.81, 44.28, -16.11, -77.24, 16.72, 59.35, 35.06, tool_torque, -1.321, 0.33, -0.196, joint_torque, 0.11, -9.3, -0.21, 6.3, 1.13, -0.89, -0.2, robot_mode, normal, 
09/12/2022 13:37:47:901, robot_pos, 1670592831630, 621.94, -1.06, 302.1, 2.33, -0.02, 3.09, circuit_pos, 621.31, 7.17, 299.27, 2.33, -0.02, 3.09, tool_force, -2.5, 2.33, -13.44, actual_rep, 3, curr_step, 12, track_size, 72, robot_vel, 40.26, joints_pos, 9.36, 44.27, -16.11, -77.27, 16.71, 59.3, 35.67, tool_torque, -1.44, 0.459, -0.208, joint_torque, -0.59, -9.27, -0.52, 6.24, 1.11, -0.91, -0.18, robot_mode, normal, 
09/12/2022 13:37:48:061, robot_pos, 1670592831781, 621.94, 4.72, 302.04, 2.33, -0.02, 3.09, circuit_pos, 621.22, 18.66, 299.53, 2.33, -0.02, 3.09, tool_force, -1.89, 2.87, -13.27, actual_rep, 3, curr_step, 13, track_size, 72, robot_vel, 39.41, joints_pos, 9.91, 44.27, -16.11, -77.29, 16.7, 59.24, 36.27, tool_torque, -1.304, 0.313, -0.173, joint_torque, 0.12, -9.35, -0.23, 6.32, 1.14, -0.92, -0.18, robot_mode, normal, 
09/12/2022 13:37:48:202, robot_pos, 1670592831931, 621.88, 10.48, 302.13, 2.33, -0.02, 3.09, circuit_pos, 621.22, 18.66, 299.53, 2.33, -0.02, 3.09, tool_force, -1.87, 2.83, -13.39, actual_rep, 3, curr_step, 13, track_size, 72, robot_vel, 45.93, joints_pos, 10.43, 44.26, -16.11, -77.29, 16.68, 59.22, 36.83, tool_torque, -1.361, 0.35, -0.164, joint_torque, 0.02, -9.37, -0.26, 6.33, 1.15, -0.93, -0.16, robot_mode, normal, 
