07/12/2022 15:17:26:170, robot_pos, 1670426011026, 613.84, -94.19, 298.81, 2.34, 0.01, 3.1, circuit_pos, 614.3, -90.51, 297.41, 2.34, 0.0, 3.1, tool_force, -1.64, 3.16, -13.62, actual_rep, 1, curr_step, 1, track_size, 72, robot_vel, 37.08, joints_pos, 2.0, 44.48, -17.59, -77.79, 16.32, 58.27, 26.84, tool_torque, -1.015, 0.059, 0.18, joint_torque, 0.64, -9.2, -0.33, 6.14, 1.23, -0.75, 0.11, robot_mode, normal, 
07/12/2022 15:17:26:313, robot_pos, 1670426011178, 614.22, -93.36, 301.0, 2.34, 0.01, 3.1, circuit_pos, 615.03, -85.14, 296.67, 2.36, 0.0, 3.09, tool_force, -0.26, 4.04, -12.26, actual_rep, 1, curr_step, 2, track_size, 72, robot_vel, 76.49, joints_pos, 2.02, 44.33, -17.52, -77.67, 16.37, 58.54, 26.86, tool_torque, -1.056, -0.234, 0.046, joint_torque, 1.27, -9.29, 0.08, 5.92, 1.21, -0.9, -0.01, robot_mode, normal, 
07/12/2022 15:17:26:473, robot_pos, 1670426011334, 615.13, -88.31, 299.82, 2.35, 0.0, 3.09, circuit_pos, 615.03, -85.14, 296.67, 2.36, 0.0, 3.09, tool_force, -1.79, 2.38, -13.28, actual_rep, 1, curr_step, 2, track_size, 72, robot_vel, 29.27, joints_pos, 2.15, 44.45, -17.19, -77.56, 16.72, 58.72, 26.56, tool_torque, -1.418, -0.054, 0.129, joint_torque, -0.3, -9.34, -0.58, 5.89, 1.18, -0.95, 0.15, robot_mode, normal, 
07/12/2022 15:17:26:592, robot_pos, 1670426011466, 615.81, -83.79, 299.69, 2.36, 0.0, 3.09, circuit_pos, 616.23, -78.75, 296.86, 2.37, 0.0, 3.09, tool_force, -2.46, 2.89, -13.17, actual_rep, 1, curr_step, 3, track_size, 72, robot_vel, 30.89, joints_pos, 2.42, 44.42, -17.03, -77.61, 16.98, 58.63, 26.14, tool_torque, -1.217, 0.234, 0.162, joint_torque, -0.26, -8.93, -0.46, 5.95, 1.23, -0.77, 0.17, robot_mode, normal, 
07/12/2022 15:17:26:750, robot_pos, 1670426011624, 616.79, -77.49, 299.96, 2.37, 0.0, 3.09, circuit_pos, 617.78, -71.85, 297.69, 2.37, -0.01, 3.09, tool_force, -1.63, 1.77, -13.2, actual_rep, 1, curr_step, 4, track_size, 72, robot_vel, 43.57, joints_pos, 2.97, 44.43, -17.01, -77.54, 17.1, 58.76, 26.32, tool_torque, -1.555, -0.025, -0.075, joint_torque, -0.19, -9.48, -0.49, 6.0, 1.2, -0.97, -0.08, robot_mode, normal, 
07/12/2022 15:17:26:890, robot_pos, 1670426011765, 617.91, -72.26, 300.39, 2.37, -0.01, 3.08, circuit_pos, 619.15, -64.3, 298.91, 2.37, -0.01, 3.09, tool_force, -1.33, 1.98, -12.93, actual_rep, 1, curr_step, 5, track_size, 72, robot_vel, 42.96, joints_pos, 3.43, 44.5, -17.05, -77.36, 17.27, 59.02, 26.64, tool_torque, -1.599, -0.0020, -0.181, joint_torque, 0.02, -9.19, -0.21, 5.94, 1.22, -0.98, -0.18, robot_mode, normal, 
07/12/2022 15:17:27:049, robot_pos, 1670426011916, 618.89, -66.25, 301.13, 2.37, -0.01, 3.08, circuit_pos, 620.04, -56.04, 300.07, 2.37, -0.01, 3.09, tool_force, -1.87, 1.41, -12.8, actual_rep, 1, curr_step, 6, track_size, 72, robot_vel, 40.32, joints_pos, 3.99, 44.5, -17.09, -77.24, 17.33, 59.18, 27.13, tool_torque, -1.666, 0.067, -0.216, joint_torque, -0.11, -9.19, -0.17, 5.94, 1.21, -0.99, -0.19, robot_mode, normal, 
07/12/2022 15:17:27:193, robot_pos, 1670426012066, 619.65, -60.58, 301.9, 2.37, -0.01, 3.08, circuit_pos, 620.58, -46.71, 300.66, 2.36, -0.01, 3.09, tool_force, -1.56, 1.52, -12.7, actual_rep, 1, curr_step, 7, track_size, 72, robot_vel, 43.54, joints_pos, 4.52, 44.46, -17.11, -77.18, 17.33, 59.3, 27.65, tool_torque, -1.653, 0.042, -0.22, joint_torque, 0.02, -9.18, -0.13, 5.99, 1.21, -1.01, -0.19, robot_mode, normal, 
07/12/2022 15:17:27:351, robot_pos, 1670426012219, 620.23, -54.67, 302.43, 2.37, -0.01, 3.08, circuit_pos, 620.58, -46.71, 300.66, 2.36, -0.01, 3.09, tool_force, -1.86, 1.84, -12.88, actual_rep, 1, curr_step, 7, track_size, 72, robot_vel, 38.02, joints_pos, 5.08, 44.42, -17.13, -77.18, 17.33, 59.31, 28.41, tool_torque, -1.669, 0.151, -0.247, joint_torque, -0.27, -9.17, -0.26, 6.03, 1.2, -1.0, -0.21, robot_mode, normal, 
07/12/2022 15:17:27:492, robot_pos, 1670426012365, 620.58, -49.06, 302.82, 2.36, -0.01, 3.08, circuit_pos, 621.1, -36.42, 300.61, 2.35, -0.02, 3.09, tool_force, -1.61, 1.95, -12.9, actual_rep, 1, curr_step, 8, track_size, 72, robot_vel, 38.43, joints_pos, 5.6, 44.39, -17.14, -77.18, 17.33, 59.38, 29.2, tool_torque, -1.656, 0.101, -0.229, joint_torque, -0.02, -9.16, -0.14, 6.03, 1.19, -1.03, -0.2, robot_mode, normal, 
07/12/2022 15:17:27:649, robot_pos, 1670426012518, 620.91, -43.15, 303.01, 2.36, -0.02, 3.08, circuit_pos, 621.1, -36.42, 300.61, 2.35, -0.02, 3.09, tool_force, -1.63, 1.82, -12.66, actual_rep, 1, curr_step, 8, track_size, 72, robot_vel, 39.99, joints_pos, 6.1, 44.39, -17.12, -77.14, 17.45, 59.54, 29.95, tool_torque, -1.643, 0.081, -0.239, joint_torque, -0.19, -9.17, -0.33, 5.99, 1.17, -1.05, -0.22, robot_mode, normal, 
07/12/2022 15:17:27:831, robot_pos, 1670426012666, 621.25, -37.56, 302.96, 2.35, -0.02, 3.08, circuit_pos, 621.3, -26.89, 300.2, 2.34, -0.02, 3.09, tool_force, -1.56, 1.96, -12.86, actual_rep, 1, curr_step, 9, track_size, 72, robot_vel, 45.03, joints_pos, 6.59, 44.41, -17.11, -77.11, 17.51, 59.63, 30.75, tool_torque, -1.583, 0.099, -0.231, joint_torque, -0.04, -9.16, -0.28, 6.05, 1.18, -1.03, -0.22, robot_mode, normal, 
07/12/2022 15:17:27:951, robot_pos, 1670426012818, 621.52, -31.62, 302.92, 2.35, -0.02, 3.08, circuit_pos, 621.41, -16.2, 299.67, 2.34, -0.02, 3.09, tool_force, -1.6, 1.95, -12.94, actual_rep, 1, curr_step, 10, track_size, 72, robot_vel, 39.37, joints_pos, 7.16, 44.41, -17.14, -77.12, 17.55, 59.65, 31.6, tool_torque, -1.622, 0.13, -0.245, joint_torque, -0.08, -9.31, -0.25, 6.13, 1.16, -1.06, -0.21, robot_mode, normal, 
07/12/2022 15:17:28:093, robot_pos, 1670426012964, 621.68, -25.95, 302.74, 2.34, -0.02, 3.08, circuit_pos, 621.41, -16.2, 299.67, 2.34, -0.02, 3.09, tool_force, -1.72, 2.28, -13.07, actual_rep, 1, curr_step, 10, track_size, 72, robot_vel, 35.96, joints_pos, 7.68, 44.42, -17.14, -77.14, 17.57, 59.65, 32.26, tool_torque, -1.542, 0.176, -0.222, joint_torque, 0.1, -9.26, -0.13, 6.18, 1.17, -1.0, -0.2, robot_mode, normal, 
07/12/2022 15:17:28:251, robot_pos, 1670426013116, 621.81, -20.03, 302.54, 2.34, -0.02, 3.09, circuit_pos, 621.4, -3.17, 299.31, 2.33, -0.02, 3.09, tool_force, -2.16, 2.14, -13.31, actual_rep, 1, curr_step, 11, track_size, 72, robot_vel, 38.6, joints_pos, 8.23, 44.42, -17.14, -77.17, 17.57, 59.61, 32.89, tool_torque, -1.513, 0.347, -0.22, joint_torque, -0.41, -9.33, -0.45, 6.2, 1.15, -0.92, -0.2, robot_mode, normal, 
07/12/2022 15:17:28:409, robot_pos, 1670426013264, 621.92, -14.36, 302.38, 2.34, -0.02, 3.09, circuit_pos, 621.4, -3.17, 299.31, 2.33, -0.02, 3.09, tool_force, -2.38, 2.36, -13.36, actual_rep, 1, curr_step, 11, track_size, 72, robot_vel, 39.88, joints_pos, 8.76, 44.42, -17.14, -77.2, 17.58, 59.56, 33.62, tool_torque, -1.402, 0.383, -0.211, joint_torque, 0.0, -9.28, -0.22, 6.23, 1.15, -0.86, -0.19, robot_mode, normal, 
07/12/2022 15:17:28:551, robot_pos, 1670426013414, 621.97, -8.59, 302.21, 2.33, -0.02, 3.09, circuit_pos, 621.31, 7.17, 299.27, 2.33, -0.02, 3.09, tool_force, -2.1, 2.81, -13.36, actual_rep, 1, curr_step, 12, track_size, 72, robot_vel, 37.99, joints_pos, 9.29, 44.42, -17.14, -77.22, 17.58, 59.51, 34.34, tool_torque, -1.38, 0.395, -0.215, joint_torque, -0.06, -9.29, -0.23, 6.28, 1.15, -0.88, -0.19, robot_mode, normal, 
07/12/2022 15:17:28:710, robot_pos, 1670426013562, 622.01, -2.79, 302.1, 2.33, -0.02, 3.09, circuit_pos, 621.31, 7.17, 299.27, 2.33, -0.02, 3.09, tool_force, -2.51, 2.33, -13.48, actual_rep, 1, curr_step, 12, track_size, 72, robot_vel, 40.09, joints_pos, 9.84, 44.42, -17.14, -77.25, 17.58, 59.46, 34.98, tool_torque, -1.43, 0.433, -0.226, joint_torque, -0.32, -9.31, -0.4, 6.27, 1.13, -0.89, -0.2, robot_mode, normal, 
07/12/2022 15:17:28:853, robot_pos, 1670426013711, 621.99, 3.0, 302.04, 2.33, -0.02, 3.09, circuit_pos, 621.22, 18.66, 299.53, 2.33, -0.02, 3.09, tool_force, -2.12, 2.7, -13.45, actual_rep, 1, curr_step, 13, track_size, 72, robot_vel, 39.17, joints_pos, 10.37, 44.41, -17.15, -77.27, 17.58, 59.4, 35.56, tool_torque, -1.393, 0.42, -0.222, joint_torque, -0.01, -9.34, -0.22, 6.3, 1.14, -0.9, -0.19, robot_mode, normal, 
07/12/2022 15:17:29:014, robot_pos, 1670426013862, 621.95, 8.8, 302.11, 2.33, -0.02, 3.09, circuit_pos, 621.22, 18.66, 299.53, 2.33, -0.02, 3.09, tool_force, -2.16, 2.83, -13.31, actual_rep, 1, curr_step, 13, track_size, 72, robot_vel, 37.47, joints_pos, 10.92, 44.4, -17.15, -77.28, 17.56, 59.37, 36.13, tool_torque, -1.396, 0.435, -0.206, joint_torque, -0.22, -9.31, -0.34, 6.3, 1.13, -0.92, -0.17, robot_mode, normal, 
07/12/2022 15:17:29:155, robot_pos, 1670426014012, 621.88, 14.58, 302.18, 2.33, -0.02, 3.09, circuit_pos, 621.3, 29.46, 300.25, 2.32, -0.02, 3.09, tool_force, -2.16, 2.63, -13.54, actual_rep, 1, curr_step, 14, track_size, 72, robot_vel, 40.29, joints_pos, 11.45, 44.39, -17.15, -77.28, 17.54, 59.35, 36.7, tool_torque, -1.423, 0.444, -0.188, joint_torque, -0.29, -9.34, -0.42, 6.3, 1.14, -0.94, -0.16, robot_mode, normal, 
07/12/2022 15:17:29:311, robot_pos, 1670426014165, 621.86, 20.46, 302.43, 2.33, -0.02, 3.09, circuit_pos, 621.3, 29.46, 300.25, 2.32, -0.02, 3.09, tool_force, -1.86, 2.7, -13.32, actual_rep, 1, curr_step, 14, track_size, 72, robot_vel, 44.09, joints_pos, 11.99, 44.38, -17.15, -77.26, 17.53, 59.33, 37.47, tool_torque, -1.408, 0.377, -0.191, joint_torque, -0.03, -9.32, -0.31, 6.28, 1.15, -0.95, -0.17, robot_mode, normal, 
07/12/2022 15:17:29:451, robot_pos, 1670426014311, 621.88, 26.16, 302.75, 2.32, -0.02, 3.09, circuit_pos, 621.5, 39.55, 301.39, 2.31, -0.02, 3.09, tool_force, -1.9, 2.58, -13.24, actual_rep, 1, curr_step, 15, track_size, 72, robot_vel, 45.26, joints_pos, 12.52, 44.37, -17.16, -77.22, 17.51, 59.33, 38.27, tool_torque, -1.447, 0.388, -0.194, joint_torque, -0.11, -9.31, -0.29, 6.25, 1.15, -0.99, -0.17, robot_mode, normal, 
07/12/2022 15:17:29:612, robot_pos, 1670426014462, 621.9, 31.94, 303.25, 2.32, -0.02, 3.08, circuit_pos, 621.5, 39.55, 301.39, 2.31, -0.02, 3.09, tool_force, -1.58, 2.72, -13.1, actual_rep, 1, curr_step, 15, track_size, 72, robot_vel, 42.98, joints_pos, 13.06, 44.35, -17.16, -77.17, 17.47, 59.33, 39.12, tool_torque, -1.454, 0.34, -0.163, joint_torque, -0.06, -9.32, -0.3, 6.25, 1.15, -1.03, -0.14, robot_mode, normal, 
07/12/2022 15:17:29:752, robot_pos, 1670426014609, 621.97, 37.74, 303.83, 2.31, -0.02, 3.08, circuit_pos, 621.68, 48.29, 302.56, 2.3, -0.02, 3.09, tool_force, -1.45, 2.44, -13.03, actual_rep, 1, curr_step, 16, track_size, 72, robot_vel, 38.83, joints_pos, 13.58, 44.34, -17.16, -77.08, 17.44, 59.36, 40.02, tool_torque, -1.537, 0.289, -0.175, joint_torque, -0.11, -9.3, -0.31, 6.23, 1.13, -1.13, -0.14, robot_mode, normal, 
07/12/2022 15:17:29:913, robot_pos, 1670426014759, 622.05, 43.47, 304.48, 2.31, -0.02, 3.08, circuit_pos, 621.78, 57.42, 303.83, 2.3, -0.01, 3.09, tool_force, -1.71, 2.13, -12.96, actual_rep, 1, curr_step, 17, track_size, 72, robot_vel, 38.2, joints_pos, 14.11, 44.34, -17.16, -76.99, 17.41, 59.4, 40.92, tool_torque, -1.595, 0.237, -0.162, joint_torque, -0.14, -9.4, -0.37, 6.28, 1.12, -1.21, -0.13, robot_mode, normal, 
07/12/2022 15:17:30:054, robot_pos, 1670426014906, 622.17, 49.32, 305.28, 2.3, -0.02, 3.09, circuit_pos, 621.78, 57.42, 303.83, 2.3, -0.01, 3.09, tool_force, -1.43, 2.74, -12.97, actual_rep, 1, curr_step, 17, track_size, 72, robot_vel, 39.83, joints_pos, 14.68, 44.31, -17.17, -76.9, 17.18, 59.35, 41.75, tool_torque, -1.462, 0.361, -0.151, joint_torque, -0.06, -9.37, -0.33, 6.32, 1.12, -1.1, -0.11, robot_mode, normal, 
07/12/2022 15:17:30:211, robot_pos, 1670426015056, 622.21, 55.12, 306.05, 2.3, -0.01, 3.09, circuit_pos, 621.7, 64.77, 304.79, 2.29, -0.01, 3.09, tool_force, -1.76, 2.63, -13.13, actual_rep, 1, curr_step, 18, track_size, 72, robot_vel, 35.44, joints_pos, 15.24, 44.28, -17.18, -76.83, 17.02, 59.27, 42.6, tool_torque, -1.432, 0.374, -0.138, joint_torque, -0.15, -9.32, -0.38, 6.27, 1.11, -1.08, -0.12, robot_mode, normal, 
07/12/2022 15:17:30:369, robot_pos, 1670426015205, 622.23, 60.87, 306.78, 2.29, -0.01, 3.09, circuit_pos, 621.58, 73.04, 305.87, 2.28, -0.01, 3.09, tool_force, -1.53, 2.73, -13.1, actual_rep, 1, curr_step, 19, track_size, 72, robot_vel, 39.98, joints_pos, 15.79, 44.27, -17.19, -76.72, 16.89, 59.27, 43.55, tool_torque, -1.428, 0.327, -0.131, joint_torque, 0.09, -9.46, -0.26, 6.34, 1.11, -1.12, -0.11, robot_mode, normal, 
07/12/2022 15:17:30:509, robot_pos, 1670426015354, 622.13, 66.66, 307.5, 2.29, -0.01, 3.08, circuit_pos, 621.58, 73.04, 305.87, 2.28, -0.01, 3.09, tool_force, -1.57, 2.69, -12.97, actual_rep, 1, curr_step, 19, track_size, 72, robot_vel, 40.31, joints_pos, 16.31, 44.26, -17.19, -76.62, 16.83, 59.3, 44.5, tool_torque, -1.524, 0.351, -0.128, joint_torque, -0.29, -9.37, -0.49, 6.32, 1.08, -1.22, -0.09, robot_mode, normal, 
07/12/2022 15:17:30:652, robot_pos, 1670426015501, 622.02, 72.44, 308.18, 2.28, -0.01, 3.08, circuit_pos, 621.28, 81.29, 306.83, 2.28, -0.01, 3.09, tool_force, -1.24, 2.52, -12.94, actual_rep, 1, curr_step, 20, track_size, 72, robot_vel, 40.87, joints_pos, 16.85, 44.26, -17.19, -76.51, 16.74, 59.33, 45.34, tool_torque, -1.565, 0.221, -0.124, joint_torque, -0.06, -9.41, -0.42, 6.31, 1.06, -1.31, -0.1, robot_mode, normal, 
07/12/2022 15:17:30:810, robot_pos, 1670426015650, 621.81, 78.18, 308.89, 2.28, -0.01, 3.08, circuit_pos, 620.78, 89.35, 307.67, 2.27, -0.01, 3.09, tool_force, -1.6, 2.37, -12.75, actual_rep, 1, curr_step, 21, track_size, 72, robot_vel, 37.29, joints_pos, 17.36, 44.25, -17.19, -76.4, 16.69, 59.4, 46.04, tool_torque, -1.622, 0.236, -0.113, joint_torque, -0.3, -9.4, -0.54, 6.34, 1.05, -1.36, -0.08, robot_mode, normal, 
07/12/2022 15:17:31:109, robot_pos, 1670426015948, 621.24, 89.92, 310.23, 2.27, -0.01, 3.08, circuit_pos, 620.25, 96.98, 308.51, 2.27, -0.02, 3.08, tool_force, -1.09, 2.49, -12.79, actual_rep, 1, curr_step, 22, track_size, 72, robot_vel, 40.99, joints_pos, 18.34, 44.24, -17.11, -76.18, 16.75, 59.51, 47.59, tool_torque, -1.555, 0.194, -0.129, joint_torque, -0.43, -9.37, -0.76, 6.3, 0.94, -1.38, -0.1, robot_mode, normal, 
07/12/2022 15:17:31:449, robot_pos, 1670426016248, 620.54, 101.47, 311.56, 2.26, -0.02, 3.08, circuit_pos, 619.88, 109.67, 310.15, 2.26, -0.02, 3.08, tool_force, -1.26, 2.2, -12.88, actual_rep, 1, curr_step, 24, track_size, 72, robot_vel, 42.92, joints_pos, 19.3, 44.23, -17.12, -75.98, 17.21, 59.58, 48.88, tool_torque, -1.596, 0.147, -0.151, joint_torque, -0.45, -9.61, -0.75, 6.38, 0.91, -1.43, -0.12, robot_mode, normal, 
07/12/2022 15:17:31:709, robot_pos, 1670426016543, 620.36, 112.86, 313.1, 2.26, -0.02, 3.07, circuit_pos, 619.61, 120.68, 311.81, 2.26, -0.02, 3.07, tool_force, -1.38, 2.63, -13.23, actual_rep, 1, curr_step, 26, track_size, 72, robot_vel, 42.64, joints_pos, 20.24, 44.26, -17.12, -75.69, 17.52, 59.57, 49.9, tool_torque, -1.386, 0.307, -0.142, joint_torque, -0.25, -9.54, -0.62, 6.41, 0.92, -1.25, -0.11, robot_mode, normal, 
07/12/2022 15:17:32:013, robot_pos, 1670426016840, 619.93, 124.45, 314.61, 2.25, -0.02, 3.07, circuit_pos, 619.15, 132.12, 312.83, 2.25, -0.02, 3.07, tool_force, -1.49, 2.75, -13.15, actual_rep, 1, curr_step, 28, track_size, 72, robot_vel, 38.81, joints_pos, 21.26, 44.3, -17.13, -75.37, 17.55, 59.56, 51.37, tool_torque, -1.398, 0.308, -0.128, joint_torque, -0.27, -9.44, -0.62, 6.4, 0.91, -1.31, -0.09, robot_mode, normal, 
07/12/2022 15:17:32:311, robot_pos, 1670426017138, 619.47, 136.05, 315.39, 2.25, -0.02, 3.06, circuit_pos, 618.68, 143.43, 313.21, 2.25, -0.02, 3.07, tool_force, -0.71, 2.64, -12.85, actual_rep, 1, curr_step, 30, track_size, 72, robot_vel, 41.5, joints_pos, 22.27, 44.47, -17.14, -74.95, 17.51, 59.69, 52.67, tool_torque, -1.585, 0.117, -0.12, joint_torque, 0.1, -9.6, -0.43, 6.44, 0.94, -1.5, -0.09, robot_mode, normal, 
07/12/2022 15:17:32:632, robot_pos, 1670426017436, 619.16, 147.56, 315.76, 2.24, -0.02, 3.06, circuit_pos, 618.5, 157.93, 312.71, 2.23, -0.01, 3.06, tool_force, -1.4, 2.91, -13.32, actual_rep, 1, curr_step, 33, track_size, 72, robot_vel, 44.49, joints_pos, 23.19, 44.63, -17.09, -74.6, 17.65, 59.5, 54.06, tool_torque, -1.319, 0.27, -0.087, joint_torque, -0.37, -9.71, -0.86, 6.53, 0.86, -1.33, -0.08, robot_mode, normal, 
07/12/2022 15:17:32:911, robot_pos, 1670426017734, 618.75, 159.25, 314.76, 2.23, -0.02, 3.06, circuit_pos, 617.47, 173.7, 309.87, 2.21, -0.01, 3.07, tool_force, -0.87, 3.11, -13.26, actual_rep, 1, curr_step, 38, track_size, 72, robot_vel, 38.2, joints_pos, 24.33, 44.94, -17.23, -74.24, 17.47, 59.22, 56.09, tool_torque, -1.397, 0.344, -0.134, joint_torque, 0.06, -9.89, -0.52, 6.58, 0.9, -1.36, -0.09, robot_mode, normal, 
07/12/2022 15:17:33:233, robot_pos, 1670426018033, 618.12, 170.81, 312.5, 2.21, -0.01, 3.06, circuit_pos, 617.58, 173.1, 309.72, 2.21, -0.01, 3.07, tool_force, -1.38, 2.74, -12.61, actual_rep, 1, curr_step, 43, track_size, 72, robot_vel, 40.24, joints_pos, 25.35, 45.45, -17.21, -73.69, 17.01, 59.32, 58.35, tool_torque, -1.587, 0.331, -0.111, joint_torque, -0.51, -9.44, -0.79, 6.48, 0.86, -1.6, -0.08, robot_mode, normal, 
07/12/2022 15:17:33:511, robot_pos, 1670426018329, 618.07, 173.58, 312.46, 2.21, -0.01, 3.07, circuit_pos, 617.74, 173.64, 309.48, 2.21, -0.01, 3.07, tool_force, -1.18, 4.04, -13.05, actual_rep, 1, curr_step, 48, track_size, 72, robot_vel, 4.59, joints_pos, 25.69, 45.59, -17.39, -73.49, 16.98, 59.49, 58.83, tool_torque, -1.282, 0.17, 0.071, joint_torque, -0.23, -10.0, -0.83, 6.87, 0.77, -1.49, 0.12, robot_mode, normal, 
07/12/2022 15:17:33:670, robot_pos, 1670426018476, 618.22, 173.78, 312.23, 2.21, -0.01, 3.07, circuit_pos, 617.74, 173.47, 309.51, 2.21, -0.01, 3.07, tool_force, -1.05, 3.26, -13.18, actual_rep, 1, curr_step, 50, track_size, 72, robot_vel, 2.61, joints_pos, 25.69, 45.63, -17.38, -73.44, 16.98, 59.52, 58.85, tool_torque, -1.371, 0.135, 0.035, joint_torque, -0.19, -9.88, -0.85, 6.65, 0.77, -1.52, 0.07, robot_mode, normal, 
07/12/2022 15:17:33:812, robot_pos, 1670426018627, 618.25, 173.74, 312.16, 2.21, -0.01, 3.07, circuit_pos, 617.7, 173.68, 309.51, 2.21, -0.01, 3.07, tool_force, -0.79, 3.53, -13.22, actual_rep, 1, curr_step, 53, track_size, 72, robot_vel, 0.69, joints_pos, 25.69, 45.64, -17.38, -73.44, 16.98, 59.51, 58.84, tool_torque, -1.325, 0.159, 0.047, joint_torque, -0.09, -9.84, -0.73, 6.69, 0.79, -1.49, 0.09, robot_mode, normal, 
07/12/2022 15:17:33:969, robot_pos, 1670426018776, 618.26, 173.72, 312.18, 2.21, -0.01, 3.07, circuit_pos, 617.73, 173.58, 309.53, 2.21, -0.01, 3.07, tool_force, -1.01, 3.56, -13.03, actual_rep, 1, curr_step, 55, track_size, 72, robot_vel, 0.6, joints_pos, 25.69, 45.64, -17.38, -73.44, 16.97, 59.5, 58.85, tool_torque, -1.32, 0.166, 0.031, joint_torque, -0.16, -9.76, -0.81, 6.66, 0.79, -1.49, 0.06, robot_mode, normal, 
07/12/2022 15:17:34:132, robot_pos, 1670426018926, 618.25, 173.75, 312.19, 2.21, -0.01, 3.07, circuit_pos, 617.7, 173.64, 309.53, 2.21, -0.01, 3.07, tool_force, -1.02, 3.61, -13.13, actual_rep, 1, curr_step, 58, track_size, 72, robot_vel, 0.24, joints_pos, 25.69, 45.64, -17.38, -73.44, 16.98, 59.5, 58.85, tool_torque, -1.318, 0.186, 0.026, joint_torque, -0.16, -9.77, -0.77, 6.69, 0.78, -1.49, 0.06, robot_mode, normal, 
07/12/2022 15:17:34:270, robot_pos, 1670426019075, 618.24, 173.77, 312.21, 2.21, -0.01, 3.07, circuit_pos, 617.7, 173.64, 309.53, 2.21, -0.01, 3.07, tool_force, -0.97, 3.64, -13.07, actual_rep, 1, curr_step, 60, track_size, 72, robot_vel, 0.16, joints_pos, 25.69, 45.63, -17.38, -73.44, 16.98, 59.51, 58.85, tool_torque, -1.321, 0.162, 0.022, joint_torque, -0.11, -9.77, -0.78, 6.71, 0.78, -1.51, 0.05, robot_mode, normal, 
07/12/2022 15:17:34:429, robot_pos, 1670426019223, 618.24, 173.77, 312.21, 2.21, -0.01, 3.07, circuit_pos, 617.71, 173.64, 309.53, 2.21, -0.01, 3.07, tool_force, -0.93, 3.62, -13.15, actual_rep, 1, curr_step, 63, track_size, 72, robot_vel, 0.02, joints_pos, 25.69, 45.63, -17.37, -73.44, 16.98, 59.51, 58.85, tool_torque, -1.319, 0.161, 0.023, joint_torque, -0.1, -9.8, -0.77, 6.72, 0.79, -1.5, 0.05, robot_mode, normal, 
07/12/2022 15:17:34:591, robot_pos, 1670426019372, 618.24, 173.77, 312.21, 2.21, -0.01, 3.07, circuit_pos, 617.71, 173.63, 309.53, 2.21, -0.01, 3.07, tool_force, -0.93, 3.59, -13.14, actual_rep, 1, curr_step, 65, track_size, 72, robot_vel, 0.02, joints_pos, 25.69, 45.63, -17.38, -73.44, 16.98, 59.51, 58.85, tool_torque, -1.319, 0.162, 0.023, joint_torque, -0.11, -9.8, -0.77, 6.71, 0.78, -1.5, 0.05, robot_mode, normal, 
07/12/2022 15:17:34:871, robot_pos, 1670426019668, 618.24, 173.77, 312.21, 2.21, -0.01, 3.07, circuit_pos, 617.71, 173.63, 309.53, 2.21, -0.01, 3.07, tool_force, -0.89, 3.57, -13.18, actual_rep, 1, curr_step, 70, track_size, 72, robot_vel, 0.01, joints_pos, 25.69, 45.63, -17.38, -73.44, 16.98, 59.51, 58.85, tool_torque, -1.322, 0.153, 0.027, joint_torque, -0.1, -9.82, -0.77, 6.72, 0.78, -1.5, 0.06, robot_mode, normal, 
07/12/2022 15:17:35:031, robot_pos, 1670426019818, 618.24, 173.77, 312.21, 2.21, -0.01, 3.07, circuit_pos, 617.71, 173.63, 309.53, 2.21, -0.01, 3.07, tool_force, -0.88, 3.55, -13.19, actual_rep, 1, curr_step, 70, track_size, 72, robot_vel, 0.01, joints_pos, 25.69, 45.63, -17.38, -73.44, 16.98, 59.51, 58.85, tool_torque, -1.323, 0.154, 0.026, joint_torque, -0.09, -9.83, -0.77, 6.72, 0.78, -1.5, 0.06, robot_mode, normal, 
07/12/2022 15:17:35:172, robot_pos, 1670426019966, 618.24, 173.77, 312.21, 2.21, -0.01, 3.07, circuit_pos, 617.71, 173.63, 309.53, 2.21, -0.01, 3.07, tool_force, -0.89, 3.53, -13.2, actual_rep, 1, curr_step, 68, track_size, 72, robot_vel, 0.01, joints_pos, 25.69, 45.63, -17.38, -73.44, 16.98, 59.51, 58.85, tool_torque, -1.325, 0.154, 0.026, joint_torque, -0.1, -9.84, -0.78, 6.71, 0.78, -1.5, 0.06, robot_mode, normal, 
07/12/2022 15:17:35:331, robot_pos, 1670426020116, 618.24, 173.77, 312.21, 2.21, -0.01, 3.07, circuit_pos, 617.71, 173.63, 309.53, 2.21, -0.01, 3.07, tool_force, -0.88, 3.52, -13.19, actual_rep, 1, curr_step, 65, track_size, 72, robot_vel, 0.01, joints_pos, 25.69, 45.63, -17.38, -73.44, 16.98, 59.51, 58.85, tool_torque, -1.328, 0.155, 0.027, joint_torque, -0.1, -9.84, -0.77, 6.72, 0.78, -1.5, 0.06, robot_mode, normal, 
07/12/2022 15:17:35:470, robot_pos, 1670426020263, 618.24, 173.77, 312.21, 2.21, -0.01, 3.07, circuit_pos, 617.7, 173.64, 309.53, 2.21, -0.01, 3.07, tool_force, -0.92, 3.5, -13.2, actual_rep, 1, curr_step, 62, track_size, 72, robot_vel, 0.02, joints_pos, 25.69, 45.63, -17.38, -73.44, 16.98, 59.51, 58.85, tool_torque, -1.333, 0.162, 0.023, joint_torque, -0.14, -9.84, -0.78, 6.71, 0.78, -1.5, 0.06, robot_mode, normal, 
07/12/2022 15:17:35:631, robot_pos, 1670426020413, 618.24, 173.77, 312.21, 2.21, -0.01, 3.07, circuit_pos, 617.7, 173.64, 309.53, 2.21, -0.01, 3.07, tool_force, -0.93, 3.52, -13.21, actual_rep, 1, curr_step, 60, track_size, 72, robot_vel, 0.02, joints_pos, 25.69, 45.63, -17.38, -73.44, 16.98, 59.51, 58.85, tool_torque, -1.333, 0.164, 0.023, joint_torque, -0.14, -9.84, -0.78, 6.72, 0.78, -1.51, 0.06, robot_mode, normal, 
07/12/2022 15:17:35:769, robot_pos, 1670426020560, 618.24, 173.77, 312.21, 2.21, -0.01, 3.07, circuit_pos, 617.71, 173.62, 309.53, 2.21, -0.01, 3.07, tool_force, -0.92, 3.53, -13.21, actual_rep, 1, curr_step, 57, track_size, 72, robot_vel, 0.01, joints_pos, 25.69, 45.63, -17.38, -73.44, 16.98, 59.51, 58.85, tool_torque, -1.33, 0.161, 0.024, joint_torque, -0.13, -9.84, -0.78, 6.72, 0.78, -1.51, 0.06, robot_mode, normal, 
07/12/2022 15:17:35:932, robot_pos, 1670426020710, 618.24, 173.76, 312.21, 2.21, -0.01, 3.07, circuit_pos, 617.73, 173.58, 309.53, 2.21, -0.01, 3.07, tool_force, -0.78, 3.53, -13.21, actual_rep, 1, curr_step, 55, track_size, 72, robot_vel, 0.12, joints_pos, 25.69, 45.63, -17.38, -73.44, 16.98, 59.51, 58.85, tool_torque, -1.319, 0.131, 0.037, joint_torque, -0.05, -9.85, -0.77, 6.71, 0.78, -1.5, 0.06, robot_mode, normal, 
07/12/2022 15:17:36:072, robot_pos, 1670426020857, 618.24, 173.76, 312.21, 2.21, -0.01, 3.07, circuit_pos, 617.7, 173.69, 309.5, 2.21, -0.01, 3.07, tool_force, -0.88, 3.61, -13.17, actual_rep, 1, curr_step, 52, track_size, 72, robot_vel, 0.09, joints_pos, 25.69, 45.63, -17.38, -73.44, 16.98, 59.51, 58.85, tool_torque, -1.322, 0.166, 0.027, joint_torque, -0.12, -9.83, -0.76, 6.72, 0.78, -1.5, 0.06, robot_mode, normal, 
07/12/2022 15:17:36:233, robot_pos, 1670426021009, 618.25, 173.67, 312.2, 2.21, -0.01, 3.07, circuit_pos, 617.74, 173.47, 309.51, 2.21, -0.01, 3.07, tool_force, -0.65, 3.69, -13.24, actual_rep, 1, curr_step, 50, track_size, 72, robot_vel, 1.61, joints_pos, 25.69, 45.63, -17.39, -73.44, 16.98, 59.51, 58.85, tool_torque, -1.292, 0.109, 0.054, joint_torque, 0.07, -9.84, -0.71, 6.75, 0.79, -1.5, 0.08, robot_mode, normal, 
07/12/2022 15:17:36:373, robot_pos, 1670426021155, 618.23, 173.77, 312.19, 2.21, -0.01, 3.07, circuit_pos, 617.62, 173.49, 309.59, 2.21, -0.01, 3.07, tool_force, -0.84, 3.53, -13.19, actual_rep, 1, curr_step, 47, track_size, 72, robot_vel, 1.79, joints_pos, 25.69, 45.63, -17.38, -73.44, 16.98, 59.51, 58.85, tool_torque, -1.325, 0.148, 0.037, joint_torque, -0.14, -9.85, -0.81, 6.7, 0.78, -1.5, 0.07, robot_mode, normal, 
07/12/2022 15:17:36:533, robot_pos, 1670426021306, 618.22, 173.63, 312.78, 2.21, -0.01, 3.07, circuit_pos, 617.51, 173.25, 310.15, 2.21, -0.01, 3.07, tool_force, -0.77, 3.83, -12.82, actual_rep, 1, curr_step, 44, track_size, 72, robot_vel, 2.53, joints_pos, 25.69, 45.58, -17.39, -73.44, 16.98, 59.54, 58.85, tool_torque, -1.355, 0.108, 0.061, joint_torque, 0.0, -9.51, -0.65, 6.65, 0.79, -1.58, 0.1, robot_mode, normal, 
07/12/2022 15:17:36:672, robot_pos, 1670426021454, 618.0, 173.27, 312.42, 2.21, -0.01, 3.07, circuit_pos, 617.53, 172.87, 309.29, 2.21, -0.01, 3.07, tool_force, -0.99, 4.1, -13.4, actual_rep, 1, curr_step, 42, track_size, 72, robot_vel, 8.65, joints_pos, 25.68, 45.57, -17.4, -73.53, 16.96, 59.46, 58.84, tool_torque, -1.205, 0.165, 0.092, joint_torque, -0.03, -9.91, -0.74, 6.82, 0.8, -1.43, 0.12, robot_mode, normal, 
07/12/2022 15:17:36:830, robot_pos, 1670426021604, 618.1, 173.13, 311.94, 2.21, -0.01, 3.07, circuit_pos, 617.3, 174.03, 309.36, 2.21, -0.01, 3.07, tool_force, -0.39, 4.18, -13.35, actual_rep, 1, curr_step, 39, track_size, 72, robot_vel, 2.73, joints_pos, 25.66, 45.62, -17.39, -73.52, 16.96, 59.46, 58.81, tool_torque, -1.134, 0.072, 0.147, joint_torque, 0.18, -9.68, -0.67, 6.7, 0.8, -1.41, 0.15, robot_mode, normal, 
07/12/2022 15:17:36:990, robot_pos, 1670426021751, 618.06, 174.01, 312.38, 2.21, -0.01, 3.07, circuit_pos, 617.74, 172.36, 310.59, 2.21, -0.01, 3.06, tool_force, -0.57, 3.71, -12.81, actual_rep, 1, curr_step, 37, track_size, 72, robot_vel, 10.04, joints_pos, 25.72, 45.61, -17.39, -73.45, 16.96, 59.54, 58.9, tool_torque, -1.265, -0.089, 0.085, joint_torque, 0.6, -9.67, -0.5, 6.76, 0.79, -1.56, 0.08, robot_mode, normal, 
07/12/2022 15:17:37:131, robot_pos, 1670426021902, 618.43, 171.67, 313.3, 2.21, -0.01, 3.06, circuit_pos, 618.26, 162.37, 312.13, 2.22, -0.01, 3.06, tool_force, -0.02, 5.46, -12.76, actual_rep, 1, curr_step, 34, track_size, 72, robot_vel, 16.21, joints_pos, 25.57, 45.39, -17.49, -73.73, 17.27, 59.08, 58.17, tool_torque, -0.78, -0.187, 0.496, joint_torque, 0.08, -8.93, -0.88, 6.48, 0.67, -1.34, 0.52, robot_mode, normal, 
07/12/2022 15:17:37:290, robot_pos, 1670426022053, 618.45, 165.61, 314.28, 2.22, -0.01, 3.06, circuit_pos, 618.69, 148.48, 313.26, 2.24, -0.02, 3.06, tool_force, 1.93, 5.21, -13.77, actual_rep, 1, curr_step, 31, track_size, 72, robot_vel, 42.21, joints_pos, 25.18, 45.14, -17.66, -74.06, 17.45, 59.05, 57.22, tool_torque, -0.89, -0.413, 0.482, joint_torque, 1.2, -9.79, -0.36, 6.83, 0.79, -1.41, 0.48, robot_mode, normal, 
07/12/2022 15:17:37:431, robot_pos, 1670426022200, 618.72, 159.78, 314.69, 2.23, -0.01, 3.06, circuit_pos, 618.68, 143.43, 313.21, 2.25, -0.02, 3.07, tool_force, -0.05, 4.58, -12.94, actual_rep, 1, curr_step, 30, track_size, 72, robot_vel, 39.82, joints_pos, 24.66, 45.0, -17.69, -74.26, 17.66, 59.2, 56.08, tool_torque, -1.132, -0.334, 0.462, joint_torque, 0.53, -9.68, -0.63, 6.83, 0.8, -1.6, 0.49, robot_mode, normal, 
07/12/2022 15:17:37:592, robot_pos, 1670426022349, 618.86, 154.12, 315.07, 2.23, -0.01, 3.06, circuit_pos, 618.68, 143.43, 313.21, 2.25, -0.02, 3.07, tool_force, 0.67, 4.33, -13.34, actual_rep, 1, curr_step, 30, track_size, 72, robot_vel, 38.19, joints_pos, 24.16, 44.88, -17.69, -74.41, 17.69, 59.44, 55.14, tool_torque, -1.154, -0.382, 0.462, joint_torque, 0.41, -9.71, -0.72, 6.76, 0.81, -1.59, 0.49, robot_mode, normal, 
07/12/2022 15:17:37:731, robot_pos, 1670426022498, 619.05, 148.23, 315.47, 2.24, -0.02, 3.06, circuit_pos, 618.68, 143.43, 313.21, 2.25, -0.02, 3.07, tool_force, 0.62, 4.28, -13.34, actual_rep, 1, curr_step, 30, track_size, 72, robot_vel, 40.96, joints_pos, 23.65, 44.76, -17.69, -74.54, 17.75, 59.68, 54.1, tool_torque, -1.138, -0.456, 0.44, joint_torque, 1.02, -9.58, -0.36, 6.8, 0.86, -1.58, 0.44, robot_mode, normal, 
07/12/2022 15:17:37:890, robot_pos, 1670426022646, 619.25, 142.51, 315.58, 2.25, -0.02, 3.07, circuit_pos, 618.9, 137.78, 313.01, 2.25, -0.02, 3.07, tool_force, 0.12, 4.25, -13.26, actual_rep, 1, curr_step, 29, track_size, 72, robot_vel, 40.71, joints_pos, 23.14, 44.65, -17.69, -74.72, 17.78, 59.77, 53.32, tool_torque, -1.178, -0.342, 0.419, joint_torque, 0.45, -9.83, -0.65, 6.84, 0.86, -1.56, 0.44, robot_mode, normal, 
07/12/2022 15:17:38:033, robot_pos, 1670426022794, 619.44, 136.72, 315.6, 2.25, -0.02, 3.07, circuit_pos, 619.15, 132.12, 312.83, 2.25, -0.02, 3.07, tool_force, 0.14, 4.53, -13.06, actual_rep, 1, curr_step, 28, track_size, 72, robot_vel, 40.82, joints_pos, 22.65, 44.53, -17.69, -74.93, 17.81, 59.77, 52.69, tool_torque, -1.083, -0.276, 0.4, joint_torque, 0.44, -9.49, -0.6, 6.73, 0.86, -1.49, 0.42, robot_mode, normal, 
07/12/2022 15:17:38:192, robot_pos, 1670426022942, 619.74, 130.94, 315.4, 2.25, -0.02, 3.07, circuit_pos, 619.45, 126.37, 312.42, 2.25, -0.02, 3.07, tool_force, 0.24, 4.63, -13.35, actual_rep, 1, curr_step, 27, track_size, 72, robot_vel, 45.61, joints_pos, 22.15, 44.45, -17.7, -75.12, 17.84, 59.74, 52.12, tool_torque, -0.983, -0.243, 0.413, joint_torque, 0.59, -9.59, -0.51, 6.78, 0.87, -1.38, 0.43, robot_mode, normal, 
07/12/2022 15:17:38:354, robot_pos, 1670426023091, 619.99, 125.2, 314.99, 2.25, -0.02, 3.07, circuit_pos, 619.61, 120.68, 311.81, 2.26, -0.02, 3.07, tool_force, -0.35, 4.87, -13.41, actual_rep, 1, curr_step, 26, track_size, 72, robot_vel, 38.94, joints_pos, 21.65, 44.38, -17.7, -75.31, 17.89, 59.7, 51.26, tool_torque, -0.881, -0.144, 0.407, joint_torque, 0.53, -9.44, -0.51, 6.74, 0.88, -1.28, 0.42, robot_mode, normal, 
07/12/2022 15:17:38:491, robot_pos, 1670426023240, 620.22, 119.33, 314.34, 2.26, -0.02, 3.07, circuit_pos, 619.88, 109.67, 310.15, 2.26, -0.02, 3.08, tool_force, -0.13, 4.94, -13.54, actual_rep, 1, curr_step, 24, track_size, 72, robot_vel, 39.74, joints_pos, 21.14, 44.32, -17.7, -75.52, 17.94, 59.62, 50.45, tool_torque, -0.853, -0.155, 0.403, joint_torque, 0.63, -9.57, -0.47, 6.78, 0.9, -1.24, 0.41, robot_mode, normal, 
07/12/2022 15:17:38:652, robot_pos, 1670426023389, 620.21, 113.5, 313.51, 2.26, -0.02, 3.07, circuit_pos, 619.96, 103.53, 309.26, 2.26, -0.02, 3.08, tool_force, -0.32, 4.59, -12.9, actual_rep, 1, curr_step, 23, track_size, 72, robot_vel, 39.69, joints_pos, 20.67, 44.31, -17.75, -75.69, 17.88, 59.67, 49.87, tool_torque, -1.099, -0.197, 0.4, joint_torque, 0.5, -9.44, -0.41, 6.69, 0.97, -1.42, 0.41, robot_mode, normal, 
07/12/2022 15:17:38:951, robot_pos, 1670426023686, 620.66, 102.04, 311.93, 2.26, -0.02, 3.08, circuit_pos, 620.25, 96.98, 308.51, 2.27, -0.02, 3.08, tool_force, -0.21, 4.71, -13.15, actual_rep, 1, curr_step, 22, track_size, 72, robot_vel, 39.03, joints_pos, 19.71, 44.32, -17.79, -75.93, 17.75, 59.75, 48.6, tool_torque, -1.01, -0.15, 0.407, joint_torque, 0.53, -9.37, -0.47, 6.69, 0.99, -1.31, 0.41, robot_mode, normal, 
07/12/2022 15:17:39:092, robot_pos, 1670426023834, 620.9, 96.03, 311.28, 2.27, -0.02, 3.08, circuit_pos, 620.78, 89.35, 307.67, 2.27, -0.01, 3.09, tool_force, -0.45, 4.34, -13.08, actual_rep, 1, curr_step, 21, track_size, 72, robot_vel, 38.48, joints_pos, 19.23, 44.31, -17.82, -76.06, 17.63, 59.72, 47.9, tool_torque, -0.975, -0.05, 0.358, joint_torque, 0.5, -9.25, -0.46, 6.53, 1.02, -1.21, 0.37, robot_mode, normal, 
07/12/2022 15:17:39:253, robot_pos, 1670426023987, 621.21, 90.45, 310.69, 2.27, -0.01, 3.08, circuit_pos, 621.28, 81.29, 306.83, 2.28, -0.01, 3.09, tool_force, -0.1, 4.42, -13.57, actual_rep, 1, curr_step, 20, track_size, 72, robot_vel, 26.63, joints_pos, 18.86, 44.33, -17.88, -76.12, 17.12, 59.7, 47.54, tool_torque, -0.951, -0.152, 0.412, joint_torque, 0.97, -9.42, -0.28, 6.66, 1.03, -1.21, 0.39, robot_mode, normal, 
07/12/2022 15:17:39:390, robot_pos, 1670426024133, 621.61, 84.52, 310.05, 2.28, -0.01, 3.09, circuit_pos, 621.58, 73.04, 305.87, 2.28, -0.01, 3.09, tool_force, -0.38, 4.39, -13.62, actual_rep, 1, curr_step, 19, track_size, 72, robot_vel, 40.2, joints_pos, 18.33, 44.35, -17.88, -76.21, 17.12, 59.67, 46.66, tool_torque, -0.947, -0.063, 0.385, joint_torque, 0.6, -9.51, -0.47, 6.62, 1.02, -1.16, 0.38, robot_mode, normal, 
07/12/2022 15:17:39:552, robot_pos, 1670426024282, 621.91, 78.76, 309.37, 2.28, -0.01, 3.09, circuit_pos, 621.58, 73.04, 305.87, 2.28, -0.01, 3.09, tool_force, -0.26, 4.36, -13.69, actual_rep, 1, curr_step, 19, track_size, 72, robot_vel, 38.08, joints_pos, 17.82, 44.35, -17.88, -76.32, 17.12, 59.59, 46.06, tool_torque, -0.933, -0.063, 0.38, joint_torque, 0.59, -9.54, -0.47, 6.62, 1.03, -1.14, 0.37, robot_mode, normal, 
07/12/2022 15:17:39:691, robot_pos, 1670426024428, 622.12, 72.95, 308.66, 2.28, -0.01, 3.09, circuit_pos, 621.7, 64.77, 304.79, 2.29, -0.01, 3.09, tool_force, -0.5, 4.31, -13.75, actual_rep, 1, curr_step, 18, track_size, 72, robot_vel, 40.6, joints_pos, 17.29, 44.34, -17.87, -76.44, 17.12, 59.51, 45.27, tool_torque, -0.913, -0.083, 0.417, joint_torque, 0.57, -9.46, -0.5, 6.57, 1.04, -1.12, 0.4, robot_mode, normal, 
07/12/2022 15:17:39:851, robot_pos, 1670426024578, 622.25, 67.21, 307.95, 2.29, -0.01, 3.09, circuit_pos, 621.78, 57.42, 303.83, 2.3, -0.01, 3.09, tool_force, -0.69, 4.36, -13.62, actual_rep, 1, curr_step, 17, track_size, 72, robot_vel, 38.66, joints_pos, 16.77, 44.34, -17.85, -76.56, 17.14, 59.44, 44.4, tool_torque, -0.891, -0.068, 0.409, joint_torque, 0.44, -9.45, -0.6, 6.56, 1.02, -1.11, 0.4, robot_mode, normal, 
07/12/2022 15:17:39:993, robot_pos, 1670426024726, 622.34, 61.41, 307.2, 2.29, -0.01, 3.09, circuit_pos, 621.68, 48.29, 302.56, 2.3, -0.02, 3.09, tool_force, -0.55, 4.37, -13.57, actual_rep, 1, curr_step, 16, track_size, 72, robot_vel, 44.72, joints_pos, 16.24, 44.34, -17.85, -76.69, 17.19, 59.36, 43.38, tool_torque, -0.84, -0.11, 0.39, joint_torque, 0.74, -9.39, -0.41, 6.55, 1.02, -1.08, 0.37, robot_mode, normal, 
07/12/2022 15:17:40:293, robot_pos, 1670426025022, 622.24, 49.82, 305.57, 2.3, -0.02, 3.09, circuit_pos, 621.5, 39.55, 301.39, 2.31, -0.02, 3.09, tool_force, -0.92, 3.86, -13.16, actual_rep, 1, curr_step, 15, track_size, 72, robot_vel, 40.22, joints_pos, 15.11, 44.39, -17.82, -76.87, 17.61, 59.47, 41.71, tool_torque, -1.005, -0.27, 0.381, joint_torque, 0.55, -9.3, -0.56, 6.51, 1.02, -1.25, 0.35, robot_mode, normal, 
07/12/2022 15:17:40:450, robot_pos, 1670426025172, 622.13, 44.05, 304.85, 2.3, -0.02, 3.09, circuit_pos, 621.5, 39.55, 301.39, 2.31, -0.02, 3.09, tool_force, 0.15, 4.3, -13.42, actual_rep, 1, curr_step, 15, track_size, 72, robot_vel, 37.95, joints_pos, 14.58, 44.41, -17.83, -76.97, 17.71, 59.48, 40.8, tool_torque, -0.98, -0.246, 0.371, joint_torque, 0.49, -9.41, -0.57, 6.49, 1.02, -1.2, 0.36, robot_mode, normal, 
07/12/2022 15:17:40:591, robot_pos, 1670426025320, 622.07, 38.17, 304.15, 2.31, -0.02, 3.09, circuit_pos, 621.3, 29.46, 300.25, 2.32, -0.02, 3.09, tool_force, -0.54, 3.95, -13.44, actual_rep, 1, curr_step, 14, track_size, 72, robot_vel, 41.98, joints_pos, 14.04, 44.42, -17.83, -77.05, 17.78, 59.47, 39.91, tool_torque, -0.975, -0.225, 0.354, joint_torque, 0.66, -9.4, -0.45, 6.47, 1.05, -1.14, 0.33, robot_mode, normal, 
07/12/2022 15:17:40:749, robot_pos, 1670426025469, 621.96, 32.49, 303.5, 2.32, -0.02, 3.09, circuit_pos, 621.22, 18.66, 299.53, 2.33, -0.02, 3.09, tool_force, -0.82, 3.8, -13.61, actual_rep, 1, curr_step, 13, track_size, 72, robot_vel, 41.27, joints_pos, 13.53, 44.44, -17.84, -77.14, 17.85, 59.44, 38.99, tool_torque, -0.953, -0.108, 0.326, joint_torque, 0.59, -9.35, -0.41, 6.41, 1.06, -1.05, 0.31, robot_mode, normal, 
07/12/2022 15:17:40:892, robot_pos, 1670426025616, 621.9, 26.67, 303.03, 2.32, -0.02, 3.09, circuit_pos, 621.22, 18.66, 299.53, 2.33, -0.02, 3.09, tool_force, -0.54, 4.06, -13.57, actual_rep, 1, curr_step, 13, track_size, 72, robot_vel, 39.49, joints_pos, 13.0, 44.45, -17.85, -77.2, 17.89, 59.43, 38.12, tool_torque, -0.938, -0.089, 0.325, joint_torque, 0.63, -9.38, -0.36, 6.4, 1.07, -1.01, 0.31, robot_mode, normal, 
07/12/2022 15:17:41:049, robot_pos, 1670426025766, 621.89, 20.94, 302.63, 2.33, -0.02, 3.09, circuit_pos, 621.31, 7.17, 299.27, 2.33, -0.02, 3.09, tool_force, -0.84, 3.87, -13.59, actual_rep, 1, curr_step, 12, track_size, 72, robot_vel, 40.96, joints_pos, 12.47, 44.46, -17.85, -77.25, 17.94, 59.43, 37.31, tool_torque, -0.982, -0.045, 0.305, joint_torque, 0.32, -9.49, -0.57, 6.4, 1.06, -1.0, 0.3, robot_mode, normal, 
07/12/2022 15:17:41:210, robot_pos, 1670426025915, 621.87, 15.13, 302.41, 2.33, -0.02, 3.09, circuit_pos, 621.31, 7.17, 299.27, 2.33, -0.02, 3.09, tool_force, -0.31, 4.14, -13.71, actual_rep, 1, curr_step, 12, track_size, 72, robot_vel, 36.21, joints_pos, 11.94, 44.46, -17.86, -77.28, 17.96, 59.43, 36.67, tool_torque, -0.931, -0.104, 0.28, joint_torque, 0.72, -9.42, -0.34, 6.39, 1.08, -0.99, 0.26, robot_mode, normal, 
07/12/2022 15:17:41:350, robot_pos, 1670426026064, 621.91, 9.38, 302.21, 2.33, -0.02, 3.09, circuit_pos, 621.4, -3.17, 299.31, 2.33, -0.02, 3.09, tool_force, -0.69, 3.89, -13.54, actual_rep, 1, curr_step, 11, track_size, 72, robot_vel, 38.59, joints_pos, 11.39, 44.48, -17.87, -77.29, 17.99, 59.43, 36.06, tool_torque, -0.977, -0.061, 0.281, joint_torque, 0.59, -9.31, -0.32, 6.35, 1.09, -0.99, 0.28, robot_mode, normal, 
07/12/2022 15:17:41:489, robot_pos, 1670426026212, 621.9, 3.61, 302.14, 2.33, -0.02, 3.09, circuit_pos, 621.4, -3.17, 299.31, 2.33, -0.02, 3.09, tool_force, -0.57, 3.82, -13.44, actual_rep, 1, curr_step, 11, track_size, 72, robot_vel, 37.69, joints_pos, 10.87, 44.48, -17.87, -77.3, 18.01, 59.45, 35.5, tool_torque, -0.998, -0.141, 0.271, joint_torque, 0.72, -9.31, -0.23, 6.35, 1.1, -1.03, 0.26, robot_mode, normal, 
07/12/2022 15:17:41:652, robot_pos, 1670426026362, 621.89, -2.23, 302.12, 2.33, -0.02, 3.09, circuit_pos, 621.41, -16.2, 299.67, 2.34, -0.02, 3.09, tool_force, -0.32, 3.67, -13.31, actual_rep, 1, curr_step, 10, track_size, 72, robot_vel, 38.9, joints_pos, 10.32, 44.49, -17.87, -77.29, 18.03, 59.47, 34.82, tool_torque, -1.106, -0.165, 0.257, joint_torque, 0.44, -9.33, -0.41, 6.25, 1.09, -1.08, 0.26, robot_mode, normal, 
07/12/2022 15:17:41:793, robot_pos, 1670426026509, 621.84, -7.99, 302.22, 2.33, -0.02, 3.09, circuit_pos, 621.41, -16.2, 299.67, 2.34, -0.02, 3.09, tool_force, -0.24, 3.45, -13.17, actual_rep, 1, curr_step, 10, track_size, 72, robot_vel, 38.56, joints_pos, 9.8, 44.48, -17.87, -77.28, 18.04, 59.51, 34.1, tool_torque, -1.113, -0.254, 0.281, joint_torque, 0.54, -9.28, -0.37, 6.21, 1.11, -1.11, 0.27, robot_mode, normal, 
07/12/2022 15:17:41:949, robot_pos, 1670426026658, 621.79, -13.88, 302.36, 2.34, -0.02, 3.09, circuit_pos, 621.3, -26.89, 300.2, 2.34, -0.02, 3.09, tool_force, -0.21, 3.23, -13.16, actual_rep, 1, curr_step, 9, track_size, 72, robot_vel, 39.66, joints_pos, 9.24, 44.49, -17.87, -77.25, 18.05, 59.57, 33.4, tool_torque, -1.13, -0.292, 0.238, joint_torque, 0.87, -9.3, -0.15, 6.18, 1.13, -1.08, 0.22, robot_mode, normal, 
07/12/2022 15:17:42:113, robot_pos, 1670426026810, 621.73, -19.69, 302.55, 2.34, -0.02, 3.09, circuit_pos, 621.3, -26.89, 300.2, 2.34, -0.02, 3.09, tool_force, 0.31, 3.46, -13.16, actual_rep, 1, curr_step, 9, track_size, 72, robot_vel, 37.61, joints_pos, 8.71, 44.49, -17.87, -77.2, 18.06, 59.64, 32.8, tool_torque, -1.125, -0.321, 0.248, joint_torque, 0.79, -9.35, -0.24, 6.13, 1.14, -1.09, 0.23, robot_mode, normal, 
07/12/2022 15:17:42:253, robot_pos, 1670426026957, 621.64, -25.47, 302.78, 2.34, -0.02, 3.09, circuit_pos, 621.1, -36.42, 300.61, 2.35, -0.02, 3.09, tool_force, -0.2, 2.77, -13.14, actual_rep, 1, curr_step, 8, track_size, 72, robot_vel, 40.86, joints_pos, 8.16, 44.5, -17.87, -77.15, 18.06, 59.73, 32.12, tool_torque, -1.216, -0.279, 0.245, joint_torque, 0.44, -9.33, -0.4, 6.09, 1.14, -1.1, 0.24, robot_mode, normal, 
07/12/2022 15:17:42:412, robot_pos, 1670426027111, 621.54, -31.55, 303.02, 2.35, -0.02, 3.09, circuit_pos, 620.58, -46.71, 300.66, 2.36, -0.01, 3.09, tool_force, 0.34, 3.34, -13.06, actual_rep, 1, curr_step, 7, track_size, 72, robot_vel, 36.99, joints_pos, 7.6, 44.52, -17.87, -77.09, 18.06, 59.81, 31.28, tool_torque, -1.162, -0.334, 0.234, joint_torque, 0.82, -9.25, -0.19, 6.07, 1.15, -1.09, 0.22, robot_mode, normal, 
07/12/2022 15:17:42:571, robot_pos, 1670426027257, 621.48, -37.15, 303.15, 2.35, -0.02, 3.09, circuit_pos, 620.58, -46.71, 300.66, 2.36, -0.01, 3.09, tool_force, -0.28, 2.96, -13.38, actual_rep, 1, curr_step, 7, track_size, 72, robot_vel, 40.77, joints_pos, 7.08, 44.53, -17.9, -77.05, 18.04, 59.79, 30.46, tool_torque, -1.069, -0.16, 0.208, joint_torque, 0.83, -9.32, -0.11, 6.07, 1.19, -0.89, 0.21, robot_mode, normal, 
07/12/2022 15:17:42:710, robot_pos, 1670426027405, 621.32, -42.86, 303.26, 2.36, -0.01, 3.09, circuit_pos, 620.04, -56.04, 300.07, 2.37, -0.01, 3.09, tool_force, -0.15, 3.41, -13.41, actual_rep, 1, curr_step, 6, track_size, 72, robot_vel, 39.79, joints_pos, 6.64, 44.52, -17.96, -77.05, 17.93, 59.68, 29.73, tool_torque, -1.074, -0.016, 0.215, joint_torque, 0.73, -9.26, -0.17, 6.01, 1.23, -0.79, 0.19, robot_mode, normal, 
07/12/2022 15:17:43:010, robot_pos, 1670426027700, 620.51, -54.4, 302.75, 2.37, -0.01, 3.09, circuit_pos, 619.15, -64.3, 298.91, 2.37, -0.01, 3.09, tool_force, -0.26, 3.57, -13.49, actual_rep, 1, curr_step, 5, track_size, 72, robot_vel, 38.8, joints_pos, 5.59, 44.58, -17.97, -77.05, 17.93, 59.61, 28.09, tool_torque, -1.032, -0.061, 0.221, joint_torque, 0.91, -9.22, -0.12, 6.02, 1.26, -0.78, 0.18, robot_mode, normal, 
07/12/2022 15:17:43:152, robot_pos, 1670426027849, 620.05, -60.25, 302.16, 2.37, -0.01, 3.09, circuit_pos, 617.78, -71.85, 297.69, 2.37, -0.01, 3.09, tool_force, -0.72, 3.16, -13.63, actual_rep, 1, curr_step, 4, track_size, 72, robot_vel, 39.59, joints_pos, 5.06, 44.63, -17.97, -77.05, 17.93, 59.57, 27.43, tool_torque, -1.083, -0.0020, 0.223, joint_torque, 0.64, -9.25, -0.2, 5.99, 1.25, -0.75, 0.19, robot_mode, normal, 
07/12/2022 15:17:43:310, robot_pos, 1670426028000, 619.3, -66.11, 301.35, 2.37, -0.01, 3.09, circuit_pos, 617.78, -71.85, 297.69, 2.37, -0.01, 3.09, tool_force, -0.7, 3.38, -13.7, actual_rep, 1, curr_step, 4, track_size, 72, robot_vel, 38.77, joints_pos, 4.51, 44.68, -17.96, -77.09, 17.97, 59.51, 26.83, tool_torque, -0.967, -0.04, 0.217, joint_torque, 0.93, -9.32, -0.08, 6.09, 1.24, -0.72, 0.16, robot_mode, normal, 
07/12/2022 15:17:43:452, robot_pos, 1670426028148, 618.5, -71.91, 300.56, 2.37, -0.01, 3.09, circuit_pos, 616.23, -78.75, 296.86, 2.37, 0.0, 3.09, tool_force, -1.08, 3.47, -13.69, actual_rep, 1, curr_step, 3, track_size, 72, robot_vel, 39.72, joints_pos, 4.0, 44.7, -17.98, -77.21, 17.98, 59.28, 26.23, tool_torque, -1.01, 0.081, 0.192, joint_torque, 0.58, -9.39, -0.24, 6.11, 1.2, -0.68, 0.17, robot_mode, normal, 
07/12/2022 15:17:43:609, robot_pos, 1670426028297, 617.21, -77.64, 299.99, 2.37, 0.0, 3.09, circuit_pos, 615.03, -85.14, 296.67, 2.36, 0.0, 3.09, tool_force, -1.16, 4.06, -13.64, actual_rep, 1, curr_step, 2, track_size, 72, robot_vel, 37.83, joints_pos, 3.58, 44.63, -18.07, -77.44, 17.89, 58.94, 25.83, tool_torque, -0.962, 0.055, 0.205, joint_torque, 1.12, -9.29, 0.01, 6.26, 1.3, -0.71, 0.16, robot_mode, normal, 
07/12/2022 15:17:43:752, robot_pos, 1670426028444, 616.16, -83.38, 299.7, 2.36, 0.0, 3.09, circuit_pos, 614.3, -90.51, 297.41, 2.34, 0.0, 3.1, tool_force, -1.68, 3.71, -13.35, actual_rep, 1, curr_step, 1, track_size, 72, robot_vel, 39.38, joints_pos, 3.1, 44.6, -18.11, -77.56, 17.87, 58.77, 25.66, tool_torque, -1.034, 0.128, 0.165, joint_torque, 0.64, -8.97, -0.16, 6.09, 1.27, -0.73, 0.12, robot_mode, normal, 
07/12/2022 15:17:43:912, robot_pos, 1670426028594, 615.05, -89.24, 299.96, 2.34, 0.0, 3.09, circuit_pos, 613.86, -94.17, 298.82, 2.34, 0.01, 3.1, tool_force, 0.49, 3.39, -13.25, actual_rep, 1, curr_step, 0, track_size, 72, robot_vel, 41.26, joints_pos, 2.71, 44.59, -18.24, -77.55, 17.51, 58.89, 26.45, tool_torque, -1.242, -0.271, -0.103, joint_torque, 1.78, -9.36, 0.39, 6.08, 1.31, -0.91, -0.19, robot_mode, normal, 
07/12/2022 15:17:44:073, robot_pos, 1670426028743, 614.81, -90.22, 300.1, 2.34, 0.0, 3.1, circuit_pos, 613.86, -94.17, 298.82, 2.34, 0.01, 3.1, tool_force, -0.22, 2.99, -13.21, actual_rep, 1, curr_step, 0, track_size, 72, robot_vel, 4.8, joints_pos, 2.55, 44.58, -18.11, -77.52, 17.3, 58.97, 26.6, tool_torque, -1.069, -0.301, 0.0040, joint_torque, 1.36, -9.07, -0.19, 6.04, 1.26, -0.91, -0.16, robot_mode, normal, 
07/12/2022 15:17:44:211, robot_pos, 1670426028894, 614.74, -90.37, 300.13, 2.34, 0.0, 3.1, circuit_pos, 613.86, -94.17, 298.82, 2.34, 0.01, 3.1, tool_force, -1.12, 2.72, -13.21, actual_rep, 1, curr_step, 0, track_size, 72, robot_vel, 0.65, joints_pos, 2.54, 44.57, -18.1, -77.52, 17.22, 58.96, 26.64, tool_torque, -1.173, -0.106, -0.024, joint_torque, 0.73, -9.17, -0.42, 6.1, 1.24, -0.88, -0.14, robot_mode, normal, 
07/12/2022 15:17:44:372, robot_pos, 1670426029043, 614.74, -90.39, 300.11, 2.34, 0.0, 3.1, circuit_pos, 614.3, -90.51, 297.41, 2.34, 0.0, 3.1, tool_force, -1.04, 2.65, -13.42, actual_rep, 2, curr_step, 1, track_size, 72, robot_vel, 0.11, joints_pos, 2.54, 44.57, -18.1, -77.53, 17.23, 58.95, 26.65, tool_torque, -1.158, -0.107, -0.0030, joint_torque, 0.73, -9.21, -0.41, 6.06, 1.23, -0.86, -0.12, robot_mode, normal, 
07/12/2022 15:17:44:511, robot_pos, 1670426029193, 615.2, -88.4, 299.84, 2.35, 0.0, 3.09, circuit_pos, 616.23, -78.75, 296.86, 2.37, 0.0, 3.09, tool_force, -1.14, 2.92, -13.81, actual_rep, 2, curr_step, 3, track_size, 72, robot_vel, 0.94, joints_pos, 2.57, 44.57, -17.9, -77.53, 17.36, 58.87, 26.36, tool_torque, -1.08, 0.03, 0.121, joint_torque, 0.71, -9.34, -0.24, 6.05, 1.22, -0.71, 0.08, robot_mode, normal, 
07/12/2022 15:17:44:671, robot_pos, 1670426029343, 616.08, -82.82, 299.79, 2.36, 0.0, 3.09, circuit_pos, 617.78, -71.85, 297.69, 2.37, -0.01, 3.09, tool_force, -2.43, 2.21, -13.85, actual_rep, 2, curr_step, 4, track_size, 72, robot_vel, 42.54, joints_pos, 2.83, 44.51, -17.51, -77.56, 17.26, 58.73, 26.06, tool_torque, -1.3, 0.299, 0.14, joint_torque, -0.48, -9.27, -0.74, 6.11, 1.24, -0.72, 0.14, robot_mode, normal, 
07/12/2022 15:17:44:850, robot_pos, 1670426029491, 616.88, -77.32, 300.0, 2.37, 0.0, 3.09, circuit_pos, 617.78, -71.85, 297.69, 2.37, -0.01, 3.09, tool_force, -2.04, 1.82, -13.33, actual_rep, 2, curr_step, 4, track_size, 72, robot_vel, 37.42, joints_pos, 3.13, 44.49, -17.26, -77.49, 17.29, 58.87, 26.24, tool_torque, -1.523, 0.071, -0.082, joint_torque, -0.19, -9.2, -0.47, 6.05, 1.27, -0.94, -0.11, robot_mode, normal, 
07/12/2022 15:17:44:971, robot_pos, 1670426029640, 618.0, -71.58, 300.51, 2.37, -0.01, 3.09, circuit_pos, 619.15, -64.3, 298.91, 2.37, -0.01, 3.09, tool_force, -2.55, 1.12, -12.88, actual_rep, 2, curr_step, 5, track_size, 72, robot_vel, 41.14, joints_pos, 3.57, 44.52, -17.18, -77.34, 17.38, 59.09, 26.62, tool_torque, -1.639, 0.095, -0.16, joint_torque, -0.51, -9.16, -0.54, 6.01, 1.22, -1.0, -0.17, robot_mode, normal, 
07/12/2022 15:17:45:132, robot_pos, 1670426029790, 619.05, -65.67, 301.21, 2.37, -0.01, 3.08, circuit_pos, 620.04, -56.04, 300.07, 2.37, -0.01, 3.09, tool_force, -1.68, 1.63, -13.09, actual_rep, 2, curr_step, 6, track_size, 72, robot_vel, 42.92, joints_pos, 4.11, 44.52, -17.19, -77.22, 17.39, 59.22, 27.16, tool_torque, -1.589, 0.054, -0.205, joint_torque, -0.14, -9.16, -0.36, 5.95, 1.19, -0.97, -0.2, robot_mode, normal, 
07/12/2022 15:17:45:293, robot_pos, 1670426029939, 619.83, -59.8, 301.99, 2.37, -0.01, 3.08, circuit_pos, 620.58, -46.71, 300.66, 2.36, -0.01, 3.09, tool_force, -1.48, 1.48, -13.12, actual_rep, 2, curr_step, 7, track_size, 72, robot_vel, 39.27, joints_pos, 4.65, 44.48, -17.21, -77.16, 17.4, 59.33, 27.68, tool_torque, -1.593, 0.014, -0.205, joint_torque, 0.07, -9.37, -0.27, 6.03, 1.19, -0.99, -0.2, robot_mode, normal, 
07/12/2022 15:17:45:431, robot_pos, 1670426030087, 620.31, -54.1, 302.48, 2.37, -0.01, 3.08, circuit_pos, 620.58, -46.71, 300.66, 2.36, -0.01, 3.09, tool_force, -1.73, 2.05, -13.03, actual_rep, 2, curr_step, 7, track_size, 72, robot_vel, 38.53, joints_pos, 5.21, 44.43, -17.23, -77.16, 17.4, 59.34, 28.46, tool_torque, -1.565, 0.081, -0.222, joint_torque, 0.21, -9.26, -0.12, 6.11, 1.21, -0.99, -0.21, robot_mode, normal, 
07/12/2022 15:17:45:573, robot_pos, 1670426030239, 620.64, -48.22, 302.84, 2.36, -0.01, 3.09, circuit_pos, 621.1, -36.42, 300.61, 2.35, -0.02, 3.09, tool_force, -1.77, 2.04, -12.86, actual_rep, 2, curr_step, 8, track_size, 72, robot_vel, 38.23, joints_pos, 5.73, 44.4, -17.23, -77.16, 17.4, 59.42, 29.27, tool_torque, -1.624, 0.1, -0.201, joint_torque, -0.2, -9.13, -0.36, 6.02, 1.18, -1.03, -0.19, robot_mode, normal, 
07/12/2022 15:17:45:729, robot_pos, 1670426030388, 620.99, -42.4, 303.05, 2.36, -0.02, 3.08, circuit_pos, 621.1, -36.42, 300.61, 2.35, -0.02, 3.09, tool_force, -1.66, 1.6, -12.9, actual_rep, 2, curr_step, 8, track_size, 72, robot_vel, 42.54, joints_pos, 6.22, 44.4, -17.22, -77.12, 17.54, 59.59, 30.01, tool_torque, -1.616, 0.055, -0.214, joint_torque, -0.24, -9.22, -0.43, 5.99, 1.16, -1.04, -0.21, robot_mode, normal, 
07/12/2022 15:17:45:911, robot_pos, 1670426030535, 621.31, -36.7, 302.97, 2.35, -0.02, 3.08, circuit_pos, 621.3, -26.89, 300.2, 2.34, -0.02, 3.09, tool_force, -1.64, 1.89, -12.93, actual_rep, 2, curr_step, 9, track_size, 72, robot_vel, 39.35, joints_pos, 6.74, 44.42, -17.21, -77.11, 17.59, 59.65, 30.84, tool_torque, -1.538, 0.029, -0.193, joint_torque, 0.11, -9.23, -0.3, 6.11, 1.18, -1.05, -0.2, robot_mode, normal, 
07/12/2022 15:17:46:032, robot_pos, 1670426030687, 621.56, -30.8, 302.9, 2.35, -0.02, 3.08, circuit_pos, 621.41, -16.2, 299.67, 2.34, -0.02, 3.09, tool_force, -1.72, 2.13, -12.89, actual_rep, 2, curr_step, 10, track_size, 72, robot_vel, 41.13, joints_pos, 7.28, 44.42, -17.22, -77.12, 17.62, 59.67, 31.68, tool_torque, -1.557, 0.115, -0.214, joint_torque, -0.12, -9.27, -0.36, 6.13, 1.15, -1.05, -0.2, robot_mode, normal, 
07/12/2022 15:17:46:216, robot_pos, 1670426030833, 621.74, -25.13, 302.72, 2.34, -0.02, 3.09, circuit_pos, 621.41, -16.2, 299.67, 2.34, -0.02, 3.09, tool_force, -1.79, 2.2, -13.23, actual_rep, 2, curr_step, 10, track_size, 72, robot_vel, 39.1, joints_pos, 7.8, 44.43, -17.22, -77.14, 17.63, 59.65, 32.29, tool_torque, -1.486, 0.198, -0.189, joint_torque, -0.12, -9.37, -0.4, 6.2, 1.15, -0.97, -0.19, robot_mode, normal, 
07/12/2022 15:17:46:331, robot_pos, 1670426030984, 621.84, -19.35, 302.54, 2.34, -0.02, 3.09, circuit_pos, 621.4, -3.17, 299.31, 2.33, -0.02, 3.09, tool_force, -1.95, 2.49, -13.38, actual_rep, 2, curr_step, 11, track_size, 72, robot_vel, 40.41, joints_pos, 8.35, 44.43, -17.23, -77.16, 17.64, 59.62, 32.93, tool_torque, -1.407, 0.282, -0.197, joint_torque, -0.09, -9.3, -0.39, 6.23, 1.14, -0.91, -0.19, robot_mode, normal, 
07/12/2022 15:17:46:512, robot_pos, 1670426031132, 621.92, -13.52, 302.35, 2.34, -0.02, 3.09, circuit_pos, 621.4, -3.17, 299.31, 2.33, -0.02, 3.09, tool_force, -2.12, 2.68, -13.42, actual_rep, 2, curr_step, 11, track_size, 72, robot_vel, 39.42, joints_pos, 8.9, 44.43, -17.24, -77.2, 17.64, 59.57, 33.68, tool_torque, -1.353, 0.338, -0.193, joint_torque, 0.04, -9.27, -0.24, 6.25, 1.15, -0.87, -0.18, robot_mode, normal, 
07/12/2022 15:17:46:631, robot_pos, 1670426031281, 621.97, -7.83, 302.19, 2.33, -0.02, 3.09, circuit_pos, 621.31, 7.17, 299.27, 2.33, -0.02, 3.09, tool_force, -2.13, 2.66, -13.51, actual_rep, 2, curr_step, 12, track_size, 72, robot_vel, 37.96, joints_pos, 9.42, 44.43, -17.24, -77.23, 17.64, 59.51, 34.4, tool_torque, -1.385, 0.392, -0.203, joint_torque, -0.23, -9.36, -0.4, 6.28, 1.14, -0.88, -0.19, robot_mode, normal, 
07/12/2022 15:17:46:811, robot_pos, 1670426031431, 622.01, -1.97, 302.09, 2.33, -0.02, 3.09, circuit_pos, 621.31, 7.17, 299.27, 2.33, -0.02, 3.09, tool_force, -2.16, 2.68, -13.58, actual_rep, 2, curr_step, 12, track_size, 72, robot_vel, 39.05, joints_pos, 9.97, 44.43, -17.24, -77.25, 17.64, 59.46, 35.01, tool_torque, -1.381, 0.398, -0.206, joint_torque, -0.16, -9.34, -0.39, 6.28, 1.13, -0.89, -0.19, robot_mode, normal, 
07/12/2022 15:17:46:930, robot_pos, 1670426031579, 621.98, 3.8, 302.05, 2.33, -0.02, 3.09, circuit_pos, 621.22, 18.66, 299.53, 2.33, -0.02, 3.09, tool_force, -2.68, 2.32, -13.4, actual_rep, 2, curr_step, 13, track_size, 72, robot_vel, 37.26, joints_pos, 10.51, 44.42, -17.24, -77.27, 17.64, 59.41, 35.59, tool_torque, -1.405, 0.433, -0.201, joint_torque, -0.21, -9.29, -0.39, 6.3, 1.13, -0.91, -0.18, robot_mode, normal, 
07/12/2022 15:17:47:110, robot_pos, 1670426031731, 621.95, 9.72, 302.11, 2.33, -0.02, 3.09, circuit_pos, 621.22, 18.66, 299.53, 2.33, -0.02, 3.09, tool_force, -2.13, 2.79, -13.47, actual_rep, 2, curr_step, 13, track_size, 72, robot_vel, 39.12, joints_pos, 11.07, 44.41, -17.24, -77.28, 17.62, 59.38, 36.2, tool_torque, -1.348, 0.379, -0.181, joint_torque, -0.05, -9.35, -0.34, 6.34, 1.14, -0.92, -0.17, robot_mode, normal, 
07/12/2022 15:17:47:233, robot_pos, 1670426031880, 621.89, 15.41, 302.21, 2.33, -0.02, 3.09, circuit_pos, 621.3, 29.46, 300.25, 2.32, -0.02, 3.09, tool_force, -2.21, 2.81, -13.37, actual_rep, 2, curr_step, 14, track_size, 72, robot_vel, 44.23, joints_pos, 11.58, 44.4, -17.24, -77.28, 17.61, 59.35, 36.78, tool_torque, -1.41, 0.442, -0.181, joint_torque, -0.46, -9.28, -0.58, 6.29, 1.13, -0.95, -0.16, robot_mode, normal, 
07/12/2022 15:17:47:410, robot_pos, 1670426032032, 621.85, 21.42, 302.48, 2.33, -0.02, 3.09, circuit_pos, 621.3, 29.46, 300.25, 2.32, -0.02, 3.09, tool_force, -2.08, 2.73, -13.27, actual_rep, 2, curr_step, 14, track_size, 72, robot_vel, 39.79, joints_pos, 12.13, 44.39, -17.24, -77.26, 17.59, 59.34, 37.56, tool_torque, -1.369, 0.366, -0.184, joint_torque, -0.18, -9.28, -0.41, 6.27, 1.14, -0.97, -0.18, robot_mode, normal, 
07/12/2022 15:17:47:532, robot_pos, 1670426032178, 621.9, 27.05, 302.81, 2.32, -0.02, 3.09, circuit_pos, 621.5, 39.55, 301.39, 2.31, -0.02, 3.09, tool_force, -1.98, 2.58, -13.19, actual_rep, 2, curr_step, 15, track_size, 72, robot_vel, 41.99, joints_pos, 12.66, 44.38, -17.25, -77.21, 17.57, 59.34, 38.36, tool_torque, -1.448, 0.37, -0.183, joint_torque, -0.18, -9.36, -0.39, 6.28, 1.15, -1.0, -0.16, robot_mode, normal, 
07/12/2022 15:17:47:712, robot_pos, 1670426032333, 621.93, 33.01, 303.33, 2.32, -0.02, 3.09, circuit_pos, 621.5, 39.55, 301.39, 2.31, -0.02, 3.09, tool_force, -1.95, 2.34, -13.14, actual_rep, 2, curr_step, 15, track_size, 72, robot_vel, 41.01, joints_pos, 13.21, 44.37, -17.25, -77.15, 17.53, 59.35, 39.25, tool_torque, -1.479, 0.326, -0.153, joint_torque, -0.29, -9.28, -0.49, 6.21, 1.13, -1.07, -0.13, robot_mode, normal, 
07/12/2022 15:17:47:830, robot_pos, 1670426032478, 621.99, 38.65, 303.94, 2.31, -0.02, 3.08, circuit_pos, 621.68, 48.29, 302.56, 2.3, -0.02, 3.09, tool_force, -1.85, 2.39, -12.89, actual_rep, 2, curr_step, 16, track_size, 72, robot_vel, 38.91, joints_pos, 13.73, 44.35, -17.25, -77.07, 17.49, 59.38, 40.14, tool_torque, -1.54, 0.284, -0.153, joint_torque, -0.33, -9.29, -0.51, 6.23, 1.12, -1.15, -0.13, robot_mode, normal, 
07/12/2022 15:17:47:989, robot_pos, 1670426032627, 622.07, 44.48, 304.59, 2.3, -0.02, 3.08, circuit_pos, 621.78, 57.42, 303.83, 2.3, -0.01, 3.09, tool_force, -1.32, 2.62, -12.81, actual_rep, 2, curr_step, 17, track_size, 72, robot_vel, 42.07, joints_pos, 14.25, 44.35, -17.25, -76.97, 17.45, 59.41, 41.04, tool_torque, -1.513, 0.171, -0.13, joint_torque, 0.11, -9.24, -0.3, 6.24, 1.13, -1.19, -0.12, robot_mode, normal, 
07/12/2022 15:17:48:132, robot_pos, 1670426032777, 622.18, 50.27, 305.4, 2.3, -0.02, 3.09, circuit_pos, 621.78, 57.42, 303.83, 2.3, -0.01, 3.09, tool_force, -1.98, 2.56, -13.11, actual_rep, 2, curr_step, 17, track_size, 72, robot_vel, 38.8, joints_pos, 14.83, 44.32, -17.26, -76.89, 17.22, 59.34, 41.85, tool_torque, -1.437, 0.391, -0.128, joint_torque, -0.37, -9.24, -0.52, 6.23, 1.11, -1.07, -0.11, robot_mode, normal, 
07/12/2022 15:17:48:291, robot_pos, 1670426032926, 622.22, 56.04, 306.17, 2.3, -0.01, 3.09, circuit_pos, 621.7, 64.77, 304.79, 2.29, -0.01, 3.09, tool_force, -1.58, 2.67, -13.31, actual_rep, 2, curr_step, 18, track_size, 72, robot_vel, 37.42, joints_pos, 15.38, 44.29, -17.27, -76.81, 17.05, 59.29, 42.71, tool_torque, -1.4, 0.332, -0.112, joint_torque, 0.0, -9.35, -0.36, 6.28, 1.11, -1.07, -0.1, robot_mode, normal, 
07/12/2022 15:17:48:432, robot_pos, 1670426033076, 622.24, 61.87, 306.92, 2.29, -0.01, 3.09, circuit_pos, 621.58, 73.04, 305.87, 2.28, -0.01, 3.09, tool_force, -1.68, 2.56, -13.26, actual_rep, 2, curr_step, 19, track_size, 72, robot_vel, 36.17, joints_pos, 15.93, 44.28, -17.27, -76.7, 16.93, 59.29, 43.67, tool_torque, -1.467, 0.375, -0.116, joint_torque, -0.24, -9.44, -0.51, 6.31, 1.09, -1.13, -0.09, robot_mode, normal, 
07/12/2022 15:17:48:590, robot_pos, 1670426033225, 622.17, 67.55, 307.62, 2.29, -0.01, 3.08, circuit_pos, 621.58, 73.04, 305.87, 2.28, -0.01, 3.09, tool_force, -1.61, 2.59, -13.05, actual_rep, 2, curr_step, 19, track_size, 72, robot_vel, 40.0, joints_pos, 16.44, 44.27, -17.27, -76.6, 16.86, 59.3, 44.63, tool_torque, -1.474, 0.291, -0.104, joint_torque, -0.13, -9.44, -0.45, 6.34, 1.08, -1.2, -0.09, robot_mode, normal, 
07/12/2022 15:17:48:728, robot_pos, 1670426033377, 622.0, 73.45, 308.32, 2.28, -0.01, 3.08, circuit_pos, 621.28, 81.29, 306.83, 2.28, -0.01, 3.09, tool_force, -1.14, 2.48, -12.89, actual_rep, 2, curr_step, 20, track_size, 72, robot_vel, 38.17, joints_pos, 16.98, 44.27, -17.26, -76.49, 16.79, 59.36, 45.42, tool_torque, -1.559, 0.194, -0.104, joint_torque, -0.11, -9.42, -0.54, 6.31, 1.07, -1.32, -0.08, robot_mode, normal, 
07/12/2022 15:17:48:891, robot_pos, 1670426033525, 621.79, 79.13, 309.0, 2.28, -0.01, 3.08, circuit_pos, 620.78, 89.35, 307.67, 2.27, -0.01, 3.09, tool_force, -1.58, 2.23, -12.88, actual_rep, 2, curr_step, 21, track_size, 72, robot_vel, 40.49, joints_pos, 17.49, 44.27, -17.26, -76.37, 16.73, 59.42, 46.2, tool_torque, -1.575, 0.177, -0.102, joint_torque, -0.11, -9.44, -0.51, 6.33, 1.06, -1.34, -0.1, robot_mode, normal, 
07/12/2022 15:17:49:031, robot_pos, 1670426033676, 621.5, 84.94, 309.64, 2.27, -0.01, 3.08, circuit_pos, 620.25, 96.98, 308.51, 2.27, -0.02, 3.08, tool_force, -1.53, 2.33, -12.74, actual_rep, 2, curr_step, 22, track_size, 72, robot_vel, 37.81, joints_pos, 18.02, 44.27, -17.26, -76.26, 16.68, 59.47, 47.06, tool_torque, -1.578, 0.186, -0.099, joint_torque, -0.17, -9.43, -0.52, 6.36, 1.05, -1.37, -0.09, robot_mode, normal, 
07/12/2022 15:17:49:189, robot_pos, 1670426033827, 621.19, 90.89, 310.32, 2.27, -0.01, 3.08, circuit_pos, 620.25, 96.98, 308.51, 2.27, -0.02, 3.08, tool_force, -1.26, 2.54, -13.06, actual_rep, 2, curr_step, 22, track_size, 72, robot_vel, 41.59, joints_pos, 18.44, 44.25, -17.17, -76.17, 16.95, 59.52, 47.55, tool_torque, -1.463, 0.051, -0.083, joint_torque, -0.17, -9.52, -0.77, 6.42, 0.94, -1.39, -0.09, robot_mode, normal, 
07/12/2022 15:17:49:331, robot_pos, 1670426033975, 620.85, 96.44, 310.92, 2.27, -0.02, 3.08, circuit_pos, 619.96, 103.53, 309.26, 2.26, -0.02, 3.08, tool_force, -1.38, 2.48, -12.74, actual_rep, 2, curr_step, 23, track_size, 72, robot_vel, 40.77, joints_pos, 18.88, 44.24, -17.16, -76.09, 17.21, 59.54, 48.15, tool_torque, -1.492, 0.109, -0.135, joint_torque, -0.12, -9.38, -0.66, 6.37, 0.94, -1.4, -0.12, robot_mode, normal, 
07/12/2022 15:17:49:490, robot_pos, 1670426034124, 620.51, 102.24, 311.67, 2.26, -0.02, 3.08, circuit_pos, 619.88, 109.67, 310.15, 2.26, -0.02, 3.08, tool_force, -1.18, 2.43, -12.88, actual_rep, 2, curr_step, 24, track_size, 72, robot_vel, 38.96, joints_pos, 19.4, 44.24, -17.19, -75.96, 17.27, 59.61, 48.92, tool_torque, -1.524, 0.066, -0.144, joint_torque, 0.05, -9.53, -0.53, 6.45, 0.94, -1.43, -0.13, robot_mode, normal, 
07/12/2022 15:17:49:633, robot_pos, 1670426034276, 620.43, 108.11, 312.48, 2.26, -0.02, 3.07, circuit_pos, 619.73, 115.25, 310.98, 2.26, -0.02, 3.07, tool_force, -1.49, 2.59, -12.81, actual_rep, 2, curr_step, 25, track_size, 72, robot_vel, 39.99, joints_pos, 19.89, 44.27, -17.18, -75.77, 17.36, 59.68, 49.52, tool_torque, -1.495, 0.145, -0.128, joint_torque, -0.18, -9.46, -0.66, 6.45, 0.91, -1.41, -0.11, robot_mode, normal, 
07/12/2022 15:17:49:790, robot_pos, 1670426034426, 620.35, 113.82, 313.25, 2.26, -0.02, 3.07, circuit_pos, 619.61, 120.68, 311.81, 2.26, -0.02, 3.07, tool_force, -1.26, 3.02, -13.19, actual_rep, 2, curr_step, 26, track_size, 72, robot_vel, 39.55, joints_pos, 20.37, 44.27, -17.18, -75.66, 17.57, 59.57, 49.97, tool_torque, -1.326, 0.271, -0.126, joint_torque, -0.22, -9.47, -0.68, 6.42, 0.92, -1.25, -0.11, robot_mode, normal, 
07/12/2022 15:17:49:951, robot_pos, 1670426034577, 620.09, 119.64, 314.12, 2.26, -0.02, 3.07, circuit_pos, 619.45, 126.37, 312.42, 2.25, -0.02, 3.07, tool_force, -1.4, 2.93, -12.96, actual_rep, 2, curr_step, 27, track_size, 72, robot_vel, 38.83, joints_pos, 20.86, 44.27, -17.19, -75.52, 17.59, 59.57, 50.68, tool_torque, -1.338, 0.25, -0.131, joint_torque, -0.23, -9.43, -0.65, 6.41, 0.92, -1.29, -0.12, robot_mode, normal, 
07/12/2022 15:17:50:092, robot_pos, 1670426034725, 619.89, 125.38, 314.68, 2.25, -0.02, 3.07, circuit_pos, 619.15, 132.12, 312.83, 2.25, -0.02, 3.07, tool_force, -1.33, 2.99, -12.97, actual_rep, 2, curr_step, 28, track_size, 72, robot_vel, 47.0, joints_pos, 21.38, 44.33, -17.2, -75.33, 17.59, 59.6, 51.48, tool_torque, -1.416, 0.177, -0.103, joint_torque, -0.07, -9.62, -0.6, 6.56, 0.92, -1.4, -0.09, robot_mode, normal, 
07/12/2022 15:17:50:251, robot_pos, 1670426034877, 619.66, 131.19, 315.11, 2.25, -0.02, 3.07, circuit_pos, 618.9, 137.78, 313.01, 2.25, -0.02, 3.07, tool_force, -1.43, 2.51, -12.87, actual_rep, 2, curr_step, 29, track_size, 72, robot_vel, 40.76, joints_pos, 21.87, 44.4, -17.2, -75.14, 17.59, 59.64, 52.11, tool_torque, -1.556, 0.181, -0.127, joint_torque, -0.27, -9.58, -0.66, 6.47, 0.91, -1.49, -0.1, robot_mode, normal, 
07/12/2022 15:17:50:391, robot_pos, 1670426035026, 619.38, 137.05, 315.43, 2.25, -0.02, 3.06, circuit_pos, 618.68, 143.43, 313.21, 2.25, -0.02, 3.07, tool_force, -0.81, 2.41, -13.08, actual_rep, 2, curr_step, 30, track_size, 72, robot_vel, 44.13, joints_pos, 22.38, 44.49, -17.2, -74.92, 17.55, 59.72, 52.74, tool_torque, -1.611, 0.12, -0.103, joint_torque, -0.19, -9.78, -0.67, 6.54, 0.93, -1.53, -0.08, robot_mode, normal, 
07/12/2022 15:17:50:573, robot_pos, 1670426035176, 619.28, 142.72, 315.75, 2.25, -0.02, 3.06, circuit_pos, 618.69, 148.48, 313.26, 2.24, -0.02, 3.06, tool_force, -1.33, 2.78, -13.11, actual_rep, 2, curr_step, 31, track_size, 72, robot_vel, 39.64, joints_pos, 22.86, 44.58, -17.2, -74.7, 17.57, 59.71, 53.48, tool_torque, -1.53, 0.271, -0.105, joint_torque, -0.53, -9.66, -0.84, 6.57, 0.91, -1.46, -0.09, robot_mode, normal, 
07/12/2022 15:17:50:693, robot_pos, 1670426035327, 619.15, 148.51, 315.76, 2.24, -0.02, 3.06, circuit_pos, 618.5, 157.93, 312.71, 2.23, -0.01, 3.06, tool_force, -1.59, 3.13, -13.23, actual_rep, 2, curr_step, 33, track_size, 72, robot_vel, 46.67, joints_pos, 23.33, 44.65, -17.18, -74.58, 17.73, 59.47, 54.18, tool_torque, -1.303, 0.248, -0.078, joint_torque, -0.31, -9.6, -0.8, 6.54, 0.86, -1.34, -0.08, robot_mode, normal, 
07/12/2022 15:17:50:851, robot_pos, 1670426035477, 618.96, 154.38, 315.39, 2.23, -0.02, 3.06, circuit_pos, 617.91, 169.87, 311.16, 2.22, -0.01, 3.06, tool_force, -1.53, 3.16, -13.28, actual_rep, 2, curr_step, 36, track_size, 72, robot_vel, 39.68, joints_pos, 23.92, 44.79, -17.25, -74.4, 17.56, 59.29, 55.28, tool_torque, -1.379, 0.483, -0.134, joint_torque, -0.59, -9.58, -0.8, 6.48, 0.9, -1.35, -0.09, robot_mode, normal, 
07/12/2022 15:17:51:052, robot_pos, 1670426035635, 618.72, 160.48, 314.67, 2.23, -0.01, 3.06, circuit_pos, 617.3, 174.03, 309.36, 2.21, -0.01, 3.07, tool_force, -1.43, 3.01, -13.16, actual_rep, 2, curr_step, 39, track_size, 72, robot_vel, 38.93, joints_pos, 24.48, 44.99, -17.27, -74.19, 17.47, 59.2, 56.31, tool_torque, -1.401, 0.438, -0.117, joint_torque, -0.49, -9.79, -0.75, 6.51, 0.88, -1.37, -0.07, robot_mode, normal, 
07/12/2022 15:17:51:152, robot_pos, 1670426035779, 618.32, 165.97, 313.63, 2.22, -0.01, 3.06, circuit_pos, 617.59, 172.67, 309.2, 2.21, -0.01, 3.07, tool_force, -0.8, 2.89, -13.05, actual_rep, 2, curr_step, 41, track_size, 72, robot_vel, 39.38, joints_pos, 24.97, 45.22, -17.27, -73.94, 17.22, 59.26, 57.42, tool_torque, -1.535, 0.264, -0.106, joint_torque, -0.17, -9.82, -0.65, 6.58, 0.88, -1.53, -0.07, robot_mode, normal, 
07/12/2022 15:17:51:289, robot_pos, 1670426035928, 618.09, 171.75, 312.29, 2.21, -0.01, 3.06, circuit_pos, 617.58, 173.1, 309.72, 2.21, -0.01, 3.07, tool_force, -1.29, 2.62, -13.14, actual_rep, 2, curr_step, 43, track_size, 72, robot_vel, 42.28, joints_pos, 25.46, 45.5, -17.26, -73.64, 17.0, 59.33, 58.53, tool_torque, -1.657, 0.272, -0.097, joint_torque, -0.7, -10.41, -1.08, 6.78, 0.84, -1.64, -0.05, robot_mode, normal, 
07/12/2022 15:17:51:450, robot_pos, 1670426036077, 618.24, 173.37, 312.94, 2.21, -0.01, 3.07, circuit_pos, 617.63, 173.42, 309.99, 2.21, -0.01, 3.07, tool_force, -1.54, 2.49, -13.33, actual_rep, 2, curr_step, 46, track_size, 72, robot_vel, 8.79, joints_pos, 25.7, 45.57, -17.43, -73.44, 16.93, 59.56, 58.85, tool_torque, -1.634, 0.373, -0.074, joint_torque, -0.85, -9.77, -0.95, 6.42, 0.77, -1.59, 0.03, robot_mode, normal, 
07/12/2022 15:17:51:592, robot_pos, 1670426036227, 618.14, 173.62, 312.17, 2.21, -0.01, 3.07, circuit_pos, 617.74, 173.64, 309.48, 2.21, -0.01, 3.07, tool_force, -1.28, 3.84, -13.09, actual_rep, 2, curr_step, 48, track_size, 72, robot_vel, 9.36, joints_pos, 25.7, 45.62, -17.41, -73.48, 17.0, 59.48, 58.83, tool_torque, -1.223, 0.239, 0.064, joint_torque, -0.29, -9.63, -0.82, 6.64, 0.78, -1.44, 0.11, robot_mode, normal, 
07/12/2022 15:17:51:753, robot_pos, 1670426036378, 618.26, 173.67, 312.23, 2.21, -0.01, 3.07, circuit_pos, 617.75, 173.46, 309.48, 2.21, -0.01, 3.07, tool_force, -0.49, 3.0, -13.38, actual_rep, 2, curr_step, 51, track_size, 72, robot_vel, 1.07, joints_pos, 25.7, 45.64, -17.41, -73.43, 17.0, 59.52, 58.83, tool_torque, -1.416, 0.059, 0.063, joint_torque, -0.07, -10.07, -0.82, 6.71, 0.77, -1.54, 0.09, robot_mode, normal, 
07/12/2022 15:17:51:890, robot_pos, 1670426036528, 618.24, 173.81, 312.16, 2.21, -0.01, 3.07, circuit_pos, 617.7, 173.68, 309.51, 2.21, -0.01, 3.07, tool_force, -0.94, 3.3, -13.27, actual_rep, 2, curr_step, 53, track_size, 72, robot_vel, 1.76, joints_pos, 25.7, 45.64, -17.39, -73.44, 17.0, 59.51, 58.84, tool_torque, -1.353, 0.171, 0.052, joint_torque, -0.35, -9.96, -0.93, 6.68, 0.76, -1.49, 0.09, robot_mode, normal, 
07/12/2022 15:17:52:049, robot_pos, 1670426036681, 618.27, 173.74, 312.19, 2.21, -0.01, 3.07, circuit_pos, 617.72, 173.6, 309.54, 2.21, -0.01, 3.07, tool_force, -0.73, 3.39, -13.39, actual_rep, 2, curr_step, 56, track_size, 72, robot_vel, 0.44, joints_pos, 25.7, 45.64, -17.4, -73.44, 16.99, 59.51, 58.84, tool_torque, -1.328, 0.121, 0.052, joint_torque, -0.06, -9.89, -0.76, 6.7, 0.79, -1.5, 0.08, robot_mode, normal, 
07/12/2022 15:17:52:193, robot_pos, 1670426036828, 618.26, 173.75, 312.2, 2.21, -0.01, 3.07, circuit_pos, 617.7, 173.64, 309.53, 2.21, -0.01, 3.07, tool_force, -0.79, 3.54, -13.21, actual_rep, 2, curr_step, 58, track_size, 72, robot_vel, 0.09, joints_pos, 25.7, 45.64, -17.4, -73.44, 16.99, 59.51, 58.84, tool_torque, -1.333, 0.129, 0.049, joint_torque, -0.05, -9.91, -0.75, 6.73, 0.79, -1.51, 0.08, robot_mode, normal, 
07/12/2022 15:17:52:350, robot_pos, 1670426036980, 618.25, 173.78, 312.21, 2.21, -0.01, 3.07, circuit_pos, 617.7, 173.64, 309.53, 2.21, -0.01, 3.07, tool_force, -0.92, 3.62, -13.16, actual_rep, 2, curr_step, 61, track_size, 72, robot_vel, 0.11, joints_pos, 25.7, 45.64, -17.4, -73.44, 16.99, 59.51, 58.84, tool_torque, -1.322, 0.145, 0.039, joint_torque, -0.11, -9.85, -0.8, 6.72, 0.78, -1.51, 0.07, robot_mode, normal, 
07/12/2022 15:17:52:493, robot_pos, 1670426037129, 618.25, 173.78, 312.21, 2.21, -0.01, 3.07, circuit_pos, 617.71, 173.64, 309.53, 2.21, -0.01, 3.07, tool_force, -0.94, 3.67, -13.14, actual_rep, 2, curr_step, 63, track_size, 72, robot_vel, 0.02, joints_pos, 25.7, 45.64, -17.4, -73.44, 16.99, 59.51, 58.84, tool_torque, -1.312, 0.147, 0.04, joint_torque, -0.11, -9.81, -0.79, 6.73, 0.78, -1.51, 0.07, robot_mode, normal, 
07/12/2022 15:17:52:654, robot_pos, 1670426037279, 618.25, 173.78, 312.21, 2.21, -0.01, 3.07, circuit_pos, 617.71, 173.63, 309.53, 2.21, -0.01, 3.07, tool_force, -0.91, 3.65, -13.15, actual_rep, 2, curr_step, 66, track_size, 72, robot_vel, 0.02, joints_pos, 25.7, 45.64, -17.4, -73.44, 16.99, 59.51, 58.84, tool_torque, -1.307, 0.143, 0.042, joint_torque, -0.1, -9.8, -0.79, 6.72, 0.78, -1.5, 0.07, robot_mode, normal, 
07/12/2022 15:17:52:790, robot_pos, 1670426037429, 618.25, 173.78, 312.21, 2.21, -0.01, 3.07, circuit_pos, 617.71, 173.63, 309.53, 2.21, -0.01, 3.07, tool_force, -0.9, 3.65, -13.17, actual_rep, 2, curr_step, 68, track_size, 72, robot_vel, 0.03, joints_pos, 25.7, 45.64, -17.4, -73.44, 16.99, 59.51, 58.84, tool_torque, -1.306, 0.142, 0.043, joint_torque, -0.1, -9.81, -0.79, 6.73, 0.78, -1.5, 0.07, robot_mode, normal, 
07/12/2022 15:17:52:950, robot_pos, 1670426037579, 618.25, 173.77, 312.21, 2.21, -0.01, 3.07, circuit_pos, 617.71, 173.63, 309.53, 2.21, -0.01, 3.07, tool_force, -0.9, 3.66, -13.16, actual_rep, 2, curr_step, 71, track_size, 72, robot_vel, 0.0, joints_pos, 25.7, 45.64, -17.4, -73.44, 16.99, 59.51, 58.84, tool_torque, -1.308, 0.145, 0.042, joint_torque, -0.1, -9.8, -0.79, 6.73, 0.78, -1.51, 0.07, robot_mode, normal, 
07/12/2022 15:17:53:113, robot_pos, 1670426037728, 618.25, 173.77, 312.21, 2.21, -0.01, 3.07, circuit_pos, 617.71, 173.63, 309.53, 2.21, -0.01, 3.07, tool_force, -0.9, 3.63, -13.17, actual_rep, 2, curr_step, 70, track_size, 72, robot_vel, 0.0, joints_pos, 25.7, 45.64, -17.4, -73.44, 16.99, 59.51, 58.84, tool_torque, -1.31, 0.144, 0.043, joint_torque, -0.1, -9.81, -0.79, 6.72, 0.78, -1.5, 0.07, robot_mode, normal, 
