30/11/2022 15:51:46:579, robot_pos, 1669823275406, 614.67, -90.38, 299.78, 2.34, 0.0, 3.1, circuit_pos, 614.3, -90.51, 297.41, 2.34, 0.0, 3.1, tool_force, -0.78, 2.22, -11.89, actual_rep, 1, curr_step, 1, track_size, 72, robot_vel, 0.48, joints_pos, 2.21, 44.51, -17.56, -77.55, 16.8, 58.85, 26.9, tool_torque, -1.209, -0.117, 0.012, joint_torque, 0.64, -8.31, -0.26, 5.43, 1.22, -0.84, -0.09, robot_mode, normal, 
30/11/2022 15:51:46:700, robot_pos, 1669823275546, 614.79, -90.38, 300.21, 2.34, 0.0, 3.1, circuit_pos, 614.3, -90.51, 297.41, 2.34, 0.0, 3.1, tool_force, -0.55, 2.44, -13.97, actual_rep, 1, curr_step, 1, track_size, 72, robot_vel, 0.48, joints_pos, 2.21, 44.48, -17.56, -77.53, 16.81, 58.84, 26.9, tool_torque, -1.396, -0.345, 0.017, joint_torque, 0.78, -11.26, -0.47, 6.0, 1.27, -0.84, -0.08, robot_mode, normal, 
30/11/2022 15:51:46:959, robot_pos, 1669823275695, 614.52, -90.1, 299.35, 2.34, 0.0, 3.09, circuit_pos, 616.23, -78.75, 296.86, 2.37, 0.0, 3.09, tool_force, -0.55, 2.47, -12.45, actual_rep, 1, curr_step, 3, track_size, 72, robot_vel, 6.62, joints_pos, 2.24, 44.53, -17.5, -77.6, 16.93, 58.7, 26.7, tool_torque, -1.214, 0.396, 0.06, joint_torque, -0.21, -7.39, -0.24, 5.7, 1.24, -0.81, 0.08, robot_mode, normal, 
30/11/2022 15:51:47:035, robot_pos, 1669823275843, 615.54, -86.62, 299.57, 2.35, 0.0, 3.09, circuit_pos, 616.23, -78.75, 296.86, 2.37, 0.0, 3.09, tool_force, 0.95, 1.75, -13.01, actual_rep, 1, curr_step, 3, track_size, 72, robot_vel, 15.5, joints_pos, 2.41, 44.52, -17.39, -77.53, 17.03, 58.77, 26.36, tool_torque, -1.229, -0.355, 0.196, joint_torque, 0.71, -9.37, -0.34, 5.4, 1.17, -0.83, 0.16, robot_mode, normal, 
30/11/2022 15:51:47:148, robot_pos, 1669823275994, 616.28, -81.01, 299.39, 2.36, 0.0, 3.09, circuit_pos, 617.78, -71.85, 297.69, 2.37, -0.01, 3.09, tool_force, -1.74, 1.87, -12.23, actual_rep, 1, curr_step, 4, track_size, 72, robot_vel, 45.62, joints_pos, 2.82, 44.48, -17.22, -77.59, 17.05, 58.63, 26.19, tool_torque, -1.171, 0.048, 0.15, joint_torque, 0.14, -8.39, -0.33, 5.43, 1.19, -0.75, 0.12, robot_mode, normal, 
30/11/2022 15:51:47:303, robot_pos, 1669823276142, 617.13, -75.4, 299.86, 2.37, -0.01, 3.09, circuit_pos, 619.15, -64.3, 298.91, 2.37, -0.01, 3.09, tool_force, -0.92, 1.49, -11.78, actual_rep, 1, curr_step, 5, track_size, 72, robot_vel, 37.12, joints_pos, 3.22, 44.49, -17.15, -77.48, 17.3, 58.89, 26.37, tool_torque, -1.482, -0.067, -0.074, joint_torque, -0.27, -8.42, -0.47, 5.36, 1.17, -0.92, -0.09, robot_mode, normal, 
30/11/2022 15:51:47:458, robot_pos, 1669823276292, 618.32, -69.63, 300.48, 2.37, -0.01, 3.09, circuit_pos, 619.15, -64.3, 298.91, 2.37, -0.01, 3.09, tool_force, -1.8, 0.71, -11.74, actual_rep, 1, curr_step, 5, track_size, 72, robot_vel, 36.19, joints_pos, 3.75, 44.53, -17.17, -77.31, 17.36, 59.09, 26.82, tool_torque, -1.584, 0.01, -0.152, joint_torque, -0.22, -8.4, -0.33, 5.39, 1.18, -0.92, -0.17, robot_mode, normal, 
30/11/2022 15:51:47:604, robot_pos, 1669823276440, 619.23, -63.85, 301.15, 2.37, -0.01, 3.09, circuit_pos, 620.04, -56.04, 300.07, 2.37, -0.01, 3.09, tool_force, -1.09, 1.14, -11.71, actual_rep, 1, curr_step, 6, track_size, 72, robot_vel, 41.32, joints_pos, 4.27, 44.52, -17.19, -77.22, 17.39, 59.22, 27.31, tool_torque, -1.603, 0.0070, -0.223, joint_torque, 0.0, -8.42, -0.19, 5.37, 1.17, -0.93, -0.22, robot_mode, normal, 
30/11/2022 15:51:47:758, robot_pos, 1669823276590, 619.88, -58.02, 301.87, 2.37, -0.01, 3.08, circuit_pos, 620.58, -46.71, 300.66, 2.36, -0.01, 3.09, tool_force, -1.38, 1.45, -11.48, actual_rep, 1, curr_step, 7, track_size, 72, robot_vel, 43.0, joints_pos, 4.82, 44.48, -17.21, -77.19, 17.4, 59.3, 27.92, tool_torque, -1.575, 0.062, -0.21, joint_torque, 0.02, -8.31, -0.19, 5.4, 1.17, -0.93, -0.2, robot_mode, normal, 
30/11/2022 15:51:47:906, robot_pos, 1669823276739, 620.4, -52.24, 302.34, 2.36, -0.01, 3.08, circuit_pos, 620.58, -46.71, 300.66, 2.36, -0.01, 3.09, tool_force, -1.85, 1.39, -11.44, actual_rep, 1, curr_step, 7, track_size, 72, robot_vel, 45.87, joints_pos, 5.36, 44.43, -17.21, -77.19, 17.4, 59.3, 28.7, tool_torque, -1.604, 0.143, -0.22, joint_torque, -0.21, -8.13, -0.17, 5.4, 1.17, -0.95, -0.2, robot_mode, normal, 
30/11/2022 15:51:48:059, robot_pos, 1669823276890, 620.65, -46.46, 302.58, 2.36, -0.01, 3.09, circuit_pos, 621.1, -36.42, 300.61, 2.35, -0.02, 3.09, tool_force, -1.49, 1.48, -11.43, actual_rep, 1, curr_step, 8, track_size, 72, robot_vel, 38.93, joints_pos, 5.88, 44.41, -17.21, -77.19, 17.4, 59.41, 29.51, tool_torque, -1.602, 0.053, -0.211, joint_torque, -0.03, -8.28, -0.19, 5.47, 1.17, -1.0, -0.21, robot_mode, normal, 
30/11/2022 15:51:48:239, robot_pos, 1669823277038, 621.01, -40.69, 302.77, 2.35, -0.02, 3.08, circuit_pos, 621.3, -26.89, 300.2, 2.34, -0.02, 3.09, tool_force, -1.31, 1.39, -11.36, actual_rep, 1, curr_step, 9, track_size, 72, robot_vel, 44.79, joints_pos, 6.37, 44.42, -17.19, -77.14, 17.55, 59.57, 30.27, tool_torque, -1.558, -0.013, -0.183, joint_torque, -0.09, -8.36, -0.29, 5.43, 1.13, -1.02, -0.19, robot_mode, normal, 
30/11/2022 15:51:48:355, robot_pos, 1669823277187, 621.3, -34.88, 302.65, 2.35, -0.02, 3.08, circuit_pos, 621.3, -26.89, 300.2, 2.34, -0.02, 3.09, tool_force, -1.06, 1.66, -11.51, actual_rep, 1, curr_step, 9, track_size, 72, robot_vel, 38.3, joints_pos, 6.9, 44.43, -17.2, -77.14, 17.59, 59.61, 31.09, tool_torque, -1.541, -0.015, -0.172, joint_torque, 0.0, -8.39, -0.25, 5.49, 1.13, -1.04, -0.17, robot_mode, normal, 
30/11/2022 15:51:48:508, robot_pos, 1669823277336, 621.5, -29.1, 302.52, 2.34, -0.02, 3.08, circuit_pos, 621.41, -16.2, 299.67, 2.34, -0.02, 3.09, tool_force, -1.49, 1.93, -11.37, actual_rep, 1, curr_step, 10, track_size, 72, robot_vel, 38.86, joints_pos, 7.44, 44.43, -17.2, -77.16, 17.61, 59.61, 31.85, tool_torque, -1.484, 0.094, -0.19, joint_torque, 0.06, -8.2, -0.16, 5.5, 1.13, -1.0, -0.19, robot_mode, normal, 
30/11/2022 15:51:48:672, robot_pos, 1669823277485, 621.67, -23.27, 302.34, 2.34, -0.02, 3.09, circuit_pos, 621.41, -16.2, 299.67, 2.34, -0.02, 3.09, tool_force, -1.25, 2.16, -11.81, actual_rep, 1, curr_step, 10, track_size, 72, robot_vel, 40.51, joints_pos, 7.97, 44.44, -17.2, -77.18, 17.61, 59.59, 32.5, tool_torque, -1.414, 0.151, -0.171, joint_torque, -0.06, -8.41, -0.27, 5.57, 1.12, -0.91, -0.17, robot_mode, normal, 
30/11/2022 15:51:48:844, robot_pos, 1669823277634, 621.78, -17.56, 302.17, 2.34, -0.02, 3.09, circuit_pos, 621.4, -3.17, 299.31, 2.33, -0.02, 3.09, tool_force, -1.97, 1.99, -11.75, actual_rep, 1, curr_step, 11, track_size, 72, robot_vel, 35.39, joints_pos, 8.51, 44.44, -17.21, -77.21, 17.63, 59.55, 33.17, tool_torque, -1.373, 0.251, -0.19, joint_torque, 0.05, -8.29, -0.18, 5.57, 1.11, -0.87, -0.19, robot_mode, normal, 
30/11/2022 15:51:48:958, robot_pos, 1669823277783, 621.88, -11.72, 301.99, 2.34, -0.02, 3.09, circuit_pos, 621.4, -3.17, 299.31, 2.33, -0.02, 3.09, tool_force, -1.36, 2.58, -11.88, actual_rep, 1, curr_step, 11, track_size, 72, robot_vel, 40.2, joints_pos, 9.05, 44.44, -17.21, -77.24, 17.63, 59.48, 33.9, tool_torque, -1.331, 0.252, -0.188, joint_torque, 0.16, -8.42, -0.15, 5.65, 1.1, -0.87, -0.18, robot_mode, normal, 
30/11/2022 15:51:49:112, robot_pos, 1669823277931, 621.9, -5.93, 301.85, 2.33, -0.02, 3.09, circuit_pos, 621.31, 7.17, 299.27, 2.33, -0.02, 3.09, tool_force, -2.24, 2.02, -11.87, actual_rep, 1, curr_step, 12, track_size, 72, robot_vel, 37.36, joints_pos, 9.59, 44.44, -17.21, -77.27, 17.63, 59.44, 34.59, tool_torque, -1.423, 0.368, -0.195, joint_torque, -0.39, -8.36, -0.41, 5.63, 1.09, -0.89, -0.18, robot_mode, normal, 
30/11/2022 15:51:49:264, robot_pos, 1669823278081, 621.89, -0.19, 301.77, 2.33, -0.02, 3.09, circuit_pos, 621.31, 7.17, 299.27, 2.33, -0.02, 3.09, tool_force, -2.02, 2.27, -11.83, actual_rep, 1, curr_step, 12, track_size, 72, robot_vel, 38.58, joints_pos, 10.12, 44.43, -17.22, -77.3, 17.63, 59.39, 35.19, tool_torque, -1.348, 0.292, -0.194, joint_torque, 0.05, -8.37, -0.18, 5.7, 1.11, -0.89, -0.19, robot_mode, normal, 
30/11/2022 15:51:49:413, robot_pos, 1669823278230, 621.85, 5.65, 301.76, 2.33, -0.02, 3.09, circuit_pos, 621.22, 18.66, 299.53, 2.33, -0.02, 3.09, tool_force, -1.61, 2.59, -11.84, actual_rep, 1, curr_step, 13, track_size, 72, robot_vel, 37.61, joints_pos, 10.67, 44.42, -17.22, -77.32, 17.63, 59.34, 35.76, tool_torque, -1.379, 0.317, -0.202, joint_torque, -0.07, -8.45, -0.31, 5.7, 1.08, -0.92, -0.17, robot_mode, normal, 
30/11/2022 15:51:49:564, robot_pos, 1669823278379, 621.82, 11.42, 301.81, 2.33, -0.02, 3.09, circuit_pos, 621.22, 18.66, 299.53, 2.33, -0.02, 3.09, tool_force, -1.82, 2.42, -11.82, actual_rep, 1, curr_step, 13, track_size, 72, robot_vel, 38.12, joints_pos, 11.2, 44.41, -17.22, -77.32, 17.61, 59.31, 36.34, tool_torque, -1.369, 0.323, -0.195, joint_torque, -0.12, -8.3, -0.29, 5.66, 1.1, -0.93, -0.19, robot_mode, normal, 
30/11/2022 15:51:49:711, robot_pos, 1669823278527, 621.78, 17.18, 302.0, 2.33, -0.02, 3.09, circuit_pos, 621.3, 29.46, 300.25, 2.32, -0.02, 3.09, tool_force, -2.18, 2.3, -11.62, actual_rep, 1, curr_step, 14, track_size, 72, robot_vel, 45.22, joints_pos, 11.74, 44.4, -17.22, -77.31, 17.59, 59.29, 37.02, tool_torque, -1.393, 0.366, -0.184, joint_torque, -0.23, -8.25, -0.29, 5.65, 1.11, -0.93, -0.18, robot_mode, normal, 
30/11/2022 15:51:49:865, robot_pos, 1669823278677, 621.78, 22.98, 302.25, 2.33, -0.02, 3.09, circuit_pos, 621.3, 29.46, 300.25, 2.32, -0.02, 3.09, tool_force, -1.62, 2.36, -11.68, actual_rep, 1, curr_step, 14, track_size, 72, robot_vel, 38.18, joints_pos, 12.27, 44.39, -17.22, -77.28, 17.57, 59.28, 37.8, tool_torque, -1.391, 0.298, -0.169, joint_torque, -0.02, -8.37, -0.23, 5.64, 1.12, -0.96, -0.16, robot_mode, normal, 
30/11/2022 15:51:50:020, robot_pos, 1669823278826, 621.83, 28.95, 302.69, 2.32, -0.02, 3.09, circuit_pos, 621.5, 39.55, 301.39, 2.31, -0.02, 3.09, tool_force, -1.6, 2.1, -11.56, actual_rep, 1, curr_step, 15, track_size, 72, robot_vel, 38.42, joints_pos, 12.82, 44.38, -17.23, -77.23, 17.54, 59.29, 38.66, tool_torque, -1.472, 0.277, -0.17, joint_torque, -0.21, -8.4, -0.35, 5.59, 1.1, -1.02, -0.16, robot_mode, normal, 
30/11/2022 15:51:50:167, robot_pos, 1669823278975, 621.86, 34.59, 303.16, 2.32, -0.02, 3.08, circuit_pos, 621.68, 48.29, 302.56, 2.3, -0.02, 3.09, tool_force, -1.32, 2.01, -11.71, actual_rep, 1, curr_step, 16, track_size, 72, robot_vel, 37.27, joints_pos, 13.35, 44.37, -17.23, -77.16, 17.51, 59.3, 39.51, tool_torque, -1.525, 0.251, -0.148, joint_torque, -0.16, -8.44, -0.29, 5.59, 1.11, -1.07, -0.13, robot_mode, normal, 
30/11/2022 15:51:50:470, robot_pos, 1669823279280, 622.04, 46.4, 304.55, 2.3, -0.02, 3.08, circuit_pos, 621.78, 57.42, 303.83, 2.3, -0.01, 3.09, tool_force, -1.35, 2.01, -11.48, actual_rep, 1, curr_step, 17, track_size, 72, robot_vel, 39.3, joints_pos, 14.43, 44.35, -17.23, -76.97, 17.37, 59.36, 41.3, tool_torque, -1.511, 0.208, -0.123, joint_torque, -0.06, -8.47, -0.32, 5.67, 1.12, -1.13, -0.12, robot_mode, normal, 
30/11/2022 15:51:50:623, robot_pos, 1669823279429, 622.16, 52.31, 305.37, 2.3, -0.02, 3.09, circuit_pos, 621.7, 64.77, 304.79, 2.29, -0.01, 3.09, tool_force, -1.47, 2.28, -11.53, actual_rep, 1, curr_step, 18, track_size, 72, robot_vel, 40.06, joints_pos, 15.03, 44.31, -17.26, -76.9, 17.15, 59.24, 42.11, tool_torque, -1.457, 0.37, -0.143, joint_torque, -0.09, -8.31, -0.31, 5.58, 1.09, -1.04, -0.11, robot_mode, normal, 
30/11/2022 15:51:50:775, robot_pos, 1669823279580, 622.14, 58.08, 306.12, 2.3, -0.01, 3.08, circuit_pos, 621.7, 64.77, 304.79, 2.29, -0.01, 3.09, tool_force, -1.27, 2.11, -11.62, actual_rep, 1, curr_step, 18, track_size, 72, robot_vel, 38.53, joints_pos, 15.58, 44.29, -17.26, -76.81, 17.02, 59.23, 43.04, tool_torque, -1.481, 0.282, -0.138, joint_torque, 0.01, -8.58, -0.26, 5.69, 1.09, -1.1, -0.13, robot_mode, normal, 
30/11/2022 15:51:50:925, robot_pos, 1669823279729, 622.12, 63.87, 306.85, 2.29, -0.01, 3.08, circuit_pos, 621.58, 73.04, 305.87, 2.28, -0.01, 3.09, tool_force, -1.68, 1.94, -11.58, actual_rep, 1, curr_step, 19, track_size, 72, robot_vel, 40.05, joints_pos, 16.1, 44.28, -17.26, -76.71, 16.91, 59.23, 44.0, tool_torque, -1.553, 0.39, -0.116, joint_torque, -0.61, -8.53, -0.61, 5.66, 1.06, -1.14, -0.09, robot_mode, normal, 
30/11/2022 15:51:51:075, robot_pos, 1669823279877, 622.02, 69.61, 307.59, 2.28, -0.01, 3.08, circuit_pos, 621.28, 81.29, 306.83, 2.28, -0.01, 3.09, tool_force, -1.25, 2.25, -11.36, actual_rep, 1, curr_step, 20, track_size, 72, robot_vel, 44.55, joints_pos, 16.64, 44.28, -17.25, -76.59, 16.82, 59.29, 44.96, tool_torque, -1.515, 0.205, -0.108, joint_torque, 0.1, -8.45, -0.24, 5.74, 1.08, -1.23, -0.1, robot_mode, normal, 
30/11/2022 15:51:51:222, robot_pos, 1669823280026, 621.86, 75.3, 308.23, 2.28, -0.01, 3.08, circuit_pos, 621.28, 81.29, 306.83, 2.28, -0.01, 3.09, tool_force, -1.47, 1.91, -11.34, actual_rep, 1, curr_step, 20, track_size, 72, robot_vel, 48.68, joints_pos, 17.14, 44.28, -17.25, -76.48, 16.78, 59.33, 45.62, tool_torque, -1.572, 0.224, -0.117, joint_torque, -0.18, -8.52, -0.41, 5.72, 1.06, -1.28, -0.1, robot_mode, normal, 
30/11/2022 15:51:51:378, robot_pos, 1669823280174, 621.63, 81.12, 308.94, 2.28, -0.01, 3.08, circuit_pos, 620.78, 89.35, 307.67, 2.27, -0.01, 3.09, tool_force, -1.25, 2.12, -11.39, actual_rep, 1, curr_step, 21, track_size, 72, robot_vel, 39.69, joints_pos, 17.67, 44.28, -17.24, -76.36, 16.71, 59.4, 46.47, tool_torque, -1.556, 0.216, -0.097, joint_torque, -0.24, -8.53, -0.51, 5.74, 1.04, -1.29, -0.08, robot_mode, normal, 
30/11/2022 15:51:51:532, robot_pos, 1669823280323, 621.3, 86.89, 309.56, 2.27, -0.01, 3.08, circuit_pos, 620.25, 96.98, 308.51, 2.27, -0.02, 3.08, tool_force, -1.23, 1.94, -11.46, actual_rep, 1, curr_step, 22, track_size, 72, robot_vel, 41.77, joints_pos, 18.18, 44.28, -17.24, -76.26, 16.68, 59.46, 47.26, tool_torque, -1.59, 0.209, -0.09, joint_torque, -0.37, -8.6, -0.6, 5.75, 1.0, -1.33, -0.08, robot_mode, normal, 
30/11/2022 15:51:51:673, robot_pos, 1669823280472, 621.04, 92.63, 310.23, 2.27, -0.02, 3.08, circuit_pos, 619.96, 103.53, 309.26, 2.26, -0.02, 3.08, tool_force, -0.85, 2.18, -11.45, actual_rep, 1, curr_step, 23, track_size, 72, robot_vel, 40.81, joints_pos, 18.57, 44.26, -17.17, -76.16, 17.1, 59.51, 47.67, tool_torque, -1.434, 0.021, -0.077, joint_torque, -0.07, -8.59, -0.61, 5.75, 0.92, -1.32, -0.09, robot_mode, normal, 
30/11/2022 15:51:51:825, robot_pos, 1669823280621, 620.67, 98.48, 310.84, 2.27, -0.02, 3.08, circuit_pos, 619.96, 103.53, 309.26, 2.26, -0.02, 3.08, tool_force, -0.96, 2.15, -11.46, actual_rep, 1, curr_step, 23, track_size, 72, robot_vel, 37.17, joints_pos, 19.07, 44.26, -17.17, -76.07, 17.22, 59.53, 48.47, tool_torque, -1.488, 0.056, -0.115, joint_torque, -0.02, -8.59, -0.52, 5.78, 0.92, -1.35, -0.12, robot_mode, normal, 
30/11/2022 15:51:51:978, robot_pos, 1669823280770, 620.38, 104.17, 311.62, 2.26, -0.02, 3.08, circuit_pos, 619.88, 109.67, 310.15, 2.26, -0.02, 3.08, tool_force, -1.24, 1.9, -11.35, actual_rep, 1, curr_step, 24, track_size, 72, robot_vel, 39.49, joints_pos, 19.57, 44.27, -17.18, -75.93, 17.3, 59.6, 49.16, tool_torque, -1.572, 0.114, -0.147, joint_torque, -0.25, -8.62, -0.59, 5.78, 0.9, -1.4, -0.13, robot_mode, normal, 
30/11/2022 15:51:52:155, robot_pos, 1669823280920, 620.35, 110.07, 312.49, 2.26, -0.02, 3.07, circuit_pos, 619.61, 120.68, 311.81, 2.26, -0.02, 3.07, tool_force, -1.13, 2.52, -11.46, actual_rep, 1, curr_step, 26, track_size, 72, robot_vel, 46.02, joints_pos, 20.05, 44.28, -17.18, -75.76, 17.46, 59.59, 49.66, tool_torque, -1.407, 0.172, -0.138, joint_torque, -0.17, -8.75, -0.61, 5.8, 0.87, -1.24, -0.13, robot_mode, normal, 
30/11/2022 15:51:52:280, robot_pos, 1669823281068, 620.22, 115.88, 313.25, 2.26, -0.02, 3.07, circuit_pos, 619.45, 126.37, 312.42, 2.25, -0.02, 3.07, tool_force, -1.27, 2.6, -11.58, actual_rep, 1, curr_step, 27, track_size, 72, robot_vel, 43.09, joints_pos, 20.55, 44.27, -17.18, -75.66, 17.61, 59.46, 50.15, tool_torque, -1.346, 0.218, -0.133, joint_torque, -0.2, -8.52, -0.57, 5.78, 0.89, -1.23, -0.13, robot_mode, normal, 
30/11/2022 15:51:52:429, robot_pos, 1669823281218, 619.94, 121.59, 314.06, 2.26, -0.02, 3.07, circuit_pos, 619.15, 132.12, 312.83, 2.25, -0.02, 3.07, tool_force, -1.23, 2.48, -11.43, actual_rep, 1, curr_step, 28, track_size, 72, robot_vel, 38.7, joints_pos, 21.04, 44.28, -17.18, -75.51, 17.61, 59.48, 50.94, tool_torque, -1.452, 0.207, -0.135, joint_torque, -0.42, -8.66, -0.72, 5.84, 0.87, -1.34, -0.11, robot_mode, normal, 
30/11/2022 15:51:52:582, robot_pos, 1669823281368, 619.75, 127.5, 314.57, 2.25, -0.02, 3.07, circuit_pos, 618.9, 137.78, 313.01, 2.25, -0.02, 3.07, tool_force, -1.0, 2.48, -11.27, actual_rep, 1, curr_step, 29, track_size, 72, robot_vel, 39.19, joints_pos, 21.56, 44.36, -17.19, -75.29, 17.61, 59.56, 51.71, tool_torque, -1.528, 0.19, -0.137, joint_torque, -0.35, -8.62, -0.64, 5.83, 0.87, -1.42, -0.1, robot_mode, normal, 
30/11/2022 15:51:52:732, robot_pos, 1669823281518, 619.52, 133.22, 314.96, 2.25, -0.02, 3.06, circuit_pos, 618.68, 143.43, 313.21, 2.25, -0.02, 3.07, tool_force, -0.63, 2.18, -11.42, actual_rep, 1, curr_step, 30, track_size, 72, robot_vel, 38.72, joints_pos, 22.05, 44.44, -17.2, -75.09, 17.58, 59.62, 52.36, tool_torque, -1.569, 0.107, -0.122, joint_torque, 0.04, -8.82, -0.44, 5.91, 0.91, -1.45, -0.11, robot_mode, normal, 
30/11/2022 15:51:52:882, robot_pos, 1669823281665, 619.27, 139.03, 315.24, 2.25, -0.02, 3.06, circuit_pos, 618.69, 148.48, 313.26, 2.24, -0.02, 3.06, tool_force, -0.64, 2.17, -11.63, actual_rep, 1, curr_step, 31, track_size, 72, robot_vel, 38.26, joints_pos, 22.55, 44.54, -17.2, -74.87, 17.55, 59.69, 52.93, tool_torque, -1.606, 0.117, -0.109, joint_torque, -0.15, -8.73, -0.6, 5.84, 0.9, -1.47, -0.1, robot_mode, normal, 
30/11/2022 15:51:53:037, robot_pos, 1669823281817, 619.32, 144.91, 315.53, 2.25, -0.02, 3.06, circuit_pos, 618.64, 153.34, 313.12, 2.24, -0.02, 3.06, tool_force, -1.16, 2.57, -11.55, actual_rep, 1, curr_step, 32, track_size, 72, robot_vel, 41.47, joints_pos, 23.01, 44.62, -17.16, -74.67, 17.66, 59.54, 53.76, tool_torque, -1.3, 0.16, -0.084, joint_torque, -0.09, -8.74, -0.63, 5.91, 0.83, -1.29, -0.09, robot_mode, normal, 
30/11/2022 15:51:53:183, robot_pos, 1669823281966, 619.11, 150.62, 315.32, 2.24, -0.02, 3.06, circuit_pos, 618.01, 166.56, 311.61, 2.22, -0.01, 3.06, tool_force, -1.17, 2.59, -11.87, actual_rep, 1, curr_step, 35, track_size, 72, robot_vel, 36.67, joints_pos, 23.52, 44.72, -17.19, -74.54, 17.7, 59.34, 54.57, tool_torque, -1.336, 0.254, -0.115, joint_torque, -0.13, -8.89, -0.6, 5.94, 0.83, -1.28, -0.1, robot_mode, normal, 
30/11/2022 15:51:53:336, robot_pos, 1669823282115, 618.81, 156.55, 314.87, 2.23, -0.02, 3.06, circuit_pos, 617.74, 172.36, 310.59, 2.21, -0.01, 3.06, tool_force, -1.07, 2.92, -11.41, actual_rep, 1, curr_step, 37, track_size, 72, robot_vel, 38.93, joints_pos, 24.1, 44.87, -17.25, -74.36, 17.55, 59.22, 55.6, tool_torque, -1.397, 0.396, -0.139, joint_torque, -0.35, -8.74, -0.57, 5.95, 0.88, -1.33, -0.1, robot_mode, normal, 
30/11/2022 15:51:53:487, robot_pos, 1669823282266, 618.55, 162.16, 313.99, 2.23, -0.01, 3.06, circuit_pos, 617.47, 173.15, 309.13, 2.21, -0.01, 3.07, tool_force, -0.91, 2.5, -11.62, actual_rep, 1, curr_step, 40, track_size, 72, robot_vel, 42.31, joints_pos, 24.63, 45.08, -17.25, -74.13, 17.38, 59.18, 56.68, tool_torque, -1.433, 0.28, -0.124, joint_torque, 0.14, -8.82, -0.36, 5.95, 0.9, -1.37, -0.11, robot_mode, normal, 
30/11/2022 15:51:53:637, robot_pos, 1669823282415, 618.2, 168.05, 312.78, 2.22, -0.01, 3.06, circuit_pos, 617.53, 172.87, 309.29, 2.21, -0.01, 3.07, tool_force, -1.66, 2.06, -11.82, actual_rep, 1, curr_step, 42, track_size, 72, robot_vel, 39.7, joints_pos, 25.13, 45.33, -17.25, -73.87, 17.16, 59.23, 57.8, tool_torque, -1.589, 0.33, -0.114, joint_torque, -0.5, -8.78, -0.67, 5.77, 0.86, -1.48, -0.09, robot_mode, normal, 
30/11/2022 15:51:53:787, robot_pos, 1669823282562, 618.01, 173.19, 312.14, 2.21, -0.01, 3.07, circuit_pos, 617.51, 173.25, 310.15, 2.21, -0.01, 3.07, tool_force, -0.93, 1.81, -12.38, actual_rep, 1, curr_step, 44, track_size, 72, robot_vel, 47.97, joints_pos, 25.6, 45.57, -17.29, -73.53, 16.9, 59.44, 58.83, tool_torque, -1.662, 0.232, -0.054, joint_torque, -0.36, -9.24, -0.73, 6.04, 0.85, -1.57, -0.02, robot_mode, normal, 
30/11/2022 15:51:53:939, robot_pos, 1669823282712, 618.07, 173.52, 312.59, 2.21, -0.01, 3.07, circuit_pos, 617.62, 173.49, 309.59, 2.21, -0.01, 3.07, tool_force, -0.33, 2.15, -12.12, actual_rep, 1, curr_step, 47, track_size, 72, robot_vel, 1.87, joints_pos, 25.69, 45.58, -17.41, -73.48, 16.99, 59.53, 58.86, tool_torque, -1.508, 0.111, 0.023, joint_torque, -0.02, -9.25, -0.5, 6.04, 0.75, -1.49, 0.1, robot_mode, normal, 
30/11/2022 15:51:54:087, robot_pos, 1669823282860, 618.12, 173.7, 311.83, 2.21, -0.01, 3.07, circuit_pos, 617.74, 173.65, 309.52, 2.21, -0.01, 3.07, tool_force, -0.58, 3.17, -12.0, actual_rep, 1, curr_step, 49, track_size, 72, robot_vel, 4.97, joints_pos, 25.69, 45.64, -17.38, -73.49, 16.99, 59.44, 58.84, tool_torque, -1.283, 0.141, 0.069, joint_torque, -0.06, -8.98, -0.64, 6.15, 0.77, -1.43, 0.11, robot_mode, normal, 
30/11/2022 15:51:54:235, robot_pos, 1669823283011, 618.18, 173.61, 311.91, 2.21, -0.01, 3.07, circuit_pos, 617.7, 173.69, 309.5, 2.21, -0.01, 3.07, tool_force, -0.5, 2.78, -11.97, actual_rep, 1, curr_step, 52, track_size, 72, robot_vel, 2.24, joints_pos, 25.69, 45.64, -17.39, -73.47, 16.98, 59.47, 58.84, tool_torque, -1.344, 0.077, 0.071, joint_torque, -0.04, -8.99, -0.67, 6.08, 0.76, -1.46, 0.1, robot_mode, normal, 
30/11/2022 15:51:54:389, robot_pos, 1669823283158, 618.16, 173.77, 311.88, 2.21, -0.01, 3.07, circuit_pos, 617.72, 173.59, 309.52, 2.21, -0.01, 3.07, tool_force, -0.41, 2.85, -11.83, actual_rep, 1, curr_step, 54, track_size, 72, robot_vel, 0.71, joints_pos, 25.69, 45.65, -17.37, -73.47, 16.98, 59.46, 58.84, tool_torque, -1.325, 0.063, 0.058, joint_torque, 0.03, -8.91, -0.67, 6.04, 0.76, -1.45, 0.07, robot_mode, normal, 
30/11/2022 15:51:54:537, robot_pos, 1669823283310, 618.18, 173.72, 311.9, 2.21, -0.01, 3.07, circuit_pos, 617.71, 173.62, 309.53, 2.21, -0.01, 3.07, tool_force, -0.65, 2.89, -11.72, actual_rep, 1, curr_step, 57, track_size, 72, robot_vel, 0.23, joints_pos, 25.69, 45.65, -17.38, -73.47, 16.98, 59.46, 58.84, tool_torque, -1.349, 0.133, 0.043, joint_torque, -0.13, -8.89, -0.67, 6.02, 0.76, -1.45, 0.08, robot_mode, normal, 
30/11/2022 15:51:54:688, robot_pos, 1669823283457, 618.16, 173.76, 311.89, 2.21, -0.01, 3.07, circuit_pos, 617.7, 173.64, 309.53, 2.21, -0.01, 3.07, tool_force, -0.72, 2.85, -11.76, actual_rep, 1, curr_step, 60, track_size, 72, robot_vel, 0.55, joints_pos, 25.69, 45.65, -17.37, -73.47, 16.98, 59.46, 58.84, tool_torque, -1.347, 0.12, 0.04, joint_torque, -0.11, -8.9, -0.7, 6.03, 0.76, -1.45, 0.06, robot_mode, normal, 
30/11/2022 15:51:54:839, robot_pos, 1669823283608, 618.16, 173.76, 311.9, 2.21, -0.01, 3.07, circuit_pos, 617.71, 173.64, 309.53, 2.21, -0.01, 3.07, tool_force, -0.65, 2.88, -11.82, actual_rep, 1, curr_step, 63, track_size, 72, robot_vel, 0.02, joints_pos, 25.69, 45.65, -17.38, -73.47, 16.98, 59.46, 58.84, tool_torque, -1.346, 0.115, 0.042, joint_torque, -0.09, -8.92, -0.69, 6.04, 0.76, -1.45, 0.07, robot_mode, normal, 
30/11/2022 15:51:54:991, robot_pos, 1669823283755, 618.16, 173.76, 311.9, 2.21, -0.01, 3.07, circuit_pos, 617.71, 173.63, 309.53, 2.21, -0.01, 3.07, tool_force, -0.68, 2.93, -11.78, actual_rep, 1, curr_step, 65, track_size, 72, robot_vel, 0.02, joints_pos, 25.69, 45.65, -17.38, -73.47, 16.98, 59.46, 58.84, tool_torque, -1.34, 0.119, 0.043, joint_torque, -0.1, -8.93, -0.68, 6.06, 0.76, -1.45, 0.07, robot_mode, normal, 
30/11/2022 15:51:55:163, robot_pos, 1669823283906, 618.16, 173.75, 311.9, 2.21, -0.01, 3.07, circuit_pos, 617.71, 173.63, 309.53, 2.21, -0.01, 3.07, tool_force, -0.68, 2.98, -11.76, actual_rep, 1, curr_step, 68, track_size, 72, robot_vel, 0.03, joints_pos, 25.69, 45.64, -17.38, -73.47, 16.98, 59.46, 58.84, tool_torque, -1.334, 0.118, 0.045, joint_torque, -0.09, -8.91, -0.68, 6.06, 0.76, -1.45, 0.07, robot_mode, normal, 
30/11/2022 15:51:55:291, robot_pos, 1669823284055, 618.16, 173.75, 311.9, 2.21, -0.01, 3.07, circuit_pos, 617.71, 173.63, 309.53, 2.21, -0.01, 3.07, tool_force, -0.73, 3.06, -11.68, actual_rep, 1, curr_step, 70, track_size, 72, robot_vel, 0.01, joints_pos, 25.69, 45.64, -17.38, -73.47, 16.98, 59.46, 58.84, tool_torque, -1.323, 0.126, 0.045, joint_torque, -0.09, -8.86, -0.68, 6.05, 0.76, -1.45, 0.07, robot_mode, normal, 
30/11/2022 15:51:55:437, robot_pos, 1669823284204, 618.16, 173.75, 311.9, 2.21, -0.01, 3.07, circuit_pos, 617.71, 173.63, 309.53, 2.21, -0.01, 3.07, tool_force, -0.74, 3.08, -11.64, actual_rep, 1, curr_step, 71, track_size, 72, robot_vel, 0.01, joints_pos, 25.69, 45.64, -17.38, -73.47, 16.98, 59.46, 58.84, tool_torque, -1.322, 0.123, 0.045, joint_torque, -0.1, -8.85, -0.68, 6.05, 0.76, -1.45, 0.07, robot_mode, normal, 
30/11/2022 15:51:55:588, robot_pos, 1669823284353, 618.16, 173.75, 311.9, 2.21, -0.01, 3.07, circuit_pos, 617.71, 173.63, 309.53, 2.21, -0.01, 3.07, tool_force, -0.75, 3.09, -11.65, actual_rep, 1, curr_step, 69, track_size, 72, robot_vel, 0.01, joints_pos, 25.69, 45.64, -17.38, -73.47, 16.98, 59.46, 58.84, tool_torque, -1.321, 0.127, 0.045, joint_torque, -0.1, -8.84, -0.68, 6.05, 0.76, -1.45, 0.07, robot_mode, normal, 
30/11/2022 15:51:55:743, robot_pos, 1669823284502, 618.16, 173.75, 311.9, 2.21, -0.01, 3.07, circuit_pos, 617.71, 173.63, 309.53, 2.21, -0.01, 3.07, tool_force, -0.76, 3.11, -11.63, actual_rep, 1, curr_step, 66, track_size, 72, robot_vel, 0.0, joints_pos, 25.69, 45.64, -17.38, -73.47, 16.98, 59.46, 58.84, tool_torque, -1.321, 0.129, 0.045, joint_torque, -0.1, -8.83, -0.68, 6.04, 0.76, -1.45, 0.07, robot_mode, normal, 
30/11/2022 15:51:55:893, robot_pos, 1669823284651, 618.16, 173.75, 311.9, 2.21, -0.01, 3.07, circuit_pos, 617.71, 173.64, 309.53, 2.21, -0.01, 3.07, tool_force, -0.76, 3.1, -11.65, actual_rep, 1, curr_step, 64, track_size, 72, robot_vel, 0.01, joints_pos, 25.69, 45.64, -17.38, -73.47, 16.98, 59.46, 58.84, tool_torque, -1.318, 0.129, 0.045, joint_torque, -0.1, -8.82, -0.68, 6.05, 0.77, -1.45, 0.07, robot_mode, normal, 
30/11/2022 15:51:56:045, robot_pos, 1669823284800, 618.16, 173.75, 311.9, 2.21, -0.01, 3.07, circuit_pos, 617.7, 173.64, 309.53, 2.21, -0.01, 3.07, tool_force, -0.81, 3.09, -11.67, actual_rep, 1, curr_step, 61, track_size, 72, robot_vel, 0.04, joints_pos, 25.69, 45.64, -17.38, -73.47, 16.98, 59.46, 58.84, tool_torque, -1.321, 0.14, 0.042, joint_torque, -0.14, -8.84, -0.69, 6.05, 0.76, -1.45, 0.07, robot_mode, normal, 
30/11/2022 15:51:56:192, robot_pos, 1669823284949, 618.16, 173.76, 311.9, 2.21, -0.01, 3.07, circuit_pos, 617.7, 173.64, 309.53, 2.21, -0.01, 3.07, tool_force, -0.8, 3.12, -11.67, actual_rep, 1, curr_step, 59, track_size, 72, robot_vel, 0.02, joints_pos, 25.69, 45.64, -17.38, -73.47, 16.98, 59.46, 58.84, tool_torque, -1.315, 0.136, 0.044, joint_torque, -0.12, -8.83, -0.69, 6.06, 0.76, -1.45, 0.07, robot_mode, normal, 
30/11/2022 15:51:56:344, robot_pos, 1669823285098, 618.16, 173.75, 311.9, 2.21, -0.01, 3.07, circuit_pos, 617.72, 173.6, 309.54, 2.21, -0.01, 3.07, tool_force, -0.76, 3.11, -11.66, actual_rep, 1, curr_step, 56, track_size, 72, robot_vel, 0.01, joints_pos, 25.69, 45.64, -17.38, -73.47, 16.98, 59.46, 58.84, tool_torque, -1.313, 0.131, 0.045, joint_torque, -0.11, -8.83, -0.68, 6.05, 0.76, -1.45, 0.07, robot_mode, normal, 
30/11/2022 15:51:56:496, robot_pos, 1669823285248, 618.17, 173.73, 311.91, 2.21, -0.01, 3.07, circuit_pos, 617.7, 173.68, 309.51, 2.21, -0.01, 3.07, tool_force, -0.59, 3.12, -11.68, actual_rep, 1, curr_step, 53, track_size, 72, robot_vel, 0.13, joints_pos, 25.69, 45.64, -17.38, -73.47, 16.98, 59.46, 58.84, tool_torque, -1.303, 0.09, 0.059, joint_torque, -0.01, -8.84, -0.66, 6.06, 0.77, -1.45, 0.08, robot_mode, normal, 
30/11/2022 15:51:56:647, robot_pos, 1669823285397, 618.15, 173.79, 311.89, 2.21, -0.01, 3.07, circuit_pos, 617.75, 173.46, 309.48, 2.21, -0.01, 3.07, tool_force, -0.89, 3.11, -11.64, actual_rep, 1, curr_step, 51, track_size, 72, robot_vel, 0.62, joints_pos, 25.69, 45.64, -17.37, -73.47, 16.98, 59.46, 58.84, tool_torque, -1.324, 0.169, 0.032, joint_torque, -0.22, -8.83, -0.72, 6.05, 0.76, -1.45, 0.07, robot_mode, normal, 
30/11/2022 15:51:56:796, robot_pos, 1669823285545, 618.17, 173.66, 311.89, 2.21, -0.01, 3.07, circuit_pos, 617.74, 173.65, 309.52, 2.21, -0.01, 3.07, tool_force, -0.68, 3.1, -11.74, actual_rep, 1, curr_step, 49, track_size, 72, robot_vel, 1.4, joints_pos, 25.69, 45.64, -17.39, -73.47, 16.98, 59.46, 58.84, tool_torque, -1.313, 0.147, 0.077, joint_torque, -0.16, -8.87, -0.67, 6.04, 0.76, -1.44, 0.12, robot_mode, normal, 
30/11/2022 15:51:56:948, robot_pos, 1669823285697, 618.18, 173.67, 311.94, 2.21, -0.01, 3.07, circuit_pos, 617.63, 173.42, 309.99, 2.21, -0.01, 3.07, tool_force, -0.56, 2.78, -12.5, actual_rep, 1, curr_step, 46, track_size, 72, robot_vel, 1.39, joints_pos, 25.69, 45.64, -17.39, -73.47, 16.98, 59.46, 58.85, tool_torque, -1.359, 0.081, 0.069, joint_torque, -0.11, -9.24, -0.77, 6.14, 0.77, -1.46, 0.09, robot_mode, normal, 
30/11/2022 15:51:57:094, robot_pos, 1669823285843, 617.99, 173.49, 312.73, 2.21, -0.01, 3.07, circuit_pos, 617.58, 173.1, 309.72, 2.21, -0.01, 3.07, tool_force, -0.3, 2.82, -11.78, actual_rep, 1, curr_step, 43, track_size, 72, robot_vel, 6.65, joints_pos, 25.69, 45.56, -17.39, -73.49, 16.95, 59.54, 58.85, tool_torque, -1.395, 0.022, 0.069, joint_torque, 0.14, -9.01, -0.58, 6.04, 0.77, -1.49, 0.09, robot_mode, normal, 
30/11/2022 15:51:57:247, robot_pos, 1669823285994, 617.94, 173.07, 311.59, 2.21, -0.01, 3.07, circuit_pos, 617.47, 173.15, 309.13, 2.21, -0.01, 3.07, tool_force, -0.02, 3.46, -12.06, actual_rep, 1, curr_step, 40, track_size, 72, robot_vel, 10.78, joints_pos, 25.67, 45.62, -17.4, -73.57, 16.95, 59.4, 58.82, tool_torque, -1.176, -0.0010, 0.18, joint_torque, 0.32, -8.88, -0.56, 6.14, 0.8, -1.39, 0.19, robot_mode, normal, 
30/11/2022 15:51:57:395, robot_pos, 1669823286141, 617.85, 174.16, 311.67, 2.21, -0.01, 3.06, circuit_pos, 617.47, 173.7, 309.87, 2.21, -0.01, 3.07, tool_force, -1.27, 2.75, -12.42, actual_rep, 1, curr_step, 38, track_size, 72, robot_vel, 14.99, joints_pos, 25.7, 45.62, -17.31, -73.53, 16.98, 59.38, 58.88, tool_torque, -1.278, 0.075, 0.1, joint_torque, -0.26, -8.95, -0.92, 6.04, 0.75, -1.43, 0.09, robot_mode, normal, 
30/11/2022 15:51:57:590, robot_pos, 1669823286292, 618.48, 172.86, 312.85, 2.21, -0.01, 3.06, circuit_pos, 618.01, 166.56, 311.61, 2.22, -0.01, 3.06, tool_force, 0.28, 3.12, -12.57, actual_rep, 1, curr_step, 35, track_size, 72, robot_vel, 16.72, joints_pos, 25.65, 45.51, -17.44, -73.58, 17.11, 59.2, 58.65, tool_torque, -1.135, -0.146, 0.286, joint_torque, 0.85, -8.95, -0.22, 6.05, 0.75, -1.31, 0.3, robot_mode, normal, 
30/11/2022 15:51:57:700, robot_pos, 1669823286439, 618.32, 167.8, 313.75, 2.22, -0.01, 3.06, circuit_pos, 618.5, 157.93, 312.71, 2.23, -0.01, 3.06, tool_force, -0.07, 3.83, -12.21, actual_rep, 1, curr_step, 33, track_size, 72, robot_vel, 45.87, joints_pos, 25.34, 45.22, -17.63, -74.0, 17.4, 58.99, 57.53, tool_torque, -1.074, -0.123, 0.42, joint_torque, -0.01, -9.12, -0.76, 6.21, 0.72, -1.4, 0.48, robot_mode, normal, 
30/11/2022 15:51:57:889, robot_pos, 1669823286591, 618.53, 162.19, 314.34, 2.22, -0.01, 3.06, circuit_pos, 618.68, 143.43, 313.21, 2.25, -0.02, 3.07, tool_force, 0.79, 4.74, -11.21, actual_rep, 1, curr_step, 30, track_size, 72, robot_vel, 35.0, joints_pos, 24.89, 45.05, -17.68, -74.21, 17.57, 59.07, 56.55, tool_torque, -0.98, -0.407, 0.473, joint_torque, 0.83, -8.44, -0.4, 6.2, 0.77, -1.5, 0.48, robot_mode, normal, 
30/11/2022 15:51:58:001, robot_pos, 1669823286737, 618.74, 156.37, 314.7, 2.23, -0.01, 3.06, circuit_pos, 618.68, 143.43, 313.21, 2.25, -0.02, 3.07, tool_force, 0.72, 4.13, -11.56, actual_rep, 1, curr_step, 30, track_size, 72, robot_vel, 45.0, joints_pos, 24.36, 44.91, -17.68, -74.4, 17.69, 59.24, 55.48, tool_torque, -1.074, -0.41, 0.424, joint_torque, 0.84, -8.57, -0.4, 6.15, 0.78, -1.51, 0.43, robot_mode, normal, 
30/11/2022 15:51:58:176, robot_pos, 1669823286901, 618.91, 150.08, 315.09, 2.24, -0.02, 3.06, circuit_pos, 618.68, 143.43, 313.21, 2.25, -0.02, 3.07, tool_force, 0.08, 3.98, -11.33, actual_rep, 1, curr_step, 30, track_size, 72, robot_vel, 39.16, joints_pos, 23.77, 44.79, -17.68, -74.55, 17.75, 59.55, 54.32, tool_torque, -1.128, -0.346, 0.398, joint_torque, 0.51, -8.55, -0.51, 6.11, 0.8, -1.52, 0.42, robot_mode, normal, 
30/11/2022 15:51:58:302, robot_pos, 1669823287036, 619.09, 144.75, 315.28, 2.25, -0.02, 3.06, circuit_pos, 618.9, 137.78, 313.01, 2.25, -0.02, 3.07, tool_force, 0.92, 4.06, -11.32, actual_rep, 1, curr_step, 29, track_size, 72, robot_vel, 38.75, joints_pos, 23.33, 44.7, -17.68, -74.69, 17.78, 59.69, 53.62, tool_torque, -1.141, -0.431, 0.39, joint_torque, 0.84, -8.76, -0.4, 6.2, 0.81, -1.51, 0.39, robot_mode, normal, 
30/11/2022 15:51:58:492, robot_pos, 1669823287185, 619.26, 139.0, 315.3, 2.25, -0.02, 3.07, circuit_pos, 619.15, 132.12, 312.83, 2.25, -0.02, 3.07, tool_force, 0.6, 3.87, -11.37, actual_rep, 1, curr_step, 28, track_size, 72, robot_vel, 48.98, joints_pos, 22.84, 44.58, -17.68, -74.89, 17.8, 59.71, 52.94, tool_torque, -1.178, -0.355, 0.375, joint_torque, 0.58, -8.72, -0.45, 6.07, 0.82, -1.48, 0.39, robot_mode, normal, 
30/11/2022 15:51:58:602, robot_pos, 1669823287335, 619.49, 133.2, 315.18, 2.25, -0.02, 3.07, circuit_pos, 619.45, 126.37, 312.42, 2.25, -0.02, 3.07, tool_force, 0.46, 3.63, -11.86, actual_rep, 1, curr_step, 27, track_size, 72, robot_vel, 43.85, joints_pos, 22.34, 44.48, -17.69, -75.09, 17.83, 59.71, 52.34, tool_torque, -1.107, -0.334, 0.377, joint_torque, 0.58, -8.77, -0.41, 6.08, 0.83, -1.39, 0.39, robot_mode, normal, 
30/11/2022 15:51:58:794, robot_pos, 1669823287484, 619.8, 127.39, 314.82, 2.25, -0.02, 3.07, circuit_pos, 619.61, 120.68, 311.81, 2.26, -0.02, 3.07, tool_force, 0.43, 4.15, -11.83, actual_rep, 1, curr_step, 26, track_size, 72, robot_vel, 38.35, joints_pos, 21.84, 44.41, -17.69, -75.28, 17.86, 59.65, 51.58, tool_torque, -0.986, -0.27, 0.393, joint_torque, 0.73, -8.7, -0.33, 6.1, 0.85, -1.3, 0.41, robot_mode, normal, 
30/11/2022 15:51:58:907, robot_pos, 1669823287631, 620.01, 121.62, 314.29, 2.26, -0.02, 3.07, circuit_pos, 619.73, 115.25, 310.98, 2.26, -0.02, 3.07, tool_force, 0.54, 4.21, -11.94, actual_rep, 1, curr_step, 25, track_size, 72, robot_vel, 41.6, joints_pos, 21.34, 44.35, -17.69, -75.48, 17.92, 59.59, 50.75, tool_torque, -0.927, -0.23, 0.379, joint_torque, 0.72, -8.64, -0.32, 6.04, 0.86, -1.23, 0.39, robot_mode, normal, 
30/11/2022 15:51:59:095, robot_pos, 1669823287783, 620.11, 115.75, 313.47, 2.26, -0.02, 3.07, circuit_pos, 619.88, 109.67, 310.15, 2.26, -0.02, 3.08, tool_force, 0.31, 3.73, -11.94, actual_rep, 1, curr_step, 24, track_size, 72, robot_vel, 39.37, joints_pos, 20.84, 44.31, -17.71, -75.69, 17.95, 59.55, 50.08, tool_torque, -1.037, -0.221, 0.338, joint_torque, 0.63, -8.7, -0.33, 6.03, 0.88, -1.28, 0.35, robot_mode, normal, 
30/11/2022 15:51:59:204, robot_pos, 1669823287928, 620.24, 110.17, 312.7, 2.26, -0.02, 3.07, circuit_pos, 619.96, 103.53, 309.26, 2.26, -0.02, 3.08, tool_force, 0.49, 3.55, -11.78, actual_rep, 1, curr_step, 23, track_size, 72, robot_vel, 42.66, joints_pos, 20.42, 44.33, -17.76, -75.77, 17.77, 59.69, 49.65, tool_torque, -1.188, -0.286, 0.363, joint_torque, 0.73, -8.71, -0.26, 6.02, 0.97, -1.38, 0.37, robot_mode, normal, 
30/11/2022 15:51:59:383, robot_pos, 1669823288078, 620.46, 104.35, 311.9, 2.26, -0.02, 3.08, circuit_pos, 620.25, 96.98, 308.51, 2.27, -0.02, 3.08, tool_force, 0.43, 3.48, -11.93, actual_rep, 1, curr_step, 22, track_size, 72, robot_vel, 40.21, joints_pos, 19.91, 44.33, -17.78, -75.92, 17.77, 59.69, 48.93, tool_torque, -1.155, -0.232, 0.349, joint_torque, 0.61, -8.76, -0.36, 6.05, 0.97, -1.33, 0.35, robot_mode, normal, 
30/11/2022 15:51:59:506, robot_pos, 1669823288228, 620.72, 98.5, 311.24, 2.27, -0.02, 3.08, circuit_pos, 620.78, 89.35, 307.67, 2.27, -0.01, 3.09, tool_force, -0.25, 3.43, -11.93, actual_rep, 1, curr_step, 21, track_size, 72, robot_vel, 38.9, joints_pos, 19.4, 44.32, -17.78, -76.05, 17.76, 59.66, 48.14, tool_torque, -1.098, -0.151, 0.331, joint_torque, 0.55, -8.55, -0.35, 5.94, 0.99, -1.24, 0.32, robot_mode, normal, 
30/11/2022 15:51:59:660, robot_pos, 1669823288377, 620.95, 92.76, 310.63, 2.27, -0.01, 3.08, circuit_pos, 621.28, 81.29, 306.83, 2.28, -0.01, 3.09, tool_force, 0.56, 3.56, -12.21, actual_rep, 1, curr_step, 20, track_size, 72, robot_vel, 39.78, joints_pos, 19.02, 44.33, -17.84, -76.14, 17.23, 59.64, 47.8, tool_torque, -1.107, -0.166, 0.346, joint_torque, 0.78, -8.76, -0.26, 6.0, 1.02, -1.22, 0.34, robot_mode, normal, 
30/11/2022 15:51:59:805, robot_pos, 1669823288526, 621.34, 86.94, 309.98, 2.27, -0.01, 3.09, circuit_pos, 621.28, 81.29, 306.83, 2.28, -0.01, 3.09, tool_force, -0.42, 3.62, -12.02, actual_rep, 1, curr_step, 20, track_size, 72, robot_vel, 40.4, joints_pos, 18.54, 44.34, -17.86, -76.22, 17.14, 59.61, 47.02, tool_torque, -1.058, -0.035, 0.368, joint_torque, 0.26, -8.57, -0.53, 5.92, 0.99, -1.17, 0.37, robot_mode, normal, 
30/11/2022 15:51:59:962, robot_pos, 1669823288676, 621.65, 81.02, 309.29, 2.28, -0.01, 3.09, circuit_pos, 621.58, 73.04, 305.87, 2.28, -0.01, 3.09, tool_force, 0.01, 3.87, -12.08, actual_rep, 1, curr_step, 19, track_size, 72, robot_vel, 38.89, joints_pos, 18.01, 44.35, -17.86, -76.33, 17.12, 59.55, 46.29, tool_torque, -0.988, -0.12, 0.405, joint_torque, 0.68, -8.62, -0.33, 5.98, 1.04, -1.14, 0.39, robot_mode, normal, 
30/11/2022 15:52:00:109, robot_pos, 1669823288824, 621.92, 75.36, 308.64, 2.28, -0.01, 3.09, circuit_pos, 621.7, 64.77, 304.79, 2.29, -0.01, 3.09, tool_force, -0.03, 3.77, -12.1, actual_rep, 1, curr_step, 18, track_size, 72, robot_vel, 38.35, joints_pos, 17.51, 44.35, -17.86, -76.44, 17.11, 59.48, 45.6, tool_torque, -0.999, -0.07, 0.34, joint_torque, 0.7, -8.54, -0.26, 5.91, 1.04, -1.11, 0.34, robot_mode, normal, 
30/11/2022 15:52:00:264, robot_pos, 1669823288977, 622.07, 69.45, 307.92, 2.28, -0.01, 3.09, circuit_pos, 621.7, 64.77, 304.79, 2.29, -0.01, 3.09, tool_force, -0.19, 3.74, -12.14, actual_rep, 1, curr_step, 18, track_size, 72, robot_vel, 38.82, joints_pos, 16.97, 44.34, -17.84, -76.56, 17.12, 59.41, 44.76, tool_torque, -0.964, -0.137, 0.378, joint_torque, 0.61, -8.55, -0.47, 5.9, 1.02, -1.11, 0.35, robot_mode, normal, 
30/11/2022 15:52:00:412, robot_pos, 1669823289123, 622.17, 63.75, 307.18, 2.29, -0.01, 3.09, circuit_pos, 621.78, 57.42, 303.83, 2.3, -0.01, 3.09, tool_force, -0.22, 3.86, -12.09, actual_rep, 1, curr_step, 17, track_size, 72, robot_vel, 37.79, joints_pos, 16.46, 44.34, -17.83, -76.69, 17.18, 59.33, 43.78, tool_torque, -0.907, -0.145, 0.373, joint_torque, 0.6, -8.45, -0.41, 5.86, 0.99, -1.08, 0.35, robot_mode, normal, 
30/11/2022 15:52:00:560, robot_pos, 1669823289275, 622.15, 57.96, 306.45, 2.3, -0.01, 3.09, circuit_pos, 621.68, 48.29, 302.56, 2.3, -0.02, 3.09, tool_force, -0.5, 3.58, -12.01, actual_rep, 1, curr_step, 16, track_size, 72, robot_vel, 39.7, joints_pos, 15.91, 44.34, -17.83, -76.81, 17.29, 59.31, 42.91, tool_torque, -0.943, -0.184, 0.376, joint_torque, 0.55, -8.41, -0.45, 5.84, 0.97, -1.12, 0.35, robot_mode, normal, 
30/11/2022 15:52:00:714, robot_pos, 1669823289422, 622.07, 52.15, 305.62, 2.3, -0.02, 3.09, circuit_pos, 621.5, 39.55, 301.39, 2.31, -0.02, 3.09, tool_force, 0.05, 3.3, -11.91, actual_rep, 1, curr_step, 15, track_size, 72, robot_vel, 37.39, joints_pos, 15.33, 44.38, -17.82, -76.88, 17.56, 59.43, 42.08, tool_torque, -1.029, -0.334, 0.348, joint_torque, 0.71, -8.62, -0.37, 5.9, 0.99, -1.21, 0.33, robot_mode, normal, 
30/11/2022 15:52:00:861, robot_pos, 1669823289572, 622.09, 46.33, 304.82, 2.3, -0.02, 3.09, circuit_pos, 621.5, 39.55, 301.39, 2.31, -0.02, 3.09, tool_force, -0.59, 3.21, -11.98, actual_rep, 1, curr_step, 15, track_size, 72, robot_vel, 38.88, joints_pos, 14.79, 44.41, -17.81, -76.96, 17.65, 59.43, 41.17, tool_torque, -1.062, -0.211, 0.312, joint_torque, 0.37, -8.45, -0.51, 5.81, 0.98, -1.16, 0.29, robot_mode, normal, 
30/11/2022 15:52:01:008, robot_pos, 1669823289719, 621.97, 40.63, 304.14, 2.31, -0.02, 3.09, circuit_pos, 621.3, 29.46, 300.25, 2.32, -0.02, 3.09, tool_force, -0.15, 3.52, -11.9, actual_rep, 1, curr_step, 14, track_size, 72, robot_vel, 38.86, joints_pos, 14.26, 44.42, -17.82, -77.05, 17.75, 59.43, 40.25, tool_torque, -1.018, -0.207, 0.31, joint_torque, 0.57, -8.46, -0.37, 5.81, 1.0, -1.11, 0.29, robot_mode, normal, 
30/11/2022 15:52:01:162, robot_pos, 1669823289871, 621.9, 34.75, 303.43, 2.31, -0.02, 3.09, circuit_pos, 621.3, 29.46, 300.25, 2.32, -0.02, 3.09, tool_force, -0.01, 3.68, -12.1, actual_rep, 1, curr_step, 14, track_size, 72, robot_vel, 43.72, joints_pos, 13.73, 44.44, -17.82, -77.14, 17.81, 59.4, 39.37, tool_torque, -0.929, -0.204, 0.33, joint_torque, 0.67, -8.48, -0.31, 5.79, 1.01, -1.03, 0.32, robot_mode, normal, 
30/11/2022 15:52:01:313, robot_pos, 1669823290018, 621.83, 29.02, 302.92, 2.32, -0.02, 3.09, circuit_pos, 621.22, 18.66, 299.53, 2.33, -0.02, 3.09, tool_force, -0.15, 3.75, -12.0, actual_rep, 1, curr_step, 13, track_size, 72, robot_vel, 49.5, joints_pos, 13.19, 44.45, -17.82, -77.21, 17.87, 59.38, 38.46, tool_torque, -0.926, -0.146, 0.314, joint_torque, 0.58, -8.45, -0.35, 5.77, 1.01, -1.0, 0.3, robot_mode, normal, 
30/11/2022 15:52:01:463, robot_pos, 1669823290169, 621.77, 23.2, 302.44, 2.32, -0.02, 3.09, circuit_pos, 621.31, 7.17, 299.27, 2.33, -0.02, 3.09, tool_force, -0.71, 3.23, -12.13, actual_rep, 1, curr_step, 12, track_size, 72, robot_vel, 40.72, joints_pos, 12.67, 44.46, -17.82, -77.27, 17.91, 59.37, 37.59, tool_torque, -0.988, -0.112, 0.303, joint_torque, 0.35, -8.56, -0.46, 5.77, 1.03, -0.99, 0.28, robot_mode, normal, 
30/11/2022 15:52:01:617, robot_pos, 1669823290319, 621.77, 17.35, 302.19, 2.33, -0.02, 3.09, circuit_pos, 621.31, 7.17, 299.27, 2.33, -0.02, 3.09, tool_force, 0.04, 3.65, -12.15, actual_rep, 1, curr_step, 12, track_size, 72, robot_vel, 43.19, joints_pos, 12.13, 44.47, -17.83, -77.31, 17.94, 59.37, 36.93, tool_torque, -0.952, -0.175, 0.27, joint_torque, 0.87, -8.53, -0.1, 5.76, 1.06, -0.97, 0.25, robot_mode, normal, 
30/11/2022 15:52:01:765, robot_pos, 1669823290469, 621.79, 11.62, 301.94, 2.33, -0.02, 3.09, circuit_pos, 621.4, -3.17, 299.31, 2.33, -0.02, 3.09, tool_force, -0.24, 3.48, -12.18, actual_rep, 1, curr_step, 11, track_size, 72, robot_vel, 39.39, joints_pos, 11.6, 44.48, -17.83, -77.33, 17.97, 59.37, 36.28, tool_torque, -0.996, -0.133, 0.262, joint_torque, 0.69, -8.5, -0.2, 5.71, 1.05, -0.97, 0.26, robot_mode, normal, 
30/11/2022 15:52:01:913, robot_pos, 1669823290619, 621.81, 5.8, 301.88, 2.33, -0.02, 3.09, circuit_pos, 621.4, -3.17, 299.31, 2.33, -0.02, 3.09, tool_force, -0.21, 3.13, -12.03, actual_rep, 1, curr_step, 11, track_size, 72, robot_vel, 37.61, joints_pos, 11.06, 44.48, -17.83, -77.33, 17.98, 59.39, 35.72, tool_torque, -1.057, -0.165, 0.255, joint_torque, 0.53, -8.5, -0.31, 5.69, 1.06, -1.01, 0.24, robot_mode, normal, 
30/11/2022 15:52:02:066, robot_pos, 1669823290768, 621.8, 0.06, 301.78, 2.33, -0.02, 3.09, circuit_pos, 621.41, -16.2, 299.67, 2.34, -0.02, 3.09, tool_force, -0.43, 2.95, -11.83, actual_rep, 1, curr_step, 10, track_size, 72, robot_vel, 37.84, joints_pos, 10.53, 44.49, -17.83, -77.33, 18.0, 59.4, 35.09, tool_torque, -1.106, -0.172, 0.25, joint_torque, 0.51, -8.41, -0.24, 5.64, 1.07, -1.02, 0.25, robot_mode, normal, 
30/11/2022 15:52:02:214, robot_pos, 1669823290918, 621.77, -5.75, 301.88, 2.33, -0.02, 3.09, circuit_pos, 621.41, -16.2, 299.67, 2.34, -0.02, 3.09, tool_force, 0.18, 2.94, -11.79, actual_rep, 1, curr_step, 10, track_size, 72, robot_vel, 39.64, joints_pos, 9.98, 44.49, -17.83, -77.32, 18.01, 59.45, 34.38, tool_torque, -1.102, -0.274, 0.238, joint_torque, 0.71, -8.44, -0.17, 5.57, 1.08, -1.04, 0.23, robot_mode, normal, 
30/11/2022 15:52:02:370, robot_pos, 1669823291067, 621.71, -11.56, 301.98, 2.34, -0.02, 3.09, circuit_pos, 621.3, -26.89, 300.2, 2.34, -0.02, 3.09, tool_force, 0.3, 3.02, -11.78, actual_rep, 1, curr_step, 9, track_size, 72, robot_vel, 38.93, joints_pos, 9.43, 44.49, -17.83, -77.29, 18.02, 59.51, 33.63, tool_torque, -1.22, -0.218, 0.225, joint_torque, 0.21, -8.51, -0.41, 5.54, 1.07, -1.06, 0.23, robot_mode, normal, 
30/11/2022 15:52:02:517, robot_pos, 1669823291217, 621.69, -17.34, 302.17, 2.34, -0.02, 3.09, circuit_pos, 621.3, -26.89, 300.2, 2.34, -0.02, 3.09, tool_force, 0.01, 2.5, -11.75, actual_rep, 1, curr_step, 9, track_size, 72, robot_vel, 39.53, joints_pos, 8.9, 44.5, -17.83, -77.25, 18.04, 59.56, 33.06, tool_torque, -1.18, -0.286, 0.235, joint_torque, 0.55, -8.4, -0.24, 5.46, 1.1, -1.04, 0.22, robot_mode, normal, 
30/11/2022 15:52:02:671, robot_pos, 1669823291367, 621.6, -23.13, 302.37, 2.34, -0.02, 3.09, circuit_pos, 621.1, -36.42, 300.61, 2.35, -0.02, 3.09, tool_force, 0.38, 2.6, -11.68, actual_rep, 1, curr_step, 8, track_size, 72, robot_vel, 38.68, joints_pos, 8.35, 44.51, -17.83, -77.2, 18.04, 59.64, 32.41, tool_torque, -1.165, -0.348, 0.208, joint_torque, 0.92, -8.45, 0.01, 5.49, 1.13, -1.04, 0.19, robot_mode, normal, 
30/11/2022 15:52:02:815, robot_pos, 1669823291515, 621.49, -28.88, 302.62, 2.34, -0.02, 3.09, circuit_pos, 621.1, -36.42, 300.61, 2.35, -0.02, 3.09, tool_force, 0.67, 2.79, -11.74, actual_rep, 1, curr_step, 8, track_size, 72, robot_vel, 38.4, joints_pos, 7.82, 44.52, -17.83, -77.14, 18.04, 59.73, 31.65, tool_torque, -1.185, -0.366, 0.216, joint_torque, 0.65, -8.45, -0.2, 5.47, 1.11, -1.06, 0.21, robot_mode, normal, 
30/11/2022 15:52:02:973, robot_pos, 1669823291665, 621.38, -34.71, 302.8, 2.35, -0.02, 3.09, circuit_pos, 620.58, -46.71, 300.66, 2.36, -0.01, 3.09, tool_force, -0.28, 2.59, -11.61, actual_rep, 1, curr_step, 7, track_size, 72, robot_vel, 38.85, joints_pos, 7.28, 44.53, -17.85, -77.09, 18.05, 59.77, 30.82, tool_torque, -1.184, -0.189, 0.214, joint_torque, 0.57, -8.26, -0.1, 5.41, 1.14, -0.95, 0.21, robot_mode, normal, 
30/11/2022 15:52:03:116, robot_pos, 1669823291813, 621.27, -40.49, 302.89, 2.35, -0.01, 3.09, circuit_pos, 620.58, -46.71, 300.66, 2.36, -0.01, 3.09, tool_force, -0.19, 2.83, -12.0, actual_rep, 1, curr_step, 7, track_size, 72, robot_vel, 45.96, joints_pos, 6.81, 44.53, -17.88, -77.09, 17.93, 59.66, 30.09, tool_torque, -1.148, -0.043, 0.207, joint_torque, 0.59, -8.3, -0.1, 5.41, 1.21, -0.82, 0.19, robot_mode, normal, 
30/11/2022 15:52:03:273, robot_pos, 1669823291963, 620.97, -46.37, 302.88, 2.36, -0.01, 3.09, circuit_pos, 620.04, -56.04, 300.07, 2.37, -0.01, 3.09, tool_force, -0.34, 2.97, -11.9, actual_rep, 1, curr_step, 6, track_size, 72, robot_vel, 40.17, joints_pos, 6.29, 44.52, -17.9, -77.1, 17.88, 59.58, 29.24, tool_torque, -1.12, -0.028, 0.213, joint_torque, 0.57, -8.33, -0.1, 5.43, 1.22, -0.79, 0.19, robot_mode, normal, 
30/11/2022 15:52:03:420, robot_pos, 1669823292113, 620.58, -52.03, 302.67, 2.37, -0.01, 3.09, circuit_pos, 619.15, -64.3, 298.91, 2.37, -0.01, 3.09, tool_force, -0.82, 2.57, -11.69, actual_rep, 1, curr_step, 5, track_size, 72, robot_vel, 38.66, joints_pos, 5.77, 44.55, -17.89, -77.1, 17.88, 59.55, 28.36, tool_torque, -1.095, -0.016, 0.214, joint_torque, 0.61, -8.16, -0.1, 5.38, 1.23, -0.77, 0.18, robot_mode, normal, 
30/11/2022 15:52:03:573, robot_pos, 1669823292267, 620.13, -57.95, 302.05, 2.37, -0.01, 3.09, circuit_pos, 619.15, -64.3, 298.91, 2.37, -0.01, 3.09, tool_force, -0.09, 2.99, -11.97, actual_rep, 1, curr_step, 5, track_size, 72, robot_vel, 37.27, joints_pos, 5.23, 44.61, -17.89, -77.09, 17.88, 59.52, 27.72, tool_torque, -1.08, -0.088, 0.202, joint_torque, 0.89, -8.34, 0.04, 5.43, 1.24, -0.76, 0.16, robot_mode, normal, 
30/11/2022 15:52:03:720, robot_pos, 1669823292414, 619.56, -63.61, 301.39, 2.37, -0.01, 3.09, circuit_pos, 617.78, -71.85, 297.69, 2.37, -0.01, 3.09, tool_force, -0.47, 2.96, -12.0, actual_rep, 1, curr_step, 4, track_size, 72, robot_vel, 40.74, joints_pos, 4.7, 44.66, -17.89, -77.1, 17.9, 59.48, 27.1, tool_torque, -1.089, -0.028, 0.185, joint_torque, 0.49, -8.41, -0.2, 5.43, 1.2, -0.74, 0.15, robot_mode, normal, 
30/11/2022 15:52:03:872, robot_pos, 1669823292567, 618.69, -69.47, 300.61, 2.37, -0.01, 3.09, circuit_pos, 616.23, -78.75, 296.86, 2.37, 0.0, 3.09, tool_force, -0.81, 3.0, -12.05, actual_rep, 1, curr_step, 3, track_size, 72, robot_vel, 40.86, joints_pos, 4.16, 44.7, -17.89, -77.17, 17.94, 59.39, 26.5, tool_torque, -1.007, -0.01, 0.206, joint_torque, 0.73, -8.17, -0.06, 5.41, 1.19, -0.71, 0.17, robot_mode, normal, 
30/11/2022 15:52:04:020, robot_pos, 1669823292714, 617.73, -75.25, 299.8, 2.37, 0.0, 3.09, circuit_pos, 615.03, -85.14, 296.67, 2.36, 0.0, 3.09, tool_force, -0.86, 3.28, -12.26, actual_rep, 1, curr_step, 2, track_size, 72, robot_vel, 42.18, joints_pos, 3.71, 44.66, -17.96, -77.39, 17.86, 58.97, 25.95, tool_torque, -1.075, 0.062, 0.17, joint_torque, 0.84, -8.47, 0.09, 5.6, 1.26, -0.69, 0.15, robot_mode, normal, 
30/11/2022 15:52:04:174, robot_pos, 1669823292867, 616.47, -81.07, 299.5, 2.36, 0.0, 3.09, circuit_pos, 615.03, -85.14, 296.67, 2.36, 0.0, 3.09, tool_force, -1.07, 3.32, -11.94, actual_rep, 1, curr_step, 2, track_size, 72, robot_vel, 36.65, joints_pos, 3.25, 44.6, -18.01, -77.56, 17.84, 58.75, 25.74, tool_torque, -1.05, 0.075, 0.183, joint_torque, 0.74, -8.19, 0.01, 5.45, 1.25, -0.66, 0.14, robot_mode, normal, 
30/11/2022 15:52:04:321, robot_pos, 1669823293014, 615.44, -86.77, 299.51, 2.35, 0.0, 3.09, circuit_pos, 613.86, -94.17, 298.82, 2.34, 0.01, 3.1, tool_force, -1.12, 2.34, -11.47, actual_rep, 1, curr_step, 0, track_size, 72, robot_vel, 53.13, joints_pos, 2.81, 44.59, -18.1, -77.6, 17.65, 58.76, 26.13, tool_torque, -1.421, 0.083, -0.105, joint_torque, 0.38, -8.2, -0.08, 5.36, 1.26, -0.8, -0.15, robot_mode, normal, 
30/11/2022 15:52:04:473, robot_pos, 1669823293165, 614.64, -90.5, 299.75, 2.34, 0.0, 3.1, circuit_pos, 613.86, -94.17, 298.82, 2.34, 0.01, 3.1, tool_force, -1.42, 2.08, -11.35, actual_rep, 1, curr_step, 0, track_size, 72, robot_vel, 18.54, joints_pos, 2.52, 44.59, -18.1, -77.55, 17.31, 58.93, 26.54, tool_torque, -1.477, 0.029, -0.115, joint_torque, 0.33, -8.23, -0.19, 5.4, 1.3, -0.88, -0.17, robot_mode, normal, 
30/11/2022 15:52:04:621, robot_pos, 1669823293315, 614.7, -90.44, 299.75, 2.34, 0.0, 3.1, circuit_pos, 613.86, -94.17, 298.82, 2.34, 0.01, 3.1, tool_force, -1.11, 2.17, -11.59, actual_rep, 1, curr_step, 0, track_size, 72, robot_vel, 2.48, joints_pos, 2.48, 44.58, -18.01, -77.54, 17.17, 58.91, 26.67, tool_torque, -1.223, -0.088, -0.0050, joint_torque, 0.59, -8.29, -0.37, 5.4, 1.26, -0.82, -0.13, robot_mode, normal, 
30/11/2022 15:52:04:773, robot_pos, 1669823293466, 614.67, -90.42, 299.78, 2.34, 0.0, 3.1, circuit_pos, 613.86, -94.17, 298.82, 2.34, 0.01, 3.1, tool_force, -0.98, 2.38, -11.76, actual_rep, 1, curr_step, 0, track_size, 72, robot_vel, 0.75, joints_pos, 2.48, 44.58, -18.01, -77.55, 17.18, 58.91, 26.67, tool_torque, -1.211, -0.08, -0.0030, joint_torque, 0.6, -8.37, -0.32, 5.44, 1.24, -0.82, -0.11, robot_mode, normal, 
