07/12/2022 15:05:56:281, robot_pos, 1670425321454, 613.88, -94.17, 298.82, 2.34, 0.01, 3.1, circuit_pos, 614.3, -90.51, 297.41, 2.34, 0.0, 3.1, tool_force, -1.15, 1.59, 6.14, actual_rep, 1, curr_step, 1, track_size, 72, robot_vel, 0.0, joints_pos, 1.64, 44.4, -17.0, -77.78, 15.84, 58.2, 27.14, tool_torque, 0.145, 0.067, -0.056, joint_torque, 0.57, 3.78, 0.73, -1.45, 0.06, -0.08, -0.1, robot_mode, normal, 
07/12/2022 15:05:56:379, robot_pos, 1670425321578, 613.61, -94.03, 298.49, 2.34, 0.01, 3.1, circuit_pos, 614.3, -90.51, 297.41, 2.34, 0.0, 3.1, tool_force, -1.51, 1.74, 5.97, actual_rep, 1, curr_step, 1, track_size, 72, robot_vel, 0.0, joints_pos, 1.64, 44.4, -16.98, -77.84, 15.84, 58.19, 27.14, tool_torque, 0.177, 0.125, -0.044, joint_torque, 0.47, 3.69, 0.61, -1.33, 0.06, -0.06, -0.1, robot_mode, normal, 
07/12/2022 15:05:56:519, robot_pos, 1670425321729, 613.6, -93.97, 298.14, 2.34, 0.01, 3.1, circuit_pos, 614.3, -90.51, 297.41, 2.34, 0.0, 3.1, tool_force, -2.27, 2.88, -13.52, actual_rep, 1, curr_step, 1, track_size, 72, robot_vel, 0.0, joints_pos, 1.64, 44.4, -16.97, -77.89, 15.84, 58.04, 27.14, tool_torque, -1.16, 0.157, -0.01, joint_torque, 0.51, -9.28, -0.25, 6.23, 1.2, -0.77, -0.07, robot_mode, normal, 
07/12/2022 15:05:56:701, robot_pos, 1670425321890, 614.57, -89.49, 296.5, 2.35, 0.0, 3.1, circuit_pos, 616.23, -78.75, 296.86, 2.37, 0.0, 3.09, tool_force, -0.55, 2.54, -12.86, actual_rep, 1, curr_step, 3, track_size, 72, robot_vel, 16.5, joints_pos, 1.77, 44.65, -16.65, -77.65, 16.06, 58.46, 27.01, tool_torque, -1.17, -0.231, 0.055, joint_torque, 0.75, -9.03, -0.14, 5.92, 1.15, -0.97, 0.02, robot_mode, normal, 
07/12/2022 15:05:56:840, robot_pos, 1670425322026, 615.86, -84.57, 296.09, 2.36, 0.0, 3.09, circuit_pos, 616.23, -78.75, 296.86, 2.37, 0.0, 3.09, tool_force, -1.37, 2.3, -13.44, actual_rep, 1, curr_step, 3, track_size, 72, robot_vel, 42.13, joints_pos, 2.08, 44.71, -16.5, -77.58, 16.25, 58.42, 26.63, tool_torque, -1.237, 0.156, 0.077, joint_torque, -0.2, -9.0, -0.47, 5.9, 1.13, -0.77, 0.09, robot_mode, normal, 
07/12/2022 15:05:56:978, robot_pos, 1670425322177, 616.62, -78.65, 296.15, 2.37, 0.0, 3.09, circuit_pos, 617.78, -71.85, 297.69, 2.37, -0.01, 3.09, tool_force, -2.21, 2.54, -13.09, actual_rep, 1, curr_step, 4, track_size, 72, robot_vel, 40.95, joints_pos, 2.57, 44.7, -16.47, -77.58, 16.48, 58.44, 26.67, tool_torque, -1.325, 0.1, -0.04, joint_torque, -0.18, -8.58, -0.46, 5.79, 1.12, -0.91, -0.04, robot_mode, normal, 
07/12/2022 15:05:57:142, robot_pos, 1670425322325, 617.67, -73.04, 296.49, 2.37, -0.01, 3.09, circuit_pos, 619.15, -64.3, 298.91, 2.37, -0.01, 3.09, tool_force, -1.71, 1.52, -12.68, actual_rep, 1, curr_step, 5, track_size, 72, robot_vel, 38.85, joints_pos, 3.06, 44.75, -16.5, -77.44, 16.67, 58.68, 26.96, tool_torque, -1.6, -0.0090, -0.197, joint_torque, -0.02, -9.14, -0.23, 5.98, 1.2, -1.02, -0.2, robot_mode, normal, 
07/12/2022 15:05:57:278, robot_pos, 1670425322475, 618.69, -67.19, 297.15, 2.37, -0.01, 3.09, circuit_pos, 620.04, -56.04, 300.07, 2.37, -0.01, 3.09, tool_force, -1.84, 1.29, -12.84, actual_rep, 1, curr_step, 6, track_size, 72, robot_vel, 46.09, joints_pos, 3.61, 44.76, -16.55, -77.32, 16.75, 58.85, 27.4, tool_torque, -1.717, 0.053, -0.279, joint_torque, -0.08, -9.12, -0.11, 5.89, 1.19, -1.01, -0.28, robot_mode, normal, 
07/12/2022 15:05:57:440, robot_pos, 1670425322624, 619.54, -61.45, 297.85, 2.37, -0.01, 3.09, circuit_pos, 620.04, -56.04, 300.07, 2.37, -0.01, 3.09, tool_force, -1.53, 1.41, -12.7, actual_rep, 1, curr_step, 6, track_size, 72, robot_vel, 37.3, joints_pos, 4.16, 44.74, -16.58, -77.24, 16.79, 58.95, 27.89, tool_torque, -1.73, 0.056, -0.316, joint_torque, -0.07, -9.2, -0.16, 5.91, 1.18, -1.01, -0.3, robot_mode, normal, 
07/12/2022 15:05:57:577, robot_pos, 1670425322774, 620.12, -55.61, 298.46, 2.37, -0.01, 3.09, circuit_pos, 620.58, -46.71, 300.66, 2.36, -0.01, 3.09, tool_force, -1.92, 1.34, -12.92, actual_rep, 1, curr_step, 7, track_size, 72, robot_vel, 38.79, joints_pos, 4.7, 44.7, -16.59, -77.22, 16.79, 59.0, 28.56, tool_torque, -1.738, 0.139, -0.326, joint_torque, -0.22, -9.24, -0.23, 6.03, 1.18, -1.03, -0.3, robot_mode, normal, 
07/12/2022 15:05:57:740, robot_pos, 1670425322923, 620.54, -49.87, 298.88, 2.36, -0.01, 3.09, circuit_pos, 621.1, -36.42, 300.61, 2.35, -0.02, 3.09, tool_force, -1.44, 1.52, -12.9, actual_rep, 1, curr_step, 8, track_size, 72, robot_vel, 37.1, joints_pos, 5.25, 44.66, -16.61, -77.22, 16.79, 59.06, 29.39, tool_torque, -1.71, 0.1, -0.338, joint_torque, 0.02, -9.25, -0.06, 6.02, 1.18, -1.04, -0.3, robot_mode, normal, 
07/12/2022 15:05:57:918, robot_pos, 1670425323073, 620.83, -44.0, 299.04, 2.36, -0.01, 3.09, circuit_pos, 621.1, -36.42, 300.61, 2.35, -0.02, 3.09, tool_force, -1.61, 1.37, -12.66, actual_rep, 1, curr_step, 8, track_size, 72, robot_vel, 39.05, joints_pos, 5.74, 44.65, -16.59, -77.2, 16.9, 59.2, 30.15, tool_torque, -1.732, 0.071, -0.33, joint_torque, -0.15, -9.18, -0.22, 5.89, 1.15, -1.04, -0.32, robot_mode, normal, 
07/12/2022 15:05:58:180, robot_pos, 1670425323373, 621.46, -32.35, 298.98, 2.35, -0.02, 3.09, circuit_pos, 621.41, -16.2, 299.67, 2.34, -0.02, 3.09, tool_force, -1.38, 1.87, -12.88, actual_rep, 1, curr_step, 10, track_size, 72, robot_vel, 43.15, joints_pos, 6.79, 44.68, -16.58, -77.16, 17.0, 59.34, 31.82, tool_torque, -1.606, 0.048, -0.291, joint_torque, 0.21, -9.27, -0.1, 6.08, 1.16, -1.06, -0.29, robot_mode, normal, 
07/12/2022 15:05:58:340, robot_pos, 1670425323524, 621.62, -26.63, 298.83, 2.34, -0.02, 3.09, circuit_pos, 621.41, -16.2, 299.67, 2.34, -0.02, 3.09, tool_force, -1.59, 2.11, -13.13, actual_rep, 1, curr_step, 10, track_size, 72, robot_vel, 35.61, joints_pos, 7.31, 44.68, -16.59, -77.18, 17.02, 59.34, 32.49, tool_torque, -1.637, 0.233, -0.309, joint_torque, -0.24, -9.24, -0.28, 6.1, 1.11, -1.02, -0.28, robot_mode, normal, 
07/12/2022 15:05:58:502, robot_pos, 1670425323672, 621.8, -20.87, 298.61, 2.34, -0.02, 3.09, circuit_pos, 621.4, -3.17, 299.31, 2.33, -0.02, 3.09, tool_force, -2.21, 1.92, -13.25, actual_rep, 1, curr_step, 11, track_size, 72, robot_vel, 38.72, joints_pos, 7.85, 44.69, -16.59, -77.2, 17.03, 59.31, 33.12, tool_torque, -1.54, 0.301, -0.292, joint_torque, -0.14, -9.32, -0.2, 6.23, 1.14, -0.96, -0.28, robot_mode, normal, 
07/12/2022 15:05:58:658, robot_pos, 1670425323822, 621.9, -15.07, 298.47, 2.34, -0.02, 3.09, circuit_pos, 621.4, -3.17, 299.31, 2.33, -0.02, 3.09, tool_force, -2.26, 2.34, -13.31, actual_rep, 1, curr_step, 11, track_size, 72, robot_vel, 39.15, joints_pos, 8.38, 44.69, -16.59, -77.23, 17.04, 59.27, 33.88, tool_torque, -1.454, 0.41, -0.302, joint_torque, -0.09, -9.28, -0.36, 6.22, 1.12, -0.9, -0.27, robot_mode, normal, 
07/12/2022 15:05:58:782, robot_pos, 1670425323971, 621.95, -9.27, 298.31, 2.34, -0.02, 3.09, circuit_pos, 621.31, 7.17, 299.27, 2.33, -0.02, 3.09, tool_force, -2.2, 2.67, -13.38, actual_rep, 1, curr_step, 12, track_size, 72, robot_vel, 49.15, joints_pos, 8.93, 44.69, -16.6, -77.26, 17.04, 59.23, 34.58, tool_torque, -1.439, 0.433, -0.301, joint_torque, 0.0, -9.33, -0.17, 6.31, 1.13, -0.89, -0.28, robot_mode, normal, 
07/12/2022 15:05:58:938, robot_pos, 1670425324120, 621.99, -3.54, 298.21, 2.33, -0.02, 3.09, circuit_pos, 621.31, 7.17, 299.27, 2.33, -0.02, 3.09, tool_force, -2.32, 2.51, -13.4, actual_rep, 1, curr_step, 12, track_size, 72, robot_vel, 37.79, joints_pos, 9.45, 44.69, -16.6, -77.28, 17.04, 59.19, 35.2, tool_torque, -1.466, 0.509, -0.321, joint_torque, -0.25, -9.28, -0.28, 6.28, 1.11, -0.89, -0.29, robot_mode, normal, 
07/12/2022 15:05:59:098, robot_pos, 1670425324269, 621.98, 2.42, 298.09, 2.33, -0.02, 3.09, circuit_pos, 621.22, 18.66, 299.53, 2.33, -0.02, 3.09, tool_force, -2.34, 2.74, -13.5, actual_rep, 1, curr_step, 13, track_size, 72, robot_vel, 39.19, joints_pos, 10.01, 44.69, -16.6, -77.3, 17.04, 59.13, 35.81, tool_torque, -1.415, 0.431, -0.289, joint_torque, 0.13, -9.38, -0.12, 6.41, 1.14, -0.92, -0.28, robot_mode, normal, 
07/12/2022 15:05:59:239, robot_pos, 1670425324418, 621.96, 8.02, 298.18, 2.33, -0.02, 3.09, circuit_pos, 621.22, 18.66, 299.53, 2.33, -0.02, 3.09, tool_force, -2.59, 2.44, -13.43, actual_rep, 1, curr_step, 13, track_size, 72, robot_vel, 39.02, joints_pos, 10.53, 44.68, -16.6, -77.3, 17.04, 59.11, 36.36, tool_torque, -1.453, 0.464, -0.288, joint_torque, -0.14, -9.35, -0.22, 6.34, 1.13, -0.93, -0.26, robot_mode, normal, 
07/12/2022 15:05:59:540, robot_pos, 1670425324718, 621.86, 19.61, 298.51, 2.33, -0.02, 3.09, circuit_pos, 621.3, 29.46, 300.25, 2.32, -0.02, 3.09, tool_force, -2.12, 2.23, -13.41, actual_rep, 1, curr_step, 14, track_size, 72, robot_vel, 40.26, joints_pos, 11.61, 44.65, -16.6, -77.29, 17.0, 59.06, 37.71, tool_torque, -1.54, 0.498, -0.282, joint_torque, -0.47, -9.39, -0.44, 6.23, 1.12, -0.95, -0.26, robot_mode, normal, 
07/12/2022 15:05:59:698, robot_pos, 1670425324867, 621.86, 25.43, 298.75, 2.32, -0.02, 3.09, circuit_pos, 621.5, 39.55, 301.39, 2.31, -0.02, 3.09, tool_force, -1.9, 2.54, -13.41, actual_rep, 1, curr_step, 15, track_size, 72, robot_vel, 38.55, joints_pos, 12.14, 44.65, -16.6, -77.26, 16.98, 59.06, 38.46, tool_torque, -1.468, 0.384, -0.265, joint_torque, 0.2, -9.38, -0.11, 6.29, 1.15, -0.99, -0.25, robot_mode, normal, 
07/12/2022 15:05:59:841, robot_pos, 1670425325016, 621.88, 31.2, 299.25, 2.32, -0.02, 3.09, circuit_pos, 621.5, 39.55, 301.39, 2.31, -0.02, 3.09, tool_force, -1.67, 2.2, -13.28, actual_rep, 1, curr_step, 15, track_size, 72, robot_vel, 38.64, joints_pos, 12.68, 44.63, -16.61, -77.21, 16.94, 59.06, 39.34, tool_torque, -1.584, 0.411, -0.25, joint_torque, -0.34, -9.4, -0.48, 6.15, 1.11, -1.05, -0.21, robot_mode, normal, 
07/12/2022 15:06:00:020, robot_pos, 1670425325166, 621.92, 37.03, 299.8, 2.31, -0.02, 3.09, circuit_pos, 621.68, 48.29, 302.56, 2.3, -0.02, 3.09, tool_force, -1.71, 1.64, -13.12, actual_rep, 1, curr_step, 16, track_size, 72, robot_vel, 39.74, joints_pos, 13.21, 44.62, -16.61, -77.14, 16.92, 59.08, 40.21, tool_torque, -1.65, 0.352, -0.241, joint_torque, -0.55, -9.47, -0.54, 6.14, 1.09, -1.12, -0.21, robot_mode, normal, 
07/12/2022 15:06:00:140, robot_pos, 1670425325317, 621.97, 42.78, 300.47, 2.31, -0.02, 3.09, circuit_pos, 621.68, 48.29, 302.56, 2.3, -0.02, 3.09, tool_force, -1.34, 1.9, -12.93, actual_rep, 1, curr_step, 16, track_size, 72, robot_vel, 39.1, joints_pos, 13.74, 44.6, -16.61, -77.05, 16.88, 59.11, 41.16, tool_torque, -1.657, 0.247, -0.24, joint_torque, -0.04, -9.35, -0.24, 6.16, 1.12, -1.2, -0.22, robot_mode, normal, 
07/12/2022 15:06:00:300, robot_pos, 1670425325468, 622.09, 48.59, 301.23, 2.3, -0.02, 3.09, circuit_pos, 621.78, 57.42, 303.83, 2.3, -0.01, 3.09, tool_force, -1.24, 2.39, -12.92, actual_rep, 1, curr_step, 17, track_size, 72, robot_vel, 37.89, joints_pos, 14.29, 44.59, -16.61, -76.95, 16.72, 59.1, 41.97, tool_torque, -1.597, 0.274, -0.231, joint_torque, 0.01, -9.4, -0.25, 6.23, 1.11, -1.18, -0.2, robot_mode, normal, 
07/12/2022 15:06:00:461, robot_pos, 1670425325618, 622.16, 54.51, 302.03, 2.3, -0.01, 3.09, circuit_pos, 621.7, 64.77, 304.79, 2.29, -0.01, 3.09, tool_force, -2.23, 1.97, -13.05, actual_rep, 1, curr_step, 18, track_size, 72, robot_vel, 40.39, joints_pos, 14.88, 44.55, -16.62, -76.89, 16.48, 58.99, 42.82, tool_torque, -1.53, 0.44, -0.234, joint_torque, -0.18, -9.38, -0.29, 6.28, 1.09, -1.11, -0.2, robot_mode, normal, 
07/12/2022 15:06:00:599, robot_pos, 1670425325767, 622.14, 60.19, 302.77, 2.3, -0.01, 3.09, circuit_pos, 621.58, 73.04, 305.87, 2.28, -0.01, 3.09, tool_force, -1.34, 2.41, -13.18, actual_rep, 1, curr_step, 19, track_size, 72, robot_vel, 38.18, joints_pos, 15.4, 44.53, -16.62, -76.79, 16.36, 58.99, 43.74, tool_torque, -1.499, 0.364, -0.216, joint_torque, -0.09, -9.35, -0.34, 6.22, 1.06, -1.13, -0.19, robot_mode, normal, 
07/12/2022 15:06:00:741, robot_pos, 1670425325918, 622.1, 66.01, 303.5, 2.29, -0.01, 3.09, circuit_pos, 621.58, 73.04, 305.87, 2.28, -0.01, 3.09, tool_force, -1.58, 1.91, -13.02, actual_rep, 1, curr_step, 19, track_size, 72, robot_vel, 47.82, joints_pos, 15.94, 44.52, -16.62, -76.68, 16.29, 59.02, 44.72, tool_torque, -1.621, 0.332, -0.234, joint_torque, -0.19, -9.4, -0.33, 6.2, 1.04, -1.22, -0.2, robot_mode, normal, 
07/12/2022 15:06:00:901, robot_pos, 1670425326068, 621.98, 71.76, 304.19, 2.28, -0.01, 3.09, circuit_pos, 621.28, 81.29, 306.83, 2.28, -0.01, 3.09, tool_force, -1.24, 2.26, -12.84, actual_rep, 1, curr_step, 20, track_size, 72, robot_vel, 43.71, joints_pos, 16.45, 44.52, -16.61, -76.57, 16.21, 59.07, 45.56, tool_torque, -1.63, 0.207, -0.207, joint_torque, 0.0, -9.42, -0.3, 6.27, 1.04, -1.33, -0.18, robot_mode, normal, 
07/12/2022 15:06:01:042, robot_pos, 1670425326219, 621.79, 77.59, 304.9, 2.28, -0.01, 3.09, circuit_pos, 620.78, 89.35, 307.67, 2.27, -0.01, 3.09, tool_force, -1.4, 1.83, -12.74, actual_rep, 1, curr_step, 21, track_size, 72, robot_vel, 41.45, joints_pos, 16.99, 44.52, -16.6, -76.45, 16.16, 59.13, 46.29, tool_torque, -1.672, 0.209, -0.189, joint_torque, -0.36, -9.4, -0.6, 6.2, 0.99, -1.37, -0.16, robot_mode, normal, 
07/12/2022 15:06:01:202, robot_pos, 1670425326368, 621.51, 83.37, 305.54, 2.28, -0.01, 3.09, circuit_pos, 620.78, 89.35, 307.67, 2.27, -0.01, 3.09, tool_force, -1.66, 1.66, -12.72, actual_rep, 1, curr_step, 21, track_size, 72, robot_vel, 37.42, joints_pos, 17.5, 44.52, -16.6, -76.34, 16.11, 59.19, 47.17, tool_torque, -1.652, 0.195, -0.197, joint_torque, -0.08, -9.33, -0.36, 6.17, 1.01, -1.35, -0.18, robot_mode, normal, 
07/12/2022 15:06:01:358, robot_pos, 1670425326522, 621.18, 89.34, 306.2, 2.27, -0.01, 3.09, circuit_pos, 620.25, 96.98, 308.51, 2.27, -0.02, 3.08, tool_force, -1.04, 1.96, -12.85, actual_rep, 1, curr_step, 22, track_size, 72, robot_vel, 46.47, joints_pos, 17.98, 44.51, -16.54, -76.23, 16.21, 59.25, 47.86, tool_torque, -1.63, 0.139, -0.196, joint_torque, -0.31, -9.47, -0.69, 6.23, 0.91, -1.4, -0.18, robot_mode, normal, 
07/12/2022 15:06:01:501, robot_pos, 1670425326670, 620.86, 94.93, 306.83, 2.27, -0.02, 3.08, circuit_pos, 619.96, 103.53, 309.26, 2.26, -0.02, 3.08, tool_force, -1.6, 1.61, -13.09, actual_rep, 1, curr_step, 23, track_size, 72, robot_vel, 35.56, joints_pos, 18.37, 44.49, -16.5, -76.17, 16.63, 59.28, 48.28, tool_torque, -1.682, 0.19, -0.212, joint_torque, -0.72, -9.65, -0.91, 6.31, 0.92, -1.42, -0.2, robot_mode, normal, 
07/12/2022 15:06:01:660, robot_pos, 1670425326820, 620.51, 100.92, 307.54, 2.26, -0.02, 3.08, circuit_pos, 619.88, 109.67, 310.15, 2.26, -0.02, 3.08, tool_force, -1.01, 2.1, -12.68, actual_rep, 1, curr_step, 24, track_size, 72, robot_vel, 40.84, joints_pos, 18.91, 44.5, -16.52, -76.04, 16.68, 59.32, 49.11, tool_torque, -1.626, 0.12, -0.209, joint_torque, -0.26, -9.51, -0.67, 6.27, 0.91, -1.43, -0.21, robot_mode, normal, 
07/12/2022 15:06:01:799, robot_pos, 1670425326970, 620.31, 106.65, 308.3, 2.26, -0.02, 3.08, circuit_pos, 619.73, 115.25, 310.98, 2.26, -0.02, 3.07, tool_force, -0.97, 2.26, -13.07, actual_rep, 1, curr_step, 25, track_size, 72, robot_vel, 39.77, joints_pos, 19.42, 44.53, -16.55, -75.87, 16.75, 59.42, 49.73, tool_torque, -1.654, 0.132, -0.207, joint_torque, -0.1, -9.73, -0.47, 6.41, 0.93, -1.44, -0.19, robot_mode, normal, 
07/12/2022 15:06:01:958, robot_pos, 1670425327119, 620.32, 112.43, 309.08, 2.26, -0.02, 3.07, circuit_pos, 619.61, 120.68, 311.81, 2.26, -0.02, 3.07, tool_force, -1.39, 2.68, -13.09, actual_rep, 1, curr_step, 26, track_size, 72, robot_vel, 39.58, joints_pos, 19.88, 44.53, -16.55, -75.74, 17.01, 59.32, 50.16, tool_torque, -1.436, 0.337, -0.206, joint_torque, -0.26, -9.59, -0.56, 6.37, 0.92, -1.25, -0.18, robot_mode, normal, 
07/12/2022 15:06:02:097, robot_pos, 1670425327269, 620.13, 118.19, 310.01, 2.26, -0.02, 3.07, circuit_pos, 619.45, 126.37, 312.42, 2.25, -0.02, 3.07, tool_force, -1.6, 2.43, -13.22, actual_rep, 1, curr_step, 27, track_size, 72, robot_vel, 46.02, joints_pos, 20.38, 44.53, -16.55, -75.59, 17.04, 59.31, 50.73, tool_torque, -1.428, 0.303, -0.172, joint_torque, -0.49, -9.58, -0.78, 6.35, 0.88, -1.28, -0.16, robot_mode, normal, 
07/12/2022 15:06:02:259, robot_pos, 1670425327418, 619.92, 123.98, 310.67, 2.25, -0.02, 3.07, circuit_pos, 619.15, 132.12, 312.83, 2.25, -0.02, 3.07, tool_force, -0.95, 2.32, -13.14, actual_rep, 1, curr_step, 28, track_size, 72, robot_vel, 39.09, joints_pos, 20.88, 44.57, -16.55, -75.41, 17.05, 59.34, 51.65, tool_torque, -1.52, 0.245, -0.21, joint_torque, -0.03, -9.79, -0.45, 6.46, 0.92, -1.35, -0.18, robot_mode, normal, 
07/12/2022 15:06:02:398, robot_pos, 1670425327565, 619.7, 129.74, 311.11, 2.25, -0.02, 3.07, circuit_pos, 618.9, 137.78, 313.01, 2.25, -0.02, 3.07, tool_force, -1.03, 2.26, -12.98, actual_rep, 1, curr_step, 29, track_size, 72, robot_vel, 40.26, joints_pos, 21.4, 44.64, -16.58, -75.21, 17.05, 59.4, 52.28, tool_torque, -1.637, 0.16, -0.194, joint_torque, -0.01, -9.7, -0.41, 6.48, 0.91, -1.5, -0.16, robot_mode, normal, 
07/12/2022 15:06:02:560, robot_pos, 1670425327714, 619.45, 135.47, 311.42, 2.25, -0.02, 3.07, circuit_pos, 618.68, 143.43, 313.21, 2.25, -0.02, 3.07, tool_force, -1.05, 2.15, -12.72, actual_rep, 1, curr_step, 30, track_size, 72, robot_vel, 38.46, joints_pos, 21.89, 44.73, -16.58, -75.01, 17.03, 59.46, 52.88, tool_torque, -1.645, 0.201, -0.197, joint_torque, -0.2, -9.56, -0.5, 6.35, 0.9, -1.5, -0.16, robot_mode, normal, 
07/12/2022 15:06:02:719, robot_pos, 1670425327864, 619.24, 141.23, 311.7, 2.25, -0.02, 3.07, circuit_pos, 618.69, 148.48, 313.26, 2.24, -0.02, 3.06, tool_force, -0.78, 2.35, -13.04, actual_rep, 1, curr_step, 31, track_size, 72, robot_vel, 48.72, joints_pos, 22.38, 44.83, -16.57, -74.79, 17.01, 59.51, 53.55, tool_torque, -1.629, 0.155, -0.164, joint_torque, -0.08, -9.92, -0.6, 6.64, 0.92, -1.54, -0.15, robot_mode, normal, 
07/12/2022 15:06:02:861, robot_pos, 1670425328012, 619.14, 147.02, 311.86, 2.24, -0.02, 3.06, circuit_pos, 618.5, 157.93, 312.71, 2.23, -0.01, 3.06, tool_force, -1.33, 2.67, -13.11, actual_rep, 1, curr_step, 33, track_size, 72, robot_vel, 39.07, joints_pos, 22.84, 44.89, -16.54, -74.65, 17.18, 59.3, 54.26, tool_torque, -1.386, 0.321, -0.159, joint_torque, -0.64, -9.57, -0.95, 6.39, 0.82, -1.36, -0.12, robot_mode, normal, 
07/12/2022 15:06:02:999, robot_pos, 1670425328165, 619.04, 152.89, 311.48, 2.24, -0.02, 3.06, circuit_pos, 617.91, 169.87, 311.16, 2.22, -0.01, 3.06, tool_force, 0.01, 2.3, -13.77, actual_rep, 1, curr_step, 36, track_size, 72, robot_vel, 38.04, joints_pos, 23.41, 45.02, -16.61, -74.49, 17.06, 59.08, 55.32, tool_torque, -1.444, 0.337, -0.222, joint_torque, 0.21, -9.75, -0.31, 6.32, 0.89, -1.27, -0.18, robot_mode, normal, 
07/12/2022 15:06:03:160, robot_pos, 1670425328314, 618.75, 158.72, 310.96, 2.23, -0.02, 3.06, circuit_pos, 617.47, 173.7, 309.87, 2.21, -0.01, 3.07, tool_force, -0.47, 2.66, -13.17, actual_rep, 1, curr_step, 38, track_size, 72, robot_vel, 39.26, joints_pos, 23.96, 45.19, -16.65, -74.29, 16.99, 59.01, 56.3, tool_torque, -1.42, 0.401, -0.198, joint_torque, -0.01, -9.8, -0.47, 6.42, 0.88, -1.32, -0.14, robot_mode, normal, 
07/12/2022 15:06:03:300, robot_pos, 1670425328464, 618.32, 164.52, 309.91, 2.22, -0.01, 3.06, circuit_pos, 617.59, 172.67, 309.2, 2.21, -0.01, 3.07, tool_force, -1.5, 2.52, -13.26, actual_rep, 1, curr_step, 41, track_size, 72, robot_vel, 40.21, joints_pos, 24.48, 45.42, -16.65, -74.05, 16.76, 59.04, 57.42, tool_torque, -1.51, 0.313, -0.14, joint_torque, -0.2, -9.81, -0.55, 6.56, 0.88, -1.49, -0.13, robot_mode, normal, 
07/12/2022 15:06:03:600, robot_pos, 1670425328759, 618.09, 173.48, 308.94, 2.21, -0.01, 3.07, circuit_pos, 617.63, 173.42, 309.99, 2.21, -0.01, 3.07, tool_force, -0.69, 3.22, -12.74, actual_rep, 1, curr_step, 46, track_size, 72, robot_vel, 35.44, joints_pos, 25.35, 45.83, -16.79, -73.48, 16.34, 59.33, 59.17, tool_torque, -1.511, 0.144, -0.122, joint_torque, 0.28, -9.49, -0.34, 6.5, 0.79, -1.59, -0.09, robot_mode, normal, 
07/12/2022 15:06:03:758, robot_pos, 1670425328908, 618.04, 173.67, 308.38, 2.21, -0.01, 3.07, circuit_pos, 617.74, 173.64, 309.48, 2.21, -0.01, 3.07, tool_force, -0.77, 4.15, -13.16, actual_rep, 1, curr_step, 48, track_size, 72, robot_vel, 8.22, joints_pos, 25.36, 45.87, -16.8, -73.5, 16.47, 59.29, 59.14, tool_torque, -1.254, 0.121, 0.083, joint_torque, 0.01, -10.07, -0.65, 6.82, 0.75, -1.47, 0.13, robot_mode, normal, 
07/12/2022 15:06:03:919, robot_pos, 1670425329057, 618.26, 173.78, 308.29, 2.21, -0.01, 3.07, circuit_pos, 617.75, 173.46, 309.48, 2.21, -0.01, 3.07, tool_force, -0.38, 3.14, -13.29, actual_rep, 1, curr_step, 51, track_size, 72, robot_vel, 1.56, joints_pos, 25.36, 45.91, -16.8, -73.45, 16.47, 59.31, 59.15, tool_torque, -1.355, 0.061, 0.047, joint_torque, 0.03, -9.88, -0.69, 6.62, 0.74, -1.51, 0.08, robot_mode, normal, 
07/12/2022 15:06:04:061, robot_pos, 1670425329204, 618.25, 173.7, 308.24, 2.21, -0.01, 3.07, circuit_pos, 617.7, 173.68, 309.51, 2.21, -0.01, 3.07, tool_force, -0.01, 3.62, -13.24, actual_rep, 1, curr_step, 53, track_size, 72, robot_vel, 1.67, joints_pos, 25.35, 45.91, -16.79, -73.45, 16.47, 59.31, 59.15, tool_torque, -1.311, 0.036, 0.067, joint_torque, 0.2, -9.94, -0.64, 6.71, 0.76, -1.51, 0.1, robot_mode, normal, 
07/12/2022 15:06:04:218, robot_pos, 1670425329354, 618.23, 173.78, 308.26, 2.21, -0.01, 3.07, circuit_pos, 617.73, 173.58, 309.53, 2.21, -0.01, 3.07, tool_force, -0.91, 3.49, -13.08, actual_rep, 1, curr_step, 55, track_size, 72, robot_vel, 1.61, joints_pos, 25.36, 45.91, -16.79, -73.45, 16.46, 59.31, 59.15, tool_torque, -1.322, 0.146, 0.027, joint_torque, -0.13, -9.78, -0.76, 6.66, 0.76, -1.5, 0.06, robot_mode, normal, 
07/12/2022 15:06:04:358, robot_pos, 1670425329501, 618.24, 173.76, 308.27, 2.21, -0.01, 3.07, circuit_pos, 617.7, 173.64, 309.53, 2.21, -0.01, 3.07, tool_force, -0.88, 3.46, -13.15, actual_rep, 1, curr_step, 58, track_size, 72, robot_vel, 0.28, joints_pos, 25.36, 45.91, -16.79, -73.45, 16.46, 59.31, 59.15, tool_torque, -1.333, 0.139, 0.035, joint_torque, -0.11, -9.81, -0.73, 6.67, 0.76, -1.51, 0.07, robot_mode, normal, 
07/12/2022 15:06:04:518, robot_pos, 1670425329651, 618.22, 173.79, 308.28, 2.21, -0.01, 3.07, circuit_pos, 617.7, 173.64, 309.53, 2.21, -0.01, 3.07, tool_force, -0.83, 3.59, -13.11, actual_rep, 1, curr_step, 60, track_size, 72, robot_vel, 0.11, joints_pos, 25.36, 45.91, -16.79, -73.45, 16.46, 59.31, 59.15, tool_torque, -1.312, 0.126, 0.029, joint_torque, -0.03, -9.8, -0.71, 6.7, 0.76, -1.51, 0.06, robot_mode, normal, 
07/12/2022 15:06:04:657, robot_pos, 1670425329798, 618.22, 173.8, 308.28, 2.21, -0.01, 3.07, circuit_pos, 617.71, 173.64, 309.53, 2.21, -0.01, 3.07, tool_force, -0.82, 3.57, -13.14, actual_rep, 1, curr_step, 63, track_size, 72, robot_vel, 0.02, joints_pos, 25.36, 45.91, -16.79, -73.45, 16.46, 59.31, 59.15, tool_torque, -1.312, 0.125, 0.03, joint_torque, -0.04, -9.81, -0.71, 6.71, 0.76, -1.51, 0.06, robot_mode, normal, 
07/12/2022 15:06:04:958, robot_pos, 1670425330095, 618.22, 173.79, 308.29, 2.21, -0.01, 3.07, circuit_pos, 617.71, 173.63, 309.53, 2.21, -0.01, 3.07, tool_force, -0.76, 3.53, -13.18, actual_rep, 1, curr_step, 67, track_size, 72, robot_vel, 0.04, joints_pos, 25.36, 45.91, -16.79, -73.45, 16.46, 59.31, 59.15, tool_torque, -1.31, 0.115, 0.035, joint_torque, -0.02, -9.82, -0.71, 6.7, 0.76, -1.51, 0.06, robot_mode, normal, 
07/12/2022 15:06:05:127, robot_pos, 1670425330248, 618.22, 173.79, 308.29, 2.21, -0.01, 3.07, circuit_pos, 617.71, 173.63, 309.53, 2.21, -0.01, 3.07, tool_force, -0.75, 3.51, -13.18, actual_rep, 1, curr_step, 70, track_size, 72, robot_vel, 0.01, joints_pos, 25.36, 45.91, -16.79, -73.45, 16.46, 59.31, 59.15, tool_torque, -1.314, 0.113, 0.035, joint_torque, -0.02, -9.83, -0.72, 6.7, 0.76, -1.51, 0.06, robot_mode, normal, 
07/12/2022 15:06:05:261, robot_pos, 1670425330396, 618.22, 173.79, 308.29, 2.21, -0.01, 3.07, circuit_pos, 617.71, 173.63, 309.53, 2.21, -0.01, 3.07, tool_force, -0.75, 3.47, -13.2, actual_rep, 1, curr_step, 70, track_size, 72, robot_vel, 0.03, joints_pos, 25.36, 45.91, -16.79, -73.45, 16.46, 59.31, 59.15, tool_torque, -1.32, 0.119, 0.034, joint_torque, -0.03, -9.84, -0.71, 6.71, 0.76, -1.51, 0.06, robot_mode, normal, 
07/12/2022 15:06:05:420, robot_pos, 1670425330544, 618.22, 173.79, 308.29, 2.21, -0.01, 3.07, circuit_pos, 617.71, 173.63, 309.53, 2.21, -0.01, 3.07, tool_force, -0.76, 3.46, -13.22, actual_rep, 1, curr_step, 69, track_size, 72, robot_vel, 0.01, joints_pos, 25.36, 45.91, -16.79, -73.45, 16.46, 59.31, 59.15, tool_torque, -1.323, 0.12, 0.034, joint_torque, -0.04, -9.85, -0.71, 6.7, 0.76, -1.51, 0.06, robot_mode, normal, 
07/12/2022 15:06:05:561, robot_pos, 1670425330690, 618.22, 173.79, 308.29, 2.21, -0.01, 3.07, circuit_pos, 617.71, 173.63, 309.53, 2.21, -0.01, 3.07, tool_force, -0.74, 3.45, -13.23, actual_rep, 1, curr_step, 66, track_size, 72, robot_vel, 0.0, joints_pos, 25.36, 45.91, -16.79, -73.45, 16.46, 59.31, 59.15, tool_torque, -1.322, 0.119, 0.034, joint_torque, -0.04, -9.86, -0.71, 6.7, 0.76, -1.51, 0.07, robot_mode, normal, 
07/12/2022 15:06:05:720, robot_pos, 1670425330840, 618.22, 173.79, 308.29, 2.21, -0.01, 3.07, circuit_pos, 617.71, 173.64, 309.53, 2.21, -0.01, 3.07, tool_force, -0.75, 3.45, -13.21, actual_rep, 1, curr_step, 64, track_size, 72, robot_vel, 0.01, joints_pos, 25.36, 45.91, -16.79, -73.45, 16.46, 59.31, 59.15, tool_torque, -1.324, 0.117, 0.034, joint_torque, -0.04, -9.85, -0.71, 6.7, 0.76, -1.51, 0.07, robot_mode, normal, 
07/12/2022 15:06:05:858, robot_pos, 1670425330987, 618.22, 173.79, 308.29, 2.21, -0.01, 3.07, circuit_pos, 617.7, 173.64, 309.53, 2.21, -0.01, 3.07, tool_force, -0.77, 3.43, -13.22, actual_rep, 1, curr_step, 62, track_size, 72, robot_vel, 0.03, joints_pos, 25.36, 45.91, -16.79, -73.45, 16.46, 59.31, 59.15, tool_torque, -1.328, 0.128, 0.032, joint_torque, -0.06, -9.86, -0.72, 6.7, 0.76, -1.51, 0.06, robot_mode, normal, 
07/12/2022 15:06:06:018, robot_pos, 1670425331137, 618.22, 173.79, 308.29, 2.21, -0.01, 3.07, circuit_pos, 617.7, 173.64, 309.53, 2.21, -0.01, 3.07, tool_force, -0.79, 3.47, -13.22, actual_rep, 1, curr_step, 59, track_size, 72, robot_vel, 0.01, joints_pos, 25.36, 45.91, -16.79, -73.45, 16.46, 59.31, 59.15, tool_torque, -1.329, 0.128, 0.031, joint_torque, -0.06, -9.86, -0.71, 6.71, 0.76, -1.51, 0.06, robot_mode, normal, 
07/12/2022 15:06:06:159, robot_pos, 1670425331285, 618.22, 173.79, 308.29, 2.21, -0.01, 3.07, circuit_pos, 617.71, 173.62, 309.53, 2.21, -0.01, 3.07, tool_force, -0.8, 3.47, -13.21, actual_rep, 1, curr_step, 57, track_size, 72, robot_vel, 0.01, joints_pos, 25.36, 45.91, -16.79, -73.45, 16.46, 59.31, 59.15, tool_torque, -1.327, 0.129, 0.031, joint_torque, -0.06, -9.85, -0.72, 6.71, 0.76, -1.51, 0.06, robot_mode, normal, 
07/12/2022 15:06:06:322, robot_pos, 1670425331434, 618.23, 173.77, 308.29, 2.21, -0.01, 3.07, circuit_pos, 617.72, 173.59, 309.52, 2.21, -0.01, 3.07, tool_force, -0.66, 3.47, -13.23, actual_rep, 1, curr_step, 54, track_size, 72, robot_vel, 0.05, joints_pos, 25.36, 45.91, -16.79, -73.45, 16.46, 59.31, 59.15, tool_torque, -1.309, 0.088, 0.046, joint_torque, 0.03, -9.84, -0.7, 6.69, 0.76, -1.5, 0.07, robot_mode, normal, 
07/12/2022 15:06:06:618, robot_pos, 1670425331731, 618.23, 173.68, 308.27, 2.21, -0.01, 3.07, circuit_pos, 617.74, 173.65, 309.52, 2.21, -0.01, 3.07, tool_force, -0.49, 3.74, -13.21, actual_rep, 1, curr_step, 49, track_size, 72, robot_vel, 1.98, joints_pos, 25.36, 45.91, -16.8, -73.46, 16.46, 59.31, 59.15, tool_torque, -1.289, 0.128, 0.052, joint_torque, -0.02, -9.83, -0.7, 6.73, 0.76, -1.49, 0.09, robot_mode, normal, 
07/12/2022 15:06:06:919, robot_pos, 1670425332029, 618.19, 173.65, 308.83, 2.21, -0.01, 3.07, circuit_pos, 617.6, 173.44, 310.34, 2.21, -0.01, 3.07, tool_force, -0.86, 3.63, -13.16, actual_rep, 1, curr_step, 45, track_size, 72, robot_vel, 5.59, joints_pos, 25.36, 45.85, -16.8, -73.45, 16.46, 59.36, 59.15, tool_torque, -1.363, 0.096, 0.072, joint_torque, -0.11, -9.5, -0.68, 6.62, 0.75, -1.59, 0.11, robot_mode, normal, 
07/12/2022 15:06:07:219, robot_pos, 1670425332325, 618.1, 173.02, 308.0, 2.21, -0.01, 3.07, circuit_pos, 617.47, 173.15, 309.13, 2.21, -0.01, 3.07, tool_force, 0.46, 4.24, -13.74, actual_rep, 1, curr_step, 40, track_size, 72, robot_vel, 4.15, joints_pos, 25.32, 45.89, -16.81, -73.53, 16.44, 59.28, 59.12, tool_torque, -1.09, -0.038, 0.162, joint_torque, 0.73, -9.9, -0.38, 6.87, 0.8, -1.4, 0.17, robot_mode, normal, 
07/12/2022 15:06:07:520, robot_pos, 1670425332622, 618.59, 172.68, 309.34, 2.21, -0.01, 3.06, circuit_pos, 618.01, 166.56, 311.61, 2.22, -0.01, 3.06, tool_force, 0.08, 3.35, -13.35, actual_rep, 1, curr_step, 35, track_size, 72, robot_vel, 13.49, joints_pos, 25.28, 45.72, -16.85, -73.64, 16.68, 58.95, 58.7, tool_torque, -0.956, -0.058, 0.353, joint_torque, -0.58, -9.64, -1.31, 6.35, 0.58, -1.28, 0.45, robot_mode, normal, 
07/12/2022 15:06:07:859, robot_pos, 1670425332921, 618.75, 160.96, 310.78, 2.22, -0.01, 3.06, circuit_pos, 618.68, 143.43, 313.21, 2.25, -0.02, 3.07, tool_force, 0.47, 4.37, -12.92, actual_rep, 1, curr_step, 30, track_size, 72, robot_vel, 38.7, joints_pos, 24.42, 45.29, -17.09, -74.24, 17.13, 58.94, 56.61, tool_torque, -1.088, -0.22, 0.334, joint_torque, 0.46, -9.55, -0.62, 6.63, 0.77, -1.5, 0.37, robot_mode, normal, 
07/12/2022 15:06:07:979, robot_pos, 1670425333067, 618.89, 155.23, 311.11, 2.23, -0.01, 3.06, circuit_pos, 618.68, 143.43, 313.21, 2.25, -0.02, 3.07, tool_force, 0.1, 4.64, -12.77, actual_rep, 1, curr_step, 30, track_size, 72, robot_vel, 40.84, joints_pos, 23.92, 45.17, -17.09, -74.4, 17.18, 59.15, 55.59, tool_torque, -1.094, -0.331, 0.358, joint_torque, 0.68, -9.29, -0.47, 6.6, 0.79, -1.52, 0.36, robot_mode, normal, 
07/12/2022 15:06:08:120, robot_pos, 1670425333218, 619.05, 149.34, 311.49, 2.24, -0.02, 3.07, circuit_pos, 618.68, 143.43, 313.21, 2.25, -0.02, 3.07, tool_force, 0.36, 4.56, -12.97, actual_rep, 1, curr_step, 30, track_size, 72, robot_vel, 43.54, joints_pos, 23.39, 45.05, -17.09, -74.54, 17.24, 59.42, 54.57, tool_torque, -1.138, -0.321, 0.33, joint_torque, 0.8, -9.43, -0.4, 6.77, 0.84, -1.56, 0.34, robot_mode, normal, 
07/12/2022 15:06:08:281, robot_pos, 1670425333364, 619.25, 143.59, 311.63, 2.25, -0.02, 3.07, circuit_pos, 618.9, 137.78, 313.01, 2.25, -0.02, 3.07, tool_force, 0.19, 4.04, -13.62, actual_rep, 1, curr_step, 29, track_size, 72, robot_vel, 39.57, joints_pos, 22.89, 44.95, -17.09, -74.7, 17.27, 59.55, 53.72, tool_torque, -1.194, -0.29, 0.33, joint_torque, 0.51, -9.61, -0.55, 6.77, 0.85, -1.56, 0.34, robot_mode, normal, 
07/12/2022 15:06:08:440, robot_pos, 1670425333514, 619.44, 137.76, 311.64, 2.25, -0.02, 3.07, circuit_pos, 619.15, 132.12, 312.83, 2.25, -0.02, 3.07, tool_force, 0.54, 4.38, -13.16, actual_rep, 1, curr_step, 28, track_size, 72, robot_vel, 35.82, joints_pos, 22.4, 44.83, -17.11, -74.91, 17.31, 59.55, 53.1, tool_torque, -1.137, -0.302, 0.337, joint_torque, 0.64, -9.57, -0.46, 6.75, 0.85, -1.5, 0.35, robot_mode, normal, 
07/12/2022 15:06:08:581, robot_pos, 1670425333660, 619.69, 132.01, 311.5, 2.25, -0.02, 3.07, circuit_pos, 619.45, 126.37, 312.42, 2.25, -0.02, 3.07, tool_force, 0.43, 4.42, -13.61, actual_rep, 1, curr_step, 27, track_size, 72, robot_vel, 40.08, joints_pos, 21.91, 44.74, -17.13, -75.1, 17.35, 59.54, 52.49, tool_torque, -1.108, -0.203, 0.306, joint_torque, 0.65, -9.65, -0.39, 6.79, 0.87, -1.43, 0.34, robot_mode, normal, 
07/12/2022 15:06:08:741, robot_pos, 1670425333811, 619.98, 126.15, 311.07, 2.25, -0.02, 3.07, circuit_pos, 619.61, 120.68, 311.81, 2.26, -0.02, 3.07, tool_force, -0.43, 4.54, -13.56, actual_rep, 1, curr_step, 26, track_size, 72, robot_vel, 37.56, joints_pos, 21.41, 44.66, -17.14, -75.31, 17.39, 59.46, 51.67, tool_torque, -0.946, -0.063, 0.312, joint_torque, 0.46, -9.62, -0.51, 6.75, 0.87, -1.25, 0.32, robot_mode, normal, 
07/12/2022 15:06:08:878, robot_pos, 1670425333959, 620.13, 120.28, 310.5, 2.26, -0.02, 3.07, circuit_pos, 619.88, 109.67, 310.15, 2.26, -0.02, 3.08, tool_force, -0.19, 4.75, -13.66, actual_rep, 1, curr_step, 24, track_size, 72, robot_vel, 39.19, joints_pos, 20.9, 44.6, -17.14, -75.53, 17.43, 59.39, 50.87, tool_torque, -0.873, -0.108, 0.344, joint_torque, 0.61, -9.48, -0.46, 6.71, 0.88, -1.22, 0.35, robot_mode, normal, 
07/12/2022 15:06:09:022, robot_pos, 1670425334109, 620.17, 114.51, 309.69, 2.26, -0.02, 3.07, circuit_pos, 619.96, 103.53, 309.26, 2.26, -0.02, 3.08, tool_force, -0.47, 4.77, -13.42, actual_rep, 1, curr_step, 23, track_size, 72, robot_vel, 38.8, joints_pos, 20.43, 44.59, -17.17, -75.69, 17.4, 59.45, 50.27, tool_torque, -1.088, -0.137, 0.343, joint_torque, 0.45, -9.26, -0.47, 6.71, 0.95, -1.43, 0.35, robot_mode, normal, 
07/12/2022 15:06:09:180, robot_pos, 1670425334258, 620.37, 108.82, 308.87, 2.26, -0.02, 3.08, circuit_pos, 619.96, 103.53, 309.26, 2.26, -0.02, 3.08, tool_force, 0.37, 4.48, -13.12, actual_rep, 1, curr_step, 23, track_size, 72, robot_vel, 39.14, joints_pos, 19.97, 44.6, -17.21, -75.81, 17.29, 59.5, 49.79, tool_torque, -1.139, -0.202, 0.326, joint_torque, 0.73, -9.53, -0.32, 6.72, 0.98, -1.41, 0.34, robot_mode, normal, 
07/12/2022 15:06:09:341, robot_pos, 1670425334405, 620.63, 103.05, 308.13, 2.26, -0.02, 3.08, circuit_pos, 620.25, 96.98, 308.51, 2.27, -0.02, 3.08, tool_force, 0.02, 4.16, -13.28, actual_rep, 1, curr_step, 22, track_size, 72, robot_vel, 41.56, joints_pos, 19.47, 44.59, -17.21, -75.94, 17.27, 59.5, 49.01, tool_torque, -1.12, -0.216, 0.304, joint_torque, 0.83, -9.46, -0.28, 6.64, 1.0, -1.37, 0.3, robot_mode, normal, 
07/12/2022 15:06:09:482, robot_pos, 1670425334553, 620.9, 97.0, 307.42, 2.27, -0.02, 3.08, circuit_pos, 620.78, 89.35, 307.67, 2.27, -0.01, 3.09, tool_force, -0.58, 4.25, -13.32, actual_rep, 1, curr_step, 21, track_size, 72, robot_vel, 39.25, joints_pos, 19.0, 44.59, -17.25, -76.07, 17.06, 59.46, 48.37, tool_torque, -1.061, -0.016, 0.318, joint_torque, 0.54, -9.48, -0.39, 6.73, 1.03, -1.28, 0.32, robot_mode, normal, 
07/12/2022 15:06:09:638, robot_pos, 1670425334702, 621.12, 91.52, 306.9, 2.27, -0.01, 3.09, circuit_pos, 621.28, 81.29, 306.83, 2.28, -0.01, 3.09, tool_force, -0.78, 4.03, -13.69, actual_rep, 1, curr_step, 20, track_size, 72, robot_vel, 36.08, joints_pos, 18.62, 44.6, -17.3, -76.15, 16.69, 59.45, 47.91, tool_torque, -1.045, -0.018, 0.329, joint_torque, 0.29, -9.46, -0.56, 6.62, 0.99, -1.23, 0.32, robot_mode, normal, 
07/12/2022 15:06:09:782, robot_pos, 1670425334850, 621.55, 85.61, 306.22, 2.27, -0.01, 3.09, circuit_pos, 621.58, 73.04, 305.87, 2.28, -0.01, 3.09, tool_force, -0.47, 4.22, -13.53, actual_rep, 1, curr_step, 19, track_size, 72, robot_vel, 41.32, joints_pos, 18.09, 44.62, -17.31, -76.23, 16.66, 59.43, 47.09, tool_torque, -1.013, 0.0010, 0.32, joint_torque, 0.35, -9.65, -0.59, 6.66, 1.01, -1.19, 0.33, robot_mode, normal, 
07/12/2022 15:06:09:941, robot_pos, 1670425334999, 621.86, 79.87, 305.56, 2.28, -0.01, 3.09, circuit_pos, 621.58, 73.04, 305.87, 2.28, -0.01, 3.09, tool_force, -0.36, 4.49, -13.67, actual_rep, 1, curr_step, 19, track_size, 72, robot_vel, 41.42, joints_pos, 17.58, 44.62, -17.3, -76.33, 16.62, 59.36, 46.47, tool_torque, -0.956, 0.0040, 0.306, joint_torque, 0.63, -9.54, -0.34, 6.61, 1.03, -1.12, 0.31, robot_mode, normal, 
07/12/2022 15:06:10:082, robot_pos, 1670425335147, 622.06, 74.04, 304.86, 2.28, -0.01, 3.09, circuit_pos, 621.7, 64.77, 304.79, 2.29, -0.01, 3.09, tool_force, -0.49, 4.37, -13.75, actual_rep, 1, curr_step, 18, track_size, 72, robot_vel, 39.69, joints_pos, 17.06, 44.62, -17.3, -76.44, 16.61, 59.3, 45.72, tool_torque, -0.95, -0.01, 0.327, joint_torque, 0.54, -9.55, -0.44, 6.66, 1.04, -1.13, 0.31, robot_mode, normal, 
07/12/2022 15:06:10:238, robot_pos, 1670425335297, 622.23, 68.28, 304.12, 2.29, -0.01, 3.09, circuit_pos, 621.78, 57.42, 303.83, 2.3, -0.01, 3.09, tool_force, -1.16, 3.98, -13.56, actual_rep, 1, curr_step, 17, track_size, 72, robot_vel, 35.48, joints_pos, 16.52, 44.62, -17.28, -76.57, 16.61, 59.21, 44.82, tool_torque, -0.95, 0.012, 0.347, joint_torque, 0.26, -9.37, -0.61, 6.47, 1.01, -1.1, 0.33, robot_mode, normal, 
07/12/2022 15:06:10:379, robot_pos, 1670425335445, 622.36, 62.43, 303.41, 2.29, -0.01, 3.09, circuit_pos, 621.68, 48.29, 302.56, 2.3, -0.02, 3.09, tool_force, -0.81, 3.95, -13.55, actual_rep, 1, curr_step, 16, track_size, 72, robot_vel, 40.92, joints_pos, 16.0, 44.62, -17.26, -76.69, 16.66, 59.12, 43.88, tool_torque, -0.87, -0.069, 0.332, joint_torque, 0.58, -9.32, -0.47, 6.43, 1.0, -1.05, 0.3, robot_mode, normal, 
07/12/2022 15:06:10:541, robot_pos, 1670425335594, 622.22, 56.61, 302.62, 2.3, -0.01, 3.09, circuit_pos, 621.68, 48.29, 302.56, 2.3, -0.02, 3.09, tool_force, -0.17, 4.12, -13.57, actual_rep, 1, curr_step, 16, track_size, 72, robot_vel, 38.63, joints_pos, 15.44, 44.62, -17.24, -76.81, 16.86, 59.15, 43.04, tool_torque, -0.94, -0.168, 0.341, joint_torque, 0.48, -9.57, -0.63, 6.56, 0.99, -1.18, 0.32, robot_mode, normal, 
07/12/2022 15:06:10:698, robot_pos, 1670425335745, 622.25, 50.66, 301.77, 2.3, -0.02, 3.09, circuit_pos, 621.5, 39.55, 301.39, 2.31, -0.02, 3.09, tool_force, -1.0, 3.9, -13.22, actual_rep, 1, curr_step, 15, track_size, 72, robot_vel, 39.75, joints_pos, 14.85, 44.67, -17.24, -76.87, 17.05, 59.24, 42.14, tool_torque, -1.037, -0.22, 0.306, joint_torque, 0.66, -9.32, -0.43, 6.53, 1.02, -1.25, 0.28, robot_mode, normal, 
07/12/2022 15:06:10:838, robot_pos, 1670425335892, 622.18, 45.06, 301.06, 2.3, -0.02, 3.09, circuit_pos, 621.5, 39.55, 301.39, 2.31, -0.02, 3.09, tool_force, -0.12, 4.15, -13.3, actual_rep, 1, curr_step, 15, track_size, 72, robot_vel, 39.88, joints_pos, 14.34, 44.68, -17.24, -76.96, 17.15, 59.24, 41.29, tool_torque, -0.989, -0.218, 0.29, joint_torque, 0.77, -9.38, -0.57, 6.46, 1.0, -1.2, 0.29, robot_mode, normal, 
07/12/2022 15:06:10:998, robot_pos, 1670425336037, 622.1, 39.26, 300.33, 2.31, -0.02, 3.09, circuit_pos, 621.3, 29.46, 300.25, 2.32, -0.02, 3.09, tool_force, -0.44, 4.01, -13.53, actual_rep, 1, curr_step, 14, track_size, 72, robot_vel, 40.16, joints_pos, 13.82, 44.7, -17.26, -77.06, 17.23, 59.21, 40.38, tool_torque, -0.995, -0.102, 0.274, joint_torque, 0.5, -9.46, -0.45, 6.46, 1.03, -1.1, 0.27, robot_mode, normal, 
07/12/2022 15:06:11:138, robot_pos, 1670425336187, 622.01, 33.46, 299.7, 2.31, -0.02, 3.09, circuit_pos, 621.22, 18.66, 299.53, 2.33, -0.02, 3.09, tool_force, -0.81, 3.82, -13.69, actual_rep, 1, curr_step, 13, track_size, 72, robot_vel, 39.45, joints_pos, 13.29, 44.71, -17.27, -77.14, 17.3, 59.19, 39.48, tool_torque, -0.966, -0.045, 0.277, joint_torque, 0.71, -9.32, -0.25, 6.41, 1.05, -1.01, 0.26, robot_mode, normal, 
07/12/2022 15:06:11:442, robot_pos, 1670425336483, 621.93, 21.85, 298.8, 2.32, -0.02, 3.09, circuit_pos, 621.31, 7.17, 299.27, 2.33, -0.02, 3.09, tool_force, -0.87, 4.0, -13.5, actual_rep, 1, curr_step, 12, track_size, 72, robot_vel, 39.63, joints_pos, 12.22, 44.74, -17.27, -77.26, 17.38, 59.17, 37.79, tool_torque, -0.947, -0.026, 0.243, joint_torque, 0.62, -9.44, -0.3, 6.41, 1.07, -0.97, 0.22, robot_mode, normal, 
07/12/2022 15:06:11:599, robot_pos, 1670425336629, 621.92, 16.1, 298.55, 2.33, -0.02, 3.09, circuit_pos, 621.31, 7.17, 299.27, 2.33, -0.02, 3.09, tool_force, -0.53, 4.26, -13.73, actual_rep, 1, curr_step, 12, track_size, 72, robot_vel, 38.93, joints_pos, 11.69, 44.74, -17.27, -77.29, 17.39, 59.17, 37.13, tool_torque, -0.931, -0.019, 0.243, joint_torque, 0.68, -9.42, -0.28, 6.42, 1.07, -0.96, 0.24, robot_mode, normal, 
07/12/2022 15:06:11:738, robot_pos, 1670425336779, 621.94, 10.29, 298.35, 2.33, -0.02, 3.09, circuit_pos, 621.4, -3.17, 299.31, 2.33, -0.02, 3.09, tool_force, -1.06, 3.63, -13.53, actual_rep, 1, curr_step, 11, track_size, 72, robot_vel, 39.13, joints_pos, 11.16, 44.75, -17.28, -77.31, 17.43, 59.17, 36.52, tool_torque, -0.995, 0.0060, 0.235, joint_torque, 0.34, -9.29, -0.4, 6.3, 1.06, -0.97, 0.25, robot_mode, normal, 
07/12/2022 15:06:11:902, robot_pos, 1670425336926, 621.94, 4.4, 298.25, 2.33, -0.02, 3.09, circuit_pos, 621.4, -3.17, 299.31, 2.33, -0.02, 3.09, tool_force, -0.99, 3.67, -13.46, actual_rep, 1, curr_step, 11, track_size, 72, robot_vel, 39.21, joints_pos, 10.62, 44.76, -17.28, -77.31, 17.43, 59.18, 35.93, tool_torque, -1.017, -0.063, 0.241, joint_torque, 0.87, -9.35, -0.1, 6.4, 1.11, -0.99, 0.23, robot_mode, normal, 
07/12/2022 15:06:12:058, robot_pos, 1670425337078, 621.94, -1.32, 298.2, 2.33, -0.02, 3.09, circuit_pos, 621.41, -16.2, 299.67, 2.34, -0.02, 3.09, tool_force, -0.42, 3.92, -13.49, actual_rep, 1, curr_step, 10, track_size, 72, robot_vel, 39.38, joints_pos, 10.09, 44.76, -17.28, -77.31, 17.45, 59.19, 35.26, tool_torque, -1.006, -0.104, 0.251, joint_torque, 0.6, -9.38, -0.31, 6.29, 1.08, -1.01, 0.26, robot_mode, normal, 
07/12/2022 15:06:12:201, robot_pos, 1670425337226, 621.88, -7.09, 298.28, 2.33, -0.02, 3.09, circuit_pos, 621.41, -16.2, 299.67, 2.34, -0.02, 3.09, tool_force, -0.76, 3.23, -13.18, actual_rep, 1, curr_step, 10, track_size, 72, robot_vel, 48.16, joints_pos, 9.55, 44.76, -17.28, -77.3, 17.46, 59.23, 34.55, tool_torque, -1.134, -0.175, 0.24, joint_torque, 0.45, -9.24, -0.32, 6.21, 1.1, -1.09, 0.23, robot_mode, normal, 
07/12/2022 15:06:12:359, robot_pos, 1670425337374, 621.82, -12.91, 298.42, 2.34, -0.02, 3.09, circuit_pos, 621.3, -26.89, 300.2, 2.34, -0.02, 3.09, tool_force, -0.22, 3.4, -13.2, actual_rep, 1, curr_step, 9, track_size, 72, robot_vel, 40.29, joints_pos, 9.01, 44.76, -17.27, -77.27, 17.47, 59.28, 33.86, tool_torque, -1.106, -0.267, 0.229, joint_torque, 0.94, -9.27, -0.03, 6.15, 1.12, -1.07, 0.22, robot_mode, normal, 
07/12/2022 15:06:12:503, robot_pos, 1670425337521, 621.75, -18.65, 298.59, 2.34, -0.02, 3.09, circuit_pos, 621.3, -26.89, 300.2, 2.34, -0.02, 3.09, tool_force, -0.6, 2.99, -13.09, actual_rep, 1, curr_step, 9, track_size, 72, robot_vel, 36.84, joints_pos, 8.47, 44.76, -17.28, -77.24, 17.47, 59.34, 33.27, tool_torque, -1.184, -0.238, 0.244, joint_torque, 0.62, -9.33, -0.21, 6.19, 1.14, -1.1, 0.23, robot_mode, normal, 
07/12/2022 15:06:12:803, robot_pos, 1670425337818, 621.57, -30.25, 299.04, 2.34, -0.02, 3.09, circuit_pos, 621.1, -36.42, 300.61, 2.35, -0.02, 3.09, tool_force, -0.03, 2.89, -13.17, actual_rep, 1, curr_step, 8, track_size, 72, robot_vel, 38.1, joints_pos, 7.39, 44.78, -17.28, -77.13, 17.49, 59.5, 31.82, tool_torque, -1.203, -0.275, 0.245, joint_torque, 0.66, -9.28, -0.18, 6.07, 1.15, -1.08, 0.25, robot_mode, normal, 
07/12/2022 15:06:12:958, robot_pos, 1670425337968, 621.5, -36.07, 299.18, 2.35, -0.02, 3.09, circuit_pos, 620.58, -46.71, 300.66, 2.36, -0.01, 3.09, tool_force, -0.19, 3.04, -13.09, actual_rep, 1, curr_step, 7, track_size, 72, robot_vel, 39.8, joints_pos, 6.85, 44.79, -17.3, -77.1, 17.47, 59.46, 30.98, tool_torque, -1.081, -0.16, 0.233, joint_torque, 0.86, -9.2, -0.1, 5.91, 1.17, -0.85, 0.21, robot_mode, normal, 
07/12/2022 15:06:13:101, robot_pos, 1670425338114, 621.37, -41.76, 299.34, 2.35, -0.01, 3.09, circuit_pos, 620.04, -56.04, 300.07, 2.37, -0.01, 3.09, tool_force, -0.46, 3.26, -13.35, actual_rep, 1, curr_step, 6, track_size, 72, robot_vel, 36.72, joints_pos, 6.41, 44.79, -17.35, -77.09, 17.35, 59.37, 30.27, tool_torque, -1.036, 0.0020, 0.249, joint_torque, 0.72, -9.12, -0.09, 5.99, 1.22, -0.79, 0.24, robot_mode, normal, 
07/12/2022 15:06:13:258, robot_pos, 1670425338264, 620.93, -47.68, 299.24, 2.36, -0.01, 3.09, circuit_pos, 620.04, -56.04, 300.07, 2.37, -0.01, 3.09, tool_force, -1.09, 3.05, -13.36, actual_rep, 1, curr_step, 6, track_size, 72, robot_vel, 40.58, joints_pos, 5.87, 44.79, -17.36, -77.1, 17.32, 59.34, 29.39, tool_torque, -1.029, -0.0050, 0.248, joint_torque, 0.67, -9.12, -0.09, 6.03, 1.23, -0.8, 0.21, robot_mode, normal, 
07/12/2022 15:06:13:397, robot_pos, 1670425338412, 620.57, -53.4, 298.86, 2.36, -0.01, 3.09, circuit_pos, 619.15, -64.3, 298.91, 2.37, -0.01, 3.09, tool_force, -0.35, 3.59, -13.58, actual_rep, 1, curr_step, 5, track_size, 72, robot_vel, 39.74, joints_pos, 5.35, 44.83, -17.35, -77.09, 17.31, 59.3, 28.61, tool_torque, -1.021, -0.039, 0.243, joint_torque, 0.98, -9.32, -0.02, 6.07, 1.25, -0.77, 0.21, robot_mode, normal, 
07/12/2022 15:06:13:560, robot_pos, 1670425338563, 620.16, -59.4, 298.28, 2.37, -0.01, 3.09, circuit_pos, 617.78, -71.85, 297.69, 2.37, -0.01, 3.09, tool_force, -0.64, 2.96, -13.75, actual_rep, 1, curr_step, 4, track_size, 72, robot_vel, 38.66, joints_pos, 4.79, 44.89, -17.35, -77.09, 17.32, 59.24, 27.92, tool_torque, -1.072, -0.0040, 0.245, joint_torque, 0.5, -9.2, -0.28, 5.93, 1.23, -0.75, 0.21, robot_mode, normal, 
07/12/2022 15:06:13:698, robot_pos, 1670425338707, 619.41, -64.98, 297.58, 2.37, -0.01, 3.09, circuit_pos, 617.78, -71.85, 297.69, 2.37, -0.01, 3.09, tool_force, -0.85, 3.1, -13.78, actual_rep, 1, curr_step, 4, track_size, 72, robot_vel, 39.89, joints_pos, 4.28, 44.93, -17.35, -77.13, 17.35, 59.2, 27.32, tool_torque, -0.984, -0.013, 0.235, joint_torque, 0.85, -9.3, -0.05, 6.08, 1.23, -0.73, 0.21, robot_mode, normal, 
07/12/2022 15:06:13:861, robot_pos, 1670425338857, 618.57, -70.94, 296.73, 2.37, -0.01, 3.09, circuit_pos, 616.23, -78.75, 296.86, 2.37, 0.0, 3.09, tool_force, -1.23, 3.58, -13.73, actual_rep, 1, curr_step, 3, track_size, 72, robot_vel, 46.27, joints_pos, 3.76, 44.95, -17.38, -77.24, 17.36, 58.98, 26.72, tool_torque, -1.045, 0.087, 0.206, joint_torque, 0.51, -9.41, -0.19, 6.18, 1.22, -0.72, 0.19, robot_mode, normal, 
07/12/2022 15:06:14:002, robot_pos, 1670425339003, 617.44, -76.5, 296.19, 2.37, 0.0, 3.09, circuit_pos, 615.03, -85.14, 296.67, 2.36, 0.0, 3.09, tool_force, -1.58, 3.83, -13.73, actual_rep, 1, curr_step, 2, track_size, 72, robot_vel, 40.05, joints_pos, 3.34, 44.9, -17.45, -77.45, 17.28, 58.66, 26.32, tool_torque, -0.964, 0.09, 0.237, joint_torque, 0.87, -9.39, -0.03, 6.24, 1.27, -0.7, 0.2, robot_mode, normal, 
07/12/2022 15:06:14:158, robot_pos, 1670425339153, 616.31, -82.48, 295.87, 2.36, 0.0, 3.09, circuit_pos, 614.3, -90.51, 297.41, 2.34, 0.0, 3.1, tool_force, -2.23, 3.54, -13.32, actual_rep, 1, curr_step, 1, track_size, 72, robot_vel, 39.21, joints_pos, 2.83, 44.86, -17.49, -77.57, 17.24, 58.5, 26.11, tool_torque, -1.025, 0.162, 0.183, joint_torque, 0.63, -8.95, -0.13, 6.1, 1.26, -0.72, 0.13, robot_mode, normal, 
07/12/2022 15:06:14:298, robot_pos, 1670425339301, 615.25, -88.25, 296.04, 2.34, 0.0, 3.1, circuit_pos, 613.86, -94.17, 298.82, 2.34, 0.01, 3.1, tool_force, -0.53, 3.04, -13.23, actual_rep, 1, curr_step, 0, track_size, 72, robot_vel, 40.78, joints_pos, 2.43, 44.86, -17.62, -77.57, 16.93, 58.6, 26.78, tool_torque, -1.319, -0.094, -0.125, joint_torque, 1.11, -9.2, 0.13, 5.97, 1.26, -0.88, -0.2, robot_mode, normal, 
07/12/2022 15:06:14:459, robot_pos, 1670425339448, 614.81, -90.34, 296.09, 2.34, 0.0, 3.1, circuit_pos, 613.86, -94.17, 298.82, 2.34, 0.01, 3.1, tool_force, -1.05, 1.87, -13.18, actual_rep, 1, curr_step, 0, track_size, 72, robot_vel, 1.7, joints_pos, 2.21, 44.85, -17.52, -77.55, 16.74, 58.65, 26.91, tool_torque, -1.331, -0.229, -0.038, joint_torque, 0.91, -9.38, -0.27, 6.06, 1.26, -0.97, -0.16, robot_mode, normal, 
07/12/2022 15:06:14:601, robot_pos, 1670425339598, 614.77, -90.47, 296.23, 2.34, 0.0, 3.1, circuit_pos, 613.86, -94.17, 298.82, 2.34, 0.01, 3.1, tool_force, -0.45, 1.83, -13.73, actual_rep, 1, curr_step, 0, track_size, 72, robot_vel, 3.15, joints_pos, 2.2, 44.84, -17.49, -77.55, 16.62, 58.65, 27.01, tool_torque, -1.336, -0.212, -0.036, joint_torque, 0.56, -9.31, -0.43, 5.93, 1.22, -0.95, -0.13, robot_mode, normal, 
07/12/2022 15:06:14:762, robot_pos, 1670425339746, 614.77, -90.44, 296.19, 2.34, 0.0, 3.1, circuit_pos, 614.3, -90.51, 297.41, 2.34, 0.0, 3.1, tool_force, -1.02, 1.96, -13.48, actual_rep, 2, curr_step, 1, track_size, 72, robot_vel, 0.65, joints_pos, 2.2, 44.84, -17.49, -77.55, 16.62, 58.65, 27.03, tool_torque, -1.316, -0.181, -0.022, joint_torque, 0.58, -9.46, -0.4, 6.08, 1.24, -0.95, -0.12, robot_mode, normal, 
07/12/2022 15:06:14:922, robot_pos, 1670425339898, 615.06, -89.24, 296.06, 2.34, 0.0, 3.1, circuit_pos, 616.23, -78.75, 296.86, 2.37, 0.0, 3.09, tool_force, -1.19, 2.61, -13.41, actual_rep, 2, curr_step, 3, track_size, 72, robot_vel, 0.48, joints_pos, 2.22, 44.84, -17.36, -77.55, 16.69, 58.6, 26.91, tool_torque, -1.34, 0.021, -0.0090, joint_torque, 0.31, -9.44, -0.43, 6.05, 1.24, -0.82, -0.03, robot_mode, normal, 
07/12/2022 15:06:15:221, robot_pos, 1670425340193, 616.8, -77.71, 296.03, 2.37, 0.0, 3.09, circuit_pos, 617.78, -71.85, 297.69, 2.37, -0.01, 3.09, tool_force, -1.68, 2.36, -13.38, actual_rep, 2, curr_step, 4, track_size, 72, robot_vel, 40.86, joints_pos, 2.79, 44.75, -16.69, -77.56, 16.69, 58.51, 26.61, tool_torque, -1.397, 0.029, -0.019, joint_torque, -0.18, -9.34, -0.6, 6.1, 1.2, -0.95, -0.03, robot_mode, normal, 
07/12/2022 15:06:15:381, robot_pos, 1670425340340, 617.9, -72.09, 296.54, 2.37, -0.01, 3.09, circuit_pos, 619.15, -64.3, 298.91, 2.37, -0.01, 3.09, tool_force, -1.61, 1.93, -12.74, actual_rep, 2, curr_step, 5, track_size, 72, robot_vel, 37.91, joints_pos, 3.23, 44.78, -16.62, -77.4, 16.77, 58.74, 26.97, tool_torque, -1.557, -0.03, -0.145, joint_torque, 0.08, -9.2, -0.27, 6.08, 1.24, -1.05, -0.16, robot_mode, normal, 
07/12/2022 15:06:15:518, robot_pos, 1670425340489, 618.95, -66.29, 297.23, 2.37, -0.01, 3.09, circuit_pos, 620.04, -56.04, 300.07, 2.37, -0.01, 3.09, tool_force, -1.88, 0.84, -12.99, actual_rep, 2, curr_step, 6, track_size, 72, robot_vel, 42.93, joints_pos, 3.75, 44.78, -16.64, -77.28, 16.81, 58.88, 27.44, tool_torque, -1.65, 0.06, -0.216, joint_torque, -0.2, -9.24, -0.35, 5.9, 1.18, -0.97, -0.22, robot_mode, normal, 
07/12/2022 15:06:15:820, robot_pos, 1670425340787, 620.24, -54.65, 298.52, 2.37, -0.01, 3.09, circuit_pos, 620.58, -46.71, 300.66, 2.36, -0.01, 3.09, tool_force, -1.83, 1.48, -13.13, actual_rep, 2, curr_step, 7, track_size, 72, robot_vel, 38.95, joints_pos, 4.84, 44.71, -16.68, -77.21, 16.83, 59.02, 28.73, tool_torque, -1.67, 0.13, -0.224, joint_torque, -0.46, -9.31, -0.46, 6.0, 1.17, -1.01, -0.21, robot_mode, normal, 
07/12/2022 15:06:15:962, robot_pos, 1670425340932, 620.6, -48.88, 298.91, 2.36, -0.01, 3.09, circuit_pos, 621.1, -36.42, 300.61, 2.35, -0.02, 3.09, tool_force, -1.88, 1.8, -12.84, actual_rep, 2, curr_step, 8, track_size, 72, robot_vel, 39.89, joints_pos, 5.39, 44.67, -16.68, -77.21, 16.83, 59.09, 29.52, tool_torque, -1.643, 0.083, -0.221, joint_torque, -0.06, -9.22, -0.22, 6.06, 1.18, -1.04, -0.21, robot_mode, normal, 
07/12/2022 15:06:16:118, robot_pos, 1670425341083, 620.92, -43.08, 299.11, 2.36, -0.01, 3.09, circuit_pos, 621.1, -36.42, 300.61, 2.35, -0.02, 3.09, tool_force, -1.35, 1.47, -13.03, actual_rep, 2, curr_step, 8, track_size, 72, robot_vel, 38.35, joints_pos, 5.87, 44.67, -16.67, -77.18, 16.95, 59.25, 30.27, tool_torque, -1.627, 0.03, -0.219, joint_torque, -0.1, -9.37, -0.32, 6.02, 1.16, -1.04, -0.21, robot_mode, normal, 
07/12/2022 15:06:16:259, robot_pos, 1670425341232, 621.24, -37.26, 299.01, 2.35, -0.02, 3.09, circuit_pos, 621.3, -26.89, 300.2, 2.34, -0.02, 3.09, tool_force, -1.48, 1.86, -13.0, actual_rep, 2, curr_step, 9, track_size, 72, robot_vel, 39.87, joints_pos, 6.39, 44.69, -16.66, -77.15, 17.02, 59.34, 31.11, tool_torque, -1.557, 0.048, -0.195, joint_torque, 0.03, -9.29, -0.28, 6.07, 1.17, -1.04, -0.2, robot_mode, normal, 
07/12/2022 15:06:16:419, robot_pos, 1670425341379, 621.51, -31.52, 298.99, 2.35, -0.02, 3.09, circuit_pos, 621.41, -16.2, 299.67, 2.34, -0.02, 3.09, tool_force, -1.61, 1.74, -13.07, actual_rep, 2, curr_step, 10, track_size, 72, robot_vel, 39.89, joints_pos, 6.91, 44.69, -16.67, -77.16, 17.04, 59.36, 31.95, tool_torque, -1.553, 0.056, -0.188, joint_torque, -0.09, -9.35, -0.36, 6.1, 1.14, -1.05, -0.19, robot_mode, normal, 
07/12/2022 15:06:16:561, robot_pos, 1670425341526, 621.66, -25.65, 298.81, 2.34, -0.02, 3.09, circuit_pos, 621.41, -16.2, 299.67, 2.34, -0.02, 3.09, tool_force, -1.81, 2.22, -13.22, actual_rep, 2, curr_step, 10, track_size, 72, robot_vel, 38.51, joints_pos, 7.45, 44.7, -16.67, -77.18, 17.06, 59.35, 32.56, tool_torque, -1.486, 0.171, -0.179, joint_torque, -0.1, -9.28, -0.39, 6.18, 1.13, -1.01, -0.17, robot_mode, normal, 
07/12/2022 15:06:16:898, robot_pos, 1670425341825, 621.9, -14.14, 298.46, 2.34, -0.02, 3.09, circuit_pos, 621.4, -3.17, 299.31, 2.33, -0.02, 3.09, tool_force, -1.9, 2.72, -13.37, actual_rep, 2, curr_step, 11, track_size, 72, robot_vel, 38.86, joints_pos, 8.53, 44.7, -16.68, -77.23, 17.08, 59.28, 33.94, tool_torque, -1.347, 0.321, -0.203, joint_torque, 0.23, -9.3, -0.12, 6.26, 1.15, -0.87, -0.19, robot_mode, normal, 
07/12/2022 15:06:17:021, robot_pos, 1670425341972, 621.95, -8.42, 298.29, 2.33, -0.02, 3.09, circuit_pos, 621.31, 7.17, 299.27, 2.33, -0.02, 3.09, tool_force, -1.86, 2.86, -13.57, actual_rep, 2, curr_step, 12, track_size, 72, robot_vel, 39.07, joints_pos, 9.06, 44.7, -16.68, -77.26, 17.08, 59.23, 34.68, tool_torque, -1.353, 0.345, -0.198, joint_torque, 0.06, -9.37, -0.23, 6.3, 1.13, -0.89, -0.19, robot_mode, normal, 
07/12/2022 15:06:17:199, robot_pos, 1670425342125, 621.99, -2.51, 298.2, 2.33, -0.02, 3.09, circuit_pos, 621.31, 7.17, 299.27, 2.33, -0.02, 3.09, tool_force, -2.89, 2.12, -13.41, actual_rep, 2, curr_step, 12, track_size, 72, robot_vel, 38.29, joints_pos, 9.61, 44.7, -16.68, -77.28, 17.08, 59.19, 35.3, tool_torque, -1.349, 0.384, -0.169, joint_torque, -0.23, -9.25, -0.4, 6.26, 1.11, -0.9, -0.17, robot_mode, normal, 
07/12/2022 15:06:17:321, robot_pos, 1670425342271, 621.96, 3.2, 298.12, 2.33, -0.02, 3.09, circuit_pos, 621.22, 18.66, 299.53, 2.33, -0.02, 3.09, tool_force, -1.93, 3.04, -13.38, actual_rep, 2, curr_step, 13, track_size, 72, robot_vel, 39.62, joints_pos, 10.15, 44.7, -16.68, -77.3, 17.08, 59.13, 35.9, tool_torque, -1.301, 0.316, -0.157, joint_torque, 0.17, -9.35, -0.25, 6.38, 1.13, -0.94, -0.16, robot_mode, normal, 
07/12/2022 15:06:17:498, robot_pos, 1670425342423, 621.91, 9.16, 298.21, 2.33, -0.02, 3.09, circuit_pos, 621.22, 18.66, 299.53, 2.33, -0.02, 3.09, tool_force, -2.0, 2.73, -13.5, actual_rep, 2, curr_step, 13, track_size, 72, robot_vel, 43.99, joints_pos, 10.7, 44.68, -16.69, -77.31, 17.08, 59.1, 36.47, tool_torque, -1.37, 0.385, -0.153, joint_torque, -0.41, -9.34, -0.54, 6.28, 1.09, -0.95, -0.13, robot_mode, normal, 
07/12/2022 15:06:17:622, robot_pos, 1670425342567, 621.87, 14.73, 298.27, 2.33, -0.02, 3.09, circuit_pos, 621.3, 29.46, 300.25, 2.32, -0.02, 3.09, tool_force, -2.31, 2.63, -13.43, actual_rep, 2, curr_step, 14, track_size, 72, robot_vel, 37.73, joints_pos, 11.22, 44.68, -16.69, -77.31, 17.06, 59.08, 37.05, tool_torque, -1.364, 0.358, -0.143, joint_torque, -0.21, -9.29, -0.4, 6.3, 1.12, -0.97, -0.14, robot_mode, normal, 
07/12/2022 15:06:17:921, robot_pos, 1670425342863, 621.87, 26.34, 298.86, 2.32, -0.02, 3.09, circuit_pos, 621.5, 39.55, 301.39, 2.31, -0.02, 3.09, tool_force, -1.46, 2.65, -13.26, actual_rep, 2, curr_step, 15, track_size, 72, robot_vel, 40.14, joints_pos, 12.3, 44.66, -16.69, -77.25, 17.02, 59.06, 38.63, tool_torque, -1.406, 0.298, -0.146, joint_torque, -0.02, -9.37, -0.32, 6.23, 1.13, -1.0, -0.14, robot_mode, normal, 
07/12/2022 15:06:18:078, robot_pos, 1670425343014, 621.88, 32.18, 299.36, 2.32, -0.02, 3.09, circuit_pos, 621.5, 39.55, 301.39, 2.31, -0.02, 3.09, tool_force, -1.47, 2.38, -13.37, actual_rep, 2, curr_step, 15, track_size, 72, robot_vel, 39.45, joints_pos, 12.82, 44.64, -16.69, -77.2, 16.99, 59.07, 39.47, tool_torque, -1.46, 0.289, -0.144, joint_torque, -0.13, -9.39, -0.41, 6.2, 1.12, -1.05, -0.13, robot_mode, normal, 
07/12/2022 15:06:18:219, robot_pos, 1670425343160, 621.96, 37.97, 299.93, 2.31, -0.02, 3.09, circuit_pos, 621.68, 48.29, 302.56, 2.3, -0.02, 3.09, tool_force, -1.34, 2.32, -13.11, actual_rep, 2, curr_step, 16, track_size, 72, robot_vel, 40.16, joints_pos, 13.35, 44.63, -16.69, -77.11, 16.96, 59.1, 40.35, tool_torque, -1.539, 0.226, -0.151, joint_torque, -0.07, -9.35, -0.34, 6.22, 1.11, -1.15, -0.13, robot_mode, normal, 
07/12/2022 15:06:18:398, robot_pos, 1670425343312, 622.0, 43.76, 300.59, 2.31, -0.02, 3.09, circuit_pos, 621.78, 57.42, 303.83, 2.3, -0.01, 3.09, tool_force, -1.92, 1.72, -13.09, actual_rep, 2, curr_step, 17, track_size, 72, robot_vel, 38.4, joints_pos, 13.89, 44.62, -16.7, -77.02, 16.92, 59.14, 41.28, tool_torque, -1.586, 0.154, -0.131, joint_torque, -0.08, -9.45, -0.39, 6.28, 1.12, -1.23, -0.14, robot_mode, normal, 
07/12/2022 15:06:18:520, robot_pos, 1670425343460, 622.15, 49.49, 301.37, 2.3, -0.02, 3.09, circuit_pos, 621.78, 57.42, 303.83, 2.3, -0.01, 3.09, tool_force, -1.11, 2.43, -13.35, actual_rep, 2, curr_step, 17, track_size, 72, robot_vel, 44.56, joints_pos, 14.44, 44.6, -16.71, -76.93, 16.71, 59.09, 42.06, tool_torque, -1.498, 0.275, -0.154, joint_torque, 0.06, -9.65, -0.32, 6.39, 1.11, -1.13, -0.13, robot_mode, normal, 
07/12/2022 15:06:18:719, robot_pos, 1670425343611, 622.15, 55.49, 302.17, 2.3, -0.01, 3.09, circuit_pos, 621.7, 64.77, 304.79, 2.29, -0.01, 3.09, tool_force, -1.9, 2.29, -13.18, actual_rep, 2, curr_step, 18, track_size, 72, robot_vel, 38.84, joints_pos, 15.03, 44.56, -16.72, -76.86, 16.53, 59.02, 42.95, tool_torque, -1.447, 0.362, -0.155, joint_torque, -0.13, -9.34, -0.35, 6.24, 1.08, -1.09, -0.15, robot_mode, normal, 
07/12/2022 15:06:18:820, robot_pos, 1670425343757, 622.17, 61.05, 302.86, 2.29, -0.01, 3.09, circuit_pos, 621.58, 73.04, 305.87, 2.28, -0.01, 3.09, tool_force, -1.35, 2.64, -13.25, actual_rep, 2, curr_step, 19, track_size, 72, robot_vel, 38.52, joints_pos, 15.55, 44.55, -16.72, -76.76, 16.41, 59.02, 43.87, tool_torque, -1.447, 0.291, -0.159, joint_torque, 0.18, -9.64, -0.26, 6.41, 1.09, -1.14, -0.15, robot_mode, normal, 
07/12/2022 15:06:19:018, robot_pos, 1670425343911, 622.12, 67.13, 303.67, 2.29, -0.01, 3.09, circuit_pos, 621.58, 73.04, 305.87, 2.28, -0.01, 3.09, tool_force, -1.71, 2.0, -13.08, actual_rep, 2, curr_step, 19, track_size, 72, robot_vel, 41.32, joints_pos, 16.1, 44.54, -16.72, -76.65, 16.34, 59.06, 44.86, tool_torque, -1.593, 0.311, -0.142, joint_torque, -0.69, -9.46, -0.78, 6.22, 1.01, -1.26, -0.12, robot_mode, normal, 
07/12/2022 15:06:19:120, robot_pos, 1670425344055, 621.98, 72.71, 304.29, 2.28, -0.01, 3.09, circuit_pos, 621.28, 81.29, 306.83, 2.28, -0.01, 3.09, tool_force, -1.25, 2.09, -13.03, actual_rep, 2, curr_step, 20, track_size, 72, robot_vel, 40.07, joints_pos, 16.6, 44.54, -16.72, -76.54, 16.27, 59.09, 45.64, tool_torque, -1.584, 0.16, -0.133, joint_torque, 0.01, -9.46, -0.41, 6.27, 1.03, -1.31, -0.13, robot_mode, normal, 
07/12/2022 15:06:19:281, robot_pos, 1670425344205, 621.74, 78.55, 305.02, 2.28, -0.01, 3.09, circuit_pos, 620.78, 89.35, 307.67, 2.27, -0.01, 3.09, tool_force, -1.65, 2.21, -12.98, actual_rep, 2, curr_step, 21, track_size, 72, robot_vel, 39.58, joints_pos, 17.13, 44.54, -16.71, -76.42, 16.21, 59.18, 46.4, tool_torque, -1.586, 0.111, -0.104, joint_torque, -0.01, -9.58, -0.39, 6.44, 1.05, -1.38, -0.12, robot_mode, normal, 
07/12/2022 15:06:19:421, robot_pos, 1670425344352, 621.48, 84.28, 305.64, 2.28, -0.01, 3.09, circuit_pos, 620.78, 89.35, 307.67, 2.27, -0.01, 3.09, tool_force, -1.46, 2.12, -12.87, actual_rep, 2, curr_step, 21, track_size, 72, robot_vel, 36.92, joints_pos, 17.64, 44.54, -16.71, -76.32, 16.16, 59.22, 47.27, tool_torque, -1.594, 0.18, -0.11, joint_torque, -0.44, -9.47, -0.7, 6.3, 0.98, -1.39, -0.09, robot_mode, normal, 
07/12/2022 15:06:19:579, robot_pos, 1670425344501, 621.19, 90.27, 306.31, 2.27, -0.01, 3.09, circuit_pos, 620.25, 96.98, 308.51, 2.27, -0.02, 3.08, tool_force, -0.93, 2.1, -12.99, actual_rep, 2, curr_step, 22, track_size, 72, robot_vel, 40.15, joints_pos, 18.1, 44.53, -16.63, -76.21, 16.32, 59.28, 47.9, tool_torque, -1.533, 0.075, -0.123, joint_torque, -0.3, -9.49, -0.87, 6.24, 0.89, -1.37, -0.11, robot_mode, normal, 
07/12/2022 15:06:19:722, robot_pos, 1670425344649, 620.86, 95.66, 306.93, 2.27, -0.02, 3.08, circuit_pos, 619.96, 103.53, 309.26, 2.26, -0.02, 3.08, tool_force, -0.82, 2.1, -13.14, actual_rep, 2, curr_step, 23, track_size, 72, robot_vel, 37.74, joints_pos, 18.5, 44.51, -16.61, -76.13, 16.71, 59.31, 48.37, tool_torque, -1.534, 0.038, -0.141, joint_torque, 0.12, -9.64, -0.56, 6.4, 0.95, -1.4, -0.15, robot_mode, normal, 
07/12/2022 15:06:19:880, robot_pos, 1670425344797, 620.51, 101.65, 307.67, 2.26, -0.02, 3.08, circuit_pos, 619.88, 109.67, 310.15, 2.26, -0.02, 3.08, tool_force, -1.23, 2.09, -12.95, actual_rep, 2, curr_step, 24, track_size, 72, robot_vel, 41.04, joints_pos, 19.03, 44.51, -16.63, -76.01, 16.74, 59.36, 49.16, tool_torque, -1.565, 0.06, -0.134, joint_torque, -0.23, -9.66, -0.67, 6.42, 0.92, -1.44, -0.14, robot_mode, normal, 
07/12/2022 15:06:20:177, robot_pos, 1670425345094, 620.32, 113.17, 309.22, 2.26, -0.02, 3.07, circuit_pos, 619.61, 120.68, 311.81, 2.26, -0.02, 3.07, tool_force, -1.47, 2.73, -13.35, actual_rep, 2, curr_step, 26, track_size, 72, robot_vel, 51.03, joints_pos, 20.0, 44.54, -16.64, -75.71, 17.05, 59.35, 50.2, tool_torque, -1.376, 0.254, -0.123, joint_torque, -0.31, -9.78, -0.7, 6.59, 0.92, -1.3, -0.11, robot_mode, normal, 
07/12/2022 15:06:20:337, robot_pos, 1670425345244, 620.11, 118.97, 310.13, 2.26, -0.02, 3.07, circuit_pos, 619.45, 126.37, 312.42, 2.25, -0.02, 3.07, tool_force, -1.2, 2.76, -13.37, actual_rep, 2, curr_step, 27, track_size, 72, robot_vel, 41.55, joints_pos, 20.51, 44.54, -16.64, -75.56, 17.1, 59.34, 50.88, tool_torque, -1.353, 0.191, -0.123, joint_torque, 0.0, -9.65, -0.57, 6.5, 0.91, -1.29, -0.13, robot_mode, normal, 
07/12/2022 15:06:20:479, robot_pos, 1670425345392, 619.89, 124.85, 310.72, 2.25, -0.02, 3.07, circuit_pos, 619.15, 132.12, 312.83, 2.25, -0.02, 3.07, tool_force, -1.39, 2.94, -13.0, actual_rep, 2, curr_step, 28, track_size, 72, robot_vel, 41.02, joints_pos, 21.01, 44.59, -16.65, -75.38, 17.1, 59.37, 51.67, tool_torque, -1.423, 0.199, -0.086, joint_torque, -0.37, -9.61, -0.79, 6.54, 0.89, -1.42, -0.07, robot_mode, normal, 
07/12/2022 15:06:20:641, robot_pos, 1670425345541, 619.67, 130.57, 311.19, 2.25, -0.02, 3.07, circuit_pos, 618.9, 137.78, 313.01, 2.25, -0.02, 3.07, tool_force, -1.04, 2.46, -13.0, actual_rep, 2, curr_step, 29, track_size, 72, robot_vel, 40.31, joints_pos, 21.53, 44.67, -16.66, -75.18, 17.09, 59.43, 52.36, tool_torque, -1.558, 0.128, -0.111, joint_torque, -0.27, -9.69, -0.73, 6.57, 0.89, -1.52, -0.08, robot_mode, normal, 
07/12/2022 15:06:20:939, robot_pos, 1670425345842, 619.26, 142.24, 311.76, 2.25, -0.02, 3.07, circuit_pos, 618.69, 148.48, 313.26, 2.24, -0.02, 3.06, tool_force, -1.11, 3.0, -12.92, actual_rep, 2, curr_step, 31, track_size, 72, robot_vel, 45.27, joints_pos, 22.52, 44.85, -16.65, -74.75, 17.07, 59.49, 53.71, tool_torque, -1.514, 0.156, -0.092, joint_torque, -0.05, -9.94, -0.6, 6.72, 0.93, -1.48, -0.09, robot_mode, normal, 
07/12/2022 15:06:21:080, robot_pos, 1670425345987, 619.13, 147.81, 311.82, 2.24, -0.02, 3.06, circuit_pos, 618.26, 162.37, 312.13, 2.22, -0.01, 3.06, tool_force, -0.99, 3.08, -13.68, actual_rep, 2, curr_step, 34, track_size, 72, robot_vel, 41.29, joints_pos, 22.96, 44.92, -16.63, -74.63, 17.23, 59.29, 54.39, tool_torque, -1.345, 0.211, -0.079, joint_torque, -0.18, -10.0, -0.79, 6.71, 0.87, -1.37, -0.07, robot_mode, normal, 
07/12/2022 15:06:21:242, robot_pos, 1670425346139, 618.99, 153.84, 311.46, 2.24, -0.02, 3.06, circuit_pos, 617.91, 169.87, 311.16, 2.22, -0.01, 3.06, tool_force, -1.49, 2.47, -13.3, actual_rep, 2, curr_step, 36, track_size, 72, robot_vel, 40.57, joints_pos, 23.56, 45.06, -16.7, -74.45, 17.06, 59.09, 55.45, tool_torque, -1.417, 0.391, -0.096, joint_torque, -0.7, -9.74, -0.95, 6.46, 0.85, -1.37, -0.05, robot_mode, normal, 
