09/12/2022 13:34:49:343, robot_pos, 1670592652988, 613.85, -94.19, 298.81, 2.34, 0.01, 3.1, circuit_pos, 614.3, -90.51, 297.41, 2.34, 0.0, 3.1, tool_force, -1.81, 2.71, -13.47, actual_rep, 1, curr_step, 1, track_size, 72, robot_vel, 0.74, joints_pos, 1.27, 44.32, -16.41, -77.79, 15.34, 58.12, 27.45, tool_torque, -1.184, 0.119, 0.035, joint_torque, 0.5, -9.19, -0.22, 6.11, 1.23, -0.79, -0.03, robot_mode, normal, 
09/12/2022 13:34:49:743, robot_pos, 1670592653403, 615.95, -82.97, 299.8, 2.36, 0.0, 3.09, circuit_pos, 617.78, -71.85, 297.69, 2.37, -0.01, 3.09, tool_force, -1.85, 3.2, -13.1, actual_rep, 1, curr_step, 4, track_size, 72, robot_vel, 41.84, joints_pos, 1.83, 44.28, -15.92, -77.6, 15.96, 58.48, 26.8, tool_torque, -1.104, 0.138, 0.14, joint_torque, 0.25, -8.95, -0.21, 5.95, 1.19, -0.74, 0.13, robot_mode, normal, 
09/12/2022 13:34:49:902, robot_pos, 1670592653554, 616.85, -77.16, 300.02, 2.37, 0.0, 3.09, circuit_pos, 617.78, -71.85, 297.69, 2.37, -0.01, 3.09, tool_force, -0.87, 1.45, -13.63, actual_rep, 1, curr_step, 4, track_size, 72, robot_vel, 37.53, joints_pos, 2.32, 44.29, -15.93, -77.53, 16.2, 58.63, 26.89, tool_torque, -1.463, -0.15, -0.051, joint_torque, 0.25, -9.72, -0.16, 5.99, 1.18, -0.96, -0.06, robot_mode, normal, 
09/12/2022 13:34:50:044, robot_pos, 1670592653704, 618.02, -71.46, 300.5, 2.37, -0.01, 3.09, circuit_pos, 619.15, -64.3, 298.91, 2.37, -0.01, 3.09, tool_force, -1.75, 1.45, -12.82, actual_rep, 1, curr_step, 5, track_size, 72, robot_vel, 38.6, joints_pos, 2.82, 44.35, -15.95, -77.35, 16.35, 58.89, 27.28, tool_torque, -1.651, 0.015, -0.205, joint_torque, -0.28, -9.28, -0.33, 5.91, 1.16, -0.99, -0.2, robot_mode, normal, 
09/12/2022 13:34:50:203, robot_pos, 1670592653854, 618.96, -65.65, 301.2, 2.37, -0.01, 3.08, circuit_pos, 620.04, -56.04, 300.07, 2.37, -0.01, 3.09, tool_force, -1.28, 1.94, -12.67, actual_rep, 1, curr_step, 6, track_size, 72, robot_vel, 41.36, joints_pos, 3.36, 44.35, -15.97, -77.25, 16.39, 59.04, 27.76, tool_torque, -1.618, -0.0030, -0.223, joint_torque, 0.11, -9.17, -0.06, 5.92, 1.18, -1.01, -0.21, robot_mode, normal, 
09/12/2022 13:34:50:364, robot_pos, 1670592654003, 619.71, -59.86, 301.99, 2.37, -0.01, 3.08, circuit_pos, 620.58, -46.71, 300.66, 2.36, -0.01, 3.09, tool_force, -0.98, 1.55, -13.21, actual_rep, 1, curr_step, 7, track_size, 72, robot_vel, 45.31, joints_pos, 3.91, 44.31, -15.99, -77.19, 16.4, 59.13, 28.29, tool_torque, -1.639, -0.051, -0.237, joint_torque, 0.12, -9.53, -0.11, 6.03, 1.17, -1.02, -0.22, robot_mode, normal, 
09/12/2022 13:34:50:500, robot_pos, 1670592654152, 620.22, -54.0, 302.48, 2.37, -0.01, 3.08, circuit_pos, 620.58, -46.71, 300.66, 2.36, -0.01, 3.09, tool_force, -1.37, 1.72, -13.06, actual_rep, 1, curr_step, 7, track_size, 72, robot_vel, 38.11, joints_pos, 4.45, 44.26, -16.0, -77.19, 16.4, 59.16, 29.08, tool_torque, -1.628, 0.037, -0.231, joint_torque, 0.08, -9.31, -0.07, 6.03, 1.18, -1.02, -0.21, robot_mode, normal, 
09/12/2022 13:34:50:664, robot_pos, 1670592654303, 620.56, -48.19, 302.82, 2.36, -0.01, 3.08, circuit_pos, 621.1, -36.42, 300.61, 2.35, -0.02, 3.09, tool_force, -1.55, 1.47, -12.89, actual_rep, 1, curr_step, 8, track_size, 72, robot_vel, 39.69, joints_pos, 5.0, 44.23, -16.02, -77.19, 16.42, 59.24, 29.86, tool_torque, -1.683, 0.051, -0.245, joint_torque, -0.07, -9.3, -0.11, 6.06, 1.18, -1.06, -0.22, robot_mode, normal, 
09/12/2022 13:34:50:805, robot_pos, 1670592654452, 620.89, -42.46, 303.02, 2.36, -0.02, 3.08, circuit_pos, 621.1, -36.42, 300.61, 2.35, -0.02, 3.09, tool_force, -1.33, 1.51, -12.85, actual_rep, 1, curr_step, 8, track_size, 72, robot_vel, 38.97, joints_pos, 5.48, 44.24, -16.0, -77.14, 16.54, 59.43, 30.62, tool_torque, -1.677, 0.036, -0.235, joint_torque, -0.19, -9.31, -0.27, 6.02, 1.16, -1.08, -0.22, robot_mode, normal, 
09/12/2022 13:34:51:101, robot_pos, 1670592654754, 621.53, -30.68, 302.9, 2.34, -0.02, 3.08, circuit_pos, 621.41, -16.2, 299.67, 2.34, -0.02, 3.09, tool_force, -1.33, 2.02, -12.99, actual_rep, 1, curr_step, 10, track_size, 72, robot_vel, 39.0, joints_pos, 6.54, 44.26, -16.0, -77.13, 16.63, 59.5, 32.3, tool_torque, -1.596, 0.086, -0.239, joint_torque, -0.03, -9.35, -0.22, 6.14, 1.14, -1.06, -0.23, robot_mode, normal, 
09/12/2022 13:34:51:250, robot_pos, 1670592654900, 621.67, -25.05, 302.74, 2.34, -0.02, 3.09, circuit_pos, 621.41, -16.2, 299.67, 2.34, -0.02, 3.09, tool_force, -1.73, 2.04, -13.25, actual_rep, 1, curr_step, 10, track_size, 72, robot_vel, 44.99, joints_pos, 7.07, 44.27, -16.01, -77.15, 16.64, 59.49, 32.92, tool_torque, -1.524, 0.18, -0.233, joint_torque, -0.02, -9.38, -0.19, 6.19, 1.14, -1.0, -0.21, robot_mode, normal, 
09/12/2022 13:34:51:401, robot_pos, 1670592655050, 621.82, -19.27, 302.53, 2.34, -0.02, 3.09, circuit_pos, 621.4, -3.17, 299.31, 2.33, -0.02, 3.09, tool_force, -2.24, 2.16, -13.28, actual_rep, 1, curr_step, 11, track_size, 72, robot_vel, 39.21, joints_pos, 7.61, 44.27, -16.01, -77.17, 16.66, 59.46, 33.57, tool_torque, -1.448, 0.315, -0.209, joint_torque, -0.16, -9.25, -0.24, 6.19, 1.13, -0.91, -0.2, robot_mode, normal, 
09/12/2022 13:34:51:564, robot_pos, 1670592655199, 621.92, -13.48, 302.37, 2.34, -0.02, 3.09, circuit_pos, 621.4, -3.17, 299.31, 2.33, -0.02, 3.09, tool_force, -2.11, 2.5, -13.38, actual_rep, 1, curr_step, 11, track_size, 72, robot_vel, 46.59, joints_pos, 8.15, 44.27, -16.02, -77.2, 16.66, 59.4, 34.28, tool_torque, -1.379, 0.362, -0.229, joint_torque, 0.1, -9.28, -0.12, 6.23, 1.13, -0.86, -0.22, robot_mode, normal, 
09/12/2022 13:34:51:702, robot_pos, 1670592655350, 621.95, -7.56, 302.19, 2.33, -0.02, 3.09, circuit_pos, 621.31, 7.17, 299.27, 2.33, -0.02, 3.09, tool_force, -2.1, 2.64, -13.47, actual_rep, 1, curr_step, 12, track_size, 72, robot_vel, 39.53, joints_pos, 8.7, 44.27, -16.02, -77.23, 16.66, 59.34, 35.03, tool_torque, -1.367, 0.38, -0.212, joint_torque, -0.07, -9.28, -0.23, 6.26, 1.12, -0.88, -0.2, robot_mode, normal, 
09/12/2022 13:34:51:861, robot_pos, 1670592655497, 621.96, -1.9, 302.12, 2.33, -0.02, 3.09, circuit_pos, 621.31, 7.17, 299.27, 2.33, -0.02, 3.09, tool_force, -2.29, 2.46, -13.52, actual_rep, 1, curr_step, 12, track_size, 72, robot_vel, 46.41, joints_pos, 9.23, 44.27, -16.02, -77.26, 16.66, 59.3, 35.62, tool_torque, -1.382, 0.416, -0.223, joint_torque, -0.17, -9.34, -0.25, 6.3, 1.12, -0.9, -0.2, robot_mode, normal, 
09/12/2022 13:34:52:003, robot_pos, 1670592655649, 621.95, 3.97, 302.05, 2.33, -0.02, 3.09, circuit_pos, 621.22, 18.66, 299.53, 2.33, -0.02, 3.09, tool_force, -1.93, 2.82, -13.38, actual_rep, 1, curr_step, 13, track_size, 72, robot_vel, 39.61, joints_pos, 9.77, 44.26, -16.02, -77.28, 16.65, 59.24, 36.21, tool_torque, -1.358, 0.382, -0.204, joint_torque, 0.05, -9.35, -0.22, 6.32, 1.12, -0.91, -0.19, robot_mode, normal, 
09/12/2022 13:34:52:164, robot_pos, 1670592655796, 621.9, 9.65, 302.13, 2.33, -0.02, 3.09, circuit_pos, 621.22, 18.66, 299.53, 2.33, -0.02, 3.09, tool_force, -1.87, 2.8, -13.43, actual_rep, 1, curr_step, 13, track_size, 72, robot_vel, 47.57, joints_pos, 10.3, 44.25, -16.02, -77.29, 16.62, 59.22, 36.79, tool_torque, -1.39, 0.394, -0.189, joint_torque, -0.09, -9.42, -0.26, 6.33, 1.14, -0.92, -0.17, robot_mode, normal, 
09/12/2022 13:34:52:303, robot_pos, 1670592655947, 621.86, 15.46, 302.21, 2.33, -0.02, 3.09, circuit_pos, 621.3, 29.46, 300.25, 2.32, -0.02, 3.09, tool_force, -1.96, 2.94, -13.38, actual_rep, 1, curr_step, 14, track_size, 72, robot_vel, 37.4, joints_pos, 10.83, 44.24, -16.02, -77.29, 16.62, 59.19, 37.38, tool_torque, -1.365, 0.384, -0.192, joint_torque, 0.04, -9.28, -0.24, 6.29, 1.14, -0.95, -0.18, robot_mode, normal, 
09/12/2022 13:34:52:461, robot_pos, 1670592656094, 621.83, 21.28, 302.51, 2.33, -0.02, 3.09, circuit_pos, 621.3, 29.46, 300.25, 2.32, -0.02, 3.09, tool_force, -1.97, 2.48, -13.42, actual_rep, 1, curr_step, 14, track_size, 72, robot_vel, 49.97, joints_pos, 11.38, 44.22, -16.02, -77.26, 16.59, 59.18, 38.16, tool_torque, -1.437, 0.407, -0.177, joint_torque, -0.27, -9.34, -0.37, 6.24, 1.13, -0.96, -0.16, robot_mode, normal, 
09/12/2022 13:34:52:605, robot_pos, 1670592656246, 621.87, 27.03, 302.82, 2.32, -0.02, 3.09, circuit_pos, 621.5, 39.55, 301.39, 2.31, -0.02, 3.09, tool_force, -1.69, 2.6, -13.16, actual_rep, 1, curr_step, 15, track_size, 72, robot_vel, 38.99, joints_pos, 11.9, 44.22, -16.02, -77.22, 16.58, 59.17, 38.97, tool_torque, -1.394, 0.32, -0.159, joint_torque, 0.12, -9.37, -0.18, 6.27, 1.14, -0.99, -0.15, robot_mode, normal, 
09/12/2022 13:34:52:762, robot_pos, 1670592656394, 621.89, 32.88, 303.34, 2.32, -0.02, 3.08, circuit_pos, 621.5, 39.55, 301.39, 2.31, -0.02, 3.09, tool_force, -1.22, 2.49, -13.37, actual_rep, 1, curr_step, 15, track_size, 72, robot_vel, 44.06, joints_pos, 12.45, 44.2, -16.03, -77.16, 16.54, 59.18, 39.83, tool_torque, -1.487, 0.291, -0.167, joint_torque, -0.06, -9.47, -0.25, 6.26, 1.13, -1.06, -0.14, robot_mode, normal, 
09/12/2022 13:34:52:925, robot_pos, 1670592656545, 621.95, 38.64, 303.94, 2.31, -0.02, 3.08, circuit_pos, 621.68, 48.29, 302.56, 2.3, -0.02, 3.09, tool_force, -1.94, 2.14, -12.95, actual_rep, 1, curr_step, 16, track_size, 72, robot_vel, 35.12, joints_pos, 12.97, 44.19, -16.03, -77.08, 16.51, 59.21, 40.7, tool_torque, -1.582, 0.339, -0.179, joint_torque, -0.4, -9.25, -0.39, 6.18, 1.11, -1.14, -0.15, robot_mode, normal, 
09/12/2022 13:34:53:062, robot_pos, 1670592656694, 622.04, 44.57, 304.59, 2.3, -0.02, 3.08, circuit_pos, 621.78, 57.42, 303.83, 2.3, -0.01, 3.09, tool_force, -1.13, 2.36, -12.88, actual_rep, 1, curr_step, 17, track_size, 72, robot_vel, 44.11, joints_pos, 13.51, 44.19, -16.03, -76.98, 16.46, 59.24, 41.65, tool_torque, -1.564, 0.172, -0.158, joint_torque, 0.18, -9.4, -0.15, 6.27, 1.13, -1.2, -0.14, robot_mode, normal, 
09/12/2022 13:34:53:205, robot_pos, 1670592656843, 622.16, 50.22, 305.41, 2.3, -0.02, 3.09, circuit_pos, 621.78, 57.42, 303.83, 2.3, -0.01, 3.09, tool_force, -1.31, 2.4, -13.32, actual_rep, 1, curr_step, 17, track_size, 72, robot_vel, 36.17, joints_pos, 14.06, 44.16, -16.03, -76.9, 16.22, 59.18, 42.43, tool_torque, -1.501, 0.362, -0.154, joint_torque, -0.32, -9.48, -0.41, 6.25, 1.09, -1.09, -0.13, robot_mode, normal, 
09/12/2022 13:34:53:362, robot_pos, 1670592656993, 622.15, 56.12, 306.15, 2.3, -0.01, 3.09, circuit_pos, 621.7, 64.77, 304.79, 2.29, -0.01, 3.09, tool_force, -1.64, 2.41, -13.13, actual_rep, 1, curr_step, 18, track_size, 72, robot_vel, 45.83, joints_pos, 14.63, 44.12, -16.03, -76.83, 16.06, 59.12, 43.32, tool_torque, -1.476, 0.379, -0.152, joint_torque, -0.21, -9.43, -0.33, 6.28, 1.09, -1.1, -0.12, robot_mode, normal, 
09/12/2022 13:34:53:508, robot_pos, 1670592657142, 622.18, 61.78, 306.9, 2.29, -0.01, 3.08, circuit_pos, 621.58, 73.04, 305.87, 2.28, -0.01, 3.09, tool_force, -1.15, 2.71, -13.22, actual_rep, 1, curr_step, 19, track_size, 72, robot_vel, 38.54, joints_pos, 15.15, 44.11, -16.03, -76.72, 15.95, 59.12, 44.27, tool_torque, -1.453, 0.312, -0.135, joint_torque, -0.02, -9.54, -0.28, 6.33, 1.08, -1.13, -0.11, robot_mode, normal, 
09/12/2022 13:34:53:809, robot_pos, 1670592657439, 621.97, 73.33, 308.32, 2.28, -0.01, 3.08, circuit_pos, 621.28, 81.29, 306.83, 2.28, -0.01, 3.09, tool_force, -1.21, 2.24, -13.07, actual_rep, 1, curr_step, 20, track_size, 72, robot_vel, 39.84, joints_pos, 16.21, 44.1, -16.02, -76.5, 15.79, 59.19, 46.03, tool_torque, -1.59, 0.203, -0.115, joint_torque, -0.08, -9.43, -0.35, 6.29, 1.05, -1.32, -0.09, robot_mode, normal, 
09/12/2022 13:34:53:963, robot_pos, 1670592657588, 621.75, 79.1, 308.99, 2.28, -0.01, 3.08, circuit_pos, 620.78, 89.35, 307.67, 2.27, -0.01, 3.09, tool_force, -1.38, 2.26, -12.89, actual_rep, 1, curr_step, 21, track_size, 72, robot_vel, 52.75, joints_pos, 16.73, 44.1, -16.01, -76.39, 15.73, 59.25, 46.78, tool_torque, -1.631, 0.232, -0.138, joint_torque, -0.18, -9.47, -0.42, 6.32, 1.05, -1.35, -0.12, robot_mode, normal, 
09/12/2022 13:34:54:121, robot_pos, 1670592657739, 621.46, 84.91, 309.64, 2.28, -0.01, 3.08, circuit_pos, 620.25, 96.98, 308.51, 2.27, -0.02, 3.08, tool_force, -1.83, 1.99, -12.72, actual_rep, 1, curr_step, 22, track_size, 72, robot_vel, 40.31, joints_pos, 17.26, 44.1, -16.02, -76.28, 15.67, 59.31, 47.68, tool_torque, -1.622, 0.223, -0.144, joint_torque, -0.24, -9.43, -0.49, 6.31, 1.03, -1.37, -0.13, robot_mode, normal, 
09/12/2022 13:34:54:268, robot_pos, 1670592657887, 621.13, 90.75, 310.31, 2.27, -0.01, 3.08, circuit_pos, 620.25, 96.98, 308.51, 2.27, -0.02, 3.08, tool_force, -1.09, 2.49, -12.97, actual_rep, 1, curr_step, 22, track_size, 72, robot_vel, 39.28, joints_pos, 17.68, 44.08, -15.94, -76.19, 15.93, 59.36, 48.13, tool_torque, -1.487, 0.044, -0.103, joint_torque, -0.08, -9.6, -0.6, 6.45, 0.92, -1.41, -0.11, robot_mode, normal, 
09/12/2022 13:34:54:424, robot_pos, 1670592658036, 620.81, 96.4, 310.97, 2.27, -0.02, 3.08, circuit_pos, 619.96, 103.53, 309.26, 2.26, -0.02, 3.08, tool_force, -1.27, 2.42, -12.82, actual_rep, 1, curr_step, 23, track_size, 72, robot_vel, 40.83, joints_pos, 18.14, 44.08, -15.93, -76.09, 16.21, 59.39, 48.75, tool_torque, -1.513, 0.124, -0.151, joint_torque, -0.25, -9.46, -0.61, 6.37, 0.92, -1.39, -0.15, robot_mode, normal, 
09/12/2022 13:34:54:572, robot_pos, 1670592658185, 620.5, 102.18, 311.67, 2.26, -0.02, 3.08, circuit_pos, 619.88, 109.67, 310.15, 2.26, -0.02, 3.08, tool_force, -1.32, 2.31, -12.91, actual_rep, 1, curr_step, 24, track_size, 72, robot_vel, 39.77, joints_pos, 18.64, 44.08, -15.95, -75.97, 16.29, 59.44, 49.49, tool_torque, -1.532, 0.075, -0.141, joint_torque, 0.12, -9.52, -0.39, 6.45, 0.91, -1.43, -0.14, robot_mode, normal, 
09/12/2022 13:34:54:722, robot_pos, 1670592658335, 620.41, 108.1, 312.49, 2.26, -0.02, 3.07, circuit_pos, 619.73, 115.25, 310.98, 2.26, -0.02, 3.07, tool_force, -1.08, 2.57, -13.09, actual_rep, 1, curr_step, 25, track_size, 72, robot_vel, 38.17, joints_pos, 19.15, 44.12, -15.95, -75.77, 16.36, 59.52, 50.13, tool_torque, -1.485, 0.112, -0.131, joint_torque, -0.07, -9.61, -0.5, 6.48, 0.89, -1.4, -0.11, robot_mode, normal, 
09/12/2022 13:34:54:861, robot_pos, 1670592658484, 620.33, 113.77, 313.28, 2.26, -0.02, 3.07, circuit_pos, 619.61, 120.68, 311.81, 2.26, -0.02, 3.07, tool_force, -1.43, 2.75, -13.4, actual_rep, 1, curr_step, 26, track_size, 72, robot_vel, 41.23, joints_pos, 19.61, 44.11, -15.95, -75.67, 16.56, 59.41, 50.55, tool_torque, -1.35, 0.309, -0.141, joint_torque, -0.28, -9.64, -0.54, 6.49, 0.9, -1.24, -0.11, robot_mode, normal, 
09/12/2022 13:34:55:024, robot_pos, 1670592658634, 620.05, 119.72, 314.15, 2.26, -0.02, 3.07, circuit_pos, 619.45, 126.37, 312.42, 2.25, -0.02, 3.07, tool_force, -1.15, 2.9, -13.16, actual_rep, 1, curr_step, 27, track_size, 72, robot_vel, 41.27, joints_pos, 20.13, 44.11, -15.95, -75.52, 16.59, 59.41, 51.29, tool_torque, -1.34, 0.249, -0.132, joint_torque, -0.16, -9.55, -0.54, 6.46, 0.89, -1.27, -0.11, robot_mode, normal, 
09/12/2022 13:34:55:162, robot_pos, 1670592658783, 619.88, 125.38, 314.68, 2.25, -0.02, 3.07, circuit_pos, 619.15, 132.12, 312.83, 2.25, -0.02, 3.07, tool_force, -1.67, 2.62, -13.12, actual_rep, 1, curr_step, 28, track_size, 72, robot_vel, 46.56, joints_pos, 20.63, 44.17, -15.97, -75.35, 16.59, 59.42, 52.06, tool_torque, -1.403, 0.231, -0.134, joint_torque, -0.09, -9.73, -0.48, 6.57, 0.9, -1.34, -0.11, robot_mode, normal, 
09/12/2022 13:34:55:342, robot_pos, 1670592658935, 619.62, 131.26, 315.14, 2.25, -0.02, 3.07, circuit_pos, 618.9, 137.78, 313.01, 2.25, -0.02, 3.07, tool_force, -1.02, 2.53, -12.88, actual_rep, 1, curr_step, 29, track_size, 72, robot_vel, 40.3, joints_pos, 21.16, 44.24, -15.97, -75.13, 16.59, 59.49, 52.75, tool_torque, -1.591, 0.183, -0.127, joint_torque, -0.31, -9.74, -0.6, 6.48, 0.89, -1.49, -0.09, robot_mode, normal, 
09/12/2022 13:34:55:462, robot_pos, 1670592659083, 619.35, 137.0, 315.45, 2.25, -0.02, 3.06, circuit_pos, 618.68, 143.43, 313.21, 2.25, -0.02, 3.07, tool_force, -0.88, 2.22, -13.09, actual_rep, 1, curr_step, 30, track_size, 72, robot_vel, 53.42, joints_pos, 21.64, 44.33, -15.97, -74.93, 16.55, 59.56, 53.32, tool_torque, -1.643, 0.158, -0.131, joint_torque, -0.17, -9.89, -0.54, 6.58, 0.92, -1.54, -0.1, robot_mode, normal, 
09/12/2022 13:34:55:762, robot_pos, 1670592659380, 619.2, 148.49, 315.74, 2.24, -0.02, 3.06, circuit_pos, 618.26, 162.37, 312.13, 2.22, -0.01, 3.06, tool_force, -0.9, 2.7, -13.67, actual_rep, 1, curr_step, 34, track_size, 72, robot_vel, 38.36, joints_pos, 22.6, 44.5, -15.96, -74.58, 16.73, 59.29, 54.79, tool_torque, -1.344, 0.248, -0.123, joint_torque, -0.16, -10.05, -0.66, 6.57, 0.85, -1.3, -0.11, robot_mode, normal, 
09/12/2022 13:34:56:063, robot_pos, 1670592659678, 618.7, 160.09, 314.72, 2.23, -0.02, 3.06, circuit_pos, 617.3, 174.03, 309.36, 2.21, -0.01, 3.07, tool_force, -0.98, 2.98, -13.24, actual_rep, 1, curr_step, 39, track_size, 72, robot_vel, 37.58, joints_pos, 23.71, 44.82, -16.06, -74.2, 16.48, 59.07, 56.82, tool_torque, -1.421, 0.415, -0.151, joint_torque, -0.26, -10.04, -0.56, 6.65, 0.88, -1.37, -0.1, robot_mode, normal, 
09/12/2022 13:34:56:222, robot_pos, 1670592659828, 618.31, 165.91, 313.57, 2.22, -0.01, 3.06, circuit_pos, 617.59, 172.67, 309.2, 2.21, -0.01, 3.07, tool_force, -1.19, 2.68, -13.23, actual_rep, 1, curr_step, 41, track_size, 72, robot_vel, 39.16, joints_pos, 24.23, 45.06, -16.05, -73.96, 16.25, 59.1, 57.93, tool_torque, -1.512, 0.359, -0.124, joint_torque, -0.36, -9.83, -0.59, 6.58, 0.87, -1.49, -0.09, robot_mode, normal, 
09/12/2022 13:34:56:523, robot_pos, 1670592660127, 618.14, 173.41, 312.98, 2.21, -0.01, 3.07, circuit_pos, 617.63, 173.42, 309.99, 2.21, -0.01, 3.07, tool_force, -1.9, 2.29, -12.87, actual_rep, 1, curr_step, 46, track_size, 72, robot_vel, 8.08, joints_pos, 24.98, 45.41, -16.2, -73.45, 15.89, 59.42, 59.45, tool_torque, -1.678, 0.45, -0.113, joint_torque, -1.15, -9.84, -0.98, 6.47, 0.74, -1.62, -0.01, robot_mode, normal, 
09/12/2022 13:34:56:682, robot_pos, 1670592660275, 618.09, 173.64, 312.1, 2.21, -0.01, 3.07, circuit_pos, 617.74, 173.65, 309.52, 2.21, -0.01, 3.07, tool_force, -1.21, 3.84, -12.94, actual_rep, 1, curr_step, 49, track_size, 72, robot_vel, 7.74, joints_pos, 24.98, 45.47, -16.17, -73.48, 15.97, 59.33, 59.43, tool_torque, -1.235, 0.239, 0.037, joint_torque, -0.26, -9.67, -0.71, 6.67, 0.76, -1.45, 0.08, robot_mode, normal, 
09/12/2022 13:34:56:824, robot_pos, 1670592660425, 618.24, 173.65, 312.2, 2.21, -0.01, 3.07, circuit_pos, 617.75, 173.46, 309.48, 2.21, -0.01, 3.07, tool_force, -0.64, 2.86, -13.53, actual_rep, 1, curr_step, 51, track_size, 72, robot_vel, 1.78, joints_pos, 24.97, 45.48, -16.18, -73.44, 15.97, 59.36, 59.43, tool_torque, -1.398, 0.101, 0.024, joint_torque, -0.01, -10.15, -0.64, 6.72, 0.75, -1.5, 0.06, robot_mode, normal, 
09/12/2022 13:34:56:981, robot_pos, 1670592660576, 618.22, 173.81, 312.18, 2.21, -0.01, 3.07, circuit_pos, 617.72, 173.59, 309.52, 2.21, -0.01, 3.07, tool_force, -0.62, 3.09, -13.43, actual_rep, 1, curr_step, 54, track_size, 72, robot_vel, 2.67, joints_pos, 24.97, 45.48, -16.16, -73.44, 15.97, 59.36, 59.44, tool_torque, -1.357, 0.128, 0.012, joint_torque, -0.09, -10.06, -0.71, 6.7, 0.75, -1.48, 0.04, robot_mode, normal, 
09/12/2022 13:34:57:123, robot_pos, 1670592660725, 618.24, 173.74, 312.21, 2.21, -0.01, 3.07, circuit_pos, 617.72, 173.6, 309.54, 2.21, -0.01, 3.07, tool_force, -0.61, 3.33, -13.37, actual_rep, 1, curr_step, 56, track_size, 72, robot_vel, 0.2, joints_pos, 24.97, 45.48, -16.17, -73.44, 15.97, 59.36, 59.44, tool_torque, -1.34, 0.14, 0.038, joint_torque, -0.06, -10.01, -0.63, 6.72, 0.75, -1.49, 0.08, robot_mode, normal, 
09/12/2022 13:34:57:280, robot_pos, 1670592660876, 618.23, 173.77, 312.21, 2.21, -0.01, 3.07, circuit_pos, 617.7, 173.64, 309.53, 2.21, -0.01, 3.07, tool_force, -0.86, 3.4, -13.3, actual_rep, 1, curr_step, 59, track_size, 72, robot_vel, 0.34, joints_pos, 24.97, 45.48, -16.16, -73.44, 15.97, 59.36, 59.44, tool_torque, -1.326, 0.167, 0.023, joint_torque, -0.13, -9.93, -0.67, 6.72, 0.75, -1.49, 0.06, robot_mode, normal, 
09/12/2022 13:34:57:426, robot_pos, 1670592661027, 618.22, 173.77, 312.21, 2.21, -0.01, 3.07, circuit_pos, 617.7, 173.64, 309.53, 2.21, -0.01, 3.07, tool_force, -0.87, 3.53, -13.19, actual_rep, 1, curr_step, 62, track_size, 72, robot_vel, 0.07, joints_pos, 24.97, 45.48, -16.16, -73.44, 15.96, 59.36, 59.44, tool_torque, -1.32, 0.169, 0.02, joint_torque, -0.1, -9.87, -0.65, 6.73, 0.76, -1.49, 0.06, robot_mode, normal, 
09/12/2022 13:34:57:581, robot_pos, 1670592661176, 618.22, 173.77, 312.22, 2.21, -0.01, 3.07, circuit_pos, 617.71, 173.64, 309.53, 2.21, -0.01, 3.07, tool_force, -0.9, 3.58, -13.12, actual_rep, 1, curr_step, 64, track_size, 72, robot_vel, 0.04, joints_pos, 24.97, 45.48, -16.16, -73.44, 15.96, 59.36, 59.44, tool_torque, -1.311, 0.173, 0.019, joint_torque, -0.1, -9.82, -0.65, 6.71, 0.76, -1.49, 0.06, robot_mode, normal, 
09/12/2022 13:34:57:882, robot_pos, 1670592661476, 618.22, 173.77, 312.22, 2.21, -0.01, 3.07, circuit_pos, 617.71, 173.63, 309.53, 2.21, -0.01, 3.07, tool_force, -0.88, 3.55, -13.18, actual_rep, 1, curr_step, 69, track_size, 72, robot_vel, 0.02, joints_pos, 24.97, 45.48, -16.16, -73.44, 15.96, 59.36, 59.44, tool_torque, -1.309, 0.167, 0.02, joint_torque, -0.09, -9.83, -0.65, 6.72, 0.76, -1.49, 0.06, robot_mode, normal, 
09/12/2022 13:34:58:024, robot_pos, 1670592661630, 618.22, 173.77, 312.22, 2.21, -0.01, 3.07, circuit_pos, 617.71, 173.63, 309.53, 2.21, -0.01, 3.07, tool_force, -0.87, 3.56, -13.17, actual_rep, 1, curr_step, 71, track_size, 72, robot_vel, 0.01, joints_pos, 24.97, 45.48, -16.16, -73.44, 15.96, 59.36, 59.44, tool_torque, -1.31, 0.169, 0.019, joint_torque, -0.09, -9.82, -0.64, 6.72, 0.76, -1.49, 0.06, robot_mode, normal, 
09/12/2022 13:34:58:181, robot_pos, 1670592661777, 618.22, 173.77, 312.22, 2.21, -0.01, 3.07, circuit_pos, 617.71, 173.63, 309.53, 2.21, -0.01, 3.07, tool_force, -0.85, 3.51, -13.21, actual_rep, 1, curr_step, 69, track_size, 72, robot_vel, 0.01, joints_pos, 24.97, 45.48, -16.16, -73.44, 15.96, 59.36, 59.44, tool_torque, -1.314, 0.167, 0.02, joint_torque, -0.08, -9.84, -0.65, 6.72, 0.76, -1.49, 0.06, robot_mode, normal, 
09/12/2022 13:34:58:481, robot_pos, 1670592662078, 618.22, 173.77, 312.22, 2.21, -0.01, 3.07, circuit_pos, 617.71, 173.64, 309.53, 2.21, -0.01, 3.07, tool_force, -0.83, 3.44, -13.25, actual_rep, 1, curr_step, 63, track_size, 72, robot_vel, 0.01, joints_pos, 24.97, 45.48, -16.16, -73.44, 15.96, 59.36, 59.44, tool_torque, -1.32, 0.167, 0.017, joint_torque, -0.09, -9.86, -0.65, 6.72, 0.76, -1.49, 0.05, robot_mode, normal, 
09/12/2022 13:34:58:785, robot_pos, 1670592662377, 618.22, 173.77, 312.22, 2.21, -0.01, 3.07, circuit_pos, 617.7, 173.64, 309.53, 2.21, -0.01, 3.07, tool_force, -0.85, 3.42, -13.28, actual_rep, 1, curr_step, 58, track_size, 72, robot_vel, 0.01, joints_pos, 24.97, 45.48, -16.16, -73.44, 15.96, 59.36, 59.44, tool_torque, -1.328, 0.165, 0.015, joint_torque, -0.1, -9.9, -0.66, 6.72, 0.76, -1.49, 0.05, robot_mode, normal, 
09/12/2022 13:34:59:084, robot_pos, 1670592662678, 618.22, 173.74, 312.22, 2.21, -0.01, 3.07, circuit_pos, 617.7, 173.68, 309.51, 2.21, -0.01, 3.07, tool_force, -0.74, 3.45, -13.28, actual_rep, 1, curr_step, 53, track_size, 72, robot_vel, 0.24, joints_pos, 24.97, 45.48, -16.17, -73.44, 15.96, 59.36, 59.44, tool_torque, -1.316, 0.143, 0.031, joint_torque, -0.03, -9.9, -0.63, 6.73, 0.76, -1.49, 0.07, robot_mode, normal, 
09/12/2022 13:34:59:423, robot_pos, 1670592662979, 618.21, 173.77, 312.21, 2.21, -0.01, 3.07, circuit_pos, 617.74, 173.64, 309.48, 2.21, -0.01, 3.07, tool_force, -0.78, 3.4, -13.3, actual_rep, 1, curr_step, 48, track_size, 72, robot_vel, 0.28, joints_pos, 24.97, 45.48, -16.16, -73.44, 15.96, 59.36, 59.44, tool_torque, -1.308, 0.162, 0.036, joint_torque, -0.08, -9.9, -0.64, 6.71, 0.76, -1.47, 0.07, robot_mode, normal, 
09/12/2022 13:34:59:682, robot_pos, 1670592663283, 617.98, 173.45, 312.96, 2.21, -0.01, 3.07, circuit_pos, 617.58, 173.1, 309.72, 2.21, -0.01, 3.07, tool_force, -0.19, 2.91, -13.7, actual_rep, 1, curr_step, 43, track_size, 72, robot_vel, 3.76, joints_pos, 24.97, 45.39, -16.18, -73.49, 15.94, 59.42, 59.44, tool_torque, -1.432, 0.039, 0.053, joint_torque, 0.16, -10.1, -0.57, 6.79, 0.78, -1.57, 0.09, robot_mode, normal, 
09/12/2022 13:34:59:842, robot_pos, 1670592663432, 617.99, 173.04, 311.9, 2.21, -0.01, 3.07, circuit_pos, 617.47, 173.15, 309.13, 2.21, -0.01, 3.07, tool_force, -0.61, 4.35, -13.12, actual_rep, 1, curr_step, 40, track_size, 72, robot_vel, 9.95, joints_pos, 24.94, 45.45, -16.18, -73.55, 15.94, 59.28, 59.4, tool_torque, -1.112, 0.138, 0.144, joint_torque, 0.06, -9.58, -0.6, 6.73, 0.78, -1.41, 0.17, robot_mode, normal, 
09/12/2022 13:34:59:980, robot_pos, 1670592663582, 617.89, 174.19, 312.01, 2.21, -0.01, 3.07, circuit_pos, 617.47, 173.7, 309.87, 2.21, -0.01, 3.07, tool_force, -1.22, 3.03, -13.73, actual_rep, 1, curr_step, 38, track_size, 72, robot_vel, 15.38, joints_pos, 24.97, 45.45, -16.08, -73.5, 15.95, 59.3, 59.49, tool_torque, -1.333, 0.097, 0.052, joint_torque, -0.32, -10.23, -0.98, 6.83, 0.75, -1.51, 0.05, robot_mode, normal, 
09/12/2022 13:35:00:143, robot_pos, 1670592663733, 618.53, 172.84, 313.16, 2.21, -0.01, 3.06, circuit_pos, 618.01, 166.56, 311.61, 2.22, -0.01, 3.06, tool_force, 0.52, 3.45, -13.92, actual_rep, 1, curr_step, 35, track_size, 72, robot_vel, 14.21, joints_pos, 24.91, 45.33, -16.22, -73.56, 16.1, 59.08, 59.21, tool_torque, -1.102, -0.089, 0.249, joint_torque, 0.68, -10.18, -0.33, 6.76, 0.74, -1.33, 0.31, robot_mode, normal, 
09/12/2022 13:35:00:322, robot_pos, 1670592663881, 618.43, 166.5, 314.26, 2.22, -0.01, 3.06, circuit_pos, 618.64, 153.34, 313.12, 2.24, -0.02, 3.06, tool_force, 1.29, 4.85, -13.67, actual_rep, 1, curr_step, 32, track_size, 72, robot_vel, 43.79, joints_pos, 24.49, 45.0, -16.39, -74.03, 16.4, 58.88, 58.01, tool_torque, -0.888, -0.376, 0.453, joint_torque, 1.36, -9.91, -0.12, 6.91, 0.77, -1.38, 0.48, robot_mode, normal, 
09/12/2022 13:35:00:445, robot_pos, 1670592664032, 618.64, 161.83, 314.7, 2.22, -0.01, 3.06, circuit_pos, 618.68, 143.43, 313.21, 2.25, -0.02, 3.07, tool_force, 0.85, 4.94, -13.3, actual_rep, 1, curr_step, 30, track_size, 72, robot_vel, 39.44, joints_pos, 24.08, 44.87, -16.43, -74.2, 16.56, 58.96, 57.07, tool_torque, -1.037, -0.379, 0.469, joint_torque, 0.82, -9.75, -0.37, 6.96, 0.76, -1.56, 0.5, robot_mode, normal, 
09/12/2022 13:35:00:584, robot_pos, 1670592664180, 618.83, 155.89, 315.03, 2.23, -0.01, 3.06, circuit_pos, 618.68, 143.43, 313.21, 2.25, -0.02, 3.07, tool_force, 0.96, 4.6, -13.12, actual_rep, 1, curr_step, 30, track_size, 72, robot_vel, 39.6, joints_pos, 23.57, 44.73, -16.43, -74.39, 16.67, 59.13, 56.04, tool_torque, -1.155, -0.37, 0.445, joint_torque, 0.78, -9.65, -0.41, 6.79, 0.81, -1.59, 0.48, robot_mode, normal, 
09/12/2022 13:35:00:743, robot_pos, 1670592664334, 618.98, 149.99, 315.4, 2.24, -0.02, 3.06, circuit_pos, 618.68, 143.43, 313.21, 2.25, -0.02, 3.07, tool_force, 0.38, 4.35, -13.13, actual_rep, 1, curr_step, 30, track_size, 72, robot_vel, 43.93, joints_pos, 23.05, 44.62, -16.43, -74.52, 16.7, 59.41, 55.03, tool_torque, -1.184, -0.331, 0.43, joint_torque, 0.38, -9.9, -0.55, 6.87, 0.8, -1.58, 0.47, robot_mode, normal, 
09/12/2022 13:35:00:884, robot_pos, 1670592664483, 619.2, 144.3, 315.61, 2.25, -0.02, 3.06, circuit_pos, 618.9, 137.78, 313.01, 2.25, -0.02, 3.07, tool_force, 0.0, 4.3, -13.09, actual_rep, 1, curr_step, 29, track_size, 72, robot_vel, 47.08, joints_pos, 22.54, 44.52, -16.42, -74.66, 16.75, 59.58, 54.17, tool_torque, -1.164, -0.301, 0.419, joint_torque, 0.41, -9.61, -0.51, 6.74, 0.83, -1.55, 0.45, robot_mode, normal, 
09/12/2022 13:35:01:041, robot_pos, 1670592664636, 619.37, 138.45, 315.62, 2.25, -0.02, 3.07, circuit_pos, 619.15, 132.12, 312.83, 2.25, -0.02, 3.07, tool_force, 0.29, 4.34, -13.27, actual_rep, 1, curr_step, 28, track_size, 72, robot_vel, 44.49, joints_pos, 22.04, 44.4, -16.43, -74.87, 16.77, 59.61, 53.5, tool_torque, -1.137, -0.294, 0.386, joint_torque, 0.5, -9.65, -0.44, 6.76, 0.84, -1.5, 0.41, robot_mode, normal, 
09/12/2022 13:35:01:204, robot_pos, 1670592664783, 619.66, 132.71, 315.47, 2.25, -0.02, 3.07, circuit_pos, 619.45, 126.37, 312.42, 2.25, -0.02, 3.07, tool_force, -0.01, 4.52, -13.16, actual_rep, 1, curr_step, 27, track_size, 72, robot_vel, 47.43, joints_pos, 21.54, 44.31, -16.43, -75.06, 16.81, 59.59, 52.9, tool_torque, -1.028, -0.168, 0.392, joint_torque, 0.46, -9.45, -0.39, 6.72, 0.85, -1.39, 0.43, robot_mode, normal, 
09/12/2022 13:35:01:344, robot_pos, 1670592664933, 619.91, 126.94, 315.12, 2.25, -0.02, 3.07, circuit_pos, 619.61, 120.68, 311.81, 2.26, -0.02, 3.07, tool_force, 0.21, 4.61, -13.56, actual_rep, 1, curr_step, 26, track_size, 72, robot_vel, 44.78, joints_pos, 21.04, 44.23, -16.43, -75.25, 16.83, 59.55, 52.16, tool_torque, -0.958, -0.165, 0.412, joint_torque, 0.5, -9.73, -0.43, 6.74, 0.86, -1.3, 0.45, robot_mode, normal, 
09/12/2022 13:35:01:503, robot_pos, 1670592665084, 620.15, 121.15, 314.56, 2.26, -0.02, 3.07, circuit_pos, 619.73, 115.25, 310.98, 2.26, -0.02, 3.07, tool_force, -0.17, 4.53, -13.6, actual_rep, 1, curr_step, 25, track_size, 72, robot_vel, 37.8, joints_pos, 20.54, 44.17, -16.43, -75.46, 16.9, 59.47, 51.29, tool_torque, -0.911, -0.077, 0.39, joint_torque, 0.4, -9.56, -0.42, 6.67, 0.87, -1.22, 0.42, robot_mode, normal, 
09/12/2022 13:35:01:644, robot_pos, 1670592665234, 620.24, 115.29, 313.73, 2.26, -0.02, 3.07, circuit_pos, 619.88, 109.67, 310.15, 2.26, -0.02, 3.08, tool_force, 0.31, 4.21, -13.7, actual_rep, 1, curr_step, 24, track_size, 72, robot_vel, 40.77, joints_pos, 20.04, 44.14, -16.45, -75.65, 16.91, 59.45, 50.67, tool_torque, -1.008, -0.189, 0.418, joint_torque, 0.96, -9.73, -0.12, 6.68, 0.95, -1.28, 0.43, robot_mode, normal, 
09/12/2022 13:35:01:802, robot_pos, 1670592665385, 620.33, 109.65, 312.93, 2.26, -0.02, 3.07, circuit_pos, 619.96, 103.53, 309.26, 2.26, -0.02, 3.08, tool_force, 0.35, 3.91, -13.48, actual_rep, 1, curr_step, 23, track_size, 72, robot_vel, 46.42, joints_pos, 19.6, 44.16, -16.51, -75.76, 16.74, 59.58, 50.2, tool_torque, -1.205, -0.239, 0.388, joint_torque, 0.65, -9.82, -0.32, 6.76, 0.99, -1.43, 0.41, robot_mode, normal, 
09/12/2022 13:35:01:944, robot_pos, 1670592665535, 620.58, 103.74, 312.16, 2.26, -0.02, 3.08, circuit_pos, 620.25, 96.98, 308.51, 2.27, -0.02, 3.08, tool_force, 0.53, 4.0, -13.59, actual_rep, 1, curr_step, 22, track_size, 72, robot_vel, 43.93, joints_pos, 19.1, 44.16, -16.52, -75.89, 16.74, 59.58, 49.46, tool_torque, -1.14, -0.243, 0.413, joint_torque, 0.76, -9.83, -0.25, 6.74, 1.0, -1.37, 0.43, robot_mode, normal, 
09/12/2022 13:35:02:101, robot_pos, 1670592665686, 620.81, 98.05, 311.48, 2.27, -0.02, 3.08, circuit_pos, 620.78, 89.35, 307.67, 2.27, -0.01, 3.09, tool_force, 0.03, 4.24, -13.5, actual_rep, 1, curr_step, 21, track_size, 72, robot_vel, 36.95, joints_pos, 18.59, 44.14, -16.53, -76.03, 16.73, 59.55, 48.71, tool_torque, -1.058, -0.096, 0.415, joint_torque, 0.45, -9.6, -0.38, 6.62, 1.0, -1.26, 0.44, robot_mode, normal, 
09/12/2022 13:35:02:244, robot_pos, 1670592665835, 621.07, 92.24, 310.88, 2.27, -0.01, 3.08, circuit_pos, 621.28, 81.29, 306.83, 2.28, -0.01, 3.09, tool_force, 0.12, 4.09, -13.65, actual_rep, 1, curr_step, 20, track_size, 72, robot_vel, 39.5, joints_pos, 18.22, 44.15, -16.57, -76.11, 16.15, 59.53, 48.41, tool_torque, -1.004, -0.165, 0.397, joint_torque, 1.03, -9.74, -0.09, 6.69, 1.03, -1.22, 0.4, robot_mode, normal, 
09/12/2022 13:35:02:402, robot_pos, 1670592665986, 621.47, 86.45, 310.25, 2.27, -0.01, 3.09, circuit_pos, 621.28, 81.29, 306.83, 2.28, -0.01, 3.09, tool_force, -0.31, 4.16, -13.66, actual_rep, 1, curr_step, 20, track_size, 72, robot_vel, 37.95, joints_pos, 17.7, 44.17, -16.58, -76.19, 16.07, 59.51, 47.58, tool_torque, -0.997, -0.016, 0.398, joint_torque, 0.33, -9.59, -0.4, 6.6, 0.99, -1.17, 0.44, robot_mode, normal, 
09/12/2022 13:35:02:542, robot_pos, 1670592666136, 621.79, 80.64, 309.58, 2.28, -0.01, 3.09, circuit_pos, 621.58, 73.04, 305.87, 2.28, -0.01, 3.09, tool_force, -0.11, 4.31, -13.68, actual_rep, 1, curr_step, 19, track_size, 72, robot_vel, 43.94, joints_pos, 17.19, 44.17, -16.58, -76.29, 16.06, 59.45, 46.87, tool_torque, -0.996, 0.026, 0.373, joint_torque, 0.26, -9.58, -0.46, 6.59, 1.01, -1.15, 0.4, robot_mode, normal, 
09/12/2022 13:35:02:700, robot_pos, 1670592666289, 622.03, 74.77, 308.91, 2.28, -0.01, 3.09, circuit_pos, 621.7, 64.77, 304.79, 2.29, -0.01, 3.09, tool_force, -0.21, 4.22, -13.79, actual_rep, 1, curr_step, 18, track_size, 72, robot_vel, 41.4, joints_pos, 16.67, 44.17, -16.57, -76.41, 16.06, 59.38, 46.2, tool_torque, -0.978, 0.0050, 0.377, joint_torque, 0.57, -9.56, -0.27, 6.61, 1.04, -1.12, 0.39, robot_mode, normal, 
09/12/2022 13:35:02:843, robot_pos, 1670592666436, 622.2, 68.99, 308.18, 2.28, -0.01, 3.09, circuit_pos, 621.78, 57.42, 303.83, 2.3, -0.01, 3.09, tool_force, -0.49, 4.02, -13.82, actual_rep, 1, curr_step, 17, track_size, 72, robot_vel, 44.96, joints_pos, 16.13, 44.17, -16.54, -76.53, 16.06, 59.31, 45.31, tool_torque, -0.92, -0.08, 0.417, joint_torque, 0.63, -9.57, -0.34, 6.58, 1.03, -1.11, 0.42, robot_mode, normal, 
09/12/2022 13:35:03:001, robot_pos, 1670592666587, 622.28, 63.21, 307.45, 2.29, -0.01, 3.09, circuit_pos, 621.78, 57.42, 303.83, 2.3, -0.01, 3.09, tool_force, -0.66, 4.22, -13.56, actual_rep, 1, curr_step, 17, track_size, 72, robot_vel, 41.92, joints_pos, 15.6, 44.16, -16.53, -76.65, 16.11, 59.22, 44.36, tool_torque, -0.885, -0.056, 0.409, joint_torque, 0.49, -9.45, -0.42, 6.57, 1.0, -1.09, 0.41, robot_mode, normal, 
09/12/2022 13:35:03:145, robot_pos, 1670592666737, 622.24, 57.48, 306.68, 2.3, -0.01, 3.09, circuit_pos, 621.68, 48.29, 302.56, 2.3, -0.02, 3.09, tool_force, -0.12, 4.31, -13.69, actual_rep, 1, curr_step, 16, track_size, 72, robot_vel, 38.85, joints_pos, 15.06, 44.16, -16.52, -76.78, 16.24, 59.19, 43.47, tool_torque, -0.936, -0.113, 0.374, joint_torque, 0.44, -9.58, -0.46, 6.55, 0.97, -1.13, 0.39, robot_mode, normal, 
09/12/2022 13:35:03:301, robot_pos, 1670592666888, 622.15, 51.58, 305.87, 2.3, -0.02, 3.09, circuit_pos, 621.5, 39.55, 301.39, 2.31, -0.02, 3.09, tool_force, -0.44, 3.74, -13.3, actual_rep, 1, curr_step, 15, track_size, 72, robot_vel, 40.33, joints_pos, 14.47, 44.2, -16.51, -76.85, 16.52, 59.31, 42.66, tool_torque, -1.099, -0.244, 0.363, joint_torque, 0.64, -9.41, -0.3, 6.49, 1.01, -1.27, 0.36, robot_mode, normal, 
09/12/2022 13:35:03:463, robot_pos, 1670592667037, 622.17, 45.86, 305.06, 2.3, -0.02, 3.09, circuit_pos, 621.5, 39.55, 301.39, 2.31, -0.02, 3.09, tool_force, -0.09, 3.9, -13.5, actual_rep, 1, curr_step, 15, track_size, 72, robot_vel, 41.67, joints_pos, 13.93, 44.23, -16.5, -76.93, 16.61, 59.31, 41.74, tool_torque, -1.076, -0.202, 0.351, joint_torque, 0.3, -9.59, -0.52, 6.49, 0.99, -1.22, 0.36, robot_mode, normal, 
09/12/2022 13:35:03:602, robot_pos, 1670592667189, 622.08, 40.0, 304.38, 2.31, -0.02, 3.09, circuit_pos, 621.3, 29.46, 300.25, 2.32, -0.02, 3.09, tool_force, -0.48, 3.63, -13.61, actual_rep, 1, curr_step, 14, track_size, 72, robot_vel, 37.98, joints_pos, 13.4, 44.24, -16.51, -77.02, 16.7, 59.3, 40.84, tool_torque, -1.059, -0.165, 0.347, joint_torque, 0.42, -9.5, -0.37, 6.45, 1.02, -1.16, 0.36, robot_mode, normal, 
09/12/2022 13:35:03:765, robot_pos, 1670592667339, 621.96, 34.11, 303.66, 2.31, -0.02, 3.09, circuit_pos, 621.3, 29.46, 300.25, 2.32, -0.02, 3.09, tool_force, -0.81, 3.72, -13.5, actual_rep, 1, curr_step, 14, track_size, 72, robot_vel, 42.3, joints_pos, 12.86, 44.26, -16.51, -77.12, 16.76, 59.27, 39.92, tool_torque, -0.98, -0.081, 0.319, joint_torque, 0.62, -9.47, -0.27, 6.48, 1.05, -1.06, 0.32, robot_mode, normal, 
09/12/2022 13:35:03:900, robot_pos, 1670592667490, 621.91, 28.45, 303.18, 2.32, -0.02, 3.09, circuit_pos, 621.22, 18.66, 299.53, 2.33, -0.02, 3.09, tool_force, -0.43, 3.95, -13.7, actual_rep, 1, curr_step, 13, track_size, 72, robot_vel, 40.16, joints_pos, 12.34, 44.27, -16.52, -77.19, 16.81, 59.26, 39.04, tool_torque, -0.956, -0.061, 0.303, joint_torque, 0.58, -9.56, -0.25, 6.46, 1.05, -1.02, 0.32, robot_mode, normal, 
09/12/2022 13:35:04:062, robot_pos, 1670592667640, 621.85, 22.62, 302.72, 2.32, -0.02, 3.09, circuit_pos, 621.31, 7.17, 299.27, 2.33, -0.02, 3.09, tool_force, -0.67, 3.7, -13.95, actual_rep, 1, curr_step, 12, track_size, 72, robot_vel, 39.18, joints_pos, 11.81, 44.28, -16.52, -77.24, 16.84, 59.25, 38.17, tool_torque, -1.0, -0.015, 0.318, joint_torque, 0.21, -9.53, -0.45, 6.39, 1.05, -0.99, 0.33, robot_mode, normal, 
09/12/2022 13:35:04:203, robot_pos, 1670592667791, 621.87, 16.87, 302.47, 2.33, -0.02, 3.09, circuit_pos, 621.31, 7.17, 299.27, 2.33, -0.02, 3.09, tool_force, -0.95, 3.47, -13.72, actual_rep, 1, curr_step, 12, track_size, 72, robot_vel, 41.61, joints_pos, 11.28, 44.29, -16.52, -77.27, 16.88, 59.25, 37.51, tool_torque, -1.036, -0.012, 0.281, joint_torque, 0.45, -9.46, -0.23, 6.36, 1.08, -0.99, 0.3, robot_mode, normal, 
09/12/2022 13:35:04:362, robot_pos, 1670592667943, 621.86, 11.03, 302.23, 2.33, -0.02, 3.09, circuit_pos, 621.4, -3.17, 299.31, 2.33, -0.02, 3.09, tool_force, -0.68, 3.67, -13.63, actual_rep, 1, curr_step, 11, track_size, 72, robot_vel, 41.84, joints_pos, 10.74, 44.29, -16.53, -77.3, 16.91, 59.25, 36.89, tool_torque, -1.041, -0.0070, 0.266, joint_torque, 0.43, -9.47, -0.27, 6.37, 1.08, -0.99, 0.29, robot_mode, normal, 
09/12/2022 13:35:04:502, robot_pos, 1670592668092, 621.9, 5.25, 302.18, 2.33, -0.02, 3.09, circuit_pos, 621.4, -3.17, 299.31, 2.33, -0.02, 3.09, tool_force, -0.51, 3.5, -13.59, actual_rep, 1, curr_step, 11, track_size, 72, robot_vel, 39.44, joints_pos, 10.21, 44.3, -16.53, -77.3, 16.93, 59.27, 36.3, tool_torque, -1.111, -0.031, 0.264, joint_torque, 0.21, -9.48, -0.36, 6.32, 1.08, -1.03, 0.29, robot_mode, normal, 
