30/11/2022 16:35:58:842, robot_pos, 1669825929916, 613.84, -94.2, 298.79, 2.34, 0.01, 3.1, circuit_pos, 614.3, -90.51, 297.41, 2.34, 0.0, 3.1, tool_force, -1.29, 2.77, -12.12, actual_rep, 1, curr_step, 1, track_size, 72, robot_vel, 40.19, joints_pos, 3.34, 44.8, -19.77, -77.79, 18.13, 58.57, 25.73, tool_torque, -1.002, -0.0080, 0.182, joint_torque, 0.63, -8.26, -0.48, 5.47, 1.23, -0.71, 0.08, robot_mode, normal, 
30/11/2022 16:35:58:953, robot_pos, 1669825930043, 614.47, -93.83, 300.58, 2.34, 0.01, 3.1, circuit_pos, 615.03, -85.14, 296.67, 2.36, 0.0, 3.09, tool_force, 0.5, 3.71, -12.66, actual_rep, 1, curr_step, 2, track_size, 72, robot_vel, 6.45, joints_pos, 3.35, 44.69, -19.75, -77.67, 18.16, 58.69, 25.74, tool_torque, -0.824, -0.318, 0.049, joint_torque, 2.07, -7.97, 0.32, 5.38, 1.19, -0.76, -0.08, robot_mode, normal, 
30/11/2022 16:35:59:106, robot_pos, 1669825930203, 615.0, -87.81, 299.56, 2.35, 0.0, 3.09, circuit_pos, 616.23, -78.75, 296.86, 2.37, 0.0, 3.09, tool_force, -2.75, 2.7, -11.16, actual_rep, 1, curr_step, 3, track_size, 72, robot_vel, 42.39, joints_pos, 3.58, 44.77, -19.41, -77.61, 18.59, 58.99, 25.3, tool_torque, -1.15, 0.056, 0.172, joint_torque, -0.07, -7.68, -0.57, 5.37, 1.18, -0.86, 0.14, robot_mode, normal, 
30/11/2022 16:35:59:273, robot_pos, 1669825930344, 615.48, -85.16, 298.98, 2.36, 0.0, 3.09, circuit_pos, 616.23, -78.75, 296.86, 2.37, 0.0, 3.09, tool_force, -1.34, 3.32, -11.79, actual_rep, 1, curr_step, 3, track_size, 72, robot_vel, 42.39, joints_pos, 3.79, 44.79, -19.46, -77.7, 19.02, 58.74, 24.85, tool_torque, -1.371, 0.142, 0.041, joint_torque, 0.23, -8.77, -0.12, 5.67, 1.24, -0.75, 0.08, robot_mode, normal, 
30/11/2022 16:35:59:398, robot_pos, 1669825930496, 616.44, -80.39, 299.28, 2.37, 0.0, 3.08, circuit_pos, 617.78, -71.85, 297.69, 2.37, -0.01, 3.09, tool_force, -1.73, 2.93, -10.94, actual_rep, 1, curr_step, 4, track_size, 72, robot_vel, 20.01, joints_pos, 4.11, 44.78, -19.31, -77.62, 19.08, 58.85, 24.9, tool_torque, -1.153, -0.0040, 0.016, joint_torque, 0.65, -7.75, -0.16, 5.37, 1.22, -0.8, -0.07, robot_mode, normal, 
30/11/2022 16:35:59:551, robot_pos, 1669825930645, 617.22, -74.93, 299.82, 2.37, -0.01, 3.08, circuit_pos, 619.15, -64.3, 298.91, 2.37, -0.01, 3.09, tool_force, -1.65, 1.59, -11.26, actual_rep, 1, curr_step, 5, track_size, 72, robot_vel, 43.13, joints_pos, 4.59, 44.8, -19.33, -77.49, 19.14, 59.17, 25.25, tool_torque, -1.511, 0.069, -0.177, joint_torque, -0.11, -7.93, -0.39, 5.26, 1.18, -0.88, -0.19, robot_mode, normal, 
30/11/2022 16:35:59:705, robot_pos, 1669825930795, 618.42, -69.2, 300.47, 2.37, -0.01, 3.08, circuit_pos, 620.04, -56.04, 300.07, 2.37, -0.01, 3.09, tool_force, -1.59, 1.06, -11.49, actual_rep, 1, curr_step, 6, track_size, 72, robot_vel, 47.96, joints_pos, 5.11, 44.84, -19.35, -77.31, 19.19, 59.39, 25.73, tool_torque, -1.586, 0.038, -0.208, joint_torque, -0.14, -8.3, -0.29, 5.37, 1.19, -0.9, -0.21, robot_mode, normal, 
30/11/2022 16:35:59:857, robot_pos, 1669825930944, 619.28, -63.45, 301.15, 2.37, -0.01, 3.08, circuit_pos, 620.04, -56.04, 300.07, 2.37, -0.01, 3.09, tool_force, -1.61, 1.44, -11.16, actual_rep, 1, curr_step, 6, track_size, 72, robot_vel, 50.06, joints_pos, 5.65, 44.83, -19.38, -77.22, 19.2, 59.53, 26.25, tool_torque, -1.602, 0.056, -0.233, joint_torque, 0.13, -8.18, -0.14, 5.35, 1.2, -0.91, -0.22, robot_mode, normal, 
30/11/2022 16:36:00:012, robot_pos, 1669825931094, 619.91, -57.63, 301.87, 2.37, -0.01, 3.08, circuit_pos, 620.58, -46.71, 300.66, 2.36, -0.01, 3.09, tool_force, -1.35, 1.37, -11.49, actual_rep, 1, curr_step, 7, track_size, 72, robot_vel, 39.27, joints_pos, 6.19, 44.78, -19.4, -77.19, 19.21, 59.6, 26.88, tool_torque, -1.663, 0.097, -0.264, joint_torque, -0.3, -8.3, -0.42, 5.29, 1.16, -0.92, -0.23, robot_mode, normal, 
30/11/2022 16:36:00:758, robot_pos, 1669825931845, 621.49, -28.76, 302.5, 2.34, -0.02, 3.08, circuit_pos, 621.41, -16.2, 299.67, 2.34, -0.02, 3.09, tool_force, -1.34, 1.97, -11.51, actual_rep, 1, curr_step, 10, track_size, 72, robot_vel, 41.09, joints_pos, 8.81, 44.74, -19.4, -77.16, 19.4, 59.93, 30.8, tool_torque, -1.483, 0.117, -0.225, joint_torque, 0.14, -8.3, -0.26, 5.51, 1.15, -0.94, -0.22, robot_mode, normal, 
30/11/2022 16:36:00:912, robot_pos, 1669825931994, 621.66, -22.9, 302.33, 2.34, -0.02, 3.09, circuit_pos, 621.41, -16.2, 299.67, 2.34, -0.02, 3.09, tool_force, -1.73, 1.96, -11.73, actual_rep, 1, curr_step, 10, track_size, 72, robot_vel, 39.96, joints_pos, 9.35, 44.75, -19.4, -77.19, 19.41, 59.9, 31.44, tool_torque, -1.529, 0.309, -0.219, joint_torque, -0.57, -8.32, -0.6, 5.48, 1.11, -0.88, -0.19, robot_mode, normal, 
30/11/2022 16:36:01:078, robot_pos, 1669825932160, 621.79, -16.53, 302.11, 2.34, -0.02, 3.09, circuit_pos, 621.4, -3.17, 299.31, 2.33, -0.02, 3.09, tool_force, -1.65, 2.35, -11.72, actual_rep, 1, curr_step, 11, track_size, 72, robot_vel, 40.33, joints_pos, 9.94, 44.75, -19.4, -77.22, 19.43, 59.86, 32.19, tool_torque, -1.377, 0.247, -0.204, joint_torque, 0.1, -8.33, -0.28, 5.59, 1.12, -0.86, -0.2, robot_mode, normal, 
30/11/2022 16:36:01:205, robot_pos, 1669825932295, 621.86, -11.27, 301.96, 2.34, -0.02, 3.09, circuit_pos, 621.4, -3.17, 299.31, 2.33, -0.02, 3.09, tool_force, -1.74, 2.44, -11.72, actual_rep, 1, curr_step, 11, track_size, 72, robot_vel, 43.45, joints_pos, 10.44, 44.75, -19.41, -77.25, 19.42, 59.8, 32.87, tool_torque, -1.393, 0.3, -0.228, joint_torque, 0.01, -8.31, -0.28, 5.62, 1.12, -0.87, -0.21, robot_mode, normal, 
30/11/2022 16:36:01:357, robot_pos, 1669825932444, 621.92, -5.46, 301.82, 2.33, -0.02, 3.09, circuit_pos, 621.31, 7.17, 299.27, 2.33, -0.02, 3.09, tool_force, -2.33, 1.97, -11.84, actual_rep, 1, curr_step, 12, track_size, 72, robot_vel, 37.81, joints_pos, 10.98, 44.75, -19.41, -77.27, 19.42, 59.74, 33.54, tool_torque, -1.439, 0.357, -0.217, joint_torque, -0.3, -8.34, -0.48, 5.62, 1.11, -0.88, -0.2, robot_mode, normal, 
30/11/2022 16:36:01:511, robot_pos, 1669825932592, 621.86, 0.31, 301.74, 2.33, -0.02, 3.09, circuit_pos, 621.31, 7.17, 299.27, 2.33, -0.02, 3.09, tool_force, -2.17, 2.29, -11.71, actual_rep, 1, curr_step, 12, track_size, 72, robot_vel, 37.71, joints_pos, 11.52, 44.74, -19.41, -77.31, 19.42, 59.68, 34.16, tool_torque, -1.368, 0.307, -0.222, joint_torque, 0.14, -8.31, -0.24, 5.67, 1.12, -0.89, -0.22, robot_mode, normal, 
30/11/2022 16:36:01:665, robot_pos, 1669825932742, 621.86, 6.09, 301.76, 2.33, -0.02, 3.09, circuit_pos, 621.22, 18.66, 299.53, 2.33, -0.02, 3.09, tool_force, -1.79, 2.55, -11.74, actual_rep, 1, curr_step, 13, track_size, 72, robot_vel, 38.74, joints_pos, 12.04, 44.73, -19.41, -77.32, 19.42, 59.65, 34.73, tool_torque, -1.369, 0.315, -0.205, joint_torque, -0.08, -8.28, -0.41, 5.64, 1.1, -0.91, -0.19, robot_mode, normal, 
30/11/2022 16:36:01:817, robot_pos, 1669825932890, 621.81, 11.9, 301.83, 2.33, -0.02, 3.09, circuit_pos, 621.22, 18.66, 299.53, 2.33, -0.02, 3.09, tool_force, -2.1, 2.34, -11.71, actual_rep, 1, curr_step, 13, track_size, 72, robot_vel, 39.11, joints_pos, 12.6, 44.72, -19.41, -77.32, 19.4, 59.62, 35.31, tool_torque, -1.404, 0.358, -0.218, joint_torque, -0.18, -8.32, -0.44, 5.64, 1.11, -0.92, -0.2, robot_mode, normal, 
30/11/2022 16:36:01:957, robot_pos, 1669825933040, 621.77, 17.69, 301.99, 2.33, -0.02, 3.09, circuit_pos, 621.3, 29.46, 300.25, 2.32, -0.02, 3.09, tool_force, -2.01, 2.4, -11.63, actual_rep, 1, curr_step, 14, track_size, 72, robot_vel, 38.28, joints_pos, 13.12, 44.71, -19.41, -77.31, 19.39, 59.6, 35.98, tool_torque, -1.396, 0.349, -0.195, joint_torque, -0.04, -8.21, -0.35, 5.62, 1.13, -0.93, -0.19, robot_mode, normal, 
30/11/2022 16:36:02:111, robot_pos, 1669825933187, 621.76, 23.55, 302.27, 2.33, -0.02, 3.09, circuit_pos, 621.3, 29.46, 300.25, 2.32, -0.02, 3.09, tool_force, -1.77, 2.15, -11.65, actual_rep, 1, curr_step, 14, track_size, 72, robot_vel, 40.97, joints_pos, 13.67, 44.7, -19.41, -77.28, 19.36, 59.59, 36.76, tool_torque, -1.442, 0.318, -0.201, joint_torque, -0.09, -8.35, -0.37, 5.59, 1.12, -0.95, -0.19, robot_mode, normal, 
30/11/2022 16:36:02:264, robot_pos, 1669825933338, 621.82, 29.2, 302.7, 2.32, -0.02, 3.08, circuit_pos, 621.5, 39.55, 301.39, 2.31, -0.02, 3.09, tool_force, -1.37, 2.27, -11.5, actual_rep, 1, curr_step, 15, track_size, 72, robot_vel, 40.11, joints_pos, 14.19, 44.69, -19.41, -77.23, 19.34, 59.59, 37.61, tool_torque, -1.445, 0.241, -0.183, joint_torque, 0.05, -8.36, -0.34, 5.59, 1.13, -1.0, -0.18, robot_mode, normal, 
30/11/2022 16:36:02:417, robot_pos, 1669825933487, 621.82, 35.13, 303.22, 2.32, -0.02, 3.08, circuit_pos, 621.68, 48.29, 302.56, 2.3, -0.02, 3.09, tool_force, -1.23, 1.95, -11.59, actual_rep, 1, curr_step, 16, track_size, 72, robot_vel, 38.03, joints_pos, 14.73, 44.68, -19.42, -77.17, 19.3, 59.61, 38.46, tool_torque, -1.546, 0.236, -0.177, joint_torque, -0.21, -8.41, -0.47, 5.55, 1.12, -1.07, -0.16, robot_mode, normal, 
30/11/2022 16:36:02:571, robot_pos, 1669825933636, 621.93, 40.82, 303.86, 2.31, -0.02, 3.08, circuit_pos, 621.68, 48.29, 302.56, 2.3, -0.02, 3.09, tool_force, -1.62, 1.58, -11.39, actual_rep, 1, curr_step, 16, track_size, 72, robot_vel, 40.06, joints_pos, 15.24, 44.67, -19.42, -77.07, 19.27, 59.65, 39.39, tool_torque, -1.571, 0.193, -0.155, joint_torque, -0.05, -8.37, -0.41, 5.53, 1.12, -1.12, -0.14, robot_mode, normal, 
30/11/2022 16:36:02:711, robot_pos, 1669825933783, 622.0, 46.6, 304.58, 2.3, -0.02, 3.08, circuit_pos, 621.78, 57.42, 303.83, 2.3, -0.01, 3.09, tool_force, -1.16, 1.98, -11.49, actual_rep, 1, curr_step, 17, track_size, 72, robot_vel, 44.4, joints_pos, 15.79, 44.65, -19.42, -76.98, 19.16, 59.65, 40.21, tool_torque, -1.533, 0.191, -0.146, joint_torque, 0.07, -8.44, -0.33, 5.62, 1.13, -1.11, -0.13, robot_mode, normal, 
30/11/2022 16:36:02:863, robot_pos, 1669825933933, 622.11, 52.38, 305.35, 2.3, -0.02, 3.08, circuit_pos, 621.7, 64.77, 304.79, 2.29, -0.01, 3.09, tool_force, -1.53, 2.06, -11.62, actual_rep, 1, curr_step, 18, track_size, 72, robot_vel, 39.62, joints_pos, 16.35, 44.62, -19.43, -76.91, 18.93, 59.54, 41.04, tool_torque, -1.496, 0.326, -0.125, joint_torque, -0.29, -8.38, -0.54, 5.56, 1.11, -1.05, -0.12, robot_mode, normal, 
30/11/2022 16:36:03:017, robot_pos, 1669825934079, 622.09, 58.2, 306.14, 2.3, -0.01, 3.08, circuit_pos, 621.7, 64.77, 304.79, 2.29, -0.01, 3.09, tool_force, -1.26, 1.97, -11.65, actual_rep, 1, curr_step, 18, track_size, 72, robot_vel, 39.48, joints_pos, 16.91, 44.59, -19.44, -76.82, 18.8, 59.52, 41.97, tool_torque, -1.507, 0.295, -0.144, joint_torque, -0.01, -8.61, -0.4, 5.65, 1.1, -1.07, -0.13, robot_mode, normal, 
30/11/2022 16:36:03:170, robot_pos, 1669825934228, 622.09, 63.96, 306.86, 2.29, -0.01, 3.08, circuit_pos, 621.58, 73.04, 305.87, 2.28, -0.01, 3.09, tool_force, -1.25, 2.06, -11.44, actual_rep, 1, curr_step, 19, track_size, 72, robot_vel, 39.67, joints_pos, 17.44, 44.58, -19.44, -76.71, 18.7, 59.52, 42.93, tool_torque, -1.54, 0.311, -0.142, joint_torque, -0.37, -8.44, -0.59, 5.59, 1.08, -1.14, -0.12, robot_mode, normal, 
30/11/2022 16:36:03:309, robot_pos, 1669825934376, 621.94, 69.77, 307.58, 2.29, -0.01, 3.08, circuit_pos, 621.28, 81.29, 306.83, 2.28, -0.01, 3.09, tool_force, -1.15, 2.03, -11.4, actual_rep, 1, curr_step, 20, track_size, 72, robot_vel, 37.17, joints_pos, 17.97, 44.57, -19.44, -76.61, 18.61, 59.57, 43.87, tool_torque, -1.576, 0.26, -0.127, joint_torque, -0.19, -8.49, -0.54, 5.63, 1.08, -1.21, -0.1, robot_mode, normal, 
30/11/2022 16:36:03:476, robot_pos, 1669825934528, 621.8, 75.64, 308.33, 2.28, -0.01, 3.08, circuit_pos, 621.28, 81.29, 306.83, 2.28, -0.01, 3.09, tool_force, -1.42, 1.81, -11.23, actual_rep, 1, curr_step, 20, track_size, 72, robot_vel, 37.59, joints_pos, 18.49, 44.58, -19.43, -76.48, 18.56, 59.64, 44.59, tool_torque, -1.601, 0.207, -0.13, joint_torque, -0.07, -8.51, -0.46, 5.72, 1.08, -1.26, -0.12, robot_mode, normal, 
30/11/2022 16:36:03:615, robot_pos, 1669825934677, 621.58, 81.39, 308.97, 2.28, -0.01, 3.08, circuit_pos, 620.78, 89.35, 307.67, 2.27, -0.01, 3.09, tool_force, -1.2, 1.9, -11.46, actual_rep, 1, curr_step, 21, track_size, 72, robot_vel, 40.72, joints_pos, 19.01, 44.58, -19.43, -76.36, 18.5, 59.69, 45.43, tool_torque, -1.592, 0.176, -0.126, joint_torque, -0.06, -8.55, -0.51, 5.69, 1.06, -1.28, -0.12, robot_mode, normal, 
30/11/2022 16:36:03:769, robot_pos, 1669825934827, 621.27, 87.22, 309.6, 2.27, -0.01, 3.08, circuit_pos, 620.25, 96.98, 308.51, 2.27, -0.02, 3.08, tool_force, -1.1, 1.98, -11.35, actual_rep, 1, curr_step, 22, track_size, 72, robot_vel, 37.99, joints_pos, 19.53, 44.58, -19.42, -76.25, 18.47, 59.75, 46.2, tool_torque, -1.581, 0.148, -0.109, joint_torque, -0.19, -8.59, -0.65, 5.75, 1.01, -1.32, -0.1, robot_mode, normal, 
30/11/2022 16:36:03:922, robot_pos, 1669825934976, 620.98, 92.93, 310.22, 2.27, -0.02, 3.08, circuit_pos, 619.96, 103.53, 309.26, 2.26, -0.02, 3.08, tool_force, -1.29, 2.01, -11.35, actual_rep, 1, curr_step, 23, track_size, 72, robot_vel, 45.45, joints_pos, 19.91, 44.56, -19.34, -76.17, 18.91, 59.79, 46.61, tool_torque, -1.478, 0.08, -0.094, joint_torque, -0.33, -8.45, -0.88, 5.67, 0.93, -1.32, -0.1, robot_mode, normal, 
30/11/2022 16:36:04:075, robot_pos, 1669825935126, 620.6, 98.85, 310.9, 2.27, -0.02, 3.08, circuit_pos, 619.88, 109.67, 310.15, 2.26, -0.02, 3.08, tool_force, -1.0, 2.06, -11.45, actual_rep, 1, curr_step, 24, track_size, 72, robot_vel, 40.87, joints_pos, 20.43, 44.56, -19.36, -76.08, 19.01, 59.83, 47.46, tool_torque, -1.5, 0.073, -0.117, joint_torque, -0.18, -8.62, -0.76, 5.77, 0.92, -1.34, -0.12, robot_mode, normal, 
30/11/2022 16:36:04:229, robot_pos, 1669825935273, 620.35, 104.59, 311.66, 2.26, -0.02, 3.08, circuit_pos, 619.73, 115.25, 310.98, 2.26, -0.02, 3.07, tool_force, -0.83, 2.14, -11.37, actual_rep, 1, curr_step, 25, track_size, 72, robot_vel, 42.93, joints_pos, 20.93, 44.57, -19.38, -75.92, 19.08, 59.91, 48.11, tool_torque, -1.5, 0.065, -0.131, joint_torque, -0.05, -8.52, -0.61, 5.73, 0.92, -1.35, -0.12, robot_mode, normal, 
30/11/2022 16:36:04:382, robot_pos, 1669825935425, 620.42, 110.56, 312.55, 2.26, -0.02, 3.07, circuit_pos, 619.61, 120.68, 311.81, 2.26, -0.02, 3.07, tool_force, -0.66, 2.49, -11.55, actual_rep, 1, curr_step, 26, track_size, 72, robot_vel, 43.07, joints_pos, 21.42, 44.59, -19.38, -75.74, 19.28, 59.88, 48.63, tool_torque, -1.376, 0.122, -0.15, joint_torque, 0.09, -8.58, -0.57, 5.75, 0.89, -1.23, -0.15, robot_mode, normal, 
30/11/2022 16:36:04:522, robot_pos, 1669825935572, 620.19, 116.21, 313.32, 2.26, -0.02, 3.07, circuit_pos, 619.45, 126.37, 312.42, 2.25, -0.02, 3.07, tool_force, -1.24, 2.54, -11.36, actual_rep, 1, curr_step, 27, track_size, 72, robot_vel, 35.5, joints_pos, 21.89, 44.58, -19.38, -75.65, 19.39, 59.8, 49.11, tool_torque, -1.371, 0.179, -0.157, joint_torque, 0.01, -8.44, -0.56, 5.74, 0.91, -1.25, -0.15, robot_mode, normal, 
30/11/2022 16:36:04:675, robot_pos, 1669825935722, 619.91, 121.99, 314.07, 2.26, -0.02, 3.07, circuit_pos, 619.15, 132.12, 312.83, 2.25, -0.02, 3.07, tool_force, -0.93, 2.56, -11.41, actual_rep, 1, curr_step, 28, track_size, 72, robot_vel, 28.69, joints_pos, 22.4, 44.6, -19.39, -75.49, 19.4, 59.8, 49.98, tool_torque, -1.39, 0.124, -0.161, joint_torque, 0.14, -8.45, -0.53, 5.75, 0.9, -1.3, -0.15, robot_mode, normal, 
30/11/2022 16:36:04:828, robot_pos, 1669825935870, 619.73, 127.81, 314.59, 2.25, -0.02, 3.07, circuit_pos, 618.9, 137.78, 313.01, 2.25, -0.02, 3.07, tool_force, -1.27, 2.24, -11.45, actual_rep, 1, curr_step, 29, track_size, 72, robot_vel, 40.37, joints_pos, 22.9, 44.67, -19.4, -75.28, 19.4, 59.88, 50.66, tool_torque, -1.53, 0.215, -0.154, joint_torque, -0.31, -8.58, -0.68, 5.77, 0.89, -1.38, -0.12, robot_mode, normal, 
30/11/2022 16:36:04:982, robot_pos, 1669825936019, 619.48, 133.51, 314.94, 2.25, -0.02, 3.07, circuit_pos, 618.68, 143.43, 313.21, 2.25, -0.02, 3.07, tool_force, -0.46, 2.38, -11.29, actual_rep, 1, curr_step, 30, track_size, 72, robot_vel, 44.29, joints_pos, 23.41, 44.75, -19.4, -75.07, 19.38, 59.95, 51.31, tool_torque, -1.522, 0.101, -0.154, joint_torque, 0.08, -8.73, -0.55, 5.9, 0.91, -1.41, -0.13, robot_mode, normal, 
30/11/2022 16:36:05:135, robot_pos, 1669825936167, 619.23, 139.3, 315.26, 2.25, -0.02, 3.06, circuit_pos, 618.69, 148.48, 313.26, 2.24, -0.02, 3.06, tool_force, -1.05, 2.27, -11.35, actual_rep, 1, curr_step, 31, track_size, 72, robot_vel, 36.97, joints_pos, 23.89, 44.85, -19.4, -74.85, 19.35, 60.03, 51.89, tool_torque, -1.532, 0.175, -0.136, joint_torque, -0.15, -8.46, -0.63, 5.81, 0.91, -1.43, -0.11, robot_mode, normal, 
30/11/2022 16:36:05:288, robot_pos, 1669825936317, 619.33, 145.2, 315.48, 2.24, -0.02, 3.06, circuit_pos, 618.64, 153.34, 313.12, 2.24, -0.02, 3.06, tool_force, -0.48, 2.48, -11.95, actual_rep, 1, curr_step, 32, track_size, 72, robot_vel, 43.62, joints_pos, 24.35, 44.92, -19.34, -74.67, 19.47, 59.82, 52.75, tool_torque, -1.313, 0.103, -0.091, joint_torque, -0.05, -8.83, -0.82, 5.85, 0.83, -1.27, -0.1, robot_mode, normal, 
30/11/2022 16:36:05:427, robot_pos, 1669825936464, 619.03, 150.88, 315.34, 2.24, -0.02, 3.06, circuit_pos, 618.01, 166.56, 311.61, 2.22, -0.01, 3.06, tool_force, -0.83, 2.58, -11.74, actual_rep, 1, curr_step, 35, track_size, 72, robot_vel, 40.2, joints_pos, 24.86, 45.02, -19.39, -74.55, 19.51, 59.64, 53.53, tool_torque, -1.365, 0.25, -0.108, joint_torque, -0.36, -8.79, -0.87, 5.85, 0.84, -1.29, -0.08, robot_mode, normal, 
30/11/2022 16:36:05:580, robot_pos, 1669825936616, 618.79, 156.94, 314.86, 2.23, -0.02, 3.06, circuit_pos, 617.74, 172.36, 310.59, 2.21, -0.01, 3.06, tool_force, -0.73, 2.88, -11.28, actual_rep, 1, curr_step, 37, track_size, 72, robot_vel, 39.23, joints_pos, 25.45, 45.18, -19.46, -74.35, 19.38, 59.52, 54.57, tool_torque, -1.349, 0.281, -0.125, joint_torque, 0.12, -8.47, -0.47, 5.84, 0.9, -1.3, -0.1, robot_mode, normal, 
30/11/2022 16:36:05:733, robot_pos, 1669825936763, 618.47, 162.55, 313.95, 2.23, -0.01, 3.06, circuit_pos, 617.3, 174.03, 309.36, 2.21, -0.01, 3.07, tool_force, -0.74, 2.75, -11.56, actual_rep, 1, curr_step, 39, track_size, 72, robot_vel, 39.4, joints_pos, 25.95, 45.38, -19.46, -74.15, 19.23, 59.45, 55.63, tool_torque, -1.447, 0.294, -0.138, joint_torque, -0.04, -8.79, -0.64, 5.9, 0.9, -1.37, -0.12, robot_mode, normal, 
30/11/2022 16:36:05:887, robot_pos, 1669825936912, 618.2, 168.41, 312.73, 2.22, -0.01, 3.06, circuit_pos, 617.53, 172.87, 309.29, 2.21, -0.01, 3.07, tool_force, -1.29, 1.97, -11.5, actual_rep, 1, curr_step, 42, track_size, 72, robot_vel, 38.8, joints_pos, 26.46, 45.66, -19.46, -73.85, 19.0, 59.54, 56.78, tool_torque, -1.611, 0.35, -0.143, joint_torque, -0.71, -8.81, -1.01, 5.8, 0.85, -1.49, -0.11, robot_mode, normal, 
30/11/2022 16:36:06:027, robot_pos, 1669825937059, 618.06, 173.32, 312.26, 2.21, -0.01, 3.07, circuit_pos, 617.6, 173.44, 310.34, 2.21, -0.01, 3.07, tool_force, -0.48, 2.25, -11.2, actual_rep, 1, curr_step, 45, track_size, 72, robot_vel, 30.07, joints_pos, 26.93, 45.89, -19.53, -73.52, 18.76, 59.75, 57.75, tool_torque, -1.512, 0.084, -0.067, joint_torque, 0.39, -8.56, -0.46, 5.89, 0.87, -1.53, -0.07, robot_mode, normal, 
30/11/2022 16:36:06:220, robot_pos, 1669825937208, 617.99, 173.55, 312.52, 2.21, -0.01, 3.07, circuit_pos, 617.62, 173.49, 309.59, 2.21, -0.01, 3.07, tool_force, -0.51, 3.75, -11.23, actual_rep, 1, curr_step, 47, track_size, 72, robot_vel, 6.39, joints_pos, 27.03, 45.91, -19.67, -73.5, 18.89, 59.79, 57.73, tool_torque, -1.224, 0.057, 0.125, joint_torque, 0.09, -8.55, -0.7, 6.05, 0.78, -1.46, 0.16, robot_mode, normal, 
30/11/2022 16:36:06:332, robot_pos, 1669825937357, 618.05, 173.66, 311.93, 2.21, -0.01, 3.07, circuit_pos, 617.74, 173.64, 309.48, 2.21, -0.01, 3.07, tool_force, -0.22, 2.95, -11.75, actual_rep, 1, curr_step, 48, track_size, 72, robot_vel, 8.02, joints_pos, 27.03, 45.95, -19.66, -73.5, 18.89, 59.77, 57.73, tool_torque, -1.297, 0.051, 0.085, joint_torque, 0.13, -8.99, -0.74, 6.04, 0.78, -1.41, 0.11, robot_mode, normal, 
30/11/2022 16:36:06:485, robot_pos, 1669825937505, 618.19, 173.68, 311.84, 2.21, -0.01, 3.07, circuit_pos, 617.75, 173.46, 309.48, 2.21, -0.01, 3.07, tool_force, -0.31, 2.83, -11.71, actual_rep, 1, curr_step, 51, track_size, 72, robot_vel, 1.08, joints_pos, 27.02, 45.97, -19.66, -73.48, 18.88, 59.75, 57.74, tool_torque, -1.327, 0.033, 0.075, joint_torque, 0.02, -8.95, -0.85, 5.99, 0.77, -1.43, 0.09, robot_mode, normal, 
30/11/2022 16:36:06:638, robot_pos, 1669825937654, 618.14, 173.8, 311.82, 2.21, -0.01, 3.07, circuit_pos, 617.72, 173.59, 309.52, 2.21, -0.01, 3.07, tool_force, -0.52, 3.02, -11.7, actual_rep, 1, curr_step, 54, track_size, 72, robot_vel, 2.22, joints_pos, 27.03, 45.96, -19.65, -73.48, 18.88, 59.75, 57.74, tool_torque, -1.309, 0.059, 0.058, joint_torque, 0.03, -8.84, -0.82, 5.99, 0.78, -1.43, 0.07, robot_mode, normal, 
30/11/2022 16:36:06:791, robot_pos, 1669825937804, 618.16, 173.73, 311.85, 2.21, -0.01, 3.07, circuit_pos, 617.72, 173.6, 309.54, 2.21, -0.01, 3.07, tool_force, -0.52, 3.17, -11.61, actual_rep, 1, curr_step, 56, track_size, 72, robot_vel, 0.82, joints_pos, 27.03, 45.96, -19.65, -73.48, 18.88, 59.75, 57.74, tool_torque, -1.305, 0.074, 0.068, joint_torque, 0.01, -8.82, -0.81, 6.01, 0.79, -1.44, 0.09, robot_mode, normal, 
30/11/2022 16:36:06:931, robot_pos, 1669825937953, 618.15, 173.76, 311.87, 2.21, -0.01, 3.07, circuit_pos, 617.7, 173.64, 309.53, 2.21, -0.01, 3.07, tool_force, -0.7, 3.29, -11.52, actual_rep, 1, curr_step, 59, track_size, 72, robot_vel, 0.15, joints_pos, 27.03, 45.96, -19.65, -73.48, 18.88, 59.75, 57.74, tool_torque, -1.287, 0.098, 0.059, joint_torque, -0.06, -8.74, -0.83, 6.01, 0.78, -1.44, 0.08, robot_mode, normal, 
30/11/2022 16:36:07:084, robot_pos, 1669825938101, 618.14, 173.77, 311.87, 2.21, -0.01, 3.07, circuit_pos, 617.7, 173.64, 309.53, 2.21, -0.01, 3.07, tool_force, -0.76, 3.26, -11.54, actual_rep, 1, curr_step, 61, track_size, 72, robot_vel, 0.02, joints_pos, 27.03, 45.96, -19.65, -73.48, 18.88, 59.75, 57.74, tool_torque, -1.282, 0.091, 0.056, joint_torque, -0.06, -8.73, -0.86, 6.01, 0.78, -1.44, 0.07, robot_mode, normal, 
30/11/2022 16:36:07:236, robot_pos, 1669825938253, 618.14, 173.77, 311.87, 2.21, -0.01, 3.07, circuit_pos, 617.71, 173.64, 309.53, 2.21, -0.01, 3.07, tool_force, -0.77, 3.25, -11.59, actual_rep, 1, curr_step, 64, track_size, 72, robot_vel, 0.06, joints_pos, 27.03, 45.96, -19.65, -73.48, 18.88, 59.75, 57.74, tool_torque, -1.285, 0.096, 0.056, joint_torque, -0.08, -8.74, -0.87, 6.01, 0.78, -1.44, 0.07, robot_mode, normal, 
30/11/2022 16:36:07:390, robot_pos, 1669825938400, 618.14, 173.76, 311.87, 2.21, -0.01, 3.07, circuit_pos, 617.71, 173.63, 309.53, 2.21, -0.01, 3.07, tool_force, -0.71, 3.2, -11.6, actual_rep, 1, curr_step, 66, track_size, 72, robot_vel, 0.04, joints_pos, 27.03, 45.96, -19.65, -73.48, 18.88, 59.75, 57.74, tool_torque, -1.291, 0.083, 0.059, joint_torque, -0.04, -8.75, -0.85, 6.01, 0.78, -1.44, 0.07, robot_mode, normal, 
30/11/2022 16:36:07:571, robot_pos, 1669825938550, 618.14, 173.76, 311.87, 2.21, -0.01, 3.07, circuit_pos, 617.71, 173.63, 309.53, 2.21, -0.01, 3.07, tool_force, -0.71, 3.16, -11.63, actual_rep, 1, curr_step, 69, track_size, 72, robot_vel, 0.01, joints_pos, 27.03, 45.96, -19.65, -73.48, 18.88, 59.75, 57.74, tool_torque, -1.296, 0.088, 0.057, joint_torque, -0.06, -8.77, -0.86, 6.01, 0.78, -1.44, 0.07, robot_mode, normal, 
30/11/2022 16:36:07:683, robot_pos, 1669825938699, 618.14, 173.76, 311.87, 2.21, -0.01, 3.07, circuit_pos, 617.71, 173.63, 309.53, 2.21, -0.01, 3.07, tool_force, -0.7, 3.12, -11.66, actual_rep, 1, curr_step, 71, track_size, 72, robot_vel, 0.01, joints_pos, 27.03, 45.96, -19.65, -73.48, 18.88, 59.75, 57.74, tool_torque, -1.302, 0.087, 0.056, joint_torque, -0.06, -8.8, -0.86, 6.01, 0.78, -1.44, 0.07, robot_mode, normal, 
30/11/2022 16:36:07:990, robot_pos, 1669825938995, 618.14, 173.76, 311.87, 2.21, -0.01, 3.07, circuit_pos, 617.71, 173.63, 309.53, 2.21, -0.01, 3.07, tool_force, -0.67, 3.06, -11.69, actual_rep, 1, curr_step, 67, track_size, 72, robot_vel, 0.01, joints_pos, 27.03, 45.96, -19.65, -73.48, 18.88, 59.75, 57.74, tool_torque, -1.309, 0.084, 0.056, joint_torque, -0.06, -8.82, -0.87, 6.01, 0.78, -1.44, 0.07, robot_mode, normal, 
30/11/2022 16:36:08:142, robot_pos, 1669825939146, 618.14, 173.76, 311.87, 2.21, -0.01, 3.07, circuit_pos, 617.71, 173.64, 309.53, 2.21, -0.01, 3.07, tool_force, -0.66, 3.04, -11.71, actual_rep, 1, curr_step, 64, track_size, 72, robot_vel, 0.0, joints_pos, 27.03, 45.96, -19.65, -73.48, 18.88, 59.75, 57.74, tool_torque, -1.313, 0.084, 0.056, joint_torque, -0.06, -8.84, -0.87, 6.01, 0.78, -1.44, 0.07, robot_mode, normal, 
30/11/2022 16:36:08:295, robot_pos, 1669825939293, 618.14, 173.76, 311.87, 2.21, -0.01, 3.07, circuit_pos, 617.7, 173.64, 309.53, 2.21, -0.01, 3.07, tool_force, -0.7, 3.03, -11.71, actual_rep, 1, curr_step, 62, track_size, 72, robot_vel, 0.03, joints_pos, 27.03, 45.96, -19.65, -73.48, 18.88, 59.75, 57.74, tool_torque, -1.316, 0.092, 0.054, joint_torque, -0.08, -8.84, -0.87, 6.01, 0.78, -1.44, 0.07, robot_mode, normal, 
30/11/2022 16:36:08:449, robot_pos, 1669825939444, 618.14, 173.76, 311.87, 2.21, -0.01, 3.07, circuit_pos, 617.7, 173.64, 309.53, 2.21, -0.01, 3.07, tool_force, -0.71, 3.12, -11.67, actual_rep, 1, curr_step, 59, track_size, 72, robot_vel, 0.02, joints_pos, 27.03, 45.96, -19.65, -73.48, 18.88, 59.75, 57.74, tool_torque, -1.305, 0.092, 0.054, joint_torque, -0.07, -8.82, -0.87, 6.02, 0.78, -1.44, 0.07, robot_mode, normal, 
30/11/2022 16:36:08:588, robot_pos, 1669825939593, 618.14, 173.76, 311.87, 2.21, -0.01, 3.07, circuit_pos, 617.72, 173.6, 309.54, 2.21, -0.01, 3.07, tool_force, -0.71, 3.15, -11.64, actual_rep, 1, curr_step, 56, track_size, 72, robot_vel, 0.03, joints_pos, 27.03, 45.96, -19.65, -73.48, 18.88, 59.75, 57.74, tool_torque, -1.297, 0.083, 0.057, joint_torque, -0.05, -8.79, -0.86, 6.01, 0.78, -1.44, 0.07, robot_mode, normal, 
30/11/2022 16:36:08:741, robot_pos, 1669825939741, 618.14, 173.74, 311.88, 2.21, -0.01, 3.07, circuit_pos, 617.72, 173.59, 309.52, 2.21, -0.01, 3.07, tool_force, -0.59, 3.14, -11.66, actual_rep, 1, curr_step, 54, track_size, 72, robot_vel, 0.22, joints_pos, 27.03, 45.96, -19.65, -73.48, 18.88, 59.75, 57.74, tool_torque, -1.293, 0.063, 0.068, joint_torque, -0.01, -8.8, -0.86, 6.02, 0.78, -1.44, 0.08, robot_mode, normal, 
30/11/2022 16:36:08:894, robot_pos, 1669825939889, 618.13, 173.78, 311.87, 2.21, -0.01, 3.07, circuit_pos, 617.75, 173.46, 309.48, 2.21, -0.01, 3.07, tool_force, -0.82, 3.16, -11.62, actual_rep, 1, curr_step, 51, track_size, 72, robot_vel, 0.57, joints_pos, 27.03, 45.96, -19.65, -73.48, 18.88, 59.75, 57.74, tool_torque, -1.299, 0.113, 0.049, joint_torque, -0.11, -8.79, -0.87, 6.01, 0.78, -1.44, 0.07, robot_mode, normal, 
30/11/2022 16:36:09:047, robot_pos, 1669825940039, 618.14, 173.64, 311.86, 2.21, -0.01, 3.07, circuit_pos, 617.74, 173.65, 309.52, 2.21, -0.01, 3.07, tool_force, -0.52, 3.28, -11.6, actual_rep, 1, curr_step, 49, track_size, 72, robot_vel, 1.64, joints_pos, 27.02, 45.96, -19.66, -73.49, 18.88, 59.75, 57.74, tool_torque, -1.273, 0.064, 0.1, joint_torque, -0.02, -8.76, -0.84, 6.0, 0.78, -1.43, 0.12, robot_mode, normal, 
30/11/2022 16:36:09:242, robot_pos, 1669825940226, 618.13, 173.66, 311.89, 2.21, -0.01, 3.07, circuit_pos, 617.63, 173.42, 309.99, 2.21, -0.01, 3.07, tool_force, -0.63, 3.29, -11.42, actual_rep, 1, curr_step, 46, track_size, 72, robot_vel, 0.44, joints_pos, 27.02, 45.95, -19.66, -73.49, 18.88, 59.75, 57.74, tool_torque, -1.252, 0.071, 0.088, joint_torque, -0.03, -8.59, -0.84, 5.99, 0.78, -1.44, 0.1, robot_mode, normal, 
30/11/2022 16:36:09:338, robot_pos, 1669825940336, 618.06, 173.6, 312.39, 2.21, -0.01, 3.07, circuit_pos, 617.6, 173.44, 310.34, 2.21, -0.01, 3.07, tool_force, -0.44, 3.05, -12.08, actual_rep, 1, curr_step, 45, track_size, 72, robot_vel, 1.93, joints_pos, 27.02, 45.9, -19.66, -73.49, 18.87, 59.8, 57.74, tool_torque, -1.36, 0.036, 0.088, joint_torque, 0.05, -9.11, -0.83, 6.18, 0.8, -1.5, 0.11, robot_mode, normal, 
30/11/2022 16:36:09:493, robot_pos, 1669825940484, 617.9, 173.33, 312.31, 2.21, -0.01, 3.07, circuit_pos, 617.53, 172.87, 309.29, 2.21, -0.01, 3.07, tool_force, -0.47, 3.78, -11.55, actual_rep, 1, curr_step, 42, track_size, 72, robot_vel, 5.9, joints_pos, 27.02, 45.89, -19.67, -73.54, 18.85, 59.76, 57.74, tool_torque, -1.222, 0.051, 0.121, joint_torque, 0.14, -8.73, -0.76, 6.07, 0.8, -1.42, 0.14, robot_mode, normal, 
30/11/2022 16:36:09:645, robot_pos, 1669825940634, 618.04, 173.02, 311.58, 2.21, -0.01, 3.07, circuit_pos, 617.3, 174.03, 309.36, 2.21, -0.01, 3.07, tool_force, 0.44, 3.92, -11.86, actual_rep, 1, curr_step, 39, track_size, 72, robot_vel, 4.12, joints_pos, 26.99, 45.94, -19.66, -73.56, 18.85, 59.68, 57.71, tool_torque, -1.095, -0.096, 0.187, joint_torque, 0.66, -8.8, -0.59, 6.16, 0.81, -1.37, 0.18, robot_mode, normal, 
30/11/2022 16:36:09:798, robot_pos, 1669825940782, 617.89, 174.08, 312.04, 2.21, -0.01, 3.07, circuit_pos, 617.74, 172.36, 310.59, 2.21, -0.01, 3.06, tool_force, -0.34, 3.45, -11.12, actual_rep, 1, curr_step, 37, track_size, 72, robot_vel, 13.42, joints_pos, 27.05, 45.92, -19.64, -73.52, 18.86, 59.75, 57.8, tool_torque, -1.213, -0.096, 0.115, joint_torque, 0.44, -8.48, -0.67, 6.02, 0.79, -1.49, 0.11, robot_mode, normal, 
30/11/2022 16:36:09:952, robot_pos, 1669825940931, 618.26, 171.97, 312.95, 2.21, -0.01, 3.06, circuit_pos, 618.26, 162.37, 312.13, 2.22, -0.01, 3.06, tool_force, -0.23, 4.27, -11.34, actual_rep, 1, curr_step, 34, track_size, 72, robot_vel, 15.81, joints_pos, 26.92, 45.72, -19.75, -73.78, 19.2, 59.33, 57.06, tool_torque, -0.887, -0.186, 0.395, joint_torque, 0.3, -8.23, -0.79, 5.99, 0.73, -1.35, 0.41, robot_mode, normal, 
30/11/2022 16:36:10:119, robot_pos, 1669825941078, 618.35, 165.99, 313.96, 2.22, -0.01, 3.06, circuit_pos, 618.64, 153.34, 313.12, 2.24, -0.02, 3.06, tool_force, 1.41, 4.47, -12.07, actual_rep, 1, curr_step, 32, track_size, 72, robot_vel, 37.62, joints_pos, 26.55, 45.48, -19.93, -74.09, 19.37, 59.3, 56.14, tool_torque, -0.957, -0.431, 0.354, joint_torque, 1.44, -8.69, -0.25, 6.21, 0.79, -1.38, 0.34, robot_mode, normal, 
30/11/2022 16:36:10:258, robot_pos, 1669825941231, 618.61, 160.19, 314.43, 2.23, -0.01, 3.06, circuit_pos, 618.68, 143.43, 313.21, 2.25, -0.02, 3.07, tool_force, -0.49, 3.89, -11.58, actual_rep, 1, curr_step, 30, track_size, 72, robot_vel, 37.31, joints_pos, 26.03, 45.33, -19.95, -74.29, 19.58, 59.44, 55.04, tool_torque, -1.142, -0.182, 0.328, joint_torque, 0.04, -8.55, -0.89, 6.02, 0.76, -1.47, 0.36, robot_mode, normal, 
30/11/2022 16:36:10:438, robot_pos, 1669825941408, 618.82, 153.33, 314.84, 2.24, -0.01, 3.06, circuit_pos, 618.68, 143.43, 313.21, 2.25, -0.02, 3.07, tool_force, 0.82, 4.04, -11.64, actual_rep, 1, curr_step, 30, track_size, 72, robot_vel, 35.3, joints_pos, 25.43, 45.19, -19.95, -74.46, 19.6, 59.73, 53.86, tool_torque, -1.171, -0.333, 0.342, joint_torque, 0.39, -8.88, -0.81, 6.14, 0.8, -1.48, 0.35, robot_mode, normal, 
30/11/2022 16:36:10:550, robot_pos, 1669825941527, 618.97, 148.67, 315.16, 2.24, -0.02, 3.06, circuit_pos, 618.68, 143.43, 313.21, 2.25, -0.02, 3.07, tool_force, 0.05, 3.78, -11.77, actual_rep, 1, curr_step, 30, track_size, 72, robot_vel, 39.77, joints_pos, 25.02, 45.1, -19.95, -74.56, 19.64, 59.94, 53.05, tool_torque, -1.161, -0.319, 0.348, joint_torque, 0.41, -8.66, -0.76, 6.07, 0.82, -1.48, 0.35, robot_mode, normal, 
30/11/2022 16:36:10:706, robot_pos, 1669825941675, 619.16, 142.91, 315.25, 2.25, -0.02, 3.07, circuit_pos, 618.9, 137.78, 313.01, 2.25, -0.02, 3.07, tool_force, 0.15, 4.1, -11.43, actual_rep, 1, curr_step, 29, track_size, 72, robot_vel, 38.9, joints_pos, 24.52, 45.0, -19.95, -74.74, 19.66, 60.05, 52.24, tool_torque, -1.114, -0.354, 0.345, joint_torque, 0.67, -8.64, -0.59, 6.15, 0.86, -1.47, 0.34, robot_mode, normal, 
30/11/2022 16:36:10:857, robot_pos, 1669825941824, 619.37, 137.09, 315.27, 2.25, -0.02, 3.07, circuit_pos, 619.15, 132.12, 312.83, 2.25, -0.02, 3.07, tool_force, 0.29, 4.01, -11.74, actual_rep, 1, curr_step, 28, track_size, 72, robot_vel, 37.74, joints_pos, 24.03, 44.88, -19.95, -74.94, 19.68, 60.06, 51.63, tool_torque, -1.092, -0.269, 0.341, joint_torque, 0.56, -8.62, -0.57, 6.1, 0.86, -1.4, 0.35, robot_mode, normal, 
30/11/2022 16:36:10:995, robot_pos, 1669825941972, 619.69, 131.33, 315.09, 2.25, -0.02, 3.07, circuit_pos, 619.45, 126.37, 312.42, 2.25, -0.02, 3.07, tool_force, -0.08, 4.01, -11.65, actual_rep, 1, curr_step, 27, track_size, 72, robot_vel, 39.49, joints_pos, 23.53, 44.79, -19.96, -75.13, 19.7, 60.03, 51.03, tool_torque, -1.01, -0.189, 0.336, joint_torque, 0.47, -8.51, -0.63, 6.02, 0.86, -1.29, 0.35, robot_mode, normal, 
30/11/2022 16:36:11:149, robot_pos, 1669825942121, 619.87, 125.55, 314.7, 2.25, -0.02, 3.07, circuit_pos, 619.61, 120.68, 311.81, 2.26, -0.02, 3.07, tool_force, 0.03, 4.02, -11.93, actual_rep, 1, curr_step, 26, track_size, 72, robot_vel, 35.25, joints_pos, 23.04, 44.71, -19.96, -75.34, 19.73, 59.98, 50.2, tool_torque, -0.974, -0.179, 0.319, joint_torque, 0.45, -8.56, -0.65, 6.04, 0.87, -1.25, 0.32, robot_mode, normal, 
30/11/2022 16:36:11:315, robot_pos, 1669825942276, 620.09, 119.4, 314.0, 2.26, -0.02, 3.07, circuit_pos, 619.73, 115.25, 310.98, 2.26, -0.02, 3.07, tool_force, -0.14, 4.11, -11.91, actual_rep, 1, curr_step, 25, track_size, 72, robot_vel, 41.37, joints_pos, 22.51, 44.65, -19.96, -75.56, 19.8, 59.88, 49.35, tool_torque, -0.94, -0.186, 0.313, joint_torque, 0.79, -8.47, -0.43, 6.08, 0.9, -1.22, 0.3, robot_mode, normal, 
30/11/2022 16:36:11:470, robot_pos, 1669825942426, 620.04, 113.52, 313.18, 2.26, -0.02, 3.07, circuit_pos, 619.96, 103.53, 309.26, 2.26, -0.02, 3.08, tool_force, -0.02, 3.8, -11.72, actual_rep, 1, curr_step, 23, track_size, 72, robot_vel, 42.16, joints_pos, 22.04, 44.63, -20.0, -75.74, 19.73, 59.95, 48.77, tool_torque, -1.13, -0.15, 0.309, joint_torque, 0.45, -8.5, -0.55, 6.01, 0.96, -1.34, 0.33, robot_mode, normal, 
30/11/2022 16:36:11:623, robot_pos, 1669825942574, 620.31, 107.94, 312.37, 2.26, -0.02, 3.07, circuit_pos, 620.25, 96.98, 308.51, 2.27, -0.02, 3.08, tool_force, 0.15, 4.05, -11.57, actual_rep, 1, curr_step, 22, track_size, 72, robot_vel, 38.15, joints_pos, 21.58, 44.66, -20.03, -75.83, 19.63, 60.02, 48.28, tool_torque, -1.136, -0.096, 0.277, joint_torque, 0.38, -8.57, -0.58, 6.03, 0.99, -1.3, 0.28, robot_mode, normal, 
30/11/2022 16:36:11:761, robot_pos, 1669825942725, 620.57, 102.12, 311.64, 2.26, -0.02, 3.08, circuit_pos, 620.25, 96.98, 308.51, 2.27, -0.02, 3.08, tool_force, 0.57, 4.12, -11.74, actual_rep, 1, curr_step, 22, track_size, 72, robot_vel, 39.41, joints_pos, 21.07, 44.66, -20.04, -75.96, 19.63, 60.02, 47.5, tool_torque, -1.041, -0.222, 0.325, joint_torque, 0.77, -8.47, -0.52, 5.96, 0.99, -1.26, 0.32, robot_mode, normal, 
30/11/2022 16:36:11:913, robot_pos, 1669825942871, 620.83, 96.12, 310.96, 2.27, -0.02, 3.08, circuit_pos, 620.78, 89.35, 307.67, 2.27, -0.01, 3.09, tool_force, -0.61, 3.69, -11.71, actual_rep, 1, curr_step, 21, track_size, 72, robot_vel, 39.65, joints_pos, 20.61, 44.65, -20.07, -76.08, 19.42, 59.99, 46.84, tool_torque, -1.06, -0.08, 0.299, joint_torque, 0.66, -8.33, -0.38, 5.9, 1.04, -1.19, 0.29, robot_mode, normal, 
30/11/2022 16:36:12:067, robot_pos, 1669825943022, 621.11, 90.6, 310.41, 2.27, -0.01, 3.08, circuit_pos, 621.28, 81.29, 306.83, 2.28, -0.01, 3.09, tool_force, -0.11, 3.82, -11.98, actual_rep, 1, curr_step, 20, track_size, 72, robot_vel, 33.44, joints_pos, 20.22, 44.66, -20.11, -76.16, 18.98, 59.96, 46.43, tool_torque, -1.03, -0.101, 0.349, joint_torque, 0.67, -8.55, -0.46, 5.99, 1.03, -1.17, 0.34, robot_mode, normal, 
30/11/2022 16:36:12:207, robot_pos, 1669825943169, 621.49, 84.71, 309.74, 2.28, -0.01, 3.09, circuit_pos, 621.58, 73.04, 305.87, 2.28, -0.01, 3.09, tool_force, 0.13, 3.9, -11.96, actual_rep, 1, curr_step, 19, track_size, 72, robot_vel, 42.92, joints_pos, 19.69, 44.68, -20.11, -76.25, 18.98, 59.92, 45.56, tool_torque, -1.043, -0.054, 0.305, joint_torque, 0.52, -8.54, -0.53, 5.95, 1.02, -1.14, 0.3, robot_mode, normal, 
30/11/2022 16:36:12:430, robot_pos, 1669825943336, 621.83, 78.04, 308.98, 2.28, -0.01, 3.09, circuit_pos, 621.58, 73.04, 305.87, 2.28, -0.01, 3.09, tool_force, 0.04, 3.89, -12.12, actual_rep, 1, curr_step, 19, track_size, 72, robot_vel, 36.77, joints_pos, 19.11, 44.68, -20.11, -76.37, 18.97, 59.84, 44.84, tool_torque, -0.982, -0.06, 0.308, joint_torque, 0.59, -8.44, -0.46, 5.88, 1.04, -1.11, 0.29, robot_mode, normal, 
30/11/2022 16:36:12:527, robot_pos, 1669825943467, 622.03, 73.17, 308.37, 2.28, -0.01, 3.09, circuit_pos, 621.7, 64.77, 304.79, 2.29, -0.01, 3.09, tool_force, -0.52, 3.58, -11.92, actual_rep, 1, curr_step, 18, track_size, 72, robot_vel, 24.86, joints_pos, 18.66, 44.68, -20.11, -76.48, 18.97, 59.76, 44.2, tool_torque, -1.027, -0.055, 0.319, joint_torque, 0.48, -8.51, -0.53, 5.91, 1.05, -1.1, 0.3, robot_mode, normal, 
30/11/2022 16:36:12:667, robot_pos, 1669825943617, 622.17, 67.33, 307.64, 2.29, -0.01, 3.09, circuit_pos, 621.78, 57.42, 303.83, 2.3, -0.01, 3.09, tool_force, -0.24, 3.57, -11.99, actual_rep, 1, curr_step, 17, track_size, 72, robot_vel, 45.02, joints_pos, 18.14, 44.68, -20.08, -76.6, 18.97, 59.69, 43.31, tool_torque, -0.999, -0.106, 0.324, joint_torque, 0.48, -8.57, -0.64, 5.88, 1.04, -1.09, 0.3, robot_mode, normal, 
30/11/2022 16:36:12:819, robot_pos, 1669825943764, 622.23, 61.57, 306.91, 2.29, -0.01, 3.09, circuit_pos, 621.68, 48.29, 302.56, 2.3, -0.02, 3.09, tool_force, -0.5, 3.62, -12.04, actual_rep, 1, curr_step, 16, track_size, 72, robot_vel, 39.95, joints_pos, 17.6, 44.67, -20.07, -76.73, 19.03, 59.62, 42.29, tool_torque, -0.922, -0.151, 0.319, joint_torque, 0.64, -8.45, -0.55, 5.85, 1.02, -1.06, 0.28, robot_mode, normal, 
30/11/2022 16:36:12:973, robot_pos, 1669825943915, 622.08, 55.77, 306.13, 2.3, -0.01, 3.09, circuit_pos, 621.68, 48.29, 302.56, 2.3, -0.02, 3.09, tool_force, -0.13, 3.71, -11.92, actual_rep, 1, curr_step, 16, track_size, 72, robot_vel, 38.91, joints_pos, 17.06, 44.68, -20.07, -76.85, 19.24, 59.66, 41.45, tool_torque, -1.018, -0.212, 0.315, joint_torque, 0.29, -8.38, -0.76, 5.82, 0.97, -1.17, 0.29, robot_mode, normal, 
30/11/2022 16:36:13:279, robot_pos, 1669825944215, 622.05, 44.1, 304.53, 2.3, -0.02, 3.09, circuit_pos, 621.3, 29.46, 300.25, 2.32, -0.02, 3.09, tool_force, -0.01, 3.52, -11.96, actual_rep, 1, curr_step, 14, track_size, 72, robot_vel, 36.53, joints_pos, 15.93, 44.75, -20.06, -77.0, 19.55, 59.75, 39.66, tool_torque, -1.017, -0.247, 0.293, joint_torque, 0.59, -8.45, -0.55, 5.81, 1.01, -1.13, 0.27, robot_mode, normal, 
30/11/2022 16:36:13:446, robot_pos, 1669825944363, 621.96, 38.29, 303.86, 2.31, -0.02, 3.09, circuit_pos, 621.3, 29.46, 300.25, 2.32, -0.02, 3.09, tool_force, -0.55, 3.34, -11.88, actual_rep, 1, curr_step, 14, track_size, 72, robot_vel, 40.26, joints_pos, 15.41, 44.76, -20.06, -77.08, 19.61, 59.75, 38.8, tool_torque, -1.03, -0.181, 0.286, joint_torque, 0.41, -8.42, -0.63, 5.77, 1.02, -1.09, 0.25, robot_mode, normal, 
30/11/2022 16:36:13:573, robot_pos, 1669825944512, 621.9, 32.49, 303.16, 2.32, -0.02, 3.09, circuit_pos, 621.22, 18.66, 299.53, 2.33, -0.02, 3.09, tool_force, -0.67, 3.37, -11.98, actual_rep, 1, curr_step, 13, track_size, 72, robot_vel, 37.32, joints_pos, 14.87, 44.78, -20.07, -77.17, 19.7, 59.71, 37.83, tool_torque, -0.982, -0.13, 0.247, joint_torque, 0.71, -8.35, -0.38, 5.75, 1.05, -1.0, 0.22, robot_mode, normal, 
30/11/2022 16:36:13:767, robot_pos, 1669825944660, 621.82, 26.69, 302.72, 2.32, -0.02, 3.09, circuit_pos, 621.22, 18.66, 299.53, 2.33, -0.02, 3.09, tool_force, -0.1, 3.64, -12.04, actual_rep, 1, curr_step, 13, track_size, 72, robot_vel, 39.88, joints_pos, 14.36, 44.78, -20.07, -77.24, 19.72, 59.7, 37.0, tool_torque, -0.929, -0.178, 0.253, joint_torque, 0.95, -8.38, -0.32, 5.75, 1.06, -0.97, 0.21, robot_mode, normal, 
30/11/2022 16:36:13:878, robot_pos, 1669825944809, 621.81, 20.88, 302.32, 2.33, -0.02, 3.09, circuit_pos, 621.31, 7.17, 299.27, 2.33, -0.02, 3.09, tool_force, -0.21, 3.73, -11.88, actual_rep, 1, curr_step, 12, track_size, 72, robot_vel, 40.34, joints_pos, 13.82, 44.8, -20.08, -77.28, 19.78, 59.69, 36.17, tool_torque, -1.029, -0.075, 0.219, joint_torque, 0.29, -8.46, -0.62, 5.71, 1.04, -0.98, 0.21, robot_mode, normal, 
30/11/2022 16:36:14:059, robot_pos, 1669825944957, 621.78, 15.14, 302.08, 2.33, -0.02, 3.09, circuit_pos, 621.31, 7.17, 299.27, 2.33, -0.02, 3.09, tool_force, -0.66, 3.36, -11.95, actual_rep, 1, curr_step, 12, track_size, 72, robot_vel, 39.67, joints_pos, 13.29, 44.8, -20.08, -77.32, 19.8, 59.69, 35.54, tool_torque, -1.025, -0.082, 0.219, joint_torque, 0.43, -8.43, -0.5, 5.74, 1.06, -0.97, 0.2, robot_mode, normal, 
30/11/2022 16:36:14:213, robot_pos, 1669825945113, 621.82, 9.0, 301.89, 2.33, -0.02, 3.09, circuit_pos, 621.4, -3.17, 299.31, 2.33, -0.02, 3.09, tool_force, -0.42, 3.33, -12.0, actual_rep, 1, curr_step, 11, track_size, 72, robot_vel, 39.75, joints_pos, 12.72, 44.81, -20.08, -77.33, 19.83, 59.7, 34.89, tool_torque, -1.024, -0.154, 0.22, joint_torque, 0.71, -8.32, -0.31, 5.68, 1.09, -1.0, 0.2, robot_mode, normal, 
30/11/2022 16:36:14:352, robot_pos, 1669825945255, 621.82, 3.51, 301.83, 2.33, -0.02, 3.09, circuit_pos, 621.4, -3.17, 299.31, 2.33, -0.02, 3.09, tool_force, -0.43, 3.16, -11.87, actual_rep, 1, curr_step, 11, track_size, 72, robot_vel, 38.1, joints_pos, 12.22, 44.82, -20.08, -77.33, 19.83, 59.72, 34.36, tool_torque, -1.056, -0.19, 0.219, joint_torque, 0.68, -8.38, -0.37, 5.68, 1.09, -1.01, 0.2, robot_mode, normal, 
30/11/2022 16:36:14:476, robot_pos, 1669825945404, 621.8, -2.28, 301.8, 2.33, -0.02, 3.09, circuit_pos, 621.41, -16.2, 299.67, 2.34, -0.02, 3.09, tool_force, -0.07, 3.33, -11.74, actual_rep, 1, curr_step, 10, track_size, 72, robot_vel, 47.3, joints_pos, 11.67, 44.82, -20.08, -77.33, 19.85, 59.75, 33.69, tool_torque, -1.12, -0.183, 0.204, joint_torque, 0.44, -8.35, -0.45, 5.59, 1.08, -1.02, 0.2, robot_mode, normal, 
30/11/2022 16:36:14:630, robot_pos, 1669825945552, 621.74, -8.01, 301.91, 2.33, -0.02, 3.09, circuit_pos, 621.41, -16.2, 299.67, 2.34, -0.02, 3.09, tool_force, -0.34, 2.73, -11.74, actual_rep, 1, curr_step, 10, track_size, 72, robot_vel, 43.92, joints_pos, 11.15, 44.82, -20.08, -77.31, 19.86, 59.8, 32.95, tool_torque, -1.182, -0.198, 0.212, joint_torque, 0.32, -8.33, -0.52, 5.51, 1.1, -1.03, 0.2, robot_mode, normal, 
30/11/2022 16:36:14:783, robot_pos, 1669825945702, 621.74, -13.81, 302.05, 2.34, -0.02, 3.09, circuit_pos, 621.3, -26.89, 300.2, 2.34, -0.02, 3.09, tool_force, -0.19, 2.53, -11.68, actual_rep, 1, curr_step, 9, track_size, 72, robot_vel, 36.93, joints_pos, 10.59, 44.83, -20.08, -77.27, 19.87, 59.86, 32.29, tool_torque, -1.143, -0.289, 0.186, joint_torque, 0.91, -8.4, -0.18, 5.51, 1.13, -0.99, 0.16, robot_mode, normal, 
30/11/2022 16:36:14:964, robot_pos, 1669825945850, 621.65, -19.61, 302.26, 2.34, -0.02, 3.09, circuit_pos, 621.3, -26.89, 300.2, 2.34, -0.02, 3.09, tool_force, 0.32, 2.82, -11.73, actual_rep, 1, curr_step, 9, track_size, 72, robot_vel, 39.85, joints_pos, 10.05, 44.83, -20.08, -77.23, 19.88, 59.94, 31.69, tool_torque, -1.169, -0.265, 0.185, joint_torque, 0.57, -8.37, -0.4, 5.45, 1.12, -1.0, 0.17, robot_mode, normal, 
30/11/2022 16:36:15:076, robot_pos, 1669825945999, 621.58, -25.38, 302.47, 2.34, -0.02, 3.09, circuit_pos, 621.1, -36.42, 300.61, 2.35, -0.02, 3.09, tool_force, -0.43, 2.35, -11.53, actual_rep, 1, curr_step, 8, track_size, 72, robot_vel, 35.55, joints_pos, 9.51, 44.84, -20.08, -77.18, 19.88, 60.01, 30.99, tool_torque, -1.21, -0.207, 0.184, joint_torque, 0.33, -8.26, -0.44, 5.41, 1.13, -1.0, 0.18, robot_mode, normal, 
30/11/2022 16:36:15:228, robot_pos, 1669825946150, 621.49, -31.26, 302.72, 2.35, -0.02, 3.09, circuit_pos, 620.58, -46.71, 300.66, 2.36, -0.01, 3.09, tool_force, 0.66, 2.87, -11.68, actual_rep, 1, curr_step, 7, track_size, 72, robot_vel, 38.42, joints_pos, 8.96, 44.86, -20.08, -77.11, 19.89, 60.11, 30.19, tool_torque, -1.122, -0.345, 0.175, joint_torque, 0.95, -8.38, -0.22, 5.43, 1.14, -0.98, 0.15, robot_mode, normal, 
30/11/2022 16:36:15:382, robot_pos, 1669825946299, 621.38, -37.17, 302.86, 2.35, -0.02, 3.09, circuit_pos, 620.58, -46.71, 300.66, 2.36, -0.01, 3.09, tool_force, -0.27, 2.68, -11.83, actual_rep, 1, curr_step, 7, track_size, 72, robot_vel, 40.04, joints_pos, 8.45, 44.86, -20.13, -77.08, 19.85, 60.06, 29.37, tool_torque, -1.141, -0.086, 0.166, joint_torque, 0.68, -8.3, -0.19, 5.4, 1.19, -0.82, 0.15, robot_mode, normal, 
30/11/2022 16:36:15:549, robot_pos, 1669825946449, 621.21, -42.88, 302.91, 2.36, -0.01, 3.09, circuit_pos, 620.04, -56.04, 300.07, 2.37, -0.01, 3.09, tool_force, -0.52, 2.93, -11.6, actual_rep, 1, curr_step, 6, track_size, 72, robot_vel, 36.45, joints_pos, 7.97, 44.86, -20.14, -77.08, 19.74, 59.95, 28.63, tool_torque, -1.11, -0.021, 0.18, joint_torque, 0.73, -8.18, -0.19, 5.37, 1.23, -0.78, 0.15, robot_mode, normal, 
30/11/2022 16:36:15:674, robot_pos, 1669825946596, 620.82, -48.55, 302.8, 2.36, -0.01, 3.09, circuit_pos, 620.04, -56.04, 300.07, 2.37, -0.01, 3.09, tool_force, -0.5, 3.05, -11.76, actual_rep, 1, curr_step, 6, track_size, 72, robot_vel, 36.7, joints_pos, 7.46, 44.86, -20.14, -77.1, 19.73, 59.9, 27.77, tool_torque, -1.084, -0.05, 0.159, joint_torque, 0.72, -8.16, -0.18, 5.39, 1.24, -0.77, 0.13, robot_mode, normal, 
30/11/2022 16:36:15:828, robot_pos, 1669825946749, 620.37, -54.55, 302.41, 2.37, -0.01, 3.09, circuit_pos, 619.15, -64.3, 298.91, 2.37, -0.01, 3.09, tool_force, -0.69, 2.71, -11.68, actual_rep, 1, curr_step, 5, track_size, 72, robot_vel, 38.71, joints_pos, 6.91, 44.9, -20.14, -77.1, 19.72, 59.87, 26.99, tool_torque, -1.149, 0.0070, 0.145, joint_torque, 0.45, -8.17, -0.32, 5.34, 1.24, -0.75, 0.11, robot_mode, normal, 
30/11/2022 16:36:15:982, robot_pos, 1669825946894, 619.95, -60.23, 301.84, 2.37, -0.01, 3.09, circuit_pos, 617.78, -71.85, 297.69, 2.37, -0.01, 3.09, tool_force, -0.56, 2.39, -12.1, actual_rep, 1, curr_step, 4, track_size, 72, robot_vel, 37.93, joints_pos, 6.37, 44.96, -20.14, -77.09, 19.73, 59.83, 26.34, tool_torque, -1.142, -0.069, 0.182, joint_torque, 0.78, -8.42, -0.21, 5.37, 1.26, -0.72, 0.14, robot_mode, normal, 
30/11/2022 16:36:16:175, robot_pos, 1669825947045, 619.23, -66.09, 301.05, 2.37, -0.01, 3.09, circuit_pos, 617.78, -71.85, 297.69, 2.37, -0.01, 3.09, tool_force, -0.49, 3.07, -11.78, actual_rep, 1, curr_step, 4, track_size, 72, robot_vel, 40.62, joints_pos, 5.83, 45.01, -20.13, -77.12, 19.77, 59.78, 25.7, tool_torque, -1.081, -0.02, 0.152, joint_torque, 0.52, -8.17, -0.35, 5.35, 1.2, -0.72, 0.12, robot_mode, normal, 
30/11/2022 16:36:16:287, robot_pos, 1669825947191, 618.38, -71.86, 300.22, 2.37, -0.01, 3.09, circuit_pos, 616.23, -78.75, 296.86, 2.37, 0.0, 3.09, tool_force, -0.43, 3.15, -12.1, actual_rep, 1, curr_step, 3, track_size, 72, robot_vel, 39.46, joints_pos, 5.32, 45.02, -20.14, -77.26, 19.78, 59.53, 25.11, tool_torque, -1.012, -0.018, 0.145, joint_torque, 0.8, -8.38, -0.17, 5.49, 1.2, -0.69, 0.12, robot_mode, normal, 
30/11/2022 16:36:16:482, robot_pos, 1669825947344, 617.16, -77.67, 299.68, 2.37, 0.0, 3.09, circuit_pos, 615.03, -85.14, 296.67, 2.36, 0.0, 3.09, tool_force, -1.02, 3.35, -12.06, actual_rep, 1, curr_step, 2, track_size, 72, robot_vel, 41.11, joints_pos, 4.9, 44.97, -20.23, -77.47, 19.71, 59.2, 24.72, tool_torque, -1.05, 0.05, 0.129, joint_torque, 0.94, -8.39, -0.05, 5.54, 1.28, -0.64, 0.09, robot_mode, normal, 
30/11/2022 16:36:16:579, robot_pos, 1669825947488, 616.06, -83.48, 299.43, 2.36, 0.0, 3.09, circuit_pos, 614.3, -90.51, 297.41, 2.34, 0.0, 3.1, tool_force, -1.85, 2.95, -11.68, actual_rep, 1, curr_step, 1, track_size, 72, robot_vel, 43.55, joints_pos, 4.41, 44.94, -20.28, -77.58, 19.69, 59.07, 24.55, tool_torque, -1.153, 0.171, 0.104, joint_torque, 0.42, -7.98, -0.26, 5.39, 1.28, -0.68, 0.05, robot_mode, normal, 
30/11/2022 16:36:16:734, robot_pos, 1669825947639, 614.99, -89.17, 299.67, 2.34, 0.0, 3.09, circuit_pos, 613.86, -94.17, 298.82, 2.34, 0.01, 3.1, tool_force, 0.01, 2.45, -11.85, actual_rep, 1, curr_step, 0, track_size, 72, robot_vel, 38.24, joints_pos, 4.04, 44.94, -20.42, -77.57, 19.33, 59.18, 25.34, tool_torque, -1.295, -0.164, -0.127, joint_torque, 1.4, -8.34, 0.19, 5.39, 1.3, -0.8, -0.21, robot_mode, normal, 
30/11/2022 16:36:16:886, robot_pos, 1669825947789, 614.76, -90.25, 299.76, 2.34, 0.0, 3.1, circuit_pos, 613.86, -94.17, 298.82, 2.34, 0.01, 3.1, tool_force, 0.19, 2.62, -11.87, actual_rep, 1, curr_step, 0, track_size, 72, robot_vel, 5.02, joints_pos, 3.88, 44.93, -20.3, -77.54, 19.13, 59.25, 25.48, tool_torque, -1.111, -0.25, 0.0050, joint_torque, 1.18, -8.25, -0.32, 5.34, 1.29, -0.78, -0.16, robot_mode, normal, 
30/11/2022 16:36:17:038, robot_pos, 1669825947938, 614.7, -90.39, 299.87, 2.34, 0.0, 3.1, circuit_pos, 613.86, -94.17, 298.82, 2.34, 0.01, 3.1, tool_force, -0.67, 2.31, -11.68, actual_rep, 1, curr_step, 0, track_size, 72, robot_vel, 0.96, joints_pos, 3.88, 44.91, -20.29, -77.54, 19.04, 59.24, 25.53, tool_torque, -1.141, -0.122, 0.0050, joint_torque, 0.69, -8.16, -0.51, 5.34, 1.24, -0.78, -0.12, robot_mode, normal, 
30/11/2022 16:36:17:192, robot_pos, 1669825948089, 614.68, -90.42, 299.81, 2.34, 0.0, 3.1, circuit_pos, 613.86, -94.17, 298.82, 2.34, 0.01, 3.1, tool_force, -0.85, 1.99, -12.03, actual_rep, 2, curr_step, 0, track_size, 72, robot_vel, 1.49, joints_pos, 3.88, 44.92, -20.29, -77.55, 19.05, 59.23, 25.53, tool_torque, -1.19, -0.085, 0.0030, joint_torque, 0.52, -8.3, -0.56, 5.38, 1.22, -0.77, -0.1, robot_mode, normal, 
