08/06/2022 15:33:41: File Created!
08/06/2022 15:33:41:672, robot_pos, 1654698695677, 600.73, -167.31, 324.99, 2.36, 0.03, 3.09, circuit_pos, 599.59, -167.21, 324.59, 2.36, 0.03, 3.09, tool_force, -3.47, 1.0, -0.04, actual_rep, 1, curr_step, 1, track_size, 143, robot_vel, 26.69, joints_pos, -4.21, 42.68, -18.69, -76.86, 16.53, 59.95, 18.91, tool_torque, 0.501, -0.937, 0.1, joint_torque, -0.65, -0.54, -1.25, 1.67, -0.61, -1.17, 0.08, robot_mode, normal, 
08/06/2022 15:33:41:785, robot_pos, 1654698695816, 600.4, -167.47, 324.65, 2.36, 0.03, 3.09, circuit_pos, 599.59, -167.21, 324.59, 2.36, 0.03, 3.09, tool_force, -3.31, 1.68, -0.44, actual_rep, 1, curr_step, 1, track_size, 143, robot_vel, 26.69, joints_pos, -4.22, 42.68, -18.69, -76.92, 16.52, 59.92, 18.85, tool_torque, 0.564, -0.976, 0.204, joint_torque, -0.27, -0.91, -1.11, 2.02, -0.5, -1.23, 0.16, robot_mode, normal, 
08/06/2022 15:33:41:977, robot_pos, 1654698695972, 600.69, -167.53, 324.75, 2.36, 0.03, 3.09, circuit_pos, 599.67, -167.41, 324.98, 2.36, 0.03, 3.09, tool_force, -3.35, 1.29, 0.81, actual_rep, 1, curr_step, 2, track_size, 143, robot_vel, 4.86, joints_pos, -4.2, 42.7, -18.69, -76.87, 16.37, 59.91, 18.95, tool_torque, 0.372, -1.033, 0.035, joint_torque, -0.26, 0.05, -0.88, 1.41, -0.51, -1.26, 0.0, robot_mode, normal, 
08/06/2022 15:33:42:059, robot_pos, 1654698696120, 600.78, -167.91, 325.83, 2.36, 0.04, 3.09, circuit_pos, 601.36, -167.67, 331.84, 2.37, 0.04, 3.11, tool_force, -2.43, 1.14, 0.6, actual_rep, 1, curr_step, 5, track_size, 143, robot_vel, 5.45, joints_pos, -4.23, 42.61, -18.69, -76.83, 16.29, 59.9, 18.65, tool_torque, 0.545, -1.185, 0.243, joint_torque, -0.09, -0.54, -0.89, 1.59, -0.43, -1.29, 0.18, robot_mode, normal, 
08/06/2022 15:33:42:279, robot_pos, 1654698696273, 601.74, -167.82, 331.84, 2.37, 0.04, 3.11, circuit_pos, 603.46, -167.34, 343.89, 2.38, 0.06, 3.14, tool_force, -2.05, 0.65, 0.61, actual_rep, 1, curr_step, 8, track_size, 143, robot_vel, 45.82, joints_pos, -4.04, 42.32, -18.69, -76.34, 14.99, 60.55, 19.12, tool_torque, -0.0070, -1.125, -0.066, joint_torque, -0.34, -0.35, -0.7, 1.45, -0.4, -1.4, -0.07, robot_mode, normal, 
08/06/2022 15:33:42:328, robot_pos, 1654698696422, 602.74, -167.9, 337.21, 2.38, 0.05, 3.12, circuit_pos, 605.11, -165.8, 351.92, 2.39, 0.07, -3.12, tool_force, -3.14, 0.27, 1.6, actual_rep, 1, curr_step, 10, track_size, 143, robot_vel, 38.58, joints_pos, -3.88, 42.05, -18.69, -75.92, 13.83, 60.97, 19.55, tool_torque, -0.191, -0.771, -0.152, joint_torque, -0.27, 0.06, -0.31, 1.38, -0.19, -1.27, -0.14, robot_mode, normal, 
08/06/2022 15:33:42:579, robot_pos, 1654698696575, 603.83, -166.75, 343.03, 2.38, 0.06, 3.14, circuit_pos, 607.17, -161.73, 364.27, 2.4, 0.09, -3.07, tool_force, -2.82, 0.92, 1.17, actual_rep, 1, curr_step, 13, track_size, 143, robot_vel, 37.2, joints_pos, -3.54, 41.77, -18.69, -75.45, 12.27, 61.57, 20.44, tool_torque, -0.241, -0.922, -0.142, joint_torque, -0.33, -0.42, -0.4, 1.52, -0.21, -1.33, -0.13, robot_mode, normal, 
08/06/2022 15:33:42:629, robot_pos, 1654698696725, 604.9, -165.48, 348.83, 2.39, 0.07, -3.12, circuit_pos, 607.17, -161.73, 364.27, 2.4, 0.09, -3.07, tool_force, -2.92, 1.64, 1.45, actual_rep, 1, curr_step, 13, track_size, 143, robot_vel, 38.77, joints_pos, -3.2, 41.51, -18.69, -74.97, 10.7, 62.21, 21.37, tool_torque, -0.208, -0.924, -0.121, joint_torque, 0.0, -0.07, -0.19, 1.47, -0.18, -1.34, -0.12, robot_mode, normal, 
08/06/2022 15:33:42:831, robot_pos, 1654698696873, 605.9, -164.22, 354.54, 2.39, 0.08, -3.1, circuit_pos, 607.17, -161.73, 364.27, 2.4, 0.09, -3.07, tool_force, -2.78, 1.42, 1.12, actual_rep, 1, curr_step, 13, track_size, 143, robot_vel, 39.05, joints_pos, -2.85, 41.27, -18.69, -74.5, 9.14, 62.88, 22.25, tool_torque, -0.233, -0.959, -0.115, joint_torque, 0.32, -0.17, 0.05, 1.54, -0.12, -1.35, -0.11, robot_mode, normal, 
08/06/2022 15:33:43:138, robot_pos, 1654698697176, 607.98, -160.95, 366.23, 2.4, 0.09, -3.06, circuit_pos, 609.05, -157.6, 373.96, 2.4, 0.1, -3.03, tool_force, -3.31, 1.16, 1.22, actual_rep, 1, curr_step, 15, track_size, 143, robot_vel, 41.37, joints_pos, -2.11, 40.9, -18.69, -73.31, 6.06, 64.74, 24.08, tool_torque, -0.234, -0.901, -0.089, joint_torque, -0.17, 0.02, -0.24, 1.61, -0.2, -1.44, -0.08, robot_mode, normal, 
08/06/2022 15:33:43:413, robot_pos, 1654698697479, 610.06, -155.92, 377.87, 2.4, 0.11, -3.02, circuit_pos, 610.7, -153.31, 382.76, 2.4, 0.11, -3.0, tool_force, -2.5, 1.44, 1.54, actual_rep, 1, curr_step, 17, track_size, 143, robot_vel, 47.4, joints_pos, -1.2, 40.5, -18.69, -72.29, 2.97, 66.42, 26.32, tool_torque, -0.104, -0.831, -0.059, joint_torque, 0.28, 0.19, 0.04, 1.21, -0.22, -1.18, -0.06, robot_mode, normal, 
08/06/2022 15:33:43:635, robot_pos, 1654698697629, 611.32, -153.16, 383.71, 2.4, 0.12, -2.99, circuit_pos, 612.68, -148.32, 392.56, 2.39, 0.13, -2.97, tool_force, -2.92, 1.78, 1.66, actual_rep, 1, curr_step, 19, track_size, 143, robot_vel, 43.14, joints_pos, -0.7, 40.4, -18.69, -71.62, 1.27, 67.51, 27.84, tool_torque, -0.081, -0.686, -0.079, joint_torque, 0.18, 0.49, 0.08, 1.07, -0.21, -1.08, -0.08, robot_mode, normal, 
08/06/2022 15:33:43:683, robot_pos, 1654698697778, 612.54, -150.12, 389.42, 2.39, 0.13, -2.98, circuit_pos, 613.81, -145.58, 397.5, 2.39, 0.14, -2.95, tool_force, -2.59, 0.82, 1.54, actual_rep, 1, curr_step, 20, track_size, 143, robot_vel, 43.05, joints_pos, -0.25, 40.21, -18.69, -71.12, 0.11, 68.27, 28.97, tool_torque, 0.044, -0.71, -0.076, joint_torque, -0.13, 0.64, -0.21, 0.68, -0.4, -0.91, -0.07, robot_mode, normal, 
08/06/2022 15:33:43:937, robot_pos, 1654698697927, 613.74, -146.93, 395.44, 2.39, 0.14, -2.95, circuit_pos, 614.75, -143.33, 402.14, 2.4, 0.15, -2.94, tool_force, -1.84, 2.39, 1.24, actual_rep, 1, curr_step, 21, track_size, 143, robot_vel, 47.34, joints_pos, 0.29, 40.03, -18.69, -70.61, -1.51, 69.03, 30.17, tool_torque, -0.025, -0.71, -0.049, joint_torque, 0.92, 0.62, 0.51, 0.93, -0.14, -0.91, -0.06, robot_mode, normal, 
08/06/2022 15:33:43:956, robot_pos, 1654698698077, 614.94, -144.24, 401.01, 2.4, 0.15, -2.94, circuit_pos, 615.82, -140.88, 406.9, 2.4, 0.16, -2.93, tool_force, -1.62, 1.74, 1.08, actual_rep, 1, curr_step, 22, track_size, 143, robot_vel, 43.63, joints_pos, 0.7, 39.81, -18.69, -70.19, -2.57, 69.55, 30.69, tool_torque, 0.095, -0.602, -0.069, joint_torque, 0.34, 0.94, 0.12, 0.48, -0.33, -0.8, -0.07, robot_mode, normal, 
08/06/2022 15:33:44:222, robot_pos, 1654698698228, 616.09, -141.62, 406.32, 2.4, 0.17, -2.92, circuit_pos, 616.77, -138.75, 411.48, 2.4, 0.18, -2.91, tool_force, -1.74, 1.0, 1.24, actual_rep, 1, curr_step, 23, track_size, 143, robot_vel, 44.09, joints_pos, 1.17, 39.61, -18.69, -69.82, -3.97, 69.96, 31.58, tool_torque, 0.126, -0.657, -0.079, joint_torque, 0.1, 0.44, -0.09, 0.52, -0.33, -0.73, -0.08, robot_mode, normal, 
08/06/2022 15:33:44:384, robot_pos, 1654698698376, 617.15, -138.67, 411.82, 2.4, 0.18, -2.91, circuit_pos, 618.12, -133.17, 423.36, 2.41, 0.22, -2.87, tool_force, -2.13, 1.94, 1.95, actual_rep, 1, curr_step, 26, track_size, 143, robot_vel, 47.99, joints_pos, 1.69, 39.38, -18.69, -69.48, -5.5, 70.36, 32.59, tool_torque, 0.214, -0.65, -0.105, joint_torque, 0.22, 1.21, -0.01, 0.31, -0.45, -0.76, -0.11, robot_mode, normal, 
08/06/2022 15:33:44:516, robot_pos, 1654698698526, 617.83, -136.09, 417.59, 2.41, 0.2, -2.89, circuit_pos, 618.66, -129.34, 431.24, 2.42, 0.24, -2.84, tool_force, -0.89, 1.78, 0.76, actual_rep, 1, curr_step, 28, track_size, 143, robot_vel, 38.59, joints_pos, 2.23, 39.09, -18.69, -69.25, -7.26, 70.65, 33.61, tool_torque, -0.043, -0.46, -0.147, joint_torque, 0.48, 0.74, 0.36, 0.42, -0.18, -0.66, -0.15, robot_mode, sine_overlay, 
08/06/2022 15:33:44:609, robot_pos, 1654698698677, 618.23, -133.25, 423.41, 2.41, 0.22, -2.87, circuit_pos, 618.66, -129.34, 431.24, 2.42, 0.24, -2.84, tool_force, -2.08, 1.99, 2.25, actual_rep, 1, curr_step, 28, track_size, 143, robot_vel, 40.65, joints_pos, 2.75, 38.77, -18.69, -69.03, -8.81, 71.01, 34.58, tool_torque, -0.065, -0.441, -0.177, joint_torque, 0.13, 0.93, 0.18, 0.42, -0.25, -0.77, -0.17, robot_mode, sine_overlay, 
08/06/2022 15:33:44:730, robot_pos, 1654698698825, 618.77, -130.66, 427.67, 2.41, 0.23, -2.86, circuit_pos, 618.66, -129.34, 431.24, 2.42, 0.24, -2.84, tool_force, 0.8, 1.24, 0.44, actual_rep, 1, curr_step, 28, track_size, 143, robot_vel, 34.82, joints_pos, 3.11, 38.6, -18.69, -68.78, -9.61, 71.44, 35.21, tool_torque, 0.312, -0.813, -0.063, joint_torque, 1.01, 0.34, 0.23, 0.23, -0.46, -0.5, -0.08, robot_mode, sine_overlay, 
08/06/2022 15:33:44:912, robot_pos, 1654698698960, 618.97, -130.8, 427.34, 2.41, 0.23, -2.86, circuit_pos, 619.16, -127.3, 435.32, 2.42, 0.26, -2.83, tool_force, -0.59, 0.96, 0.28, actual_rep, 1, curr_step, 29, track_size, 143, robot_vel, 3.84, joints_pos, 3.11, 38.63, -18.69, -68.78, -9.63, 71.34, 35.21, tool_torque, 0.355, -0.594, 0.015, joint_torque, 0.19, 0.3, -0.28, 0.44, -0.56, -0.46, 0.01, robot_mode, sine_overlay, 
08/06/2022 15:33:45:014, robot_pos, 1654698699105, 619.99, -129.55, 430.77, 2.42, 0.25, -2.84, circuit_pos, 619.74, -125.04, 439.88, 2.43, 0.27, -2.81, tool_force, -1.65, 1.93, 1.85, actual_rep, 1, curr_step, 30, track_size, 143, robot_vel, 28.34, joints_pos, 3.45, 38.59, -18.69, -68.46, -11.09, 71.62, 35.75, tool_torque, -0.021, -0.37, -0.154, joint_torque, 0.34, 0.82, 0.32, 0.31, -0.16, -0.59, -0.14, robot_mode, sine_overlay, 
08/06/2022 15:33:45:215, robot_pos, 1654698699255, 620.63, -126.82, 434.67, 2.43, 0.27, -2.81, circuit_pos, 619.74, -125.04, 439.88, 2.43, 0.27, -2.81, tool_force, -0.66, 2.82, 1.18, actual_rep, 1, curr_step, 30, track_size, 143, robot_vel, 33.22, joints_pos, 4.07, 38.47, -18.69, -68.35, -13.18, 71.85, 36.78, tool_torque, 0.021, -0.278, -0.141, joint_torque, 0.96, 1.27, 0.78, 0.0, 0.0, -0.49, -0.15, robot_mode, sine_overlay, 
08/06/2022 15:33:45:316, robot_pos, 1654698699402, 620.64, -125.53, 437.3, 2.43, 0.27, -2.81, circuit_pos, 620.28, -122.66, 444.57, 2.44, 0.29, -2.79, tool_force, -1.42, 1.6, 1.51, actual_rep, 1, curr_step, 31, track_size, 143, robot_vel, 23.12, joints_pos, 4.25, 38.3, -18.69, -68.28, -13.6, 71.98, 36.9, tool_torque, 0.0010, -0.311, -0.106, joint_torque, 0.11, 1.13, 0.24, 0.18, -0.19, -0.57, -0.09, robot_mode, sine_overlay, 
08/06/2022 15:33:45:516, robot_pos, 1654698699553, 621.44, -123.76, 441.6, 2.44, 0.29, -2.79, circuit_pos, 620.63, -120.19, 449.21, 2.45, 0.3, -2.77, tool_force, -0.66, 2.66, 1.12, actual_rep, 1, curr_step, 32, track_size, 143, robot_vel, 30.24, joints_pos, 4.64, 38.18, -18.69, -68.01, -14.97, 72.29, 37.42, tool_torque, -0.041, -0.273, -0.167, joint_torque, 0.84, 1.17, 0.72, 0.01, -0.03, -0.46, -0.16, robot_mode, sine_overlay, 
08/06/2022 15:33:45:630, robot_pos, 1654698699703, 621.81, -119.6, 449.39, 2.45, 0.3, -2.77, circuit_pos, 620.7, -114.9, 457.62, 2.46, 0.32, -2.74, tool_force, -1.2, 3.06, 2.71, actual_rep, 1, curr_step, 34, track_size, 143, robot_vel, 57.57, joints_pos, 5.21, 37.89, -18.69, -67.46, -16.31, 73.34, 37.93, tool_torque, 0.082, -0.288, -0.131, joint_torque, 0.5, 2.25, 0.61, -0.33, -0.08, -0.59, -0.13, robot_mode, sine_overlay, 
08/06/2022 15:33:45:833, robot_pos, 1654698699850, 622.14, -114.03, 457.87, 2.45, 0.32, -2.75, circuit_pos, 620.98, -108.42, 463.87, 2.46, 0.34, -2.71, tool_force, -0.78, 2.75, 2.88, actual_rep, 1, curr_step, 36, track_size, 143, robot_vel, 69.01, joints_pos, 5.94, 37.61, -18.69, -66.89, -17.87, 74.5, 38.69, tool_torque, 0.084, -0.533, -0.129, joint_torque, 0.66, 1.88, 0.58, -0.3, -0.17, -0.67, -0.13, robot_mode, sine_overlay, 
08/06/2022 15:33:45:931, robot_pos, 1654698700000, 622.47, -108.52, 463.86, 2.46, 0.34, -2.72, circuit_pos, 622.9, -96.75, 470.76, 2.48, 0.37, -2.67, tool_force, -0.77, 3.57, 3.01, actual_rep, 1, curr_step, 39, track_size, 143, robot_vel, 52.42, joints_pos, 6.78, 37.45, -18.69, -66.58, -20.01, 75.36, 39.9, tool_torque, -0.063, -0.339, -0.108, joint_torque, 0.8, 2.4, 0.94, -0.48, 0.11, -0.67, -0.11, robot_mode, sine_overlay, 
08/06/2022 15:33:46:132, robot_pos, 1654698700150, 622.9, -103.49, 465.45, 2.47, 0.35, -2.7, circuit_pos, 624.75, -88.59, 475.5, 2.49, 0.39, -2.64, tool_force, -1.92, 3.65, 4.01, actual_rep, 1, curr_step, 41, track_size, 143, robot_vel, 25.09, joints_pos, 7.47, 37.46, -18.69, -66.58, -21.46, 75.69, 40.89, tool_torque, -0.029, -0.36, -0.124, joint_torque, -0.06, 2.54, 0.45, -0.56, -0.09, -0.72, -0.1, robot_mode, sine_overlay, 
08/06/2022 15:33:46:237, robot_pos, 1654698700300, 623.61, -100.01, 465.96, 2.48, 0.37, -2.67, circuit_pos, 625.57, -84.03, 478.79, 2.49, 0.4, -2.62, tool_force, -0.59, 2.71, 2.82, actual_rep, 1, curr_step, 42, track_size, 143, robot_vel, 21.96, joints_pos, 8.02, 37.6, -18.69, -66.55, -22.89, 75.96, 41.8, tool_torque, -0.132, -0.407, -0.103, joint_torque, 0.35, 2.15, 0.68, -0.58, 0.01, -0.68, -0.09, robot_mode, sine_overlay, 
08/06/2022 15:33:46:405, robot_pos, 1654698700451, 624.54, -96.53, 466.5, 2.48, 0.38, -2.65, circuit_pos, 625.57, -84.03, 478.79, 2.49, 0.4, -2.62, tool_force, -0.83, 3.33, 3.1, actual_rep, 1, curr_step, 42, track_size, 143, robot_vel, 26.44, joints_pos, 8.55, 37.78, -18.69, -66.41, -24.27, 76.34, 42.71, tool_torque, -0.13, -0.293, -0.102, joint_torque, 0.36, 2.26, 0.7, -0.5, 0.04, -0.67, -0.08, robot_mode, sine_overlay, 
08/06/2022 15:33:46:540, robot_pos, 1654698700600, 625.64, -91.88, 469.0, 2.49, 0.39, -2.63, circuit_pos, 625.57, -84.03, 478.79, 2.49, 0.4, -2.62, tool_force, -0.56, 3.18, 3.42, actual_rep, 1, curr_step, 42, track_size, 143, robot_vel, 32.69, joints_pos, 9.15, 37.92, -18.69, -66.08, -25.58, 77.0, 43.52, tool_torque, -0.136, -0.256, -0.088, joint_torque, 0.37, 2.37, 0.76, -0.71, 0.15, -0.62, -0.08, robot_mode, sine_overlay, 
08/06/2022 15:33:46:680, robot_pos, 1654698700754, 626.63, -86.21, 473.4, 2.49, 0.4, -2.62, circuit_pos, 625.57, -84.03, 478.79, 2.49, 0.4, -2.62, tool_force, -0.41, 2.77, 3.15, actual_rep, 1, curr_step, 42, track_size, 143, robot_vel, 47.31, joints_pos, 9.73, 37.97, -18.69, -65.5, -26.38, 77.97, 44.01, tool_torque, 0.107, -0.442, -0.075, joint_torque, 0.17, 2.02, 0.32, -0.56, -0.24, -0.5, -0.06, robot_mode, sine_overlay, 
08/06/2022 15:33:46:842, robot_pos, 1654698700901, 627.04, -84.37, 476.6, 2.49, 0.4, -2.62, circuit_pos, 626.15, -80.01, 481.82, 2.5, 0.41, -2.6, tool_force, -1.95, 2.12, 3.76, actual_rep, 1, curr_step, 43, track_size, 143, robot_vel, 16.93, joints_pos, 9.84, 37.92, -18.65, -65.08, -26.38, 78.49, 43.92, tool_torque, 0.158, -0.306, 0.11, joint_torque, -1.49, 2.23, -0.53, -0.64, -0.44, -0.49, 0.17, robot_mode, sine_overlay, 
08/06/2022 15:33:47:049, robot_pos, 1654698701051, 627.48, -78.21, 483.56, 2.5, 0.42, -2.59, circuit_pos, 627.39, -70.85, 487.74, 2.51, 0.44, -2.56, tool_force, -1.79, 3.53, 3.82, actual_rep, 1, curr_step, 45, track_size, 143, robot_vel, 62.98, joints_pos, 10.56, 37.88, -18.62, -64.44, -27.88, 79.78, 44.49, tool_torque, 0.165, -0.242, -0.035, joint_torque, -0.13, 3.23, 0.25, -1.02, -0.05, -0.57, -0.06, robot_mode, sine_overlay, 
08/06/2022 15:33:47:147, robot_pos, 1654698701199, 628.14, -69.84, 488.61, 2.51, 0.44, -2.56, circuit_pos, 628.49, -61.56, 491.32, 2.52, 0.45, -2.53, tool_force, 0.22, 2.91, 3.71, actual_rep, 1, curr_step, 47, track_size, 143, robot_vel, 63.64, joints_pos, 11.58, 37.97, -18.65, -63.96, -29.78, 80.95, 45.56, tool_torque, 0.0030, -0.294, -0.106, joint_torque, -0.24, 2.63, 0.34, -1.22, -0.02, -0.43, -0.09, robot_mode, sine_overlay, 
08/06/2022 15:33:47:351, robot_pos, 1654698701354, 628.6, -63.89, 490.88, 2.51, 0.44, -2.55, circuit_pos, 629.42, -51.93, 493.4, 2.52, 0.46, -2.5, tool_force, -0.6, 3.11, 4.06, actual_rep, 1, curr_step, 49, track_size, 143, robot_vel, 39.98, joints_pos, 12.2, 38.12, -18.68, -63.59, -30.55, 81.82, 46.07, tool_torque, 0.068, -0.242, -0.112, joint_torque, -0.47, 2.73, 0.28, -1.07, -0.12, -0.48, -0.08, robot_mode, sine_overlay, 
08/06/2022 15:33:47:449, robot_pos, 1654698701503, 629.25, -59.93, 490.56, 2.52, 0.45, -2.53, circuit_pos, 630.21, -43.74, 496.39, 2.53, 0.47, -2.47, tool_force, -0.45, 2.77, 3.72, actual_rep, 1, curr_step, 51, track_size, 143, robot_vel, 27.67, joints_pos, 12.63, 38.44, -18.67, -63.34, -31.36, 82.51, 46.67, tool_torque, -0.022, -0.354, -0.081, joint_torque, -0.33, 2.7, 0.4, -1.06, -0.05, -0.59, -0.06, robot_mode, sine_overlay, 
08/06/2022 15:33:47:651, robot_pos, 1654698701651, 629.95, -57.23, 489.61, 2.52, 0.46, -2.51, circuit_pos, 632.38, -32.96, 503.88, 2.54, 0.49, -2.43, tool_force, -0.67, 2.85, 3.92, actual_rep, 1, curr_step, 54, track_size, 143, robot_vel, 19.48, joints_pos, 12.97, 38.77, -18.66, -63.17, -32.26, 83.05, 47.23, tool_torque, -0.083, -0.219, -0.065, joint_torque, -0.64, 2.5, 0.24, -1.03, 0.04, -0.52, -0.04, robot_mode, sine_overlay, 
08/06/2022 15:33:47:754, robot_pos, 1654698701800, 630.87, -54.09, 489.79, 2.53, 0.47, -2.49, circuit_pos, 635.6, -22.16, 509.46, 2.57, 0.51, -2.38, tool_force, -0.55, 4.16, 3.4, actual_rep, 1, curr_step, 57, track_size, 143, robot_vel, 20.97, joints_pos, 13.35, 39.09, -18.65, -62.89, -33.29, 83.66, 47.75, tool_torque, -0.125, -0.158, -0.086, joint_torque, -0.43, 2.82, 0.42, -1.07, 0.12, -0.55, -0.06, robot_mode, sine_overlay, 
08/06/2022 15:33:47:953, robot_pos, 1654698701951, 632.01, -49.25, 491.64, 2.54, 0.48, -2.47, circuit_pos, 638.07, -14.31, 512.76, 2.59, 0.52, -2.35, tool_force, -0.31, 3.49, 3.5, actual_rep, 1, curr_step, 59, track_size, 143, robot_vel, 36.23, joints_pos, 13.87, 39.4, -18.64, -62.39, -34.4, 84.52, 48.19, tool_torque, -0.138, -0.136, -0.036, joint_torque, -0.42, 2.79, 0.4, -1.14, 0.22, -0.55, -0.03, robot_mode, sine_overlay, 
08/06/2022 15:33:48:040, robot_pos, 1654698702103, 633.27, -42.15, 495.75, 2.55, 0.49, -2.44, circuit_pos, 641.24, -2.44, 516.4, 2.61, 0.55, -2.29, tool_force, 0.44, 3.76, 2.47, actual_rep, 1, curr_step, 62, track_size, 143, robot_vel, 58.18, joints_pos, 14.55, 39.69, -18.63, -61.6, -35.52, 85.78, 48.53, tool_torque, 0.0030, -0.207, -0.03, joint_torque, 0.27, 2.81, 0.65, -1.13, 0.22, -0.46, -0.04, robot_mode, sine_overlay, 
08/06/2022 15:33:48:257, robot_pos, 1654698702251, 634.67, -33.93, 500.73, 2.56, 0.5, -2.42, circuit_pos, 643.74, 5.2, 516.45, 2.63, 0.56, -2.26, tool_force, 0.1, 3.64, 3.17, actual_rep, 1, curr_step, 64, track_size, 143, robot_vel, 65.68, joints_pos, 15.32, 40.03, -18.63, -60.63, -36.64, 87.15, 48.8, tool_torque, 0.045, -0.201, -0.039, joint_torque, -0.27, 2.85, 0.35, -1.26, 0.13, -0.44, -0.04, robot_mode, sine_overlay, 
08/06/2022 15:33:48:359, robot_pos, 1654698702399, 636.29, -24.73, 505.19, 2.57, 0.51, -2.4, circuit_pos, 647.54, 16.19, 515.65, 2.65, 0.57, -2.23, tool_force, -0.35, 3.52, 3.25, actual_rep, 1, curr_step, 67, track_size, 143, robot_vel, 71.13, joints_pos, 16.11, 40.45, -18.63, -59.58, -37.68, 88.57, 49.03, tool_torque, 0.118, -0.15, -0.026, joint_torque, -0.88, 3.21, 0.07, -1.47, 0.11, -0.41, -0.03, robot_mode, sine_overlay, 
08/06/2022 15:33:48:562, robot_pos, 1654698702551, 638.13, -17.21, 507.85, 2.58, 0.52, -2.38, circuit_pos, 650.4, 22.62, 516.56, 2.66, 0.58, -2.21, tool_force, 0.48, 3.52, 4.19, actual_rep, 1, curr_step, 69, track_size, 143, robot_vel, 52.16, joints_pos, 16.75, 40.95, -18.64, -58.68, -38.6, 89.69, 49.25, tool_torque, 0.108, -0.154, -0.04, joint_torque, -0.66, 3.5, 0.3, -1.74, 0.17, -0.37, -0.04, robot_mode, sine_overlay, 
08/06/2022 15:33:48:660, robot_pos, 1654698702700, 640.08, -11.83, 508.66, 2.59, 0.53, -2.35, circuit_pos, 654.62, 31.97, 518.58, 2.7, 0.6, -2.19, tool_force, 0.12, 3.79, 4.43, actual_rep, 1, curr_step, 72, track_size, 143, robot_vel, 36.98, joints_pos, 17.23, 41.49, -18.66, -57.99, -39.57, 90.45, 49.5, tool_torque, 0.102, -0.053, -0.069, joint_torque, -1.35, 3.41, 0.05, -1.89, 0.15, -0.27, -0.04, robot_mode, sine_overlay, 
08/06/2022 15:33:48:844, robot_pos, 1654698702849, 642.01, -8.54, 507.95, 2.6, 0.53, -2.34, circuit_pos, 658.01, 42.87, 519.2, 2.73, 0.62, -2.17, tool_force, 0.94, 3.17, 3.77, actual_rep, 1, curr_step, 75, track_size, 143, robot_vel, 21.7, joints_pos, 17.54, 41.94, -18.67, -57.62, -40.47, 90.74, 49.71, tool_torque, 0.089, -0.064, -0.086, joint_torque, -0.92, 2.99, 0.21, -1.74, 0.15, -0.2, -0.06, robot_mode, sine_overlay, 
08/06/2022 15:33:48:966, robot_pos, 1654698702997, 643.62, -6.12, 506.81, 2.61, 0.54, -2.32, circuit_pos, 659.55, 48.96, 519.73, 2.75, 0.63, -2.14, tool_force, 1.08, 2.48, 3.14, actual_rep, 1, curr_step, 77, track_size, 143, robot_vel, 20.15, joints_pos, 17.81, 42.3, -18.65, -57.45, -41.39, 90.79, 49.97, tool_torque, 0.333, -0.086, -0.041, joint_torque, 0.19, 3.21, 0.64, -1.79, 0.31, 0.0, -0.06, robot_mode, sine_overlay, 
08/06/2022 15:33:49:113, robot_pos, 1654698703150, 644.86, 0.39, 508.51, 2.63, 0.55, -2.3, circuit_pos, 659.55, 48.96, 519.73, 2.75, 0.63, -2.14, tool_force, 0.11, 3.64, 4.1, actual_rep, 1, curr_step, 77, track_size, 143, robot_vel, 49.83, joints_pos, 18.34, 42.6, -18.56, -56.93, -42.32, 91.38, 50.14, tool_torque, 0.305, -0.044, -0.046, joint_torque, -1.58, 2.82, -0.48, -1.59, 0.02, -0.11, -0.06, robot_mode, sine_overlay, 
08/06/2022 15:33:49:270, robot_pos, 1654698703300, 646.19, 6.5, 509.1, 2.64, 0.56, -2.28, circuit_pos, 659.55, 48.96, 519.73, 2.75, 0.63, -2.14, tool_force, 1.33, 2.59, 3.4, actual_rep, 1, curr_step, 77, track_size, 143, robot_vel, 43.44, joints_pos, 18.9, 42.98, -18.59, -56.49, -43.13, 91.84, 50.35, tool_torque, 0.288, -0.015, -0.06, joint_torque, -0.79, 3.17, 0.13, -1.87, 0.15, 0.01, -0.06, robot_mode, sine_overlay, 
08/06/2022 15:33:49:397, robot_pos, 1654698703450, 647.23, 12.57, 509.81, 2.65, 0.57, -2.26, circuit_pos, 659.55, 48.96, 519.73, 2.75, 0.63, -2.14, tool_force, 1.3, 2.2, 3.48, actual_rep, 1, curr_step, 77, track_size, 143, robot_vel, 43.0, joints_pos, 19.45, 43.32, -18.61, -56.09, -44.01, 92.3, 50.53, tool_torque, 0.297, 0.022, -0.078, joint_torque, -1.5, 3.05, -0.22, -1.94, 0.08, 0.05, -0.06, robot_mode, sine_overlay, 
08/06/2022 15:33:49:573, robot_pos, 1654698703598, 648.3, 18.52, 510.37, 2.67, 0.58, -2.25, circuit_pos, 659.55, 48.96, 519.73, 2.75, 0.63, -2.14, tool_force, 0.61, 2.41, 3.81, actual_rep, 1, curr_step, 77, track_size, 143, robot_vel, 41.45, joints_pos, 19.98, 43.66, -18.6, -55.69, -44.85, 92.75, 50.72, tool_torque, 0.378, -0.0020, -0.085, joint_torque, -1.52, 2.72, -0.26, -1.77, 0.03, 0.08, -0.07, robot_mode, sine_overlay, 
08/06/2022 15:33:49:795, robot_pos, 1654698703753, 649.3, 24.89, 510.78, 2.68, 0.59, -2.23, circuit_pos, 659.55, 48.96, 519.73, 2.75, 0.63, -2.14, tool_force, 1.21, 1.98, 3.8, actual_rep, 1, curr_step, 77, track_size, 143, robot_vel, 41.85, joints_pos, 20.54, 44.04, -18.6, -55.28, -45.74, 93.23, 50.91, tool_torque, 0.3, -0.037, -0.084, joint_torque, -1.57, 2.68, -0.35, -1.85, 0.05, 0.12, -0.07, robot_mode, sine_overlay, 
08/06/2022 15:33:49:895, robot_pos, 1654698703902, 650.1, 30.87, 510.97, 2.7, 0.6, -2.21, circuit_pos, 659.55, 48.96, 519.73, 2.75, 0.63, -2.14, tool_force, 1.08, 2.79, 4.34, actual_rep, 1, curr_step, 77, track_size, 143, robot_vel, 42.16, joints_pos, 21.08, 44.37, -18.6, -54.97, -46.58, 93.64, 51.13, tool_torque, 0.323, 0.012, -0.072, joint_torque, -1.92, 3.0, -0.42, -2.01, 0.06, 0.08, -0.06, robot_mode, sine_overlay, 
08/06/2022 15:33:50:004, robot_pos, 1654698704052, 650.82, 37.09, 511.07, 2.71, 0.61, -2.19, circuit_pos, 659.55, 48.96, 519.73, 2.75, 0.63, -2.14, tool_force, 1.31, 2.39, 4.24, actual_rep, 1, curr_step, 77, track_size, 143, robot_vel, 40.55, joints_pos, 21.62, 44.71, -18.61, -54.65, -47.44, 94.07, 51.35, tool_torque, 0.386, 0.028, -0.056, joint_torque, -1.75, 2.99, -0.41, -1.99, 0.08, 0.1, -0.05, robot_mode, sine_overlay, 
08/06/2022 15:33:50:200, robot_pos, 1654698704200, 651.7, 43.0, 511.39, 2.73, 0.61, -2.17, circuit_pos, 659.55, 48.96, 519.73, 2.75, 0.63, -2.14, tool_force, 1.36, 2.58, 4.31, actual_rep, 1, curr_step, 77, track_size, 143, robot_vel, 52.37, joints_pos, 22.13, 45.08, -18.61, -54.26, -48.29, 94.5, 51.48, tool_torque, 0.333, 0.01, -0.052, joint_torque, -1.88, 3.17, -0.35, -2.13, 0.14, 0.1, -0.04, robot_mode, sine_overlay, 
08/06/2022 15:33:50:342, robot_pos, 1654698704349, 652.67, 48.42, 511.77, 2.74, 0.62, -2.16, circuit_pos, 659.55, 48.96, 519.73, 2.75, 0.63, -2.14, tool_force, 1.61, 2.18, 4.81, actual_rep, 1, curr_step, 77, track_size, 143, robot_vel, 51.01, joints_pos, 22.55, 45.43, -18.61, -53.82, -48.94, 94.89, 51.56, tool_torque, 0.413, -0.026, -0.04, joint_torque, -2.04, 2.82, -0.6, -2.2, 0.02, 0.31, -0.03, robot_mode, sine_overlay, 
08/06/2022 15:33:50:482, robot_pos, 1654698704501, 652.89, 48.39, 511.74, 2.74, 0.62, -2.16, circuit_pos, 659.55, 48.96, 519.73, 2.75, 0.63, -2.14, tool_force, 2.05, 2.8, 3.15, actual_rep, 1, curr_step, 77, track_size, 143, robot_vel, 6.63, joints_pos, 22.55, 45.48, -18.68, -53.74, -48.83, 94.9, 51.56, tool_torque, 0.478, -0.049, 0.048, joint_torque, -1.38, 3.18, -0.38, -2.05, -0.01, 0.26, 0.06, robot_mode, sine_overlay, 
08/06/2022 15:33:50:643, robot_pos, 1654698704632, 654.04, 48.4, 513.03, 2.75, 0.63, -2.15, circuit_pos, 660.09, 53.96, 520.37, 2.78, 0.64, -2.1, tool_force, 2.73, 3.82, 3.22, actual_rep, 1, curr_step, 79, track_size, 143, robot_vel, 3.12, joints_pos, 22.52, 45.62, -18.69, -53.39, -49.2, 94.88, 51.42, tool_torque, 0.325, -0.028, 0.143, joint_torque, -1.16, 3.33, 0.03, -2.19, 0.25, 0.29, 0.18, robot_mode, normal, 
08/06/2022 15:33:50:761, robot_pos, 1654698704783, 657.53, 51.48, 516.66, 2.77, 0.63, -2.12, circuit_pos, 659.84, 58.58, 520.08, 2.8, 0.64, -2.06, tool_force, 3.8, 2.58, 3.89, actual_rep, 1, curr_step, 81, track_size, 143, robot_vel, 38.19, joints_pos, 22.61, 46.46, -18.7, -51.92, -50.75, 95.99, 50.8, tool_torque, 0.135, 0.103, 0.279, joint_torque, -1.46, 3.47, 0.22, -2.33, 0.49, 0.14, 0.31, robot_mode, normal, 
08/06/2022 15:33:50:949, robot_pos, 1654698704929, 658.97, 56.85, 517.37, 2.8, 0.64, -2.06, circuit_pos, 659.4, 69.36, 518.55, 2.85, 0.65, -2.0, tool_force, 3.19, 3.75, 4.29, actual_rep, 1, curr_step, 84, track_size, 143, robot_vel, 38.55, joints_pos, 23.09, 47.15, -18.7, -51.36, -52.97, 96.88, 50.5, tool_torque, 0.046, 0.119, 0.338, joint_torque, -1.43, 3.76, 0.35, -2.37, 0.6, 0.01, 0.36, robot_mode, normal, 
08/06/2022 15:33:51:062, robot_pos, 1654698705080, 659.04, 62.28, 516.88, 2.82, 0.65, -2.03, circuit_pos, 659.1, 82.11, 514.6, 2.89, 0.65, -1.95, tool_force, 2.77, 3.77, 4.52, actual_rep, 1, curr_step, 87, track_size, 143, robot_vel, 35.7, joints_pos, 23.57, 47.51, -18.67, -51.22, -54.14, 97.43, 50.48, tool_torque, -0.038, -0.0080, 0.328, joint_torque, -1.76, 2.93, -0.08, -2.0, 0.43, -0.1, 0.34, robot_mode, normal, 
08/06/2022 15:33:51:277, robot_pos, 1654698705230, 659.01, 68.11, 515.9, 2.84, 0.65, -2.0, circuit_pos, 658.29, 89.75, 512.46, 2.91, 0.65, -1.92, tool_force, 2.48, 4.29, 5.03, actual_rep, 1, curr_step, 89, track_size, 143, robot_vel, 39.42, joints_pos, 24.08, 47.87, -18.64, -51.09, -55.17, 97.92, 50.47, tool_torque, 0.0080, 0.028, 0.368, joint_torque, -2.2, 3.23, -0.24, -2.1, 0.47, -0.13, 0.37, robot_mode, normal, 
08/06/2022 15:33:51:359, robot_pos, 1654698705378, 658.82, 73.81, 514.72, 2.86, 0.65, -1.98, circuit_pos, 657.93, 96.79, 510.85, 2.93, 0.65, -1.89, tool_force, 2.44, 4.31, 4.68, actual_rep, 1, curr_step, 91, track_size, 143, robot_vel, 27.79, joints_pos, 24.58, 48.22, -18.65, -51.01, -56.1, 98.39, 50.46, tool_torque, -0.0020, -0.047, 0.387, joint_torque, -2.02, 3.38, -0.18, -2.09, 0.46, -0.22, 0.39, robot_mode, normal, 
08/06/2022 15:33:51:561, robot_pos, 1654698705528, 658.61, 79.56, 513.47, 2.88, 0.65, -1.96, circuit_pos, 657.26, 106.74, 510.11, 2.95, 0.65, -1.86, tool_force, 2.55, 4.33, 4.95, actual_rep, 1, curr_step, 94, track_size, 143, robot_vel, 37.04, joints_pos, 25.07, 48.57, -18.65, -50.88, -56.93, 98.89, 50.45, tool_torque, 0.013, -0.042, 0.4, joint_torque, -2.3, 3.34, -0.35, -2.17, 0.42, -0.2, 0.41, robot_mode, normal, 
08/06/2022 15:33:51:663, robot_pos, 1654698705678, 658.37, 85.25, 512.6, 2.89, 0.65, -1.94, circuit_pos, 656.57, 112.89, 509.51, 2.95, 0.66, -1.84, tool_force, 2.23, 4.05, 5.21, actual_rep, 1, curr_step, 96, track_size, 143, robot_vel, 39.52, joints_pos, 25.55, 48.93, -18.65, -50.69, -57.72, 99.44, 50.41, tool_torque, -0.055, -0.063, 0.366, joint_torque, -2.58, 3.2, -0.37, -2.11, 0.43, -0.23, 0.37, robot_mode, normal, 
08/06/2022 15:33:51:831, robot_pos, 1654698705827, 658.09, 91.05, 511.75, 2.9, 0.65, -1.92, circuit_pos, 655.44, 121.06, 509.19, 2.95, 0.66, -1.84, tool_force, 1.43, 4.31, 5.15, actual_rep, 1, curr_step, 99, track_size, 143, robot_vel, 39.94, joints_pos, 25.99, 49.31, -18.65, -50.4, -58.38, 100.08, 50.45, tool_torque, -0.03, -0.078, 0.278, joint_torque, -3.01, 3.65, -0.45, -2.25, 0.44, -0.41, 0.28, robot_mode, normal, 
08/06/2022 15:33:51:970, robot_pos, 1654698705980, 657.73, 96.91, 511.13, 2.91, 0.66, -1.9, circuit_pos, 655.17, 126.43, 509.4, 2.95, 0.66, -1.83, tool_force, 1.89, 4.38, 4.85, actual_rep, 1, curr_step, 101, track_size, 143, robot_vel, 39.96, joints_pos, 26.43, 49.67, -18.65, -50.06, -58.88, 100.72, 50.45, tool_torque, 0.019, -0.15, 0.282, joint_torque, -2.5, 3.07, -0.45, -2.01, 0.34, -0.38, 0.29, robot_mode, normal, 
08/06/2022 15:33:52:167, robot_pos, 1654698706134, 657.26, 102.89, 510.48, 2.92, 0.66, -1.89, circuit_pos, 655.29, 133.8, 507.77, 2.96, 0.66, -1.81, tool_force, 1.67, 4.44, 5.99, actual_rep, 1, curr_step, 104, track_size, 143, robot_vel, 38.37, joints_pos, 26.87, 50.05, -18.65, -49.7, -59.33, 101.39, 50.45, tool_torque, -0.029, -0.143, 0.311, joint_torque, -3.18, 3.07, -0.69, -2.04, 0.29, -0.39, 0.32, robot_mode, normal, 
08/06/2022 15:33:52:271, robot_pos, 1654698706283, 657.04, 108.48, 509.66, 2.93, 0.66, -1.87, circuit_pos, 655.78, 138.59, 506.18, 2.98, 0.66, -1.79, tool_force, 1.4, 4.78, 5.93, actual_rep, 1, curr_step, 107, track_size, 143, robot_vel, 39.73, joints_pos, 27.26, 50.45, -18.64, -49.3, -59.84, 102.03, 50.41, tool_torque, -0.027, -0.168, 0.404, joint_torque, -2.95, 3.14, -0.59, -1.91, 0.3, -0.41, 0.41, robot_mode, normal, 
08/06/2022 15:33:52:470, robot_pos, 1654698706432, 656.83, 114.27, 508.83, 2.94, 0.66, -1.85, circuit_pos, 656.1, 140.39, 506.31, 2.98, 0.67, -1.78, tool_force, 1.94, 4.87, 5.41, actual_rep, 1, curr_step, 109, track_size, 143, robot_vel, 39.71, joints_pos, 27.67, 50.88, -18.64, -48.9, -60.39, 102.66, 50.32, tool_torque, -0.067, -0.226, 0.447, joint_torque, -2.79, 3.13, -0.51, -1.95, 0.3, -0.47, 0.45, robot_mode, normal, 
08/06/2022 15:33:52:572, robot_pos, 1654698706581, 656.69, 119.94, 507.99, 2.95, 0.66, -1.84, circuit_pos, 656.45, 141.49, 505.99, 2.98, 0.67, -1.77, tool_force, 1.85, 4.53, 5.81, actual_rep, 1, curr_step, 111, track_size, 143, robot_vel, 38.38, joints_pos, 28.05, 51.36, -18.65, -48.41, -61.02, 103.4, 50.31, tool_torque, -0.065, -0.219, 0.424, joint_torque, -3.42, 2.65, -0.84, -1.85, 0.21, -0.42, 0.43, robot_mode, normal, 
08/06/2022 15:33:52:771, robot_pos, 1654698706738, 656.81, 126.22, 507.19, 2.96, 0.67, -1.82, circuit_pos, 656.35, 140.77, 507.28, 2.98, 0.67, -1.78, tool_force, 2.07, 4.27, 6.08, actual_rep, 1, curr_step, 114, track_size, 143, robot_vel, 38.41, joints_pos, 28.44, 51.95, -18.65, -47.76, -61.69, 104.22, 50.21, tool_torque, -0.018, -0.194, 0.442, joint_torque, -3.43, 3.19, -0.72, -2.07, 0.27, -0.45, 0.44, robot_mode, normal, 
08/06/2022 15:33:52:873, robot_pos, 1654698706880, 656.75, 131.44, 506.88, 2.97, 0.67, -1.8, circuit_pos, 656.35, 140.61, 507.53, 2.98, 0.67, -1.78, tool_force, 1.79, 4.99, 5.86, actual_rep, 1, curr_step, 116, track_size, 143, robot_vel, 38.65, joints_pos, 28.78, 52.38, -18.65, -47.24, -62.23, 104.83, 50.11, tool_torque, -0.095, -0.208, 0.434, joint_torque, -3.22, 3.01, -0.63, -2.01, 0.3, -0.43, 0.44, robot_mode, normal, 
08/06/2022 15:33:53:078, robot_pos, 1654698707028, 656.63, 136.99, 506.55, 2.98, 0.67, -1.79, circuit_pos, 656.36, 140.83, 507.25, 2.98, 0.67, -1.77, tool_force, 1.38, 4.86, 7.5, actual_rep, 1, curr_step, 119, track_size, 143, robot_vel, 37.73, joints_pos, 29.12, 52.84, -18.66, -46.69, -62.81, 105.51, 49.97, tool_torque, -0.045, -0.138, 0.449, joint_torque, -4.29, 3.07, -0.93, -2.16, 0.28, -0.41, 0.46, robot_mode, normal, 
08/06/2022 15:33:53:180, robot_pos, 1654698707179, 656.81, 139.76, 505.83, 2.98, 0.67, -1.77, circuit_pos, 656.43, 140.68, 506.8, 2.98, 0.67, -1.77, tool_force, 1.9, 4.79, 7.39, actual_rep, 1, curr_step, 121, track_size, 143, robot_vel, 16.04, joints_pos, 29.24, 53.3, -18.68, -46.2, -63.36, 106.2, 49.82, tool_torque, -0.093, -0.255, 0.462, joint_torque, -3.76, 2.97, -0.79, -2.08, 0.23, -0.52, 0.47, robot_mode, normal, 
08/06/2022 15:33:53:380, robot_pos, 1654698707328, 657.03, 139.64, 505.69, 2.98, 0.67, -1.77, circuit_pos, 656.48, 140.65, 506.78, 2.98, 0.67, -1.77, tool_force, 1.93, 4.28, 5.93, actual_rep, 1, curr_step, 124, track_size, 143, robot_vel, 3.21, joints_pos, 29.2, 53.34, -18.68, -46.12, -63.31, 106.23, 49.8, tool_torque, -0.0010, -0.229, 0.444, joint_torque, -3.14, 2.98, -0.68, -1.96, 0.24, -0.4, 0.44, robot_mode, normal, 
08/06/2022 15:33:53:681, robot_pos, 1654698707631, 656.94, 139.75, 505.71, 2.98, 0.67, -1.77, circuit_pos, 656.49, 140.63, 506.77, 2.98, 0.67, -1.77, tool_force, 1.04, 5.24, 5.19, actual_rep, 1, curr_step, 129, track_size, 143, robot_vel, 0.31, joints_pos, 29.22, 53.33, -18.68, -46.14, -63.32, 106.23, 49.79, tool_torque, 0.078, -0.057, 0.373, joint_torque, -3.39, 3.24, -0.62, -1.98, 0.28, -0.38, 0.38, robot_mode, normal, 
08/06/2022 15:33:53:780, robot_pos, 1654698707779, 656.94, 139.75, 505.69, 2.98, 0.67, -1.77, circuit_pos, 656.49, 140.63, 506.77, 2.98, 0.67, -1.77, tool_force, 1.07, 5.08, 5.16, actual_rep, 1, curr_step, 132, track_size, 143, robot_vel, 0.14, joints_pos, 29.22, 53.33, -18.68, -46.15, -63.32, 106.23, 49.8, tool_torque, 0.086, -0.046, 0.359, joint_torque, -3.33, 3.16, -0.62, -1.95, 0.27, -0.35, 0.37, robot_mode, normal, 
08/06/2022 15:33:53:982, robot_pos, 1654698707927, 656.94, 139.74, 505.69, 2.98, 0.67, -1.77, circuit_pos, 656.49, 140.63, 506.76, 2.98, 0.67, -1.77, tool_force, 1.1, 5.07, 5.17, actual_rep, 1, curr_step, 134, track_size, 143, robot_vel, 0.05, joints_pos, 29.22, 53.33, -18.68, -46.15, -63.32, 106.23, 49.8, tool_torque, 0.086, -0.05, 0.361, joint_torque, -3.33, 3.14, -0.63, -1.93, 0.27, -0.35, 0.37, robot_mode, normal, 
08/06/2022 15:33:54:084, robot_pos, 1654698708077, 656.93, 139.74, 505.68, 2.98, 0.67, -1.77, circuit_pos, 656.49, 140.63, 506.76, 2.98, 0.67, -1.77, tool_force, 1.14, 5.11, 5.18, actual_rep, 1, curr_step, 137, track_size, 143, robot_vel, 0.18, joints_pos, 29.22, 53.33, -18.68, -46.15, -63.32, 106.23, 49.8, tool_torque, 0.092, -0.042, 0.357, joint_torque, -3.34, 3.17, -0.63, -1.96, 0.28, -0.34, 0.36, robot_mode, normal, 
08/06/2022 15:33:54:281, robot_pos, 1654698708225, 656.93, 139.73, 505.65, 2.98, 0.67, -1.77, circuit_pos, 656.49, 140.63, 506.76, 2.98, 0.67, -1.77, tool_force, 1.24, 5.38, 5.19, actual_rep, 1, curr_step, 139, track_size, 143, robot_vel, 0.26, joints_pos, 29.22, 53.33, -18.68, -46.16, -63.32, 106.23, 49.8, tool_torque, 0.097, -0.039, 0.353, joint_torque, -3.36, 3.38, -0.58, -2.07, 0.31, -0.35, 0.36, robot_mode, normal, 
08/06/2022 15:33:54:386, robot_pos, 1654698708375, 656.95, 139.61, 505.67, 2.98, 0.67, -1.77, circuit_pos, 656.49, 140.63, 506.76, 2.98, 0.67, -1.77, tool_force, 0.72, 5.03, 6.05, actual_rep, 1, curr_step, 142, track_size, 143, robot_vel, 1.34, joints_pos, 29.21, 53.33, -18.68, -46.17, -63.34, 106.21, 49.81, tool_torque, 0.223, -0.193, 0.368, joint_torque, -3.9, 3.09, -1.07, -2.01, 0.07, -0.38, 0.37, robot_mode, normal, 
08/06/2022 15:33:54:555, robot_pos, 1654698708523, 656.95, 139.66, 505.77, 2.98, 0.67, -1.77, circuit_pos, 656.49, 140.63, 506.76, 2.98, 0.67, -1.77, tool_force, 0.52, 4.94, 4.98, actual_rep, 1, curr_step, 141, track_size, 143, robot_vel, 0.56, joints_pos, 29.22, 53.32, -18.68, -46.17, -63.35, 106.21, 49.81, tool_torque, 0.132, -0.136, 0.401, joint_torque, -3.33, 2.92, -0.76, -1.72, 0.1, -0.41, 0.41, robot_mode, normal, 
08/06/2022 15:33:54:689, robot_pos, 1654698708675, 656.93, 139.72, 505.8, 2.98, 0.67, -1.77, circuit_pos, 656.49, 140.63, 506.76, 2.98, 0.67, -1.77, tool_force, 0.63, 4.62, 5.08, actual_rep, 1, curr_step, 139, track_size, 143, robot_vel, 0.55, joints_pos, 29.22, 53.32, -18.68, -46.16, -63.35, 106.21, 49.8, tool_torque, 0.17, -0.18, 0.4, joint_torque, -3.33, 2.76, -0.85, -1.71, 0.03, -0.36, 0.41, robot_mode, normal, 
08/06/2022 15:33:54:837, robot_pos, 1654698708825, 656.92, 139.68, 505.84, 2.98, 0.67, -1.77, circuit_pos, 656.49, 140.63, 506.76, 2.98, 0.67, -1.77, tool_force, 0.69, 4.53, 5.45, actual_rep, 1, curr_step, 136, track_size, 143, robot_vel, 0.45, joints_pos, 29.22, 53.32, -18.68, -46.16, -63.36, 106.21, 49.8, tool_torque, 0.21, -0.242, 0.417, joint_torque, -3.5, 2.77, -1.01, -1.77, -0.01, -0.38, 0.42, robot_mode, normal, 
08/06/2022 15:33:55:061, robot_pos, 1654698708976, 656.92, 139.68, 505.82, 2.98, 0.67, -1.77, circuit_pos, 656.49, 140.63, 506.76, 2.98, 0.67, -1.77, tool_force, 0.49, 4.76, 5.21, actual_rep, 1, curr_step, 134, track_size, 143, robot_vel, 0.07, joints_pos, 29.22, 53.32, -18.68, -46.16, -63.36, 106.21, 49.8, tool_torque, 0.199, -0.194, 0.401, joint_torque, -3.44, 2.82, -0.91, -1.73, 0.01, -0.38, 0.41, robot_mode, normal, 
08/06/2022 15:33:55:159, robot_pos, 1654698709124, 656.92, 139.68, 505.82, 2.98, 0.67, -1.77, circuit_pos, 656.49, 140.63, 506.76, 2.98, 0.67, -1.77, tool_force, 0.72, 4.58, 5.32, actual_rep, 1, curr_step, 131, track_size, 143, robot_vel, 0.04, joints_pos, 29.22, 53.32, -18.68, -46.16, -63.36, 106.22, 49.8, tool_torque, 0.179, -0.199, 0.395, joint_torque, -3.45, 2.78, -0.9, -1.77, 0.03, -0.36, 0.4, robot_mode, normal, 
08/06/2022 15:33:55:362, robot_pos, 1654698709274, 656.92, 139.68, 505.81, 2.98, 0.67, -1.77, circuit_pos, 656.49, 140.63, 506.77, 2.98, 0.67, -1.77, tool_force, 0.7, 4.7, 5.31, actual_rep, 1, curr_step, 129, track_size, 143, robot_vel, 0.13, joints_pos, 29.22, 53.32, -18.68, -46.16, -63.36, 106.22, 49.8, tool_torque, 0.172, -0.188, 0.393, joint_torque, -3.44, 2.85, -0.87, -1.79, 0.04, -0.37, 0.4, robot_mode, normal, 
08/06/2022 15:33:55:593, robot_pos, 1654698709576, 656.92, 139.69, 505.8, 2.98, 0.67, -1.77, circuit_pos, 656.48, 140.65, 506.78, 2.98, 0.67, -1.77, tool_force, 0.73, 4.7, 5.33, actual_rep, 1, curr_step, 124, track_size, 143, robot_vel, 0.06, joints_pos, 29.22, 53.32, -18.68, -46.16, -63.35, 106.22, 49.8, tool_torque, 0.18, -0.198, 0.382, joint_torque, -3.46, 2.86, -0.87, -1.81, 0.03, -0.36, 0.39, robot_mode, normal, 
08/06/2022 15:33:55:741, robot_pos, 1654698709725, 656.92, 139.69, 505.8, 2.98, 0.67, -1.77, circuit_pos, 656.43, 140.68, 506.8, 2.98, 0.67, -1.77, tool_force, 0.79, 4.67, 5.27, actual_rep, 1, curr_step, 121, track_size, 143, robot_vel, 0.09, joints_pos, 29.22, 53.32, -18.68, -46.16, -63.35, 106.22, 49.8, tool_torque, 0.164, -0.201, 0.383, joint_torque, -3.39, 2.84, -0.83, -1.79, 0.04, -0.37, 0.39, robot_mode, normal, 
08/06/2022 15:33:55:894, robot_pos, 1654698709876, 656.87, 139.79, 505.96, 2.98, 0.67, -1.77, circuit_pos, 656.36, 140.83, 507.25, 2.98, 0.67, -1.77, tool_force, 0.83, 4.93, 5.45, actual_rep, 1, curr_step, 119, track_size, 143, robot_vel, 1.6, joints_pos, 29.23, 53.31, -18.68, -46.15, -63.35, 106.23, 49.78, tool_torque, 0.16, -0.197, 0.399, joint_torque, -3.53, 3.12, -0.8, -1.91, 0.07, -0.42, 0.41, robot_mode, normal, 
08/06/2022 15:33:56:046, robot_pos, 1654698710023, 656.86, 139.85, 506.39, 2.98, 0.67, -1.77, circuit_pos, 656.35, 140.61, 507.53, 2.98, 0.67, -1.78, tool_force, 0.29, 5.53, 5.32, actual_rep, 1, curr_step, 116, track_size, 143, robot_vel, 2.44, joints_pos, 29.23, 53.28, -18.68, -46.13, -63.34, 106.19, 49.75, tool_torque, 0.064, -0.184, 0.396, joint_torque, -3.51, 3.37, -0.65, -1.89, 0.15, -0.58, 0.41, robot_mode, normal, 
08/06/2022 15:33:56:197, robot_pos, 1654698710175, 656.9, 139.8, 506.67, 2.98, 0.67, -1.78, circuit_pos, 656.31, 141.0, 506.79, 2.98, 0.67, -1.78, tool_force, 0.18, 4.4, 5.08, actual_rep, 1, curr_step, 113, track_size, 143, robot_vel, 3.78, joints_pos, 29.25, 53.14, -18.68, -46.21, -62.99, 105.89, 49.76, tool_torque, 0.271, -0.018, 0.336, joint_torque, -3.54, 2.27, -0.94, -1.56, -0.07, -0.11, 0.35, robot_mode, normal, 
08/06/2022 15:33:56:350, robot_pos, 1654698710323, 656.75, 140.13, 505.67, 2.98, 0.67, -1.78, circuit_pos, 656.45, 141.49, 505.99, 2.98, 0.67, -1.77, tool_force, 0.07, 4.09, 4.61, actual_rep, 1, curr_step, 111, track_size, 143, robot_vel, 9.78, joints_pos, 29.29, 53.18, -18.68, -46.32, -63.06, 105.93, 49.87, tool_torque, 0.527, 0.062, 0.202, joint_torque, -3.39, 2.73, -0.96, -1.78, -0.04, -0.01, 0.21, robot_mode, normal, 
08/06/2022 15:33:56:506, robot_pos, 1654698710473, 656.89, 140.39, 505.09, 2.98, 0.67, -1.77, circuit_pos, 655.94, 139.6, 506.18, 2.98, 0.66, -1.78, tool_force, 0.78, 5.25, 5.2, actual_rep, 1, curr_step, 108, track_size, 143, robot_vel, 5.56, joints_pos, 29.27, 53.37, -18.68, -46.18, -63.33, 106.21, 49.87, tool_torque, 0.26, -0.197, 0.268, joint_torque, -2.93, 3.99, -0.53, -2.27, 0.27, -0.4, 0.26, robot_mode, normal, 
08/06/2022 15:33:56:649, robot_pos, 1654698710623, 656.79, 139.19, 505.33, 2.98, 0.66, -1.78, circuit_pos, 655.75, 137.42, 506.49, 2.98, 0.66, -1.8, tool_force, 0.68, 4.06, 4.62, actual_rep, 1, curr_step, 106, track_size, 143, robot_vel, 10.9, joints_pos, 29.21, 53.14, -18.68, -46.36, -62.81, 105.86, 49.61, tool_torque, 0.429, -0.286, 0.47, joint_torque, -2.7, 2.66, -0.94, -1.57, -0.19, -0.19, 0.46, robot_mode, normal, 
08/06/2022 15:33:56:814, robot_pos, 1654698710776, 656.58, 137.07, 505.96, 2.98, 0.66, -1.79, circuit_pos, 655.15, 131.43, 508.57, 2.96, 0.66, -1.82, tool_force, 0.77, 3.85, 3.5, actual_rep, 1, curr_step, 103, track_size, 143, robot_vel, 13.8, joints_pos, 29.2, 52.61, -18.68, -47.05, -62.43, 104.88, 49.62, tool_torque, 0.624, -0.075, 0.332, joint_torque, -2.71, 2.14, -1.17, -1.53, -0.23, 0.17, 0.32, robot_mode, normal, 
08/06/2022 15:33:56:955, robot_pos, 1654698710925, 655.7, 131.68, 507.33, 2.96, 0.66, -1.82, circuit_pos, 655.17, 126.43, 509.4, 2.95, 0.66, -1.83, tool_force, -0.16, 4.38, 3.57, actual_rep, 1, curr_step, 101, track_size, 143, robot_vel, 44.51, joints_pos, 28.86, 52.05, -18.68, -47.54, -61.53, 104.52, 49.87, tool_torque, 0.687, -0.226, 0.179, joint_torque, -2.19, 3.07, -0.84, -1.61, -0.21, -0.15, 0.16, robot_mode, normal, 
08/06/2022 15:33:57:107, robot_pos, 1654698711074, 656.01, 126.2, 508.07, 2.95, 0.66, -1.83, circuit_pos, 655.8, 118.23, 509.04, 2.95, 0.66, -1.84, tool_force, 0.43, 3.56, 2.1, actual_rep, 1, curr_step, 98, track_size, 143, robot_vel, 34.41, joints_pos, 28.47, 51.68, -18.68, -47.91, -61.13, 104.03, 49.98, tool_torque, 0.875, -0.251, 0.135, joint_torque, -1.46, 3.33, -0.73, -1.68, -0.24, 0.04, 0.1, robot_mode, normal, 
08/06/2022 15:33:57:256, robot_pos, 1654698711222, 656.22, 120.43, 508.2, 2.95, 0.66, -1.83, circuit_pos, 656.57, 112.89, 509.51, 2.95, 0.66, -1.84, tool_force, 0.25, 4.12, 2.08, actual_rep, 1, curr_step, 96, track_size, 143, robot_vel, 42.73, joints_pos, 28.12, 51.29, -18.68, -48.56, -61.06, 103.37, 50.16, tool_torque, 0.763, -0.198, 0.095, joint_torque, -0.93, 2.71, -0.58, -1.43, -0.18, 0.09, 0.06, robot_mode, normal, 
08/06/2022 15:33:57:406, robot_pos, 1654698711373, 656.85, 114.67, 508.58, 2.95, 0.66, -1.84, circuit_pos, 657.45, 103.38, 510.22, 2.94, 0.65, -1.87, tool_force, 0.61, 4.63, 2.57, actual_rep, 1, curr_step, 93, track_size, 143, robot_vel, 36.13, joints_pos, 27.75, 50.92, -18.68, -49.06, -60.92, 102.62, 50.21, tool_torque, 0.862, -0.133, 0.16, joint_torque, -1.28, 3.13, -0.62, -1.62, -0.18, 0.17, 0.14, robot_mode, normal, 
08/06/2022 15:33:57:560, robot_pos, 1654698711523, 657.11, 108.93, 509.05, 2.94, 0.66, -1.85, circuit_pos, 657.93, 96.79, 510.85, 2.93, 0.65, -1.89, tool_force, 0.35, 3.81, 2.2, actual_rep, 1, curr_step, 91, track_size, 143, robot_vel, 40.39, joints_pos, 27.35, 50.5, -18.68, -49.54, -60.46, 101.91, 50.16, tool_torque, 0.879, -0.214, 0.232, joint_torque, -1.2, 2.94, -0.67, -1.5, -0.29, 0.15, 0.21, robot_mode, normal, 
08/06/2022 15:33:57:713, robot_pos, 1654698711675, 657.54, 102.94, 509.73, 2.94, 0.65, -1.87, circuit_pos, 658.61, 86.29, 513.32, 2.9, 0.65, -1.93, tool_force, 0.5, 3.73, 1.78, actual_rep, 1, curr_step, 88, track_size, 143, robot_vel, 39.78, joints_pos, 26.93, 50.08, -18.68, -49.93, -59.87, 101.18, 50.19, tool_torque, 0.878, -0.196, 0.172, joint_torque, -1.76, 2.67, -0.93, -1.52, -0.35, 0.22, 0.16, robot_mode, normal, 
08/06/2022 15:33:57:861, robot_pos, 1654698711825, 657.91, 97.2, 510.89, 2.92, 0.65, -1.89, circuit_pos, 659.42, 73.57, 517.48, 2.86, 0.65, -1.98, tool_force, 0.27, 3.0, 2.25, actual_rep, 1, curr_step, 85, track_size, 143, robot_vel, 37.26, joints_pos, 26.48, 49.7, -18.68, -50.16, -59.18, 100.59, 50.2, tool_torque, 0.883, -0.217, 0.123, joint_torque, -1.41, 2.55, -0.83, -1.4, -0.35, 0.28, 0.1, robot_mode, normal, 
08/06/2022 15:33:58:012, robot_pos, 1654698711975, 658.34, 91.42, 512.28, 2.91, 0.65, -1.91, circuit_pos, 659.68, 61.64, 519.72, 2.82, 0.64, -2.04, tool_force, 0.39, 3.73, 2.41, actual_rep, 1, curr_step, 82, track_size, 143, robot_vel, 39.43, joints_pos, 25.98, 49.35, -18.68, -50.26, -58.39, 100.11, 50.2, tool_torque, 0.897, -0.182, 0.135, joint_torque, -1.5, 2.45, -0.9, -1.37, -0.4, 0.25, 0.12, robot_mode, normal, 
08/06/2022 15:33:58:170, robot_pos, 1654698712125, 658.62, 85.59, 513.5, 2.89, 0.65, -1.94, circuit_pos, 660.0, 56.14, 520.23, 2.79, 0.64, -2.08, tool_force, 0.32, 3.5, 2.43, actual_rep, 1, curr_step, 80, track_size, 143, robot_vel, 39.86, joints_pos, 25.5, 48.99, -18.68, -50.38, -57.48, 99.61, 50.2, tool_torque, 0.92, -0.251, 0.16, joint_torque, -1.61, 2.8, -0.91, -1.49, -0.46, 0.2, 0.14, robot_mode, normal, 
08/06/2022 15:33:58:333, robot_pos, 1654698712291, 659.04, 79.19, 514.7, 2.86, 0.65, -1.97, circuit_pos, 659.55, 48.96, 519.73, 2.75, 0.63, -2.14, tool_force, -0.14, 2.52, 2.4, actual_rep, 1, curr_step, 77, track_size, 143, robot_vel, 38.48, joints_pos, 24.92, 48.58, -18.68, -50.45, -56.19, 98.99, 50.24, tool_torque, 1.036, -0.261, 0.117, joint_torque, -1.48, 2.42, -1.12, -1.33, -0.63, 0.35, 0.1, robot_mode, normal, 
08/06/2022 15:33:58:464, robot_pos, 1654698712425, 659.17, 74.06, 515.49, 2.84, 0.65, -2.0, circuit_pos, 658.01, 42.87, 519.2, 2.73, 0.62, -2.17, tool_force, -0.15, 3.42, 1.9, actual_rep, 1, curr_step, 75, track_size, 143, robot_vel, 38.42, joints_pos, 24.46, 48.22, -18.68, -50.56, -55.06, 98.48, 50.26, tool_torque, 1.145, -0.3, 0.112, joint_torque, -1.25, 2.3, -1.08, -1.27, -0.68, 0.42, 0.09, robot_mode, normal, 
08/06/2022 15:33:58:617, robot_pos, 1654698712575, 658.87, 68.19, 516.0, 2.82, 0.64, -2.03, circuit_pos, 656.05, 35.97, 519.02, 2.71, 0.61, -2.18, tool_force, 0.11, 2.62, 2.13, actual_rep, 1, curr_step, 73, track_size, 143, robot_vel, 41.49, joints_pos, 23.96, 47.8, -18.68, -50.81, -53.84, 97.94, 50.31, tool_torque, 1.1, -0.312, 0.121, joint_torque, -1.32, 2.44, -1.07, -1.38, -0.68, 0.34, 0.1, robot_mode, normal, 
08/06/2022 15:33:58:764, robot_pos, 1654698712724, 658.25, 62.47, 516.29, 2.8, 0.64, -2.06, circuit_pos, 651.83, 25.43, 517.24, 2.67, 0.59, -2.2, tool_force, 0.01, 2.78, 2.45, actual_rep, 1, curr_step, 70, track_size, 143, robot_vel, 38.45, joints_pos, 23.48, 47.4, -18.68, -51.11, -52.8, 97.55, 50.34, tool_torque, 1.145, -0.331, 0.138, joint_torque, -1.42, 2.35, -1.11, -1.3, -0.73, 0.37, 0.12, robot_mode, normal, 
08/06/2022 15:33:58:920, robot_pos, 1654698712875, 657.26, 56.63, 516.24, 2.78, 0.63, -2.08, circuit_pos, 647.54, 16.19, 515.65, 2.65, 0.57, -2.23, tool_force, -0.64, 3.04, 2.35, actual_rep, 1, curr_step, 67, track_size, 143, robot_vel, 37.89, joints_pos, 22.99, 47.01, -18.68, -51.45, -51.8, 97.29, 50.36, tool_torque, 1.164, -0.434, 0.172, joint_torque, -1.28, 2.79, -1.06, -1.35, -0.75, 0.2, 0.15, robot_mode, normal, 
08/06/2022 15:33:59:070, robot_pos, 1654698713027, 656.01, 50.75, 516.09, 2.76, 0.62, -2.1, circuit_pos, 645.17, 8.9, 516.09, 2.64, 0.56, -2.25, tool_force, -0.21, 2.88, 1.81, actual_rep, 1, curr_step, 65, track_size, 143, robot_vel, 42.75, joints_pos, 22.52, 46.58, -18.68, -51.9, -50.82, 96.95, 50.37, tool_torque, 1.113, -0.474, 0.243, joint_torque, -1.19, 2.49, -1.07, -1.1, -0.86, 0.11, 0.22, robot_mode, normal, 
08/06/2022 15:33:59:221, robot_pos, 1654698713175, 654.58, 45.05, 516.03, 2.74, 0.61, -2.12, circuit_pos, 641.24, -2.44, 516.4, 2.61, 0.55, -2.29, tool_force, -0.29, 3.26, 1.88, actual_rep, 1, curr_step, 62, track_size, 143, robot_vel, 38.55, joints_pos, 22.08, 46.1, -18.68, -52.44, -49.94, 96.51, 50.36, tool_torque, 1.135, -0.527, 0.292, joint_torque, -0.7, 2.61, -0.86, -1.08, -0.81, 0.16, 0.27, robot_mode, normal, 
08/06/2022 15:33:59:372, robot_pos, 1654698713328, 653.02, 39.24, 515.97, 2.73, 0.61, -2.14, circuit_pos, 638.07, -14.31, 512.76, 2.59, 0.52, -2.35, tool_force, -0.66, 2.8, 2.41, actual_rep, 1, curr_step, 59, track_size, 143, robot_vel, 39.52, joints_pos, 21.63, 45.58, -18.68, -53.02, -48.99, 96.03, 50.36, tool_torque, 1.051, -0.505, 0.294, joint_torque, -1.41, 2.32, -1.2, -0.97, -0.91, 0.1, 0.28, robot_mode, normal, 
08/06/2022 15:33:59:521, robot_pos, 1654698713476, 651.53, 33.47, 515.52, 2.71, 0.6, -2.17, circuit_pos, 635.6, -22.16, 509.46, 2.57, 0.51, -2.38, tool_force, -0.7, 3.21, 1.96, actual_rep, 1, curr_step, 57, track_size, 143, robot_vel, 42.7, joints_pos, 21.19, 45.07, -18.68, -53.63, -48.01, 95.44, 50.34, tool_torque, 1.082, -0.637, 0.339, joint_torque, -0.91, 2.5, -1.02, -1.01, -0.91, 0.06, 0.32, robot_mode, normal, 
08/06/2022 15:33:59:672, robot_pos, 1654698713627, 649.95, 27.67, 514.82, 2.69, 0.59, -2.19, circuit_pos, 632.38, -32.96, 503.88, 2.54, 0.49, -2.43, tool_force, -0.95, 2.93, 2.63, actual_rep, 1, curr_step, 54, track_size, 143, robot_vel, 39.23, joints_pos, 20.73, 44.55, -18.68, -54.29, -47.01, 94.8, 50.34, tool_torque, 1.131, -0.588, 0.351, joint_torque, -1.2, 1.97, -1.24, -0.71, -1.05, 0.05, 0.33, robot_mode, normal, 
08/06/2022 15:33:59:825, robot_pos, 1654698713775, 648.42, 21.91, 513.7, 2.68, 0.58, -2.21, circuit_pos, 630.73, -40.19, 498.69, 2.53, 0.47, -2.46, tool_force, -1.09, 3.51, 2.43, actual_rep, 1, curr_step, 52, track_size, 143, robot_vel, 40.91, joints_pos, 20.27, 44.06, -18.68, -54.97, -45.98, 94.11, 50.34, tool_torque, 1.13, -0.623, 0.322, joint_torque, -1.19, 2.21, -1.22, -0.74, -1.07, 0.02, 0.3, robot_mode, normal, 
08/06/2022 15:34:00:153, robot_pos, 1654698714105, 645.25, 9.14, 510.26, 2.65, 0.56, -2.27, circuit_pos, 627.97, -66.32, 489.84, 2.51, 0.44, -2.55, tool_force, -1.48, 3.13, 2.28, actual_rep, 1, curr_step, 46, track_size, 143, robot_vel, 41.81, joints_pos, 19.22, 43.0, -18.68, -56.5, -43.7, 92.35, 50.29, tool_torque, 1.114, -0.703, 0.43, joint_torque, -1.18, 2.52, -1.19, -0.86, -1.04, -0.01, 0.41, robot_mode, normal, 
08/06/2022 15:34:00:568, robot_pos, 1654698714257, 643.98, 3.38, 508.33, 2.63, 0.55, -2.29, circuit_pos, 627.97, -66.32, 489.84, 2.51, 0.44, -2.55, tool_force, -0.97, 3.49, 1.89, actual_rep, 1, curr_step, 46, track_size, 143, robot_vel, 43.17, joints_pos, 18.64, 42.47, -18.68, -57.3, -42.49, 91.3, 50.18, tool_torque, 1.063, -0.691, 0.515, joint_torque, -0.88, 2.07, -0.97, -0.59, -1.04, -0.03, 0.51, robot_mode, normal, 
08/06/2022 15:34:00:669, robot_pos, 1654698714417, 642.6, -2.78, 506.97, 2.62, 0.55, -2.31, circuit_pos, 627.97, -66.32, 489.84, 2.51, 0.44, -2.55, tool_force, -1.11, 3.09, 1.71, actual_rep, 1, curr_step, 46, track_size, 143, robot_vel, 31.2, joints_pos, 18.2, 42.08, -18.68, -57.86, -41.63, 90.57, 50.08, tool_torque, 1.083, -0.704, 0.527, joint_torque, -1.01, 1.92, -1.21, -0.56, -1.11, 0.05, 0.52, robot_mode, normal, 
08/06/2022 15:34:00:839, robot_pos, 1654698714558, 641.41, -8.24, 505.47, 2.61, 0.54, -2.33, circuit_pos, 627.97, -66.32, 489.84, 2.51, 0.44, -2.55, tool_force, -0.96, 3.21, 1.8, actual_rep, 1, curr_step, 46, track_size, 143, robot_vel, 39.12, joints_pos, 17.72, 41.68, -18.68, -58.45, -40.7, 89.76, 49.92, tool_torque, 1.176, -0.763, 0.557, joint_torque, -0.73, 1.86, -1.19, -0.49, -1.15, 0.03, 0.54, robot_mode, normal, 
08/06/2022 15:34:00:893, robot_pos, 1654698714706, 640.16, -13.9, 503.94, 2.6, 0.53, -2.36, circuit_pos, 627.97, -66.32, 489.84, 2.51, 0.44, -2.55, tool_force, -0.76, 3.02, 1.68, actual_rep, 1, curr_step, 46, track_size, 143, robot_vel, 39.89, joints_pos, 17.2, 41.26, -18.68, -59.07, -39.69, 88.9, 49.73, tool_torque, 1.102, -0.779, 0.56, joint_torque, -0.68, 2.09, -1.04, -0.51, -1.1, -0.02, 0.55, robot_mode, normal, 
08/06/2022 15:34:01:107, robot_pos, 1654698714858, 638.86, -19.86, 502.38, 2.59, 0.52, -2.38, circuit_pos, 627.97, -66.32, 489.84, 2.51, 0.44, -2.55, tool_force, -1.46, 3.12, 2.06, actual_rep, 1, curr_step, 46, track_size, 143, robot_vel, 40.06, joints_pos, 16.66, 40.87, -18.68, -59.65, -38.7, 88.06, 49.48, tool_torque, 1.197, -0.781, 0.562, joint_torque, -0.78, 1.8, -1.18, -0.35, -1.22, 0.02, 0.55, robot_mode, normal, 
08/06/2022 15:34:01:195, robot_pos, 1654698715010, 637.63, -25.65, 500.77, 2.58, 0.51, -2.4, circuit_pos, 627.97, -66.32, 489.84, 2.51, 0.44, -2.55, tool_force, -1.36, 3.89, 1.42, actual_rep, 1, curr_step, 46, track_size, 143, robot_vel, 41.98, joints_pos, 16.1, 40.49, -18.68, -60.21, -37.66, 87.22, 49.18, tool_torque, 1.179, -0.755, 0.569, joint_torque, -0.4, 1.98, -0.93, -0.3, -1.12, -0.01, 0.55, robot_mode, normal, 
08/06/2022 15:34:01:380, robot_pos, 1654698715158, 636.37, -31.37, 499.28, 2.57, 0.5, -2.42, circuit_pos, 627.97, -66.32, 489.84, 2.51, 0.44, -2.55, tool_force, -1.18, 3.03, 1.5, actual_rep, 1, curr_step, 46, track_size, 143, robot_vel, 50.02, joints_pos, 15.55, 40.12, -18.68, -60.74, -36.64, 86.39, 48.86, tool_torque, 1.141, -0.792, 0.581, joint_torque, -0.6, 1.67, -1.08, -0.15, -1.18, -0.06, 0.57, robot_mode, normal, 
08/06/2022 15:34:01:498, robot_pos, 1654698715310, 635.11, -37.18, 497.71, 2.56, 0.49, -2.44, circuit_pos, 627.97, -66.32, 489.84, 2.51, 0.44, -2.55, tool_force, -1.61, 3.05, 1.1, actual_rep, 1, curr_step, 46, track_size, 143, robot_vel, 45.86, joints_pos, 14.98, 39.76, -18.68, -61.27, -35.63, 85.58, 48.49, tool_torque, 1.193, -0.822, 0.584, joint_torque, -0.3, 2.04, -0.9, -0.12, -1.16, -0.13, 0.57, robot_mode, normal, 
08/06/2022 15:34:01:677, robot_pos, 1654698715478, 633.79, -43.58, 495.97, 2.54, 0.48, -2.47, circuit_pos, 627.97, -66.32, 489.84, 2.51, 0.44, -2.55, tool_force, -1.5, 3.65, 0.96, actual_rep, 1, curr_step, 46, track_size, 143, robot_vel, 42.98, joints_pos, 14.32, 39.39, -18.68, -61.8, -34.46, 84.7, 48.04, tool_torque, 1.15, -0.812, 0.59, joint_torque, -0.28, 1.66, -0.98, 0.08, -1.17, -0.14, 0.58, robot_mode, normal, 
08/06/2022 15:34:01:801, robot_pos, 1654698715610, 632.7, -48.64, 494.57, 2.54, 0.47, -2.49, circuit_pos, 627.97, -66.32, 489.84, 2.51, 0.44, -2.55, tool_force, -1.46, 3.83, 0.71, actual_rep, 1, curr_step, 46, track_size, 143, robot_vel, 40.43, joints_pos, 13.8, 39.11, -18.68, -62.22, -33.53, 84.0, 47.65, tool_torque, 1.052, -0.765, 0.581, joint_torque, -0.36, 1.6, -0.83, 0.13, -1.1, -0.2, 0.57, robot_mode, normal, 
08/06/2022 15:34:01:986, robot_pos, 1654698715760, 631.42, -54.42, 493.03, 2.53, 0.46, -2.51, circuit_pos, 627.97, -66.32, 489.84, 2.51, 0.44, -2.55, tool_force, -1.13, 3.41, 0.33, actual_rep, 1, curr_step, 46, track_size, 143, robot_vel, 39.72, joints_pos, 13.19, 38.79, -18.68, -62.7, -32.47, 83.2, 47.16, tool_torque, 1.073, -0.834, 0.577, joint_torque, 0.08, 1.69, -0.62, 0.19, -1.06, -0.26, 0.56, robot_mode, normal, 
08/06/2022 15:34:02:190, robot_pos, 1654698715914, 630.23, -60.33, 491.39, 2.52, 0.45, -2.53, circuit_pos, 627.97, -66.32, 489.84, 2.51, 0.44, -2.55, tool_force, -1.8, 3.86, 0.64, actual_rep, 1, curr_step, 46, track_size, 143, robot_vel, 42.46, joints_pos, 12.57, 38.51, -18.68, -63.12, -31.4, 82.43, 46.63, tool_torque, 1.011, -0.818, 0.583, joint_torque, -0.22, 1.42, -0.8, 0.27, -1.09, -0.27, 0.58, robot_mode, normal, 
08/06/2022 15:34:02:293, robot_pos, 1654698716070, 629.16, -66.34, 489.43, 2.51, 0.44, -2.55, circuit_pos, 627.39, -70.85, 487.74, 2.51, 0.44, -2.56, tool_force, -1.51, 3.74, 0.81, actual_rep, 1, curr_step, 45, track_size, 143, robot_vel, 43.12, joints_pos, 11.96, 38.24, -18.68, -63.63, -30.52, 81.51, 46.17, tool_torque, 0.929, -0.841, 0.579, joint_torque, 0.3, 1.13, -0.52, 0.54, -0.98, -0.38, 0.56, robot_mode, normal, 
08/06/2022 15:34:02:463, robot_pos, 1654698716221, 628.03, -71.28, 486.85, 2.51, 0.43, -2.56, circuit_pos, 626.15, -80.01, 481.82, 2.5, 0.41, -2.6, tool_force, -1.76, 3.41, 0.97, actual_rep, 1, curr_step, 43, track_size, 143, robot_vel, 38.44, joints_pos, 11.42, 38.04, -18.68, -64.1, -29.52, 80.77, 45.66, tool_torque, 1.118, -0.893, 0.586, joint_torque, -0.33, 1.36, -0.97, 0.39, -1.22, -0.32, 0.58, robot_mode, normal, 
08/06/2022 15:34:02:596, robot_pos, 1654698716369, 627.53, -77.01, 483.7, 2.5, 0.42, -2.59, circuit_pos, 625.57, -84.03, 478.79, 2.49, 0.4, -2.62, tool_force, -2.25, 3.83, 0.44, actual_rep, 1, curr_step, 42, track_size, 143, robot_vel, 46.25, joints_pos, 10.69, 37.93, -18.68, -64.41, -27.96, 79.89, 44.68, tool_torque, 1.202, -0.872, 0.604, joint_torque, 0.1, 1.53, -0.78, 0.46, -1.19, -0.3, 0.59, robot_mode, normal, 
08/06/2022 15:34:02:731, robot_pos, 1654698716520, 626.63, -82.47, 479.86, 2.49, 0.4, -2.61, circuit_pos, 624.75, -88.59, 475.5, 2.49, 0.39, -2.64, tool_force, -1.37, 2.54, 0.06, actual_rep, 1, curr_step, 41, track_size, 143, robot_vel, 43.74, joints_pos, 10.03, 37.78, -18.68, -64.92, -26.55, 78.89, 43.98, tool_torque, 1.061, -1.041, 0.62, joint_torque, 0.14, 0.79, -0.85, 0.52, -1.2, -0.3, 0.6, robot_mode, normal, 
08/06/2022 15:34:02:896, robot_pos, 1654698716670, 625.48, -88.4, 475.92, 2.49, 0.39, -2.64, circuit_pos, 622.9, -96.75, 470.76, 2.48, 0.37, -2.67, tool_force, -2.02, 3.56, 0.23, actual_rep, 1, curr_step, 39, track_size, 143, robot_vel, 44.77, joints_pos, 9.33, 37.62, -18.68, -65.49, -25.19, 77.86, 43.21, tool_torque, 0.99, -0.919, 0.609, joint_torque, 0.38, 1.02, -0.52, 0.68, -1.0, -0.43, 0.59, robot_mode, normal, 
08/06/2022 15:34:03:013, robot_pos, 1654698716821, 624.31, -94.11, 472.55, 2.48, 0.38, -2.66, circuit_pos, 620.98, -108.42, 463.87, 2.46, 0.34, -2.71, tool_force, -2.19, 3.24, 0.44, actual_rep, 1, curr_step, 36, track_size, 143, robot_vel, 46.7, joints_pos, 8.64, 37.52, -18.68, -65.88, -23.87, 77.16, 42.39, tool_torque, 1.009, -0.912, 0.602, joint_torque, -0.11, 1.38, -0.75, 0.58, -1.03, -0.5, 0.58, robot_mode, normal, 
08/06/2022 15:34:03:276, robot_pos, 1654698716972, 623.54, -99.82, 468.76, 2.47, 0.36, -2.68, circuit_pos, 620.73, -117.54, 453.61, 2.45, 0.31, -2.75, tool_force, -2.63, 2.88, 0.64, actual_rep, 1, curr_step, 33, track_size, 143, robot_vel, 42.41, joints_pos, 7.9, 37.52, -18.68, -66.2, -22.43, 76.43, 41.55, tool_torque, 1.003, -0.949, 0.611, joint_torque, -0.15, 0.76, -0.92, 0.96, -1.12, -0.54, 0.6, robot_mode, normal, 
08/06/2022 15:34:03:313, robot_pos, 1654698717121, 622.78, -105.64, 463.69, 2.46, 0.34, -2.71, circuit_pos, 620.63, -120.19, 449.21, 2.45, 0.3, -2.77, tool_force, -2.33, 2.36, -0.08, actual_rep, 1, curr_step, 32, track_size, 143, robot_vel, 30.66, joints_pos, 7.14, 37.55, -18.68, -66.61, -20.74, 75.53, 40.56, tool_torque, 1.08, -1.149, 0.6, joint_torque, -0.13, 0.44, -1.14, 1.0, -1.32, -0.55, 0.58, robot_mode, normal, 
08/06/2022 15:34:03:544, robot_pos, 1654698717272, 622.25, -111.48, 457.87, 2.46, 0.33, -2.73, circuit_pos, 620.63, -120.19, 449.21, 2.45, 0.3, -2.77, tool_force, -2.56, 2.74, -0.04, actual_rep, 1, curr_step, 32, track_size, 143, robot_vel, 57.79, joints_pos, 6.31, 37.65, -18.68, -67.0, -18.8, 74.57, 39.44, tool_torque, 1.084, -1.08, 0.594, joint_torque, 0.21, 0.55, -0.84, 1.08, -1.18, -0.6, 0.57, robot_mode, normal, 
08/06/2022 15:34:03:621, robot_pos, 1654698717427, 621.69, -117.43, 451.96, 2.45, 0.31, -2.76, circuit_pos, 620.28, -122.66, 444.57, 2.44, 0.29, -2.79, tool_force, -2.59, 2.23, -0.39, actual_rep, 1, curr_step, 31, track_size, 143, robot_vel, 52.03, joints_pos, 5.46, 37.79, -18.68, -67.37, -16.88, 73.65, 38.25, tool_torque, 1.036, -1.123, 0.585, joint_torque, 0.45, -0.08, -0.8, 1.49, -1.13, -0.71, 0.55, robot_mode, normal, 
08/06/2022 15:34:03:814, robot_pos, 1654698717578, 621.3, -120.7, 446.89, 2.44, 0.3, -2.78, circuit_pos, 619.74, -125.04, 439.88, 2.43, 0.27, -2.81, tool_force, -1.66, 1.32, -0.52, actual_rep, 1, curr_step, 30, track_size, 143, robot_vel, 53.09, joints_pos, 4.98, 37.93, -18.68, -67.72, -15.58, 72.99, 37.8, tool_torque, 1.125, -1.195, 0.563, joint_torque, 0.32, -0.24, -0.99, 1.4, -1.22, -0.64, 0.52, robot_mode, normal, 
08/06/2022 15:34:03:921, robot_pos, 1654698717729, 620.64, -124.07, 441.43, 2.43, 0.28, -2.81, circuit_pos, 619.16, -127.3, 435.32, 2.42, 0.26, -2.83, tool_force, -2.71, 1.62, 0.03, actual_rep, 1, curr_step, 29, track_size, 143, robot_vel, 44.67, joints_pos, 4.36, 38.11, -18.68, -67.98, -13.65, 72.52, 37.02, tool_torque, 1.017, -1.104, 0.557, joint_torque, -0.13, -0.04, -1.11, 1.42, -1.18, -0.74, 0.53, robot_mode, normal, 
08/06/2022 15:34:04:108, robot_pos, 1654698717880, 619.94, -126.72, 435.62, 2.42, 0.26, -2.83, circuit_pos, 618.41, -130.96, 427.83, 2.41, 0.23, -2.86, tool_force, -2.05, 2.15, -0.13, actual_rep, 1, curr_step, 27, track_size, 143, robot_vel, 47.93, joints_pos, 3.84, 38.32, -18.68, -68.32, -11.94, 72.05, 36.26, tool_torque, 1.04, -1.127, 0.584, joint_torque, 0.45, 0.27, -0.75, 1.27, -1.04, -0.73, 0.54, robot_mode, normal, 
08/06/2022 15:34:04:223, robot_pos, 1654698718034, 619.51, -129.72, 429.95, 2.41, 0.23, -2.85, circuit_pos, 617.52, -136.77, 415.79, 2.4, 0.19, -2.9, tool_force, -2.54, 2.38, -0.79, actual_rep, 1, curr_step, 24, track_size, 143, robot_vel, 41.87, joints_pos, 3.22, 38.6, -18.68, -68.48, -9.93, 71.74, 35.22, tool_torque, 0.756, -0.933, 0.544, joint_torque, 0.39, -0.62, -0.65, 1.77, -0.79, -0.78, 0.52, robot_mode, normal, 
08/06/2022 15:34:04:413, robot_pos, 1654698718184, 618.96, -132.27, 424.24, 2.41, 0.22, -2.87, circuit_pos, 615.82, -140.88, 406.9, 2.4, 0.16, -2.93, tool_force, -2.12, 2.62, -1.29, actual_rep, 1, curr_step, 22, track_size, 143, robot_vel, 36.99, joints_pos, 2.71, 38.86, -18.68, -68.77, -8.3, 71.32, 34.36, tool_torque, 0.842, -0.923, 0.538, joint_torque, 0.57, -0.38, -0.63, 1.62, -0.81, -0.71, 0.5, robot_mode, normal, 
08/06/2022 15:34:04:617, robot_pos, 1654698718335, 618.16, -135.15, 418.38, 2.41, 0.2, -2.89, circuit_pos, 615.82, -140.88, 406.9, 2.4, 0.16, -2.93, tool_force, -2.67, 2.47, -1.36, actual_rep, 1, curr_step, 22, track_size, 143, robot_vel, 43.57, joints_pos, 2.17, 39.1, -18.68, -69.07, -6.6, 70.92, 33.35, tool_torque, 0.83, -1.068, 0.551, joint_torque, 0.25, -0.77, -0.9, 1.75, -0.89, -0.82, 0.51, robot_mode, normal, 
08/06/2022 15:34:04:714, robot_pos, 1654698718487, 617.44, -137.85, 412.52, 2.4, 0.18, -2.91, circuit_pos, 615.82, -140.88, 406.9, 2.4, 0.16, -2.93, tool_force, -2.97, 2.84, -1.01, actual_rep, 1, curr_step, 22, track_size, 143, robot_vel, 42.49, joints_pos, 1.62, 39.39, -18.68, -69.34, -4.85, 70.59, 32.32, tool_torque, 0.79, -0.969, 0.587, joint_torque, 0.2, -0.67, -0.87, 1.82, -0.79, -0.84, 0.56, robot_mode, normal, 
08/06/2022 15:34:04:902, robot_pos, 1654698718637, 616.64, -140.81, 406.84, 2.4, 0.16, -2.93, circuit_pos, 613.81, -145.58, 397.5, 2.39, 0.14, -2.95, tool_force, -2.35, 2.73, -1.43, actual_rep, 1, curr_step, 20, track_size, 143, robot_vel, 39.81, joints_pos, 1.12, 39.66, -18.68, -69.65, -3.27, 70.08, 31.23, tool_torque, 0.639, -0.875, 0.565, joint_torque, 0.31, -1.02, -0.74, 2.11, -0.6, -0.93, 0.53, robot_mode, normal, 
08/06/2022 15:34:05:017, robot_pos, 1654698718788, 615.38, -143.45, 401.06, 2.39, 0.15, -2.94, circuit_pos, 612.68, -148.32, 392.56, 2.39, 0.13, -2.97, tool_force, -2.14, 3.2, -2.05, actual_rep, 1, curr_step, 19, track_size, 143, robot_vel, 60.53, joints_pos, 0.71, 39.89, -18.68, -70.07, -2.38, 69.73, 30.85, tool_torque, 0.608, -0.976, 0.589, joint_torque, 1.1, -1.23, -0.26, 2.25, -0.46, -0.96, 0.55, robot_mode, normal, 
08/06/2022 15:34:05:174, robot_pos, 1654698718941, 614.3, -146.51, 395.24, 2.39, 0.13, -2.96, circuit_pos, 611.62, -150.79, 387.66, 2.39, 0.12, -2.98, tool_force, -2.47, 2.86, -1.31, actual_rep, 1, curr_step, 18, track_size, 143, robot_vel, 42.46, joints_pos, 0.17, 40.12, -18.68, -70.49, -0.76, 69.16, 29.88, tool_torque, 0.658, -0.894, 0.582, joint_torque, 0.32, -0.85, -0.77, 1.98, -0.57, -0.93, 0.55, robot_mode, normal, 
08/06/2022 15:34:05:319, robot_pos, 1654698719092, 613.1, -149.28, 389.55, 2.39, 0.12, -2.98, circuit_pos, 610.7, -153.31, 382.76, 2.4, 0.11, -3.0, tool_force, -2.0, 4.27, -2.65, actual_rep, 1, curr_step, 17, track_size, 143, robot_vel, 40.15, joints_pos, -0.24, 40.33, -18.68, -70.93, 0.29, 68.55, 29.04, tool_torque, 0.463, -0.808, 0.578, joint_torque, 1.64, -1.33, 0.23, 2.38, -0.11, -0.92, 0.53, robot_mode, normal, 
08/06/2022 15:34:05:444, robot_pos, 1654698719245, 611.99, -152.5, 383.85, 2.4, 0.11, -3.0, circuit_pos, 609.87, -155.68, 378.02, 2.4, 0.11, -3.02, tool_force, -1.79, 4.26, -2.99, actual_rep, 1, curr_step, 16, track_size, 143, robot_vel, 45.26, joints_pos, -0.81, 40.48, -18.68, -71.48, 2.03, 67.63, 27.43, tool_torque, 0.218, -0.636, 0.558, joint_torque, 1.38, -2.02, 0.24, 2.57, 0.1, -0.85, 0.53, robot_mode, normal, 
08/06/2022 15:34:05:621, robot_pos, 1654698719396, 610.58, -155.02, 377.96, 2.4, 0.11, -3.02, circuit_pos, 608.07, -159.76, 369.0, 2.4, 0.09, -3.05, tool_force, -1.52, 4.15, -2.56, actual_rep, 1, curr_step, 14, track_size, 143, robot_vel, 39.28, joints_pos, -1.21, 40.54, -18.68, -72.24, 3.39, 66.44, 26.33, tool_torque, 0.304, -0.666, 0.564, joint_torque, 1.47, -1.62, 0.27, 2.3, 0.07, -0.85, 0.53, robot_mode, normal, 
08/06/2022 15:34:05:770, robot_pos, 1654698719548, 609.55, -157.78, 372.2, 2.4, 0.09, -3.04, circuit_pos, 607.17, -161.73, 364.27, 2.4, 0.09, -3.07, tool_force, -1.51, 3.91, -2.87, actual_rep, 1, curr_step, 13, track_size, 143, robot_vel, 42.24, joints_pos, -1.72, 40.8, -18.68, -72.62, 5.02, 65.89, 25.1, tool_torque, 0.339, -0.747, 0.566, joint_torque, 1.11, -1.76, -0.03, 2.52, -0.03, -1.02, 0.54, robot_mode, normal, 
08/06/2022 15:34:05:986, robot_pos, 1654698719730, 608.34, -160.67, 365.25, 2.4, 0.09, -3.07, circuit_pos, 606.45, -163.34, 359.53, 2.4, 0.08, -3.09, tool_force, -1.56, 3.26, -2.68, actual_rep, 1, curr_step, 12, track_size, 143, robot_vel, 41.92, joints_pos, -2.22, 40.96, -18.68, -73.4, 6.8, 64.5, 23.73, tool_torque, 0.408, -0.682, 0.527, joint_torque, 1.2, -1.73, 0.04, 2.33, 0.0, -0.84, 0.49, robot_mode, normal, 
08/06/2022 15:34:06:132, robot_pos, 1654698719894, 607.28, -163.04, 359.29, 2.4, 0.08, -3.09, circuit_pos, 604.29, -166.68, 347.89, 2.39, 0.07, -3.13, tool_force, -2.62, 4.29, -1.95, actual_rep, 1, curr_step, 9, track_size, 143, robot_vel, 41.42, joints_pos, -2.68, 41.19, -18.68, -73.92, 8.43, 63.66, 22.61, tool_torque, 0.32, -0.506, 0.494, joint_torque, 1.13, -1.16, 0.23, 2.27, 0.12, -0.85, 0.46, robot_mode, normal, 
08/06/2022 15:34:06:258, robot_pos, 1654698720046, 606.18, -164.2, 353.62, 2.39, 0.07, -3.11, circuit_pos, 601.99, -167.58, 335.63, 2.38, 0.05, 3.11, tool_force, -2.01, 3.46, -2.67, actual_rep, 1, curr_step, 6, track_size, 143, robot_vel, 42.22, joints_pos, -3.0, 41.39, -18.68, -74.5, 9.93, 62.86, 21.84, tool_torque, 0.337, -0.709, 0.484, joint_torque, 0.9, -1.86, -0.08, 2.27, 0.05, -0.86, 0.45, robot_mode, normal, 
08/06/2022 15:34:06:433, robot_pos, 1654698720198, 605.1, -165.24, 347.84, 2.39, 0.07, -3.13, circuit_pos, 600.85, -167.7, 328.62, 2.37, 0.04, 3.1, tool_force, -1.77, 3.3, -2.96, actual_rep, 1, curr_step, 4, track_size, 143, robot_vel, 37.69, joints_pos, -3.32, 41.62, -18.68, -74.98, 11.46, 62.24, 21.06, tool_torque, 0.419, -0.705, 0.473, joint_torque, 1.16, -1.9, -0.02, 2.42, 0.06, -0.86, 0.42, robot_mode, normal, 
08/06/2022 15:34:06:537, robot_pos, 1654698720350, 604.02, -165.71, 341.87, 2.38, 0.06, 3.14, circuit_pos, 599.59, -167.21, 324.59, 2.36, 0.03, 3.09, tool_force, -1.61, 4.04, -2.18, actual_rep, 1, curr_step, 1, track_size, 143, robot_vel, 40.12, joints_pos, -3.53, 41.88, -18.68, -75.49, 12.67, 61.59, 20.51, tool_torque, 0.342, -0.756, 0.455, joint_torque, 1.59, -1.98, 0.31, 2.51, 0.18, -0.9, 0.4, robot_mode, normal, 
08/06/2022 15:34:06:800, robot_pos, 1654698720499, 602.84, -166.12, 336.25, 2.37, 0.05, 3.12, circuit_pos, 599.69, -167.03, 324.58, 2.36, 0.03, 3.09, tool_force, -1.81, 4.26, -2.11, actual_rep, 1, curr_step, 0, track_size, 143, robot_vel, 38.96, joints_pos, -3.76, 42.14, -18.68, -75.97, 14.05, 61.07, 19.95, tool_torque, 0.327, -0.68, 0.441, joint_torque, 1.25, -2.03, 0.12, 2.54, 0.16, -0.92, 0.4, robot_mode, normal, 
08/06/2022 15:34:06:840, robot_pos, 1654698720651, 601.67, -166.56, 330.36, 2.37, 0.04, 3.1, circuit_pos, 599.69, -167.03, 324.58, 2.36, 0.03, 3.09, tool_force, -2.18, 3.78, -1.93, actual_rep, 2, curr_step, 0, track_size, 143, robot_vel, 38.08, joints_pos, -4.0, 42.42, -18.68, -76.44, 15.4, 60.55, 19.39, tool_torque, 0.406, -0.732, 0.435, joint_torque, 1.24, -1.72, 0.09, 2.44, 0.12, -0.95, 0.38, robot_mode, normal, 
08/06/2022 15:34:07:040, robot_pos, 1654698720799, 600.64, -166.98, 324.96, 2.36, 0.03, 3.09, circuit_pos, 599.69, -167.03, 324.58, 2.36, 0.03, 3.09, tool_force, -1.8, 3.41, -2.91, actual_rep, 2, curr_step, 0, track_size, 143, robot_vel, 39.07, joints_pos, -4.2, 42.68, -18.68, -76.89, 16.6, 59.98, 18.87, tool_torque, 0.386, -0.828, 0.441, joint_torque, 1.08, -2.19, -0.11, 2.6, 0.11, -0.99, 0.39, robot_mode, normal, 
08/06/2022 15:34:07:340, robot_pos, 1654698720949, 600.43, -167.09, 325.04, 2.36, 0.03, 3.09, circuit_pos, 599.69, -167.03, 324.58, 2.36, 0.03, 3.09, tool_force, -2.23, 3.39, -0.81, actual_rep, 2, curr_step, 0, track_size, 143, robot_vel, 29.6, joints_pos, -4.22, 42.64, -18.68, -76.93, 16.59, 59.98, 18.83, tool_torque, 0.065, -0.822, 0.269, joint_torque, 0.9, -1.29, 0.09, 2.28, 0.21, -1.18, 0.22, robot_mode, normal, 
08/06/2022 15:34:08:150, robot_pos, 1654698721100, 600.41, -167.02, 324.84, 2.36, 0.03, 3.09, circuit_pos, 599.69, -167.03, 324.58, 2.36, 0.03, 3.09, tool_force, -2.67, 3.6, -0.64, actual_rep, 2, curr_step, 0, track_size, 143, robot_vel, 29.6, joints_pos, -4.21, 42.64, -18.68, -76.95, 16.6, 59.93, 18.84, tool_torque, 0.066, -0.742, 0.264, joint_torque, 0.84, -1.14, 0.11, 2.25, 0.19, -1.14, 0.24, robot_mode, normal, 
