10/05/2022 13:52:53: File Created!
10/05/2022 13:52:53:408, robot_pos, 1652187064862, 612.89, 280.91, 203.7, 2.36, -0.03, 3.07, circuit_pos, 614.15, 276.57, 203.47, 2.36, -0.03, 3.07, tool_force, -0.76, 1.09, 5.98, actual_rep, 1, curr_step, 1, track_size, 99, robot_vel, 0.0, joints_pos, 33.33, 58.61, -17.0, -66.97, 21.75, 54.22, 56.93, tool_torque, -0.04, 0.05, 0.225, joint_torque, -0.29, 3.68, 0.55, -1.41, 0.05, -0.2, 0.29, robot_mode, normal, 
10/05/2022 13:52:53:481, robot_pos, 1652187064969, 612.89, 280.91, 203.66, 2.36, -0.03, 3.07, circuit_pos, 614.15, 276.57, 203.47, 2.36, -0.03, 3.07, tool_force, -1.18, 1.91, 8.74, actual_rep, 1, curr_step, 1, track_size, 99, robot_vel, 0.0, joints_pos, 33.33, 58.62, -17.0, -66.97, 21.75, 54.22, 56.93, tool_torque, -0.099, 0.024, 0.225, joint_torque, -0.28, 2.91, 0.39, -1.25, 0.04, -0.18, 0.28, robot_mode, normal, 
10/05/2022 13:52:53:637, robot_pos, 1652187065127, 613.19, 280.99, 202.73, 2.36, -0.03, 3.07, circuit_pos, 614.15, 276.57, 203.47, 2.36, -0.03, 3.07, tool_force, 0.11, 0.96, -1.07, actual_rep, 1, curr_step, 1, track_size, 99, robot_vel, 1.85, joints_pos, 33.32, 58.74, -17.0, -66.87, 21.75, 54.21, 56.93, tool_torque, -0.072, -0.045, 0.202, joint_torque, -0.16, -0.89, -0.11, 0.65, 0.08, -0.2, 0.24, robot_mode, normal, 
10/05/2022 13:52:53:762, robot_pos, 1652187065272, 614.38, 277.08, 202.15, 2.36, -0.03, 3.07, circuit_pos, 615.8, 269.32, 202.82, 2.35, -0.02, 3.08, tool_force, -0.61, 1.96, -0.79, actual_rep, 1, curr_step, 2, track_size, 99, robot_vel, 36.85, joints_pos, 33.05, 58.76, -17.11, -66.99, 21.68, 54.16, 56.83, tool_torque, 0.152, 0.079, 0.348, joint_torque, -0.53, -0.72, -0.18, 0.8, 0.13, -0.13, 0.41, robot_mode, normal, 
10/05/2022 13:52:53:918, robot_pos, 1652187065430, 615.44, 270.98, 201.74, 2.35, -0.02, 3.08, circuit_pos, 617.23, 260.65, 201.8, 2.34, -0.01, 3.09, tool_force, -0.29, 1.98, -0.84, actual_rep, 1, curr_step, 3, track_size, 99, robot_vel, 35.46, joints_pos, 32.76, 58.68, -17.27, -67.25, 21.21, 54.16, 56.96, tool_torque, 0.119, 0.015, 0.152, joint_torque, 0.07, -0.64, -0.05, 0.81, 0.14, -0.12, 0.14, robot_mode, normal, 
10/05/2022 13:52:54:059, robot_pos, 1652187065565, 616.44, 265.66, 201.19, 2.35, -0.02, 3.08, circuit_pos, 618.61, 250.37, 200.73, 2.34, -0.01, 3.1, tool_force, 0.11, 1.94, -0.86, actual_rep, 1, curr_step, 4, track_size, 99, robot_vel, 49.02, joints_pos, 32.52, 58.65, -17.46, -67.45, 20.89, 54.16, 57.04, tool_torque, 0.094, -0.081, 0.087, joint_torque, 0.31, -0.87, -0.01, 0.89, 0.15, -0.14, 0.05, robot_mode, normal, 
10/05/2022 13:52:54:204, robot_pos, 1652187065714, 617.25, 260.01, 200.61, 2.34, -0.01, 3.09, circuit_pos, 618.61, 250.37, 200.73, 2.34, -0.01, 3.1, tool_force, 0.12, 2.13, -0.48, actual_rep, 1, curr_step, 4, track_size, 99, robot_vel, 38.96, joints_pos, 32.16, 58.6, -17.53, -67.68, 20.61, 54.21, 56.94, tool_torque, 0.093, -0.151, 0.272, joint_torque, 0.16, -0.6, -0.06, 0.82, 0.14, -0.22, 0.28, robot_mode, normal, 
10/05/2022 13:52:54:362, robot_pos, 1652187065863, 618.13, 254.23, 200.01, 2.34, -0.01, 3.1, circuit_pos, 619.55, 239.35, 199.74, 2.33, 0.0, 3.1, tool_force, 0.26, 2.1, -0.87, actual_rep, 1, curr_step, 5, track_size, 99, robot_vel, 46.91, joints_pos, 31.73, 58.54, -17.51, -67.89, 20.29, 54.27, 56.78, tool_torque, 0.167, -0.381, 0.452, joint_torque, 0.74, -0.78, 0.05, 0.93, 0.17, -0.23, 0.42, robot_mode, normal, 
10/05/2022 13:52:54:554, robot_pos, 1652187066012, 618.85, 248.46, 199.51, 2.34, -0.01, 3.1, circuit_pos, 619.55, 239.35, 199.74, 2.33, 0.0, 3.1, tool_force, 0.38, 2.95, -0.59, actual_rep, 1, curr_step, 5, track_size, 99, robot_vel, 40.51, joints_pos, 31.33, 58.41, -17.49, -68.34, 19.91, 53.97, 56.7, tool_torque, 0.494, -0.383, 0.52, joint_torque, 0.77, -0.66, -0.02, 0.93, 0.15, -0.05, 0.48, robot_mode, normal, 
10/05/2022 13:52:54:686, robot_pos, 1652187066161, 619.32, 242.71, 199.03, 2.33, 0.0, 3.1, circuit_pos, 619.98, 227.9, 199.03, 2.32, 0.0, 3.11, tool_force, 0.54, 2.89, -0.76, actual_rep, 1, curr_step, 6, track_size, 99, robot_vel, 39.81, joints_pos, 30.94, 58.25, -17.47, -68.65, 19.7, 53.81, 56.65, tool_torque, 0.444, -0.284, 0.505, joint_torque, 0.02, -0.9, -0.38, 0.96, 0.11, -0.07, 0.49, robot_mode, normal, 
10/05/2022 13:52:54:805, robot_pos, 1652187066308, 619.7, 236.87, 198.63, 2.33, 0.0, 3.11, circuit_pos, 619.98, 227.9, 199.03, 2.32, 0.0, 3.11, tool_force, 0.33, 2.72, -0.75, actual_rep, 1, curr_step, 6, track_size, 99, robot_vel, 38.69, joints_pos, 30.54, 58.12, -17.47, -68.99, 19.49, 53.76, 56.54, tool_torque, 0.439, -0.283, 0.535, joint_torque, 0.11, -0.71, -0.32, 0.82, 0.11, -0.05, 0.51, robot_mode, normal, 
10/05/2022 13:52:54:965, robot_pos, 1652187066458, 619.98, 231.14, 198.23, 2.32, 0.0, 3.11, circuit_pos, 619.92, 216.18, 198.76, 2.31, 0.0, 3.12, tool_force, 0.17, 2.61, -1.01, actual_rep, 1, curr_step, 7, track_size, 99, robot_vel, 43.67, joints_pos, 30.12, 57.99, -17.47, -69.33, 19.29, 53.73, 56.43, tool_torque, 0.448, -0.37, 0.531, joint_torque, 0.58, -0.72, -0.08, 0.94, 0.15, -0.08, 0.49, robot_mode, normal, 
10/05/2022 13:52:55:153, robot_pos, 1652187066607, 620.07, 225.22, 198.01, 2.32, 0.0, 3.11, circuit_pos, 619.92, 216.18, 198.76, 2.31, 0.0, 3.12, tool_force, 0.44, 2.68, -0.75, actual_rep, 1, curr_step, 7, track_size, 99, robot_vel, 44.87, joints_pos, 29.71, 57.81, -17.47, -69.76, 19.07, 53.73, 56.3, tool_torque, 0.376, -0.312, 0.503, joint_torque, 0.31, -0.72, -0.19, 0.89, 0.14, -0.11, 0.47, robot_mode, normal, 
10/05/2022 13:52:55:287, robot_pos, 1652187066758, 620.11, 219.39, 197.81, 2.31, 0.0, 3.12, circuit_pos, 619.33, 204.63, 198.88, 2.3, 0.01, 3.13, tool_force, 0.38, 2.64, -0.67, actual_rep, 1, curr_step, 8, track_size, 99, robot_vel, 39.58, joints_pos, 29.32, 57.68, -17.48, -70.04, 18.88, 53.75, 56.22, tool_torque, 0.349, -0.311, 0.486, joint_torque, 0.23, -0.74, -0.25, 0.86, 0.14, -0.13, 0.45, robot_mode, normal, 
10/05/2022 13:52:55:413, robot_pos, 1652187066905, 619.95, 213.71, 197.78, 2.31, 0.0, 3.12, circuit_pos, 619.33, 204.63, 198.88, 2.3, 0.01, 3.13, tool_force, 0.44, 2.58, -0.6, actual_rep, 1, curr_step, 8, track_size, 99, robot_vel, 43.7, joints_pos, 28.98, 57.49, -17.54, -70.46, 18.54, 53.66, 56.23, tool_torque, 0.356, -0.218, 0.362, joint_torque, 0.49, -0.87, -0.02, 0.92, 0.15, -0.04, 0.34, robot_mode, normal, 
10/05/2022 13:52:55:562, robot_pos, 1652187067054, 619.67, 207.88, 197.78, 2.3, 0.01, 3.13, circuit_pos, 618.07, 193.54, 199.34, 2.3, 0.0, 3.14, tool_force, -0.19, 2.44, -0.47, actual_rep, 1, curr_step, 9, track_size, 99, robot_vel, 40.37, joints_pos, 28.63, 57.3, -17.55, -70.87, 18.22, 53.61, 56.21, tool_torque, 0.373, -0.267, 0.429, joint_torque, 0.67, -0.52, 0.13, 0.85, 0.15, -0.08, 0.41, robot_mode, normal, 
10/05/2022 13:52:55:713, robot_pos, 1652187067202, 619.14, 202.05, 197.94, 2.3, 0.01, 3.13, circuit_pos, 618.07, 193.54, 199.34, 2.3, 0.0, 3.14, tool_force, -0.07, 2.41, -0.7, actual_rep, 1, curr_step, 9, track_size, 99, robot_vel, 42.86, joints_pos, 28.16, 57.07, -17.49, -71.28, 18.14, 53.73, 55.79, tool_torque, 0.279, -0.386, 0.513, joint_torque, 0.44, -0.8, -0.18, 0.9, 0.14, -0.22, 0.48, robot_mode, normal, 
10/05/2022 13:52:55:861, robot_pos, 1652187067352, 618.61, 196.31, 198.1, 2.3, 0.0, 3.14, circuit_pos, 616.29, 182.76, 200.06, 2.3, 0.0, -3.14, tool_force, 0.47, 2.26, -0.74, actual_rep, 1, curr_step, 10, track_size, 99, robot_vel, 39.41, joints_pos, 27.72, 56.86, -17.44, -71.69, 18.01, 53.82, 55.41, tool_torque, 0.307, -0.507, 0.566, joint_torque, 0.52, -0.9, -0.26, 0.95, 0.13, -0.2, 0.52, robot_mode, normal, 
10/05/2022 13:52:56:016, robot_pos, 1652187067503, 617.77, 190.39, 198.45, 2.3, 0.0, 3.14, circuit_pos, 616.29, 182.76, 200.06, 2.3, 0.0, -3.14, tool_force, 0.58, 2.64, -0.78, actual_rep, 1, curr_step, 10, track_size, 99, robot_vel, 40.49, joints_pos, 27.31, 56.57, -17.44, -72.22, 17.95, 53.74, 54.93, tool_torque, 0.422, -0.334, 0.516, joint_torque, 0.14, -0.33, -0.35, 0.68, 0.11, -0.09, 0.47, robot_mode, normal, 
10/05/2022 13:52:56:168, robot_pos, 1652187067649, 616.81, 184.7, 198.79, 2.3, 0.0, -3.14, circuit_pos, 613.82, 173.02, 200.94, 2.3, 0.0, -3.13, tool_force, -0.01, 2.3, -0.86, actual_rep, 1, curr_step, 11, track_size, 99, robot_vel, 43.83, joints_pos, 26.92, 56.28, -17.45, -72.75, 17.84, 53.71, 54.48, tool_torque, 0.367, -0.283, 0.498, joint_torque, 0.12, -0.72, -0.35, 0.78, 0.12, -0.09, 0.47, robot_mode, normal, 
10/05/2022 13:52:56:314, robot_pos, 1652187067797, 615.54, 178.96, 199.25, 2.3, 0.0, -3.13, circuit_pos, 613.82, 173.02, 200.94, 2.3, 0.0, -3.13, tool_force, 0.51, 2.73, -0.91, actual_rep, 1, curr_step, 11, track_size, 99, robot_vel, 39.88, joints_pos, 26.57, 55.98, -17.47, -73.29, 17.65, 53.71, 54.12, tool_torque, 0.4, -0.299, 0.499, joint_torque, 0.33, -0.94, -0.24, 0.9, 0.12, -0.07, 0.48, robot_mode, normal, 
10/05/2022 13:52:56:493, robot_pos, 1652187067946, 614.06, 173.25, 199.8, 2.3, 0.0, -3.13, circuit_pos, 610.26, 162.17, 202.23, 2.31, -0.01, -3.13, tool_force, 0.43, 2.61, -0.98, actual_rep, 1, curr_step, 12, track_size, 99, robot_vel, 42.05, joints_pos, 26.16, 55.63, -17.44, -73.9, 17.57, 53.67, 53.48, tool_torque, 0.461, -0.34, 0.5, joint_torque, 0.29, -0.46, -0.3, 0.65, 0.09, -0.03, 0.46, robot_mode, normal, 
10/05/2022 13:52:56:619, robot_pos, 1652187068096, 612.27, 167.3, 200.45, 2.3, -0.01, -3.13, circuit_pos, 606.79, 153.9, 203.36, 2.32, -0.02, -3.13, tool_force, 0.09, 2.78, -0.79, actual_rep, 1, curr_step, 13, track_size, 99, robot_vel, 42.59, joints_pos, 25.71, 55.23, -17.37, -74.6, 17.69, 53.55, 52.59, tool_torque, 0.564, -0.384, 0.519, joint_torque, 0.35, -0.3, -0.32, 0.68, 0.05, -0.01, 0.47, robot_mode, normal, 
10/05/2022 13:52:56:771, robot_pos, 1652187068244, 610.29, 161.68, 201.13, 2.31, -0.01, -3.13, circuit_pos, 606.79, 153.9, 203.36, 2.32, -0.02, -3.13, tool_force, 0.28, 2.35, -1.38, actual_rep, 1, curr_step, 13, track_size, 99, robot_vel, 37.97, joints_pos, 25.26, 54.8, -17.32, -75.33, 17.89, 53.47, 51.54, tool_torque, 0.519, -0.348, 0.505, joint_torque, 0.08, -0.63, -0.48, 0.81, 0.03, -0.04, 0.47, robot_mode, normal, 
10/05/2022 13:52:56:917, robot_pos, 1652187068392, 608.09, 155.75, 201.92, 2.32, -0.02, -3.13, circuit_pos, 603.97, 146.3, 204.51, 2.33, -0.02, -3.13, tool_force, 0.01, 2.42, -0.8, actual_rep, 1, curr_step, 14, track_size, 99, robot_vel, 43.17, joints_pos, 24.83, 54.36, -17.31, -76.08, 18.11, 53.34, 50.45, tool_torque, 0.569, -0.339, 0.505, joint_torque, 0.39, -0.62, -0.29, 0.79, 0.04, 0.01, 0.46, robot_mode, normal, 
10/05/2022 13:52:57:080, robot_pos, 1652187068542, 605.88, 149.85, 202.79, 2.32, -0.02, -3.13, circuit_pos, 601.01, 139.35, 205.37, 2.34, -0.02, -3.14, tool_force, 0.52, 2.54, -0.92, actual_rep, 1, curr_step, 15, track_size, 99, robot_vel, 38.52, joints_pos, 24.44, 53.87, -17.31, -76.92, 18.13, 53.09, 49.36, tool_torque, 0.573, -0.288, 0.487, joint_torque, 0.22, -0.64, -0.41, 0.77, 0.02, 0.01, 0.45, robot_mode, normal, 
10/05/2022 13:52:57:216, robot_pos, 1652187068689, 603.59, 144.2, 203.44, 2.33, -0.02, -3.13, circuit_pos, 601.01, 139.35, 205.37, 2.34, -0.02, -3.14, tool_force, 0.59, 2.96, -0.5, actual_rep, 1, curr_step, 15, track_size, 99, robot_vel, 42.05, joints_pos, 24.06, 53.39, -17.31, -77.8, 18.39, 52.53, 48.22, tool_torque, 0.661, -0.336, 0.486, joint_torque, 0.43, -0.59, -0.26, 0.85, 0.04, 0.04, 0.43, robot_mode, normal, 
10/05/2022 13:52:57:369, robot_pos, 1652187068840, 600.81, 138.23, 204.01, 2.34, -0.02, -3.14, circuit_pos, 597.41, 132.91, 205.91, 2.34, -0.01, 3.14, tool_force, -0.41, 2.7, -1.1, actual_rep, 1, curr_step, 16, track_size, 99, robot_vel, 44.74, joints_pos, 23.73, 52.8, -17.35, -78.9, 18.49, 51.72, 47.28, tool_torque, 0.602, -0.189, 0.476, joint_torque, 0.18, -0.49, -0.32, 0.82, 0.07, 0.03, 0.44, robot_mode, normal, 
10/05/2022 13:52:57:517, robot_pos, 1652187068988, 597.18, 132.71, 204.58, 2.34, -0.01, 3.14, circuit_pos, 593.12, 127.86, 206.25, 2.35, -0.01, 3.13, tool_force, 0.27, 2.8, -1.24, actual_rep, 1, curr_step, 17, track_size, 99, robot_vel, 46.43, joints_pos, 23.52, 52.14, -17.4, -80.17, 18.46, 50.72, 46.45, tool_torque, 0.64, -0.286, 0.487, joint_torque, 0.73, -0.26, 0.03, 0.75, 0.1, 0.04, 0.44, robot_mode, normal, 
10/05/2022 13:52:57:669, robot_pos, 1652187069137, 591.9, 126.63, 204.99, 2.35, -0.01, 3.13, circuit_pos, 582.86, 118.76, 206.76, 2.35, -0.02, 3.13, tool_force, -0.37, 2.19, -0.97, actual_rep, 1, curr_step, 19, track_size, 99, robot_vel, 56.83, joints_pos, 23.17, 51.31, -17.34, -81.77, 18.7, 49.68, 45.31, tool_torque, 0.585, -0.245, 0.477, joint_torque, 0.28, -0.73, -0.32, 0.77, 0.07, 0.05, 0.43, robot_mode, normal, 
10/05/2022 13:52:57:828, robot_pos, 1652187069286, 585.91, 121.68, 205.45, 2.35, -0.01, 3.13, circuit_pos, 577.4, 114.29, 207.37, 2.35, -0.02, 3.12, tool_force, -0.14, 2.77, -1.55, actual_rep, 1, curr_step, 20, track_size, 99, robot_vel, 51.1, joints_pos, 22.89, 50.56, -17.29, -83.18, 19.03, 49.16, 44.46, tool_torque, 0.64, -0.236, 0.449, joint_torque, 0.22, -0.45, -0.36, 0.8, 0.04, 0.05, 0.41, robot_mode, normal, 
10/05/2022 13:52:57:972, robot_pos, 1652187069434, 580.38, 116.75, 205.83, 2.35, -0.02, 3.13, circuit_pos, 572.02, 110.24, 208.21, 2.35, -0.02, 3.12, tool_force, -0.01, 2.7, -1.28, actual_rep, 1, curr_step, 21, track_size, 99, robot_vel, 50.24, joints_pos, 22.59, 49.79, -17.25, -84.66, 19.51, 48.37, 43.51, tool_torque, 0.706, -0.335, 0.472, joint_torque, 0.48, -0.27, -0.26, 0.67, 0.04, 0.06, 0.4, robot_mode, normal, 
10/05/2022 13:52:58:118, robot_pos, 1652187069583, 574.45, 112.37, 206.76, 2.35, -0.02, 3.12, circuit_pos, 566.75, 106.83, 209.31, 2.35, -0.02, 3.12, tool_force, 0.06, 2.46, -0.75, actual_rep, 1, curr_step, 22, track_size, 99, robot_vel, 48.5, joints_pos, 22.43, 48.99, -17.26, -86.13, 19.69, 47.66, 42.86, tool_torque, 0.703, -0.252, 0.451, joint_torque, 0.34, -0.34, -0.26, 0.71, 0.04, 0.06, 0.4, robot_mode, normal, 
10/05/2022 13:52:58:271, robot_pos, 1652187069734, 568.7, 108.52, 207.76, 2.35, -0.02, 3.12, circuit_pos, 561.73, 103.94, 210.6, 2.35, -0.01, 3.12, tool_force, -0.13, 2.85, -1.13, actual_rep, 1, curr_step, 23, track_size, 99, robot_vel, 45.23, joints_pos, 22.32, 48.23, -17.29, -87.46, 19.74, 47.06, 42.4, tool_torque, 0.662, -0.214, 0.428, joint_torque, 0.31, -0.24, -0.19, 0.95, 0.04, 0.04, 0.4, robot_mode, normal, 
10/05/2022 13:52:58:423, robot_pos, 1652187069885, 562.92, 104.93, 209.07, 2.35, -0.01, 3.12, circuit_pos, 556.83, 101.58, 211.93, 2.35, -0.01, 3.11, tool_force, -0.64, 2.01, -0.73, actual_rep, 1, curr_step, 24, track_size, 99, robot_vel, 48.85, joints_pos, 22.34, 47.37, -17.35, -88.94, 19.46, 46.06, 42.22, tool_torque, 0.434, 0.058, 0.348, joint_torque, -0.07, -0.3, -0.19, 0.7, 0.11, 0.07, 0.36, robot_mode, normal, 
10/05/2022 13:52:58:569, robot_pos, 1652187070031, 556.66, 102.55, 210.45, 2.35, -0.01, 3.12, circuit_pos, 547.94, 99.45, 214.4, 2.35, -0.02, 3.11, tool_force, 0.93, 1.26, 0.47, actual_rep, 1, curr_step, 26, track_size, 99, robot_vel, 45.73, joints_pos, 22.29, 46.5, -17.27, -90.39, 19.62, 45.21, 41.8, tool_torque, 0.639, -0.036, 0.595, joint_torque, 0.15, 1.5, 0.09, -0.83, 0.25, 0.42, 0.56, robot_mode, normal, 
10/05/2022 13:52:58:726, robot_pos, 1652187070181, 550.93, 101.11, 211.05, 2.35, -0.02, 3.11, circuit_pos, 541.87, 99.37, 215.93, 2.35, -0.02, 3.11, tool_force, 0.8, 2.77, 6.37, actual_rep, 1, curr_step, 27, track_size, 99, robot_vel, 38.0, joints_pos, 22.21, 45.87, -17.16, -91.51, 20.01, 44.91, 41.23, tool_torque, 0.665, 0.331, 0.432, joint_torque, 0.95, 4.18, 1.32, -1.56, 0.42, 0.53, 0.36, robot_mode, normal, 
10/05/2022 13:52:58:873, robot_pos, 1652187070330, 545.81, 100.32, 211.52, 2.35, -0.02, 3.11, circuit_pos, 541.87, 99.37, 215.93, 2.35, -0.02, 3.11, tool_force, -0.95, 4.13, 10.21, actual_rep, 1, curr_step, 27, track_size, 99, robot_vel, 34.02, joints_pos, 22.21, 45.32, -17.07, -92.48, 20.16, 44.62, 40.97, tool_torque, 0.638, 0.792, 0.34, joint_torque, 0.53, 6.09, 1.55, -2.32, 0.53, 0.64, 0.3, robot_mode, normal, 
10/05/2022 13:52:59:027, robot_pos, 1652187070480, 539.96, 100.51, 212.9, 2.35, -0.03, 3.11, circuit_pos, 529.43, 102.52, 220.2, 2.35, -0.04, 3.11, tool_force, -1.79, 4.18, 12.88, actual_rep, 1, curr_step, 30, track_size, 99, robot_vel, 44.05, joints_pos, 22.24, 44.61, -16.89, -93.56, 20.36, 44.42, 40.72, tool_torque, 0.51, 0.98, 0.278, joint_torque, 0.7, 7.03, 2.06, -2.51, 0.61, 0.61, 0.25, robot_mode, normal, 
10/05/2022 13:52:59:185, robot_pos, 1652187070629, 534.47, 102.17, 214.4, 2.35, -0.04, 3.11, circuit_pos, 520.85, 108.34, 224.48, 2.36, -0.05, 3.1, tool_force, -2.81, 3.21, 14.82, actual_rep, 1, curr_step, 33, track_size, 99, robot_vel, 41.15, joints_pos, 22.32, 43.96, -16.64, -94.47, 20.6, 44.34, 40.63, tool_torque, 0.38, 1.53, 0.235, joint_torque, -0.24, 8.32, 1.81, -3.34, 0.66, 0.85, 0.26, robot_mode, normal, 
10/05/2022 13:52:59:328, robot_pos, 1652187070782, 529.05, 104.87, 218.22, 2.35, -0.04, 3.1, circuit_pos, 515.6, 113.29, 226.81, 2.36, -0.05, 3.1, tool_force, -2.53, 2.54, 4.7, actual_rep, 1, curr_step, 35, track_size, 99, robot_vel, 52.23, joints_pos, 22.56, 43.03, -16.43, -95.43, 20.76, 44.23, 40.53, tool_torque, 0.33, 0.611, 0.214, joint_torque, -0.53, 2.58, 0.16, -0.45, 0.21, 0.24, 0.23, robot_mode, normal, 
10/05/2022 13:52:59:506, robot_pos, 1652187070931, 522.36, 109.11, 222.19, 2.36, -0.04, 3.1, circuit_pos, 508.92, 119.92, 228.16, 2.37, -0.06, 3.1, tool_force, -1.38, 1.7, -1.12, actual_rep, 1, curr_step, 37, track_size, 99, robot_vel, 54.86, joints_pos, 23.16, 42.03, -16.37, -96.54, 20.72, 44.1, 40.69, tool_torque, 0.177, 0.26, 0.042, joint_torque, -0.24, 0.04, -0.19, 0.63, 0.11, 0.01, 0.02, robot_mode, normal, 
10/05/2022 13:52:59:632, robot_pos, 1652187071082, 516.61, 114.02, 224.14, 2.36, -0.05, 3.1, circuit_pos, 508.92, 119.92, 228.16, 2.37, -0.06, 3.1, tool_force, -1.65, 1.53, -0.24, actual_rep, 1, curr_step, 37, track_size, 99, robot_vel, 51.05, joints_pos, 23.79, 41.41, -16.37, -97.33, 21.02, 44.16, 40.66, tool_torque, 0.085, 0.153, 0.072, joint_torque, -0.32, -0.22, -0.22, 0.73, 0.06, -0.1, 0.09, robot_mode, normal, 
10/05/2022 13:52:59:815, robot_pos, 1652187071231, 510.76, 118.77, 226.58, 2.37, -0.06, 3.1, circuit_pos, 504.91, 123.84, 228.4, 2.37, -0.06, 3.1, tool_force, 0.65, 1.07, -5.36, actual_rep, 1, curr_step, 38, track_size, 99, robot_vel, 51.48, joints_pos, 24.45, 40.7, -16.38, -98.18, 21.3, 44.16, 40.66, tool_torque, 0.075, -0.346, 0.148, joint_torque, -0.24, -3.69, -0.84, 2.07, -0.13, -0.27, 0.18, robot_mode, normal, 
10/05/2022 13:52:59:927, robot_pos, 1652187071381, 505.17, 123.94, 230.0, 2.37, -0.06, 3.1, circuit_pos, 501.06, 127.92, 228.67, 2.38, -0.07, 3.1, tool_force, -1.09, 1.18, -18.85, actual_rep, 1, curr_step, 39, track_size, 99, robot_vel, 57.2, joints_pos, 25.32, 39.94, -16.54, -98.97, 21.3, 44.11, 40.97, tool_torque, 0.086, -1.466, -0.025, joint_torque, -1.14, -10.6, -3.23, 6.33, -0.77, -1.26, 0.0, robot_mode, normal, 
10/05/2022 13:53:00:083, robot_pos, 1652187071533, 500.22, 129.4, 231.96, 2.38, -0.06, 3.1, circuit_pos, 494.57, 136.11, 229.4, 2.38, -0.06, 3.1, tool_force, -4.06, 0.3, -25.17, actual_rep, 1, curr_step, 41, track_size, 99, robot_vel, 45.2, joints_pos, 26.16, 39.4, -16.66, -99.63, 21.35, 43.97, 41.26, tool_torque, 0.076, -1.843, -0.076, joint_torque, -2.52, -13.34, -5.03, 8.38, -1.17, -1.78, -0.07, robot_mode, normal, 
10/05/2022 13:53:00:234, robot_pos, 1652187071683, 494.94, 135.41, 230.54, 2.38, -0.06, 3.1, circuit_pos, 491.33, 140.66, 229.82, 2.38, -0.06, 3.09, tool_force, -4.17, 2.75, -6.37, actual_rep, 1, curr_step, 42, track_size, 99, robot_vel, 56.57, joints_pos, 27.14, 39.25, -16.75, -100.27, 21.29, 43.53, 42.04, tool_torque, 0.213, -0.249, -0.111, joint_torque, -0.92, -2.94, -1.51, 2.91, -0.29, -0.54, -0.13, robot_mode, normal, 
10/05/2022 13:53:00:383, robot_pos, 1652187071833, 491.52, 141.73, 228.71, 2.38, -0.06, 3.09, circuit_pos, 488.14, 145.72, 230.36, 2.37, -0.06, 3.09, tool_force, -1.81, 1.12, -1.46, actual_rep, 1, curr_step, 43, track_size, 99, robot_vel, 46.13, joints_pos, 27.74, 39.2, -16.66, -100.72, 22.3, 42.93, 42.08, tool_torque, 0.155, 0.31, 0.015, joint_torque, -0.36, -0.55, -0.26, 0.79, 0.07, 0.08, 0.0, robot_mode, normal, 
10/05/2022 13:53:00:542, robot_pos, 1652187071984, 487.95, 147.52, 229.32, 2.37, -0.06, 3.09, circuit_pos, 483.04, 156.04, 231.64, 2.37, -0.06, 3.09, tool_force, -1.75, 1.85, -0.47, actual_rep, 1, curr_step, 45, track_size, 99, robot_vel, 48.15, joints_pos, 28.55, 38.92, -16.68, -101.13, 22.32, 42.6, 43.03, tool_torque, 0.099, 0.516, -0.092, joint_torque, -0.65, -0.21, -0.37, 0.83, 0.08, 0.08, -0.08, robot_mode, normal, 
10/05/2022 13:53:00:685, robot_pos, 1652187072134, 485.21, 153.3, 229.96, 2.37, -0.06, 3.09, circuit_pos, 480.96, 161.51, 232.39, 2.37, -0.06, 3.08, tool_force, -1.79, 2.0, -0.38, actual_rep, 1, curr_step, 46, track_size, 99, robot_vel, 43.78, joints_pos, 29.3, 38.76, -16.71, -101.31, 22.31, 42.52, 43.72, tool_torque, 0.197, 0.364, -0.05, joint_torque, -0.04, -0.21, 0.01, 0.87, 0.11, 0.09, -0.07, robot_mode, normal, 
10/05/2022 13:53:00:837, robot_pos, 1652187072285, 482.8, 159.26, 230.72, 2.37, -0.06, 3.08, circuit_pos, 478.97, 167.29, 233.08, 2.37, -0.06, 3.08, tool_force, -1.2, 1.69, -0.7, actual_rep, 1, curr_step, 47, track_size, 99, robot_vel, 41.54, joints_pos, 29.95, 38.54, -16.65, -101.55, 22.57, 42.15, 44.2, tool_torque, 0.271, 0.21, -0.017, joint_torque, 0.07, -0.27, -0.06, 0.81, 0.07, 0.09, -0.07, robot_mode, normal, 
10/05/2022 13:53:00:991, robot_pos, 1652187072434, 480.69, 164.86, 231.41, 2.37, -0.06, 3.08, circuit_pos, 477.2, 172.62, 233.55, 2.37, -0.06, 3.08, tool_force, -2.04, 1.81, -0.48, actual_rep, 1, curr_step, 48, track_size, 99, robot_vel, 42.34, joints_pos, 30.62, 38.41, -16.65, -101.65, 22.66, 42.03, 44.82, tool_torque, 0.161, 0.404, -0.057, joint_torque, -0.55, -0.25, -0.39, 0.8, 0.05, 0.08, -0.07, robot_mode, normal, 
10/05/2022 13:53:01:140, robot_pos, 1652187072586, 478.67, 170.65, 231.93, 2.37, -0.06, 3.08, circuit_pos, 475.44, 178.11, 233.97, 2.37, -0.06, 3.08, tool_force, -1.38, 1.94, -0.53, actual_rep, 1, curr_step, 49, track_size, 99, robot_vel, 41.06, joints_pos, 31.33, 38.33, -16.67, -101.68, 22.68, 41.98, 45.49, tool_torque, 0.219, 0.27, -0.034, joint_torque, -0.14, -0.26, -0.15, 0.81, 0.06, 0.06, -0.06, robot_mode, normal, 
10/05/2022 13:53:01:314, robot_pos, 1652187072734, 476.78, 176.42, 232.42, 2.37, -0.06, 3.08, circuit_pos, 474.0, 183.53, 234.35, 2.37, -0.06, 3.08, tool_force, -1.09, 1.71, -0.49, actual_rep, 1, curr_step, 50, track_size, 99, robot_vel, 42.1, joints_pos, 32.04, 38.28, -16.7, -101.68, 22.68, 41.94, 46.18, tool_torque, 0.16, 0.314, -0.055, joint_torque, -0.14, -0.12, -0.1, 0.67, 0.07, 0.07, -0.06, robot_mode, normal, 
10/05/2022 13:53:01:437, robot_pos, 1652187072884, 475.11, 182.23, 232.89, 2.37, -0.06, 3.08, circuit_pos, 472.86, 188.82, 234.79, 2.36, -0.06, 3.08, tool_force, -0.77, 1.51, -0.41, actual_rep, 1, curr_step, 51, track_size, 99, robot_vel, 42.01, joints_pos, 32.73, 38.26, -16.71, -101.62, 22.68, 41.93, 47.01, tool_torque, 0.112, 0.23, -0.057, joint_torque, 0.01, -0.23, -0.01, 0.62, 0.07, 0.03, -0.07, robot_mode, normal, 
10/05/2022 13:53:01:588, robot_pos, 1652187073033, 473.79, 187.99, 233.43, 2.36, -0.06, 3.08, circuit_pos, 472.12, 194.89, 235.39, 2.36, -0.06, 3.08, tool_force, -1.11, 0.92, -0.59, actual_rep, 1, curr_step, 52, track_size, 99, robot_vel, 37.76, joints_pos, 33.4, 38.26, -16.73, -101.5, 22.68, 41.93, 47.94, tool_torque, 0.0, 0.247, -0.089, joint_torque, -0.02, -0.33, 0.06, 0.6, 0.09, 0.0, -0.09, robot_mode, normal, 
10/05/2022 13:53:01:739, robot_pos, 1652187073185, 472.99, 193.75, 233.96, 2.36, -0.06, 3.08, circuit_pos, 472.04, 200.86, 236.12, 2.35, -0.06, 3.08, tool_force, -0.66, 0.64, -0.46, actual_rep, 1, curr_step, 53, track_size, 99, robot_vel, 40.84, joints_pos, 34.03, 38.32, -16.75, -101.28, 22.66, 41.99, 48.88, tool_torque, -0.135, 0.175, -0.084, joint_torque, -0.06, -0.44, 0.0, 0.56, 0.09, -0.12, -0.08, robot_mode, normal, 
10/05/2022 13:53:01:914, robot_pos, 1652187073335, 472.75, 199.54, 234.62, 2.35, -0.06, 3.08, circuit_pos, 472.65, 206.71, 236.9, 2.35, -0.05, 3.07, tool_force, -0.78, 0.53, -0.54, actual_rep, 1, curr_step, 54, track_size, 99, robot_vel, 41.24, joints_pos, 34.64, 38.42, -16.75, -100.95, 22.55, 42.03, 49.93, tool_torque, -0.211, 0.174, -0.074, joint_torque, -0.01, -0.44, 0.07, 0.65, 0.14, -0.15, -0.07, robot_mode, normal, 
10/05/2022 13:53:02:038, robot_pos, 1652187073485, 473.03, 205.3, 235.42, 2.35, -0.05, 3.07, circuit_pos, 474.04, 212.37, 237.73, 2.34, -0.05, 3.07, tool_force, -0.94, 0.46, -0.91, actual_rep, 1, curr_step, 55, track_size, 99, robot_vel, 40.02, joints_pos, 35.25, 38.47, -16.76, -100.68, 22.42, 41.71, 50.95, tool_torque, -0.096, 0.3, -0.065, joint_torque, -0.13, -0.46, 0.0, 0.53, 0.14, -0.01, -0.07, robot_mode, normal, 
10/05/2022 13:53:02:227, robot_pos, 1652187073635, 474.05, 211.05, 236.2, 2.34, -0.05, 3.07, circuit_pos, 475.9, 217.82, 238.46, 2.34, -0.05, 3.07, tool_force, -0.56, 0.55, -0.14, actual_rep, 1, curr_step, 56, track_size, 99, robot_vel, 41.59, joints_pos, 35.79, 38.67, -16.78, -100.14, 22.29, 41.81, 51.97, tool_torque, -0.221, 0.211, -0.082, joint_torque, -0.03, -0.49, 0.03, 0.58, 0.15, -0.16, -0.1, robot_mode, normal, 
10/05/2022 13:53:02:341, robot_pos, 1652187073785, 475.97, 216.83, 236.86, 2.34, -0.05, 3.07, circuit_pos, 480.57, 228.14, 239.39, 2.32, -0.04, 3.06, tool_force, -0.94, 0.75, -0.34, actual_rep, 1, curr_step, 58, track_size, 99, robot_vel, 40.07, joints_pos, 36.27, 38.95, -16.81, -99.48, 22.21, 41.89, 52.96, tool_torque, -0.257, 0.308, -0.094, joint_torque, -0.34, -0.33, -0.1, 0.5, 0.13, -0.14, -0.08, robot_mode, normal, 
10/05/2022 13:53:02:522, robot_pos, 1652187073934, 478.26, 222.77, 237.52, 2.33, -0.04, 3.06, circuit_pos, 480.57, 228.14, 239.39, 2.32, -0.04, 3.06, tool_force, -0.4, 1.1, -0.54, actual_rep, 1, curr_step, 58, track_size, 99, robot_vel, 42.39, joints_pos, 36.79, 39.24, -16.84, -98.81, 21.97, 41.76, 54.29, tool_torque, -0.043, 0.274, -0.065, joint_torque, 0.01, -0.42, 0.1, 0.62, 0.14, -0.1, -0.07, robot_mode, normal, 
10/05/2022 13:53:02:645, robot_pos, 1652187074084, 480.85, 228.39, 237.91, 2.32, -0.04, 3.06, circuit_pos, 483.28, 232.74, 239.56, 2.32, -0.04, 3.06, tool_force, -0.75, 0.85, -0.16, actual_rep, 1, curr_step, 59, track_size, 99, robot_vel, 43.85, joints_pos, 37.18, 39.64, -16.85, -97.98, 21.84, 41.97, 55.29, tool_torque, -0.278, 0.223, -0.091, joint_torque, -0.09, -0.61, 0.04, 0.69, 0.15, -0.24, -0.08, robot_mode, normal, 
10/05/2022 13:53:02:834, robot_pos, 1652187074238, 484.78, 234.34, 238.1, 2.32, -0.04, 3.05, circuit_pos, 489.33, 241.33, 239.48, 2.31, -0.03, 3.05, tool_force, -1.18, 1.1, -0.34, actual_rep, 1, curr_step, 61, track_size, 99, robot_vel, 51.61, joints_pos, 37.55, 40.12, -16.85, -97.03, 21.63, 41.85, 56.42, tool_torque, -0.092, 0.394, -0.086, joint_torque, -0.36, -0.35, -0.06, 0.53, 0.14, -0.03, -0.07, robot_mode, normal, 
10/05/2022 13:53:02:972, robot_pos, 1652187074387, 488.32, 240.01, 238.24, 2.31, -0.03, 3.05, circuit_pos, 495.24, 248.33, 238.64, 2.3, -0.03, 3.05, tool_force, -0.26, 1.13, -0.26, actual_rep, 1, curr_step, 63, track_size, 99, robot_vel, 44.91, joints_pos, 37.9, 40.63, -16.86, -96.05, 21.39, 41.98, 57.48, tool_torque, -0.225, 0.169, -0.06, joint_torque, -0.06, -0.29, 0.07, 0.47, 0.14, -0.22, -0.05, robot_mode, normal, 
10/05/2022 13:53:03:125, robot_pos, 1652187074538, 493.44, 245.82, 237.39, 2.3, -0.03, 3.05, circuit_pos, 502.72, 255.49, 237.33, 2.29, -0.02, 3.06, tool_force, -0.62, 0.13, -0.48, actual_rep, 1, curr_step, 66, track_size, 99, robot_vel, 55.18, joints_pos, 38.13, 41.44, -16.86, -94.69, 21.09, 42.5, 58.76, tool_torque, -0.295, 0.222, -0.065, joint_torque, -0.16, -0.53, 0.02, 0.62, 0.15, -0.29, -0.05, robot_mode, normal, 
10/05/2022 13:53:03:253, robot_pos, 1652187074686, 499.14, 251.64, 236.75, 2.29, -0.02, 3.06, circuit_pos, 506.59, 258.26, 237.64, 2.28, -0.02, 3.06, tool_force, -0.29, 0.59, -0.44, actual_rep, 1, curr_step, 68, track_size, 99, robot_vel, 56.05, joints_pos, 38.39, 42.34, -16.92, -93.1, 20.5, 43.22, 60.03, tool_torque, -0.363, 0.198, -0.075, joint_torque, -0.27, -0.81, -0.13, 0.81, 0.14, -0.31, -0.06, robot_mode, normal, 
10/05/2022 13:53:03:415, robot_pos, 1652187074836, 505.04, 256.32, 236.58, 2.29, -0.02, 3.06, circuit_pos, 510.53, 260.4, 238.15, 2.28, -0.02, 3.07, tool_force, -0.53, 0.97, 0.56, actual_rep, 1, curr_step, 71, track_size, 99, robot_vel, 48.91, joints_pos, 38.51, 43.13, -17.02, -91.65, 20.34, 43.91, 61.07, tool_torque, -0.324, 0.204, -0.078, joint_torque, -0.12, -0.51, 0.03, 0.7, 0.15, -0.32, -0.07, robot_mode, normal, 
10/05/2022 13:53:03:551, robot_pos, 1652187074986, 509.43, 259.12, 236.68, 2.28, -0.02, 3.07, circuit_pos, 511.73, 260.2, 238.15, 2.28, -0.02, 3.06, tool_force, -0.65, 0.38, -0.62, actual_rep, 1, curr_step, 73, track_size, 99, robot_vel, 32.6, joints_pos, 38.54, 43.8, -17.13, -90.36, 19.89, 45.11, 61.82, tool_torque, -0.322, 0.234, -0.088, joint_torque, -0.2, -0.57, -0.01, 0.85, 0.14, -0.33, -0.07, robot_mode, normal, 
10/05/2022 13:53:03:733, robot_pos, 1652187075138, 511.17, 260.03, 236.65, 2.28, -0.02, 3.07, circuit_pos, 511.54, 259.9, 237.89, 2.28, -0.02, 3.07, tool_force, -0.51, 1.07, -1.23, actual_rep, 1, curr_step, 76, track_size, 99, robot_vel, 8.3, joints_pos, 38.52, 43.94, -17.11, -90.1, 19.84, 44.96, 62.03, tool_torque, 0.054, -0.091, 0.122, joint_torque, 0.08, -0.78, -0.15, 0.64, 0.09, -0.09, 0.1, robot_mode, normal, 
10/05/2022 13:53:03:852, robot_pos, 1652187075288, 511.81, 259.97, 236.8, 2.28, -0.02, 3.07, circuit_pos, 511.79, 260.02, 238.44, 2.28, -0.01, 3.07, tool_force, 0.56, 0.76, -0.78, actual_rep, 1, curr_step, 79, track_size, 99, robot_vel, 7.84, joints_pos, 38.47, 44.04, -17.11, -89.87, 19.77, 45.3, 62.03, tool_torque, -0.128, -0.223, 0.097, joint_torque, 0.31, -0.64, -0.05, 0.7, 0.11, -0.26, 0.04, robot_mode, normal, 
10/05/2022 13:53:04:044, robot_pos, 1652187075438, 512.22, 260.2, 237.13, 2.28, -0.01, 3.07, circuit_pos, 511.9, 260.12, 238.46, 2.28, -0.01, 3.06, tool_force, -0.86, 1.73, -0.35, actual_rep, 1, curr_step, 81, track_size, 99, robot_vel, 6.98, joints_pos, 38.66, 44.02, -17.19, -89.85, 19.02, 45.04, 62.69, tool_torque, 0.093, 0.27, -0.058, joint_torque, -0.05, -0.47, 0.02, 0.73, 0.14, 0.0, -0.07, robot_mode, normal, 
10/05/2022 13:53:04:148, robot_pos, 1652187075586, 511.92, 260.3, 237.1, 2.28, -0.01, 3.06, circuit_pos, 512.03, 260.26, 238.11, 2.28, -0.01, 3.07, tool_force, 0.54, 2.08, -0.95, actual_rep, 1, curr_step, 84, track_size, 99, robot_vel, 4.41, joints_pos, 38.58, 43.91, -17.09, -90.06, 19.41, 44.63, 62.43, tool_torque, 0.31, -0.384, 0.357, joint_torque, 0.26, -0.55, -0.16, 0.72, 0.07, -0.08, 0.34, robot_mode, normal, 
10/05/2022 13:53:04:343, robot_pos, 1652187075738, 512.24, 260.42, 236.9, 2.28, -0.01, 3.07, circuit_pos, 512.03, 260.28, 238.04, 2.28, -0.02, 3.07, tool_force, -0.47, 1.05, -0.2, actual_rep, 1, curr_step, 87, track_size, 99, robot_vel, 4.46, joints_pos, 38.6, 44.06, -17.09, -89.8, 18.98, 45.12, 62.73, tool_torque, -0.12, -0.013, 0.051, joint_torque, -0.12, -0.4, -0.19, 0.7, 0.12, -0.26, 0.02, robot_mode, normal, 
10/05/2022 13:53:04:453, robot_pos, 1652187075888, 512.28, 260.51, 236.83, 2.28, -0.02, 3.07, circuit_pos, 512.03, 260.28, 238.03, 2.28, -0.02, 3.07, tool_force, 0.61, 1.83, -0.04, actual_rep, 1, curr_step, 89, track_size, 99, robot_vel, 4.04, joints_pos, 38.41, 44.09, -17.01, -89.74, 19.66, 45.36, 62.27, tool_torque, 0.128, -0.483, 0.423, joint_torque, -0.04, -0.3, -0.37, 0.69, 0.06, -0.28, 0.43, robot_mode, normal, 
10/05/2022 13:53:04:642, robot_pos, 1652187076040, 512.47, 260.34, 236.78, 2.28, -0.01, 3.07, circuit_pos, 512.03, 260.29, 238.03, 2.28, -0.01, 3.07, tool_force, 0.28, 1.45, -0.79, actual_rep, 1, curr_step, 92, track_size, 99, robot_vel, 2.86, joints_pos, 38.5, 44.09, -17.06, -89.76, 19.27, 45.19, 62.5, tool_torque, 0.174, -0.141, 0.166, joint_torque, 0.23, -0.52, -0.09, 0.69, 0.14, -0.05, 0.09, robot_mode, normal, 
10/05/2022 13:53:04:773, robot_pos, 1652187076189, 512.24, 260.63, 236.89, 2.28, -0.01, 3.07, circuit_pos, 512.04, 260.29, 238.03, 2.28, -0.01, 3.07, tool_force, -0.53, 1.47, -0.73, actual_rep, 1, curr_step, 95, track_size, 99, robot_vel, 5.75, joints_pos, 38.63, 44.08, -17.11, -89.78, 18.94, 45.14, 62.82, tool_torque, 0.056, 0.151, 0.072, joint_torque, -0.24, -0.51, -0.16, 0.72, 0.13, -0.08, 0.08, robot_mode, normal, 
10/05/2022 13:53:04:934, robot_pos, 1652187076337, 512.28, 260.53, 236.86, 2.28, -0.01, 3.07, circuit_pos, 512.04, 260.29, 238.03, 2.28, -0.01, 3.07, tool_force, 0.16, 1.75, -0.83, actual_rep, 1, curr_step, 97, track_size, 99, robot_vel, 1.38, joints_pos, 38.6, 44.08, -17.08, -89.78, 18.98, 45.14, 62.79, tool_torque, 0.209, -0.136, 0.205, joint_torque, 0.11, -0.49, -0.11, 0.73, 0.1, -0.06, 0.19, robot_mode, normal, 
10/05/2022 13:53:05:061, robot_pos, 1652187076488, 512.3, 260.5, 236.86, 2.28, -0.01, 3.07, circuit_pos, 512.04, 260.29, 238.03, 2.28, -0.01, 3.07, tool_force, -0.04, 1.77, -0.79, actual_rep, 1, curr_step, 97, track_size, 99, robot_vel, 0.03, joints_pos, 38.59, 44.08, -17.09, -89.78, 18.98, 45.14, 62.78, tool_torque, 0.203, -0.1, 0.204, joint_torque, 0.0, -0.48, -0.17, 0.73, 0.1, -0.06, 0.19, robot_mode, normal, 
10/05/2022 13:53:05:247, robot_pos, 1652187076635, 512.3, 260.49, 236.86, 2.28, -0.01, 3.07, circuit_pos, 512.04, 260.29, 238.03, 2.28, -0.01, 3.07, tool_force, -0.07, 1.77, -0.78, actual_rep, 1, curr_step, 95, track_size, 99, robot_vel, 0.0, joints_pos, 38.59, 44.08, -17.09, -89.78, 18.97, 45.14, 62.78, tool_torque, 0.197, -0.088, 0.197, joint_torque, 0.0, -0.48, -0.16, 0.73, 0.11, -0.06, 0.18, robot_mode, normal, 
10/05/2022 13:53:05:362, robot_pos, 1652187076784, 512.3, 260.49, 236.86, 2.28, -0.01, 3.07, circuit_pos, 512.03, 260.29, 238.03, 2.28, -0.01, 3.07, tool_force, -0.09, 1.72, -0.79, actual_rep, 1, curr_step, 92, track_size, 99, robot_vel, 0.01, joints_pos, 38.59, 44.08, -17.09, -89.78, 18.97, 45.14, 62.78, tool_torque, 0.186, -0.081, 0.187, joint_torque, -0.01, -0.5, -0.17, 0.73, 0.11, -0.06, 0.17, robot_mode, normal, 
10/05/2022 13:53:05:551, robot_pos, 1652187076934, 512.3, 260.49, 236.86, 2.28, -0.01, 3.07, circuit_pos, 512.03, 260.28, 238.03, 2.28, -0.02, 3.07, tool_force, -0.09, 1.72, -0.79, actual_rep, 1, curr_step, 89, track_size, 99, robot_vel, 0.05, joints_pos, 38.59, 44.08, -17.08, -89.78, 18.97, 45.14, 62.78, tool_torque, 0.184, -0.08, 0.183, joint_torque, 0.0, -0.49, -0.17, 0.73, 0.11, -0.07, 0.16, robot_mode, normal, 
10/05/2022 13:53:05:664, robot_pos, 1652187077081, 512.01, 260.74, 236.88, 2.28, -0.02, 3.07, circuit_pos, 512.03, 260.28, 238.04, 2.28, -0.02, 3.07, tool_force, 0.78, 1.77, -0.41, actual_rep, 1, curr_step, 87, track_size, 99, robot_vel, 5.63, joints_pos, 38.47, 44.07, -16.97, -89.75, 19.34, 45.31, 62.55, tool_torque, 0.135, -0.523, 0.365, joint_torque, 0.31, -0.43, -0.22, 0.68, 0.06, -0.25, 0.34, robot_mode, normal, 
10/05/2022 13:53:05:812, robot_pos, 1652187077230, 512.24, 260.42, 236.82, 2.28, -0.02, 3.07, circuit_pos, 512.03, 260.26, 238.11, 2.28, -0.01, 3.07, tool_force, 1.12, 1.62, -0.7, actual_rep, 1, curr_step, 84, track_size, 99, robot_vel, 2.08, joints_pos, 38.38, 44.07, -16.95, -89.75, 19.56, 45.34, 62.28, tool_torque, 0.165, -0.532, 0.399, joint_torque, 0.32, -0.52, -0.22, 0.73, 0.09, -0.21, 0.35, robot_mode, normal, 
10/05/2022 13:53:05:996, robot_pos, 1652187077380, 512.21, 260.53, 236.97, 2.28, -0.01, 3.07, circuit_pos, 511.9, 260.12, 238.24, 2.28, -0.01, 3.07, tool_force, -0.04, 1.56, -0.82, actual_rep, 1, curr_step, 82, track_size, 99, robot_vel, 3.72, joints_pos, 38.63, 44.06, -17.1, -89.79, 18.9, 45.14, 62.84, tool_torque, 0.117, 0.043, 0.046, joint_torque, 0.22, -0.43, 0.07, 0.75, 0.12, -0.06, 0.03, robot_mode, normal, 
10/05/2022 13:53:06:115, robot_pos, 1652187077527, 512.55, 260.58, 237.26, 2.28, -0.01, 3.06, circuit_pos, 511.79, 260.02, 238.44, 2.28, -0.01, 3.07, tool_force, -0.08, 2.19, -0.76, actual_rep, 1, curr_step, 79, track_size, 99, robot_vel, 10.17, joints_pos, 38.58, 43.96, -17.06, -89.93, 19.17, 44.66, 62.65, tool_torque, 0.437, -0.142, 0.297, joint_torque, -0.03, -0.4, -0.2, 0.92, 0.06, 0.03, 0.33, robot_mode, normal, 
10/05/2022 13:53:06:260, robot_pos, 1652187077676, 511.63, 259.91, 237.2, 2.28, -0.01, 3.07, circuit_pos, 511.54, 259.9, 237.89, 2.28, -0.02, 3.07, tool_force, 0.15, 2.28, -0.04, actual_rep, 1, curr_step, 76, track_size, 99, robot_vel, 8.72, joints_pos, 38.57, 43.92, -17.07, -90.02, 19.12, 44.91, 62.6, tool_torque, 0.062, -0.207, 0.23, joint_torque, 0.13, -0.33, -0.07, 0.77, 0.13, -0.26, 0.2, robot_mode, normal, 
10/05/2022 13:53:06:412, robot_pos, 1652187077824, 511.82, 260.55, 236.8, 2.28, -0.02, 3.07, circuit_pos, 511.76, 260.09, 238.09, 2.28, -0.02, 3.07, tool_force, 0.46, 0.89, -0.8, actual_rep, 1, curr_step, 74, track_size, 99, robot_vel, 8.64, joints_pos, 38.47, 44.05, -16.97, -89.81, 19.36, 45.3, 62.49, tool_torque, -0.029, -0.425, 0.286, joint_torque, 0.11, -0.62, -0.31, 0.66, 0.05, -0.29, 0.28, robot_mode, normal, 
10/05/2022 13:53:06:565, robot_pos, 1652187077973, 512.08, 260.46, 236.88, 2.28, -0.02, 3.07, circuit_pos, 510.53, 260.4, 238.15, 2.28, -0.02, 3.07, tool_force, 1.18, 2.37, -0.78, actual_rep, 1, curr_step, 71, track_size, 99, robot_vel, 4.39, joints_pos, 38.4, 44.01, -16.94, -89.88, 19.61, 45.07, 62.26, tool_torque, 0.456, -0.484, 0.413, joint_torque, 0.37, -0.32, -0.16, 0.78, 0.07, -0.04, 0.37, robot_mode, normal, 
10/05/2022 13:53:06:713, robot_pos, 1652187078121, 510.34, 260.17, 236.87, 2.28, -0.02, 3.06, circuit_pos, 506.59, 258.26, 237.64, 2.28, -0.02, 3.06, tool_force, 0.99, 2.33, -0.84, actual_rep, 1, curr_step, 68, track_size, 99, robot_vel, 15.01, joints_pos, 38.42, 43.81, -16.92, -90.26, 19.95, 44.9, 62.02, tool_torque, 0.461, -0.469, 0.471, joint_torque, 0.33, -0.18, -0.09, 0.77, 0.07, -0.04, 0.46, robot_mode, normal, 
10/05/2022 13:53:06:866, robot_pos, 1652187078270, 506.1, 258.16, 236.58, 2.28, -0.02, 3.06, circuit_pos, 500.3, 253.4, 237.52, 2.29, -0.02, 3.06, tool_force, 1.17, 1.29, -2.46, actual_rep, 1, curr_step, 65, track_size, 99, robot_vel, 30.0, joints_pos, 38.6, 43.29, -16.97, -91.34, 19.9, 44.08, 61.64, tool_torque, 0.362, -0.454, 0.467, joint_torque, 0.57, -0.73, 0.16, 0.71, 0.11, -0.01, 0.48, robot_mode, normal, 
10/05/2022 13:53:07:018, robot_pos, 1652187078418, 501.03, 254.03, 236.41, 2.29, -0.02, 3.06, circuit_pos, 495.24, 248.33, 238.64, 2.3, -0.03, 3.05, tool_force, 0.1, 3.19, -0.81, actual_rep, 1, curr_step, 63, track_size, 99, robot_vel, 48.17, joints_pos, 38.59, 42.66, -16.98, -92.57, 19.95, 43.6, 61.09, tool_torque, 0.549, -0.226, 0.45, joint_torque, -0.06, -0.3, -0.14, 0.85, 0.07, 0.02, 0.5, robot_mode, normal, 
10/05/2022 13:53:07:165, robot_pos, 1652187078567, 495.97, 248.75, 237.38, 2.3, -0.02, 3.06, circuit_pos, 486.23, 237.14, 239.56, 2.31, -0.03, 3.05, tool_force, 0.53, 1.65, -1.22, actual_rep, 1, curr_step, 60, track_size, 99, robot_vel, 49.8, joints_pos, 38.36, 41.8, -16.96, -94.05, 20.67, 42.84, 59.52, tool_torque, 0.524, -0.395, 0.498, joint_torque, 0.03, -0.51, -0.29, 0.61, 0.07, 0.08, 0.5, robot_mode, normal, 
10/05/2022 13:53:07:317, robot_pos, 1652187078718, 491.09, 242.96, 237.97, 2.3, -0.03, 3.05, circuit_pos, 486.23, 237.14, 239.56, 2.31, -0.03, 3.05, tool_force, 1.44, 2.6, -1.26, actual_rep, 1, curr_step, 60, track_size, 99, robot_vel, 52.78, joints_pos, 38.14, 41.03, -16.98, -95.38, 20.94, 42.3, 58.46, tool_torque, 0.674, -0.559, 0.513, joint_torque, 0.52, -0.54, -0.05, 0.85, 0.07, 0.07, 0.49, robot_mode, normal, 
10/05/2022 13:53:07:466, robot_pos, 1652187078866, 486.43, 237.23, 238.28, 2.31, -0.03, 3.05, circuit_pos, 483.28, 232.74, 239.56, 2.32, -0.04, 3.06, tool_force, 0.59, 2.36, -0.68, actual_rep, 1, curr_step, 59, track_size, 99, robot_vel, 49.82, joints_pos, 37.9, 40.34, -17.01, -96.62, 21.26, 41.93, 57.22, tool_torque, 0.494, -0.456, 0.483, joint_torque, 0.27, -0.5, -0.06, 0.86, 0.06, -0.08, 0.51, robot_mode, normal, 
10/05/2022 13:53:07:618, robot_pos, 1652187079016, 482.97, 231.41, 238.19, 2.32, -0.04, 3.06, circuit_pos, 477.68, 222.3, 238.92, 2.33, -0.04, 3.06, tool_force, 0.24, 2.27, -0.26, actual_rep, 1, curr_step, 57, track_size, 99, robot_vel, 43.89, joints_pos, 37.48, 39.93, -17.01, -97.43, 21.61, 42.25, 56.07, tool_torque, 0.341, -0.4, 0.452, joint_torque, -0.06, -0.08, -0.21, 0.81, 0.04, -0.19, 0.49, robot_mode, normal, 
10/05/2022 13:53:07:775, robot_pos, 1652187079164, 479.92, 225.71, 238.04, 2.32, -0.04, 3.06, circuit_pos, 475.9, 217.82, 238.46, 2.34, -0.05, 3.07, tool_force, 0.78, 2.65, -1.06, actual_rep, 1, curr_step, 56, track_size, 99, robot_vel, 45.95, joints_pos, 37.15, 39.43, -17.03, -98.41, 21.71, 41.83, 54.99, tool_torque, 0.582, -0.416, 0.479, joint_torque, 0.3, -0.12, 0.02, 0.62, 0.06, 0.05, 0.49, robot_mode, normal, 
10/05/2022 13:53:07:921, robot_pos, 1652187079313, 477.31, 219.97, 237.51, 2.33, -0.04, 3.07, circuit_pos, 474.04, 212.37, 237.73, 2.34, -0.05, 3.07, tool_force, 0.64, 2.29, -0.44, actual_rep, 1, curr_step, 55, track_size, 99, robot_vel, 42.96, joints_pos, 36.71, 39.12, -17.04, -99.1, 22.0, 41.98, 53.77, tool_torque, 0.327, -0.479, 0.448, joint_torque, 0.15, -0.39, -0.11, 0.79, 0.05, -0.19, 0.48, robot_mode, normal, 
10/05/2022 13:53:08:105, robot_pos, 1652187079460, 475.37, 214.2, 236.79, 2.34, -0.05, 3.07, circuit_pos, 472.65, 206.71, 236.9, 2.35, -0.05, 3.07, tool_force, 0.8, 2.2, -1.34, actual_rep, 1, curr_step, 54, track_size, 99, robot_vel, 47.76, joints_pos, 36.25, 38.83, -17.05, -99.8, 22.14, 41.86, 52.7, tool_torque, 0.506, -0.428, 0.478, joint_torque, 0.14, -0.32, -0.14, 0.69, 0.05, -0.03, 0.5, robot_mode, normal, 
10/05/2022 13:53:08:218, robot_pos, 1652187079610, 473.78, 208.33, 236.11, 2.34, -0.05, 3.07, circuit_pos, 472.04, 200.86, 236.12, 2.35, -0.06, 3.08, tool_force, 0.8, 2.62, -0.88, actual_rep, 1, curr_step, 53, track_size, 99, robot_vel, 29.15, joints_pos, 35.77, 38.59, -17.07, -100.41, 22.31, 41.77, 51.63, tool_torque, 0.601, -0.465, 0.483, joint_torque, 0.41, -0.47, 0.02, 0.82, 0.06, -0.02, 0.5, robot_mode, normal, 
10/05/2022 13:53:08:371, robot_pos, 1652187079760, 473.06, 202.49, 235.26, 2.35, -0.06, 3.08, circuit_pos, 472.12, 194.89, 235.39, 2.36, -0.06, 3.08, tool_force, 0.87, 2.54, -0.32, actual_rep, 1, curr_step, 52, track_size, 99, robot_vel, 37.63, joints_pos, 35.2, 38.5, -17.08, -100.75, 22.49, 42.09, 50.54, tool_torque, 0.404, -0.489, 0.466, joint_torque, 0.29, -0.18, -0.04, 0.73, 0.06, -0.18, 0.5, robot_mode, normal, 
10/05/2022 13:53:08:522, robot_pos, 1652187079908, 472.87, 196.76, 234.61, 2.35, -0.06, 3.08, circuit_pos, 472.86, 188.82, 234.79, 2.36, -0.06, 3.08, tool_force, 1.14, 2.5, -0.76, actual_rep, 1, curr_step, 51, track_size, 99, robot_vel, 32.85, joints_pos, 34.63, 38.38, -17.09, -101.13, 22.64, 42.07, 49.48, tool_torque, 0.477, -0.511, 0.469, joint_torque, 0.47, -0.34, 0.07, 0.8, 0.06, -0.13, 0.49, robot_mode, normal, 
10/05/2022 13:53:08:671, robot_pos, 1652187080056, 473.25, 191.01, 234.01, 2.36, -0.06, 3.08, circuit_pos, 474.0, 183.53, 234.35, 2.37, -0.06, 3.08, tool_force, 0.45, 2.81, -0.67, actual_rep, 1, curr_step, 50, track_size, 99, robot_vel, 36.07, joints_pos, 34.05, 38.3, -17.12, -101.41, 22.68, 42.01, 48.51, tool_torque, 0.559, -0.338, 0.451, joint_torque, 0.11, -0.19, -0.11, 0.78, 0.04, -0.05, 0.47, robot_mode, normal, 
10/05/2022 13:53:08:823, robot_pos, 1652187080205, 474.2, 185.16, 233.5, 2.36, -0.06, 3.08, circuit_pos, 475.44, 178.11, 233.97, 2.37, -0.06, 3.08, tool_force, 0.78, 2.49, -1.24, actual_rep, 1, curr_step, 49, track_size, 99, robot_vel, 39.98, joints_pos, 33.41, 38.26, -17.15, -101.6, 22.83, 42.01, 47.39, tool_torque, 0.552, -0.403, 0.454, joint_torque, 0.29, -0.44, -0.04, 0.78, 0.04, -0.03, 0.48, robot_mode, normal, 
10/05/2022 13:53:08:972, robot_pos, 1652187080352, 475.58, 179.42, 233.08, 2.37, -0.06, 3.08, circuit_pos, 477.2, 172.62, 233.55, 2.37, -0.06, 3.08, tool_force, 0.51, 2.64, -1.06, actual_rep, 1, curr_step, 48, track_size, 99, robot_vel, 39.23, joints_pos, 32.8, 38.26, -17.2, -101.71, 22.89, 42.0, 46.56, tool_torque, 0.596, -0.335, 0.442, joint_torque, 0.24, -0.24, -0.05, 0.76, 0.04, 0.0, 0.46, robot_mode, normal, 
10/05/2022 13:53:09:123, robot_pos, 1652187080502, 477.19, 173.62, 232.62, 2.37, -0.06, 3.08, circuit_pos, 478.97, 167.29, 233.08, 2.37, -0.06, 3.08, tool_force, 0.15, 2.76, -0.86, actual_rep, 1, curr_step, 47, track_size, 99, robot_vel, 39.49, joints_pos, 32.13, 38.28, -17.22, -101.79, 22.97, 41.98, 45.74, tool_torque, 0.623, -0.303, 0.414, joint_torque, 0.4, -0.25, 0.07, 0.84, 0.05, 0.01, 0.43, robot_mode, normal, 
10/05/2022 13:53:09:273, robot_pos, 1652187080651, 479.06, 167.77, 232.01, 2.37, -0.06, 3.08, circuit_pos, 480.96, 161.51, 232.39, 2.37, -0.06, 3.08, tool_force, 0.65, 2.57, -1.2, actual_rep, 1, curr_step, 46, track_size, 99, robot_vel, 41.54, joints_pos, 31.46, 38.35, -17.23, -101.8, 23.02, 41.98, 44.99, tool_torque, 0.589, -0.347, 0.43, joint_torque, 0.4, -0.4, 0.0, 0.78, 0.05, 0.0, 0.45, robot_mode, normal, 
10/05/2022 13:53:09:426, robot_pos, 1652187080798, 480.81, 161.97, 231.27, 2.37, -0.06, 3.08, circuit_pos, 483.04, 156.04, 231.64, 2.37, -0.06, 3.09, tool_force, 0.42, 1.89, -0.9, actual_rep, 1, curr_step, 45, track_size, 99, robot_vel, 41.23, joints_pos, 30.78, 38.44, -17.27, -101.78, 23.05, 42.08, 44.27, tool_torque, 0.394, -0.368, 0.426, joint_torque, 0.21, -0.31, -0.04, 0.68, 0.08, -0.14, 0.44, robot_mode, normal, 
10/05/2022 13:53:09:576, robot_pos, 1652187080947, 483.17, 156.21, 230.57, 2.37, -0.06, 3.09, circuit_pos, 485.37, 150.81, 230.98, 2.37, -0.06, 3.09, tool_force, 1.07, 1.64, -0.77, actual_rep, 1, curr_step, 44, track_size, 99, robot_vel, 40.8, joints_pos, 30.17, 38.63, -17.35, -101.59, 22.83, 42.33, 43.8, tool_torque, 0.253, -0.478, 0.424, joint_torque, 0.34, -0.49, -0.02, 0.63, 0.11, -0.22, 0.43, robot_mode, normal, 
10/05/2022 13:53:09:731, robot_pos, 1652187081097, 485.92, 150.3, 229.89, 2.37, -0.06, 3.09, circuit_pos, 491.33, 140.66, 229.82, 2.38, -0.06, 3.09, tool_force, 0.65, 1.45, -0.57, actual_rep, 1, curr_step, 42, track_size, 99, robot_vel, 45.06, joints_pos, 29.46, 38.82, -17.38, -101.39, 22.8, 42.45, 43.11, tool_torque, 0.282, -0.493, 0.448, joint_torque, 0.39, -0.34, 0.04, 0.55, 0.12, -0.2, 0.45, robot_mode, normal, 
10/05/2022 13:53:09:877, robot_pos, 1652187081244, 489.01, 144.57, 229.21, 2.37, -0.06, 3.09, circuit_pos, 494.57, 136.11, 229.4, 2.38, -0.06, 3.1, tool_force, 0.73, 1.82, -0.27, actual_rep, 1, curr_step, 41, track_size, 99, robot_vel, 45.84, joints_pos, 28.71, 39.05, -17.37, -101.1, 22.79, 42.65, 42.14, tool_torque, 0.302, -0.515, 0.438, joint_torque, 0.49, -0.32, 0.09, 0.59, 0.13, -0.24, 0.44, robot_mode, normal, 
10/05/2022 13:53:10:028, robot_pos, 1652187081395, 492.87, 138.59, 228.6, 2.38, -0.06, 3.1, circuit_pos, 497.75, 131.87, 229.05, 2.38, -0.06, 3.1, tool_force, 1.1, 1.14, -1.04, actual_rep, 1, curr_step, 40, track_size, 99, robot_vel, 47.38, joints_pos, 27.95, 39.4, -17.38, -100.56, 22.44, 43.16, 41.57, tool_torque, 0.151, -0.498, 0.423, joint_torque, 0.37, -0.56, -0.01, 0.57, 0.15, -0.27, 0.42, robot_mode, normal, 
10/05/2022 13:53:10:179, robot_pos, 1652187081542, 497.14, 133.01, 228.02, 2.38, -0.06, 3.1, circuit_pos, 501.06, 127.92, 228.67, 2.38, -0.07, 3.1, tool_force, 0.93, 0.96, -0.85, actual_rep, 1, curr_step, 39, track_size, 99, robot_vel, 53.78, joints_pos, 27.18, 39.78, -17.38, -99.96, 22.3, 43.65, 40.95, tool_torque, 0.096, -0.438, 0.409, joint_torque, 0.08, -0.52, -0.19, 0.47, 0.13, -0.27, 0.43, robot_mode, normal, 
10/05/2022 13:53:10:331, robot_pos, 1652187081691, 502.33, 127.07, 227.48, 2.37, -0.06, 3.1, circuit_pos, 508.92, 119.92, 228.16, 2.37, -0.06, 3.1, tool_force, 0.31, 1.3, -0.67, actual_rep, 1, curr_step, 37, track_size, 99, robot_vel, 57.64, joints_pos, 26.23, 40.22, -17.33, -99.23, 22.5, 44.12, 40.38, tool_torque, 0.233, -0.368, 0.372, joint_torque, 0.12, -0.58, -0.19, 0.69, 0.09, -0.22, 0.37, robot_mode, normal, 
10/05/2022 13:53:10:490, robot_pos, 1652187081846, 508.27, 121.04, 227.12, 2.37, -0.06, 3.1, circuit_pos, 512.54, 116.38, 227.7, 2.37, -0.05, 3.1, tool_force, 1.03, 1.12, -1.2, actual_rep, 1, curr_step, 36, track_size, 99, robot_vel, 50.62, joints_pos, 25.5, 40.65, -17.41, -98.47, 22.23, 44.26, 40.08, tool_torque, 0.149, -0.442, 0.389, joint_torque, 0.38, -0.69, 0.01, 0.57, 0.14, -0.23, 0.39, robot_mode, normal, 
10/05/2022 13:53:10:631, robot_pos, 1652187081990, 513.44, 115.83, 226.15, 2.36, -0.05, 3.1, circuit_pos, 520.85, 108.34, 224.48, 2.36, -0.05, 3.1, tool_force, -0.06, 1.03, -0.78, actual_rep, 1, curr_step, 33, track_size, 99, robot_vel, 46.4, joints_pos, 24.88, 41.11, -17.46, -97.82, 21.92, 44.22, 40.14, tool_torque, 0.169, -0.267, 0.179, joint_torque, 0.58, -0.55, 0.12, 0.64, 0.13, -0.14, 0.11, robot_mode, normal, 
10/05/2022 13:53:10:786, robot_pos, 1652187082138, 518.98, 110.56, 224.05, 2.36, -0.05, 3.1, circuit_pos, 526.1, 104.32, 221.72, 2.35, -0.04, 3.1, tool_force, 0.03, 1.19, -0.36, actual_rep, 1, curr_step, 31, track_size, 99, robot_vel, 50.39, joints_pos, 24.11, 41.74, -17.42, -97.03, 21.94, 44.28, 39.88, tool_torque, 0.169, -0.263, 0.33, joint_torque, -0.05, -0.27, -0.25, 0.53, 0.1, -0.19, 0.33, robot_mode, normal, 
10/05/2022 13:53:10:934, robot_pos, 1652187082286, 524.56, 106.29, 221.45, 2.35, -0.04, 3.1, circuit_pos, 537.23, 100.01, 217.3, 2.35, -0.03, 3.11, tool_force, 0.14, 1.26, -0.45, actual_rep, 1, curr_step, 28, track_size, 99, robot_vel, 52.43, joints_pos, 23.58, 42.47, -17.45, -96.17, 21.61, 44.34, 39.96, tool_torque, 0.076, -0.245, 0.164, joint_torque, 0.26, -0.36, -0.12, 0.6, 0.13, -0.22, 0.09, robot_mode, normal, 
10/05/2022 13:53:11:085, robot_pos, 1652187082435, 530.64, 104.03, 219.2, 2.35, -0.04, 3.11, circuit_pos, 547.94, 99.45, 214.4, 2.35, -0.02, 3.11, tool_force, 0.23, 0.98, -0.66, actual_rep, 1, curr_step, 26, track_size, 99, robot_vel, 41.91, joints_pos, 23.22, 43.23, -17.45, -95.14, 21.2, 44.42, 40.17, tool_torque, -0.026, -0.235, 0.035, joint_torque, 0.45, -0.25, 0.0, 0.42, 0.14, -0.22, -0.06, robot_mode, normal, 
10/05/2022 13:53:11:232, robot_pos, 1652187082583, 536.2, 102.67, 217.31, 2.35, -0.03, 3.11, circuit_pos, 547.94, 99.45, 214.4, 2.35, -0.02, 3.11, tool_force, -0.16, 0.41, -0.39, actual_rep, 1, curr_step, 26, track_size, 99, robot_vel, 40.0, joints_pos, 22.94, 43.92, -17.45, -94.16, 20.98, 44.56, 40.31, tool_torque, -0.122, -0.144, 0.0030, joint_torque, 0.1, -0.6, -0.21, 0.78, 0.13, -0.29, -0.07, robot_mode, normal, 
10/05/2022 13:53:11:385, robot_pos, 1652187082731, 542.11, 101.23, 215.34, 2.35, -0.03, 3.11, circuit_pos, 547.94, 99.45, 214.4, 2.35, -0.02, 3.11, tool_force, 0.05, 0.36, -0.61, actual_rep, 1, curr_step, 26, track_size, 99, robot_vel, 45.28, joints_pos, 22.64, 44.65, -17.46, -93.14, 20.76, 44.7, 40.44, tool_torque, -0.131, -0.211, 0.0090, joint_torque, 0.23, -0.72, -0.15, 0.52, 0.13, -0.24, -0.07, robot_mode, normal, 
10/05/2022 13:53:11:534, robot_pos, 1652187082880, 547.88, 100.62, 213.59, 2.35, -0.02, 3.11, circuit_pos, 556.83, 101.58, 211.93, 2.35, -0.01, 3.11, tool_force, -0.17, 0.87, -0.52, actual_rep, 1, curr_step, 24, track_size, 99, robot_vel, 41.19, joints_pos, 22.44, 45.36, -17.45, -92.1, 20.42, 44.77, 40.73, tool_torque, 0.0, -0.191, 0.0090, joint_torque, 0.45, -0.09, 0.0, 0.42, 0.15, -0.19, -0.11, robot_mode, normal, 
10/05/2022 13:53:11:687, robot_pos, 1652187083028, 553.46, 101.59, 211.94, 2.35, -0.01, 3.11, circuit_pos, 561.73, 103.94, 210.6, 2.35, -0.01, 3.12, tool_force, 0.3, 0.35, -0.82, actual_rep, 1, curr_step, 23, track_size, 99, robot_vel, 37.99, joints_pos, 22.38, 46.06, -17.44, -91.01, 20.11, 45.03, 41.18, tool_torque, -0.119, -0.27, 0.0040, joint_torque, 0.32, -0.5, -0.17, 0.44, 0.14, -0.26, -0.1, robot_mode, normal, 
10/05/2022 13:53:11:840, robot_pos, 1652187083183, 559.48, 103.42, 210.25, 2.35, -0.01, 3.12, circuit_pos, 566.75, 106.83, 209.31, 2.35, -0.02, 3.12, tool_force, -0.35, 0.3, -0.25, actual_rep, 1, curr_step, 22, track_size, 99, robot_vel, 44.53, joints_pos, 22.37, 46.91, -17.42, -89.64, 19.7, 45.72, 41.78, tool_torque, -0.144, -0.159, -0.027, joint_torque, 0.02, -0.69, -0.37, 0.65, 0.12, -0.3, -0.12, robot_mode, normal, 
10/05/2022 13:53:11:993, robot_pos, 1652187083330, 565.42, 106.26, 208.78, 2.35, -0.02, 3.12, circuit_pos, 572.02, 110.24, 208.21, 2.35, -0.02, 3.12, tool_force, 0.15, 0.32, -0.26, actual_rep, 1, curr_step, 21, track_size, 99, robot_vel, 49.03, joints_pos, 22.29, 47.75, -17.31, -88.23, 19.77, 46.49, 42.03, tool_torque, -0.0050, -0.342, 0.017, joint_torque, 0.32, -0.46, -0.29, 0.6, 0.08, -0.28, -0.11, robot_mode, normal, 
10/05/2022 13:53:12:141, robot_pos, 1652187083480, 571.21, 109.87, 207.56, 2.35, -0.02, 3.12, circuit_pos, 577.4, 114.29, 207.37, 2.35, -0.02, 3.12, tool_force, -0.36, 0.75, -0.88, actual_rep, 1, curr_step, 20, track_size, 99, robot_vel, 46.67, joints_pos, 22.29, 48.51, -17.21, -86.89, 19.82, 47.12, 42.41, tool_torque, -0.106, -0.281, -0.011, joint_torque, 0.04, -0.46, -0.34, 0.53, 0.06, -0.27, -0.1, robot_mode, normal, 
10/05/2022 13:53:12:299, robot_pos, 1652187083627, 576.89, 113.92, 206.57, 2.35, -0.02, 3.12, circuit_pos, 582.86, 118.76, 206.76, 2.35, -0.02, 3.13, tool_force, -0.75, 0.46, -0.85, actual_rep, 1, curr_step, 19, track_size, 99, robot_vel, 44.39, joints_pos, 22.4, 49.31, -17.17, -85.46, 19.76, 47.91, 42.9, tool_torque, -0.227, -0.109, -0.058, joint_torque, -0.17, -0.49, -0.3, 0.42, 0.09, -0.29, -0.11, robot_mode, normal, 
10/05/2022 13:53:12:446, robot_pos, 1652187083777, 582.96, 118.48, 205.8, 2.35, -0.02, 3.13, circuit_pos, 588.4, 123.46, 206.41, 2.35, -0.01, 3.13, tool_force, -1.33, -0.01, -0.77, actual_rep, 1, curr_step, 18, track_size, 99, robot_vel, 51.37, joints_pos, 22.6, 50.13, -17.16, -83.94, 19.29, 48.69, 43.8, tool_torque, -0.323, 0.105, -0.078, joint_torque, -0.54, -0.7, -0.38, 0.7, 0.13, -0.29, -0.09, robot_mode, normal, 
10/05/2022 13:53:12:597, robot_pos, 1652187083925, 588.62, 123.53, 205.43, 2.35, -0.01, 3.13, circuit_pos, 593.12, 127.86, 206.25, 2.35, -0.01, 3.13, tool_force, -1.28, 0.1, -0.39, actual_rep, 1, curr_step, 17, track_size, 99, robot_vel, 49.39, joints_pos, 22.82, 50.83, -17.07, -82.54, 18.87, 49.2, 44.67, tool_torque, -0.331, 0.084, -0.072, joint_torque, -0.38, -0.47, -0.25, 0.48, 0.14, -0.26, -0.09, robot_mode, normal, 
10/05/2022 13:53:12:745, robot_pos, 1652187084074, 593.99, 128.93, 204.99, 2.35, -0.01, 3.13, circuit_pos, 597.41, 132.91, 205.91, 2.34, -0.01, 3.14, tool_force, -0.77, 0.12, -0.63, actual_rep, 1, curr_step, 16, track_size, 99, robot_vel, 46.55, joints_pos, 23.04, 51.58, -16.99, -81.08, 18.48, 50.02, 45.8, tool_torque, -0.295, 0.053, -0.056, joint_torque, -0.26, -0.85, -0.23, 0.69, 0.16, -0.28, -0.08, robot_mode, normal, 
10/05/2022 13:53:12:913, robot_pos, 1652187084221, 598.42, 135.05, 204.45, 2.34, -0.01, 3.14, circuit_pos, 603.97, 146.3, 204.51, 2.33, -0.02, -3.13, tool_force, -0.89, 0.4, -0.79, actual_rep, 1, curr_step, 14, track_size, 99, robot_vel, 43.34, joints_pos, 23.31, 52.33, -16.9, -79.64, 18.18, 51.09, 46.89, tool_torque, -0.223, 0.028, -0.056, joint_torque, -0.27, -0.68, -0.25, 0.78, 0.09, -0.27, -0.08, robot_mode, normal, 
10/05/2022 13:53:13:048, robot_pos, 1652187084371, 601.2, 140.58, 203.9, 2.34, -0.02, -3.14, circuit_pos, 603.97, 146.3, 204.51, 2.33, -0.02, -3.13, tool_force, -0.83, 0.45, -0.84, actual_rep, 1, curr_step, 14, track_size, 99, robot_vel, 40.95, joints_pos, 23.57, 52.88, -16.83, -78.58, 18.16, 51.91, 47.76, tool_torque, -0.249, 0.0060, -0.066, joint_torque, -0.04, -0.76, -0.1, 0.75, 0.13, -0.27, -0.09, robot_mode, normal, 
10/05/2022 13:53:13:230, robot_pos, 1652187084519, 603.78, 146.5, 203.17, 2.33, -0.02, -3.13, circuit_pos, 606.79, 153.9, 203.36, 2.32, -0.02, -3.13, tool_force, -1.11, 0.28, -0.49, actual_rep, 1, curr_step, 13, track_size, 99, robot_vel, 42.1, joints_pos, 23.96, 53.45, -16.84, -77.57, 18.0, 52.57, 48.88, tool_torque, -0.307, 0.156, -0.086, joint_torque, -0.67, -0.55, -0.39, 0.59, 0.1, -0.28, -0.07, robot_mode, normal, 
10/05/2022 13:53:13:345, robot_pos, 1652187084669, 606.21, 152.32, 202.43, 2.32, -0.02, -3.13, circuit_pos, 610.26, 162.17, 202.23, 2.31, -0.01, -3.13, tool_force, -0.93, 0.29, -0.68, actual_rep, 1, curr_step, 12, track_size, 99, robot_vel, 44.1, joints_pos, 24.34, 53.95, -16.85, -76.69, 17.96, 52.93, 49.89, tool_torque, -0.349, 0.139, -0.083, joint_torque, -0.7, -0.75, -0.39, 0.52, 0.1, -0.26, -0.07, robot_mode, normal, 
10/05/2022 13:53:13:513, robot_pos, 1652187084815, 608.52, 158.17, 201.7, 2.32, -0.01, -3.13, circuit_pos, 613.82, 173.02, 200.94, 2.3, 0.0, -3.13, tool_force, -1.1, 0.3, -0.37, actual_rep, 1, curr_step, 11, track_size, 99, robot_vel, 48.19, joints_pos, 24.77, 54.41, -16.87, -75.89, 17.71, 53.15, 51.06, tool_torque, -0.32, 0.126, -0.073, joint_torque, -0.22, -0.79, -0.1, 0.7, 0.13, -0.26, -0.07, robot_mode, normal, 
10/05/2022 13:53:13:653, robot_pos, 1652187084965, 610.55, 163.86, 200.95, 2.31, -0.01, -3.13, circuit_pos, 613.82, 173.02, 200.94, 2.3, 0.0, -3.13, tool_force, -1.01, 0.75, -0.39, actual_rep, 1, curr_step, 11, track_size, 99, robot_vel, 47.42, joints_pos, 25.2, 54.85, -16.88, -75.13, 17.47, 53.31, 52.13, tool_torque, -0.281, 0.136, -0.089, joint_torque, -0.29, -0.5, -0.12, 0.51, 0.12, -0.26, -0.09, robot_mode, normal, 
10/05/2022 13:53:13:803, robot_pos, 1652187085111, 612.52, 169.69, 200.27, 2.3, 0.0, -3.13, circuit_pos, 616.29, 182.76, 200.06, 2.3, 0.0, -3.14, tool_force, -1.29, 0.43, -0.46, actual_rep, 1, curr_step, 10, track_size, 99, robot_vel, 38.62, joints_pos, 25.62, 55.26, -16.89, -74.39, 17.22, 53.45, 53.17, tool_torque, -0.314, 0.225, -0.093, joint_torque, -0.6, -0.82, -0.25, 0.61, 0.12, -0.25, -0.07, robot_mode, normal, 
10/05/2022 13:53:13:952, robot_pos, 1652187085261, 614.17, 175.47, 199.73, 2.3, 0.0, -3.14, circuit_pos, 616.29, 182.76, 200.06, 2.3, 0.0, -3.14, tool_force, -1.32, 0.77, -0.6, actual_rep, 1, curr_step, 10, track_size, 99, robot_vel, 39.3, joints_pos, 25.98, 55.61, -16.82, -73.76, 17.24, 53.46, 53.79, tool_torque, -0.161, 0.128, -0.036, joint_torque, -0.51, -0.54, -0.37, 0.61, 0.08, -0.21, -0.05, robot_mode, normal, 
10/05/2022 13:53:14:131, robot_pos, 1652187085407, 615.58, 181.25, 199.18, 2.3, 0.0, -3.14, circuit_pos, 618.07, 193.54, 199.34, 2.3, 0.0, 3.14, tool_force, -0.96, 0.57, -0.47, actual_rep, 1, curr_step, 9, track_size, 99, robot_vel, 36.5, joints_pos, 26.33, 55.95, -16.79, -73.16, 17.31, 53.55, 54.33, tool_torque, -0.201, 0.029, -0.039, joint_torque, -0.18, -0.71, -0.22, 0.67, 0.06, -0.24, -0.06, robot_mode, normal, 
10/05/2022 13:53:14:252, robot_pos, 1652187085556, 616.72, 187.11, 198.75, 2.3, 0.0, -3.14, circuit_pos, 618.07, 193.54, 199.34, 2.3, 0.0, 3.14, tool_force, -1.12, 0.29, -0.95, actual_rep, 1, curr_step, 9, track_size, 99, robot_vel, 39.71, joints_pos, 26.72, 56.27, -16.77, -72.56, 17.37, 53.68, 54.87, tool_torque, -0.26, 0.109, -0.068, joint_torque, -0.82, -0.83, -0.52, 0.58, 0.03, -0.26, -0.06, robot_mode, normal, 
10/05/2022 13:53:14:401, robot_pos, 1652187085704, 617.78, 192.83, 198.42, 2.3, 0.0, 3.14, circuit_pos, 619.33, 204.63, 198.88, 2.3, 0.01, 3.13, tool_force, -1.19, 0.72, -0.62, actual_rep, 1, curr_step, 8, track_size, 99, robot_vel, 36.76, joints_pos, 27.12, 56.56, -16.78, -72.03, 17.39, 53.68, 55.41, tool_torque, -0.094, 0.177, -0.063, joint_torque, -0.62, -0.81, -0.42, 0.65, 0.04, -0.14, -0.06, robot_mode, normal, 
10/05/2022 13:53:14:555, robot_pos, 1652187085855, 618.54, 198.65, 198.11, 2.3, 0.0, 3.13, circuit_pos, 619.33, 204.63, 198.88, 2.3, 0.01, 3.13, tool_force, -0.98, 1.0, -1.01, actual_rep, 1, curr_step, 8, track_size, 99, robot_vel, 39.5, joints_pos, 27.59, 56.81, -16.82, -71.59, 17.38, 53.56, 55.97, tool_torque, 0.016, 0.186, -0.06, joint_torque, -0.26, -0.71, -0.14, 0.71, 0.06, -0.06, -0.05, robot_mode, normal, 
10/05/2022 13:53:14:724, robot_pos, 1652187086000, 619.11, 204.55, 197.95, 2.3, 0.01, 3.13, circuit_pos, 619.92, 216.18, 198.76, 2.31, 0.0, 3.12, tool_force, -1.18, 0.66, -0.89, actual_rep, 1, curr_step, 7, track_size, 99, robot_vel, 42.94, joints_pos, 27.97, 57.03, -16.78, -71.13, 17.5, 53.54, 56.33, tool_torque, 0.0070, 0.044, -0.0050, joint_torque, -0.16, -0.61, -0.22, 0.63, 0.04, -0.12, -0.01, robot_mode, normal, 
10/05/2022 13:53:14:857, robot_pos, 1652187086150, 619.58, 210.17, 197.77, 2.31, 0.0, 3.13, circuit_pos, 619.92, 216.18, 198.76, 2.31, 0.0, 3.12, tool_force, -1.15, 0.79, -0.86, actual_rep, 1, curr_step, 7, track_size, 99, robot_vel, 35.66, joints_pos, 28.27, 57.25, -16.69, -70.7, 17.78, 53.57, 56.37, tool_torque, -0.062, 0.06, -0.018, joint_torque, -0.33, -0.94, -0.31, 0.76, 0.04, -0.17, -0.03, robot_mode, normal, 
10/05/2022 13:53:15:001, robot_pos, 1652187086296, 619.86, 215.9, 197.77, 2.31, 0.0, 3.12, circuit_pos, 619.98, 227.9, 199.03, 2.32, 0.0, 3.11, tool_force, -1.01, 0.62, -0.82, actual_rep, 1, curr_step, 6, track_size, 99, robot_vel, 39.35, joints_pos, 28.64, 57.45, -16.66, -70.29, 17.99, 53.59, 56.5, tool_torque, -0.046, -0.0090, -0.01, joint_torque, -0.05, -0.71, -0.17, 0.67, 0.05, -0.17, -0.03, robot_mode, normal, 
10/05/2022 13:53:15:155, robot_pos, 1652187086446, 620.0, 221.72, 197.83, 2.31, 0.0, 3.12, circuit_pos, 619.98, 227.9, 199.03, 2.32, 0.0, 3.11, tool_force, -0.65, 1.04, -1.17, actual_rep, 1, curr_step, 6, track_size, 99, robot_vel, 43.41, joints_pos, 29.04, 57.63, -16.66, -69.91, 18.2, 53.57, 56.62, tool_torque, 0.0080, 0.036, 0.0020, joint_torque, -0.11, -0.77, -0.17, 0.71, 0.05, -0.13, -0.01, robot_mode, normal, 
10/05/2022 13:53:15:322, robot_pos, 1652187086594, 620.01, 228.18, 198.07, 2.32, 0.0, 3.11, circuit_pos, 619.55, 239.35, 199.74, 2.33, 0.0, 3.1, tool_force, -1.48, 0.86, -0.99, actual_rep, 1, curr_step, 5, track_size, 99, robot_vel, 40.87, joints_pos, 29.5, 57.8, -16.67, -69.51, 18.41, 53.55, 56.74, tool_torque, -0.01, 0.199, -0.018, joint_torque, -0.55, -0.68, -0.34, 0.66, 0.04, -0.1, -0.01, robot_mode, normal, 
10/05/2022 13:53:15:455, robot_pos, 1652187086744, 619.92, 233.33, 198.27, 2.32, 0.0, 3.11, circuit_pos, 619.55, 239.35, 199.74, 2.33, 0.0, 3.1, tool_force, -1.5, 1.1, -0.94, actual_rep, 1, curr_step, 5, track_size, 99, robot_vel, 34.12, joints_pos, 29.87, 57.93, -16.68, -69.21, 18.6, 53.51, 56.82, tool_torque, 0.031, 0.215, -0.031, joint_torque, -0.57, -0.6, -0.3, 0.62, 0.05, -0.07, -0.03, robot_mode, normal, 
10/05/2022 13:53:15:609, robot_pos, 1652187086890, 619.59, 239.15, 198.65, 2.33, 0.0, 3.1, circuit_pos, 618.61, 250.37, 200.73, 2.34, -0.01, 3.1, tool_force, -0.78, 0.79, -0.82, actual_rep, 1, curr_step, 4, track_size, 99, robot_vel, 41.56, joints_pos, 30.27, 58.08, -16.68, -68.84, 18.83, 53.61, 56.88, tool_torque, -0.097, -0.0040, -0.0050, joint_torque, -0.04, -0.72, -0.12, 0.65, 0.06, -0.2, -0.01, robot_mode, normal, 
10/05/2022 13:53:15:758, robot_pos, 1652187087041, 619.23, 244.94, 199.04, 2.33, -0.01, 3.1, circuit_pos, 617.23, 260.65, 201.8, 2.34, -0.01, 3.09, tool_force, -0.86, 0.93, -0.9, actual_rep, 1, curr_step, 3, track_size, 99, robot_vel, 41.23, joints_pos, 30.65, 58.26, -16.68, -68.38, 19.09, 53.93, 56.94, tool_torque, -0.153, -0.011, -0.014, joint_torque, -0.12, -0.59, -0.14, 0.66, 0.06, -0.28, -0.02, robot_mode, normal, 
10/05/2022 13:53:15:926, robot_pos, 1652187087189, 618.78, 251.45, 199.59, 2.34, -0.01, 3.1, circuit_pos, 617.23, 260.65, 201.8, 2.34, -0.01, 3.09, tool_force, -0.46, 0.87, -0.9, actual_rep, 1, curr_step, 3, track_size, 99, robot_vel, 42.35, joints_pos, 31.1, 58.4, -16.67, -67.99, 19.31, 54.04, 57.24, tool_torque, -0.147, 0.048, -0.017, joint_torque, -0.39, -0.99, -0.31, 0.74, 0.04, -0.22, -0.01, robot_mode, normal, 
10/05/2022 13:53:16:060, robot_pos, 1652187087337, 618.04, 256.56, 200.15, 2.34, -0.01, 3.09, circuit_pos, 615.8, 269.32, 202.82, 2.35, -0.02, 3.08, tool_force, -0.5, 0.7, -1.16, actual_rep, 1, curr_step, 2, track_size, 99, robot_vel, 39.42, joints_pos, 31.47, 58.47, -16.67, -67.76, 19.48, 54.03, 57.48, tool_torque, -0.123, 0.114, -0.043, joint_torque, -0.55, -0.99, -0.35, 0.71, 0.03, -0.19, -0.03, robot_mode, normal, 
10/05/2022 13:53:16:241, robot_pos, 1652187087486, 617.17, 262.46, 200.79, 2.34, -0.01, 3.09, circuit_pos, 615.8, 269.32, 202.82, 2.35, -0.02, 3.08, tool_force, -1.12, 0.95, -0.95, actual_rep, 1, curr_step, 2, track_size, 99, robot_vel, 36.27, joints_pos, 31.85, 58.53, -16.64, -67.52, 19.89, 54.03, 57.46, tool_torque, -0.064, 0.013, 0.144, joint_torque, -0.63, -0.75, -0.44, 0.67, 0.03, -0.23, 0.17, robot_mode, normal, 
10/05/2022 13:53:16:364, robot_pos, 1652187087634, 616.17, 268.29, 201.34, 2.35, -0.02, 3.08, circuit_pos, 614.15, 276.57, 203.47, 2.36, -0.03, 3.07, tool_force, -0.25, 1.07, -1.15, actual_rep, 1, curr_step, 1, track_size, 99, robot_vel, 44.71, joints_pos, 32.19, 58.59, -16.54, -67.29, 20.39, 54.03, 57.32, tool_torque, 0.0060, -0.164, 0.294, joint_torque, -0.23, -0.88, -0.31, 0.68, 0.06, -0.23, 0.32, robot_mode, normal, 
10/05/2022 13:53:16:566, robot_pos, 1652187087796, 614.98, 274.61, 202.02, 2.36, -0.03, 3.07, circuit_pos, 612.88, 280.93, 203.72, 2.36, -0.03, 3.07, tool_force, -0.02, 1.55, -1.15, actual_rep, 1, curr_step, 0, track_size, 99, robot_vel, 43.59, joints_pos, 32.52, 58.63, -16.42, -67.07, 20.97, 54.02, 57.03, tool_torque, 0.144, -0.222, 0.371, joint_torque, 0.03, -0.82, -0.18, 0.75, 0.07, -0.17, 0.39, robot_mode, normal, 
10/05/2022 13:53:16:664, robot_pos, 1652187087932, 614.46, 276.68, 202.26, 2.36, -0.03, 3.07, circuit_pos, 612.88, 280.93, 203.72, 2.36, -0.03, 3.07, tool_force, -0.28, 1.59, -0.99, actual_rep, 1, curr_step, 0, track_size, 99, robot_vel, 3.35, joints_pos, 32.74, 58.64, -16.57, -67.03, 21.26, 54.02, 56.89, tool_torque, 0.011, -0.014, 0.277, joint_torque, -0.42, -0.98, -0.16, 0.82, 0.05, -0.22, 0.36, robot_mode, normal, 
10/05/2022 13:53:16:855, robot_pos, 1652187088081, 614.43, 276.75, 202.31, 2.36, -0.03, 3.07, circuit_pos, 612.88, 280.93, 203.72, 2.36, -0.03, 3.07, tool_force, -0.22, 1.62, -1.05, actual_rep, 1, curr_step, 0, track_size, 99, robot_vel, 2.29, joints_pos, 32.77, 58.65, -16.65, -67.04, 21.45, 54.04, 56.75, tool_torque, 0.0090, 0.0040, 0.27, joint_torque, -0.19, -0.94, 0.02, 0.84, 0.07, -0.21, 0.35, robot_mode, normal, 
10/05/2022 13:53:16:965, robot_pos, 1652187088230, 614.43, 276.78, 202.3, 2.36, -0.03, 3.07, circuit_pos, 612.88, 280.93, 203.72, 2.36, -0.03, 3.07, tool_force, -0.53, 1.76, -0.74, actual_rep, 1, curr_step, 0, track_size, 99, robot_vel, 1.18, joints_pos, 32.78, 58.65, -16.65, -67.04, 21.45, 54.04, 56.75, tool_torque, 0.0090, 0.0030, 0.279, joint_torque, -0.28, -0.78, -0.04, 0.8, 0.07, -0.24, 0.36, robot_mode, normal, 
10/05/2022 13:53:17:154, robot_pos, 1652187088380, 614.43, 276.77, 202.29, 2.36, -0.03, 3.07, circuit_pos, 612.88, 280.93, 203.72, 2.36, -0.03, 3.07, tool_force, -0.38, 1.74, -0.73, actual_rep, 1, curr_step, 0, track_size, 99, robot_vel, 0.12, joints_pos, 32.78, 58.65, -16.65, -67.04, 21.45, 54.04, 56.75, tool_torque, 0.0030, -0.028, 0.283, joint_torque, -0.23, -0.83, -0.05, 0.82, 0.07, -0.25, 0.36, robot_mode, normal, 
10/05/2022 13:53:17:263, robot_pos, 1652187088530, 614.43, 276.76, 202.3, 2.36, -0.03, 3.07, circuit_pos, 612.88, 280.93, 203.72, 2.36, -0.03, 3.07, tool_force, -0.32, 1.7, -0.8, actual_rep, 1, curr_step, 0, track_size, 99, robot_vel, 0.06, joints_pos, 32.78, 58.65, -16.65, -67.04, 21.45, 54.04, 56.75, tool_torque, 0.0080, -0.055, 0.291, joint_torque, -0.18, -0.85, -0.04, 0.82, 0.07, -0.25, 0.36, robot_mode, normal, 
