01/06/2022 11:51:19: File Created!
01/06/2022 11:51:19:512, robot_pos, 1654080557228, 614.38, 276.71, 203.32, 2.36, -0.03, 3.07, circuit_pos, 614.15, 276.57, 203.47, 2.36, -0.03, 3.07, tool_force, -0.59, 0.94, 6.69, actual_rep, 1, curr_step, 1, track_size, 99, robot_vel, 0.01, joints_pos, 32.55, 58.5, -16.23, -67.06, 20.97, 54.05, 57.0, tool_torque, 0.073, -0.011, 0.231, joint_torque, -0.2, 4.28, 0.57, -1.78, -0.02, -0.1, 0.29, robot_mode, normal, 
01/06/2022 11:51:19:583, robot_pos, 1654080557338, 614.36, 276.74, 203.31, 2.36, -0.03, 3.07, circuit_pos, 614.15, 276.57, 203.47, 2.36, -0.03, 3.07, tool_force, -0.64, 1.08, 5.8, actual_rep, 1, curr_step, 1, track_size, 99, robot_vel, 0.01, joints_pos, 32.55, 58.5, -16.22, -67.06, 20.97, 54.05, 57.0, tool_torque, 0.087, -0.0050, 0.239, joint_torque, -0.22, 3.8, 0.48, -1.53, 0.0, -0.1, 0.29, robot_mode, normal, 
01/06/2022 11:51:19:752, robot_pos, 1654080557489, 614.05, 276.54, 202.57, 2.36, -0.03, 3.07, circuit_pos, 615.8, 269.32, 202.82, 2.35, -0.02, 3.08, tool_force, -1.36, 1.42, 1.11, actual_rep, 1, curr_step, 2, track_size, 99, robot_vel, 3.46, joints_pos, 32.54, 58.53, -16.21, -67.12, 20.97, 53.96, 57.0, tool_torque, 0.181, 0.154, 0.25, joint_torque, -1.03, 0.4, -0.38, 0.1, 0.0, -0.03, 0.29, robot_mode, normal, 
01/06/2022 11:51:19:896, robot_pos, 1654080557642, 615.89, 269.07, 201.46, 2.35, -0.02, 3.08, circuit_pos, 617.23, 260.65, 201.8, 2.34, -0.01, 3.09, tool_force, -0.15, 1.93, 1.41, actual_rep, 1, curr_step, 3, track_size, 99, robot_vel, 4.92, joints_pos, 32.35, 58.6, -16.76, -67.3, 20.52, 54.06, 57.22, tool_torque, 0.022, 0.089, 0.06, joint_torque, -0.18, 0.56, 0.03, 0.15, 0.07, -0.16, 0.07, robot_mode, normal, 
01/06/2022 11:51:20:045, robot_pos, 1654080557793, 617.32, 258.85, 200.44, 2.34, -0.01, 3.09, circuit_pos, 618.61, 250.37, 200.73, 2.34, -0.01, 3.1, tool_force, 0.06, 1.12, 0.88, actual_rep, 1, curr_step, 4, track_size, 99, robot_vel, 99.88, joints_pos, 31.91, 58.52, -17.15, -67.77, 19.95, 54.09, 57.29, tool_torque, 0.101, -0.205, 0.152, joint_torque, 0.61, 0.41, 0.26, 0.25, 0.07, -0.17, 0.14, robot_mode, normal, 
01/06/2022 11:51:20:192, robot_pos, 1654080557941, 618.7, 248.38, 199.49, 2.34, -0.01, 3.1, circuit_pos, 619.55, 239.35, 199.74, 2.33, 0.0, 3.1, tool_force, -0.92, 2.53, 1.72, actual_rep, 1, curr_step, 5, track_size, 99, robot_vel, 67.82, joints_pos, 31.11, 58.35, -17.11, -68.26, 19.61, 54.02, 56.86, tool_torque, 0.394, -0.202, 0.389, joint_torque, 0.27, 0.92, 0.11, 0.12, 0.07, -0.04, 0.38, robot_mode, normal, 
01/06/2022 11:51:20:348, robot_pos, 1654080558092, 619.47, 237.9, 198.71, 2.33, 0.0, 3.1, circuit_pos, 619.98, 227.9, 199.03, 2.32, 0.0, 3.11, tool_force, -0.32, 2.21, 0.84, actual_rep, 1, curr_step, 6, track_size, 99, robot_vel, 84.96, joints_pos, 30.36, 58.05, -17.03, -68.99, 19.08, 53.65, 56.72, tool_torque, 0.502, -0.347, 0.454, joint_torque, 0.43, 0.5, -0.08, 0.29, 0.08, 0.0, 0.41, robot_mode, normal, 
01/06/2022 11:51:20:500, robot_pos, 1654080558243, 619.94, 227.21, 198.03, 2.32, 0.0, 3.11, circuit_pos, 619.92, 216.18, 198.76, 2.31, 0.0, 3.12, tool_force, 0.04, 2.62, 1.16, actual_rep, 1, curr_step, 7, track_size, 99, robot_vel, 78.6, joints_pos, 29.59, 57.8, -17.01, -69.63, 18.72, 53.57, 56.53, tool_torque, 0.527, -0.422, 0.501, joint_torque, 0.68, 0.97, 0.07, 0.11, 0.1, -0.02, 0.43, robot_mode, normal, 
01/06/2022 11:51:20:650, robot_pos, 1654080558394, 620.05, 216.64, 197.69, 2.31, 0.0, 3.12, circuit_pos, 619.33, 204.63, 198.88, 2.3, 0.01, 3.13, tool_force, -0.12, 2.66, 1.19, actual_rep, 1, curr_step, 8, track_size, 99, robot_vel, 70.08, joints_pos, 28.84, 57.51, -17.02, -70.28, 18.31, 53.6, 56.37, tool_torque, 0.412, -0.303, 0.441, joint_torque, 0.27, 0.68, -0.1, 0.16, 0.09, -0.06, 0.4, robot_mode, normal, 
01/06/2022 11:51:20:796, robot_pos, 1654080558545, 619.62, 205.94, 197.66, 2.3, 0.01, 3.13, circuit_pos, 618.07, 193.54, 199.34, 2.3, 0.0, 3.14, tool_force, -0.19, 2.08, 1.01, actual_rep, 1, curr_step, 9, track_size, 99, robot_vel, 75.73, joints_pos, 28.23, 57.17, -17.08, -71.01, 17.65, 53.5, 56.38, tool_torque, 0.336, -0.145, 0.308, joint_torque, 0.23, 0.63, 0.04, 0.2, 0.07, -0.02, 0.31, robot_mode, normal, 
01/06/2022 11:51:20:951, robot_pos, 1654080558695, 618.62, 195.27, 198.0, 2.3, 0.0, 3.14, circuit_pos, 616.29, 182.76, 200.06, 2.3, 0.0, -3.14, tool_force, -0.34, 2.02, 0.7, actual_rep, 1, curr_step, 10, track_size, 99, robot_vel, 65.57, joints_pos, 27.35, 56.76, -16.97, -71.75, 17.55, 53.74, 55.54, tool_torque, 0.37, -0.486, 0.506, joint_torque, 0.5, 0.68, -0.05, 0.21, 0.08, -0.14, 0.46, robot_mode, normal, 
01/06/2022 11:51:21:096, robot_pos, 1654080558843, 617.34, 185.11, 198.51, 2.3, 0.0, -3.14, circuit_pos, 613.82, 173.02, 200.94, 2.3, 0.0, -3.13, tool_force, 0.29, 2.4, 1.08, actual_rep, 1, curr_step, 11, track_size, 99, robot_vel, 71.57, joints_pos, 26.61, 56.29, -16.91, -72.62, 17.35, 53.63, 54.79, tool_torque, 0.578, -0.471, 0.523, joint_torque, 0.59, 0.74, -0.05, 0.17, 0.07, -0.02, 0.45, robot_mode, normal, 
01/06/2022 11:51:21:260, robot_pos, 1654080558997, 614.76, 174.01, 199.42, 2.3, 0.0, -3.13, circuit_pos, 610.26, 162.17, 202.23, 2.31, -0.01, -3.13, tool_force, -0.41, 1.92, 0.39, actual_rep, 1, curr_step, 12, track_size, 99, robot_vel, 73.97, joints_pos, 25.9, 55.67, -16.92, -73.73, 16.98, 53.59, 53.98, tool_torque, 0.435, -0.314, 0.507, joint_torque, 0.13, 0.88, -0.22, 0.0, 0.07, -0.02, 0.46, robot_mode, normal, 
01/06/2022 11:51:21:437, robot_pos, 1654080559142, 611.66, 163.98, 200.48, 2.31, -0.01, -3.13, circuit_pos, 606.79, 153.9, 203.36, 2.32, -0.02, -3.13, tool_force, -0.5, 2.23, 0.77, actual_rep, 1, curr_step, 13, track_size, 99, robot_vel, 73.99, joints_pos, 25.13, 54.99, -16.81, -74.9, 17.13, 53.43, 52.49, tool_torque, 0.557, -0.312, 0.493, joint_torque, 0.25, 1.07, -0.13, 0.05, 0.01, 0.01, 0.44, robot_mode, normal, 
01/06/2022 11:51:21:558, robot_pos, 1654080559291, 607.71, 153.41, 201.83, 2.32, -0.02, -3.13, circuit_pos, 603.97, 146.3, 204.51, 2.33, -0.02, -3.13, tool_force, -0.4, 2.07, -0.12, actual_rep, 1, curr_step, 14, track_size, 99, robot_vel, 88.27, joints_pos, 24.24, 54.16, -16.66, -76.3, 17.49, 53.17, 50.42, tool_torque, 0.624, -0.437, 0.515, joint_torque, 0.46, 0.56, -0.21, 0.12, -0.01, 0.04, 0.45, robot_mode, normal, 
01/06/2022 11:51:21:701, robot_pos, 1654080559441, 603.81, 143.35, 203.23, 2.33, -0.02, -3.13, circuit_pos, 597.41, 132.91, 205.91, 2.34, -0.01, 3.14, tool_force, 0.6, 2.85, 0.81, actual_rep, 1, curr_step, 16, track_size, 99, robot_vel, 77.98, joints_pos, 23.56, 53.32, -16.63, -77.77, 17.6, 52.47, 48.58, tool_torque, 0.718, -0.423, 0.496, joint_torque, 0.48, 0.49, -0.22, 0.28, -0.03, 0.05, 0.44, robot_mode, normal, 
01/06/2022 11:51:21:851, robot_pos, 1654080559591, 598.96, 134.47, 204.07, 2.34, -0.01, 3.14, circuit_pos, 593.12, 127.86, 206.25, 2.35, -0.01, 3.13, tool_force, 0.67, 2.68, 1.1, actual_rep, 1, curr_step, 17, track_size, 99, robot_vel, 62.68, joints_pos, 23.03, 52.32, -16.6, -79.64, 17.77, 51.0, 47.2, tool_torque, 0.673, -0.344, 0.451, joint_torque, 0.57, 0.35, -0.04, 0.39, 0.02, 0.02, 0.4, robot_mode, normal, 
01/06/2022 11:51:22:000, robot_pos, 1654080559740, 592.26, 127.41, 204.73, 2.35, -0.01, 3.14, circuit_pos, 588.4, 123.46, 206.41, 2.35, -0.01, 3.13, tool_force, 0.89, 3.68, 0.5, actual_rep, 1, curr_step, 18, track_size, 99, robot_vel, 55.76, joints_pos, 22.7, 51.29, -16.53, -81.6, 17.82, 49.72, 45.89, tool_torque, 0.836, -0.463, 0.472, joint_torque, 0.8, 0.79, 0.02, 0.23, -0.01, 0.04, 0.39, robot_mode, normal, 
01/06/2022 11:51:22:152, robot_pos, 1654080559890, 583.46, 120.05, 205.43, 2.35, -0.02, 3.13, circuit_pos, 577.4, 114.29, 207.37, 2.35, -0.02, 3.12, tool_force, 2.39, 1.8, 0.65, actual_rep, 1, curr_step, 20, track_size, 99, robot_vel, 83.34, joints_pos, 22.27, 50.14, -16.43, -83.78, 18.34, 48.83, 44.63, tool_torque, 0.932, -0.37, 0.349, joint_torque, 1.09, 1.05, 0.25, -0.95, -0.18, 0.6, 0.27, robot_mode, normal, 
01/06/2022 11:51:22:301, robot_pos, 1654080560040, 576.87, 114.13, 205.81, 2.35, -0.02, 3.13, circuit_pos, 572.02, 110.24, 208.21, 2.35, -0.02, 3.12, tool_force, 1.95, -1.46, 0.25, actual_rep, 1, curr_step, 21, track_size, 99, robot_vel, 48.27, joints_pos, 21.95, 49.31, -16.44, -85.41, 18.67, 48.06, 43.71, tool_torque, 1.519, -0.317, 0.351, joint_torque, 0.12, 2.14, -0.58, -2.2, -0.63, 1.1, 0.28, robot_mode, normal, 
01/06/2022 11:51:22:456, robot_pos, 1654080560191, 566.37, 107.0, 207.44, 2.35, -0.02, 3.12, circuit_pos, 561.73, 103.94, 210.6, 2.35, -0.01, 3.12, tool_force, -0.81, -3.79, 1.91, actual_rep, 1, curr_step, 23, track_size, 99, robot_vel, 82.05, joints_pos, 21.78, 47.89, -16.53, -87.99, 18.81, 46.66, 42.88, tool_torque, 1.782, -0.772, 0.505, joint_torque, -2.17, 2.43, -3.0, -2.81, -1.31, 0.83, 0.48, robot_mode, normal, 
01/06/2022 11:51:22:602, robot_pos, 1654080560341, 560.24, 100.78, 209.79, 2.35, 0.0, 3.12, circuit_pos, 552.75, 100.33, 213.06, 2.35, -0.01, 3.11, tool_force, -13.61, -5.67, 1.91, actual_rep, 1, curr_step, 25, track_size, 99, robot_vel, 51.96, joints_pos, 21.77, 46.82, -16.74, -89.72, 18.28, 45.25, 42.82, tool_torque, 1.552, -1.934, 1.118, joint_torque, -8.48, 1.78, -8.77, -0.29, -1.89, -1.15, 1.03, robot_mode, normal, 
01/06/2022 11:51:22:763, robot_pos, 1654080560491, 551.32, 100.73, 211.4, 2.35, -0.01, 3.11, circuit_pos, 541.87, 99.37, 215.93, 2.35, -0.02, 3.11, tool_force, -2.05, 2.81, 2.33, actual_rep, 1, curr_step, 27, track_size, 99, robot_vel, 45.35, joints_pos, 21.69, 45.64, -16.42, -91.62, 19.07, 44.72, 41.89, tool_torque, 1.088, -0.548, 0.552, joint_torque, -0.18, 1.25, -0.83, 0.31, -0.21, -0.05, 0.46, robot_mode, normal, 
01/06/2022 11:51:22:904, robot_pos, 1654080560640, 545.03, 97.44, 213.74, 2.35, -0.02, 3.11, circuit_pos, 537.23, 100.01, 217.3, 2.35, -0.03, 3.11, tool_force, -8.73, -6.15, 0.84, actual_rep, 1, curr_step, 28, track_size, 99, robot_vel, 54.03, joints_pos, 21.65, 44.86, -16.55, -92.76, 19.12, 44.5, 41.51, tool_torque, 1.613, -1.278, 0.792, joint_torque, -6.81, 2.28, -7.07, -1.72, -1.78, -0.29, 0.77, robot_mode, normal, 
01/06/2022 11:51:23:060, robot_pos, 1654080560792, 536.19, 99.39, 216.03, 2.35, -0.03, 3.11, circuit_pos, 526.1, 104.32, 221.72, 2.35, -0.04, 3.1, tool_force, -10.25, -0.83, 3.1, actual_rep, 1, curr_step, 31, track_size, 99, robot_vel, 77.51, joints_pos, 21.81, 43.79, -16.2, -94.32, 19.33, 44.22, 41.46, tool_torque, 0.861, -0.793, 0.739, joint_torque, -4.95, 1.59, -4.71, 0.34, -0.87, -0.77, 0.74, robot_mode, normal, 
01/06/2022 11:51:23:212, robot_pos, 1654080560945, 525.95, 104.73, 220.18, 2.35, -0.04, 3.1, circuit_pos, 518.08, 110.8, 225.78, 2.36, -0.05, 3.1, tool_force, -1.66, 2.1, 0.98, actual_rep, 1, curr_step, 34, track_size, 99, robot_vel, 79.6, joints_pos, 22.13, 42.36, -15.7, -96.12, 20.05, 43.83, 41.16, tool_torque, 0.633, 0.034, 0.336, joint_torque, -0.12, 0.56, -0.15, 0.05, -0.04, 0.17, 0.37, robot_mode, normal, 
01/06/2022 11:51:23:359, robot_pos, 1654080561092, 518.77, 110.6, 223.7, 2.36, -0.05, 3.1, circuit_pos, 512.54, 116.38, 227.7, 2.37, -0.05, 3.1, tool_force, -2.26, 2.07, 2.4, actual_rep, 1, curr_step, 36, track_size, 99, robot_vel, 68.25, joints_pos, 22.68, 41.45, -15.43, -97.12, 20.16, 43.98, 41.13, tool_torque, 0.242, 0.125, 0.11, joint_torque, -0.49, 1.37, -0.24, 0.0, -0.01, -0.06, 0.11, robot_mode, normal, 
01/06/2022 11:51:23:533, robot_pos, 1654080561243, 511.32, 114.74, 226.02, 2.36, -0.05, 3.1, circuit_pos, 508.92, 119.92, 228.16, 2.37, -0.06, 3.1, tool_force, 7.4, -16.88, -5.36, actual_rep, 1, curr_step, 37, track_size, 99, robot_vel, 51.21, joints_pos, 23.47, 40.64, -15.57, -98.22, 20.23, 44.01, 41.24, tool_torque, -0.798, 0.051, -0.056, joint_torque, -1.86, -1.12, -1.23, -6.3, -0.51, 1.7, 0.14, robot_mode, normal, 
01/06/2022 11:51:23:662, robot_pos, 1654080561392, 499.64, 122.36, 227.71, 2.37, -0.06, 3.1, circuit_pos, 501.06, 127.92, 228.67, 2.38, -0.07, 3.1, tool_force, 15.45, -24.05, -4.71, actual_rep, 1, curr_step, 39, track_size, 99, robot_vel, 88.75, joints_pos, 24.48, 39.44, -15.36, -100.12, 20.55, 43.05, 41.58, tool_torque, -0.641, -0.433, 0.427, joint_torque, 0.07, -0.26, 0.15, -10.3, -0.19, 2.81, 0.46, robot_mode, normal, 
01/06/2022 11:51:23:809, robot_pos, 1654080561542, 494.86, 130.0, 228.29, 2.38, -0.06, 3.1, circuit_pos, 494.57, 136.11, 229.4, 2.38, -0.06, 3.1, tool_force, 13.39, -13.25, -1.98, actual_rep, 1, curr_step, 41, track_size, 99, robot_vel, 65.02, joints_pos, 25.43, 39.15, -15.38, -100.58, 20.9, 42.96, 41.61, tool_torque, -0.137, -0.438, 0.385, joint_torque, 1.82, 0.68, 1.52, -6.14, 0.08, 1.75, 0.35, robot_mode, normal, 
01/06/2022 11:51:23:962, robot_pos, 1654080561691, 491.39, 138.94, 228.58, 2.38, -0.06, 3.1, circuit_pos, 488.14, 145.72, 230.36, 2.37, -0.06, 3.09, tool_force, 4.52, -7.81, 0.05, actual_rep, 1, curr_step, 43, track_size, 99, robot_vel, 59.19, joints_pos, 26.65, 38.99, -15.49, -100.85, 20.88, 42.78, 42.7, tool_torque, -0.464, 0.461, 0.049, joint_torque, 0.63, 0.86, 1.35, -4.18, 0.21, 1.34, 0.15, robot_mode, normal, 
01/06/2022 11:51:24:157, robot_pos, 1654080561845, 482.6, 149.5, 229.76, 2.37, -0.06, 3.09, circuit_pos, 483.04, 156.04, 231.64, 2.37, -0.06, 3.09, tool_force, 18.25, -11.0, -2.03, actual_rep, 1, curr_step, 45, track_size, 99, robot_vel, 102.92, joints_pos, 28.09, 38.19, -15.46, -102.11, 21.36, 41.6, 44.06, tool_torque, -0.375, -0.234, 0.134, joint_torque, 4.87, -0.03, 4.44, -5.93, 0.53, 1.96, 0.12, robot_mode, normal, 
01/06/2022 11:51:24:266, robot_pos, 1654080561995, 482.04, 159.46, 230.79, 2.37, -0.06, 3.09, circuit_pos, 478.97, 167.29, 233.08, 2.37, -0.06, 3.08, tool_force, -0.54, 0.12, 1.36, actual_rep, 1, curr_step, 47, track_size, 99, robot_vel, 57.65, joints_pos, 29.3, 38.33, -15.65, -101.66, 21.48, 41.87, 45.16, tool_torque, -0.044, 0.124, -0.12, joint_torque, -0.02, 0.74, 0.06, -0.09, -0.02, -0.04, -0.14, robot_mode, normal, 
01/06/2022 11:51:24:425, robot_pos, 1654080562151, 479.1, 170.02, 231.6, 2.37, -0.06, 3.08, circuit_pos, 475.44, 178.11, 233.97, 2.37, -0.06, 3.08, tool_force, -1.83, 1.52, 1.91, actual_rep, 1, curr_step, 49, track_size, 99, robot_vel, 70.54, joints_pos, 30.47, 38.24, -15.62, -101.66, 21.79, 41.73, 46.09, tool_torque, 0.16, 0.243, -0.115, joint_torque, -0.07, 0.86, 0.05, 0.07, -0.01, 0.03, -0.14, robot_mode, normal, 
01/06/2022 11:51:24:574, robot_pos, 1654080562299, 475.76, 180.21, 232.36, 2.37, -0.06, 3.08, circuit_pos, 472.86, 188.82, 234.79, 2.36, -0.06, 3.08, tool_force, -0.99, 0.03, 0.87, actual_rep, 1, curr_step, 51, track_size, 99, robot_vel, 68.93, joints_pos, 31.71, 38.17, -15.67, -101.65, 21.78, 41.67, 47.34, tool_torque, -0.087, 0.32, -0.141, joint_torque, -0.62, 0.43, -0.31, -0.11, -0.03, 0.03, -0.13, robot_mode, normal, 
01/06/2022 11:51:24:724, robot_pos, 1654080562450, 473.67, 189.27, 233.33, 2.36, -0.06, 3.08, circuit_pos, 472.12, 194.89, 235.39, 2.36, -0.06, 3.08, tool_force, -1.71, 0.5, 1.92, actual_rep, 1, curr_step, 52, track_size, 99, robot_vel, 59.64, joints_pos, 32.82, 38.17, -15.77, -101.44, 21.77, 41.72, 48.91, tool_torque, -0.091, 0.3, -0.129, joint_torque, -0.34, 0.81, 0.07, -0.07, 0.01, -0.05, -0.11, robot_mode, normal, 
01/06/2022 11:51:24:870, robot_pos, 1654080562599, 472.66, 197.2, 233.99, 2.36, -0.06, 3.08, circuit_pos, 472.65, 206.71, 236.9, 2.35, -0.05, 3.07, tool_force, -1.52, -0.3, 1.49, actual_rep, 1, curr_step, 54, track_size, 99, robot_vel, 64.68, joints_pos, 33.78, 38.3, -15.92, -101.08, 21.72, 41.9, 50.19, tool_torque, -0.34, 0.384, -0.183, joint_torque, -0.58, 0.61, -0.03, -0.06, 0.03, -0.15, -0.12, robot_mode, normal, 
01/06/2022 11:51:25:023, robot_pos, 1654080562751, 473.03, 205.32, 234.98, 2.35, -0.05, 3.07, circuit_pos, 474.04, 212.37, 237.73, 2.34, -0.05, 3.07, tool_force, -0.7, 0.53, 1.02, actual_rep, 1, curr_step, 55, track_size, 99, robot_vel, 60.8, joints_pos, 34.61, 38.39, -15.92, -100.72, 21.68, 41.41, 51.39, tool_torque, 0.044, 0.229, -0.104, joint_torque, 0.12, 0.59, 0.21, -0.1, 0.05, 0.09, -0.13, robot_mode, normal, 
01/06/2022 11:51:25:180, robot_pos, 1654080562899, 474.26, 213.51, 236.45, 2.34, -0.05, 3.07, circuit_pos, 477.68, 222.3, 238.92, 2.33, -0.04, 3.06, tool_force, -0.78, -0.44, 1.34, actual_rep, 1, curr_step, 57, track_size, 99, robot_vel, 52.65, joints_pos, 35.43, 38.62, -15.96, -99.97, 21.53, 41.58, 52.99, tool_torque, -0.281, 0.252, -0.135, joint_torque, -0.36, 0.53, -0.02, -0.3, 0.06, -0.1, -0.12, robot_mode, normal, 
01/06/2022 11:51:25:335, robot_pos, 1654080563055, 477.64, 220.57, 236.99, 2.33, -0.04, 3.06, circuit_pos, 480.57, 228.14, 239.39, 2.32, -0.04, 3.06, tool_force, -2.19, 0.39, 1.98, actual_rep, 1, curr_step, 58, track_size, 99, robot_vel, 40.73, joints_pos, 36.08, 39.09, -16.13, -99.0, 21.31, 41.66, 54.27, tool_torque, -0.182, 0.607, -0.162, joint_torque, -0.95, 0.59, -0.27, -0.09, 0.05, 0.01, -0.11, robot_mode, normal, 
01/06/2022 11:51:25:481, robot_pos, 1654080563204, 481.28, 230.42, 237.89, 2.32, -0.04, 3.06, circuit_pos, 486.23, 237.14, 239.56, 2.31, -0.03, 3.05, tool_force, -0.66, -0.69, 1.01, actual_rep, 1, curr_step, 60, track_size, 99, robot_vel, 70.93, joints_pos, 36.77, 39.64, -16.06, -97.77, 21.03, 41.84, 56.25, tool_torque, -0.222, 0.161, -0.083, joint_torque, -0.39, 0.14, -0.19, -0.16, 0.05, -0.09, -0.09, robot_mode, normal, 
01/06/2022 11:51:25:672, robot_pos, 1654080563355, 485.95, 236.08, 237.91, 2.32, -0.03, 3.05, circuit_pos, 492.39, 245.1, 239.19, 2.3, -0.03, 3.05, tool_force, -1.02, -0.21, 0.72, actual_rep, 1, curr_step, 62, track_size, 99, robot_vel, 39.75, joints_pos, 37.32, 40.33, -16.23, -96.43, 20.9, 41.78, 57.47, tool_torque, -0.253, 0.497, -0.134, joint_torque, -0.98, 0.17, -0.38, -0.09, 0.03, -0.06, -0.08, robot_mode, normal, 
01/06/2022 11:51:25:782, robot_pos, 1654080563505, 491.12, 243.63, 237.62, 2.3, -0.03, 3.05, circuit_pos, 497.75, 251.1, 238.0, 2.29, -0.02, 3.06, tool_force, -0.87, 0.12, 2.18, actual_rep, 1, curr_step, 64, track_size, 99, robot_vel, 53.28, joints_pos, 37.73, 41.03, -16.39, -95.3, 20.77, 42.08, 58.66, tool_torque, -0.281, 0.437, -0.145, joint_torque, -0.57, 0.45, 0.0, 0.04, 0.07, -0.17, -0.08, robot_mode, normal, 
01/06/2022 11:51:25:939, robot_pos, 1654080563658, 496.74, 249.38, 236.6, 2.3, -0.03, 3.05, circuit_pos, 502.72, 255.49, 237.33, 2.29, -0.02, 3.06, tool_force, -0.23, 1.03, 2.16, actual_rep, 1, curr_step, 66, track_size, 99, robot_vel, 44.6, joints_pos, 38.0, 41.95, -16.47, -93.77, 20.3, 42.79, 59.93, tool_torque, -0.164, 0.257, -0.111, joint_torque, 0.01, 0.79, 0.28, 0.09, 0.11, -0.21, -0.09, robot_mode, normal, 
01/06/2022 11:51:26:082, robot_pos, 1654080563805, 504.46, 256.85, 236.43, 2.29, -0.02, 3.06, circuit_pos, 508.3, 259.25, 237.85, 2.28, -0.02, 3.06, tool_force, 0.41, -0.08, 0.59, actual_rep, 1, curr_step, 69, track_size, 99, robot_vel, 95.39, joints_pos, 38.15, 43.08, -16.41, -91.61, 19.63, 43.95, 61.39, tool_torque, -0.22, 0.0040, -0.082, joint_torque, 0.07, 0.35, 0.07, -0.17, 0.07, -0.15, -0.12, robot_mode, normal, 
01/06/2022 11:51:26:261, robot_pos, 1654080563973, 509.29, 259.92, 236.82, 2.28, -0.02, 3.06, circuit_pos, 510.53, 260.4, 238.15, 2.28, -0.02, 3.07, tool_force, -0.05, 0.14, 0.41, actual_rep, 1, curr_step, 71, track_size, 99, robot_vel, 30.28, joints_pos, 38.15, 43.58, -16.44, -90.58, 19.56, 44.33, 62.15, tool_torque, -0.215, 0.0080, -0.082, joint_torque, -0.05, 0.03, -0.08, 0.03, 0.02, -0.19, -0.1, robot_mode, normal, 
01/06/2022 11:51:26:414, robot_pos, 1654080564129, 510.98, 260.28, 236.55, 2.28, -0.02, 3.07, circuit_pos, 511.76, 260.09, 238.09, 2.28, -0.02, 3.07, tool_force, -0.08, 0.47, 1.61, actual_rep, 1, curr_step, 74, track_size, 99, robot_vel, 10.97, joints_pos, 38.13, 43.92, -16.5, -89.97, 19.17, 45.15, 62.52, tool_torque, -0.134, -0.0020, -0.065, joint_torque, 0.32, 0.46, 0.23, -0.01, 0.07, -0.12, -0.09, robot_mode, normal, 
01/06/2022 11:51:26:563, robot_pos, 1654080564273, 511.37, 260.16, 236.51, 2.28, -0.02, 3.07, circuit_pos, 511.63, 259.88, 237.94, 2.28, -0.02, 3.07, tool_force, 0.05, 1.23, 1.6, actual_rep, 1, curr_step, 77, track_size, 99, robot_vel, 4.01, joints_pos, 38.06, 43.92, -16.46, -89.97, 19.21, 45.07, 62.51, tool_torque, 0.155, -0.213, 0.168, joint_torque, 0.06, 0.96, -0.05, -0.07, 0.04, -0.1, 0.14, robot_mode, normal, 
01/06/2022 11:51:26:707, robot_pos, 1654080564421, 511.83, 260.01, 236.62, 2.28, -0.02, 3.07, circuit_pos, 511.79, 260.02, 238.44, 2.28, -0.01, 3.07, tool_force, 0.22, 0.55, 0.9, actual_rep, 1, curr_step, 79, track_size, 99, robot_vel, 2.54, joints_pos, 38.04, 43.97, -16.47, -89.86, 19.01, 45.18, 62.58, tool_torque, -0.0020, -0.19, 0.037, joint_torque, 0.37, 0.53, 0.07, -0.04, 0.09, -0.1, -0.05, robot_mode, normal, 
01/06/2022 11:51:26:861, robot_pos, 1654080564572, 512.24, 260.41, 237.05, 2.28, -0.01, 3.07, circuit_pos, 511.9, 260.12, 238.46, 2.28, -0.01, 3.06, tool_force, -0.06, 1.18, 1.15, actual_rep, 1, curr_step, 81, track_size, 99, robot_vel, 4.32, joints_pos, 38.21, 43.91, -16.49, -89.89, 18.35, 44.76, 63.18, tool_torque, 0.185, 0.069, -0.037, joint_torque, 0.32, 0.58, 0.24, 0.1, 0.07, 0.07, -0.06, robot_mode, normal, 
01/06/2022 11:51:27:083, robot_pos, 1654080564719, 511.8, 260.15, 237.02, 2.28, -0.01, 3.06, circuit_pos, 512.03, 260.26, 238.11, 2.28, -0.01, 3.07, tool_force, 0.23, 1.35, 0.61, actual_rep, 1, curr_step, 84, track_size, 99, robot_vel, 4.75, joints_pos, 38.11, 43.8, -16.39, -90.09, 18.62, 44.52, 62.95, tool_torque, 0.299, -0.363, 0.305, joint_torque, 0.0, 0.84, -0.21, 0.04, 0.03, -0.08, 0.26, robot_mode, normal, 
01/06/2022 11:51:27:159, robot_pos, 1654080564867, 512.3, 260.46, 236.64, 2.28, -0.01, 3.07, circuit_pos, 512.02, 260.28, 238.05, 2.28, -0.02, 3.07, tool_force, -0.46, 1.04, 1.63, actual_rep, 1, curr_step, 86, track_size, 99, robot_vel, 8.94, joints_pos, 38.13, 44.0, -16.41, -89.77, 18.27, 45.02, 63.25, tool_torque, -0.0080, -0.069, 0.034, joint_torque, 0.09, 0.61, -0.01, 0.02, 0.07, -0.15, 0.0, robot_mode, normal, 
01/06/2022 11:51:27:316, robot_pos, 1654080565017, 512.18, 260.63, 236.75, 2.28, -0.02, 3.07, circuit_pos, 512.03, 260.28, 238.03, 2.28, -0.02, 3.07, tool_force, 1.15, 0.82, 0.93, actual_rep, 1, curr_step, 89, track_size, 99, robot_vel, 5.11, joints_pos, 37.94, 44.0, -16.31, -89.74, 18.95, 45.24, 62.74, tool_torque, 0.203, -0.564, 0.401, joint_torque, 0.12, 0.57, -0.24, -0.02, 0.0, -0.15, 0.38, robot_mode, normal, 
01/06/2022 11:51:27:464, robot_pos, 1654080565165, 512.42, 260.37, 236.66, 2.28, -0.01, 3.07, circuit_pos, 512.03, 260.29, 238.03, 2.28, -0.01, 3.07, tool_force, 0.33, 1.43, 1.17, actual_rep, 1, curr_step, 92, track_size, 99, robot_vel, 4.06, joints_pos, 38.03, 44.0, -16.37, -89.77, 18.58, 45.06, 62.98, tool_torque, 0.228, -0.101, 0.136, joint_torque, 0.14, 0.64, 0.04, 0.09, 0.09, 0.0, 0.09, robot_mode, normal, 
01/06/2022 11:51:27:647, robot_pos, 1654080565320, 512.2, 260.59, 236.74, 2.28, -0.01, 3.07, circuit_pos, 512.04, 260.29, 238.03, 2.28, -0.01, 3.07, tool_force, -0.51, 1.33, 1.33, actual_rep, 1, curr_step, 95, track_size, 99, robot_vel, 2.62, joints_pos, 38.16, 43.99, -16.42, -89.79, 18.25, 45.01, 63.29, tool_torque, 0.124, 0.073, 0.066, joint_torque, -0.17, 0.66, 0.03, 0.02, 0.06, -0.03, 0.08, robot_mode, normal, 
01/06/2022 11:51:27:762, robot_pos, 1654080565463, 512.22, 260.54, 236.7, 2.28, -0.01, 3.07, circuit_pos, 512.04, 260.29, 238.03, 2.28, -0.01, 3.07, tool_force, 0.64, 1.34, 0.81, actual_rep, 1, curr_step, 97, track_size, 99, robot_vel, 1.28, joints_pos, 38.12, 43.98, -16.38, -89.79, 18.27, 45.01, 63.28, tool_torque, 0.274, -0.307, 0.22, joint_torque, 0.37, 0.53, 0.05, 0.07, 0.05, 0.01, 0.17, robot_mode, normal, 
01/06/2022 11:51:27:949, robot_pos, 1654080565618, 512.24, 260.5, 236.71, 2.28, -0.01, 3.07, circuit_pos, 512.04, 260.29, 238.03, 2.28, -0.01, 3.07, tool_force, 0.3, 1.36, 0.93, actual_rep, 1, curr_step, 97, track_size, 99, robot_vel, 0.13, joints_pos, 38.12, 43.98, -16.38, -89.79, 18.27, 45.01, 63.28, tool_torque, 0.252, -0.229, 0.209, joint_torque, 0.18, 0.59, -0.01, 0.08, 0.05, -0.01, 0.17, robot_mode, normal, 
01/06/2022 11:51:28:087, robot_pos, 1654080565768, 512.24, 260.5, 236.71, 2.28, -0.01, 3.07, circuit_pos, 512.04, 260.29, 238.03, 2.28, -0.01, 3.07, tool_force, 0.14, 1.41, 1.04, actual_rep, 1, curr_step, 95, track_size, 99, robot_vel, 0.07, joints_pos, 38.12, 43.98, -16.38, -89.79, 18.26, 45.01, 63.28, tool_torque, 0.246, -0.185, 0.187, joint_torque, 0.11, 0.63, -0.04, 0.06, 0.06, 0.0, 0.15, robot_mode, normal, 
01/06/2022 11:51:28:261, robot_pos, 1654080565915, 512.24, 260.5, 236.71, 2.28, -0.01, 3.07, circuit_pos, 512.03, 260.29, 238.03, 2.28, -0.01, 3.07, tool_force, 0.11, 1.37, 1.0, actual_rep, 1, curr_step, 92, track_size, 99, robot_vel, 0.01, joints_pos, 38.12, 43.98, -16.38, -89.79, 18.26, 45.01, 63.28, tool_torque, 0.239, -0.173, 0.178, joint_torque, 0.11, 0.6, -0.04, 0.07, 0.06, 0.0, 0.14, robot_mode, normal, 
01/06/2022 11:51:28:367, robot_pos, 1654080566060, 512.24, 260.5, 236.71, 2.28, -0.01, 3.07, circuit_pos, 512.03, 260.28, 238.03, 2.28, -0.01, 3.07, tool_force, 0.15, 1.38, 1.0, actual_rep, 1, curr_step, 90, track_size, 99, robot_vel, 0.04, joints_pos, 38.12, 43.98, -16.38, -89.79, 18.26, 45.01, 63.28, tool_torque, 0.24, -0.184, 0.18, joint_torque, 0.13, 0.61, -0.03, 0.08, 0.06, -0.01, 0.14, robot_mode, normal, 
01/06/2022 11:51:28:516, robot_pos, 1654080566209, 511.95, 260.63, 236.7, 2.28, -0.01, 3.07, circuit_pos, 512.03, 260.28, 238.04, 2.28, -0.02, 3.07, tool_force, 0.41, 1.25, 0.85, actual_rep, 1, curr_step, 87, track_size, 99, robot_vel, 1.63, joints_pos, 38.05, 43.98, -16.32, -89.77, 18.48, 45.17, 63.17, tool_torque, 0.211, -0.487, 0.309, joint_torque, 0.22, 0.66, -0.15, 0.04, 0.0, -0.13, 0.28, robot_mode, normal, 
01/06/2022 11:51:28:668, robot_pos, 1654080566357, 512.2, 260.34, 236.66, 2.28, -0.02, 3.07, circuit_pos, 512.03, 260.28, 238.07, 2.28, -0.01, 3.07, tool_force, 0.72, 1.19, 1.11, actual_rep, 1, curr_step, 85, track_size, 99, robot_vel, 7.05, joints_pos, 37.9, 43.99, -16.28, -89.76, 18.91, 45.24, 62.75, tool_torque, 0.214, -0.483, 0.376, joint_torque, 0.09, 0.64, -0.21, -0.02, 0.02, -0.12, 0.34, robot_mode, normal, 
01/06/2022 11:51:28:815, robot_pos, 1654080566507, 512.3, 260.21, 236.67, 2.28, -0.01, 3.07, circuit_pos, 511.9, 260.12, 238.24, 2.28, -0.01, 3.07, tool_force, -1.03, 1.28, 1.23, actual_rep, 1, curr_step, 82, track_size, 99, robot_vel, 5.57, joints_pos, 38.1, 43.99, -16.41, -89.79, 18.29, 45.04, 63.18, tool_torque, 0.098, 0.273, -0.013, joint_torque, -0.39, 0.7, -0.03, 0.06, 0.08, 0.0, 0.0, robot_mode, normal, 
01/06/2022 11:51:28:972, robot_pos, 1654080566655, 512.21, 260.34, 237.04, 2.28, -0.01, 3.07, circuit_pos, 511.89, 260.11, 238.57, 2.28, -0.01, 3.06, tool_force, 0.15, 1.77, 1.26, actual_rep, 1, curr_step, 80, track_size, 99, robot_vel, 4.61, joints_pos, 38.12, 43.93, -16.4, -89.83, 18.27, 44.9, 63.28, tool_torque, 0.292, -0.029, 0.142, joint_torque, 0.1, 0.86, 0.14, 0.02, 0.05, 0.07, 0.15, robot_mode, normal, 
01/06/2022 11:51:29:127, robot_pos, 1654080566810, 511.77, 260.15, 237.08, 2.28, -0.01, 3.06, circuit_pos, 511.63, 259.88, 237.94, 2.28, -0.02, 3.07, tool_force, 0.17, 1.42, 0.35, actual_rep, 1, curr_step, 77, track_size, 99, robot_vel, 8.84, joints_pos, 38.06, 43.78, -16.31, -90.1, 18.5, 44.5, 63.05, tool_torque, 0.302, -0.38, 0.34, joint_torque, -0.02, 0.29, -0.26, 0.23, 0.02, -0.07, 0.31, robot_mode, normal, 
01/06/2022 11:51:29:306, robot_pos, 1654080566954, 511.81, 260.24, 236.75, 2.28, -0.01, 3.07, circuit_pos, 511.58, 259.94, 237.93, 2.28, -0.02, 3.07, tool_force, -0.25, 1.59, 2.22, actual_rep, 1, curr_step, 75, track_size, 99, robot_vel, 5.42, joints_pos, 38.05, 43.95, -16.32, -89.82, 18.3, 45.13, 63.25, tool_torque, 0.11, -0.199, 0.161, joint_torque, 0.03, 0.87, -0.02, 0.0, 0.03, -0.15, 0.14, robot_mode, normal, 
01/06/2022 11:51:29:463, robot_pos, 1654080567113, 512.02, 260.21, 236.73, 2.28, -0.02, 3.07, circuit_pos, 511.3, 260.41, 238.2, 2.28, -0.02, 3.06, tool_force, 0.52, 1.16, 0.94, actual_rep, 1, curr_step, 72, track_size, 99, robot_vel, 1.79, joints_pos, 37.9, 43.95, -16.27, -89.82, 18.91, 45.17, 62.74, tool_torque, 0.345, -0.432, 0.362, joint_torque, 0.17, 0.69, -0.12, -0.02, 0.01, 0.01, 0.33, robot_mode, normal, 
01/06/2022 11:51:29:608, robot_pos, 1654080567256, 511.3, 260.65, 236.79, 2.28, -0.02, 3.06, circuit_pos, 509.53, 260.03, 238.04, 2.28, -0.02, 3.06, tool_force, 1.23, 1.96, 0.51, actual_rep, 1, curr_step, 70, track_size, 99, robot_vel, 9.95, joints_pos, 37.93, 43.79, -16.19, -90.12, 19.12, 44.62, 62.59, tool_torque, 0.482, -0.499, 0.41, joint_torque, 0.29, 0.53, -0.09, 0.17, 0.0, 0.01, 0.38, robot_mode, normal, 
01/06/2022 11:51:29:727, robot_pos, 1654080567406, 509.26, 259.76, 236.39, 2.28, -0.02, 3.06, circuit_pos, 504.74, 257.03, 237.39, 2.29, -0.02, 3.06, tool_force, 0.36, 2.57, 1.16, actual_rep, 1, curr_step, 67, track_size, 99, robot_vel, 11.9, joints_pos, 38.01, 43.63, -16.23, -90.52, 19.12, 44.51, 62.59, tool_torque, 0.488, -0.274, 0.331, joint_torque, 0.19, 0.86, 0.11, 0.22, 0.01, 0.04, 0.35, robot_mode, normal, 
01/06/2022 11:51:29:888, robot_pos, 1654080567556, 504.6, 257.04, 236.48, 2.29, -0.02, 3.06, circuit_pos, 497.75, 251.1, 238.0, 2.29, -0.02, 3.06, tool_force, -0.12, 2.2, 0.77, actual_rep, 1, curr_step, 64, track_size, 99, robot_vel, 32.41, joints_pos, 38.1, 43.03, -16.24, -91.65, 19.13, 43.97, 61.96, tool_torque, 0.475, -0.106, 0.365, joint_torque, -0.48, 0.97, -0.17, 0.19, -0.02, 0.05, 0.45, robot_mode, normal, 
01/06/2022 11:51:30:029, robot_pos, 1654080567704, 497.79, 251.23, 236.87, 2.29, -0.02, 3.06, circuit_pos, 492.39, 245.1, 239.19, 2.3, -0.03, 3.05, tool_force, 0.56, 1.49, 0.54, actual_rep, 1, curr_step, 62, track_size, 99, robot_vel, 67.57, joints_pos, 38.05, 42.05, -16.26, -93.45, 19.34, 42.91, 61.14, tool_torque, 0.45, -0.352, 0.418, joint_torque, 0.06, -0.13, -0.11, 0.07, -0.02, 0.14, 0.47, robot_mode, normal, 
01/06/2022 11:51:30:183, robot_pos, 1654080567852, 493.06, 244.94, 237.18, 2.3, -0.03, 3.06, circuit_pos, 486.23, 237.14, 239.56, 2.31, -0.03, 3.05, tool_force, 0.48, 2.42, 0.73, actual_rep, 1, curr_step, 60, track_size, 99, robot_vel, 49.35, joints_pos, 37.69, 41.28, -16.27, -94.88, 20.14, 42.43, 59.28, tool_torque, 0.665, -0.369, 0.452, joint_torque, -0.05, 0.81, -0.18, 0.34, -0.02, 0.15, 0.46, robot_mode, normal, 
01/06/2022 11:51:30:331, robot_pos, 1654080568002, 485.7, 236.68, 238.49, 2.31, -0.03, 3.05, circuit_pos, 480.57, 228.14, 239.39, 2.32, -0.04, 3.06, tool_force, 0.08, 1.65, 0.6, actual_rep, 1, curr_step, 58, track_size, 99, robot_vel, 77.4, joints_pos, 37.37, 40.08, -16.27, -96.91, 20.65, 41.46, 57.65, tool_torque, 0.55, -0.433, 0.477, joint_torque, -0.1, 0.02, -0.32, 0.17, -0.01, 0.07, 0.5, robot_mode, normal, 
01/06/2022 11:51:30:481, robot_pos, 1654080568150, 482.07, 229.24, 237.85, 2.32, -0.04, 3.06, circuit_pos, 477.68, 222.3, 238.92, 2.33, -0.04, 3.06, tool_force, 0.18, 1.81, 1.33, actual_rep, 1, curr_step, 57, track_size, 99, robot_vel, 47.71, joints_pos, 36.9, 39.7, -16.39, -97.75, 20.89, 41.97, 56.39, tool_torque, 0.349, -0.354, 0.423, joint_torque, -0.23, 0.43, -0.21, 0.21, -0.03, -0.11, 0.49, robot_mode, normal, 
01/06/2022 11:51:30:665, robot_pos, 1654080568301, 477.74, 220.8, 237.68, 2.33, -0.04, 3.06, circuit_pos, 474.04, 212.37, 237.73, 2.34, -0.05, 3.07, tool_force, 0.21, 1.44, 0.29, actual_rep, 1, curr_step, 55, track_size, 99, robot_vel, 66.45, joints_pos, 36.29, 38.96, -16.33, -99.18, 21.27, 41.66, 54.44, tool_torque, 0.477, -0.593, 0.475, joint_torque, 0.13, 0.37, -0.15, 0.32, -0.03, -0.09, 0.47, robot_mode, normal, 
01/06/2022 11:51:30:789, robot_pos, 1654080568448, 475.12, 212.29, 236.51, 2.34, -0.05, 3.07, circuit_pos, 472.65, 206.71, 236.9, 2.35, -0.05, 3.07, tool_force, -0.44, 2.01, 1.48, actual_rep, 1, curr_step, 54, track_size, 99, robot_vel, 72.95, joints_pos, 35.67, 38.69, -16.47, -99.98, 21.54, 41.74, 52.85, tool_torque, 0.39, -0.185, 0.395, joint_torque, -0.56, 0.63, -0.42, 0.3, -0.05, -0.1, 0.47, robot_mode, normal, 
01/06/2022 11:51:30:938, robot_pos, 1654080568598, 472.83, 204.48, 235.6, 2.35, -0.05, 3.08, circuit_pos, 472.12, 194.89, 235.39, 2.36, -0.06, 3.08, tool_force, 0.23, 2.31, 1.01, actual_rep, 1, curr_step, 52, track_size, 99, robot_vel, 55.9, joints_pos, 34.93, 38.38, -16.44, -100.74, 21.87, 41.82, 51.3, tool_torque, 0.518, -0.477, 0.441, joint_torque, -0.05, 0.77, -0.24, 0.24, -0.04, -0.14, 0.46, robot_mode, normal, 
01/06/2022 11:51:31:083, robot_pos, 1654080568745, 473.1, 195.53, 234.34, 2.36, -0.06, 3.08, circuit_pos, 472.86, 188.82, 234.79, 2.36, -0.06, 3.08, tool_force, 1.59, 3.1, 1.44, actual_rep, 1, curr_step, 51, track_size, 99, robot_vel, 55.78, joints_pos, 34.05, 38.34, -16.52, -101.1, 22.01, 42.12, 49.66, tool_torque, 0.671, -0.613, 0.448, joint_torque, 0.56, 0.87, 0.25, 0.19, -0.03, -0.04, 0.46, robot_mode, normal, 
01/06/2022 11:51:31:236, robot_pos, 1654080568894, 473.5, 187.57, 233.84, 2.36, -0.06, 3.08, circuit_pos, 475.44, 178.11, 233.97, 2.37, -0.06, 3.08, tool_force, -1.07, 2.46, 1.0, actual_rep, 1, curr_step, 49, track_size, 99, robot_vel, 65.52, joints_pos, 33.14, 38.14, -16.46, -101.58, 22.27, 41.9, 48.26, tool_torque, 0.684, -0.268, 0.432, joint_torque, -0.25, 0.82, -0.37, 0.33, -0.03, 0.02, 0.43, robot_mode, normal, 
01/06/2022 11:51:31:387, robot_pos, 1654080569042, 475.75, 177.43, 232.97, 2.37, -0.06, 3.08, circuit_pos, 478.97, 167.29, 233.08, 2.37, -0.06, 3.08, tool_force, -0.73, 2.23, 1.07, actual_rep, 1, curr_step, 47, track_size, 99, robot_vel, 81.25, joints_pos, 32.23, 38.16, -16.7, -101.78, 22.31, 41.89, 46.75, tool_torque, 0.54, -0.194, 0.378, joint_torque, -0.02, 0.64, -0.05, 0.24, -0.01, 0.04, 0.41, robot_mode, normal, 
01/06/2022 11:51:31:537, robot_pos, 1654080569193, 478.8, 167.19, 232.01, 2.37, -0.06, 3.08, circuit_pos, 480.96, 161.51, 232.39, 2.37, -0.06, 3.08, tool_force, -0.12, 2.11, 0.66, actual_rep, 1, curr_step, 46, track_size, 99, robot_vel, 73.17, joints_pos, 31.02, 38.24, -16.76, -101.87, 22.54, 41.86, 45.27, tool_torque, 0.543, -0.193, 0.367, joint_torque, -0.01, 0.62, -0.01, 0.25, -0.02, 0.02, 0.42, robot_mode, normal, 
01/06/2022 11:51:31:692, robot_pos, 1654080569341, 482.12, 156.73, 230.67, 2.37, -0.06, 3.09, circuit_pos, 485.37, 150.81, 230.98, 2.37, -0.06, 3.09, tool_force, 0.47, 1.53, 1.54, actual_rep, 1, curr_step, 44, track_size, 99, robot_vel, 72.98, joints_pos, 29.82, 38.46, -16.8, -101.75, 22.45, 42.15, 44.07, tool_torque, 0.347, -0.414, 0.387, joint_torque, 0.47, 0.66, 0.29, -0.03, 0.05, -0.12, 0.41, robot_mode, normal, 
01/06/2022 11:51:31:838, robot_pos, 1654080569492, 487.29, 146.79, 229.51, 2.37, -0.06, 3.09, circuit_pos, 491.33, 140.66, 229.82, 2.38, -0.06, 3.09, tool_force, 1.19, 1.19, 1.3, actual_rep, 1, curr_step, 42, track_size, 99, robot_vel, 81.85, joints_pos, 28.59, 38.83, -16.81, -101.29, 22.21, 42.45, 43.07, tool_torque, 0.264, -0.439, 0.394, joint_torque, 0.23, 0.68, 0.01, -0.06, 0.04, -0.19, 0.41, robot_mode, normal, 
01/06/2022 11:51:31:987, robot_pos, 1654080569638, 492.71, 137.9, 228.54, 2.38, -0.06, 3.09, circuit_pos, 497.75, 131.87, 229.05, 2.38, -0.06, 3.1, tool_force, 1.44, 1.41, 1.33, actual_rep, 1, curr_step, 40, track_size, 99, robot_vel, 67.01, joints_pos, 27.4, 39.28, -16.78, -100.62, 22.01, 43.01, 41.66, tool_torque, 0.264, -0.497, 0.396, joint_torque, 0.34, 0.69, 0.09, -0.02, 0.08, -0.25, 0.38, robot_mode, normal, 
01/06/2022 11:51:32:139, robot_pos, 1654080569789, 498.9, 131.1, 227.61, 2.38, -0.06, 3.1, circuit_pos, 504.91, 123.84, 228.4, 2.37, -0.06, 3.1, tool_force, -0.24, 1.13, 1.66, actual_rep, 1, curr_step, 38, track_size, 99, robot_vel, 50.96, joints_pos, 26.31, 39.86, -16.62, -99.69, 21.68, 43.7, 41.16, tool_torque, 0.41, -0.589, 0.428, joint_torque, 0.54, 0.78, 0.08, -0.11, 0.02, -0.22, 0.39, robot_mode, normal, 
01/06/2022 11:51:32:287, robot_pos, 1654080569935, 503.42, 125.64, 227.29, 2.37, -0.06, 3.1, circuit_pos, 508.92, 119.92, 228.16, 2.37, -0.06, 3.1, tool_force, -0.14, 1.09, 1.11, actual_rep, 1, curr_step, 37, track_size, 99, robot_vel, 46.04, joints_pos, 25.48, 40.2, -16.55, -99.06, 21.67, 44.1, 40.89, tool_torque, 0.298, -0.353, 0.334, joint_torque, -0.11, 0.84, -0.3, -0.11, 0.02, -0.17, 0.3, robot_mode, normal, 
01/06/2022 11:51:32:438, robot_pos, 1654080570085, 509.74, 119.27, 226.91, 2.37, -0.06, 3.1, circuit_pos, 515.6, 113.29, 226.81, 2.36, -0.05, 3.1, tool_force, -1.27, 0.98, 1.98, actual_rep, 1, curr_step, 35, track_size, 99, robot_vel, 64.06, joints_pos, 24.74, 40.7, -16.7, -98.22, 21.48, 44.33, 40.52, tool_torque, 0.162, -0.07, 0.316, joint_torque, -0.4, 1.07, -0.15, -0.08, 0.04, -0.14, 0.37, robot_mode, normal, 
01/06/2022 11:51:32:588, robot_pos, 1654080570233, 516.25, 112.6, 225.34, 2.36, -0.05, 3.1, circuit_pos, 520.85, 108.34, 224.48, 2.36, -0.05, 3.1, tool_force, 1.2, 1.05, 1.02, actual_rep, 1, curr_step, 33, track_size, 99, robot_vel, 50.57, joints_pos, 24.0, 41.31, -16.85, -97.42, 21.29, 44.14, 40.48, tool_torque, 0.261, -0.303, 0.224, joint_torque, 0.74, 0.39, 0.36, -0.04, 0.06, -0.04, 0.2, robot_mode, normal, 
01/06/2022 11:51:32:738, robot_pos, 1654080570382, 522.59, 107.77, 222.18, 2.36, -0.05, 3.1, circuit_pos, 529.43, 102.52, 220.2, 2.35, -0.04, 3.11, tool_force, -1.24, 1.8, 2.37, actual_rep, 1, curr_step, 30, track_size, 99, robot_vel, 41.93, joints_pos, 23.11, 42.11, -16.62, -96.48, 21.26, 44.21, 40.17, tool_torque, 0.462, -0.14, 0.231, joint_torque, 0.34, 1.33, -0.01, 0.01, 0.05, -0.02, 0.13, robot_mode, normal, 
01/06/2022 11:51:32:898, robot_pos, 1654080570530, 529.57, 103.27, 219.61, 2.35, -0.04, 3.11, circuit_pos, 541.87, 99.37, 215.93, 2.35, -0.02, 3.11, tool_force, -1.01, -0.17, 1.49, actual_rep, 1, curr_step, 27, track_size, 99, robot_vel, 67.24, joints_pos, 22.65, 43.04, -16.76, -95.22, 20.49, 44.52, 40.64, tool_torque, -0.126, 0.036, -0.059, joint_torque, -0.22, 0.52, -0.16, 0.05, 0.05, -0.17, -0.09, robot_mode, normal, 
01/06/2022 11:51:33:041, robot_pos, 1654080570681, 540.27, 100.89, 215.83, 2.35, -0.03, 3.11, circuit_pos, 547.94, 99.45, 214.4, 2.35, -0.02, 3.11, tool_force, -0.1, 0.69, 1.38, actual_rep, 1, curr_step, 26, track_size, 99, robot_vel, 77.68, joints_pos, 22.19, 44.34, -16.78, -93.45, 20.02, 44.54, 40.94, tool_torque, -0.027, -0.042, -0.051, joint_torque, -0.03, 0.69, -0.09, -0.09, 0.05, -0.15, -0.11, robot_mode, normal, 
01/06/2022 11:51:33:195, robot_pos, 1654080570829, 550.74, 100.3, 212.82, 2.35, -0.02, 3.11, circuit_pos, 561.73, 103.94, 210.6, 2.35, -0.01, 3.12, tool_force, 0.58, 0.64, 1.23, actual_rep, 1, curr_step, 23, track_size, 99, robot_vel, 79.13, joints_pos, 21.85, 45.62, -16.75, -91.53, 19.55, 44.77, 41.35, tool_torque, 0.061, -0.188, -0.012, joint_torque, 0.46, 0.57, 0.07, 0.19, 0.07, -0.14, -0.12, robot_mode, normal, 
01/06/2022 11:51:33:347, robot_pos, 1654080570980, 559.74, 102.84, 210.28, 2.35, -0.01, 3.12, circuit_pos, 566.75, 106.83, 209.31, 2.35, -0.02, 3.12, tool_force, 0.77, -0.85, 0.85, actual_rep, 1, curr_step, 22, track_size, 99, robot_vel, 66.57, joints_pos, 21.76, 46.79, -16.65, -89.62, 18.99, 45.54, 42.18, tool_torque, -0.094, -0.371, -0.011, joint_torque, 0.46, -0.29, -0.12, 0.09, 0.07, -0.21, -0.13, robot_mode, normal, 
01/06/2022 11:51:33:496, robot_pos, 1654080571129, 566.02, 106.69, 208.67, 2.35, -0.01, 3.12, circuit_pos, 572.02, 110.24, 208.21, 2.35, -0.02, 3.12, tool_force, -1.43, 0.4, 2.74, actual_rep, 1, curr_step, 21, track_size, 99, robot_vel, 48.36, joints_pos, 21.78, 47.69, -16.47, -88.11, 18.66, 46.26, 42.9, tool_torque, -0.105, -0.051, -0.088, joint_torque, -0.29, 0.9, -0.3, -0.09, 0.02, -0.25, -0.15, robot_mode, normal, 
01/06/2022 11:51:33:650, robot_pos, 1654080571279, 576.41, 113.19, 206.56, 2.35, -0.02, 3.12, circuit_pos, 582.86, 118.76, 206.76, 2.35, -0.02, 3.13, tool_force, -0.27, 0.98, 1.59, actual_rep, 1, curr_step, 19, track_size, 99, robot_vel, 88.08, joints_pos, 21.72, 49.14, -16.22, -85.51, 18.89, 47.71, 43.4, tool_torque, 0.071, -0.275, -0.039, joint_torque, 0.26, 0.84, -0.15, -0.12, 0.01, -0.24, -0.16, robot_mode, normal, 
01/06/2022 11:51:33:833, robot_pos, 1654080571427, 585.66, 119.96, 205.38, 2.35, -0.02, 3.13, circuit_pos, 593.12, 127.86, 206.25, 2.35, -0.01, 3.13, tool_force, -0.69, 0.26, 1.64, actual_rep, 1, curr_step, 17, track_size, 99, robot_vel, 68.7, joints_pos, 22.06, 50.39, -16.26, -83.21, 18.17, 49.03, 44.73, tool_torque, -0.23, 0.069, -0.139, joint_torque, -0.22, 0.06, 0.0, 0.01, 0.05, -0.18, -0.14, robot_mode, normal, 
01/06/2022 11:51:33:952, robot_pos, 1654080571577, 592.76, 128.03, 205.13, 2.35, -0.01, 3.13, circuit_pos, 597.41, 132.91, 205.91, 2.34, -0.01, 3.14, tool_force, -0.83, 1.14, 2.08, actual_rep, 1, curr_step, 16, track_size, 99, robot_vel, 75.36, joints_pos, 22.48, 51.31, -16.2, -81.36, 17.8, 49.76, 45.96, tool_torque, -0.092, 0.087, -0.117, joint_torque, -0.13, 1.0, 0.06, 0.11, 0.07, -0.26, -0.15, robot_mode, normal, 
01/06/2022 11:51:34:096, robot_pos, 1654080571725, 598.98, 136.35, 204.5, 2.34, -0.01, 3.14, circuit_pos, 603.97, 146.3, 204.51, 2.33, -0.02, -3.13, tool_force, -1.25, -1.22, 0.47, actual_rep, 1, curr_step, 14, track_size, 99, robot_vel, 66.55, joints_pos, 22.98, 52.34, -16.23, -79.39, 17.47, 51.17, 47.52, tool_torque, -0.467, 0.13, -0.164, joint_torque, -0.67, -0.41, -0.25, 0.1, 0.02, -0.22, -0.13, robot_mode, normal, 
01/06/2022 11:51:34:251, robot_pos, 1654080571875, 603.25, 145.22, 203.23, 2.33, -0.02, -3.13, circuit_pos, 606.79, 153.9, 203.36, 2.32, -0.02, -3.13, tool_force, -2.26, 0.34, 2.21, actual_rep, 1, curr_step, 13, track_size, 99, robot_vel, 69.71, joints_pos, 23.51, 53.27, -16.25, -77.74, 17.48, 52.38, 48.92, tool_torque, -0.341, 0.409, -0.184, joint_torque, -1.19, 0.99, -0.24, -0.11, 0.02, -0.23, -0.13, robot_mode, normal, 
01/06/2022 11:51:34:405, robot_pos, 1654080572027, 607.38, 156.11, 201.95, 2.32, -0.02, -3.13, circuit_pos, 610.26, 162.17, 202.23, 2.31, -0.01, -3.13, tool_force, -0.63, 0.49, 1.01, actual_rep, 1, curr_step, 12, track_size, 99, robot_vel, 72.08, joints_pos, 24.2, 54.12, -16.13, -76.21, 17.06, 53.0, 51.05, tool_torque, -0.293, 0.077, -0.1, joint_torque, -0.56, 0.63, -0.26, 0.0, 0.07, -0.27, -0.12, robot_mode, normal, 
01/06/2022 11:51:34:553, robot_pos, 1654080572176, 611.19, 166.65, 200.62, 2.31, -0.01, -3.13, circuit_pos, 613.82, 173.02, 200.94, 2.3, 0.0, -3.13, tool_force, -0.51, 0.03, 0.39, actual_rep, 1, curr_step, 11, track_size, 99, robot_vel, 79.74, joints_pos, 24.98, 54.92, -16.14, -74.82, 16.62, 53.28, 53.08, tool_torque, -0.36, 0.13, -0.112, joint_torque, -0.71, 0.36, -0.26, -0.15, 0.07, -0.23, -0.11, robot_mode, normal, 
01/06/2022 11:51:34:705, robot_pos, 1654080572327, 614.32, 177.45, 199.55, 2.3, 0.0, -3.13, circuit_pos, 616.29, 182.76, 200.06, 2.3, 0.0, -3.14, tool_force, 0.02, 0.87, 1.61, actual_rep, 1, curr_step, 10, track_size, 99, robot_vel, 72.61, joints_pos, 25.7, 55.61, -16.07, -73.58, 16.38, 53.43, 54.56, tool_torque, -0.0070, -0.142, -0.046, joint_torque, 0.27, 0.77, 0.02, -0.05, 0.04, -0.16, -0.12, robot_mode, normal, 
01/06/2022 11:51:34:856, robot_pos, 1654080572474, 616.62, 187.67, 198.69, 2.3, 0.0, -3.14, circuit_pos, 618.07, 193.54, 199.34, 2.3, 0.0, 3.14, tool_force, -0.49, 0.21, 1.22, actual_rep, 1, curr_step, 9, track_size, 99, robot_vel, 69.99, joints_pos, 26.32, 56.18, -15.98, -72.52, 16.52, 53.56, 55.43, tool_torque, -0.109, -0.121, -0.052, joint_torque, -0.19, 0.67, -0.22, -0.11, 0.0, -0.2, -0.11, robot_mode, normal, 
01/06/2022 11:51:35:006, robot_pos, 1654080572622, 618.45, 198.32, 198.08, 2.3, 0.0, 3.14, circuit_pos, 619.33, 204.63, 198.88, 2.3, 0.01, 3.13, tool_force, -0.76, 0.45, 0.93, actual_rep, 1, curr_step, 8, track_size, 99, robot_vel, 78.3, joints_pos, 27.07, 56.7, -15.97, -71.57, 16.52, 53.54, 56.43, tool_torque, 0.041, 0.086, -0.09, joint_torque, -0.01, 0.68, 0.03, 0.0, 0.02, -0.03, -0.11, robot_mode, normal, 
01/06/2022 11:51:35:161, robot_pos, 1654080572770, 619.19, 209.07, 197.83, 2.3, 0.01, 3.13, circuit_pos, 619.92, 216.18, 198.76, 2.31, 0.0, 3.12, tool_force, -0.23, 0.65, 0.67, actual_rep, 1, curr_step, 7, track_size, 99, robot_vel, 72.23, joints_pos, 27.81, 57.08, -15.9, -70.82, 16.7, 53.44, 57.08, tool_torque, 0.054, -0.011, -0.038, joint_torque, -0.32, 0.53, -0.31, -0.1, -0.03, -0.05, -0.06, robot_mode, normal, 
01/06/2022 11:51:35:313, robot_pos, 1654080572920, 619.82, 219.35, 197.69, 2.31, 0.0, 3.12, circuit_pos, 619.98, 227.9, 199.03, 2.32, 0.0, 3.11, tool_force, -0.42, 0.75, 0.7, actual_rep, 1, curr_step, 6, track_size, 99, robot_vel, 68.12, joints_pos, 28.42, 57.45, -15.81, -70.06, 17.16, 53.48, 57.17, tool_torque, 0.056, -0.092, -0.011, joint_torque, -0.11, 0.53, -0.2, -0.1, -0.01, -0.09, -0.05, robot_mode, normal, 
01/06/2022 11:51:35:459, robot_pos, 1654080573067, 619.93, 229.93, 197.95, 2.32, 0.0, 3.11, circuit_pos, 619.55, 239.35, 199.74, 2.33, 0.0, 3.1, tool_force, -0.87, 0.79, 0.86, actual_rep, 1, curr_step, 5, track_size, 99, robot_vel, 80.28, joints_pos, 29.15, 57.76, -15.78, -69.37, 17.49, 53.45, 57.37, tool_torque, 0.081, -0.036, -0.034, joint_torque, 0.04, 0.56, -0.04, -0.03, 0.0, -0.03, -0.08, robot_mode, normal, 
01/06/2022 11:51:35:611, robot_pos, 1654080573217, 619.5, 240.41, 198.46, 2.33, 0.0, 3.1, circuit_pos, 618.61, 250.37, 200.73, 2.34, -0.01, 3.1, tool_force, -1.47, 0.41, 0.92, actual_rep, 1, curr_step, 4, track_size, 99, robot_vel, 75.12, joints_pos, 29.88, 58.01, -15.77, -68.74, 17.85, 53.49, 57.52, tool_torque, 0.0020, 0.047, -0.041, joint_torque, -0.18, 0.53, -0.15, -0.01, -0.01, -0.1, -0.08, robot_mode, normal, 
01/06/2022 11:51:35:761, robot_pos, 1654080573365, 618.81, 251.03, 199.29, 2.34, -0.01, 3.1, circuit_pos, 617.23, 260.65, 201.8, 2.34, -0.01, 3.09, tool_force, -0.8, 0.57, 1.07, actual_rep, 1, curr_step, 3, track_size, 99, robot_vel, 74.53, joints_pos, 30.59, 58.33, -15.76, -67.95, 18.31, 53.92, 57.8, tool_torque, -0.107, 0.091, -0.1, joint_torque, -0.66, 0.56, -0.3, -0.13, -0.05, -0.14, -0.09, robot_mode, normal, 
01/06/2022 11:51:35:911, robot_pos, 1654080573515, 617.51, 261.69, 200.31, 2.34, -0.01, 3.09, circuit_pos, 615.8, 269.32, 202.82, 2.35, -0.02, 3.08, tool_force, -0.27, 0.34, 0.78, actual_rep, 1, curr_step, 2, track_size, 99, robot_vel, 72.4, joints_pos, 31.34, 58.48, -15.75, -67.45, 18.73, 53.95, 58.16, tool_torque, -0.054, -0.158, 0.031, joint_torque, -0.07, 0.54, -0.16, -0.06, -0.02, -0.18, 0.01, robot_mode, normal, 
01/06/2022 11:51:36:065, robot_pos, 1654080573665, 615.64, 272.37, 201.44, 2.35, -0.02, 3.08, circuit_pos, 612.88, 280.93, 203.72, 2.36, -0.03, 3.07, tool_force, -0.47, 0.99, 0.9, actual_rep, 1, curr_step, 0, track_size, 99, robot_vel, 72.73, joints_pos, 31.92, 58.57, -15.57, -67.05, 19.78, 53.94, 57.75, tool_torque, 0.178, -0.195, 0.341, joint_torque, -0.43, 0.46, -0.36, -0.04, -0.04, -0.09, 0.36, robot_mode, normal, 
01/06/2022 11:51:36:212, robot_pos, 1654080573813, 614.52, 276.59, 202.05, 2.36, -0.03, 3.07, circuit_pos, 612.88, 280.93, 203.72, 2.36, -0.03, 3.07, tool_force, 0.2, 1.49, 0.73, actual_rep, 1, curr_step, 0, track_size, 99, robot_vel, 4.1, joints_pos, 32.3, 58.57, -15.77, -67.0, 20.36, 53.92, 57.38, tool_torque, 0.127, 0.013, 0.293, joint_torque, -0.34, 0.46, 0.09, 0.05, -0.02, -0.09, 0.39, robot_mode, normal, 
01/06/2022 11:51:36:361, robot_pos, 1654080573962, 614.39, 276.75, 202.15, 2.36, -0.03, 3.07, circuit_pos, 612.88, 280.93, 203.72, 2.36, -0.03, 3.07, tool_force, -0.62, 1.98, 1.32, actual_rep, 1, curr_step, 0, track_size, 99, robot_vel, 3.05, joints_pos, 32.35, 58.56, -15.86, -67.03, 20.63, 53.92, 57.19, tool_torque, 0.174, 0.104, 0.269, joint_torque, -0.28, 0.72, 0.24, 0.1, 0.01, -0.09, 0.37, robot_mode, normal, 
01/06/2022 11:51:36:518, robot_pos, 1654080574117, 614.41, 276.77, 202.15, 2.36, -0.03, 3.07, circuit_pos, 612.88, 280.93, 203.72, 2.36, -0.03, 3.07, tool_force, -0.55, 1.62, 1.01, actual_rep, 1, curr_step, 0, track_size, 99, robot_vel, 0.73, joints_pos, 32.35, 58.56, -15.86, -67.03, 20.63, 53.92, 57.18, tool_torque, 0.135, 0.028, 0.267, joint_torque, -0.25, 0.48, 0.12, 0.12, 0.01, -0.1, 0.35, robot_mode, normal, 
01/06/2022 11:51:36:666, robot_pos, 1654080574263, 614.42, 276.76, 202.16, 2.36, -0.03, 3.07, circuit_pos, 612.88, 280.93, 203.72, 2.36, -0.03, 3.07, tool_force, -0.37, 1.57, 0.92, actual_rep, 1, curr_step, 0, track_size, 99, robot_vel, 0.03, joints_pos, 32.35, 58.56, -15.86, -67.03, 20.63, 53.92, 57.18, tool_torque, 0.139, -0.01, 0.278, joint_torque, -0.17, 0.44, 0.12, 0.12, 0.01, -0.1, 0.35, robot_mode, normal, 
01/06/2022 11:51:36:847, robot_pos, 1654080574415, 614.42, 276.76, 202.15, 2.36, -0.03, 3.07, circuit_pos, 612.88, 280.93, 203.72, 2.36, -0.03, 3.07, tool_force, -0.35, 1.65, 1.0, actual_rep, 1, curr_step, 0, track_size, 99, robot_vel, 0.03, joints_pos, 32.35, 58.56, -15.86, -67.03, 20.63, 53.92, 57.18, tool_torque, 0.149, -0.014, 0.278, joint_torque, -0.14, 0.5, 0.14, 0.12, 0.02, -0.1, 0.35, robot_mode, normal, 
01/06/2022 11:51:36:967, robot_pos, 1654080574561, 614.42, 276.76, 202.15, 2.36, -0.03, 3.07, circuit_pos, 612.88, 280.93, 203.72, 2.36, -0.03, 3.07, tool_force, -0.37, 1.62, 1.02, actual_rep, 1, curr_step, 0, track_size, 99, robot_vel, 0.07, joints_pos, 32.35, 58.56, -15.86, -67.03, 20.63, 53.92, 57.18, tool_torque, 0.143, -0.014, 0.278, joint_torque, -0.15, 0.49, 0.13, 0.11, 0.02, -0.1, 0.35, robot_mode, normal, 
01/06/2022 11:51:37:156, robot_pos, 1654080574715, 614.43, 276.76, 202.15, 2.36, -0.03, 3.07, circuit_pos, 615.8, 269.32, 202.82, 2.35, -0.02, 3.08, tool_force, -0.35, 1.56, 0.97, actual_rep, 2, curr_step, 2, track_size, 99, robot_vel, 0.02, joints_pos, 32.35, 58.57, -15.86, -67.03, 20.63, 53.92, 57.18, tool_torque, 0.134, -0.015, 0.276, joint_torque, -0.15, 0.47, 0.13, 0.12, 0.02, -0.11, 0.34, robot_mode, normal, 
01/06/2022 11:51:37:273, robot_pos, 1654080574860, 615.31, 272.57, 201.65, 2.35, -0.02, 3.08, circuit_pos, 617.23, 260.65, 201.8, 2.34, -0.01, 3.09, tool_force, -1.09, 1.32, 1.41, actual_rep, 2, curr_step, 3, track_size, 99, robot_vel, 39.95, joints_pos, 32.3, 58.6, -16.3, -67.15, 20.41, 54.03, 57.32, tool_torque, -0.037, 0.136, 0.092, joint_torque, -0.42, 0.64, 0.02, 0.15, 0.06, -0.21, 0.12, robot_mode, normal, 
01/06/2022 11:51:37:451, robot_pos, 1654080575012, 616.93, 262.08, 200.67, 2.34, -0.01, 3.09, circuit_pos, 618.61, 250.37, 200.73, 2.34, -0.01, 3.1, tool_force, 0.09, 1.63, 1.38, actual_rep, 2, curr_step, 4, track_size, 99, robot_vel, 72.37, joints_pos, 31.99, 58.54, -16.92, -67.61, 19.99, 54.04, 57.4, tool_torque, 0.076, -0.151, 0.072, joint_torque, 0.79, 0.37, 0.42, 0.29, 0.09, -0.16, 0.06, robot_mode, normal, 
01/06/2022 11:51:37:576, robot_pos, 1654080575161, 618.23, 251.44, 199.79, 2.34, -0.01, 3.1, circuit_pos, 619.55, 239.35, 199.74, 2.33, 0.0, 3.1, tool_force, 0.75, 1.99, 0.87, actual_rep, 2, curr_step, 5, track_size, 99, robot_vel, 72.66, joints_pos, 31.28, 58.39, -17.02, -68.1, 19.67, 54.11, 56.94, tool_torque, 0.18, -0.189, 0.369, joint_torque, 0.15, 0.45, 0.09, 0.18, 0.07, -0.15, 0.4, robot_mode, normal, 
01/06/2022 11:51:37:756, robot_pos, 1654080575309, 619.42, 241.06, 198.85, 2.33, 0.0, 3.1, circuit_pos, 619.98, 227.9, 199.03, 2.32, 0.0, 3.11, tool_force, 0.09, 2.66, 1.33, actual_rep, 2, curr_step, 6, track_size, 99, robot_vel, 67.89, joints_pos, 30.54, 58.14, -16.96, -68.78, 19.12, 53.66, 56.82, tool_torque, 0.494, -0.198, 0.425, joint_torque, 0.04, 0.71, -0.17, 0.22, 0.07, 0.01, 0.4, robot_mode, normal, 
01/06/2022 11:51:37:873, robot_pos, 1654080575456, 619.8, 230.48, 198.2, 2.32, 0.0, 3.11, circuit_pos, 619.92, 216.18, 198.76, 2.31, 0.0, 3.12, tool_force, 0.93, 2.79, 1.33, actual_rep, 2, curr_step, 7, track_size, 99, robot_vel, 67.31, joints_pos, 29.8, 57.87, -16.94, -69.44, 18.77, 53.57, 56.63, tool_torque, 0.509, -0.356, 0.472, joint_torque, 0.61, 0.74, 0.07, 0.25, 0.08, -0.02, 0.43, robot_mode, normal, 
01/06/2022 11:51:38:363, robot_pos, 1654080575754, 619.93, 209.49, 197.68, 2.3, 0.01, 3.13, circuit_pos, 618.07, 193.54, 199.34, 2.3, 0.0, 3.14, tool_force, -0.46, 2.07, 0.63, actual_rep, 2, curr_step, 9, track_size, 99, robot_vel, 72.88, joints_pos, 28.39, 57.28, -16.98, -70.75, 17.77, 53.5, 56.45, tool_torque, 0.345, -0.082, 0.244, joint_torque, 0.28, 0.62, 0.13, 0.2, 0.08, 0.01, 0.21, robot_mode, normal, 
01/06/2022 11:51:38:458, robot_pos, 1654080575903, 618.94, 199.01, 197.93, 2.3, 0.01, 3.14, circuit_pos, 616.29, 182.76, 200.06, 2.3, 0.0, -3.14, tool_force, 0.38, 2.06, 0.97, actual_rep, 2, curr_step, 10, track_size, 99, robot_vel, 67.77, joints_pos, 27.61, 56.88, -16.93, -71.5, 17.47, 53.65, 55.94, tool_torque, 0.395, -0.466, 0.476, joint_torque, 0.71, 0.68, 0.08, 0.18, 0.06, -0.11, 0.43, robot_mode, normal, 
01/06/2022 11:51:38:635, robot_pos, 1654080576050, 618.06, 188.54, 198.23, 2.3, 0.0, -3.14, circuit_pos, 616.29, 182.76, 200.06, 2.3, 0.0, -3.14, tool_force, 0.48, 2.34, 0.96, actual_rep, 2, curr_step, 10, track_size, 99, robot_vel, 72.73, joints_pos, 26.8, 56.49, -16.86, -72.25, 17.37, 53.71, 55.09, tool_torque, 0.426, -0.326, 0.494, joint_torque, -0.02, 0.69, -0.34, 0.16, 0.05, -0.04, 0.46, robot_mode, normal, 
01/06/2022 11:51:38:760, robot_pos, 1654080576200, 615.78, 178.1, 199.01, 2.3, 0.0, -3.13, circuit_pos, 613.82, 173.02, 200.94, 2.3, 0.0, -3.13, tool_force, -0.21, 2.09, 0.75, actual_rep, 2, curr_step, 11, track_size, 99, robot_vel, 73.32, joints_pos, 26.14, 55.9, -16.86, -73.32, 17.05, 53.59, 54.36, tool_torque, 0.491, -0.36, 0.501, joint_torque, 0.42, 0.42, -0.06, 0.3, 0.08, -0.02, 0.46, robot_mode, normal, 
01/06/2022 11:51:38:912, robot_pos, 1654080576348, 612.96, 168.08, 199.98, 2.3, 0.0, -3.13, circuit_pos, 610.26, 162.17, 202.23, 2.31, -0.01, -3.13, tool_force, 1.16, 2.59, 0.32, actual_rep, 2, curr_step, 12, track_size, 99, robot_vel, 68.5, joints_pos, 25.45, 55.28, -16.83, -74.39, 16.92, 53.51, 53.24, tool_torque, 0.604, -0.508, 0.527, joint_torque, 0.64, 0.64, -0.1, 0.06, 0.03, 0.02, 0.46, robot_mode, normal, 
01/06/2022 11:51:39:114, robot_pos, 1654080576498, 609.2, 157.33, 201.34, 2.31, -0.01, -3.13, circuit_pos, 603.97, 146.3, 204.51, 2.33, -0.02, -3.13, tool_force, 0.8, 2.4, 0.57, actual_rep, 2, curr_step, 14, track_size, 99, robot_vel, 77.31, joints_pos, 24.54, 54.46, -16.68, -75.8, 17.39, 53.31, 51.16, tool_torque, 0.577, -0.365, 0.481, joint_torque, 0.18, 0.21, -0.4, 0.47, -0.03, -0.01, 0.45, robot_mode, normal, 
01/06/2022 11:51:39:217, robot_pos, 1654080576647, 605.24, 146.97, 202.71, 2.33, -0.02, -3.13, circuit_pos, 601.01, 139.35, 205.37, 2.34, -0.02, -3.14, tool_force, -0.78, 2.24, 0.76, actual_rep, 2, curr_step, 15, track_size, 99, robot_vel, 75.8, joints_pos, 23.81, 53.65, -16.62, -77.17, 17.47, 52.86, 49.3, tool_torque, 0.577, -0.229, 0.462, joint_torque, -0.08, 0.92, -0.34, -0.04, -0.02, 0.05, 0.43, robot_mode, normal, 
01/06/2022 11:51:39:418, robot_pos, 1654080576799, 600.7, 136.95, 203.78, 2.34, -0.02, -3.14, circuit_pos, 597.41, 132.91, 205.91, 2.34, -0.01, 3.14, tool_force, 0.46, 2.97, 0.69, actual_rep, 2, curr_step, 16, track_size, 99, robot_vel, 71.87, joints_pos, 23.11, 52.64, -16.56, -79.03, 17.82, 51.46, 47.45, tool_torque, 0.713, -0.45, 0.49, joint_torque, 0.97, 0.81, 0.16, 0.14, 0.02, 0.06, 0.42, robot_mode, normal, 
01/06/2022 11:51:39:518, robot_pos, 1654080576945, 595.08, 130.4, 204.73, 2.35, -0.01, 3.14, circuit_pos, 588.4, 123.46, 206.41, 2.35, -0.01, 3.13, tool_force, 0.56, 2.75, 0.29, actual_rep, 2, curr_step, 18, track_size, 99, robot_vel, 79.36, joints_pos, 22.83, 51.64, -16.49, -80.87, 17.62, 50.04, 46.46, tool_torque, 0.698, -0.465, 0.476, joint_torque, 0.79, 0.84, 0.03, 0.14, 0.02, 0.06, 0.39, robot_mode, normal, 
01/06/2022 11:51:39:716, robot_pos, 1654080577096, 586.73, 122.19, 205.03, 2.35, -0.01, 3.13, circuit_pos, 577.4, 114.29, 207.37, 2.35, -0.02, 3.12, tool_force, -0.24, 2.07, 0.33, actual_rep, 2, curr_step, 20, track_size, 99, robot_vel, 81.94, joints_pos, 22.4, 50.53, -16.46, -83.05, 18.09, 49.0, 45.09, tool_torque, 0.584, -0.229, 0.42, joint_torque, -0.21, 0.57, -0.43, 0.32, -0.05, -0.01, 0.4, robot_mode, normal, 
01/06/2022 11:51:39:820, robot_pos, 1654080577244, 580.3, 116.69, 205.91, 2.35, -0.02, 3.13, circuit_pos, 572.02, 110.24, 208.21, 2.35, -0.02, 3.12, tool_force, -0.53, 2.44, 0.49, actual_rep, 2, curr_step, 21, track_size, 99, robot_vel, 53.69, joints_pos, 22.01, 49.68, -16.39, -84.63, 18.62, 48.36, 44.06, tool_torque, 0.742, -0.324, 0.475, joint_torque, 0.2, 1.03, -0.28, -0.16, -0.04, 0.11, 0.41, robot_mode, normal, 
01/06/2022 11:51:39:990, robot_pos, 1654080577393, 571.64, 110.32, 206.86, 2.35, -0.02, 3.12, circuit_pos, 566.75, 106.83, 209.31, 2.35, -0.02, 3.12, tool_force, 0.43, 0.89, 0.46, actual_rep, 2, curr_step, 22, track_size, 99, robot_vel, 77.23, joints_pos, 21.81, 48.5, -16.45, -86.83, 18.93, 47.11, 43.11, tool_torque, 0.495, -0.247, 0.395, joint_torque, 0.03, 0.31, -0.22, 0.08, -0.03, 0.06, 0.4, robot_mode, normal, 
01/06/2022 11:51:40:122, robot_pos, 1654080577540, 563.2, 104.93, 208.49, 2.35, -0.01, 3.12, circuit_pos, 556.83, 101.58, 211.93, 2.35, -0.01, 3.11, tool_force, -1.33, 3.4, 2.09, actual_rep, 2, curr_step, 24, track_size, 99, robot_vel, 73.06, joints_pos, 21.76, 47.34, -16.53, -88.88, 18.7, 45.89, 42.68, tool_torque, 0.542, 0.089, 0.298, joint_torque, 0.06, 1.34, 0.16, 0.15, 0.07, 0.04, 0.29, robot_mode, normal, 
01/06/2022 11:51:40:267, robot_pos, 1654080577692, 556.83, 102.43, 210.54, 2.35, -0.01, 3.12, circuit_pos, 547.94, 99.45, 214.4, 2.35, -0.02, 3.11, tool_force, 0.08, 1.73, 0.09, actual_rep, 2, curr_step, 26, track_size, 99, robot_vel, 44.45, joints_pos, 21.73, 46.41, -16.45, -90.31, 18.59, 45.23, 42.47, tool_torque, 0.642, -0.236, 0.382, joint_torque, 0.33, 0.87, -0.05, -0.07, 0.02, 0.11, 0.34, robot_mode, normal, 
01/06/2022 11:51:40:572, robot_pos, 1654080577990, 537.37, 100.51, 215.51, 2.35, -0.03, 3.11, circuit_pos, 529.43, 102.52, 220.2, 2.35, -0.04, 3.11, tool_force, -1.32, 2.7, 2.05, actual_rep, 2, curr_step, 30, track_size, 99, robot_vel, 66.47, joints_pos, 21.8, 43.97, -16.11, -94.05, 19.32, 44.32, 41.52, tool_torque, 0.514, -0.154, 0.311, joint_torque, 0.1, 1.18, 0.02, 0.21, -0.02, -0.1, 0.32, robot_mode, normal, 
01/06/2022 11:51:40:799, robot_pos, 1654080578138, 528.54, 103.24, 219.31, 2.35, -0.04, 3.11, circuit_pos, 520.85, 108.34, 224.48, 2.36, -0.05, 3.1, tool_force, -0.34, 0.77, 0.47, actual_rep, 2, curr_step, 33, track_size, 99, robot_vel, 63.01, joints_pos, 21.98, 42.73, -15.77, -95.62, 19.81, 44.05, 41.29, tool_torque, 0.39, -0.103, 0.327, joint_torque, -0.22, 0.48, -0.24, 0.06, -0.03, 0.04, 0.35, robot_mode, normal, 
01/06/2022 11:51:40:869, robot_pos, 1654080578288, 522.07, 107.41, 222.46, 2.36, -0.04, 3.1, circuit_pos, 515.6, 113.29, 226.81, 2.36, -0.05, 3.1, tool_force, -1.45, 1.29, 0.49, actual_rep, 2, curr_step, 35, track_size, 99, robot_vel, 50.14, joints_pos, 22.39, 41.81, -15.57, -96.69, 20.07, 43.86, 41.03, tool_torque, 0.351, -0.047, 0.323, joint_torque, -0.42, 0.58, -0.28, 0.2, -0.02, -0.06, 0.38, robot_mode, normal, 
01/06/2022 11:51:41:069, robot_pos, 1654080578436, 515.47, 113.52, 224.76, 2.36, -0.05, 3.1, circuit_pos, 508.92, 119.92, 228.16, 2.37, -0.06, 3.1, tool_force, -0.68, 1.03, 0.2, actual_rep, 2, curr_step, 37, track_size, 99, robot_vel, 57.5, joints_pos, 23.14, 41.05, -15.47, -97.66, 20.13, 43.67, 41.36, tool_torque, 0.197, -0.054, 0.047, joint_torque, 0.43, 0.05, 0.38, 0.18, 0.03, 0.0, 0.03, robot_mode, normal, 
01/06/2022 11:51:41:170, robot_pos, 1654080578587, 508.97, 120.68, 226.2, 2.37, -0.06, 3.1, circuit_pos, 504.91, 123.84, 228.4, 2.37, -0.06, 3.1, tool_force, -0.99, 1.08, 0.04, actual_rep, 2, curr_step, 38, track_size, 99, robot_vel, 50.75, joints_pos, 23.91, 40.51, -15.33, -98.4, 20.55, 43.98, 41.35, tool_torque, 0.155, 0.057, 0.062, joint_torque, -0.34, 0.56, -0.32, 0.3, -0.03, -0.04, 0.05, robot_mode, normal, 
01/06/2022 11:51:41:337, robot_pos, 1654080578735, 502.51, 126.55, 227.42, 2.38, -0.06, 3.1, circuit_pos, 497.75, 131.87, 229.05, 2.38, -0.06, 3.1, tool_force, -1.51, 1.68, 1.31, actual_rep, 2, curr_step, 40, track_size, 99, robot_vel, 86.54, joints_pos, 24.81, 39.95, -15.46, -99.25, 20.79, 43.85, 41.42, tool_torque, 0.085, 0.233, 0.049, joint_torque, -0.49, 0.73, -0.02, 0.38, -0.02, -0.12, 0.15, robot_mode, normal, 
01/06/2022 11:51:41:479, robot_pos, 1654080578889, 495.91, 135.31, 227.37, 2.38, -0.06, 3.1, circuit_pos, 491.33, 140.66, 229.82, 2.38, -0.06, 3.09, tool_force, -2.33, 1.3, 1.69, actual_rep, 2, curr_step, 42, track_size, 99, robot_vel, 67.03, joints_pos, 25.99, 39.51, -15.41, -100.09, 20.73, 43.24, 42.31, tool_torque, 0.132, 0.323, -0.076, joint_torque, -0.12, 0.72, 0.01, 0.22, 0.05, 0.06, -0.11, robot_mode, normal, 
01/06/2022 11:51:41:639, robot_pos, 1654080579038, 490.89, 142.71, 228.51, 2.38, -0.06, 3.09, circuit_pos, 485.37, 150.81, 230.98, 2.37, -0.06, 3.09, tool_force, -1.29, 0.9, 0.46, actual_rep, 2, curr_step, 44, track_size, 99, robot_vel, 61.4, joints_pos, 27.06, 39.0, -15.54, -100.87, 21.3, 42.47, 42.99, tool_torque, 0.103, 0.327, -0.142, joint_torque, -0.06, 0.3, 0.11, 0.31, -0.01, 0.1, -0.14, robot_mode, normal, 
01/06/2022 11:51:41:847, robot_pos, 1654080579188, 485.89, 152.4, 229.55, 2.37, -0.06, 3.09, circuit_pos, 483.04, 156.04, 231.64, 2.37, -0.06, 3.09, tool_force, -0.99, 1.96, 1.31, actual_rep, 2, curr_step, 45, track_size, 99, robot_vel, 68.62, joints_pos, 28.3, 38.66, -15.55, -101.27, 21.35, 42.28, 44.4, tool_torque, 0.149, 0.364, -0.128, joint_torque, -0.23, 0.53, -0.07, 0.27, -0.01, 0.1, -0.13, robot_mode, normal, 
01/06/2022 11:51:41:946, robot_pos, 1654080579339, 482.36, 160.81, 230.77, 2.37, -0.06, 3.08, circuit_pos, 478.97, 167.29, 233.08, 2.37, -0.06, 3.08, tool_force, -2.61, 2.07, 1.87, actual_rep, 2, curr_step, 47, track_size, 99, robot_vel, 54.38, joints_pos, 29.38, 38.39, -15.63, -101.54, 21.57, 41.93, 45.17, tool_torque, 0.216, 0.527, -0.142, joint_torque, -0.54, 0.94, -0.11, 0.46, -0.02, 0.08, -0.13, robot_mode, normal, 
01/06/2022 11:51:42:148, robot_pos, 1654080579488, 478.85, 170.75, 231.57, 2.37, -0.06, 3.08, circuit_pos, 475.44, 178.11, 233.97, 2.37, -0.06, 3.08, tool_force, -1.87, 1.14, 1.37, actual_rep, 2, curr_step, 49, track_size, 99, robot_vel, 75.83, joints_pos, 30.54, 38.24, -15.58, -101.66, 21.81, 41.73, 46.17, tool_torque, 0.069, 0.377, -0.123, joint_torque, -0.38, 0.53, -0.18, 0.18, 0.0, 0.07, -0.14, robot_mode, normal, 
01/06/2022 11:51:42:248, robot_pos, 1654080579638, 475.58, 181.26, 232.49, 2.37, -0.06, 3.08, circuit_pos, 472.86, 188.82, 234.79, 2.36, -0.06, 3.08, tool_force, -1.7, -0.09, 0.89, actual_rep, 2, curr_step, 51, track_size, 99, robot_vel, 72.48, joints_pos, 31.79, 38.17, -15.64, -101.61, 21.75, 41.71, 47.47, tool_torque, -0.105, 0.416, -0.149, joint_torque, -0.64, 0.48, -0.26, -0.07, 0.0, 0.05, -0.13, robot_mode, normal, 
01/06/2022 11:51:42:423, robot_pos, 1654080579788, 473.55, 189.86, 233.36, 2.36, -0.06, 3.08, circuit_pos, 472.12, 194.89, 235.39, 2.36, -0.06, 3.08, tool_force, -1.13, 0.95, 2.15, actual_rep, 2, curr_step, 52, track_size, 99, robot_vel, 57.74, joints_pos, 32.89, 38.18, -15.76, -101.42, 21.76, 41.72, 49.04, tool_torque, -0.018, 0.296, -0.123, joint_torque, -0.16, 0.73, 0.08, 0.04, 0.03, -0.01, -0.12, robot_mode, normal, 
01/06/2022 11:51:42:550, robot_pos, 1654080579934, 472.58, 197.44, 234.04, 2.36, -0.06, 3.08, circuit_pos, 472.65, 206.71, 236.9, 2.35, -0.05, 3.07, tool_force, -1.2, -0.03, 1.54, actual_rep, 2, curr_step, 54, track_size, 99, robot_vel, 66.71, joints_pos, 33.82, 38.3, -15.93, -101.09, 21.75, 41.89, 50.22, tool_torque, -0.28, 0.372, -0.17, joint_torque, -0.45, 0.82, 0.01, -0.1, 0.03, -0.12, -0.12, robot_mode, normal, 
01/06/2022 11:51:42:695, robot_pos, 1654080580085, 473.02, 205.73, 235.02, 2.35, -0.05, 3.07, circuit_pos, 474.04, 212.37, 237.73, 2.34, -0.05, 3.07, tool_force, -0.23, 0.8, 1.44, actual_rep, 2, curr_step, 55, track_size, 99, robot_vel, 62.33, joints_pos, 34.72, 38.4, -15.97, -100.7, 21.68, 41.38, 51.49, tool_torque, 0.0090, 0.281, -0.121, joint_torque, -0.08, 0.65, 0.15, -0.18, 0.06, 0.08, -0.13, robot_mode, normal, 
01/06/2022 11:51:42:851, robot_pos, 1654080580232, 474.4, 214.26, 236.54, 2.34, -0.05, 3.07, circuit_pos, 477.68, 222.3, 238.92, 2.33, -0.04, 3.06, tool_force, -1.38, -0.82, 1.28, actual_rep, 2, curr_step, 57, track_size, 99, robot_vel, 56.74, joints_pos, 35.49, 38.65, -15.99, -99.9, 21.53, 41.63, 53.06, tool_torque, -0.337, 0.3, -0.123, joint_torque, -0.56, 0.35, -0.23, -0.19, 0.04, -0.11, -0.11, robot_mode, normal, 
01/06/2022 11:51:42:982, robot_pos, 1654080580383, 477.75, 220.69, 237.03, 2.33, -0.04, 3.06, circuit_pos, 480.57, 228.14, 239.39, 2.32, -0.04, 3.06, tool_force, -2.53, 0.02, 1.42, actual_rep, 2, curr_step, 58, track_size, 99, robot_vel, 39.44, joints_pos, 36.13, 39.09, -16.15, -98.99, 21.3, 41.62, 54.34, tool_torque, -0.238, 0.641, -0.165, joint_torque, -1.16, 0.31, -0.44, -0.05, 0.04, -0.03, -0.1, robot_mode, normal, 
01/06/2022 11:51:43:238, robot_pos, 1654080580532, 481.45, 230.68, 237.89, 2.32, -0.04, 3.06, circuit_pos, 486.23, 237.14, 239.56, 2.31, -0.03, 3.05, tool_force, -0.72, -0.52, 1.03, actual_rep, 2, curr_step, 60, track_size, 99, robot_vel, 73.06, joints_pos, 36.8, 39.67, -16.08, -97.71, 21.03, 41.88, 56.26, tool_torque, -0.254, 0.205, -0.096, joint_torque, -0.56, 0.21, -0.3, -0.21, 0.05, -0.12, -0.1, robot_mode, normal, 
01/06/2022 11:51:43:286, robot_pos, 1654080580682, 486.16, 236.65, 237.99, 2.32, -0.03, 3.05, circuit_pos, 489.33, 241.33, 239.48, 2.31, -0.03, 3.05, tool_force, -1.92, -0.23, 1.0, actual_rep, 2, curr_step, 61, track_size, 99, robot_vel, 54.35, joints_pos, 37.25, 40.25, -16.21, -96.63, 20.91, 41.76, 57.23, tool_torque, -0.211, 0.495, -0.122, joint_torque, -0.95, 0.15, -0.4, -0.07, 0.04, -0.03, -0.08, robot_mode, normal, 
01/06/2022 11:51:43:509, robot_pos, 1654080580832, 491.87, 244.25, 237.61, 2.3, -0.03, 3.05, circuit_pos, 497.75, 251.1, 238.0, 2.29, -0.02, 3.06, tool_force, -1.96, -0.22, 1.42, actual_rep, 2, curr_step, 64, track_size, 99, robot_vel, 57.89, joints_pos, 37.65, 41.1, -16.26, -95.13, 20.67, 42.1, 58.81, tool_torque, -0.355, 0.53, -0.142, joint_torque, -1.09, 0.27, -0.41, -0.16, 0.07, -0.14, -0.09, robot_mode, normal, 
01/06/2022 11:51:43:588, robot_pos, 1654080580983, 498.56, 251.42, 236.64, 2.29, -0.02, 3.05, circuit_pos, 504.74, 257.03, 237.39, 2.29, -0.02, 3.06, tool_force, -1.53, -0.51, 1.12, actual_rep, 2, curr_step, 67, track_size, 99, robot_vel, 69.28, joints_pos, 38.02, 42.19, -16.36, -93.26, 19.91, 42.9, 60.52, tool_torque, -0.443, 0.529, -0.166, joint_torque, -1.05, 0.41, -0.35, -0.28, 0.07, -0.18, -0.1, robot_mode, normal, 
01/06/2022 11:51:43:780, robot_pos, 1654080581133, 505.94, 257.62, 235.69, 2.29, -0.02, 3.06, circuit_pos, 508.3, 259.25, 237.85, 2.28, -0.02, 3.06, tool_force, -0.86, 2.51, 3.31, actual_rep, 2, curr_step, 69, track_size, 99, robot_vel, 50.09, joints_pos, 38.13, 43.34, -16.41, -91.25, 19.54, 44.16, 61.7, tool_torque, 0.062, 0.209, -0.107, joint_torque, 0.06, 1.66, 0.39, 0.1, 0.07, -0.17, -0.11, robot_mode, normal, 
01/06/2022 11:51:43:889, robot_pos, 1654080581283, 509.41, 259.99, 236.81, 2.28, -0.02, 3.06, circuit_pos, 511.3, 260.41, 238.2, 2.28, -0.02, 3.06, tool_force, -0.07, -0.51, 0.36, actual_rep, 2, curr_step, 72, track_size, 99, robot_vel, 36.55, joints_pos, 38.12, 43.63, -16.42, -90.48, 19.53, 44.54, 62.18, tool_torque, -0.238, 0.025, -0.077, joint_torque, -0.05, 0.21, 0.02, -0.02, 0.05, -0.16, -0.11, robot_mode, normal, 
01/06/2022 11:51:44:061, robot_pos, 1654080581437, 511.26, 260.43, 236.7, 2.28, -0.02, 3.07, circuit_pos, 511.76, 260.09, 238.09, 2.28, -0.02, 3.07, tool_force, 0.17, 0.54, 1.16, actual_rep, 2, curr_step, 74, track_size, 99, robot_vel, 10.67, joints_pos, 38.11, 43.93, -16.48, -89.92, 19.14, 45.17, 62.55, tool_torque, -0.034, -0.047, -0.034, joint_torque, 0.27, 0.59, 0.17, -0.05, 0.05, -0.07, -0.06, robot_mode, normal, 
01/06/2022 11:51:44:192, robot_pos, 1654080581584, 511.28, 260.12, 236.52, 2.28, -0.02, 3.06, circuit_pos, 511.63, 259.88, 237.94, 2.28, -0.02, 3.07, tool_force, 0.59, 1.05, 0.44, actual_rep, 2, curr_step, 77, track_size, 99, robot_vel, 6.61, joints_pos, 38.01, 43.85, -16.39, -90.09, 19.3, 44.82, 62.4, tool_torque, 0.226, -0.415, 0.289, joint_torque, 0.19, 0.05, -0.2, 0.22, 0.02, -0.08, 0.24, robot_mode, normal, 
01/06/2022 11:51:44:365, robot_pos, 1654080581737, 511.92, 260.15, 236.65, 2.28, -0.02, 3.07, circuit_pos, 511.79, 260.02, 238.44, 2.28, -0.01, 3.07, tool_force, -0.34, 1.52, 1.99, actual_rep, 2, curr_step, 79, track_size, 99, robot_vel, 8.74, joints_pos, 38.02, 43.97, -16.42, -89.84, 18.99, 45.16, 62.62, tool_torque, 0.103, 0.0010, 0.02, joint_torque, -0.04, 1.0, -0.05, -0.02, 0.07, -0.09, -0.03, robot_mode, normal, 
01/06/2022 11:51:44:567, robot_pos, 1654080581886, 512.25, 260.21, 236.97, 2.28, -0.01, 3.07, circuit_pos, 511.9, 260.12, 238.24, 2.28, -0.01, 3.07, tool_force, -0.33, 1.06, 1.35, actual_rep, 2, curr_step, 82, track_size, 99, robot_vel, 3.98, joints_pos, 38.19, 43.93, -16.49, -89.86, 18.31, 44.85, 63.19, tool_torque, 0.096, 0.223, -0.069, joint_torque, -0.02, 0.64, 0.15, -0.04, 0.07, 0.05, -0.07, robot_mode, normal, 
01/06/2022 11:51:44:669, robot_pos, 1654080582037, 511.98, 260.31, 237.04, 2.28, -0.01, 3.06, circuit_pos, 512.03, 260.28, 238.07, 2.28, -0.01, 3.07, tool_force, 0.86, 1.54, 0.45, actual_rep, 2, curr_step, 85, track_size, 99, robot_vel, 2.77, joints_pos, 38.06, 43.84, -16.37, -90.0, 18.71, 44.66, 62.9, tool_torque, 0.336, -0.414, 0.334, joint_torque, 0.14, 0.51, -0.15, 0.13, 0.02, -0.04, 0.3, robot_mode, normal, 
01/06/2022 11:51:44:862, robot_pos, 1654080582185, 512.1, 260.42, 236.76, 2.28, -0.01, 3.07, circuit_pos, 512.03, 260.28, 238.04, 2.28, -0.02, 3.07, tool_force, -0.24, 1.22, 1.69, actual_rep, 2, curr_step, 87, track_size, 99, robot_vel, 4.78, joints_pos, 38.11, 43.98, -16.38, -89.78, 18.3, 45.12, 63.23, tool_torque, 0.054, -0.14, 0.058, joint_torque, 0.1, 0.77, -0.04, 0.04, 0.05, -0.15, 0.02, robot_mode, normal, 
01/06/2022 11:51:44:973, robot_pos, 1654080582336, 512.23, 260.43, 236.66, 2.28, -0.02, 3.07, circuit_pos, 512.03, 260.28, 238.03, 2.28, -0.01, 3.07, tool_force, 0.78, 0.66, 0.58, actual_rep, 2, curr_step, 90, track_size, 99, robot_vel, 3.14, joints_pos, 37.92, 44.0, -16.29, -89.74, 18.95, 45.25, 62.73, tool_torque, 0.168, -0.478, 0.385, joint_torque, -0.03, 0.36, -0.3, 0.0, 0.01, -0.12, 0.37, robot_mode, normal, 
01/06/2022 11:51:45:133, robot_pos, 1654080582487, 512.35, 260.25, 236.58, 2.28, -0.01, 3.07, circuit_pos, 512.03, 260.29, 238.03, 2.28, -0.01, 3.07, tool_force, -0.75, 1.54, 1.28, actual_rep, 2, curr_step, 92, track_size, 99, robot_vel, 2.64, joints_pos, 38.09, 44.0, -16.4, -89.78, 18.34, 45.02, 63.13, tool_torque, 0.153, 0.198, 0.021, joint_torque, -0.36, 0.84, -0.04, 0.04, 0.08, 0.0, 0.0, robot_mode, normal, 
01/06/2022 11:51:45:277, robot_pos, 1654080582636, 512.23, 260.49, 236.74, 2.28, -0.01, 3.07, circuit_pos, 512.04, 260.29, 238.03, 2.28, -0.01, 3.07, tool_force, -0.56, 1.24, 1.26, actual_rep, 2, curr_step, 95, track_size, 99, robot_vel, 3.39, joints_pos, 38.14, 43.98, -16.41, -89.79, 18.25, 45.01, 63.3, tool_torque, 0.13, 0.028, 0.1, joint_torque, -0.1, 0.6, 0.04, 0.08, 0.05, -0.03, 0.12, robot_mode, normal, 
01/06/2022 11:51:45:412, robot_pos, 1654080582786, 512.22, 260.54, 236.7, 2.28, -0.01, 3.07, circuit_pos, 512.04, 260.29, 238.03, 2.28, -0.01, 3.07, tool_force, 0.3, 1.4, 0.85, actual_rep, 2, curr_step, 98, track_size, 99, robot_vel, 1.64, joints_pos, 38.11, 43.98, -16.37, -89.79, 18.26, 45.0, 63.29, tool_torque, 0.271, -0.223, 0.208, joint_torque, 0.13, 0.54, -0.06, 0.09, 0.04, 0.01, 0.18, robot_mode, normal, 
01/06/2022 11:51:45:576, robot_pos, 1654080582941, 512.24, 260.5, 236.7, 2.28, -0.01, 3.07, circuit_pos, 512.04, 260.29, 238.03, 2.28, -0.01, 3.07, tool_force, 0.28, 1.41, 1.02, actual_rep, 2, curr_step, 97, track_size, 99, robot_vel, 0.13, joints_pos, 38.11, 43.98, -16.37, -89.79, 18.26, 45.0, 63.28, tool_torque, 0.256, -0.236, 0.213, joint_torque, 0.17, 0.62, -0.02, 0.06, 0.05, -0.01, 0.18, robot_mode, normal, 
01/06/2022 11:51:45:701, robot_pos, 1654080583091, 512.24, 260.5, 236.7, 2.28, -0.01, 3.07, circuit_pos, 512.04, 260.29, 238.03, 2.28, -0.01, 3.07, tool_force, 0.19, 1.4, 1.03, actual_rep, 2, curr_step, 94, track_size, 99, robot_vel, 0.02, joints_pos, 38.11, 43.98, -16.37, -89.79, 18.25, 45.0, 63.28, tool_torque, 0.245, -0.201, 0.198, joint_torque, 0.12, 0.62, -0.04, 0.07, 0.05, -0.01, 0.16, robot_mode, normal, 
01/06/2022 11:51:45:946, robot_pos, 1654080583241, 512.24, 260.5, 236.7, 2.28, -0.01, 3.07, circuit_pos, 512.03, 260.29, 238.03, 2.28, -0.01, 3.07, tool_force, 0.11, 1.39, 1.03, actual_rep, 2, curr_step, 92, track_size, 99, robot_vel, 0.07, joints_pos, 38.11, 43.98, -16.37, -89.79, 18.25, 45.0, 63.28, tool_torque, 0.238, -0.183, 0.187, joint_torque, 0.11, 0.61, -0.04, 0.07, 0.06, -0.01, 0.15, robot_mode, normal, 
01/06/2022 11:51:46:002, robot_pos, 1654080583391, 512.24, 260.5, 236.7, 2.28, -0.01, 3.07, circuit_pos, 512.03, 260.28, 238.03, 2.28, -0.02, 3.07, tool_force, 0.13, 1.39, 1.04, actual_rep, 2, curr_step, 89, track_size, 99, robot_vel, 0.03, joints_pos, 38.11, 43.98, -16.37, -89.79, 18.25, 45.0, 63.28, tool_torque, 0.233, -0.185, 0.184, joint_torque, 0.12, 0.62, -0.03, 0.07, 0.06, -0.02, 0.15, robot_mode, normal, 
01/06/2022 11:51:46:215, robot_pos, 1654080583544, 512.01, 260.79, 236.8, 2.28, -0.02, 3.07, circuit_pos, 512.03, 260.28, 238.04, 2.28, -0.02, 3.07, tool_force, 1.38, 1.14, 1.07, actual_rep, 2, curr_step, 87, track_size, 99, robot_vel, 4.5, joints_pos, 37.97, 43.98, -16.26, -89.75, 18.75, 45.22, 62.95, tool_torque, 0.256, -0.719, 0.4, joint_torque, 0.65, 0.57, -0.12, 0.07, 0.01, -0.14, 0.36, robot_mode, normal, 
01/06/2022 11:51:46:305, robot_pos, 1654080583690, 512.16, 260.48, 236.67, 2.28, -0.02, 3.07, circuit_pos, 512.03, 260.28, 238.07, 2.28, -0.01, 3.07, tool_force, 1.1, 1.38, 0.88, actual_rep, 2, curr_step, 85, track_size, 99, robot_vel, 4.58, joints_pos, 37.91, 43.99, -16.26, -89.75, 18.89, 45.24, 62.76, tool_torque, 0.274, -0.507, 0.352, joint_torque, 0.32, 0.56, -0.12, 0.07, 0.03, -0.09, 0.3, robot_mode, normal, 
01/06/2022 11:51:46:487, robot_pos, 1654080583842, 512.21, 260.36, 236.69, 2.28, -0.01, 3.07, circuit_pos, 511.9, 260.12, 238.24, 2.28, -0.01, 3.07, tool_force, -0.46, 1.29, 1.27, actual_rep, 2, curr_step, 82, track_size, 99, robot_vel, 5.15, joints_pos, 38.13, 43.99, -16.41, -89.79, 18.24, 45.03, 63.29, tool_torque, 0.132, 0.126, -0.0090, joint_torque, 0.04, 0.61, 0.15, 0.07, 0.07, 0.02, -0.02, robot_mode, normal, 
01/06/2022 11:51:46:610, robot_pos, 1654080583991, 512.5, 260.51, 237.11, 2.28, -0.01, 3.07, circuit_pos, 511.89, 260.11, 238.57, 2.28, -0.01, 3.06, tool_force, -0.2, 1.68, 1.09, actual_rep, 2, curr_step, 80, track_size, 99, robot_vel, 6.68, joints_pos, 38.11, 43.89, -16.37, -89.89, 18.36, 44.62, 63.21, tool_torque, 0.374, -0.107, 0.213, joint_torque, -0.07, 0.74, -0.04, 0.08, 0.01, 0.07, 0.23, robot_mode, normal, 
01/06/2022 11:51:46:789, robot_pos, 1654080584142, 511.58, 259.94, 237.19, 2.28, -0.01, 3.07, circuit_pos, 511.63, 259.88, 237.94, 2.28, -0.02, 3.07, tool_force, -0.03, 2.09, 1.64, actual_rep, 2, curr_step, 77, track_size, 99, robot_vel, 7.29, joints_pos, 38.06, 43.79, -16.33, -90.06, 18.42, 44.71, 63.06, tool_torque, 0.272, -0.326, 0.305, joint_torque, 0.17, 0.67, -0.02, 0.27, 0.07, -0.13, 0.27, robot_mode, normal, 
01/06/2022 11:51:46:987, robot_pos, 1654080584297, 511.84, 260.44, 236.65, 2.28, -0.01, 3.07, circuit_pos, 511.58, 259.94, 237.93, 2.28, -0.02, 3.07, tool_force, 1.08, 0.28, 0.79, actual_rep, 2, curr_step, 75, track_size, 99, robot_vel, 6.2, joints_pos, 38.0, 43.96, -16.27, -89.81, 18.54, 45.15, 63.11, tool_torque, 0.106, -0.585, 0.296, joint_torque, 0.4, 0.44, -0.08, -0.04, -0.01, -0.14, 0.26, robot_mode, normal, 
01/06/2022 11:51:47:089, robot_pos, 1654080584444, 512.0, 260.21, 236.72, 2.28, -0.02, 3.07, circuit_pos, 511.3, 260.41, 238.2, 2.28, -0.02, 3.06, tool_force, 0.38, 1.61, 1.26, actual_rep, 2, curr_step, 72, track_size, 99, robot_vel, 5.36, joints_pos, 37.89, 43.95, -16.26, -89.82, 18.91, 45.15, 62.74, tool_torque, 0.34, -0.502, 0.363, joint_torque, 0.41, 0.89, 0.05, 0.06, 0.03, -0.07, 0.32, robot_mode, normal, 
01/06/2022 11:51:47:290, robot_pos, 1654080584596, 511.09, 260.52, 236.75, 2.28, -0.02, 3.06, circuit_pos, 509.53, 260.03, 238.04, 2.28, -0.02, 3.06, tool_force, 0.77, 1.43, 0.59, actual_rep, 2, curr_step, 70, track_size, 99, robot_vel, 8.5, joints_pos, 37.93, 43.77, -16.2, -90.15, 19.13, 44.62, 62.59, tool_torque, 0.329, -0.417, 0.355, joint_torque, 0.03, 0.43, -0.18, 0.1, 0.0, -0.04, 0.34, robot_mode, normal, 
01/06/2022 11:51:47:395, robot_pos, 1654080584745, 509.4, 259.78, 236.39, 2.28, -0.02, 3.07, circuit_pos, 504.74, 257.03, 237.39, 2.29, -0.02, 3.06, tool_force, 0.16, 2.45, 1.92, actual_rep, 2, curr_step, 67, track_size, 99, robot_vel, 12.21, joints_pos, 38.03, 43.68, -16.27, -90.45, 19.06, 44.45, 62.62, tool_torque, 0.489, -0.104, 0.259, joint_torque, -0.07, 1.19, 0.02, 0.2, 0.03, 0.04, 0.28, robot_mode, normal, 
01/06/2022 11:51:47:572, robot_pos, 1654080584894, 504.61, 257.05, 236.49, 2.29, -0.02, 3.06, circuit_pos, 500.3, 253.4, 237.52, 2.29, -0.02, 3.06, tool_force, -0.23, 2.23, 0.33, actual_rep, 2, curr_step, 65, track_size, 99, robot_vel, 55.52, joints_pos, 38.06, 43.04, -16.22, -91.63, 19.18, 43.98, 61.85, tool_torque, 0.478, -0.135, 0.382, joint_torque, -0.6, 0.93, -0.4, 0.11, -0.02, 0.07, 0.44, robot_mode, normal, 
01/06/2022 11:51:47:698, robot_pos, 1654080585044, 497.89, 251.26, 236.78, 2.29, -0.02, 3.06, circuit_pos, 492.39, 245.1, 239.19, 2.3, -0.03, 3.05, tool_force, -0.01, 1.66, 0.92, actual_rep, 2, curr_step, 62, track_size, 99, robot_vel, 61.46, joints_pos, 38.04, 42.06, -16.25, -93.44, 19.35, 42.91, 61.12, tool_torque, 0.409, -0.249, 0.407, joint_torque, -0.25, -0.01, -0.26, 0.13, -0.02, 0.12, 0.46, robot_mode, normal, 
01/06/2022 11:51:47:842, robot_pos, 1654080585194, 493.25, 245.36, 237.19, 2.3, -0.03, 3.06, circuit_pos, 486.23, 237.14, 239.56, 2.31, -0.03, 3.05, tool_force, 0.06, 1.92, 0.55, actual_rep, 2, curr_step, 60, track_size, 99, robot_vel, 61.83, joints_pos, 37.72, 41.33, -16.28, -94.77, 20.1, 42.47, 59.42, tool_torque, 0.66, -0.359, 0.446, joint_torque, -0.08, 0.73, -0.17, 0.03, -0.02, 0.16, 0.46, robot_mode, normal, 
01/06/2022 11:51:47:999, robot_pos, 1654080585345, 485.83, 236.77, 238.41, 2.31, -0.03, 3.05, circuit_pos, 480.57, 228.14, 239.39, 2.32, -0.04, 3.06, tool_force, -0.49, 2.17, 1.03, actual_rep, 2, curr_step, 58, track_size, 99, robot_vel, 84.18, joints_pos, 37.37, 40.1, -16.28, -96.86, 20.64, 41.49, 57.69, tool_torque, 0.557, -0.306, 0.453, joint_torque, -0.3, 0.64, -0.32, 0.02, -0.01, 0.07, 0.49, robot_mode, normal, 
01/06/2022 11:51:48:118, robot_pos, 1654080585495, 482.09, 229.09, 237.86, 2.32, -0.04, 3.06, circuit_pos, 477.68, 222.3, 238.92, 2.33, -0.04, 3.06, tool_force, 0.53, 1.48, 0.67, actual_rep, 2, curr_step, 57, track_size, 99, robot_vel, 49.79, joints_pos, 36.87, 39.69, -16.38, -97.76, 20.88, 41.97, 56.37, tool_torque, 0.377, -0.413, 0.438, joint_torque, -0.01, 0.59, -0.09, 0.13, -0.02, -0.06, 0.49, robot_mode, normal, 
01/06/2022 11:51:48:404, robot_pos, 1654080585795, 475.06, 212.33, 236.51, 2.34, -0.05, 3.07, circuit_pos, 472.65, 206.71, 236.9, 2.35, -0.05, 3.07, tool_force, -0.56, 1.97, 1.5, actual_rep, 2, curr_step, 54, track_size, 99, robot_vel, 60.55, joints_pos, 35.66, 38.69, -16.45, -99.95, 21.53, 41.74, 52.84, tool_torque, 0.392, -0.185, 0.384, joint_torque, -0.51, 0.67, -0.34, 0.24, -0.04, -0.08, 0.46, robot_mode, normal, 
01/06/2022 11:51:48:605, robot_pos, 1654080585948, 472.76, 204.18, 235.56, 2.35, -0.05, 3.08, circuit_pos, 472.12, 194.89, 235.39, 2.36, -0.06, 3.08, tool_force, 0.09, 2.28, 1.09, actual_rep, 2, curr_step, 52, track_size, 99, robot_vel, 59.16, joints_pos, 34.9, 38.38, -16.43, -100.75, 21.88, 41.84, 51.28, tool_torque, 0.498, -0.46, 0.425, joint_torque, 0.01, 0.77, -0.14, 0.25, -0.03, -0.14, 0.44, robot_mode, normal, 
01/06/2022 11:51:48:705, robot_pos, 1654080586096, 473.14, 195.21, 234.31, 2.36, -0.06, 3.08, circuit_pos, 472.86, 188.82, 234.79, 2.36, -0.06, 3.08, tool_force, 1.01, 2.87, 1.29, actual_rep, 2, curr_step, 51, track_size, 99, robot_vel, 58.14, joints_pos, 34.01, 38.34, -16.51, -101.12, 22.02, 42.1, 49.57, tool_torque, 0.657, -0.528, 0.448, joint_torque, 0.75, 0.91, 0.39, 0.23, -0.02, -0.02, 0.45, robot_mode, normal, 
01/06/2022 11:51:48:908, robot_pos, 1654080586248, 473.57, 187.29, 233.81, 2.36, -0.06, 3.08, circuit_pos, 475.44, 178.11, 233.97, 2.37, -0.06, 3.08, tool_force, -1.02, 2.48, 1.08, actual_rep, 2, curr_step, 49, track_size, 99, robot_vel, 53.4, joints_pos, 33.11, 38.14, -16.44, -101.58, 22.26, 41.89, 48.23, tool_torque, 0.662, -0.298, 0.432, joint_torque, 0.05, 0.76, -0.1, 0.3, -0.02, 0.03, 0.42, robot_mode, normal, 
01/06/2022 11:51:49:010, robot_pos, 1654080586397, 475.87, 177.01, 232.94, 2.37, -0.06, 3.08, circuit_pos, 478.97, 167.29, 233.08, 2.37, -0.06, 3.08, tool_force, -0.01, 2.22, 0.8, actual_rep, 2, curr_step, 47, track_size, 99, robot_vel, 57.54, joints_pos, 32.15, 38.16, -16.69, -101.8, 22.33, 41.87, 46.67, tool_torque, 0.539, -0.282, 0.377, joint_torque, 0.05, 0.52, -0.08, 0.23, -0.02, 0.0, 0.4, robot_mode, normal, 
01/06/2022 11:51:49:199, robot_pos, 1654080586551, 479.04, 166.51, 231.97, 2.37, -0.06, 3.08, circuit_pos, 483.04, 156.04, 231.64, 2.37, -0.06, 3.09, tool_force, 0.04, 2.26, 0.89, actual_rep, 2, curr_step, 45, track_size, 99, robot_vel, 72.07, joints_pos, 30.95, 38.24, -16.75, -101.87, 22.55, 41.86, 45.18, tool_torque, 0.592, -0.282, 0.369, joint_torque, 0.17, 0.68, 0.06, 0.27, -0.03, -0.01, 0.41, robot_mode, normal, 
01/06/2022 11:51:49:311, robot_pos, 1654080586701, 482.23, 156.49, 230.59, 2.37, -0.06, 3.09, circuit_pos, 485.37, 150.81, 230.98, 2.37, -0.06, 3.09, tool_force, 1.31, 1.87, 1.34, actual_rep, 2, curr_step, 44, track_size, 99, robot_vel, 70.42, joints_pos, 29.78, 38.47, -16.79, -101.74, 22.42, 42.17, 44.08, tool_torque, 0.377, -0.466, 0.395, joint_torque, 0.44, 0.59, 0.15, -0.12, 0.05, -0.11, 0.4, robot_mode, normal, 
01/06/2022 11:51:49:471, robot_pos, 1654080586849, 487.39, 146.75, 229.54, 2.37, -0.06, 3.09, circuit_pos, 491.33, 140.66, 229.82, 2.38, -0.06, 3.09, tool_force, 1.41, 1.27, 1.04, actual_rep, 2, curr_step, 42, track_size, 99, robot_vel, 79.56, joints_pos, 28.6, 38.84, -16.81, -101.26, 22.19, 42.46, 43.08, tool_torque, 0.31, -0.424, 0.389, joint_torque, 0.05, 0.77, -0.09, -0.14, 0.01, -0.15, 0.41, robot_mode, normal, 
01/06/2022 11:51:49:626, robot_pos, 1654080586997, 492.83, 137.64, 228.56, 2.38, -0.06, 3.1, circuit_pos, 497.75, 131.87, 229.05, 2.38, -0.06, 3.1, tool_force, 1.36, 1.99, 1.93, actual_rep, 2, curr_step, 40, track_size, 99, robot_vel, 63.53, joints_pos, 27.39, 39.29, -16.82, -100.61, 22.02, 43.05, 41.64, tool_torque, 0.308, -0.449, 0.382, joint_torque, 0.3, 0.83, 0.04, -0.03, 0.07, -0.22, 0.38, robot_mode, normal, 
01/06/2022 11:51:49:779, robot_pos, 1654080587149, 499.11, 131.04, 227.56, 2.38, -0.06, 3.1, circuit_pos, 504.91, 123.84, 228.4, 2.37, -0.06, 3.1, tool_force, 0.31, 1.38, 1.59, actual_rep, 2, curr_step, 38, track_size, 99, robot_vel, 73.09, joints_pos, 26.27, 39.89, -16.62, -99.64, 21.73, 43.73, 41.08, tool_torque, 0.41, -0.614, 0.431, joint_torque, 0.59, 0.55, 0.1, -0.02, 0.02, -0.2, 0.39, robot_mode, normal, 
01/06/2022 11:51:49:926, robot_pos, 1654080587298, 504.51, 124.54, 227.29, 2.37, -0.06, 3.1, circuit_pos, 508.92, 119.92, 228.16, 2.37, -0.06, 3.1, tool_force, 0.18, 1.4, 1.25, actual_rep, 2, curr_step, 37, track_size, 99, robot_vel, 56.89, joints_pos, 25.39, 40.27, -16.63, -98.95, 21.68, 44.05, 40.78, tool_torque, 0.39, -0.467, 0.417, joint_torque, 0.35, 0.79, 0.01, -0.17, 0.03, -0.14, 0.39, robot_mode, normal, 
01/06/2022 11:51:50:082, robot_pos, 1654080587449, 511.77, 117.86, 226.43, 2.37, -0.05, 3.1, circuit_pos, 518.08, 110.8, 225.78, 2.36, -0.05, 3.1, tool_force, 1.35, 0.96, 0.09, actual_rep, 2, curr_step, 34, track_size, 99, robot_vel, 73.14, joints_pos, 24.56, 40.88, -16.71, -97.99, 21.37, 44.13, 40.44, tool_torque, 0.376, -0.442, 0.3, joint_torque, 0.63, 0.14, 0.1, -0.04, 0.05, 0.0, 0.22, robot_mode, normal, 
01/06/2022 11:51:50:230, robot_pos, 1654080587596, 519.21, 109.58, 224.49, 2.36, -0.05, 3.1, circuit_pos, 523.37, 106.24, 223.12, 2.35, -0.04, 3.1, tool_force, -0.02, 1.03, 0.32, actual_rep, 2, curr_step, 32, track_size, 99, robot_vel, 77.27, joints_pos, 23.65, 41.63, -16.91, -96.98, 21.33, 44.31, 40.13, tool_torque, 0.205, -0.247, 0.296, joint_torque, 0.04, 0.34, 0.04, 0.25, 0.04, -0.15, 0.32, robot_mode, normal, 
01/06/2022 11:51:50:381, robot_pos, 1654080587747, 524.45, 105.87, 221.11, 2.35, -0.04, 3.1, circuit_pos, 533.09, 100.96, 218.68, 2.35, -0.03, 3.11, tool_force, 1.49, -0.29, -0.25, actual_rep, 2, curr_step, 29, track_size, 99, robot_vel, 41.35, joints_pos, 22.97, 42.33, -16.69, -96.28, 21.07, 43.97, 40.47, tool_torque, 0.116, -0.356, 0.072, joint_torque, 0.61, -0.12, 0.03, -0.13, 0.07, -0.03, -0.04, robot_mode, normal, 
01/06/2022 11:51:50:531, robot_pos, 1654080587895, 532.04, 102.45, 218.39, 2.35, -0.03, 3.11, circuit_pos, 541.87, 99.37, 215.93, 2.35, -0.02, 3.11, tool_force, 0.5, 1.2, 1.06, actual_rep, 2, curr_step, 27, track_size, 99, robot_vel, 66.46, joints_pos, 22.53, 43.37, -16.77, -94.84, 20.39, 44.41, 40.77, tool_torque, 0.175, -0.17, -0.0080, joint_torque, 0.6, 0.46, 0.2, 0.17, 0.07, -0.07, -0.11, robot_mode, normal, 
01/06/2022 11:51:50:681, robot_pos, 1654080588045, 542.89, 100.66, 215.1, 2.35, -0.02, 3.11, circuit_pos, 547.94, 99.45, 214.4, 2.35, -0.02, 3.11, tool_force, -0.01, 0.69, 1.41, actual_rep, 2, curr_step, 26, track_size, 99, robot_vel, 74.36, joints_pos, 22.1, 44.67, -16.79, -92.91, 19.94, 44.67, 41.04, tool_torque, 0.044, -0.299, 0.0040, joint_torque, 0.64, 0.43, 0.19, 0.11, 0.07, -0.16, -0.1, robot_mode, normal, 
01/06/2022 11:51:50:825, robot_pos, 1654080588193, 553.1, 100.57, 212.27, 2.35, -0.01, 3.11, circuit_pos, 561.73, 103.94, 210.6, 2.35, -0.01, 3.12, tool_force, -0.24, 0.67, 0.71, actual_rep, 2, curr_step, 23, track_size, 99, robot_vel, 93.36, joints_pos, 21.82, 45.88, -16.74, -91.11, 19.42, 44.76, 41.54, tool_torque, 0.143, -0.137, -0.0070, joint_torque, 0.45, 0.53, 0.06, 0.0, 0.08, -0.04, -0.12, robot_mode, normal, 
01/06/2022 11:51:51:023, robot_pos, 1654080588343, 561.83, 103.99, 209.89, 2.35, -0.01, 3.12, circuit_pos, 566.75, 106.83, 209.31, 2.35, -0.02, 3.12, tool_force, -0.75, -0.29, 0.77, actual_rep, 2, curr_step, 22, track_size, 99, robot_vel, 59.44, joints_pos, 21.81, 47.08, -16.64, -89.13, 18.85, 45.75, 42.46, tool_torque, -0.11, -0.137, -0.034, joint_torque, -0.35, 0.61, -0.51, -0.21, 0.05, -0.21, -0.14, robot_mode, normal, 
01/06/2022 11:51:51:124, robot_pos, 1654080588490, 572.62, 110.01, 207.25, 2.35, -0.02, 3.12, circuit_pos, 577.4, 114.29, 207.37, 2.35, -0.02, 3.12, tool_force, -0.22, 0.52, 1.24, actual_rep, 2, curr_step, 20, track_size, 99, robot_vel, 92.36, joints_pos, 21.7, 48.62, -16.4, -86.48, 19.0, 47.26, 42.99, tool_torque, 0.03, -0.232, -0.043, joint_torque, -0.01, 1.15, -0.26, -0.2, -0.01, -0.21, -0.15, robot_mode, normal, 
01/06/2022 11:51:51:326, robot_pos, 1654080588639, 582.27, 117.76, 205.9, 2.35, -0.02, 3.13, circuit_pos, 588.4, 123.46, 206.41, 2.35, -0.01, 3.13, tool_force, -0.49, -0.59, 0.95, actual_rep, 2, curr_step, 18, track_size, 99, robot_vel, 87.28, joints_pos, 21.95, 49.95, -16.29, -84.02, 18.56, 48.75, 44.18, tool_torque, -0.306, 0.02, -0.121, joint_torque, -0.37, 0.67, -0.16, -0.15, 0.06, -0.22, -0.14, robot_mode, normal, 
01/06/2022 11:51:51:430, robot_pos, 1654080588791, 590.43, 124.91, 205.23, 2.35, -0.01, 3.13, circuit_pos, 597.41, 132.91, 205.91, 2.34, -0.01, 3.14, tool_force, -1.73, -0.6, 1.49, actual_rep, 2, curr_step, 16, track_size, 99, robot_vel, 67.04, joints_pos, 22.35, 50.92, -16.24, -82.15, 18.05, 49.1, 45.34, tool_torque, -0.358, 0.255, -0.163, joint_torque, -1.06, 0.15, -0.55, -0.24, 0.04, -0.17, -0.15, robot_mode, normal, 
01/06/2022 11:51:51:632, robot_pos, 1654080588948, 597.16, 133.44, 204.61, 2.34, -0.01, 3.14, circuit_pos, 601.01, 139.35, 205.37, 2.34, -0.02, -3.14, tool_force, -2.06, 0.76, 2.46, actual_rep, 2, curr_step, 15, track_size, 99, robot_vel, 68.22, joints_pos, 22.81, 52.03, -16.21, -79.99, 17.42, 50.76, 47.3, tool_torque, -0.436, 0.477, -0.178, joint_torque, -1.91, 0.6, -0.9, 0.13, 0.0, -0.28, -0.13, robot_mode, normal, 
01/06/2022 11:51:51:730, robot_pos, 1654080589088, 602.05, 141.92, 203.56, 2.34, -0.02, -3.14, circuit_pos, 606.79, 153.9, 203.36, 2.32, -0.02, -3.13, tool_force, -1.24, -0.02, 1.05, actual_rep, 2, curr_step, 13, track_size, 99, robot_vel, 75.73, joints_pos, 23.23, 52.98, -16.16, -78.25, 17.43, 52.01, 48.34, tool_torque, -0.322, 0.193, -0.157, joint_torque, -0.61, 0.47, -0.12, -0.02, 0.05, -0.23, -0.13, robot_mode, normal, 
01/06/2022 11:51:51:908, robot_pos, 1654080589237, 605.65, 152.38, 202.48, 2.32, -0.02, -3.13, circuit_pos, 610.26, 162.17, 202.23, 2.31, -0.01, -3.13, tool_force, -0.62, 0.19, 0.43, actual_rep, 2, curr_step, 12, track_size, 99, robot_vel, 84.63, joints_pos, 23.89, 53.79, -16.06, -76.76, 17.19, 52.82, 50.34, tool_torque, -0.265, -0.018, -0.093, joint_torque, -0.16, 0.46, -0.07, -0.07, 0.08, -0.24, -0.13, robot_mode, normal, 
01/06/2022 11:51:52:032, robot_pos, 1654080589387, 609.83, 162.69, 201.09, 2.31, -0.01, -3.13, circuit_pos, 613.82, 173.02, 200.94, 2.3, 0.0, -3.13, tool_force, -1.07, 0.23, 1.46, actual_rep, 2, curr_step, 11, track_size, 99, robot_vel, 77.44, joints_pos, 24.63, 54.62, -16.07, -75.3, 16.78, 53.2, 52.31, tool_torque, -0.223, 0.046, -0.087, joint_torque, -0.11, 0.53, 0.07, 0.14, 0.1, -0.26, -0.11, robot_mode, normal, 
01/06/2022 11:51:52:187, robot_pos, 1654080589533, 613.24, 173.35, 199.96, 2.3, 0.0, -3.13, circuit_pos, 616.29, 182.76, 200.06, 2.3, 0.0, -3.14, tool_force, -0.95, 0.44, 1.64, actual_rep, 2, curr_step, 10, track_size, 99, robot_vel, 74.16, joints_pos, 25.44, 55.37, -16.09, -74.01, 16.36, 53.41, 54.1, tool_torque, -0.267, 0.167, -0.103, joint_torque, -0.55, 0.59, -0.14, -0.11, 0.07, -0.22, -0.1, robot_mode, normal, 
01/06/2022 11:51:52:486, robot_pos, 1654080589831, 617.72, 194.52, 198.28, 2.3, 0.0, 3.14, circuit_pos, 619.33, 204.63, 198.88, 2.3, 0.01, 3.13, tool_force, -1.02, 0.4, 0.8, actual_rep, 2, curr_step, 8, track_size, 99, robot_vel, 73.86, joints_pos, 26.79, 56.53, -15.95, -71.88, 16.52, 53.66, 56.08, tool_torque, -0.046, -0.0040, -0.084, joint_torque, 0.0, 0.34, 0.03, -0.06, 0.02, -0.1, -0.11, robot_mode, normal, 
01/06/2022 11:51:52:639, robot_pos, 1654080589980, 618.91, 204.87, 197.86, 2.3, 0.01, 3.13, circuit_pos, 619.92, 216.18, 198.76, 2.31, 0.0, 3.12, tool_force, -1.03, 0.75, 1.28, actual_rep, 2, curr_step, 7, track_size, 99, robot_vel, 66.13, joints_pos, 27.57, 56.93, -15.96, -71.13, 16.49, 53.44, 56.9, tool_torque, 0.035, 0.212, -0.095, joint_torque, -0.49, 0.62, -0.19, 0.03, 0.02, -0.04, -0.11, robot_mode, normal, 
01/06/2022 11:51:52:790, robot_pos, 1654080590132, 619.63, 215.6, 197.65, 2.31, 0.0, 3.12, circuit_pos, 619.98, 227.9, 199.03, 2.32, 0.0, 3.11, tool_force, -0.59, 0.62, 0.92, actual_rep, 2, curr_step, 6, track_size, 99, robot_vel, 73.58, joints_pos, 28.18, 57.32, -15.83, -70.33, 17.05, 53.48, 57.06, tool_torque, 0.027, 0.0010, -0.0070, joint_torque, -0.33, 0.53, -0.25, -0.13, 0.0, -0.08, -0.04, robot_mode, normal, 
01/06/2022 11:51:52:945, robot_pos, 1654080590278, 619.88, 226.02, 197.8, 2.32, 0.0, 3.11, circuit_pos, 619.55, 239.35, 199.74, 2.33, 0.0, 3.1, tool_force, -0.85, 0.44, 0.79, actual_rep, 2, curr_step, 5, track_size, 99, robot_vel, 70.84, joints_pos, 28.87, 57.65, -15.78, -69.61, 17.37, 53.48, 57.29, tool_torque, 0.027, 0.016, -0.043, joint_torque, -0.29, 0.61, -0.22, -0.14, -0.01, -0.06, -0.08, robot_mode, normal, 
01/06/2022 11:51:53:047, robot_pos, 1654080590428, 619.76, 236.65, 198.25, 2.33, 0.0, 3.1, circuit_pos, 618.61, 250.37, 200.73, 2.34, -0.01, 3.1, tool_force, -1.28, 0.71, 1.35, actual_rep, 2, curr_step, 4, track_size, 99, robot_vel, 76.46, joints_pos, 29.62, 57.92, -15.78, -68.98, 17.71, 53.41, 57.48, tool_torque, 0.038, 0.219, -0.089, joint_torque, -0.73, 0.39, -0.28, 0.04, -0.02, -0.03, -0.09, robot_mode, normal, 
01/06/2022 11:51:53:247, robot_pos, 1654080590577, 619.06, 247.07, 199.02, 2.34, -0.01, 3.1, circuit_pos, 617.23, 260.65, 201.8, 2.34, -0.01, 3.09, tool_force, 0.31, 0.36, 0.65, actual_rep, 2, curr_step, 3, track_size, 99, robot_vel, 69.98, joints_pos, 30.31, 58.22, -15.76, -68.22, 18.15, 53.84, 57.59, tool_torque, -0.124, -0.095, -0.065, joint_torque, -0.07, 0.21, -0.13, 0.1, -0.03, -0.19, -0.09, robot_mode, normal, 
01/06/2022 11:51:53:348, robot_pos, 1654080590724, 618.14, 257.66, 199.83, 2.34, -0.01, 3.09, circuit_pos, 615.8, 269.32, 202.82, 2.35, -0.02, 3.08, tool_force, -0.28, 0.42, 0.88, actual_rep, 2, curr_step, 2, track_size, 99, robot_vel, 71.84, joints_pos, 31.06, 58.45, -15.76, -67.61, 18.52, 53.94, 58.12, tool_torque, -0.066, -0.099, -0.07, joint_torque, 0.09, 0.51, -0.1, -0.07, -0.02, -0.17, -0.1, robot_mode, normal, 
01/06/2022 11:51:53:544, robot_pos, 1654080590877, 616.4, 268.46, 201.1, 2.35, -0.02, 3.08, circuit_pos, 614.15, 276.57, 203.47, 2.36, -0.03, 3.07, tool_force, -0.6, 0.41, 0.5, actual_rep, 2, curr_step, 1, track_size, 99, robot_vel, 73.8, joints_pos, 31.74, 58.54, -15.68, -67.18, 19.36, 53.95, 57.94, tool_torque, 0.061, -0.21, 0.246, joint_torque, -0.26, 0.22, -0.27, 0.07, -0.02, -0.13, 0.26, robot_mode, normal, 
01/06/2022 11:51:53:697, robot_pos, 1654080591025, 614.63, 276.81, 201.92, 2.36, -0.03, 3.07, circuit_pos, 612.88, 280.93, 203.72, 2.36, -0.03, 3.07, tool_force, 0.4, 1.63, 0.71, actual_rep, 2, curr_step, 0, track_size, 99, robot_vel, 73.42, joints_pos, 32.2, 58.58, -15.58, -66.96, 20.27, 53.91, 57.42, tool_torque, 0.251, -0.263, 0.347, joint_torque, 0.36, 0.56, 0.21, 0.14, -0.01, -0.11, 0.38, robot_mode, normal, 
01/06/2022 11:51:53:846, robot_pos, 1654080591177, 614.4, 276.86, 202.18, 2.36, -0.03, 3.07, circuit_pos, 612.88, 280.93, 203.72, 2.36, -0.03, 3.07, tool_force, 0.17, 1.86, 1.08, actual_rep, 2, curr_step, 0, track_size, 99, robot_vel, 4.76, joints_pos, 32.34, 58.56, -15.84, -67.03, 20.63, 53.92, 57.19, tool_torque, 0.178, -0.081, 0.304, joint_torque, 0.18, 0.47, 0.36, 0.16, -0.01, -0.11, 0.39, robot_mode, normal, 
01/06/2022 11:51:53:997, robot_pos, 1654080591325, 614.42, 276.73, 202.17, 2.36, -0.03, 3.07, circuit_pos, 612.88, 280.93, 203.72, 2.36, -0.03, 3.07, tool_force, -0.42, 1.63, 0.89, actual_rep, 2, curr_step, 0, track_size, 99, robot_vel, 0.87, joints_pos, 32.36, 58.56, -15.87, -67.03, 20.63, 53.92, 57.17, tool_torque, 0.15, 0.0050, 0.278, joint_torque, -0.11, 0.44, 0.2, 0.16, 0.01, -0.1, 0.36, robot_mode, normal, 
01/06/2022 11:51:54:148, robot_pos, 1654080591474, 614.41, 276.76, 202.15, 2.36, -0.03, 3.07, circuit_pos, 612.88, 280.93, 203.72, 2.36, -0.03, 3.07, tool_force, -0.39, 1.7, 1.04, actual_rep, 2, curr_step, 0, track_size, 99, robot_vel, 0.17, joints_pos, 32.36, 58.56, -15.87, -67.03, 20.63, 53.92, 57.17, tool_torque, 0.152, -0.013, 0.267, joint_torque, -0.13, 0.5, 0.15, 0.14, 0.01, -0.11, 0.34, robot_mode, normal, 
01/06/2022 11:51:54:300, robot_pos, 1654080591621, 614.42, 276.76, 202.15, 2.36, -0.03, 3.07, circuit_pos, 612.88, 280.93, 203.72, 2.36, -0.03, 3.07, tool_force, -0.36, 1.56, 0.98, actual_rep, 2, curr_step, 0, track_size, 99, robot_vel, 0.08, joints_pos, 32.36, 58.56, -15.87, -67.03, 20.63, 53.92, 57.17, tool_torque, 0.127, -0.023, 0.267, joint_torque, -0.14, 0.47, 0.13, 0.12, 0.01, -0.12, 0.34, robot_mode, normal, 
01/06/2022 11:51:54:448, robot_pos, 1654080591772, 614.42, 276.76, 202.15, 2.36, -0.03, 3.07, circuit_pos, 612.88, 280.93, 203.72, 2.36, -0.03, 3.07, tool_force, -0.34, 1.54, 0.97, actual_rep, 2, curr_step, 0, track_size, 99, robot_vel, 0.02, joints_pos, 32.36, 58.56, -15.87, -67.03, 20.63, 53.92, 57.17, tool_torque, 0.123, -0.022, 0.266, joint_torque, -0.13, 0.47, 0.14, 0.12, 0.01, -0.12, 0.34, robot_mode, normal, 
01/06/2022 11:51:54:599, robot_pos, 1654080591920, 614.42, 276.76, 202.15, 2.36, -0.03, 3.07, circuit_pos, 612.88, 280.93, 203.72, 2.36, -0.03, 3.07, tool_force, -0.32, 1.58, 0.99, actual_rep, 2, curr_step, 0, track_size, 99, robot_vel, 0.01, joints_pos, 32.36, 58.56, -15.87, -67.03, 20.63, 53.92, 57.17, tool_torque, 0.127, -0.027, 0.267, joint_torque, -0.12, 0.48, 0.14, 0.12, 0.01, -0.12, 0.34, robot_mode, normal, 
01/06/2022 11:51:55:157, robot_pos, 1654080592070, 614.42, 276.76, 202.15, 2.36, -0.03, 3.07, circuit_pos, 612.88, 280.93, 203.72, 2.36, -0.03, 3.07, tool_force, -0.33, 1.55, 0.98, actual_rep, 3, curr_step, 0, track_size, 99, robot_vel, 0.01, joints_pos, 32.36, 58.56, -15.87, -67.03, 20.63, 53.92, 57.17, tool_torque, 0.123, -0.027, 0.268, joint_torque, -0.13, 0.46, 0.14, 0.12, 0.02, -0.12, 0.34, robot_mode, normal, 
