13/05/2022 14:19:51: File Created!
13/05/2022 14:19:51:238, robot_pos, 1652447880418, 612.41, 291.4, 152.51, 2.31, 0.02, 3.14, circuit_pos, 612.01, 291.19, 152.45, 2.31, 0.02, 3.14, tool_force, -0.04, 0.58, -0.18, actual_rep, 1, curr_step, 1, track_size, 112, robot_vel, 38.01, joints_pos, 34.18, 64.49, -16.32, -63.6, 17.1, 53.6, 64.35, tool_torque, 0.243, -0.051, 0.335, joint_torque, -0.35, -0.53, -0.3, 0.67, 0.08, -0.08, 0.35, robot_mode, normal, 
13/05/2022 14:19:51:321, robot_pos, 1652447880542, 612.42, 291.41, 152.53, 2.31, 0.02, 3.14, circuit_pos, 612.01, 291.19, 152.45, 2.31, 0.02, 3.14, tool_force, 0.01, 0.57, -0.17, actual_rep, 1, curr_step, 1, track_size, 112, robot_vel, 38.01, joints_pos, 34.18, 64.49, -16.32, -63.6, 17.1, 53.6, 64.35, tool_torque, 0.252, -0.064, 0.364, joint_torque, -0.36, -0.49, -0.29, 0.65, 0.08, -0.08, 0.38, robot_mode, normal, 
13/05/2022 14:19:51:656, robot_pos, 1652447880853, 615.39, 287.92, 156.3, 2.3, 0.03, 3.13, circuit_pos, 620.25, 281.31, 164.75, 2.27, 0.04, 3.13, tool_force, 0.66, 0.07, 7.15, actual_rep, 1, curr_step, 3, track_size, 112, robot_vel, 14.2, joints_pos, 34.04, 64.24, -16.71, -63.54, 17.1, 53.66, 64.69, tool_torque, 0.0030, 0.01, 0.029, joint_torque, 0.23, 4.1, 0.77, -1.42, 0.09, -0.17, 0.02, robot_mode, normal, 
13/05/2022 14:19:51:771, robot_pos, 1652447880988, 618.33, 284.08, 161.59, 2.28, 0.03, 3.13, circuit_pos, 624.34, 275.05, 176.03, 2.25, 0.04, 3.13, tool_force, 1.06, -0.46, 6.32, actual_rep, 1, curr_step, 4, track_size, 112, robot_vel, 69.99, joints_pos, 33.9, 63.84, -17.12, -63.55, 17.12, 53.79, 65.37, tool_torque, -0.114, -0.061, -0.0070, joint_torque, 0.59, 3.78, 0.85, -1.32, 0.08, -0.22, -0.02, robot_mode, normal, 
13/05/2022 14:19:51:953, robot_pos, 1652447881137, 620.53, 280.64, 167.44, 2.27, 0.04, 3.13, circuit_pos, 624.34, 275.05, 176.03, 2.25, 0.04, 3.13, tool_force, 1.25, -0.29, 6.6, actual_rep, 1, curr_step, 4, track_size, 112, robot_vel, 48.41, joints_pos, 33.81, 63.4, -17.55, -63.55, 17.14, 54.26, 65.82, tool_torque, -0.085, -0.098, 0.013, joint_torque, 0.31, 3.89, 0.69, -1.41, 0.06, -0.23, 0.0, robot_mode, normal, 
13/05/2022 14:19:52:071, robot_pos, 1652447881286, 622.91, 277.31, 173.19, 2.26, 0.04, 3.13, circuit_pos, 627.8, 268.98, 190.17, 2.23, 0.04, 3.13, tool_force, 0.95, -0.56, 6.45, actual_rep, 1, curr_step, 5, track_size, 112, robot_vel, 47.46, joints_pos, 33.69, 63.02, -17.95, -63.45, 17.19, 54.75, 66.19, tool_torque, -0.151, -0.067, -0.0020, joint_torque, 0.12, 3.8, 0.65, -1.46, 0.05, -0.25, 0.0, robot_mode, normal, 
13/05/2022 14:19:52:226, robot_pos, 1652447881435, 624.43, 274.65, 179.07, 2.25, 0.04, 3.13, circuit_pos, 627.8, 268.98, 190.17, 2.23, 0.04, 3.13, tool_force, 1.09, -0.72, 6.48, actual_rep, 1, curr_step, 5, track_size, 112, robot_vel, 42.21, joints_pos, 33.59, 62.58, -18.26, -63.41, 17.22, 55.36, 66.44, tool_torque, -0.161, -0.133, -0.0030, joint_torque, 0.35, 3.68, 0.71, -1.38, 0.05, -0.27, -0.01, robot_mode, normal, 
13/05/2022 14:19:52:372, robot_pos, 1652447881586, 626.08, 271.97, 184.79, 2.24, 0.04, 3.13, circuit_pos, 631.11, 262.78, 205.5, 2.21, 0.04, 3.14, tool_force, 1.0, -0.46, 6.65, actual_rep, 1, curr_step, 6, track_size, 112, robot_vel, 46.21, joints_pos, 33.47, 62.18, -18.53, -63.33, 17.25, 55.97, 66.7, tool_torque, -0.124, -0.118, 0.0060, joint_torque, 0.26, 4.05, 0.7, -1.51, 0.06, -0.26, -0.01, robot_mode, normal, 
13/05/2022 14:19:52:563, robot_pos, 1652447881735, 627.47, 269.56, 190.59, 2.23, 0.04, 3.13, circuit_pos, 631.11, 262.78, 205.5, 2.21, 0.04, 3.14, tool_force, 1.58, -0.9, 6.36, actual_rep, 1, curr_step, 6, track_size, 112, robot_vel, 41.92, joints_pos, 33.35, 61.74, -18.76, -63.27, 17.26, 56.55, 66.86, tool_torque, -0.179, -0.234, 0.014, joint_torque, 0.59, 3.88, 0.78, -1.5, 0.06, -0.28, -0.01, robot_mode, normal, 
13/05/2022 14:19:52:682, robot_pos, 1652447881883, 628.78, 267.11, 196.32, 2.23, 0.04, 3.13, circuit_pos, 631.11, 262.78, 205.5, 2.21, 0.04, 3.14, tool_force, 1.35, -0.82, 6.46, actual_rep, 1, curr_step, 6, track_size, 112, robot_vel, 42.79, joints_pos, 33.21, 61.3, -18.97, -63.22, 17.28, 57.12, 66.99, tool_torque, -0.169, -0.198, 0.019, joint_torque, 0.53, 3.9, 0.78, -1.54, 0.06, -0.28, 0.0, robot_mode, normal, 
13/05/2022 14:19:52:875, robot_pos, 1652447882032, 630.12, 264.7, 202.11, 2.22, 0.04, 3.14, circuit_pos, 633.89, 257.3, 218.5, 2.2, 0.04, 3.14, tool_force, 1.22, -0.69, 6.38, actual_rep, 1, curr_step, 7, track_size, 112, robot_vel, 42.14, joints_pos, 33.06, 60.88, -19.16, -63.13, 17.29, 57.71, 67.11, tool_torque, -0.177, -0.143, 0.023, joint_torque, 0.3, 4.06, 0.72, -1.56, 0.06, -0.28, 0.01, robot_mode, normal, 
13/05/2022 14:19:52:981, robot_pos, 1652447882180, 631.4, 262.22, 207.84, 2.21, 0.04, 3.13, circuit_pos, 633.89, 257.3, 218.5, 2.2, 0.04, 3.14, tool_force, 1.29, -0.66, 6.32, actual_rep, 1, curr_step, 7, track_size, 112, robot_vel, 44.11, joints_pos, 32.9, 60.42, -19.33, -63.11, 17.33, 58.21, 67.15, tool_torque, -0.145, -0.202, 0.04, joint_torque, 0.4, 3.94, 0.71, -1.55, 0.05, -0.27, 0.02, robot_mode, normal, 
13/05/2022 14:19:53:177, robot_pos, 1652447882329, 632.68, 259.78, 213.69, 2.21, 0.04, 3.13, circuit_pos, 636.72, 251.2, 230.62, 2.19, 0.03, 3.13, tool_force, 0.92, -0.61, 6.76, actual_rep, 1, curr_step, 8, track_size, 112, robot_vel, 41.96, joints_pos, 32.73, 59.99, -19.47, -63.04, 17.33, 58.73, 67.19, tool_torque, -0.17, -0.133, 0.032, joint_torque, 0.17, 3.78, 0.62, -1.49, 0.06, -0.29, 0.02, robot_mode, normal, 
13/05/2022 14:19:53:282, robot_pos, 1652447882479, 634.07, 257.07, 219.45, 2.2, 0.04, 3.13, circuit_pos, 636.72, 251.2, 230.62, 2.19, 0.03, 3.13, tool_force, 1.44, -0.36, 6.34, actual_rep, 1, curr_step, 8, track_size, 112, robot_vel, 44.62, joints_pos, 32.51, 59.52, -19.6, -63.01, 17.37, 59.16, 67.19, tool_torque, -0.092, -0.276, 0.123, joint_torque, 0.47, 3.88, 0.69, -1.47, 0.05, -0.29, 0.11, robot_mode, normal, 
13/05/2022 14:19:53:481, robot_pos, 1652447882627, 635.35, 254.32, 225.3, 2.2, 0.04, 3.13, circuit_pos, 636.72, 251.2, 230.62, 2.19, 0.03, 3.13, tool_force, 1.21, -0.69, 6.44, actual_rep, 1, curr_step, 8, track_size, 112, robot_vel, 44.14, joints_pos, 32.3, 59.06, -19.69, -62.99, 17.37, 59.58, 67.18, tool_torque, -0.125, -0.232, 0.171, joint_torque, 0.39, 3.92, 0.7, -1.6, 0.06, -0.27, 0.16, robot_mode, normal, 
13/05/2022 14:19:53:587, robot_pos, 1652447882779, 637.0, 250.65, 231.17, 2.19, 0.04, 3.13, circuit_pos, 639.43, 244.02, 240.21, 2.19, 0.03, 3.12, tool_force, 0.91, -0.15, 6.53, actual_rep, 1, curr_step, 9, track_size, 112, robot_vel, 49.74, joints_pos, 31.98, 58.57, -19.77, -62.99, 17.37, 59.95, 67.05, tool_torque, -0.035, -0.213, 0.305, joint_torque, 0.16, 3.84, 0.68, -1.48, 0.06, -0.27, 0.34, robot_mode, normal, 
13/05/2022 14:19:53:782, robot_pos, 1652447882926, 638.51, 246.84, 236.89, 2.19, 0.03, 3.13, circuit_pos, 641.68, 236.25, 245.83, 2.19, 0.03, 3.12, tool_force, 1.11, 0.61, 6.72, actual_rep, 1, curr_step, 10, track_size, 112, robot_vel, 49.97, joints_pos, 31.64, 58.06, -19.8, -63.05, 17.36, 60.23, 66.88, tool_torque, 0.076, -0.18, 0.405, joint_torque, -0.1, 4.2, 0.59, -1.56, 0.09, -0.25, 0.44, robot_mode, normal, 
13/05/2022 14:19:53:883, robot_pos, 1652447883077, 640.4, 241.08, 241.84, 2.19, 0.03, 3.12, circuit_pos, 641.68, 236.25, 245.83, 2.19, 0.03, 3.12, tool_force, 1.33, 0.72, 6.59, actual_rep, 1, curr_step, 10, track_size, 112, robot_vel, 51.07, joints_pos, 31.18, 57.55, -19.84, -63.22, 17.34, 60.32, 66.47, tool_torque, 0.096, -0.315, 0.464, joint_torque, 0.25, 4.01, 0.63, -1.45, 0.09, -0.26, 0.48, robot_mode, normal, 
13/05/2022 14:19:54:085, robot_pos, 1652447883226, 641.67, 235.24, 245.14, 2.19, 0.03, 3.12, circuit_pos, 643.3, 227.78, 247.7, 2.19, 0.03, 3.12, tool_force, 1.88, 0.3, 6.04, actual_rep, 1, curr_step, 11, track_size, 112, robot_vel, 52.07, joints_pos, 30.7, 57.13, -19.82, -63.52, 17.34, 60.29, 66.0, tool_torque, 0.215, -0.369, 0.489, joint_torque, 0.34, 4.06, 0.56, -1.49, 0.08, -0.13, 0.48, robot_mode, normal, 
13/05/2022 14:19:54:184, robot_pos, 1652447883377, 642.85, 229.45, 246.51, 2.19, 0.03, 3.12, circuit_pos, 644.5, 218.73, 245.69, 2.19, 0.04, 3.12, tool_force, 1.39, 0.61, 5.3, actual_rep, 1, curr_step, 12, track_size, 112, robot_vel, 44.45, joints_pos, 30.25, 56.89, -19.82, -63.75, 17.33, 60.25, 65.54, tool_torque, 0.29, -0.299, 0.528, joint_torque, 0.23, 3.6, 0.48, -1.37, 0.09, -0.07, 0.53, robot_mode, normal, 
13/05/2022 14:19:54:386, robot_pos, 1652447883524, 643.96, 223.68, 246.07, 2.19, 0.04, 3.12, circuit_pos, 645.09, 209.16, 240.47, 2.19, 0.04, 3.12, tool_force, 1.49, 1.03, 5.97, actual_rep, 1, curr_step, 13, track_size, 112, robot_vel, 43.5, joints_pos, 29.8, 56.78, -19.82, -64.05, 17.32, 59.97, 65.04, tool_torque, 0.309, -0.293, 0.487, joint_torque, 0.34, 3.68, 0.6, -1.33, 0.1, -0.09, 0.49, robot_mode, normal, 
13/05/2022 14:19:54:488, robot_pos, 1652447883673, 644.48, 217.95, 244.0, 2.19, 0.04, 3.12, circuit_pos, 645.09, 209.16, 240.47, 2.19, 0.04, 3.12, tool_force, 0.94, 1.42, 6.53, actual_rep, 1, curr_step, 13, track_size, 112, robot_vel, 43.51, joints_pos, 29.39, 56.75, -19.81, -64.48, 17.32, 59.53, 64.53, tool_torque, 0.406, -0.227, 0.503, joint_torque, 0.02, 4.37, 0.49, -1.51, 0.11, -0.07, 0.5, robot_mode, normal, 
13/05/2022 14:19:54:668, robot_pos, 1652447883824, 644.97, 212.05, 241.66, 2.19, 0.04, 3.12, circuit_pos, 645.37, 199.44, 232.66, 2.19, 0.04, 3.12, tool_force, 1.15, 1.31, 6.02, actual_rep, 1, curr_step, 14, track_size, 112, robot_vel, 38.36, joints_pos, 28.97, 56.77, -19.81, -64.85, 17.32, 59.19, 64.04, tool_torque, 0.409, -0.278, 0.5, joint_torque, 0.39, 3.51, 0.52, -1.24, 0.1, -0.03, 0.49, robot_mode, normal, 
13/05/2022 14:19:54:794, robot_pos, 1652447883973, 645.24, 206.27, 237.49, 2.18, 0.04, 3.12, circuit_pos, 645.37, 199.44, 232.66, 2.19, 0.04, 3.12, tool_force, 1.77, 0.53, 5.65, actual_rep, 1, curr_step, 14, track_size, 112, robot_vel, 47.46, joints_pos, 28.57, 56.91, -19.8, -65.29, 17.32, 58.66, 63.55, tool_torque, 0.348, -0.358, 0.5, joint_torque, 0.48, 3.7, 0.57, -1.43, 0.1, -0.01, 0.48, robot_mode, normal, 
13/05/2022 14:19:54:939, robot_pos, 1652447884120, 645.55, 200.47, 232.99, 2.18, 0.04, 3.12, circuit_pos, 645.64, 189.7, 223.39, 2.18, 0.04, 3.12, tool_force, 0.95, 0.56, 5.52, actual_rep, 1, curr_step, 15, track_size, 112, robot_vel, 53.05, joints_pos, 28.18, 57.09, -19.79, -65.7, 17.32, 58.08, 63.1, tool_torque, 0.369, -0.256, 0.527, joint_torque, 0.12, 3.52, 0.44, -1.32, 0.1, -0.01, 0.52, robot_mode, normal, 
13/05/2022 14:19:55:093, robot_pos, 1652447884271, 645.78, 194.74, 227.84, 2.18, 0.04, 3.12, circuit_pos, 645.64, 189.7, 223.39, 2.18, 0.04, 3.12, tool_force, 1.03, 0.99, 5.65, actual_rep, 1, curr_step, 15, track_size, 112, robot_vel, 52.29, joints_pos, 27.79, 57.35, -19.79, -66.11, 17.32, 57.45, 62.65, tool_torque, 0.382, -0.262, 0.508, joint_torque, 0.23, 3.56, 0.49, -1.26, 0.1, -0.02, 0.5, robot_mode, normal, 
13/05/2022 14:19:55:293, robot_pos, 1652447884419, 645.99, 188.9, 222.62, 2.18, 0.05, 3.12, circuit_pos, 646.03, 179.25, 214.03, 2.18, 0.05, 3.13, tool_force, 1.25, 1.03, 6.1, actual_rep, 1, curr_step, 16, track_size, 112, robot_vel, 56.07, joints_pos, 27.4, 57.61, -19.79, -66.49, 17.31, 56.86, 62.24, tool_torque, 0.417, -0.259, 0.528, joint_torque, 0.18, 3.74, 0.55, -1.39, 0.11, 0.0, 0.54, robot_mode, normal, 
13/05/2022 14:19:55:394, robot_pos, 1652447884569, 646.22, 183.17, 217.39, 2.18, 0.05, 3.13, circuit_pos, 647.07, 167.9, 206.83, 2.17, 0.06, 3.13, tool_force, 1.34, 0.43, 5.31, actual_rep, 1, curr_step, 17, track_size, 112, robot_vel, 49.99, joints_pos, 27.0, 57.89, -19.8, -66.85, 17.27, 56.24, 61.88, tool_torque, 0.331, -0.283, 0.524, joint_torque, 0.3, 3.48, 0.55, -1.3, 0.12, -0.01, 0.52, robot_mode, normal, 
13/05/2022 14:19:55:593, robot_pos, 1652447884718, 646.69, 177.33, 213.5, 2.18, 0.05, 3.13, circuit_pos, 647.07, 167.9, 206.83, 2.17, 0.06, 3.13, tool_force, 1.22, 0.72, 5.69, actual_rep, 1, curr_step, 17, track_size, 112, robot_vel, 51.4, joints_pos, 26.63, 58.12, -19.86, -67.11, 17.23, 55.81, 61.61, tool_torque, 0.377, -0.177, 0.479, joint_torque, 0.26, 3.73, 0.73, -1.31, 0.13, -0.01, 0.5, robot_mode, normal, 
13/05/2022 14:19:55:696, robot_pos, 1652447884867, 647.16, 171.48, 209.46, 2.17, 0.06, 3.13, circuit_pos, 648.81, 155.65, 203.73, 2.16, 0.06, 3.14, tool_force, 1.21, 0.67, 5.63, actual_rep, 1, curr_step, 18, track_size, 112, robot_vel, 48.41, joints_pos, 26.22, 58.35, -19.89, -67.36, 17.16, 55.37, 61.36, tool_torque, 0.317, -0.177, 0.447, joint_torque, 0.33, 3.59, 0.78, -1.29, 0.13, -0.01, 0.47, robot_mode, normal, 
13/05/2022 14:19:55:896, robot_pos, 1652447885014, 647.89, 165.81, 207.62, 2.17, 0.06, 3.13, circuit_pos, 648.81, 155.65, 203.73, 2.16, 0.06, 3.14, tool_force, 1.66, 0.51, 5.58, actual_rep, 1, curr_step, 18, track_size, 112, robot_vel, 37.98, joints_pos, 25.84, 58.46, -19.97, -67.48, 17.08, 55.23, 61.24, tool_torque, 0.331, -0.194, 0.448, joint_torque, 0.29, 3.63, 0.74, -1.33, 0.14, -0.01, 0.48, robot_mode, normal, 
13/05/2022 14:19:55:997, robot_pos, 1652447885164, 648.55, 159.92, 205.58, 2.16, 0.06, 3.13, circuit_pos, 650.52, 145.8, 204.32, 2.15, 0.07, 3.14, tool_force, 1.34, 0.58, 5.5, actual_rep, 1, curr_step, 19, track_size, 112, robot_vel, 43.27, joints_pos, 25.47, 58.59, -20.11, -67.64, 17.04, 55.05, 61.11, tool_torque, 0.282, -0.158, 0.462, joint_torque, 0.29, 3.41, 0.74, -1.28, 0.13, -0.02, 0.5, robot_mode, normal, 
13/05/2022 14:19:56:198, robot_pos, 1652447885311, 649.43, 154.23, 205.15, 2.16, 0.06, 3.14, circuit_pos, 650.52, 145.8, 204.32, 2.15, 0.07, 3.14, tool_force, 1.39, 0.47, 6.01, actual_rep, 1, curr_step, 19, track_size, 112, robot_vel, 36.41, joints_pos, 25.12, 58.62, -20.3, -67.72, 17.04, 55.08, 61.0, tool_torque, 0.247, -0.287, 0.477, joint_torque, 0.45, 3.78, 0.84, -1.32, 0.14, -0.12, 0.5, robot_mode, normal, 
13/05/2022 14:19:56:296, robot_pos, 1652447885462, 650.28, 148.35, 205.01, 2.15, 0.06, 3.14, circuit_pos, 652.26, 135.07, 208.28, 2.14, 0.06, -3.13, tool_force, 1.18, 0.43, 6.83, actual_rep, 1, curr_step, 20, track_size, 112, robot_vel, 38.78, joints_pos, 24.76, 58.64, -20.5, -67.77, 17.04, 55.18, 60.89, tool_torque, 0.144, -0.241, 0.445, joint_torque, 0.28, 3.89, 0.81, -1.4, 0.13, -0.18, 0.48, robot_mode, normal, 
13/05/2022 14:19:56:501, robot_pos, 1652447885610, 651.25, 142.69, 206.52, 2.15, 0.07, -3.14, circuit_pos, 652.26, 135.07, 208.28, 2.14, 0.06, -3.13, tool_force, 1.25, 0.22, 6.18, actual_rep, 1, curr_step, 20, track_size, 112, robot_vel, 40.13, joints_pos, 24.37, 58.55, -20.7, -67.75, 17.05, 55.5, 60.78, tool_torque, 0.11, -0.312, 0.435, joint_torque, 0.29, 3.66, 0.76, -1.33, 0.1, -0.22, 0.47, robot_mode, normal, 
13/05/2022 14:19:56:600, robot_pos, 1652447885758, 652.2, 136.86, 208.6, 2.14, 0.06, -3.14, circuit_pos, 653.98, 124.97, 215.4, 2.13, 0.06, -3.13, tool_force, 1.41, 0.74, 6.81, actual_rep, 1, curr_step, 21, track_size, 112, robot_vel, 38.4, joints_pos, 23.97, 58.41, -20.89, -67.71, 17.09, 55.92, 60.64, tool_torque, 0.141, -0.348, 0.438, joint_torque, 0.43, 3.96, 0.84, -1.34, 0.09, -0.25, 0.46, robot_mode, normal, 
13/05/2022 14:19:56:803, robot_pos, 1652447885908, 653.04, 131.08, 211.86, 2.13, 0.06, -3.13, circuit_pos, 653.98, 124.97, 215.4, 2.13, 0.06, -3.13, tool_force, 1.18, 0.34, 7.06, actual_rep, 1, curr_step, 21, track_size, 112, robot_vel, 55.26, joints_pos, 23.55, 58.18, -21.06, -67.67, 17.11, 56.48, 60.5, tool_torque, 0.088, -0.277, 0.42, joint_torque, 0.15, 4.22, 0.8, -1.5, 0.08, -0.26, 0.46, robot_mode, normal, 
13/05/2022 14:19:56:903, robot_pos, 1652447886056, 654.13, 125.28, 216.28, 2.13, 0.06, -3.13, circuit_pos, 655.81, 115.52, 224.35, 2.12, 0.06, -3.12, tool_force, 1.14, 0.4, 6.69, actual_rep, 1, curr_step, 22, track_size, 112, robot_vel, 46.69, joints_pos, 23.12, 57.87, -21.24, -67.55, 17.13, 57.15, 60.27, tool_torque, 0.064, -0.285, 0.429, joint_torque, 0.14, 3.86, 0.76, -1.39, 0.07, -0.27, 0.48, robot_mode, normal, 
13/05/2022 14:19:57:104, robot_pos, 1652447886206, 655.16, 119.44, 221.13, 2.12, 0.06, -3.12, circuit_pos, 658.05, 106.43, 234.06, 2.12, 0.05, -3.12, tool_force, 1.28, 0.2, 6.35, actual_rep, 1, curr_step, 23, track_size, 112, robot_vel, 54.04, joints_pos, 22.63, 57.51, -21.37, -67.44, 17.13, 57.84, 59.99, tool_torque, 0.02, -0.256, 0.449, joint_torque, -0.03, 3.78, 0.68, -1.5, 0.07, -0.27, 0.51, robot_mode, normal, 
13/05/2022 14:19:57:203, robot_pos, 1652447886357, 656.53, 113.83, 226.96, 2.12, 0.06, -3.12, circuit_pos, 658.05, 106.43, 234.06, 2.12, 0.05, -3.12, tool_force, 1.37, 0.1, 6.37, actual_rep, 1, curr_step, 23, track_size, 112, robot_vel, 56.85, joints_pos, 22.17, 57.11, -21.48, -67.28, 17.13, 58.49, 59.56, tool_torque, 0.016, -0.279, 0.449, joint_torque, 0.1, 3.54, 0.71, -1.36, 0.08, -0.27, 0.5, robot_mode, normal, 
13/05/2022 14:19:57:376, robot_pos, 1652447886508, 657.85, 108.0, 232.88, 2.12, 0.05, -3.12, circuit_pos, 659.88, 98.77, 241.88, 2.12, 0.05, -3.13, tool_force, 0.75, 0.28, 6.46, actual_rep, 1, curr_step, 24, track_size, 112, robot_vel, 52.17, joints_pos, 21.65, 56.66, -21.56, -67.14, 17.14, 59.1, 59.06, tool_torque, 0.038, -0.218, 0.447, joint_torque, -0.02, 3.76, 0.7, -1.41, 0.08, -0.27, 0.49, robot_mode, normal, 
13/05/2022 14:19:57:506, robot_pos, 1652447886656, 659.15, 102.32, 238.56, 2.12, 0.05, -3.12, circuit_pos, 661.86, 88.42, 251.13, 2.13, 0.05, -3.13, tool_force, 1.22, 0.38, 6.61, actual_rep, 1, curr_step, 25, track_size, 112, robot_vel, 66.11, joints_pos, 21.12, 56.22, -21.6, -67.02, 17.14, 59.62, 58.46, tool_torque, 0.072, -0.298, 0.462, joint_torque, 0.26, 3.82, 0.78, -1.44, 0.08, -0.27, 0.5, robot_mode, normal, 
13/05/2022 14:19:57:651, robot_pos, 1652447886809, 660.35, 96.46, 243.92, 2.12, 0.05, -3.13, circuit_pos, 661.86, 88.42, 251.13, 2.13, 0.05, -3.13, tool_force, 1.29, 0.51, 6.54, actual_rep, 1, curr_step, 25, track_size, 112, robot_vel, 61.61, joints_pos, 20.58, 55.8, -21.61, -66.96, 17.17, 59.98, 57.68, tool_torque, 0.117, -0.369, 0.499, joint_torque, 0.27, 3.83, 0.69, -1.49, 0.06, -0.26, 0.54, robot_mode, normal, 
13/05/2022 14:19:57:809, robot_pos, 1652447886959, 661.44, 90.62, 249.19, 2.13, 0.05, -3.13, circuit_pos, 662.36, 81.35, 255.63, 2.14, 0.04, -3.14, tool_force, 1.06, 0.5, 6.38, actual_rep, 1, curr_step, 26, track_size, 112, robot_vel, 54.17, joints_pos, 20.03, 55.37, -21.61, -66.88, 17.2, 60.37, 56.89, tool_torque, 0.123, -0.333, 0.491, joint_torque, 0.17, 3.77, 0.68, -1.44, 0.06, -0.26, 0.52, robot_mode, normal, 
13/05/2022 14:19:58:012, robot_pos, 1652447887109, 662.21, 84.87, 253.12, 2.14, 0.04, -3.13, circuit_pos, 661.29, 76.83, 255.91, 2.16, 0.03, -3.14, tool_force, 1.18, 0.98, 6.68, actual_rep, 1, curr_step, 27, track_size, 112, robot_vel, 46.4, joints_pos, 19.47, 55.0, -21.57, -66.9, 17.36, 60.6, 55.77, tool_torque, 0.218, -0.406, 0.508, joint_torque, 0.29, 4.17, 0.6, -1.52, 0.05, -0.28, 0.51, robot_mode, normal, 
13/05/2022 14:19:58:111, robot_pos, 1652447887258, 661.02, 80.0, 253.28, 2.16, 0.03, -3.13, circuit_pos, 656.87, 72.62, 247.52, 2.2, 0.01, -3.13, tool_force, 0.78, 1.67, 6.39, actual_rep, 1, curr_step, 29, track_size, 112, robot_vel, 32.7, joints_pos, 18.88, 54.76, -21.27, -67.28, 17.59, 60.62, 53.68, tool_torque, 0.483, -0.4, 0.548, joint_torque, 0.34, 3.74, 0.33, -1.29, 0.03, -0.13, 0.5, robot_mode, normal, 
13/05/2022 14:19:58:311, robot_pos, 1652447887408, 658.69, 75.14, 249.54, 2.19, 0.02, -3.13, circuit_pos, 654.93, 69.1, 242.45, 2.21, 0.01, -3.13, tool_force, 0.83, 1.32, 5.98, actual_rep, 1, curr_step, 30, track_size, 112, robot_vel, 45.9, joints_pos, 18.17, 54.68, -20.74, -67.91, 17.86, 60.35, 51.06, tool_torque, 0.451, -0.202, 0.51, joint_torque, -0.3, 3.74, 0.08, -1.39, 0.01, -0.08, 0.49, robot_mode, normal, 
13/05/2022 14:19:58:412, robot_pos, 1652447887557, 656.04, 70.29, 243.95, 2.21, 0.01, -3.13, circuit_pos, 652.64, 64.24, 239.52, 2.2, 0.01, -3.13, tool_force, 0.59, 1.53, 6.59, actual_rep, 1, curr_step, 31, track_size, 112, robot_vel, 55.8, joints_pos, 17.54, 54.71, -20.19, -68.64, 17.8, 59.78, 49.94, tool_torque, 0.533, -0.324, 0.548, joint_torque, 0.73, 4.45, 0.65, -1.56, 0.13, -0.07, 0.48, robot_mode, normal, 
13/05/2022 14:19:58:616, robot_pos, 1652447887708, 653.18, 64.45, 240.36, 2.2, 0.01, -3.12, circuit_pos, 649.45, 59.69, 238.54, 2.2, 0.0, -3.11, tool_force, -0.09, 1.3, 6.96, actual_rep, 1, curr_step, 32, track_size, 112, robot_vel, 50.01, joints_pos, 16.98, 54.69, -19.95, -69.25, 17.72, 59.75, 49.65, tool_torque, 0.42, -0.204, 0.474, joint_torque, 0.2, 4.35, 0.34, -1.48, 0.12, -0.16, 0.42, robot_mode, normal, 
13/05/2022 14:19:58:716, robot_pos, 1652447887857, 648.7, 58.95, 239.74, 2.19, -0.01, -3.11, circuit_pos, 644.97, 55.01, 239.54, 2.19, -0.01, -3.1, tool_force, 0.31, 1.12, 5.86, actual_rep, 1, curr_step, 33, track_size, 112, robot_vel, 45.71, joints_pos, 16.57, 54.43, -19.9, -69.84, 17.62, 60.61, 49.62, tool_torque, 0.248, -0.313, 0.369, joint_torque, 0.19, 3.95, 0.35, -1.41, 0.12, -0.25, 0.3, robot_mode, normal, 
13/05/2022 14:19:58:916, robot_pos, 1652447888008, 643.72, 53.99, 241.07, 2.18, -0.02, -3.09, circuit_pos, 639.42, 50.31, 242.83, 2.18, -0.03, -3.08, tool_force, 0.46, 1.03, 6.63, actual_rep, 1, curr_step, 34, track_size, 112, robot_vel, 48.78, joints_pos, 16.23, 54.02, -19.93, -70.45, 17.53, 61.83, 49.63, tool_torque, 0.172, -0.328, 0.33, joint_torque, 0.51, 3.73, 0.55, -1.44, 0.13, -0.29, 0.27, robot_mode, normal, 
13/05/2022 14:19:59:011, robot_pos, 1652447888159, 638.16, 49.17, 244.97, 2.17, -0.04, -3.07, circuit_pos, 633.62, 45.57, 248.51, 2.17, -0.04, -3.06, tool_force, 0.2, 0.34, 6.1, actual_rep, 1, curr_step, 35, track_size, 112, robot_vel, 53.94, joints_pos, 15.98, 53.37, -20.07, -71.1, 17.48, 63.28, 49.65, tool_torque, 0.03, -0.153, 0.232, joint_torque, 0.29, 3.58, 0.63, -1.29, 0.13, -0.32, 0.21, robot_mode, normal, 
13/05/2022 14:19:59:218, robot_pos, 1652447888312, 633.14, 45.22, 250.61, 2.17, -0.05, -3.06, circuit_pos, 627.99, 41.15, 256.37, 2.16, -0.06, -3.05, tool_force, 0.01, 1.46, 6.54, actual_rep, 1, curr_step, 36, track_size, 112, robot_vel, 58.38, joints_pos, 15.77, 52.53, -20.14, -71.82, 17.36, 64.32, 49.66, tool_torque, 0.129, -0.141, 0.223, joint_torque, 0.48, 4.08, 0.81, -1.32, 0.14, -0.33, 0.19, robot_mode, normal, 
13/05/2022 14:19:59:318, robot_pos, 1652447888460, 629.08, 42.23, 256.37, 2.16, -0.06, -3.05, circuit_pos, 622.79, 37.86, 265.97, 2.16, -0.07, -3.04, tool_force, 0.03, 1.17, 6.29, actual_rep, 1, curr_step, 37, track_size, 112, robot_vel, 51.19, joints_pos, 15.63, 51.71, -20.24, -72.44, 17.28, 65.2, 49.63, tool_torque, 0.099, -0.179, 0.302, joint_torque, 0.42, 3.57, 0.69, -1.27, 0.13, -0.3, 0.3, robot_mode, normal, 
13/05/2022 14:19:59:523, robot_pos, 1652447888612, 625.72, 39.92, 262.25, 2.16, -0.06, -3.04, circuit_pos, 617.85, 36.39, 276.73, 2.16, -0.08, -3.04, tool_force, 0.25, 1.68, 6.49, actual_rep, 1, curr_step, 38, track_size, 112, robot_vel, 45.85, joints_pos, 15.57, 50.96, -20.37, -72.94, 17.21, 65.91, 49.57, tool_torque, 0.178, -0.212, 0.399, joint_torque, 0.5, 3.62, 0.74, -1.22, 0.12, -0.32, 0.4, robot_mode, normal, 
13/05/2022 14:19:59:623, robot_pos, 1652447888761, 622.9, 38.68, 267.96, 2.16, -0.07, -3.04, circuit_pos, 617.85, 36.39, 276.73, 2.16, -0.08, -3.04, tool_force, 0.47, 1.25, 6.26, actual_rep, 1, curr_step, 38, track_size, 112, robot_vel, 45.67, joints_pos, 15.54, 50.2, -20.43, -73.4, 17.2, 66.47, 49.37, tool_torque, 0.111, -0.235, 0.413, joint_torque, 0.47, 3.28, 0.68, -1.16, 0.13, -0.33, 0.42, robot_mode, normal, 
13/05/2022 14:19:59:812, robot_pos, 1652447888913, 620.06, 37.6, 273.78, 2.16, -0.07, -3.04, circuit_pos, 613.31, 36.7, 287.43, 2.17, -0.09, -3.04, tool_force, 0.14, 1.37, 6.24, actual_rep, 1, curr_step, 39, track_size, 112, robot_vel, 49.02, joints_pos, 15.52, 49.45, -20.49, -73.85, 17.19, 66.98, 49.14, tool_torque, 0.174, -0.158, 0.415, joint_torque, 0.21, 3.73, 0.59, -1.35, 0.12, -0.29, 0.42, robot_mode, normal, 
13/05/2022 14:19:59:926, robot_pos, 1652447889068, 617.44, 37.31, 279.74, 2.16, -0.08, -3.04, circuit_pos, 613.31, 36.7, 287.43, 2.17, -0.09, -3.04, tool_force, -0.51, 1.41, 6.21, actual_rep, 1, curr_step, 39, track_size, 112, robot_vel, 43.41, joints_pos, 15.52, 48.67, -20.48, -74.28, 17.19, 67.43, 48.81, tool_torque, 0.193, -0.071, 0.439, joint_torque, -0.05, 4.05, 0.5, -1.46, 0.11, -0.29, 0.45, robot_mode, normal, 
13/05/2022 14:20:00:081, robot_pos, 1652447889218, 615.15, 37.41, 285.55, 2.17, -0.08, -3.04, circuit_pos, 608.92, 39.33, 299.47, 2.19, -0.09, -3.06, tool_force, -0.81, 1.06, 5.64, actual_rep, 1, curr_step, 40, track_size, 112, robot_vel, 44.37, joints_pos, 15.54, 47.91, -20.44, -74.68, 17.19, 67.79, 48.39, tool_torque, 0.113, -0.041, 0.42, joint_torque, -0.19, 3.54, 0.4, -1.31, 0.11, -0.3, 0.44, robot_mode, normal, 
13/05/2022 14:20:00:227, robot_pos, 1652447889368, 612.92, 38.14, 291.27, 2.18, -0.09, -3.05, circuit_pos, 608.92, 39.33, 299.47, 2.19, -0.09, -3.06, tool_force, -1.02, 1.36, 5.97, actual_rep, 1, curr_step, 40, track_size, 112, robot_vel, 40.9, joints_pos, 15.6, 47.15, -20.36, -75.09, 17.19, 68.0, 47.91, tool_torque, 0.164, -0.016, 0.416, joint_torque, -0.26, 3.63, 0.33, -1.29, 0.12, -0.31, 0.43, robot_mode, normal, 
13/05/2022 14:20:00:431, robot_pos, 1652447889523, 610.71, 39.28, 297.26, 2.19, -0.09, -3.05, circuit_pos, 606.11, 43.05, 308.15, 2.22, -0.09, -3.07, tool_force, -2.11, 1.29, 6.37, actual_rep, 1, curr_step, 41, track_size, 112, robot_vel, 45.03, joints_pos, 15.67, 46.35, -20.26, -75.5, 17.18, 68.2, 47.31, tool_torque, 0.167, 0.112, 0.434, joint_torque, -0.6, 3.63, 0.17, -1.34, 0.12, -0.26, 0.45, robot_mode, normal, 
13/05/2022 14:20:00:530, robot_pos, 1652447889669, 608.78, 41.12, 303.0, 2.2, -0.09, -3.06, circuit_pos, 606.11, 43.05, 308.15, 2.22, -0.09, -3.07, tool_force, -1.36, 1.11, 5.93, actual_rep, 1, curr_step, 41, track_size, 112, robot_vel, 44.84, joints_pos, 15.78, 45.56, -20.1, -75.91, 17.15, 68.22, 46.66, tool_torque, 0.145, 0.031, 0.434, joint_torque, -0.42, 3.61, 0.19, -1.33, 0.12, -0.27, 0.44, robot_mode, normal, 
13/05/2022 14:20:00:733, robot_pos, 1652447889820, 607.13, 44.05, 308.83, 2.22, -0.09, -3.08, circuit_pos, 603.65, 48.79, 316.77, 2.25, -0.09, -3.1, tool_force, -1.28, 1.59, 5.4, actual_rep, 1, curr_step, 42, track_size, 112, robot_vel, 42.53, joints_pos, 15.92, 44.74, -19.85, -76.3, 17.15, 68.09, 45.85, tool_torque, 0.302, 0.13, 0.416, joint_torque, -0.29, 3.65, 0.28, -1.3, 0.12, -0.15, 0.43, robot_mode, normal, 
13/05/2022 14:20:00:832, robot_pos, 1652447889970, 605.34, 47.4, 314.53, 2.24, -0.09, -3.09, circuit_pos, 601.98, 56.16, 323.2, 2.28, -0.08, -3.12, tool_force, -1.89, 0.94, 5.81, actual_rep, 1, curr_step, 43, track_size, 112, robot_vel, 47.45, joints_pos, 16.11, 43.9, -19.6, -76.76, 17.14, 67.74, 44.91, tool_torque, 0.258, 0.274, 0.415, joint_torque, -0.89, 3.73, -0.01, -1.42, 0.09, -0.1, 0.45, robot_mode, normal, 
13/05/2022 14:20:01:034, robot_pos, 1652447890122, 603.79, 53.17, 320.35, 2.28, -0.09, -3.11, circuit_pos, 600.83, 64.14, 326.29, 2.32, -0.07, 3.14, tool_force, -1.58, 0.84, 5.48, actual_rep, 1, curr_step, 44, track_size, 112, robot_vel, 56.18, joints_pos, 16.45, 42.9, -19.16, -77.39, 17.08, 66.78, 43.7, tool_torque, 0.253, 0.254, 0.395, joint_torque, -0.63, 3.83, 0.08, -1.45, 0.1, -0.08, 0.41, robot_mode, normal, 
13/05/2022 14:20:01:135, robot_pos, 1652447890271, 602.36, 59.02, 323.52, 2.3, -0.08, -3.13, circuit_pos, 600.83, 64.14, 326.29, 2.32, -0.07, 3.14, tool_force, -1.98, 1.69, 6.26, actual_rep, 1, curr_step, 44, track_size, 112, robot_vel, 49.03, joints_pos, 16.8, 42.18, -18.74, -78.02, 17.08, 65.65, 42.91, tool_torque, 0.397, 0.247, 0.427, joint_torque, -0.31, 4.15, 0.3, -1.39, 0.12, -0.08, 0.43, robot_mode, normal, 
13/05/2022 14:20:01:338, robot_pos, 1652447890423, 601.55, 64.8, 324.85, 2.32, -0.07, 3.13, circuit_pos, 599.64, 72.9, 325.63, 2.34, -0.06, 3.11, tool_force, -1.46, 0.56, 5.88, actual_rep, 1, curr_step, 45, track_size, 112, robot_vel, 39.84, joints_pos, 17.14, 41.71, -18.35, -78.52, 17.1, 64.52, 42.25, tool_torque, 0.337, 0.126, 0.409, joint_torque, -0.24, 3.78, 0.19, -1.46, 0.08, -0.07, 0.41, robot_mode, normal, 
13/05/2022 14:20:01:436, robot_pos, 1652447890573, 600.79, 70.59, 324.99, 2.34, -0.06, 3.12, circuit_pos, 598.64, 80.64, 320.86, 2.36, -0.04, 3.09, tool_force, -0.81, 0.12, 4.6, actual_rep, 1, curr_step, 46, track_size, 112, robot_vel, 39.55, joints_pos, 17.51, 41.33, -17.97, -79.06, 17.11, 63.24, 41.87, tool_torque, 0.243, 0.083, 0.38, joint_torque, -0.31, 2.82, 0.13, -1.19, 0.07, -0.06, 0.4, robot_mode, normal, 
13/05/2022 14:20:01:642, robot_pos, 1652447890725, 599.98, 76.46, 322.78, 2.35, -0.05, 3.1, circuit_pos, 597.5, 86.52, 312.51, 2.36, -0.03, 3.08, tool_force, -1.32, 0.42, 5.77, actual_rep, 1, curr_step, 47, track_size, 112, robot_vel, 41.31, joints_pos, 17.89, 41.15, -17.61, -79.65, 17.11, 61.75, 41.62, tool_torque, 0.314, 0.157, 0.391, joint_torque, -0.36, 3.63, 0.17, -1.37, 0.09, -0.05, 0.4, robot_mode, normal, 
13/05/2022 14:20:01:743, robot_pos, 1652447890873, 598.83, 81.89, 317.4, 2.36, -0.04, 3.09, circuit_pos, 597.5, 86.52, 312.51, 2.36, -0.03, 3.08, tool_force, -1.67, 0.63, 6.29, actual_rep, 1, curr_step, 47, track_size, 112, robot_vel, 42.63, joints_pos, 18.31, 41.16, -17.26, -80.49, 17.1, 59.76, 41.57, tool_torque, 0.303, 0.228, 0.342, joint_torque, -0.49, 3.93, 0.17, -1.47, 0.09, -0.05, 0.35, robot_mode, normal, 
13/05/2022 14:20:01:948, robot_pos, 1652447891025, 598.04, 85.32, 311.89, 2.36, -0.03, 3.08, circuit_pos, 596.4, 89.99, 301.29, 2.36, -0.01, 3.07, tool_force, -1.27, -0.24, 6.14, actual_rep, 1, curr_step, 48, track_size, 112, robot_vel, 58.66, joints_pos, 18.63, 41.34, -17.13, -81.08, 17.1, 58.27, 41.65, tool_torque, 0.124, 0.222, 0.127, joint_torque, -0.33, 3.41, 0.24, -1.45, 0.08, -0.01, 0.11, robot_mode, normal, 
13/05/2022 14:20:02:046, robot_pos, 1652447891176, 597.56, 87.74, 306.02, 2.36, -0.02, 3.08, circuit_pos, 594.73, 90.51, 288.26, 2.34, 0.0, 3.07, tool_force, -1.25, -0.51, 5.9, actual_rep, 1, curr_step, 49, track_size, 112, robot_vel, 43.57, joints_pos, 18.87, 41.64, -17.03, -81.54, 17.18, 57.04, 41.8, tool_torque, 0.106, 0.278, -0.02, joint_torque, -0.38, 3.41, 0.16, -1.37, 0.04, -0.01, -0.04, robot_mode, normal, 
13/05/2022 14:20:02:247, robot_pos, 1652447891325, 596.78, 88.63, 300.34, 2.35, -0.01, 3.08, circuit_pos, 594.73, 90.51, 288.26, 2.34, 0.0, 3.07, tool_force, -1.86, -0.66, 6.03, actual_rep, 1, curr_step, 49, track_size, 112, robot_vel, 39.7, joints_pos, 19.06, 41.93, -17.05, -82.0, 17.2, 55.99, 42.21, tool_torque, 0.041, 0.404, -0.076, joint_torque, -0.61, 3.52, 0.2, -1.3, 0.04, -0.01, -0.06, robot_mode, normal, 
13/05/2022 14:20:02:346, robot_pos, 1652447891476, 596.14, 89.45, 294.37, 2.34, -0.01, 3.08, circuit_pos, 594.73, 90.51, 288.26, 2.34, 0.0, 3.07, tool_force, -1.65, -0.6, 5.99, actual_rep, 1, curr_step, 49, track_size, 112, robot_vel, 40.17, joints_pos, 19.23, 42.29, -17.05, -82.41, 17.22, 54.99, 42.67, tool_torque, 0.015, 0.337, -0.075, joint_torque, -0.5, 3.26, 0.24, -1.33, 0.04, 0.0, -0.06, robot_mode, normal, 
13/05/2022 14:20:02:519, robot_pos, 1652447891626, 595.14, 89.28, 288.62, 2.33, 0.0, 3.08, circuit_pos, 592.05, 88.24, 274.94, 2.31, 0.01, 3.08, tool_force, -1.5, -0.82, 5.82, actual_rep, 1, curr_step, 50, track_size, 112, robot_vel, 41.43, joints_pos, 19.35, 42.62, -17.11, -82.84, 17.22, 54.14, 43.22, tool_torque, -0.04, 0.401, -0.102, joint_torque, -0.47, 3.12, 0.35, -1.24, 0.05, 0.02, -0.07, robot_mode, normal, 
13/05/2022 14:20:02:649, robot_pos, 1652447891777, 594.13, 88.83, 282.81, 2.32, 0.0, 3.08, circuit_pos, 592.05, 88.24, 274.94, 2.31, 0.01, 3.08, tool_force, -1.8, -0.21, 6.36, actual_rep, 1, curr_step, 50, track_size, 112, robot_vel, 38.8, joints_pos, 19.42, 43.0, -17.13, -83.22, 17.16, 53.37, 43.84, tool_torque, -0.018, 0.532, -0.113, joint_torque, -0.58, 3.62, 0.42, -1.33, 0.1, 0.01, -0.07, robot_mode, normal, 
13/05/2022 14:20:02:791, robot_pos, 1652447891928, 592.74, 87.75, 276.92, 2.31, 0.0, 3.08, circuit_pos, 588.09, 83.78, 262.89, 2.28, 0.0, 3.1, tool_force, -1.52, -0.61, 6.66, actual_rep, 1, curr_step, 51, track_size, 112, robot_vel, 39.15, joints_pos, 19.48, 43.35, -17.21, -83.62, 17.09, 52.76, 44.49, tool_torque, -0.082, 0.54, -0.127, joint_torque, -0.59, 3.45, 0.46, -1.33, 0.11, 0.01, -0.08, robot_mode, normal, 
13/05/2022 14:20:02:952, robot_pos, 1652447892077, 591.11, 86.17, 271.22, 2.3, 0.0, 3.09, circuit_pos, 588.09, 83.78, 262.89, 2.28, 0.0, 3.1, tool_force, -1.25, -0.5, 6.29, actual_rep, 1, curr_step, 51, track_size, 112, robot_vel, 48.13, joints_pos, 19.49, 43.71, -17.29, -84.0, 17.03, 52.31, 45.13, tool_torque, -0.066, 0.523, -0.12, joint_torque, -0.45, 3.48, 0.56, -1.31, 0.12, 0.02, -0.07, robot_mode, normal, 
13/05/2022 14:20:03:152, robot_pos, 1652447892230, 589.12, 84.12, 265.33, 2.28, 0.0, 3.1, circuit_pos, 583.19, 78.11, 253.32, 2.25, 0.0, 3.12, tool_force, -1.24, 0.18, 6.67, actual_rep, 1, curr_step, 52, track_size, 112, robot_vel, 42.43, joints_pos, 19.51, 44.09, -17.42, -84.41, 16.93, 51.98, 45.88, tool_torque, -0.033, 0.545, -0.119, joint_torque, -0.45, 3.69, 0.62, -1.32, 0.12, 0.01, -0.06, robot_mode, normal, 
13/05/2022 14:20:03:253, robot_pos, 1652447892377, 586.65, 81.35, 259.64, 2.27, 0.0, 3.11, circuit_pos, 583.19, 78.11, 253.32, 2.25, 0.0, 3.12, tool_force, -1.1, -0.47, 6.09, actual_rep, 1, curr_step, 52, track_size, 112, robot_vel, 43.9, joints_pos, 19.51, 44.45, -17.64, -84.83, 16.91, 51.83, 46.55, tool_torque, -0.084, 0.493, -0.123, joint_torque, -0.36, 3.21, 0.63, -1.2, 0.12, 0.01, -0.07, robot_mode, normal, 
13/05/2022 14:20:03:456, robot_pos, 1652447892529, 583.44, 77.63, 253.67, 2.25, 0.0, 3.13, circuit_pos, 578.77, 72.81, 247.69, 2.23, -0.01, -3.14, tool_force, -0.97, -0.26, 6.63, actual_rep, 1, curr_step, 53, track_size, 112, robot_vel, 49.97, joints_pos, 19.51, 44.82, -17.95, -85.32, 16.85, 51.86, 47.3, tool_torque, -0.177, 0.456, -0.153, joint_torque, -0.34, 3.49, 0.72, -1.3, 0.13, -0.12, -0.09, robot_mode, normal, 
13/05/2022 14:20:03:556, robot_pos, 1652447892678, 579.06, 72.9, 248.35, 2.23, -0.01, -3.14, circuit_pos, 573.65, 68.2, 244.61, 2.21, -0.01, -3.12, tool_force, -1.3, 0.41, 7.05, actual_rep, 1, curr_step, 54, track_size, 112, robot_vel, 51.26, joints_pos, 19.51, 45.1, -18.38, -85.93, 16.85, 52.2, 48.02, tool_torque, -0.224, 0.322, -0.131, joint_torque, -0.33, 3.55, 0.67, -1.18, 0.12, -0.26, -0.08, robot_mode, normal, 
13/05/2022 14:20:03:755, robot_pos, 1652447892828, 573.45, 68.71, 245.16, 2.21, -0.02, -3.12, circuit_pos, 567.15, 65.49, 243.73, 2.2, -0.03, -3.1, tool_force, -2.13, 0.42, 7.7, actual_rep, 1, curr_step, 55, track_size, 112, robot_vel, 51.09, joints_pos, 19.51, 45.12, -18.74, -86.61, 16.87, 53.06, 48.51, tool_torque, -0.193, 0.393, -0.129, joint_torque, -0.56, 3.95, 0.66, -1.32, 0.1, -0.27, -0.06, robot_mode, normal, 
13/05/2022 14:20:03:856, robot_pos, 1652447892977, 567.75, 66.24, 244.3, 2.2, -0.03, -3.1, circuit_pos, 560.28, 65.39, 244.99, 2.2, -0.05, -3.08, tool_force, -2.24, 0.01, 7.81, actual_rep, 1, curr_step, 56, track_size, 112, robot_vel, 33.82, joints_pos, 19.53, 44.9, -18.95, -87.27, 16.9, 53.9, 48.67, tool_torque, -0.217, 0.468, -0.128, joint_torque, -0.91, 3.74, 0.45, -1.3, 0.07, -0.26, -0.03, robot_mode, normal, 
13/05/2022 14:20:04:059, robot_pos, 1652447893128, 561.97, 66.15, 245.34, 2.2, -0.05, -3.08, circuit_pos, 554.75, 67.36, 247.5, 2.2, -0.06, -3.07, tool_force, -2.54, 0.69, 7.31, actual_rep, 1, curr_step, 57, track_size, 112, robot_vel, 45.32, joints_pos, 19.65, 44.47, -19.0, -87.93, 16.92, 54.85, 48.67, tool_torque, -0.028, 0.298, 0.0080, joint_torque, -0.66, 3.71, 0.46, -1.17, 0.06, -0.28, 0.09, robot_mode, normal, 
13/05/2022 14:20:04:147, robot_pos, 1652447893276, 556.27, 67.9, 247.48, 2.2, -0.06, -3.07, circuit_pos, 550.1, 71.11, 250.84, 2.21, -0.07, -3.07, tool_force, -2.69, 0.92, 7.63, actual_rep, 1, curr_step, 58, track_size, 112, robot_vel, 41.57, joints_pos, 19.89, 43.87, -18.95, -88.66, 16.93, 55.5, 48.53, tool_torque, 0.022, 0.293, 0.151, joint_torque, -0.92, 3.73, 0.25, -1.2, 0.06, -0.29, 0.25, robot_mode, normal, 
13/05/2022 14:20:04:363, robot_pos, 1652447893427, 550.77, 72.05, 251.32, 2.21, -0.07, -3.07, circuit_pos, 546.31, 76.47, 254.9, 2.22, -0.07, -3.08, tool_force, -2.07, 0.69, 6.76, actual_rep, 1, curr_step, 59, track_size, 112, robot_vel, 51.68, joints_pos, 20.3, 42.98, -18.77, -89.51, 16.94, 55.8, 48.31, tool_torque, 0.153, 0.073, 0.321, joint_torque, -0.78, 3.64, 0.0, -1.21, 0.05, -0.27, 0.36, robot_mode, normal, 
13/05/2022 14:20:04:463, robot_pos, 1652447893577, 546.81, 77.96, 255.78, 2.23, -0.07, -3.08, circuit_pos, 543.75, 82.88, 259.22, 2.24, -0.07, -3.09, tool_force, -1.28, 0.37, 5.39, actual_rep, 1, curr_step, 60, track_size, 112, robot_vel, 53.97, joints_pos, 20.82, 42.16, -18.59, -90.14, 16.94, 55.73, 48.14, tool_torque, 0.231, 0.04, 0.338, joint_torque, -0.44, 3.19, 0.12, -1.17, 0.06, -0.12, 0.36, robot_mode, normal, 
13/05/2022 14:20:04:666, robot_pos, 1652447893725, 544.73, 83.72, 259.46, 2.24, -0.07, -3.09, circuit_pos, 541.5, 91.66, 264.67, 2.25, -0.07, -3.1, tool_force, -1.34, 1.07, 6.03, actual_rep, 1, curr_step, 61, track_size, 112, robot_vel, 51.76, joints_pos, 21.29, 41.55, -18.38, -90.47, 16.99, 55.63, 48.05, tool_torque, 0.379, 0.129, 0.328, joint_torque, -0.52, 3.52, 0.13, -1.15, 0.04, -0.07, 0.36, robot_mode, normal, 
13/05/2022 14:20:04:768, robot_pos, 1652447893875, 542.98, 89.57, 263.11, 2.25, -0.07, -3.1, circuit_pos, 539.32, 101.92, 270.0, 2.27, -0.07, -3.12, tool_force, -1.48, 0.75, 6.16, actual_rep, 1, curr_step, 62, track_size, 112, robot_vel, 58.98, joints_pos, 21.76, 40.98, -18.2, -90.77, 17.03, 55.4, 48.0, tool_torque, 0.336, 0.108, 0.319, joint_torque, -0.37, 3.17, 0.11, -1.11, 0.04, -0.06, 0.34, robot_mode, normal, 
13/05/2022 14:20:04:958, robot_pos, 1652447894025, 541.58, 95.58, 266.28, 2.26, -0.07, -3.1, circuit_pos, 539.32, 101.92, 270.0, 2.27, -0.07, -3.12, tool_force, -1.17, 0.61, 6.17, actual_rep, 1, curr_step, 62, track_size, 112, robot_vel, 46.44, joints_pos, 22.23, 40.5, -17.99, -90.97, 17.06, 55.2, 47.97, tool_torque, 0.323, 0.121, 0.312, joint_torque, -0.45, 3.55, 0.16, -1.26, 0.05, -0.04, 0.33, robot_mode, normal, 
13/05/2022 14:20:05:067, robot_pos, 1652447894174, 540.24, 101.19, 269.25, 2.27, -0.07, -3.11, circuit_pos, 537.12, 113.01, 274.88, 2.29, -0.07, -3.13, tool_force, -0.88, 0.62, 5.82, actual_rep, 1, curr_step, 63, track_size, 112, robot_vel, 46.2, joints_pos, 22.68, 40.05, -17.8, -91.17, 17.08, 55.0, 47.95, tool_torque, 0.314, 0.114, 0.247, joint_torque, -0.37, 3.33, 0.12, -1.17, 0.05, -0.03, 0.24, robot_mode, normal, 
13/05/2022 14:20:05:230, robot_pos, 1652447894323, 539.16, 106.92, 271.84, 2.28, -0.07, -3.12, circuit_pos, 537.12, 113.01, 274.88, 2.29, -0.07, -3.13, tool_force, -1.64, 0.7, 6.2, actual_rep, 1, curr_step, 63, track_size, 112, robot_vel, 41.31, joints_pos, 23.14, 39.67, -17.61, -91.29, 17.14, 54.82, 48.0, tool_torque, 0.306, 0.173, 0.159, joint_torque, -0.31, 3.5, 0.15, -1.2, 0.03, -0.04, 0.14, robot_mode, normal, 
13/05/2022 14:20:05:373, robot_pos, 1652447894472, 537.93, 112.71, 274.23, 2.29, -0.07, -3.13, circuit_pos, 534.75, 124.86, 279.2, 2.3, -0.07, 3.14, tool_force, -1.33, 0.48, 6.17, actual_rep, 1, curr_step, 64, track_size, 112, robot_vel, 43.75, joints_pos, 23.6, 39.34, -17.43, -91.4, 17.17, 54.65, 48.15, tool_torque, 0.233, 0.227, 0.049, joint_torque, -0.39, 3.24, 0.1, -1.16, 0.04, -0.03, 0.03, robot_mode, normal, 
13/05/2022 14:20:05:502, robot_pos, 1652447894624, 536.74, 118.59, 276.59, 2.29, -0.07, -3.13, circuit_pos, 534.75, 124.86, 279.2, 2.3, -0.07, 3.14, tool_force, -1.41, 0.38, 6.07, actual_rep, 1, curr_step, 64, track_size, 112, robot_vel, 43.36, joints_pos, 24.09, 39.02, -17.28, -91.49, 17.22, 54.53, 48.36, tool_torque, 0.221, 0.253, 0.0060, joint_torque, -0.41, 3.45, 0.1, -1.25, 0.03, -0.01, -0.02, robot_mode, normal, 
13/05/2022 14:20:05:675, robot_pos, 1652447894771, 535.48, 124.27, 278.41, 2.3, -0.07, -3.14, circuit_pos, 532.1, 136.7, 282.28, 2.31, -0.07, 3.13, tool_force, -1.89, 0.19, 6.0, actual_rep, 1, curr_step, 65, track_size, 112, robot_vel, 41.62, joints_pos, 24.56, 38.75, -17.1, -91.58, 17.23, 54.37, 48.67, tool_torque, 0.223, 0.295, -0.021, joint_torque, -0.39, 3.42, 0.11, -1.18, 0.04, -0.02, -0.05, robot_mode, normal, 
13/05/2022 14:20:05:874, robot_pos, 1652447894926, 534.26, 130.23, 280.2, 2.3, -0.07, 3.14, circuit_pos, 532.1, 136.7, 282.28, 2.31, -0.07, 3.13, tool_force, -1.82, 0.52, 6.32, actual_rep, 1, curr_step, 65, track_size, 112, robot_vel, 40.71, joints_pos, 25.05, 38.52, -16.91, -91.61, 17.24, 54.27, 49.02, tool_torque, 0.252, 0.257, -0.012, joint_torque, -0.38, 3.4, 0.04, -1.18, 0.03, -0.02, -0.05, robot_mode, normal, 
13/05/2022 14:20:05:977, robot_pos, 1652447895077, 532.93, 136.14, 281.56, 2.31, -0.07, 3.13, circuit_pos, 529.44, 149.05, 284.4, 2.31, -0.07, 3.12, tool_force, -1.57, 0.15, 6.03, actual_rep, 1, curr_step, 66, track_size, 112, robot_vel, 40.01, joints_pos, 25.54, 38.33, -16.76, -91.66, 17.25, 54.13, 49.44, tool_torque, 0.196, 0.264, -0.013, joint_torque, -0.44, 3.29, 0.02, -1.2, 0.04, -0.02, -0.05, robot_mode, normal, 
13/05/2022 14:20:06:176, robot_pos, 1652447895226, 531.69, 141.98, 282.83, 2.31, -0.07, 3.13, circuit_pos, 529.44, 149.05, 284.4, 2.31, -0.07, 3.12, tool_force, -1.47, 0.39, 6.22, actual_rep, 1, curr_step, 66, track_size, 112, robot_vel, 47.55, joints_pos, 26.05, 38.16, -16.63, -91.68, 17.27, 54.02, 49.91, tool_torque, 0.233, 0.246, -0.0010, joint_torque, -0.37, 3.51, 0.05, -1.25, 0.03, -0.02, -0.04, robot_mode, normal, 
13/05/2022 14:20:06:278, robot_pos, 1652447895376, 530.43, 147.74, 283.68, 2.31, -0.07, 3.13, circuit_pos, 527.07, 160.53, 285.3, 2.31, -0.07, 3.12, tool_force, -1.57, 0.32, 6.34, actual_rep, 1, curr_step, 67, track_size, 112, robot_vel, 39.44, joints_pos, 26.54, 38.05, -16.48, -91.7, 17.27, 53.87, 50.41, tool_torque, 0.22, 0.272, -0.015, joint_torque, -0.32, 3.51, 0.14, -1.29, 0.04, 0.0, -0.05, robot_mode, normal, 
13/05/2022 14:20:06:480, robot_pos, 1652447895526, 529.22, 153.62, 284.39, 2.31, -0.07, 3.12, circuit_pos, 527.07, 160.53, 285.3, 2.31, -0.07, 3.12, tool_force, -1.31, -0.03, 5.95, actual_rep, 1, curr_step, 67, track_size, 112, robot_vel, 39.47, joints_pos, 27.04, 37.95, -16.33, -91.7, 17.27, 53.7, 50.98, tool_torque, 0.171, 0.213, -0.016, joint_torque, -0.27, 3.19, 0.08, -1.25, 0.05, -0.01, -0.06, robot_mode, normal, 
13/05/2022 14:20:06:583, robot_pos, 1652447895675, 528.04, 159.32, 284.75, 2.31, -0.07, 3.12, circuit_pos, 524.97, 170.94, 285.05, 2.31, -0.06, 3.11, tool_force, -1.47, 0.06, 6.15, actual_rep, 1, curr_step, 68, track_size, 112, robot_vel, 40.0, joints_pos, 27.56, 37.9, -16.22, -91.7, 17.26, 53.45, 51.61, tool_torque, 0.194, 0.26, -0.0070, joint_torque, -0.32, 3.37, 0.08, -1.23, 0.06, -0.02, -0.05, robot_mode, normal, 
13/05/2022 14:20:06:783, robot_pos, 1652447895823, 526.82, 165.13, 284.91, 2.31, -0.06, 3.12, circuit_pos, 524.97, 170.94, 285.05, 2.31, -0.06, 3.11, tool_force, -1.45, -0.06, 6.45, actual_rep, 1, curr_step, 68, track_size, 112, robot_vel, 41.36, joints_pos, 28.1, 37.87, -16.11, -91.69, 17.24, 53.24, 52.24, tool_torque, 0.137, 0.334, -0.044, joint_torque, -0.5, 3.38, 0.04, -1.31, 0.07, -0.01, -0.07, robot_mode, normal, 
13/05/2022 14:20:06:867, robot_pos, 1652447895972, 525.63, 170.8, 284.65, 2.31, -0.06, 3.11, circuit_pos, 522.81, 182.51, 283.36, 2.31, -0.06, 3.11, tool_force, -1.48, -0.32, 6.02, actual_rep, 1, curr_step, 69, track_size, 112, robot_vel, 45.11, joints_pos, 28.62, 37.89, -16.0, -91.7, 17.21, 52.93, 52.95, tool_torque, 0.14, 0.257, -0.01, joint_torque, -0.21, 3.27, 0.19, -1.3, 0.09, 0.0, -0.05, robot_mode, normal, 
13/05/2022 14:20:07:085, robot_pos, 1652447896121, 524.51, 176.57, 284.11, 2.31, -0.06, 3.11, circuit_pos, 522.81, 182.51, 283.36, 2.31, -0.06, 3.11, tool_force, -1.01, -0.37, 5.98, actual_rep, 1, curr_step, 69, track_size, 112, robot_vel, 39.7, joints_pos, 29.17, 37.94, -15.91, -91.67, 17.19, 52.62, 53.66, tool_torque, 0.102, 0.274, -0.011, joint_torque, -0.37, 3.24, 0.08, -1.37, 0.1, 0.02, -0.05, robot_mode, normal, 
13/05/2022 14:20:07:186, robot_pos, 1652447896270, 523.53, 182.35, 282.96, 2.31, -0.06, 3.11, circuit_pos, 521.31, 192.76, 280.36, 2.3, -0.05, 3.1, tool_force, -1.5, -0.37, 6.35, actual_rep, 1, curr_step, 70, track_size, 112, robot_vel, 37.82, joints_pos, 29.76, 38.07, -15.85, -91.66, 17.15, 52.16, 54.4, tool_torque, 0.116, 0.312, -0.027, joint_torque, -0.37, 3.34, 0.11, -1.35, 0.1, 0.01, -0.06, robot_mode, normal, 
13/05/2022 14:20:07:389, robot_pos, 1652447896419, 522.6, 188.17, 281.7, 2.31, -0.05, 3.1, circuit_pos, 520.98, 201.4, 276.4, 2.3, -0.04, 3.09, tool_force, -1.16, -0.62, 6.04, actual_rep, 1, curr_step, 71, track_size, 112, robot_vel, 42.89, joints_pos, 30.34, 38.22, -15.82, -91.61, 17.15, 51.73, 55.11, tool_torque, 0.077, 0.305, -0.034, joint_torque, -0.42, 3.39, 0.12, -1.48, 0.11, 0.03, -0.06, robot_mode, normal, 
13/05/2022 14:20:07:492, robot_pos, 1652447896568, 522.07, 193.95, 279.51, 2.3, -0.05, 3.1, circuit_pos, 520.98, 201.4, 276.4, 2.3, -0.04, 3.09, tool_force, -1.3, -0.66, 6.14, actual_rep, 1, curr_step, 71, track_size, 112, robot_vel, 42.61, joints_pos, 30.97, 38.48, -15.81, -91.57, 17.12, 51.02, 55.83, tool_torque, 0.054, 0.34, -0.032, joint_torque, -0.51, 3.23, 0.05, -1.42, 0.11, 0.03, -0.06, robot_mode, normal, 
13/05/2022 14:20:07:667, robot_pos, 1652447896717, 521.87, 199.72, 276.94, 2.3, -0.04, 3.09, circuit_pos, 522.0, 208.78, 271.4, 2.3, -0.02, 3.08, tool_force, -0.44, -1.07, 5.47, actual_rep, 1, curr_step, 72, track_size, 112, robot_vel, 41.19, joints_pos, 31.57, 38.78, -15.82, -91.51, 17.06, 50.19, 56.49, tool_torque, 0.033, 0.266, -0.032, joint_torque, -0.25, 2.99, 0.18, -1.43, 0.11, 0.06, -0.07, robot_mode, normal, 
13/05/2022 14:20:07:790, robot_pos, 1652447896868, 522.18, 205.66, 273.48, 2.3, -0.03, 3.08, circuit_pos, 523.94, 215.04, 266.06, 2.3, -0.01, 3.07, tool_force, -0.76, -0.42, 6.41, actual_rep, 1, curr_step, 73, track_size, 112, robot_vel, 43.23, joints_pos, 32.19, 39.22, -15.83, -91.38, 16.99, 49.18, 57.16, tool_torque, 0.13, 0.359, -0.029, joint_torque, -0.32, 3.49, 0.29, -1.51, 0.12, 0.09, -0.04, robot_mode, normal, 
13/05/2022 14:20:07:941, robot_pos, 1652447897016, 523.4, 211.42, 269.11, 2.3, -0.02, 3.07, circuit_pos, 525.95, 220.02, 261.23, 2.31, 0.0, 3.06, tool_force, -0.61, -0.79, 6.1, actual_rep, 1, curr_step, 74, track_size, 112, robot_vel, 50.65, joints_pos, 32.81, 39.81, -15.88, -91.16, 16.88, 47.95, 57.74, tool_torque, 0.052, 0.401, -0.052, joint_torque, -0.42, 3.39, 0.27, -1.44, 0.12, 0.07, -0.05, robot_mode, normal, 
13/05/2022 14:20:08:092, robot_pos, 1652447897167, 525.06, 217.25, 263.89, 2.31, -0.01, 3.07, circuit_pos, 527.65, 223.06, 257.52, 2.31, 0.01, 3.06, tool_force, -0.61, -0.59, 6.33, actual_rep, 1, curr_step, 75, track_size, 112, robot_vel, 53.41, joints_pos, 33.42, 40.58, -15.95, -90.8, 16.76, 46.9, 58.12, tool_torque, 0.047, 0.485, -0.068, joint_torque, -0.27, 3.36, 0.56, -1.42, 0.14, 0.1, -0.03, robot_mode, normal, 
13/05/2022 14:20:08:215, robot_pos, 1652447897313, 527.53, 222.2, 258.22, 2.31, 0.0, 3.06, circuit_pos, 531.13, 226.51, 252.64, 2.32, 0.01, 3.07, tool_force, -0.53, -0.86, 6.28, actual_rep, 1, curr_step, 77, track_size, 112, robot_vel, 56.18, joints_pos, 33.9, 41.55, -16.09, -90.11, 16.67, 46.43, 58.34, tool_torque, -0.034, 0.361, -0.064, joint_torque, -0.1, 3.18, 0.62, -1.35, 0.12, 0.03, -0.03, robot_mode, normal, 
13/05/2022 14:20:08:395, robot_pos, 1652447897464, 530.85, 225.82, 252.93, 2.32, 0.0, 3.08, circuit_pos, 533.43, 227.59, 250.5, 2.32, 0.0, 3.09, tool_force, -0.39, -0.75, 7.51, actual_rep, 1, curr_step, 79, track_size, 112, robot_vel, 51.16, joints_pos, 34.2, 42.7, -16.33, -89.04, 16.65, 47.0, 58.44, tool_torque, -0.229, 0.322, -0.077, joint_torque, -0.31, 4.18, 0.75, -1.46, 0.11, -0.23, -0.02, robot_mode, normal, 
13/05/2022 14:20:08:595, robot_pos, 1652447897612, 533.57, 226.9, 251.4, 2.32, -0.01, 3.1, circuit_pos, 536.8, 226.22, 250.45, 2.32, -0.01, 3.11, tool_force, 0.26, -0.88, 6.99, actual_rep, 1, curr_step, 82, track_size, 112, robot_vel, 20.97, joints_pos, 34.19, 43.53, -16.58, -87.81, 16.91, 48.94, 58.35, tool_torque, -0.187, 0.046, 0.114, joint_torque, -0.29, 3.35, 0.51, -1.48, 0.05, -0.26, 0.21, robot_mode, normal, 
13/05/2022 14:20:08:696, robot_pos, 1652447897762, 537.77, 226.25, 250.25, 2.31, -0.01, 3.11, circuit_pos, 536.87, 226.18, 250.25, 2.32, -0.01, 3.11, tool_force, 0.33, -1.06, 6.43, actual_rep, 1, curr_step, 84, track_size, 112, robot_vel, 31.09, joints_pos, 34.05, 44.21, -16.85, -86.82, 17.07, 49.95, 58.38, tool_torque, -0.148, -0.13, 0.115, joint_torque, -0.31, 3.27, 0.25, -1.3, 0.02, -0.31, 0.14, robot_mode, normal, 
13/05/2022 14:20:08:897, robot_pos, 1652447897916, 537.01, 226.97, 250.92, 2.32, -0.01, 3.11, circuit_pos, 536.22, 226.63, 251.52, 2.32, -0.01, 3.11, tool_force, 0.41, 0.27, 6.11, actual_rep, 1, curr_step, 87, track_size, 112, robot_vel, 11.95, joints_pos, 34.17, 44.08, -16.87, -86.93, 17.08, 49.92, 58.33, tool_torque, 0.177, 0.082, 0.139, joint_torque, -0.04, 3.69, 0.65, -1.24, 0.08, -0.06, 0.19, robot_mode, normal, 
13/05/2022 14:20:09:002, robot_pos, 1652447898059, 536.45, 226.93, 251.7, 2.32, -0.01, 3.11, circuit_pos, 535.91, 226.95, 251.4, 2.32, -0.01, 3.11, tool_force, -0.05, 0.0, 6.1, actual_rep, 1, curr_step, 89, track_size, 112, robot_vel, 8.47, joints_pos, 34.2, 43.95, -16.88, -87.03, 17.02, 49.92, 58.3, tool_torque, 0.119, 0.11, 0.176, joint_torque, -0.19, 3.38, 0.45, -1.29, 0.11, -0.06, 0.2, robot_mode, normal, 
13/05/2022 14:20:09:119, robot_pos, 1652447898208, 536.32, 227.02, 251.39, 2.32, -0.01, 3.11, circuit_pos, 536.04, 226.99, 251.3, 2.32, -0.01, 3.11, tool_force, -0.01, 0.02, 6.21, actual_rep, 1, curr_step, 92, track_size, 112, robot_vel, 3.33, joints_pos, 34.21, 43.96, -16.86, -87.06, 17.01, 49.86, 58.32, tool_torque, 0.162, 0.108, 0.135, joint_torque, -0.1, 3.37, 0.45, -1.29, 0.11, -0.02, 0.14, robot_mode, normal, 
13/05/2022 14:20:09:301, robot_pos, 1652447898358, 536.38, 227.08, 251.37, 2.32, -0.01, 3.11, circuit_pos, 536.07, 226.96, 251.3, 2.32, -0.01, 3.11, tool_force, -0.11, -0.05, 6.46, actual_rep, 1, curr_step, 94, track_size, 112, robot_vel, 1.31, joints_pos, 34.21, 43.98, -16.86, -87.04, 17.01, 49.88, 58.33, tool_torque, 0.088, 0.089, 0.129, joint_torque, -0.21, 3.43, 0.39, -1.31, 0.1, -0.09, 0.14, robot_mode, normal, 
13/05/2022 14:20:09:421, robot_pos, 1652447898506, 536.4, 227.07, 251.35, 2.32, -0.01, 3.11, circuit_pos, 536.06, 226.96, 251.28, 2.32, -0.01, 3.11, tool_force, -0.27, -0.17, 6.43, actual_rep, 1, curr_step, 97, track_size, 112, robot_vel, 0.37, joints_pos, 34.2, 43.98, -16.86, -87.03, 17.01, 49.88, 58.33, tool_torque, 0.088, 0.09, 0.14, joint_torque, -0.27, 3.42, 0.34, -1.33, 0.09, -0.09, 0.15, robot_mode, normal, 
13/05/2022 14:20:09:570, robot_pos, 1652447898657, 536.4, 227.08, 251.35, 2.32, -0.01, 3.11, circuit_pos, 536.07, 226.97, 251.28, 2.32, -0.01, 3.11, tool_force, -0.18, -0.14, 6.39, actual_rep, 1, curr_step, 99, track_size, 112, robot_vel, 0.03, joints_pos, 34.21, 43.98, -16.86, -87.03, 17.01, 49.88, 58.33, tool_torque, 0.096, 0.079, 0.148, joint_torque, -0.24, 3.41, 0.37, -1.32, 0.09, -0.09, 0.17, robot_mode, normal, 
13/05/2022 14:20:09:751, robot_pos, 1652447898806, 536.4, 227.08, 251.35, 2.32, -0.01, 3.11, circuit_pos, 536.07, 226.97, 251.28, 2.32, -0.01, 3.11, tool_force, -0.18, -0.13, 6.41, actual_rep, 1, curr_step, 102, track_size, 112, robot_vel, 0.01, joints_pos, 34.21, 43.98, -16.86, -87.03, 17.02, 49.88, 58.33, tool_torque, 0.096, 0.075, 0.151, joint_torque, -0.23, 3.4, 0.37, -1.33, 0.09, -0.09, 0.17, robot_mode, normal, 
13/05/2022 14:20:09:911, robot_pos, 1652447898955, 536.4, 227.08, 251.35, 2.32, -0.01, 3.11, circuit_pos, 536.07, 226.97, 251.28, 2.32, -0.01, 3.11, tool_force, -0.17, -0.13, 6.39, actual_rep, 1, curr_step, 104, track_size, 112, robot_vel, 0.01, joints_pos, 34.21, 43.98, -16.86, -87.03, 17.02, 49.88, 58.33, tool_torque, 0.096, 0.074, 0.152, joint_torque, -0.23, 3.41, 0.37, -1.32, 0.09, -0.09, 0.17, robot_mode, normal, 
13/05/2022 14:20:10:020, robot_pos, 1652447899103, 536.4, 227.08, 251.35, 2.32, -0.01, 3.11, circuit_pos, 536.07, 226.97, 251.28, 2.32, -0.01, 3.11, tool_force, -0.17, -0.13, 6.39, actual_rep, 1, curr_step, 106, track_size, 112, robot_vel, 0.0, joints_pos, 34.21, 43.98, -16.86, -87.03, 17.02, 49.88, 58.33, tool_torque, 0.095, 0.075, 0.152, joint_torque, -0.24, 3.4, 0.37, -1.32, 0.09, -0.09, 0.17, robot_mode, normal, 
13/05/2022 14:20:10:214, robot_pos, 1652447899253, 536.4, 227.08, 251.35, 2.32, -0.01, 3.11, circuit_pos, 536.07, 226.97, 251.28, 2.32, -0.01, 3.11, tool_force, -0.18, -0.15, 6.4, actual_rep, 1, curr_step, 109, track_size, 112, robot_vel, 0.0, joints_pos, 34.21, 43.98, -16.86, -87.03, 17.02, 49.88, 58.33, tool_torque, 0.094, 0.077, 0.152, joint_torque, -0.24, 3.4, 0.37, -1.33, 0.09, -0.09, 0.17, robot_mode, normal, 
13/05/2022 14:20:10:320, robot_pos, 1652447899400, 536.4, 227.08, 251.35, 2.32, -0.01, 3.11, circuit_pos, 536.07, 226.97, 251.28, 2.32, -0.01, 3.11, tool_force, -0.17, -0.14, 6.4, actual_rep, 1, curr_step, 111, track_size, 112, robot_vel, 0.01, joints_pos, 34.21, 43.98, -16.86, -87.03, 17.02, 49.88, 58.33, tool_torque, 0.094, 0.079, 0.151, joint_torque, -0.24, 3.41, 0.37, -1.33, 0.09, -0.09, 0.17, robot_mode, normal, 
13/05/2022 14:20:10:516, robot_pos, 1652447899551, 536.4, 227.08, 251.35, 2.32, -0.01, 3.11, circuit_pos, 536.07, 226.97, 251.28, 2.32, -0.01, 3.11, tool_force, -0.17, -0.15, 6.39, actual_rep, 1, curr_step, 110, track_size, 112, robot_vel, 0.01, joints_pos, 34.21, 43.98, -16.86, -87.03, 17.02, 49.88, 58.33, tool_torque, 0.094, 0.077, 0.151, joint_torque, -0.24, 3.4, 0.37, -1.32, 0.09, -0.09, 0.17, robot_mode, normal, 
13/05/2022 14:20:10:627, robot_pos, 1652447899699, 536.4, 227.08, 251.35, 2.32, -0.01, 3.11, circuit_pos, 536.07, 226.97, 251.28, 2.32, -0.01, 3.11, tool_force, -0.18, -0.11, 6.43, actual_rep, 1, curr_step, 108, track_size, 112, robot_vel, 0.0, joints_pos, 34.21, 43.98, -16.86, -87.03, 17.02, 49.88, 58.33, tool_torque, 0.097, 0.078, 0.152, joint_torque, -0.24, 3.42, 0.37, -1.33, 0.09, -0.09, 0.17, robot_mode, normal, 
13/05/2022 14:20:10:819, robot_pos, 1652447899850, 536.4, 227.08, 251.35, 2.32, -0.01, 3.11, circuit_pos, 536.07, 226.97, 251.28, 2.32, -0.01, 3.11, tool_force, -0.2, -0.14, 6.39, actual_rep, 1, curr_step, 106, track_size, 112, robot_vel, 0.0, joints_pos, 34.21, 43.98, -16.86, -87.03, 17.02, 49.88, 58.33, tool_torque, 0.09, 0.086, 0.149, joint_torque, -0.26, 3.4, 0.36, -1.32, 0.09, -0.09, 0.17, robot_mode, normal, 
13/05/2022 14:20:10:929, robot_pos, 1652447899999, 536.41, 227.08, 251.35, 2.32, -0.01, 3.11, circuit_pos, 536.07, 226.97, 251.28, 2.32, -0.01, 3.11, tool_force, -0.19, -0.14, 6.41, actual_rep, 1, curr_step, 104, track_size, 112, robot_vel, 0.01, joints_pos, 34.21, 43.98, -16.86, -87.03, 17.02, 49.88, 58.33, tool_torque, 0.096, 0.078, 0.152, joint_torque, -0.24, 3.41, 0.37, -1.32, 0.09, -0.09, 0.17, robot_mode, normal, 
13/05/2022 14:20:11:120, robot_pos, 1652447900150, 536.41, 227.08, 251.35, 2.32, -0.01, 3.11, circuit_pos, 536.07, 226.97, 251.28, 2.32, -0.01, 3.11, tool_force, -0.19, -0.12, 6.41, actual_rep, 1, curr_step, 101, track_size, 112, robot_vel, 0.01, joints_pos, 34.21, 43.98, -16.86, -87.03, 17.02, 49.88, 58.33, tool_torque, 0.096, 0.077, 0.152, joint_torque, -0.24, 3.41, 0.37, -1.32, 0.09, -0.09, 0.17, robot_mode, normal, 
13/05/2022 14:20:11:228, robot_pos, 1652447900299, 536.4, 227.08, 251.35, 2.32, -0.01, 3.11, circuit_pos, 536.07, 226.96, 251.28, 2.32, -0.01, 3.11, tool_force, -0.19, -0.12, 6.43, actual_rep, 1, curr_step, 98, track_size, 112, robot_vel, 0.01, joints_pos, 34.21, 43.98, -16.86, -87.03, 17.02, 49.88, 58.33, tool_torque, 0.093, 0.079, 0.151, joint_torque, -0.24, 3.41, 0.37, -1.32, 0.09, -0.09, 0.17, robot_mode, normal, 
13/05/2022 14:20:11:425, robot_pos, 1652447900448, 536.41, 227.08, 251.35, 2.32, -0.01, 3.11, circuit_pos, 536.06, 226.96, 251.28, 2.32, -0.01, 3.11, tool_force, -0.2, -0.16, 6.38, actual_rep, 1, curr_step, 96, track_size, 112, robot_vel, 0.02, joints_pos, 34.21, 43.98, -16.86, -87.03, 17.02, 49.88, 58.33, tool_torque, 0.087, 0.082, 0.149, joint_torque, -0.25, 3.4, 0.37, -1.32, 0.09, -0.09, 0.17, robot_mode, normal, 
13/05/2022 14:20:11:529, robot_pos, 1652447900594, 536.41, 227.08, 251.34, 2.32, -0.01, 3.11, circuit_pos, 536.07, 226.95, 251.3, 2.32, -0.01, 3.11, tool_force, -0.16, -0.11, 6.42, actual_rep, 1, curr_step, 93, track_size, 112, robot_vel, 0.02, joints_pos, 34.21, 43.98, -16.86, -87.03, 17.02, 49.88, 58.33, tool_torque, 0.094, 0.08, 0.15, joint_torque, -0.23, 3.42, 0.38, -1.32, 0.09, -0.09, 0.17, robot_mode, normal, 
13/05/2022 14:20:11:727, robot_pos, 1652447900747, 536.41, 227.09, 251.35, 2.32, -0.01, 3.11, circuit_pos, 536.03, 226.92, 251.25, 2.32, -0.01, 3.11, tool_force, -0.22, -0.1, 6.41, actual_rep, 1, curr_step, 91, track_size, 112, robot_vel, 0.08, joints_pos, 34.21, 43.98, -16.86, -87.03, 17.02, 49.88, 58.33, tool_torque, 0.095, 0.079, 0.154, joint_torque, -0.25, 3.4, 0.36, -1.32, 0.09, -0.09, 0.17, robot_mode, normal, 
13/05/2022 14:20:11:836, robot_pos, 1652447900894, 536.39, 227.07, 251.35, 2.32, -0.01, 3.11, circuit_pos, 536.07, 226.84, 251.57, 2.32, -0.01, 3.11, tool_force, -0.23, -0.03, 6.51, actual_rep, 1, curr_step, 88, track_size, 112, robot_vel, 0.17, joints_pos, 34.21, 43.98, -16.86, -87.03, 17.01, 49.88, 58.33, tool_torque, 0.102, 0.098, 0.149, joint_torque, -0.25, 3.41, 0.38, -1.28, 0.09, -0.09, 0.18, robot_mode, normal, 
13/05/2022 14:20:12:008, robot_pos, 1652447901045, 536.51, 226.84, 251.58, 2.32, -0.01, 3.11, circuit_pos, 536.45, 226.6, 251.08, 2.32, -0.01, 3.11, tool_force, 0.07, -0.15, 6.37, actual_rep, 1, curr_step, 86, track_size, 112, robot_vel, 1.21, joints_pos, 34.2, 43.96, -16.88, -87.04, 17.01, 49.89, 58.32, tool_torque, 0.052, 0.043, 0.165, joint_torque, -0.11, 3.42, 0.5, -1.33, 0.1, -0.12, 0.2, robot_mode, normal, 
13/05/2022 14:20:12:133, robot_pos, 1652447901194, 536.82, 226.64, 250.56, 2.32, -0.01, 3.11, circuit_pos, 537.02, 225.97, 250.34, 2.31, -0.01, 3.11, tool_force, 0.28, 0.2, 6.45, actual_rep, 1, curr_step, 83, track_size, 112, robot_vel, 10.19, joints_pos, 34.15, 44.09, -16.87, -86.98, 17.07, 49.85, 58.33, tool_torque, 0.241, -0.011, 0.163, joint_torque, 0.08, 3.63, 0.52, -1.36, 0.07, -0.02, 0.15, robot_mode, normal, 
13/05/2022 14:20:12:291, robot_pos, 1652447901345, 537.3, 226.3, 250.41, 2.31, -0.01, 3.11, circuit_pos, 535.33, 227.13, 250.46, 2.32, -0.01, 3.11, tool_force, 0.7, -0.52, 6.25, actual_rep, 1, curr_step, 81, track_size, 112, robot_vel, 2.29, joints_pos, 34.1, 44.14, -16.88, -86.92, 17.13, 49.89, 58.33, tool_torque, 0.03, -0.169, 0.182, joint_torque, 0.12, 3.29, 0.44, -1.45, 0.05, -0.14, 0.18, robot_mode, normal, 
13/05/2022 14:20:12:434, robot_pos, 1652447901493, 535.76, 227.3, 250.38, 2.32, -0.01, 3.1, circuit_pos, 532.5, 227.37, 251.18, 2.32, 0.0, 3.08, tool_force, 0.32, 0.1, 6.02, actual_rep, 1, curr_step, 78, track_size, 112, robot_vel, 12.77, joints_pos, 34.28, 43.95, -16.85, -87.28, 17.07, 49.4, 58.23, tool_torque, 0.3, 0.013, 0.267, joint_torque, -0.08, 3.46, 0.46, -1.36, 0.1, 0.07, 0.28, robot_mode, normal, 
13/05/2022 14:20:12:635, robot_pos, 1652447901642, 533.68, 227.37, 251.21, 2.32, 0.0, 3.09, circuit_pos, 529.41, 225.16, 254.71, 2.32, 0.01, 3.07, tool_force, -0.58, 1.2, 6.42, actual_rep, 1, curr_step, 76, track_size, 112, robot_vel, 15.49, joints_pos, 34.52, 43.36, -16.86, -88.24, 17.02, 47.72, 58.25, tool_torque, 0.356, 0.344, 0.149, joint_torque, -0.45, 3.83, 0.46, -1.3, 0.11, 0.09, 0.2, robot_mode, normal, 
13/05/2022 14:20:12:755, robot_pos, 1652447901790, 529.59, 224.57, 256.11, 2.31, 0.01, 3.07, circuit_pos, 525.95, 220.02, 261.23, 2.31, 0.0, 3.06, tool_force, 0.24, -0.15, 6.02, actual_rep, 1, curr_step, 74, track_size, 112, robot_vel, 50.13, joints_pos, 34.62, 42.14, -16.94, -89.6, 17.09, 46.69, 58.24, tool_torque, 0.178, 0.217, 0.166, joint_torque, -0.26, 2.68, 0.5, -1.16, 0.06, 0.09, 0.27, robot_mode, normal, 
13/05/2022 14:20:13:072, robot_pos, 1652447902117, 523.57, 212.74, 268.17, 2.3, -0.01, 3.07, circuit_pos, 520.98, 201.4, 276.4, 2.3, -0.04, 3.09, tool_force, 1.07, 0.96, 7.02, actual_rep, 1, curr_step, 71, track_size, 112, robot_vel, 54.09, joints_pos, 33.71, 40.07, -16.96, -91.09, 17.5, 48.1, 57.49, tool_torque, 0.296, -0.564, 0.507, joint_torque, 0.27, 3.53, 0.34, -1.15, 0.02, -0.28, 0.51, robot_mode, normal, 
13/05/2022 14:20:13:236, robot_pos, 1652447902277, 522.3, 206.59, 272.79, 2.3, -0.03, 3.08, circuit_pos, 520.98, 201.4, 276.4, 2.3, -0.04, 3.09, tool_force, 0.81, 0.45, 6.74, actual_rep, 1, curr_step, 71, track_size, 112, robot_vel, 51.29, joints_pos, 33.03, 39.45, -16.87, -91.32, 17.59, 49.32, 56.91, tool_torque, 0.272, -0.574, 0.533, joint_torque, 0.13, 3.44, 0.17, -1.18, 0.03, -0.29, 0.51, robot_mode, normal, 
13/05/2022 14:20:13:405, robot_pos, 1652447902448, 521.85, 199.99, 276.59, 2.3, -0.04, 3.09, circuit_pos, 521.31, 192.76, 280.36, 2.3, -0.05, 3.1, tool_force, 0.91, 0.6, 6.39, actual_rep, 1, curr_step, 70, track_size, 112, robot_vel, 50.35, joints_pos, 32.28, 38.94, -16.76, -91.49, 17.61, 50.36, 56.21, tool_torque, 0.306, -0.63, 0.562, joint_torque, 0.25, 3.47, 0.13, -1.2, 0.04, -0.3, 0.51, robot_mode, normal, 
13/05/2022 14:20:13:553, robot_pos, 1652447902601, 521.99, 193.96, 279.29, 2.3, -0.04, 3.1, circuit_pos, 522.81, 182.51, 283.36, 2.31, -0.06, 3.11, tool_force, 0.93, 0.45, 6.28, actual_rep, 1, curr_step, 69, track_size, 112, robot_vel, 46.66, joints_pos, 31.62, 38.59, -16.71, -91.6, 17.62, 51.11, 55.55, tool_torque, 0.268, -0.608, 0.568, joint_torque, 0.15, 3.27, 0.02, -1.26, 0.04, -0.27, 0.52, robot_mode, normal, 
13/05/2022 14:20:13:743, robot_pos, 1652447902753, 522.59, 188.12, 281.35, 2.3, -0.05, 3.1, circuit_pos, 522.81, 182.51, 283.36, 2.31, -0.06, 3.11, tool_force, 1.01, 0.63, 6.35, actual_rep, 1, curr_step, 69, track_size, 112, robot_vel, 41.56, joints_pos, 30.97, 38.33, -16.69, -91.66, 17.62, 51.71, 54.85, tool_torque, 0.318, -0.6, 0.544, joint_torque, 0.35, 3.38, 0.14, -1.15, 0.05, -0.29, 0.48, robot_mode, normal, 
13/05/2022 14:20:13:855, robot_pos, 1652447902901, 523.3, 182.39, 282.66, 2.31, -0.05, 3.11, circuit_pos, 524.97, 170.94, 285.05, 2.31, -0.06, 3.11, tool_force, 0.63, 0.78, 6.66, actual_rep, 1, curr_step, 68, track_size, 112, robot_vel, 39.96, joints_pos, 30.36, 38.15, -16.67, -91.74, 17.61, 52.12, 54.13, tool_torque, 0.33, -0.551, 0.557, joint_torque, 0.26, 3.51, 0.13, -1.22, 0.05, -0.29, 0.5, robot_mode, normal, 
13/05/2022 14:20:14:012, robot_pos, 1652447903054, 524.28, 176.41, 283.88, 2.31, -0.06, 3.11, circuit_pos, 527.07, 160.53, 285.3, 2.31, -0.07, 3.12, tool_force, 0.59, 0.68, 6.72, actual_rep, 1, curr_step, 67, track_size, 112, robot_vel, 39.18, joints_pos, 29.71, 38.0, -16.66, -91.77, 17.61, 52.58, 53.38, tool_torque, 0.32, -0.509, 0.519, joint_torque, 0.36, 3.59, 0.21, -1.3, 0.06, -0.27, 0.48, robot_mode, normal, 
13/05/2022 14:20:14:163, robot_pos, 1652447903207, 525.35, 170.53, 284.41, 2.31, -0.06, 3.11, circuit_pos, 527.07, 160.53, 285.3, 2.31, -0.07, 3.12, tool_force, 0.57, 0.51, 6.38, actual_rep, 1, curr_step, 67, track_size, 112, robot_vel, 39.12, joints_pos, 29.09, 37.93, -16.65, -91.81, 17.56, 52.87, 52.72, tool_torque, 0.263, -0.492, 0.538, joint_torque, 0.26, 3.28, 0.15, -1.21, 0.09, -0.28, 0.48, robot_mode, normal, 
13/05/2022 14:20:14:326, robot_pos, 1652447903359, 526.51, 164.53, 284.88, 2.31, -0.06, 3.12, circuit_pos, 529.44, 149.05, 284.4, 2.31, -0.07, 3.12, tool_force, 0.7, 0.82, 6.39, actual_rep, 1, curr_step, 66, track_size, 112, robot_vel, 38.21, joints_pos, 28.45, 37.87, -16.65, -91.82, 17.52, 53.17, 52.04, tool_torque, 0.283, -0.482, 0.53, joint_torque, 0.27, 3.25, 0.18, -1.18, 0.09, -0.29, 0.5, robot_mode, normal, 
13/05/2022 14:20:14:475, robot_pos, 1652447903512, 527.68, 158.62, 284.76, 2.31, -0.06, 3.12, circuit_pos, 529.44, 149.05, 284.4, 2.31, -0.07, 3.12, tool_force, 0.79, 0.48, 6.21, actual_rep, 1, curr_step, 66, track_size, 112, robot_vel, 40.46, joints_pos, 27.83, 37.87, -16.66, -91.85, 17.46, 53.37, 51.42, tool_torque, 0.247, -0.452, 0.503, joint_torque, 0.24, 3.13, 0.2, -1.17, 0.1, -0.28, 0.47, robot_mode, normal, 
13/05/2022 14:20:14:637, robot_pos, 1652447903663, 528.82, 152.75, 284.53, 2.31, -0.06, 3.12, circuit_pos, 532.1, 136.7, 282.28, 2.31, -0.07, 3.13, tool_force, 0.51, 0.3, 6.11, actual_rep, 1, curr_step, 65, track_size, 112, robot_vel, 42.06, joints_pos, 27.21, 37.9, -16.68, -91.85, 17.41, 53.58, 50.83, tool_torque, 0.188, -0.343, 0.487, joint_torque, 0.13, 3.08, 0.22, -1.21, 0.1, -0.25, 0.48, robot_mode, normal, 
13/05/2022 14:20:14:788, robot_pos, 1652447903823, 530.09, 146.63, 283.67, 2.31, -0.07, 3.13, circuit_pos, 532.1, 136.7, 282.28, 2.31, -0.07, 3.13, tool_force, 0.49, 0.34, 6.4, actual_rep, 1, curr_step, 65, track_size, 112, robot_vel, 41.38, joints_pos, 26.62, 37.99, -16.72, -91.86, 17.33, 53.75, 50.28, tool_torque, 0.161, -0.279, 0.444, joint_torque, 0.17, 3.3, 0.4, -1.31, 0.11, -0.25, 0.45, robot_mode, normal, 
13/05/2022 14:20:14:932, robot_pos, 1652447903969, 531.28, 140.85, 282.9, 2.31, -0.07, 3.13, circuit_pos, 534.75, 124.86, 279.2, 2.3, -0.07, 3.14, tool_force, 0.31, 0.11, 6.29, actual_rep, 1, curr_step, 64, track_size, 112, robot_vel, 44.7, joints_pos, 26.04, 38.08, -16.76, -91.85, 17.28, 53.87, 49.81, tool_torque, 0.135, -0.3, 0.463, joint_torque, 0.17, 3.1, 0.4, -1.29, 0.11, -0.25, 0.48, robot_mode, normal, 
13/05/2022 14:20:15:098, robot_pos, 1652447904121, 532.57, 134.97, 281.61, 2.31, -0.07, 3.13, circuit_pos, 534.75, 124.86, 279.2, 2.3, -0.07, 3.14, tool_force, 0.65, -0.03, 6.29, actual_rep, 1, curr_step, 64, track_size, 112, robot_vel, 41.55, joints_pos, 25.47, 38.24, -16.82, -91.82, 17.2, 53.99, 49.39, tool_torque, 0.099, -0.272, 0.42, joint_torque, 0.24, 3.23, 0.5, -1.37, 0.11, -0.26, 0.44, robot_mode, normal, 
13/05/2022 14:20:15:244, robot_pos, 1652447904274, 533.85, 128.99, 280.24, 2.3, -0.07, 3.14, circuit_pos, 537.12, 113.01, 274.88, 2.29, -0.07, -3.13, tool_force, 0.61, -0.02, 6.21, actual_rep, 1, curr_step, 63, track_size, 112, robot_vel, 38.84, joints_pos, 24.92, 38.42, -16.91, -91.79, 17.15, 54.08, 48.99, tool_torque, 0.043, -0.238, 0.389, joint_torque, 0.17, 3.02, 0.53, -1.31, 0.11, -0.26, 0.42, robot_mode, normal, 
13/05/2022 14:20:15:437, robot_pos, 1652447904423, 534.99, 123.18, 278.35, 2.3, -0.07, -3.14, circuit_pos, 537.12, 113.01, 274.88, 2.29, -0.07, -3.13, tool_force, 0.7, -0.03, 6.49, actual_rep, 1, curr_step, 63, track_size, 112, robot_vel, 45.11, joints_pos, 24.41, 38.67, -17.04, -91.74, 17.11, 54.22, 48.69, tool_torque, 0.025, -0.222, 0.399, joint_torque, 0.15, 3.18, 0.58, -1.39, 0.12, -0.27, 0.45, robot_mode, normal, 
13/05/2022 14:20:15:556, robot_pos, 1652447904582, 536.28, 116.97, 276.34, 2.29, -0.07, -3.13, circuit_pos, 539.32, 101.92, 270.0, 2.27, -0.07, -3.12, tool_force, 0.47, -0.01, 6.52, actual_rep, 1, curr_step, 62, track_size, 112, robot_vel, 40.44, joints_pos, 23.88, 38.95, -17.2, -91.66, 17.08, 54.38, 48.37, tool_torque, 0.0080, -0.17, 0.363, joint_torque, 0.01, 3.17, 0.49, -1.4, 0.11, -0.27, 0.41, robot_mode, normal, 
13/05/2022 14:20:15:700, robot_pos, 1652447904725, 537.38, 111.45, 274.13, 2.28, -0.07, -3.13, circuit_pos, 539.32, 101.92, 270.0, 2.27, -0.07, -3.12, tool_force, 0.68, -0.04, 6.44, actual_rep, 1, curr_step, 62, track_size, 112, robot_vel, 40.76, joints_pos, 23.44, 39.25, -17.37, -91.58, 17.07, 54.52, 48.22, tool_torque, 0.033, -0.239, 0.359, joint_torque, 0.21, 3.05, 0.5, -1.38, 0.11, -0.27, 0.39, robot_mode, normal, 
13/05/2022 14:20:15:852, robot_pos, 1652447904873, 538.56, 105.71, 271.78, 2.28, -0.07, -3.12, circuit_pos, 541.5, 91.66, 264.67, 2.25, -0.07, -3.1, tool_force, 0.42, -0.02, 6.39, actual_rep, 1, curr_step, 61, track_size, 112, robot_vel, 43.01, joints_pos, 23.01, 39.61, -17.6, -91.45, 17.07, 54.7, 48.05, tool_torque, 0.015, -0.153, 0.339, joint_torque, 0.06, 3.15, 0.54, -1.35, 0.11, -0.26, 0.38, robot_mode, normal, 
13/05/2022 14:20:16:012, robot_pos, 1652447905035, 539.84, 99.39, 268.67, 2.27, -0.07, -3.11, circuit_pos, 541.5, 91.66, 264.67, 2.25, -0.07, -3.1, tool_force, 0.56, -0.2, 6.21, actual_rep, 1, curr_step, 61, track_size, 112, robot_vel, 42.31, joints_pos, 22.52, 40.05, -17.82, -91.3, 17.07, 54.91, 48.0, tool_torque, -0.0010, -0.178, 0.328, joint_torque, 0.1, 3.16, 0.54, -1.39, 0.1, -0.27, 0.37, robot_mode, normal, 
13/05/2022 14:20:16:166, robot_pos, 1652447905186, 541.11, 93.47, 265.58, 2.26, -0.07, -3.1, circuit_pos, 543.75, 82.88, 259.22, 2.24, -0.07, -3.09, tool_force, 0.73, -0.02, 6.6, actual_rep, 1, curr_step, 60, track_size, 112, robot_vel, 44.16, joints_pos, 22.07, 40.52, -18.06, -91.11, 17.07, 55.13, 47.97, tool_torque, 0.0070, -0.228, 0.303, joint_torque, 0.21, 3.16, 0.62, -1.41, 0.11, -0.27, 0.33, robot_mode, normal, 
13/05/2022 14:20:17:646, robot_pos, 1652447906572, 582.23, 76.82, 252.67, 2.25, 0.0, 3.13, circuit_pos, 588.09, 83.78, 262.89, 2.28, 0.0, 3.1, tool_force, 0.05, 0.25, 5.69, actual_rep, 1, curr_step, 51, track_size, 112, robot_vel, 63.52, joints_pos, 20.12, 44.92, -18.82, -85.53, 17.33, 51.81, 46.95, tool_torque, 0.416, -0.087, 0.409, joint_torque, -0.25, 3.41, 0.2, -1.36, 0.04, 0.01, 0.42, robot_mode, normal, 
13/05/2022 14:20:17:729, robot_pos, 1652447906720, 585.48, 80.79, 258.56, 2.27, 0.0, 3.11, circuit_pos, 592.05, 88.24, 274.94, 2.31, 0.01, 3.08, tool_force, 0.26, 0.35, 5.9, actual_rep, 1, curr_step, 50, track_size, 112, robot_vel, 47.57, joints_pos, 20.12, 44.53, -18.48, -85.05, 17.36, 51.72, 46.28, tool_torque, 0.411, -0.153, 0.444, joint_torque, -0.12, 3.34, 0.22, -1.44, 0.05, 0.0, 0.45, robot_mode, normal, 
13/05/2022 14:20:17:933, robot_pos, 1652447906871, 587.96, 83.43, 264.04, 2.28, 0.01, 3.1, circuit_pos, 592.05, 88.24, 274.94, 2.31, 0.01, 3.08, tool_force, 0.35, -0.5, 6.51, actual_rep, 1, curr_step, 50, track_size, 112, robot_vel, 54.94, joints_pos, 20.08, 44.17, -18.23, -84.65, 17.36, 51.84, 45.64, tool_torque, 0.193, -0.356, 0.437, joint_torque, -0.14, 3.44, 0.1, -1.5, 0.05, -0.21, 0.42, robot_mode, normal, 
13/05/2022 14:20:18:016, robot_pos, 1652447907020, 590.08, 86.01, 270.0, 2.29, 0.01, 3.09, circuit_pos, 594.73, 90.51, 288.26, 2.34, 0.0, 3.07, tool_force, 0.59, -0.33, 6.35, actual_rep, 1, curr_step, 49, track_size, 112, robot_vel, 45.56, joints_pos, 20.05, 43.78, -17.99, -84.23, 17.36, 52.11, 45.05, tool_torque, 0.234, -0.407, 0.469, joint_torque, -0.01, 3.68, 0.18, -1.49, 0.06, -0.24, 0.44, robot_mode, normal, 
13/05/2022 14:20:18:237, robot_pos, 1652447907171, 591.56, 87.5, 275.86, 2.31, 0.01, 3.09, circuit_pos, 594.73, 90.51, 288.26, 2.34, 0.0, 3.07, tool_force, 0.38, -0.05, 6.77, actual_rep, 1, curr_step, 49, track_size, 112, robot_vel, 40.26, joints_pos, 19.99, 43.38, -17.85, -83.85, 17.35, 52.66, 44.45, tool_torque, 0.262, -0.41, 0.464, joint_torque, 0.07, 3.73, 0.17, -1.49, 0.07, -0.25, 0.42, robot_mode, normal, 
13/05/2022 14:20:18:338, robot_pos, 1652447907322, 593.03, 88.92, 281.68, 2.32, 0.0, 3.08, circuit_pos, 594.73, 90.51, 288.26, 2.34, 0.0, 3.07, tool_force, 0.73, -0.44, 6.56, actual_rep, 1, curr_step, 49, track_size, 112, robot_vel, 41.04, joints_pos, 19.91, 43.01, -17.71, -83.44, 17.35, 53.24, 43.85, tool_torque, 0.21, -0.45, 0.469, joint_torque, 0.09, 3.62, 0.15, -1.56, 0.06, -0.26, 0.42, robot_mode, normal, 
13/05/2022 14:20:18:543, robot_pos, 1652447907472, 594.17, 89.48, 287.5, 2.33, 0.0, 3.08, circuit_pos, 596.4, 89.99, 301.29, 2.36, -0.01, 3.07, tool_force, 0.4, -0.62, 6.18, actual_rep, 1, curr_step, 48, track_size, 112, robot_vel, 39.91, joints_pos, 19.8, 42.65, -17.61, -83.06, 17.35, 53.95, 43.32, tool_torque, 0.162, -0.388, 0.443, joint_torque, -0.07, 3.36, 0.07, -1.46, 0.06, -0.27, 0.41, robot_mode, normal, 
13/05/2022 14:20:18:643, robot_pos, 1652447907621, 595.1, 89.77, 293.3, 2.34, 0.0, 3.08, circuit_pos, 596.4, 89.99, 301.29, 2.36, -0.01, 3.07, tool_force, 0.38, -0.17, 6.53, actual_rep, 1, curr_step, 48, track_size, 112, robot_vel, 39.53, joints_pos, 19.65, 42.28, -17.52, -82.65, 17.35, 54.78, 42.77, tool_torque, 0.214, -0.395, 0.458, joint_torque, 0.04, 3.6, 0.12, -1.51, 0.06, -0.27, 0.42, robot_mode, normal, 
13/05/2022 14:20:18:828, robot_pos, 1652447907771, 595.87, 89.44, 299.02, 2.35, -0.01, 3.08, circuit_pos, 597.5, 86.52, 312.51, 2.36, -0.03, 3.08, tool_force, 0.93, -0.13, 6.61, actual_rep, 1, curr_step, 47, track_size, 112, robot_vel, 39.7, joints_pos, 19.49, 41.96, -17.47, -82.24, 17.35, 55.72, 42.31, tool_torque, 0.244, -0.471, 0.457, joint_torque, 0.44, 3.53, 0.31, -1.56, 0.07, -0.26, 0.4, robot_mode, normal, 
13/05/2022 14:20:18:946, robot_pos, 1652447907919, 596.64, 88.42, 304.86, 2.36, -0.02, 3.08, circuit_pos, 597.5, 86.52, 312.51, 2.36, -0.03, 3.08, tool_force, 0.69, -0.1, 6.63, actual_rep, 1, curr_step, 47, track_size, 112, robot_vel, 40.91, joints_pos, 19.28, 41.65, -17.47, -81.75, 17.35, 56.87, 41.94, tool_torque, 0.219, -0.422, 0.477, joint_torque, 0.3, 3.67, 0.29, -1.57, 0.07, -0.3, 0.43, robot_mode, normal, 
13/05/2022 14:20:19:098, robot_pos, 1652447908070, 597.25, 86.51, 310.66, 2.36, -0.02, 3.08, circuit_pos, 598.64, 80.64, 320.86, 2.36, -0.04, 3.09, tool_force, 0.64, 0.05, 6.9, actual_rep, 1, curr_step, 46, track_size, 112, robot_vel, 43.12, joints_pos, 19.06, 41.37, -17.54, -81.27, 17.35, 58.11, 41.66, tool_torque, 0.13, -0.326, 0.405, joint_torque, 0.19, 3.47, 0.38, -1.55, 0.08, -0.29, 0.4, robot_mode, normal, 
13/05/2022 14:20:19:246, robot_pos, 1652447908223, 598.11, 83.43, 316.51, 2.36, -0.03, 3.09, circuit_pos, 599.64, 72.9, 325.63, 2.34, -0.06, 3.11, tool_force, 0.47, -0.37, 6.24, actual_rep, 1, curr_step, 45, track_size, 112, robot_vel, 44.43, joints_pos, 18.68, 41.16, -17.59, -80.65, 17.3, 59.62, 41.5, tool_torque, 0.031, -0.226, 0.376, joint_torque, 0.09, 3.92, 0.48, -1.72, 0.1, -0.29, 0.38, robot_mode, normal, 
13/05/2022 14:20:19:376, robot_pos, 1652447908369, 598.82, 77.99, 321.36, 2.35, -0.05, 3.1, circuit_pos, 599.64, 72.9, 325.63, 2.34, -0.06, 3.11, tool_force, -0.88, -0.43, 6.4, actual_rep, 1, curr_step, 45, track_size, 112, robot_vel, 58.54, joints_pos, 18.16, 41.09, -17.75, -79.99, 17.24, 61.37, 41.49, tool_torque, -0.086, -0.0090, 0.211, joint_torque, -0.32, 3.51, 0.33, -1.45, 0.09, -0.33, 0.25, robot_mode, normal, 
13/05/2022 14:20:19:593, robot_pos, 1652447908520, 599.53, 72.03, 324.29, 2.34, -0.06, 3.12, circuit_pos, 600.83, 64.14, 326.29, 2.32, -0.07, 3.14, tool_force, -0.36, -1.31, 6.3, actual_rep, 1, curr_step, 44, track_size, 112, robot_vel, 50.23, joints_pos, 17.61, 41.21, -17.91, -79.37, 17.13, 62.97, 41.77, tool_torque, -0.277, -0.0080, -0.042, joint_torque, -0.15, 3.37, 0.46, -1.65, 0.11, -0.31, -0.04, robot_mode, normal, 
13/05/2022 14:20:19:689, robot_pos, 1652447908670, 600.6, 66.23, 325.14, 2.32, -0.07, 3.13, circuit_pos, 601.98, 56.16, 323.2, 2.28, -0.08, -3.12, tool_force, 0.14, -1.42, 5.44, actual_rep, 1, curr_step, 43, track_size, 112, robot_vel, 41.97, joints_pos, 17.13, 41.54, -18.18, -78.72, 17.12, 64.41, 42.37, tool_torque, -0.296, -0.077, -0.075, joint_torque, 0.13, 2.8, 0.56, -1.38, 0.11, -0.33, -0.08, robot_mode, normal, 
13/05/2022 14:20:19:893, robot_pos, 1652447908818, 601.29, 60.52, 324.02, 2.3, -0.08, -3.13, circuit_pos, 603.65, 48.79, 316.77, 2.25, -0.09, -3.1, tool_force, -0.46, -0.34, 6.62, actual_rep, 1, curr_step, 42, track_size, 112, robot_vel, 44.83, joints_pos, 16.82, 41.99, -18.58, -78.23, 17.11, 65.56, 43.09, tool_torque, -0.153, -0.026, -0.056, joint_torque, 0.17, 3.73, 0.59, -1.59, 0.12, -0.34, -0.08, robot_mode, normal, 
13/05/2022 14:20:19:989, robot_pos, 1652447908969, 602.4, 54.66, 320.49, 2.27, -0.09, -3.11, circuit_pos, 603.65, 48.79, 316.77, 2.25, -0.09, -3.1, tool_force, -1.1, 0.3, 7.1, actual_rep, 1, curr_step, 42, track_size, 112, robot_vel, 51.43, joints_pos, 16.5, 42.72, -19.02, -77.68, 17.11, 66.6, 44.13, tool_torque, -0.066, 0.029, -0.054, joint_torque, 0.31, 4.03, 0.77, -1.58, 0.12, -0.35, -0.08, robot_mode, normal, 
13/05/2022 14:20:20:183, robot_pos, 1652447909116, 603.9, 49.6, 315.92, 2.24, -0.09, -3.1, circuit_pos, 606.11, 43.05, 308.15, 2.22, -0.09, -3.07, tool_force, -0.35, -0.52, 6.28, actual_rep, 1, curr_step, 41, track_size, 112, robot_vel, 44.29, joints_pos, 16.19, 43.52, -19.36, -77.16, 17.12, 67.36, 45.1, tool_torque, -0.216, 0.045, -0.076, joint_torque, -0.11, 3.47, 0.55, -1.66, 0.11, -0.3, -0.07, robot_mode, normal, 
13/05/2022 14:20:20:295, robot_pos, 1652447909269, 605.68, 45.09, 310.22, 2.22, -0.09, -3.08, circuit_pos, 608.92, 39.33, 299.47, 2.19, -0.09, -3.06, tool_force, -0.72, -1.03, 5.91, actual_rep, 1, curr_step, 40, track_size, 112, robot_vel, 54.52, joints_pos, 15.94, 44.43, -19.7, -76.61, 17.12, 67.89, 46.01, tool_torque, -0.267, 0.113, -0.085, joint_torque, -0.58, 3.34, 0.3, -1.57, 0.08, -0.31, -0.06, robot_mode, normal, 
13/05/2022 14:20:20:455, robot_pos, 1652447909415, 607.41, 42.18, 304.38, 2.2, -0.09, -3.07, circuit_pos, 608.92, 39.33, 299.47, 2.19, -0.09, -3.06, tool_force, -0.57, -0.18, 6.39, actual_rep, 1, curr_step, 40, track_size, 112, robot_vel, 46.23, joints_pos, 15.78, 45.26, -19.93, -76.21, 17.13, 68.03, 46.7, tool_torque, -0.098, 0.01, -0.056, joint_torque, 0.16, 3.6, 0.65, -1.51, 0.09, -0.31, -0.07, robot_mode, normal, 
13/05/2022 14:20:20:598, robot_pos, 1652447909566, 609.39, 40.25, 298.62, 2.19, -0.09, -3.06, circuit_pos, 613.31, 36.7, 287.43, 2.17, -0.09, -3.04, tool_force, 0.09, 0.31, 5.97, actual_rep, 1, curr_step, 39, track_size, 112, robot_vel, 41.37, joints_pos, 15.67, 46.06, -20.1, -75.78, 17.16, 68.06, 47.28, tool_torque, 0.017, -0.026, -0.069, joint_torque, 0.45, 3.7, 0.79, -1.57, 0.08, -0.21, -0.1, robot_mode, normal, 
13/05/2022 14:20:20:739, robot_pos, 1652447909715, 611.41, 38.53, 292.83, 2.18, -0.09, -3.05, circuit_pos, 617.85, 36.39, 276.73, 2.16, -0.08, -3.04, tool_force, -0.21, 0.01, 6.08, actual_rep, 1, curr_step, 38, track_size, 112, robot_vel, 42.43, joints_pos, 15.61, 46.88, -20.3, -75.37, 17.21, 67.97, 47.79, tool_torque, 0.073, 0.04, -0.076, joint_torque, 0.37, 3.36, 0.73, -1.47, 0.06, -0.11, -0.1, robot_mode, normal, 
13/05/2022 14:20:20:898, robot_pos, 1652447909865, 613.77, 37.85, 287.02, 2.17, -0.09, -3.05, circuit_pos, 617.85, 36.39, 276.73, 2.16, -0.08, -3.04, tool_force, -0.16, 0.71, 6.21, actual_rep, 1, curr_step, 38, track_size, 112, robot_vel, 41.08, joints_pos, 15.58, 47.65, -20.4, -74.94, 17.23, 67.73, 48.21, tool_torque, 0.161, 0.066, -0.04, joint_torque, 0.37, 3.52, 0.74, -1.51, 0.07, -0.08, -0.06, robot_mode, normal, 
13/05/2022 14:20:21:104, robot_pos, 1652447910013, 616.04, 37.18, 281.22, 2.16, -0.08, -3.04, circuit_pos, 622.79, 37.86, 265.97, 2.16, -0.07, -3.04, tool_force, 0.22, 0.54, 5.59, actual_rep, 1, curr_step, 37, track_size, 112, robot_vel, 40.3, joints_pos, 15.53, 48.43, -20.48, -74.52, 17.26, 67.46, 48.6, tool_torque, 0.196, -0.0040, -0.029, joint_torque, 0.63, 3.61, 0.83, -1.54, 0.06, -0.06, -0.07, robot_mode, normal, 
13/05/2022 14:20:21:201, robot_pos, 1652447910164, 618.64, 37.4, 275.49, 2.16, -0.08, -3.04, circuit_pos, 622.79, 37.86, 265.97, 2.16, -0.07, -3.04, tool_force, -0.18, -0.12, 5.39, actual_rep, 1, curr_step, 37, track_size, 112, robot_vel, 42.33, joints_pos, 15.52, 49.18, -20.48, -74.1, 17.26, 67.05, 48.88, tool_torque, 0.113, 0.067, -0.03, joint_torque, 0.13, 3.52, 0.57, -1.52, 0.05, -0.07, -0.06, robot_mode, normal, 
13/05/2022 14:20:21:405, robot_pos, 1652447910313, 621.27, 37.76, 269.63, 2.16, -0.07, -3.04, circuit_pos, 627.99, 41.15, 256.37, 2.16, -0.06, -3.05, tool_force, -0.07, 0.21, 5.87, actual_rep, 1, curr_step, 36, track_size, 112, robot_vel, 41.46, joints_pos, 15.52, 49.95, -20.48, -73.66, 17.28, 66.58, 49.13, tool_torque, 0.16, 0.054, -0.025, joint_torque, 0.1, 3.68, 0.52, -1.56, 0.04, -0.07, -0.06, robot_mode, normal, 
13/05/2022 14:20:21:505, robot_pos, 1652447910464, 624.23, 39.12, 263.95, 2.16, -0.07, -3.04, circuit_pos, 627.99, 41.15, 256.37, 2.16, -0.06, -3.05, tool_force, -0.51, 0.11, 5.58, actual_rep, 1, curr_step, 36, track_size, 112, robot_vel, 43.66, joints_pos, 15.56, 50.7, -20.44, -73.19, 17.33, 66.0, 49.29, tool_torque, 0.143, 0.116, -0.021, joint_torque, -0.05, 3.51, 0.47, -1.43, 0.06, -0.06, -0.05, robot_mode, normal, 
13/05/2022 14:20:21:705, robot_pos, 1652447910616, 627.61, 40.92, 258.1, 2.16, -0.06, -3.05, circuit_pos, 633.62, 45.57, 248.51, 2.17, -0.04, -3.06, tool_force, -1.35, 0.09, 5.77, actual_rep, 1, curr_step, 35, track_size, 112, robot_vel, 47.7, joints_pos, 15.6, 51.48, -20.33, -72.67, 17.37, 65.29, 49.42, tool_torque, 0.135, 0.194, -0.011, joint_torque, -0.43, 3.48, 0.27, -1.38, 0.04, -0.07, -0.04, robot_mode, normal, 
13/05/2022 14:20:21:804, robot_pos, 1652447910766, 631.34, 43.51, 252.24, 2.16, -0.05, -3.05, circuit_pos, 639.42, 50.31, 242.83, 2.18, -0.03, -3.08, tool_force, -1.13, 0.38, 6.14, actual_rep, 1, curr_step, 34, track_size, 112, robot_vel, 47.41, joints_pos, 15.72, 52.27, -20.21, -72.12, 17.37, 64.36, 49.55, tool_torque, 0.176, 0.164, -0.01, joint_torque, -0.28, 3.66, 0.34, -1.47, 0.05, -0.05, -0.05, robot_mode, normal, 
13/05/2022 14:20:22:011, robot_pos, 1652447910932, 637.14, 47.93, 245.82, 2.17, -0.03, -3.07, circuit_pos, 644.97, 55.01, 239.54, 2.19, -0.01, -3.1, tool_force, -1.21, -0.33, 5.96, actual_rep, 1, curr_step, 33, track_size, 112, robot_vel, 59.05, joints_pos, 15.88, 53.15, -19.94, -71.41, 17.36, 62.79, 49.62, tool_torque, 0.069, 0.251, -0.0060, joint_torque, -0.61, 3.36, 0.23, -1.44, 0.07, -0.03, -0.01, robot_mode, normal, 
13/05/2022 14:20:22:093, robot_pos, 1652447911067, 641.3, 51.24, 242.33, 2.18, -0.02, -3.08, circuit_pos, 644.97, 55.01, 239.54, 2.19, -0.01, -3.1, tool_force, -1.37, 0.1, 5.86, actual_rep, 1, curr_step, 33, track_size, 112, robot_vel, 46.65, joints_pos, 15.99, 53.73, -19.8, -70.77, 17.36, 62.04, 49.64, tool_torque, 0.122, 0.274, -0.021, joint_torque, -0.54, 3.44, 0.28, -1.33, 0.07, -0.05, -0.03, robot_mode, normal, 
13/05/2022 14:20:22:312, robot_pos, 1652447911217, 646.29, 56.08, 240.15, 2.19, -0.01, -3.11, circuit_pos, 652.64, 64.24, 239.52, 2.2, 0.01, -3.13, tool_force, -1.1, 0.43, 6.44, actual_rep, 1, curr_step, 31, track_size, 112, robot_vel, 51.71, joints_pos, 16.2, 54.06, -19.5, -70.38, 17.26, 60.31, 49.67, tool_torque, 0.196, 0.248, 0.013, joint_torque, -0.33, 4.06, 0.45, -1.55, 0.12, -0.01, -0.02, robot_mode, normal, 
13/05/2022 14:20:22:413, robot_pos, 1652447911369, 650.93, 61.83, 239.93, 2.2, 0.0, -3.12, circuit_pos, 654.93, 69.1, 242.45, 2.21, 0.01, -3.13, tool_force, -0.59, -1.18, 5.0, actual_rep, 1, curr_step, 30, track_size, 112, robot_vel, 50.79, joints_pos, 16.48, 54.39, -19.29, -69.67, 17.19, 59.67, 49.74, tool_torque, -0.069, 0.185, 0.01, joint_torque, -0.45, 3.21, 0.25, -1.53, 0.12, -0.03, -0.02, robot_mode, normal, 
13/05/2022 14:20:22:616, robot_pos, 1652447911518, 654.22, 67.58, 242.43, 2.21, 0.01, -3.13, circuit_pos, 656.87, 72.62, 247.52, 2.2, 0.01, -3.13, tool_force, -0.38, -0.49, 6.33, actual_rep, 1, curr_step, 29, track_size, 112, robot_vel, 44.53, joints_pos, 16.84, 54.49, -19.23, -69.0, 17.11, 59.6, 50.03, tool_torque, -0.02, 0.196, -0.014, joint_torque, -0.45, 4.03, 0.41, -1.62, 0.15, -0.13, -0.04, robot_mode, normal, 
13/05/2022 14:20:22:717, robot_pos, 1652447911667, 657.23, 71.9, 248.27, 2.2, 0.02, -3.13, circuit_pos, 659.34, 74.49, 252.74, 2.18, 0.02, -3.13, tool_force, -0.48, -0.14, 6.38, actual_rep, 1, curr_step, 28, track_size, 112, robot_vel, 60.13, joints_pos, 17.23, 54.38, -19.45, -68.28, 16.96, 60.05, 51.1, tool_torque, -0.209, 0.234, -0.095, joint_torque, -0.35, 3.84, 0.64, -1.48, 0.15, -0.27, -0.07, robot_mode, normal, 
13/05/2022 14:20:22:888, robot_pos, 1652447911818, 659.61, 75.19, 252.62, 2.17, 0.02, -3.14, circuit_pos, 661.86, 88.42, 251.13, 2.13, 0.05, -3.13, tool_force, -1.83, -1.0, 6.23, actual_rep, 1, curr_step, 25, track_size, 112, robot_vel, 43.11, joints_pos, 17.62, 54.32, -19.68, -67.71, 16.73, 60.31, 53.35, tool_torque, -0.349, 0.536, -0.146, joint_torque, -1.45, 3.78, 0.33, -1.6, 0.14, -0.25, -0.06, robot_mode, normal, 
13/05/2022 14:20:23:017, robot_pos, 1652447911968, 660.71, 81.28, 251.97, 2.14, 0.03, -3.13, circuit_pos, 661.86, 88.42, 251.13, 2.13, 0.05, -3.13, tool_force, -1.03, 0.17, 6.89, actual_rep, 1, curr_step, 25, track_size, 112, robot_vel, 49.35, joints_pos, 18.29, 54.63, -19.92, -67.32, 16.37, 60.29, 55.45, tool_torque, -0.161, 0.466, -0.138, joint_torque, -0.99, 3.68, 0.46, -1.48, 0.12, -0.18, -0.08, robot_mode, normal, 
13/05/2022 14:20:23:167, robot_pos, 1652447912137, 660.93, 87.82, 249.63, 2.13, 0.04, -3.13, circuit_pos, 659.88, 98.77, 241.88, 2.12, 0.05, -3.13, tool_force, 0.07, -0.57, 6.42, actual_rep, 1, curr_step, 24, track_size, 112, robot_vel, 44.04, joints_pos, 19.1, 55.04, -20.33, -67.06, 16.38, 60.26, 56.72, tool_torque, -0.13, 0.309, -0.105, joint_torque, -0.3, 3.92, 0.83, -1.71, 0.13, -0.1, -0.06, robot_mode, normal, 
13/05/2022 14:20:23:322, robot_pos, 1652447912270, 660.74, 92.95, 246.15, 2.13, 0.04, -3.13, circuit_pos, 659.88, 98.77, 241.88, 2.12, 0.05, -3.13, tool_force, -0.27, -0.71, 5.8, actual_rep, 1, curr_step, 24, track_size, 112, robot_vel, 46.71, joints_pos, 19.71, 55.46, -20.59, -66.94, 16.5, 60.1, 57.44, tool_torque, -0.106, 0.377, -0.122, joint_torque, -0.72, 3.37, 0.62, -1.51, 0.07, -0.06, -0.05, robot_mode, normal, 
13/05/2022 14:20:23:521, robot_pos, 1652447912421, 659.98, 98.83, 241.16, 2.12, 0.05, -3.13, circuit_pos, 658.05, 106.43, 234.06, 2.12, 0.05, -3.12, tool_force, -0.08, 0.11, 6.02, actual_rep, 1, curr_step, 23, track_size, 112, robot_vel, 57.41, joints_pos, 20.34, 55.93, -20.76, -66.92, 16.56, 59.78, 58.23, tool_torque, 0.087, 0.244, -0.07, joint_torque, -0.13, 3.66, 0.78, -1.36, 0.07, -0.04, -0.03, robot_mode, normal, 
13/05/2022 14:20:23:624, robot_pos, 1652447912571, 658.96, 104.5, 235.88, 2.12, 0.05, -3.12, circuit_pos, 655.81, 115.52, 224.35, 2.12, 0.06, -3.12, tool_force, -0.55, 0.39, 5.87, actual_rep, 1, curr_step, 22, track_size, 112, robot_vel, 53.4, joints_pos, 20.95, 56.42, -20.9, -66.95, 16.66, 59.42, 58.9, tool_torque, 0.121, 0.33, -0.08, joint_torque, -0.35, 3.47, 0.75, -1.31, 0.06, -0.02, -0.03, robot_mode, normal, 
13/05/2022 14:20:23:826, robot_pos, 1652447912721, 657.73, 110.08, 230.01, 2.12, 0.05, -3.12, circuit_pos, 655.81, 115.52, 224.35, 2.12, 0.06, -3.12, tool_force, -0.39, 0.26, 5.83, actual_rep, 1, curr_step, 22, track_size, 112, robot_vel, 56.09, joints_pos, 21.49, 56.87, -20.93, -67.06, 16.73, 58.91, 59.42, tool_torque, 0.099, 0.369, -0.095, joint_torque, -0.57, 3.4, 0.65, -1.33, 0.06, 0.0, -0.04, robot_mode, normal, 
13/05/2022 14:20:23:927, robot_pos, 1652447912870, 656.58, 115.84, 224.37, 2.12, 0.05, -3.12, circuit_pos, 653.98, 124.97, 215.4, 2.13, 0.06, -3.13, tool_force, -0.25, 0.73, 6.06, actual_rep, 1, curr_step, 21, track_size, 112, robot_vel, 57.45, joints_pos, 22.04, 57.33, -20.93, -67.16, 16.81, 58.3, 59.86, tool_torque, 0.198, 0.287, -0.082, joint_torque, -0.18, 3.72, 0.78, -1.33, 0.07, 0.0, -0.05, robot_mode, normal, 
13/05/2022 14:20:24:129, robot_pos, 1652447913022, 655.38, 121.67, 218.73, 2.12, 0.06, -3.12, circuit_pos, 652.26, 135.07, 208.28, 2.14, 0.06, -3.13, tool_force, -0.43, 0.55, 5.98, actual_rep, 1, curr_step, 20, track_size, 112, robot_vel, 50.61, joints_pos, 22.58, 57.75, -20.93, -67.29, 16.86, 57.62, 60.22, tool_torque, 0.16, 0.268, -0.071, joint_torque, -0.28, 3.43, 0.66, -1.23, 0.07, -0.01, -0.04, robot_mode, normal, 
13/05/2022 14:20:24:232, robot_pos, 1652447913169, 654.41, 127.35, 214.45, 2.13, 0.06, -3.13, circuit_pos, 652.26, 135.07, 208.28, 2.14, 0.06, -3.13, tool_force, -0.47, 0.39, 5.81, actual_rep, 1, curr_step, 20, track_size, 112, robot_vel, 48.64, joints_pos, 23.11, 58.07, -20.9, -67.39, 16.94, 56.98, 60.38, tool_torque, 0.175, 0.291, -0.041, joint_torque, -0.48, 3.59, 0.58, -1.32, 0.06, 0.0, -0.02, robot_mode, normal, 
13/05/2022 14:20:24:434, robot_pos, 1652447913336, 653.26, 133.8, 210.14, 2.14, 0.06, -3.13, circuit_pos, 650.52, 145.8, 204.32, 2.15, 0.07, 3.14, tool_force, -0.37, 0.88, 6.49, actual_rep, 1, curr_step, 19, track_size, 112, robot_vel, 49.77, joints_pos, 23.65, 58.39, -20.84, -67.49, 17.03, 56.31, 60.54, tool_torque, 0.307, 0.105, 0.013, joint_torque, -0.14, 3.88, 0.56, -1.29, 0.06, -0.01, 0.0, robot_mode, normal, 
13/05/2022 14:20:24:513, robot_pos, 1652447913471, 652.36, 138.92, 207.82, 2.14, 0.06, -3.14, circuit_pos, 650.52, 145.8, 204.32, 2.15, 0.07, 3.14, tool_force, -0.29, 0.72, 6.08, actual_rep, 1, curr_step, 19, track_size, 112, robot_vel, 43.13, joints_pos, 24.09, 58.54, -20.8, -67.58, 17.11, 55.87, 60.6, tool_torque, 0.244, 0.165, 0.0060, joint_torque, -0.45, 3.56, 0.37, -1.31, 0.06, 0.0, -0.01, robot_mode, normal, 
13/05/2022 14:20:24:739, robot_pos, 1652447913624, 651.35, 144.82, 205.88, 2.15, 0.06, -3.14, circuit_pos, 648.81, 155.65, 203.73, 2.16, 0.06, 3.14, tool_force, -0.43, 0.52, 6.48, actual_rep, 1, curr_step, 18, track_size, 112, robot_vel, 42.48, joints_pos, 24.56, 58.69, -20.73, -67.6, 17.22, 55.51, 60.67, tool_torque, 0.236, 0.125, 0.019, joint_torque, -0.44, 3.75, 0.37, -1.35, 0.05, -0.01, 0.0, robot_mode, normal, 
13/05/2022 14:20:24:838, robot_pos, 1652447913771, 650.3, 150.58, 204.92, 2.16, 0.06, 3.14, circuit_pos, 647.07, 167.9, 206.83, 2.17, 0.06, 3.13, tool_force, -0.48, 0.35, 6.24, actual_rep, 1, curr_step, 17, track_size, 112, robot_vel, 41.38, joints_pos, 24.99, 58.74, -20.61, -67.63, 17.28, 55.26, 60.74, tool_torque, 0.228, 0.15, 0.0060, joint_torque, -0.52, 3.8, 0.29, -1.38, 0.05, 0.0, -0.02, robot_mode, normal, 
13/05/2022 14:20:25:332, robot_pos, 1652447914224, 647.93, 167.85, 208.35, 2.17, 0.06, 3.13, circuit_pos, 646.03, 179.25, 214.03, 2.18, 0.05, 3.13, tool_force, -0.42, -0.41, 6.48, actual_rep, 1, curr_step, 16, track_size, 112, robot_vel, 46.21, joints_pos, 26.12, 58.48, -20.19, -67.36, 17.39, 55.36, 61.12, tool_torque, -0.049, -0.046, 0.028, joint_torque, -0.41, 3.81, 0.24, -1.45, 0.05, -0.24, -0.02, robot_mode, normal, 
13/05/2022 14:20:25:540, robot_pos, 1652447914373, 647.08, 173.59, 211.03, 2.18, 0.05, 3.13, circuit_pos, 646.03, 179.25, 214.03, 2.18, 0.05, 3.13, tool_force, -0.27, -0.79, 6.37, actual_rep, 1, curr_step, 16, track_size, 112, robot_vel, 41.51, joints_pos, 26.46, 58.27, -20.03, -67.25, 17.39, 55.56, 61.29, tool_torque, -0.145, 0.037, -0.017, joint_torque, -0.7, 3.74, 0.21, -1.53, 0.07, -0.24, -0.04, robot_mode, normal, 
13/05/2022 14:20:25:602, robot_pos, 1652447914529, 646.76, 179.59, 215.37, 2.18, 0.05, 3.13, circuit_pos, 645.64, 189.7, 223.39, 2.18, 0.04, 3.12, tool_force, -0.18, -0.18, 6.52, actual_rep, 1, curr_step, 15, track_size, 112, robot_vel, 51.31, joints_pos, 26.81, 58.01, -19.91, -66.95, 17.39, 56.05, 61.61, tool_torque, -0.079, -0.031, 0.0030, joint_torque, -0.44, 3.69, 0.27, -1.41, 0.07, -0.26, -0.03, robot_mode, normal, 
13/05/2022 14:20:25:838, robot_pos, 1652447914674, 646.3, 185.2, 219.7, 2.18, 0.05, 3.12, circuit_pos, 645.37, 199.44, 232.66, 2.19, 0.04, 3.12, tool_force, -0.16, -0.63, 6.81, actual_rep, 1, curr_step, 14, track_size, 112, robot_vel, 44.66, joints_pos, 27.18, 57.75, -19.84, -66.7, 17.38, 56.47, 61.93, tool_torque, -0.181, -0.017, -0.0090, joint_torque, -0.43, 3.41, 0.22, -1.44, 0.08, -0.28, -0.04, robot_mode, normal, 
13/05/2022 14:20:25:873, robot_pos, 1652447914825, 646.05, 190.94, 225.0, 2.18, 0.04, 3.12, circuit_pos, 645.37, 199.44, 232.66, 2.19, 0.04, 3.12, tool_force, 0.05, -0.88, 6.59, actual_rep, 1, curr_step, 14, track_size, 112, robot_vel, 52.08, joints_pos, 27.54, 57.45, -19.78, -66.33, 17.35, 57.1, 62.35, tool_torque, -0.161, -0.053, 0.0040, joint_torque, -0.28, 3.77, 0.35, -1.49, 0.11, -0.29, -0.04, robot_mode, normal, 
