12/05/2022 17:18:19: File Created!
12/05/2022 17:18:19:847, robot_pos, 1652372188834, 621.58, 223.12, 198.73, 2.41, 0.03, 3.1, circuit_pos, 621.27, 222.58, 198.42, 2.41, 0.02, 3.1, tool_force, 0.04, -0.03, -0.2, actual_rep, 1, curr_step, 1, track_size, 105, robot_vel, 43.87, joints_pos, 27.75, 57.03, -13.97, -70.27, 14.83, 51.48, 53.23, tool_torque, -0.011, 0.257, -0.016, joint_torque, -0.33, -0.37, 0.03, 0.59, 0.05, -0.09, 0.03, robot_mode, normal, 
12/05/2022 17:18:19:967, robot_pos, 1652372188958, 621.63, 223.07, 198.73, 2.41, 0.03, 3.1, circuit_pos, 621.27, 222.58, 198.42, 2.41, 0.02, 3.1, tool_force, 0.36, -0.16, 5.82, actual_rep, 1, curr_step, 1, track_size, 105, robot_vel, 0.22, joints_pos, 27.75, 57.04, -13.97, -70.26, 14.83, 51.49, 53.23, tool_torque, -0.024, 0.235, -0.033, joint_torque, -0.29, 3.46, 0.47, -1.22, 0.04, -0.08, 0.01, robot_mode, normal, 
12/05/2022 17:18:20:137, robot_pos, 1652372189112, 621.12, 221.05, 197.74, 2.41, 0.02, 3.1, circuit_pos, 620.38, 218.59, 197.89, 2.4, 0.02, 3.11, tool_force, 0.7, -0.63, 5.61, actual_rep, 1, curr_step, 3, track_size, 105, robot_vel, 8.5, joints_pos, 27.68, 57.06, -14.07, -70.43, 14.83, 51.56, 53.24, tool_torque, -0.224, 0.227, 0.015, joint_torque, -0.93, 3.67, 0.18, -1.54, 0.05, -0.17, 0.09, robot_mode, normal, 
12/05/2022 17:18:20:271, robot_pos, 1652372189258, 620.89, 218.27, 198.1, 2.4, 0.03, 3.11, circuit_pos, 619.79, 213.47, 201.69, 2.4, 0.02, 3.11, tool_force, 2.29, 0.65, 7.0, actual_rep, 1, curr_step, 5, track_size, 105, robot_vel, 22.02, joints_pos, 27.62, 56.97, -14.3, -70.59, 14.83, 51.75, 53.26, tool_torque, -0.017, 0.0070, -0.024, joint_torque, 0.18, 4.11, 0.59, -1.36, 0.04, -0.22, -0.01, robot_mode, normal, 
12/05/2022 17:18:20:419, robot_pos, 1652372189408, 620.57, 213.1, 203.25, 2.39, 0.02, 3.11, circuit_pos, 620.13, 206.29, 211.36, 2.38, 0.03, 3.11, tool_force, 1.54, 0.6, 5.73, actual_rep, 1, curr_step, 7, track_size, 105, robot_vel, 46.16, joints_pos, 27.34, 56.28, -14.46, -71.08, 14.83, 52.08, 53.25, tool_torque, -0.0080, -0.141, 0.063, joint_torque, 0.58, 3.46, 0.8, -1.06, 0.07, -0.27, 0.07, robot_mode, normal, 
12/05/2022 17:18:20:568, robot_pos, 1652372189559, 620.28, 208.56, 208.79, 2.39, 0.03, 3.11, circuit_pos, 620.41, 202.42, 217.16, 2.38, 0.03, 3.1, tool_force, 1.0, -0.11, 6.24, actual_rep, 1, curr_step, 8, track_size, 105, robot_vel, 51.95, joints_pos, 27.14, 55.58, -14.63, -71.56, 14.81, 52.21, 53.23, tool_torque, -0.117, -0.065, 0.087, joint_torque, 0.22, 3.59, 0.69, -1.39, 0.09, -0.25, 0.1, robot_mode, normal, 
12/05/2022 17:18:20:724, robot_pos, 1652372189711, 620.59, 204.55, 214.68, 2.38, 0.03, 3.11, circuit_pos, 620.74, 198.12, 223.44, 2.37, 0.03, 3.1, tool_force, 1.01, -0.07, 6.36, actual_rep, 1, curr_step, 9, track_size, 105, robot_vel, 46.47, joints_pos, 26.97, 54.92, -14.87, -71.87, 14.8, 52.44, 53.25, tool_torque, -0.127, -0.023, 0.064, joint_torque, 0.1, 3.77, 0.65, -1.34, 0.09, -0.27, 0.09, robot_mode, normal, 
12/05/2022 17:18:20:870, robot_pos, 1652372189860, 620.81, 200.62, 220.5, 2.38, 0.03, 3.1, circuit_pos, 621.12, 193.51, 229.97, 2.37, 0.03, 3.1, tool_force, 1.05, 0.5, 6.5, actual_rep, 1, curr_step, 10, track_size, 105, robot_vel, 45.75, joints_pos, 26.82, 54.28, -15.09, -72.19, 14.8, 52.66, 53.19, tool_torque, 0.0010, -0.103, 0.197, joint_torque, 0.04, 3.91, 0.57, -1.34, 0.09, -0.29, 0.23, robot_mode, normal, 
12/05/2022 17:18:21:030, robot_pos, 1652372190018, 621.15, 196.37, 226.55, 2.37, 0.03, 3.1, circuit_pos, 621.28, 188.51, 236.35, 2.36, 0.03, 3.1, tool_force, 1.43, 0.42, 6.31, actual_rep, 1, curr_step, 11, track_size, 105, robot_vel, 46.03, joints_pos, 26.59, 53.61, -15.28, -72.49, 14.8, 52.91, 53.06, tool_torque, -0.0050, -0.217, 0.289, joint_torque, 0.28, 3.58, 0.66, -1.27, 0.09, -0.29, 0.32, robot_mode, normal, 
12/05/2022 17:18:21:215, robot_pos, 1652372190164, 621.38, 192.18, 232.06, 2.37, 0.03, 3.1, circuit_pos, 621.37, 182.95, 242.74, 2.36, 0.03, 3.1, tool_force, 1.21, 0.64, 6.57, actual_rep, 1, curr_step, 12, track_size, 105, robot_vel, 47.75, joints_pos, 26.34, 52.99, -15.42, -72.82, 14.79, 53.16, 52.89, tool_torque, 0.024, -0.179, 0.317, joint_torque, 0.22, 3.65, 0.63, -1.3, 0.1, -0.3, 0.36, robot_mode, normal, 
12/05/2022 17:18:21:328, robot_pos, 1652372190315, 621.56, 187.43, 237.93, 2.36, 0.03, 3.1, circuit_pos, 621.37, 182.95, 242.74, 2.36, 0.03, 3.1, tool_force, 1.08, 0.39, 6.17, actual_rep, 1, curr_step, 12, track_size, 105, robot_vel, 49.51, joints_pos, 26.06, 52.32, -15.57, -73.08, 14.78, 53.38, 52.7, tool_torque, -0.016, -0.16, 0.317, joint_torque, 0.04, 3.5, 0.57, -1.29, 0.1, -0.29, 0.37, robot_mode, normal, 
12/05/2022 17:18:21:475, robot_pos, 1652372190465, 621.76, 182.17, 243.65, 2.36, 0.03, 3.1, circuit_pos, 621.67, 176.65, 249.14, 2.36, 0.04, 3.1, tool_force, 1.22, 0.51, 6.28, actual_rep, 1, curr_step, 13, track_size, 105, robot_vel, 50.05, joints_pos, 25.74, 51.67, -15.72, -73.38, 14.71, 53.68, 52.35, tool_torque, 0.016, -0.177, 0.345, joint_torque, 0.04, 3.65, 0.54, -1.27, 0.11, -0.3, 0.39, robot_mode, normal, 
12/05/2022 17:18:21:625, robot_pos, 1652372190614, 621.93, 176.45, 249.23, 2.36, 0.04, 3.1, circuit_pos, 622.03, 169.5, 255.57, 2.37, 0.04, 3.1, tool_force, 1.11, 0.35, 6.52, actual_rep, 1, curr_step, 14, track_size, 105, robot_vel, 53.36, joints_pos, 25.41, 51.04, -15.89, -73.67, 14.53, 53.96, 51.92, tool_torque, 0.025, -0.126, 0.373, joint_torque, -0.12, 3.92, 0.54, -1.44, 0.13, -0.28, 0.42, robot_mode, normal, 
12/05/2022 17:18:21:777, robot_pos, 1652372190765, 622.24, 170.77, 254.51, 2.36, 0.04, 3.1, circuit_pos, 622.46, 161.66, 262.25, 2.37, 0.05, 3.1, tool_force, 1.21, 0.46, 6.34, actual_rep, 1, curr_step, 15, track_size, 105, robot_vel, 51.47, joints_pos, 25.05, 50.46, -16.03, -73.9, 14.25, 54.3, 51.37, tool_torque, -0.0010, -0.162, 0.355, joint_torque, 0.11, 3.62, 0.6, -1.29, 0.15, -0.3, 0.39, robot_mode, normal, 
12/05/2022 17:18:21:926, robot_pos, 1652372190914, 622.57, 164.93, 259.52, 2.37, 0.04, 3.1, circuit_pos, 622.84, 153.45, 268.95, 2.38, 0.05, 3.11, tool_force, 1.47, 0.47, 6.25, actual_rep, 1, curr_step, 16, track_size, 105, robot_vel, 50.09, joints_pos, 24.72, 49.93, -16.19, -74.09, 13.94, 54.64, 50.85, tool_torque, -0.0070, -0.201, 0.372, joint_torque, 0.09, 3.55, 0.57, -1.32, 0.15, -0.3, 0.41, robot_mode, normal, 
12/05/2022 17:18:22:083, robot_pos, 1652372191067, 622.87, 159.03, 264.41, 2.37, 0.05, 3.11, circuit_pos, 622.84, 153.45, 268.95, 2.38, 0.05, 3.11, tool_force, 1.13, 0.93, 6.74, actual_rep, 1, curr_step, 16, track_size, 105, robot_vel, 58.07, joints_pos, 24.38, 49.42, -16.37, -74.26, 13.63, 55.02, 50.32, tool_torque, 0.057, -0.183, 0.368, joint_torque, 0.15, 3.8, 0.61, -1.32, 0.16, -0.31, 0.39, robot_mode, normal, 
12/05/2022 17:18:22:230, robot_pos, 1652372191217, 623.08, 153.33, 268.96, 2.38, 0.05, 3.11, circuit_pos, 623.16, 144.91, 275.53, 2.38, 0.05, 3.11, tool_force, 1.57, 0.55, 6.04, actual_rep, 1, curr_step, 17, track_size, 105, robot_vel, 48.88, joints_pos, 24.07, 48.94, -16.57, -74.42, 13.38, 55.38, 49.82, tool_torque, 0.015, -0.224, 0.392, joint_torque, 0.18, 3.68, 0.6, -1.35, 0.17, -0.31, 0.42, robot_mode, normal, 
12/05/2022 17:18:22:410, robot_pos, 1652372191370, 623.39, 146.75, 274.17, 2.38, 0.05, 3.11, circuit_pos, 623.52, 136.66, 282.18, 2.38, 0.06, 3.12, tool_force, 1.19, 0.55, 6.07, actual_rep, 1, curr_step, 18, track_size, 105, robot_vel, 57.17, joints_pos, 23.71, 48.41, -16.83, -74.57, 13.13, 55.83, 49.26, tool_torque, 0.022, -0.193, 0.361, joint_torque, 0.16, 3.71, 0.61, -1.33, 0.17, -0.3, 0.38, robot_mode, normal, 
12/05/2022 17:18:22:530, robot_pos, 1652372191520, 623.6, 141.71, 278.21, 2.38, 0.06, 3.11, circuit_pos, 623.52, 136.66, 282.18, 2.38, 0.06, 3.12, tool_force, 1.06, 0.75, 6.37, actual_rep, 1, curr_step, 18, track_size, 105, robot_vel, 56.52, joints_pos, 23.42, 48.01, -17.01, -74.68, 12.98, 56.15, 48.82, tool_torque, 0.037, -0.153, 0.364, joint_torque, 0.1, 3.84, 0.64, -1.38, 0.16, -0.3, 0.4, robot_mode, normal, 
12/05/2022 17:18:22:684, robot_pos, 1652372191671, 623.81, 135.95, 282.9, 2.38, 0.06, 3.12, circuit_pos, 623.77, 128.73, 288.72, 2.38, 0.06, 3.12, tool_force, 1.78, 0.72, 6.18, actual_rep, 1, curr_step, 19, track_size, 105, robot_vel, 49.62, joints_pos, 23.06, 47.54, -17.17, -74.8, 12.82, 56.53, 48.36, tool_torque, 0.037, -0.247, 0.372, joint_torque, 0.22, 3.7, 0.59, -1.39, 0.15, -0.3, 0.39, robot_mode, normal, 
12/05/2022 17:18:22:835, robot_pos, 1652372191821, 624.05, 130.13, 287.79, 2.38, 0.06, 3.12, circuit_pos, 623.88, 121.24, 295.38, 2.38, 0.06, 3.12, tool_force, 0.98, 0.8, 6.36, actual_rep, 1, curr_step, 20, track_size, 105, robot_vel, 50.24, joints_pos, 22.66, 47.05, -17.32, -74.9, 12.7, 56.95, 47.82, tool_torque, 0.01, -0.161, 0.343, joint_torque, 0.01, 3.56, 0.51, -1.34, 0.14, -0.31, 0.38, robot_mode, normal, 
12/05/2022 17:18:22:982, robot_pos, 1652372191971, 624.15, 124.32, 292.83, 2.38, 0.06, 3.12, circuit_pos, 624.06, 114.11, 302.0, 2.39, 0.06, 3.12, tool_force, 1.11, 0.59, 6.43, actual_rep, 1, curr_step, 21, track_size, 105, robot_vel, 52.82, joints_pos, 22.27, 46.55, -17.45, -75.0, 12.59, 57.34, 47.29, tool_torque, 0.024, -0.185, 0.366, joint_torque, 0.04, 3.83, 0.54, -1.44, 0.15, -0.31, 0.39, robot_mode, normal, 
12/05/2022 17:18:23:136, robot_pos, 1652372192121, 624.31, 118.39, 298.24, 2.38, 0.06, 3.12, circuit_pos, 624.4, 106.98, 308.63, 2.39, 0.06, 3.12, tool_force, 1.29, 0.89, 6.36, actual_rep, 1, curr_step, 22, track_size, 105, robot_vel, 51.07, joints_pos, 21.83, 46.03, -17.59, -75.06, 12.57, 57.8, 46.64, tool_torque, 0.122, -0.282, 0.381, joint_torque, 0.47, 3.77, 0.67, -1.34, 0.14, -0.31, 0.38, robot_mode, normal, 
12/05/2022 17:18:23:286, robot_pos, 1652372192272, 624.5, 112.68, 303.56, 2.39, 0.06, 3.12, circuit_pos, 624.4, 106.98, 308.63, 2.39, 0.06, 3.12, tool_force, 1.1, 0.69, 6.35, actual_rep, 1, curr_step, 22, track_size, 105, robot_vel, 54.31, joints_pos, 21.41, 45.53, -17.71, -75.11, 12.51, 58.22, 46.01, tool_torque, 0.071, -0.2, 0.353, joint_torque, 0.23, 3.69, 0.61, -1.41, 0.15, -0.3, 0.37, robot_mode, normal, 
12/05/2022 17:18:23:441, robot_pos, 1652372192423, 624.68, 106.86, 308.98, 2.39, 0.06, 3.12, circuit_pos, 624.52, 100.13, 315.01, 2.39, 0.06, 3.12, tool_force, 1.39, 0.89, 6.38, actual_rep, 1, curr_step, 23, track_size, 105, robot_vel, 49.89, joints_pos, 20.94, 45.02, -17.79, -75.14, 12.47, 58.66, 45.34, tool_torque, 0.086, -0.222, 0.374, joint_torque, 0.29, 3.72, 0.64, -1.43, 0.16, -0.3, 0.39, robot_mode, normal, 
12/05/2022 17:18:23:607, robot_pos, 1652372192586, 624.77, 100.37, 314.65, 2.39, 0.06, 3.12, circuit_pos, 624.56, 92.78, 320.81, 2.4, 0.06, 3.12, tool_force, 1.05, 0.56, 6.19, actual_rep, 1, curr_step, 24, track_size, 105, robot_vel, 51.29, joints_pos, 20.42, 44.49, -17.86, -75.18, 12.39, 59.12, 44.63, tool_torque, 0.046, -0.189, 0.348, joint_torque, 0.23, 3.63, 0.57, -1.4, 0.15, -0.29, 0.35, robot_mode, normal, 
12/05/2022 17:18:23:741, robot_pos, 1652372192721, 624.85, 95.22, 318.78, 2.39, 0.06, 3.12, circuit_pos, 624.46, 85.34, 325.75, 2.4, 0.06, 3.12, tool_force, 1.13, 0.83, 6.16, actual_rep, 1, curr_step, 25, track_size, 105, robot_vel, 50.14, joints_pos, 19.99, 44.1, -17.91, -75.19, 12.35, 59.49, 44.07, tool_torque, 0.041, -0.187, 0.35, joint_torque, 0.21, 3.43, 0.57, -1.33, 0.16, -0.3, 0.36, robot_mode, normal, 
12/05/2022 17:18:23:890, robot_pos, 1652372192870, 624.88, 89.51, 322.75, 2.39, 0.06, 3.12, circuit_pos, 624.44, 77.54, 329.76, 2.4, 0.06, 3.12, tool_force, 1.1, 0.99, 6.39, actual_rep, 1, curr_step, 26, track_size, 105, robot_vel, 48.2, joints_pos, 19.51, 43.72, -17.97, -75.21, 12.3, 59.86, 43.44, tool_torque, 0.056, -0.186, 0.338, joint_torque, 0.25, 3.67, 0.62, -1.44, 0.16, -0.3, 0.35, robot_mode, normal, 
12/05/2022 17:18:24:045, robot_pos, 1652372193018, 624.82, 83.73, 326.1, 2.4, 0.06, 3.12, circuit_pos, 624.44, 77.54, 329.76, 2.4, 0.06, 3.12, tool_force, 0.64, 0.93, 6.58, actual_rep, 1, curr_step, 26, track_size, 105, robot_vel, 45.52, joints_pos, 19.04, 43.38, -18.02, -75.28, 12.26, 60.11, 42.84, tool_torque, 0.063, -0.14, 0.352, joint_torque, 0.19, 3.85, 0.64, -1.46, 0.16, -0.29, 0.37, robot_mode, normal, 
12/05/2022 17:18:24:192, robot_pos, 1652372193169, 624.83, 77.84, 328.88, 2.4, 0.06, 3.12, circuit_pos, 624.49, 69.26, 332.51, 2.4, 0.06, 3.12, tool_force, 1.3, 0.67, 6.14, actual_rep, 1, curr_step, 27, track_size, 105, robot_vel, 50.76, joints_pos, 18.56, 43.09, -18.07, -75.34, 12.21, 60.32, 42.23, tool_torque, 0.06, -0.202, 0.347, joint_torque, 0.24, 3.65, 0.61, -1.45, 0.16, -0.29, 0.35, robot_mode, normal, 
12/05/2022 17:18:24:342, robot_pos, 1652372193317, 624.89, 72.14, 331.08, 2.4, 0.06, 3.12, circuit_pos, 624.4, 61.16, 334.05, 2.41, 0.06, 3.12, tool_force, 0.59, 0.83, 6.1, actual_rep, 1, curr_step, 28, track_size, 105, robot_vel, 42.56, joints_pos, 18.08, 42.87, -18.12, -75.39, 12.18, 60.51, 41.6, tool_torque, 0.015, -0.121, 0.341, joint_torque, -0.07, 3.24, 0.45, -1.25, 0.15, -0.3, 0.37, robot_mode, normal, 
12/05/2022 17:18:24:492, robot_pos, 1652372193469, 624.87, 66.28, 332.51, 2.4, 0.06, 3.12, circuit_pos, 624.23, 52.7, 334.4, 2.41, 0.06, 3.12, tool_force, 1.01, 0.87, 6.24, actual_rep, 1, curr_step, 29, track_size, 105, robot_vel, 40.36, joints_pos, 17.59, 42.68, -18.16, -75.48, 12.16, 60.59, 40.94, tool_torque, 0.076, -0.185, 0.351, joint_torque, 0.25, 3.65, 0.61, -1.43, 0.16, -0.29, 0.36, robot_mode, normal, 
12/05/2022 17:18:24:652, robot_pos, 1652372193616, 624.75, 60.6, 333.41, 2.41, 0.06, 3.12, circuit_pos, 624.23, 52.7, 334.4, 2.41, 0.06, 3.12, tool_force, 0.74, 1.13, 6.34, actual_rep, 1, curr_step, 29, track_size, 105, robot_vel, 39.49, joints_pos, 17.11, 42.54, -18.2, -75.6, 12.16, 60.63, 40.23, tool_torque, 0.14, -0.058, 0.323, joint_torque, 0.07, 3.9, 0.56, -1.45, 0.15, -0.24, 0.33, robot_mode, normal, 
12/05/2022 17:18:24:792, robot_pos, 1652372193767, 624.63, 54.74, 333.79, 2.41, 0.06, 3.12, circuit_pos, 623.88, 44.2, 333.69, 2.42, 0.06, 3.13, tool_force, 1.08, 0.92, 6.03, actual_rep, 1, curr_step, 30, track_size, 105, robot_vel, 39.3, joints_pos, 16.62, 42.44, -18.23, -75.72, 12.16, 60.65, 39.53, tool_torque, 0.118, -0.178, 0.348, joint_torque, 0.36, 3.74, 0.63, -1.46, 0.15, -0.26, 0.34, robot_mode, normal, 
12/05/2022 17:18:24:944, robot_pos, 1652372193914, 624.48, 48.98, 333.75, 2.41, 0.06, 3.12, circuit_pos, 623.53, 35.82, 332.29, 2.42, 0.06, 3.13, tool_force, 0.76, 0.92, 6.22, actual_rep, 1, curr_step, 31, track_size, 105, robot_vel, 40.93, joints_pos, 16.12, 42.38, -18.25, -75.83, 12.15, 60.67, 38.83, tool_torque, 0.117, -0.132, 0.337, joint_torque, 0.25, 3.84, 0.63, -1.46, 0.15, -0.27, 0.35, robot_mode, normal, 
12/05/2022 17:18:25:098, robot_pos, 1652372194065, 624.28, 43.19, 333.2, 2.41, 0.06, 3.13, circuit_pos, 623.53, 35.82, 332.29, 2.42, 0.06, 3.13, tool_force, 0.38, 0.85, 6.16, actual_rep, 1, curr_step, 31, track_size, 105, robot_vel, 38.91, joints_pos, 15.61, 42.37, -18.25, -75.94, 12.15, 60.67, 38.11, tool_torque, 0.15, -0.093, 0.32, joint_torque, 0.22, 3.72, 0.53, -1.41, 0.14, -0.23, 0.31, robot_mode, normal, 
12/05/2022 17:18:25:246, robot_pos, 1652372194213, 624.04, 37.37, 332.41, 2.42, 0.06, 3.13, circuit_pos, 623.3, 27.65, 330.3, 2.43, 0.05, 3.13, tool_force, 0.56, 0.78, 5.77, actual_rep, 1, curr_step, 32, track_size, 105, robot_vel, 40.1, joints_pos, 15.09, 42.37, -18.26, -76.08, 12.15, 60.63, 37.33, tool_torque, 0.22, -0.076, 0.328, joint_torque, 0.37, 3.55, 0.61, -1.4, 0.13, -0.14, 0.32, robot_mode, normal, 
12/05/2022 17:18:25:401, robot_pos, 1652372194364, 623.84, 31.54, 331.31, 2.42, 0.05, 3.13, circuit_pos, 622.99, 20.03, 327.63, 2.43, 0.05, 3.13, tool_force, 0.51, 1.12, 5.69, actual_rep, 1, curr_step, 33, track_size, 105, robot_vel, 39.63, joints_pos, 14.57, 42.4, -18.25, -76.19, 12.17, 60.58, 36.52, tool_torque, 0.307, -0.0090, 0.328, joint_torque, 0.19, 3.47, 0.4, -1.37, 0.11, -0.07, 0.31, robot_mode, normal, 
12/05/2022 17:18:25:550, robot_pos, 1652372194514, 623.69, 25.67, 329.57, 2.43, 0.05, 3.13, circuit_pos, 622.99, 20.03, 327.63, 2.43, 0.05, 3.13, tool_force, 0.29, 0.62, 5.53, actual_rep, 1, curr_step, 33, track_size, 105, robot_vel, 39.67, joints_pos, 14.03, 42.51, -18.25, -76.3, 12.21, 60.51, 35.68, tool_torque, 0.298, 0.027, 0.291, joint_torque, 0.08, 3.47, 0.41, -1.43, 0.07, -0.04, 0.28, robot_mode, normal, 
12/05/2022 17:18:25:697, robot_pos, 1652372194664, 623.56, 19.94, 327.42, 2.43, 0.05, 3.13, circuit_pos, 622.91, 13.06, 324.23, 2.44, 0.05, 3.13, tool_force, 0.43, 0.81, 5.41, actual_rep, 1, curr_step, 34, track_size, 105, robot_vel, 42.34, joints_pos, 13.51, 42.63, -18.23, -76.43, 12.26, 60.32, 34.85, tool_torque, 0.395, -0.032, 0.335, joint_torque, 0.22, 3.56, 0.37, -1.37, 0.06, -0.05, 0.3, robot_mode, normal, 
12/05/2022 17:18:25:848, robot_pos, 1652372194814, 623.45, 14.16, 324.64, 2.44, 0.05, 3.13, circuit_pos, 623.11, 6.87, 320.07, 2.44, 0.05, 3.13, tool_force, 0.44, 0.61, 5.53, actual_rep, 1, curr_step, 35, track_size, 105, robot_vel, 44.41, joints_pos, 12.98, 42.82, -18.22, -76.57, 12.34, 60.08, 34.03, tool_torque, 0.399, -0.021, 0.337, joint_torque, 0.12, 3.65, 0.32, -1.51, 0.05, -0.03, 0.31, robot_mode, normal, 
12/05/2022 17:18:26:000, robot_pos, 1652372194962, 623.51, 8.38, 320.92, 2.44, 0.05, 3.13, circuit_pos, 623.28, 1.7, 314.97, 2.45, 0.05, 3.13, tool_force, 0.73, 0.14, 4.62, actual_rep, 1, curr_step, 36, track_size, 105, robot_vel, 47.71, joints_pos, 12.42, 43.09, -18.18, -76.71, 12.51, 59.73, 33.17, tool_torque, 0.394, -0.081, 0.339, joint_torque, 0.18, 3.08, 0.2, -1.32, 0.04, -0.01, 0.29, robot_mode, normal, 
12/05/2022 17:18:26:149, robot_pos, 1652372195112, 623.66, 2.78, 315.57, 2.44, 0.05, 3.13, circuit_pos, 623.44, -2.99, 309.37, 2.45, 0.05, 3.13, tool_force, 0.47, 0.52, 5.02, actual_rep, 1, curr_step, 37, track_size, 105, robot_vel, 53.54, joints_pos, 11.81, 43.49, -18.07, -76.87, 12.71, 59.23, 32.37, tool_torque, 0.474, -0.048, 0.324, joint_torque, 0.23, 3.37, 0.2, -1.4, 0.04, 0.01, 0.26, robot_mode, normal, 
12/05/2022 17:18:26:307, robot_pos, 1652372195265, 623.95, -2.15, 309.56, 2.45, 0.05, 3.13, circuit_pos, 623.85, -6.9, 303.52, 2.45, 0.04, 3.13, tool_force, -0.01, 0.56, 5.22, actual_rep, 1, curr_step, 38, track_size, 105, robot_vel, 45.98, joints_pos, 11.21, 43.96, -17.88, -77.0, 12.93, 58.68, 31.66, tool_torque, 0.495, 0.0030, 0.337, joint_torque, 0.09, 3.47, 0.12, -1.35, 0.05, 0.02, 0.27, robot_mode, normal, 
12/05/2022 17:18:26:451, robot_pos, 1652372195413, 624.31, -6.1, 303.84, 2.45, 0.05, 3.13, circuit_pos, 624.46, -10.48, 297.53, 2.45, 0.04, 3.13, tool_force, 0.03, 0.68, 5.39, actual_rep, 1, curr_step, 39, track_size, 105, robot_vel, 48.02, joints_pos, 10.7, 44.4, -17.66, -77.1, 13.09, 58.13, 31.16, tool_torque, 0.494, 0.0010, 0.323, joint_torque, 0.19, 3.49, 0.16, -1.37, 0.05, 0.03, 0.25, robot_mode, normal, 
12/05/2022 17:18:26:605, robot_pos, 1652372195563, 624.87, -9.6, 298.02, 2.45, 0.04, 3.13, circuit_pos, 625.17, -13.53, 291.52, 2.45, 0.04, 3.13, tool_force, 0.1, 0.48, 5.36, actual_rep, 1, curr_step, 40, track_size, 105, robot_vel, 53.31, joints_pos, 10.19, 44.89, -17.41, -77.15, 13.24, 57.58, 30.72, tool_torque, 0.461, 0.022, 0.328, joint_torque, -0.02, 3.47, 0.07, -1.37, 0.05, 0.02, 0.27, robot_mode, normal, 
12/05/2022 17:18:26:756, robot_pos, 1652372195712, 625.44, -12.4, 292.34, 2.45, 0.04, 3.13, circuit_pos, 625.81, -15.95, 285.17, 2.45, 0.04, 3.13, tool_force, 0.13, 0.64, 5.44, actual_rep, 1, curr_step, 41, track_size, 105, robot_vel, 45.9, joints_pos, 9.76, 45.38, -17.17, -77.18, 13.36, 57.03, 30.35, tool_torque, 0.442, 0.043, 0.303, joint_torque, 0.08, 3.4, 0.11, -1.3, 0.05, 0.03, 0.23, robot_mode, normal, 
12/05/2022 17:18:26:906, robot_pos, 1652372195863, 625.99, -14.63, 286.47, 2.45, 0.04, 3.13, circuit_pos, 626.33, -17.08, 278.54, 2.45, 0.04, 3.12, tool_force, -0.07, 0.32, 5.52, actual_rep, 1, curr_step, 42, track_size, 105, robot_vel, 38.61, joints_pos, 9.35, 45.89, -16.91, -77.19, 13.52, 56.54, 29.98, tool_torque, 0.451, 0.0080, 0.286, joint_torque, 0.16, 3.43, 0.2, -1.37, 0.04, 0.02, 0.21, robot_mode, normal, 
12/05/2022 17:18:27:054, robot_pos, 1652372196010, 626.45, -16.03, 280.77, 2.45, 0.04, 3.13, circuit_pos, 626.91, -17.3, 271.39, 2.45, 0.03, 3.12, tool_force, 0.14, 0.48, 5.44, actual_rep, 1, curr_step, 43, track_size, 105, robot_vel, 40.98, joints_pos, 9.03, 46.38, -16.64, -77.19, 13.65, 56.08, 29.71, tool_torque, 0.527, 0.0080, 0.317, joint_torque, 0.12, 3.56, 0.07, -1.38, 0.03, 0.04, 0.24, robot_mode, normal, 
12/05/2022 17:18:27:204, robot_pos, 1652372196161, 626.95, -16.57, 274.95, 2.45, 0.04, 3.13, circuit_pos, 627.69, -16.64, 264.1, 2.45, 0.03, 3.12, tool_force, 0.21, 0.21, 5.34, actual_rep, 1, curr_step, 44, track_size, 105, robot_vel, 40.18, joints_pos, 8.74, 46.89, -16.33, -77.19, 13.78, 55.59, 29.54, tool_torque, 0.506, -0.031, 0.323, joint_torque, 0.13, 3.42, 0.09, -1.35, 0.03, 0.03, 0.24, robot_mode, normal, 
12/05/2022 17:18:27:354, robot_pos, 1652372196310, 627.48, -16.53, 269.14, 2.45, 0.03, 3.12, circuit_pos, 628.48, -15.24, 256.62, 2.45, 0.03, 3.12, tool_force, 0.21, 0.65, 5.69, actual_rep, 1, curr_step, 45, track_size, 105, robot_vel, 40.24, joints_pos, 8.5, 47.4, -16.0, -77.19, 13.93, 55.09, 29.42, tool_torque, 0.509, -0.0050, 0.305, joint_torque, 0.14, 3.4, 0.09, -1.34, 0.02, 0.04, 0.24, robot_mode, normal, 
12/05/2022 17:18:27:507, robot_pos, 1652372196461, 628.07, -15.94, 263.39, 2.45, 0.03, 3.12, circuit_pos, 628.48, -15.24, 256.62, 2.45, 0.03, 3.12, tool_force, 0.51, 0.44, 5.46, actual_rep, 1, curr_step, 45, track_size, 105, robot_vel, 39.03, joints_pos, 8.31, 47.9, -15.67, -77.16, 14.05, 54.59, 29.36, tool_torque, 0.512, -0.012, 0.287, joint_torque, 0.16, 3.58, 0.11, -1.44, 0.02, 0.05, 0.21, robot_mode, normal, 
12/05/2022 17:18:27:659, robot_pos, 1652372196610, 628.63, -14.79, 257.58, 2.45, 0.03, 3.12, circuit_pos, 629.12, -12.56, 249.29, 2.46, 0.03, 3.11, tool_force, 0.58, 0.48, 5.39, actual_rep, 1, curr_step, 46, track_size, 105, robot_vel, 41.07, joints_pos, 8.18, 48.42, -15.35, -77.13, 14.2, 54.09, 29.29, tool_torque, 0.57, -0.069, 0.291, joint_torque, 0.41, 3.46, 0.19, -1.36, 0.01, 0.05, 0.2, robot_mode, normal, 
12/05/2022 17:18:27:815, robot_pos, 1652372196761, 629.12, -13.06, 251.73, 2.45, 0.03, 3.12, circuit_pos, 629.78, -9.15, 242.18, 2.46, 0.02, 3.11, tool_force, 0.38, -0.18, 5.39, actual_rep, 1, curr_step, 47, track_size, 105, robot_vel, 41.69, joints_pos, 8.1, 48.93, -15.04, -77.1, 14.36, 53.61, 29.26, tool_torque, 0.535, -0.068, 0.293, joint_torque, 0.26, 3.64, 0.1, -1.49, 0.01, 0.06, 0.2, robot_mode, normal, 
12/05/2022 17:18:27:962, robot_pos, 1652372196911, 629.65, -10.64, 245.9, 2.46, 0.03, 3.11, circuit_pos, 630.31, -5.54, 235.71, 2.46, 0.02, 3.11, tool_force, 0.63, -0.02, 5.41, actual_rep, 1, curr_step, 48, track_size, 105, robot_vel, 42.17, joints_pos, 8.09, 49.46, -14.74, -77.05, 14.5, 53.14, 29.26, tool_torque, 0.485, -0.054, 0.242, joint_torque, 0.22, 3.42, 0.07, -1.42, 0.01, 0.05, 0.16, robot_mode, normal, 
12/05/2022 17:18:28:117, robot_pos, 1652372197061, 630.14, -7.83, 240.11, 2.46, 0.02, 3.11, circuit_pos, 630.83, -2.11, 230.24, 2.46, 0.02, 3.1, tool_force, 0.32, -0.02, 5.65, actual_rep, 1, curr_step, 49, track_size, 105, robot_vel, 45.46, joints_pos, 8.09, 49.99, -14.38, -77.01, 14.6, 52.64, 29.25, tool_torque, 0.458, 0.0020, 0.18, joint_torque, 0.23, 3.52, 0.13, -1.39, 0.01, 0.06, 0.09, robot_mode, normal, 
12/05/2022 17:18:28:263, robot_pos, 1652372197211, 630.68, -4.59, 234.24, 2.46, 0.02, 3.11, circuit_pos, 631.22, 2.0, 224.33, 2.46, 0.02, 3.1, tool_force, 0.22, -0.56, 5.41, actual_rep, 1, curr_step, 50, track_size, 105, robot_vel, 44.66, joints_pos, 8.09, 50.51, -14.0, -76.94, 14.72, 52.15, 29.29, tool_torque, 0.328, 0.061, 0.1, joint_torque, 0.14, 3.57, 0.15, -1.48, 0.02, 0.06, 0.01, robot_mode, normal, 
12/05/2022 17:18:28:419, robot_pos, 1652372197362, 631.13, -0.84, 228.34, 2.46, 0.02, 3.1, circuit_pos, 631.51, 6.06, 219.17, 2.47, 0.02, 3.1, tool_force, -0.14, -0.86, 5.46, actual_rep, 1, curr_step, 51, track_size, 105, robot_vel, 43.09, joints_pos, 8.12, 51.04, -13.58, -76.89, 14.8, 51.61, 29.41, tool_torque, 0.143, 0.196, -0.037, joint_torque, -0.15, 3.6, 0.13, -1.42, 0.03, 0.06, -0.11, robot_mode, normal, 
12/05/2022 17:18:28:565, robot_pos, 1652372197511, 631.53, 3.26, 222.66, 2.46, 0.02, 3.1, circuit_pos, 631.8, 10.24, 214.98, 2.47, 0.01, 3.1, tool_force, -0.63, -1.23, 5.71, actual_rep, 1, curr_step, 52, track_size, 105, robot_vel, 49.31, joints_pos, 8.2, 51.56, -13.19, -76.82, 14.89, 51.11, 29.63, tool_torque, 0.069, 0.255, -0.092, joint_torque, -0.18, 3.6, 0.18, -1.42, 0.03, 0.07, -0.15, robot_mode, normal, 
12/05/2022 17:18:28:721, robot_pos, 1652372197662, 631.94, 8.49, 216.88, 2.47, 0.01, 3.1, circuit_pos, 632.05, 14.57, 211.57, 2.47, 0.01, 3.09, tool_force, -0.82, -1.72, 5.75, actual_rep, 1, curr_step, 53, track_size, 105, robot_vel, 53.41, joints_pos, 8.34, 52.07, -12.72, -76.75, 14.92, 50.56, 30.01, tool_torque, -0.136, 0.448, -0.151, joint_torque, -0.96, 3.74, -0.08, -1.51, 0.03, 0.08, -0.16, robot_mode, normal, 
12/05/2022 17:18:28:868, robot_pos, 1652372197810, 632.35, 14.16, 212.29, 2.47, 0.01, 3.09, circuit_pos, 632.22, 19.0, 208.92, 2.46, 0.01, 3.09, tool_force, -1.25, -1.3, 5.91, actual_rep, 1, curr_step, 54, track_size, 105, robot_vel, 55.72, joints_pos, 8.59, 52.5, -12.34, -76.67, 14.92, 50.12, 30.46, tool_torque, -0.145, 0.5, -0.164, joint_torque, -0.85, 3.62, -0.02, -1.37, 0.05, 0.1, -0.18, robot_mode, normal, 
12/05/2022 17:18:29:022, robot_pos, 1652372197960, 632.58, 19.99, 209.05, 2.46, 0.01, 3.09, circuit_pos, 632.41, 28.42, 205.26, 2.46, 0.02, 3.09, tool_force, -0.95, -1.49, 5.89, actual_rep, 1, curr_step, 56, track_size, 105, robot_vel, 50.58, joints_pos, 8.98, 52.8, -12.15, -76.61, 14.89, 49.77, 31.05, tool_torque, -0.174, 0.445, -0.15, joint_torque, -0.72, 3.32, 0.03, -1.37, 0.09, 0.11, -0.18, robot_mode, normal, 
12/05/2022 17:18:29:194, robot_pos, 1652372198109, 632.69, 25.78, 206.9, 2.46, 0.01, 3.09, circuit_pos, 632.31, 33.5, 203.98, 2.46, 0.02, 3.09, tool_force, -0.39, -1.59, 5.15, actual_rep, 1, curr_step, 57, track_size, 105, robot_vel, 41.26, joints_pos, 9.47, 53.01, -12.08, -76.58, 14.86, 49.51, 31.61, tool_torque, -0.182, 0.425, -0.168, joint_torque, -0.73, 3.3, 0.04, -1.34, 0.1, 0.09, -0.19, robot_mode, normal, 
12/05/2022 17:18:29:322, robot_pos, 1652372198259, 632.6, 31.57, 205.03, 2.46, 0.01, 3.09, circuit_pos, 632.13, 38.6, 203.04, 2.46, 0.02, 3.09, tool_force, -0.93, -1.06, 6.11, actual_rep, 1, curr_step, 58, track_size, 105, robot_vel, 41.19, joints_pos, 9.98, 53.18, -12.04, -76.56, 14.86, 49.29, 32.2, tool_torque, -0.13, 0.447, -0.153, joint_torque, -0.55, 3.6, 0.12, -1.35, 0.1, 0.08, -0.19, robot_mode, normal, 
12/05/2022 17:18:29:471, robot_pos, 1652372198406, 632.52, 37.32, 203.77, 2.46, 0.02, 3.09, circuit_pos, 631.96, 43.62, 202.35, 2.46, 0.02, 3.09, tool_force, -1.04, -1.61, 5.78, actual_rep, 1, curr_step, 59, track_size, 105, robot_vel, 39.37, joints_pos, 10.51, 53.31, -12.05, -76.54, 14.84, 49.11, 32.75, tool_torque, -0.209, 0.496, -0.188, joint_torque, -0.64, 3.55, 0.2, -1.38, 0.1, 0.09, -0.2, robot_mode, normal, 
12/05/2022 17:18:29:620, robot_pos, 1652372198556, 632.34, 43.12, 202.89, 2.46, 0.02, 3.09, circuit_pos, 631.7, 48.64, 201.97, 2.46, 0.02, 3.09, tool_force, -0.66, -1.31, 5.94, actual_rep, 1, curr_step, 60, track_size, 105, robot_vel, 39.97, joints_pos, 11.06, 53.4, -12.06, -76.51, 14.73, 49.0, 33.39, tool_torque, -0.187, 0.426, -0.175, joint_torque, -0.39, 3.43, 0.32, -1.34, 0.11, 0.08, -0.18, robot_mode, normal, 
12/05/2022 17:18:29:772, robot_pos, 1652372198704, 632.08, 48.91, 202.43, 2.46, 0.02, 3.09, circuit_pos, 631.01, 62.92, 201.88, 2.46, 0.02, 3.1, tool_force, -1.01, -1.79, 5.71, actual_rep, 1, curr_step, 63, track_size, 105, robot_vel, 38.31, joints_pos, 11.62, 53.46, -12.07, -76.48, 14.6, 48.95, 34.04, tool_torque, -0.337, 0.569, -0.218, joint_torque, -0.87, 3.54, 0.22, -1.39, 0.11, 0.06, -0.19, robot_mode, normal, 
12/05/2022 17:18:29:923, robot_pos, 1652372198855, 631.78, 54.7, 202.28, 2.46, 0.02, 3.09, circuit_pos, 629.91, 72.89, 201.59, 2.46, 0.03, 3.1, tool_force, -0.65, -1.18, 5.95, actual_rep, 1, curr_step, 66, track_size, 105, robot_vel, 39.62, joints_pos, 12.19, 53.49, -12.08, -76.45, 14.46, 48.9, 34.71, tool_torque, -0.244, 0.505, -0.199, joint_torque, -0.52, 3.56, 0.38, -1.39, 0.12, 0.08, -0.18, robot_mode, normal, 
12/05/2022 17:18:30:073, robot_pos, 1652372199004, 631.24, 60.53, 202.05, 2.46, 0.02, 3.1, circuit_pos, 628.93, 77.25, 200.67, 2.46, 0.03, 3.11, tool_force, -0.91, -1.47, 5.84, actual_rep, 1, curr_step, 69, track_size, 105, robot_vel, 38.6, joints_pos, 12.77, 53.52, -12.14, -76.45, 14.28, 48.87, 35.41, tool_torque, -0.284, 0.558, -0.215, joint_torque, -0.53, 3.55, 0.48, -1.35, 0.12, 0.07, -0.18, robot_mode, normal, 
12/05/2022 17:18:30:260, robot_pos, 1652372199165, 630.57, 66.76, 201.59, 2.46, 0.02, 3.1, circuit_pos, 628.93, 77.7, 200.85, 2.46, 0.03, 3.11, tool_force, -0.62, -1.22, 5.83, actual_rep, 1, curr_step, 71, track_size, 105, robot_vel, 39.07, joints_pos, 13.47, 53.57, -12.26, -76.44, 14.03, 48.83, 36.25, tool_torque, -0.304, 0.588, -0.234, joint_torque, -0.5, 3.62, 0.56, -1.37, 0.13, 0.07, -0.19, robot_mode, normal, 
12/05/2022 17:18:30:373, robot_pos, 1652372199304, 629.99, 72.09, 201.29, 2.46, 0.03, 3.1, circuit_pos, 628.86, 77.06, 200.96, 2.46, 0.03, 3.11, tool_force, -0.83, -1.34, 6.05, actual_rep, 1, curr_step, 73, track_size, 105, robot_vel, 39.83, joints_pos, 14.13, 53.63, -12.46, -76.43, 13.87, 48.82, 36.97, tool_torque, -0.342, 0.592, -0.23, joint_torque, -0.42, 3.56, 0.74, -1.35, 0.13, 0.05, -0.17, robot_mode, normal, 
12/05/2022 17:18:30:529, robot_pos, 1652372199453, 629.11, 76.13, 200.79, 2.46, 0.03, 3.11, circuit_pos, 628.85, 76.71, 201.09, 2.46, 0.03, 3.11, tool_force, 0.03, -0.46, 6.15, actual_rep, 1, curr_step, 76, track_size, 105, robot_vel, 27.47, joints_pos, 14.88, 53.7, -12.92, -76.47, 13.65, 48.83, 37.77, tool_torque, -0.122, 0.322, -0.154, joint_torque, 0.44, 3.74, 1.03, -1.29, 0.13, -0.02, -0.13, robot_mode, normal, 
12/05/2022 17:18:30:674, robot_pos, 1652372199603, 629.38, 76.82, 201.52, 2.46, 0.03, 3.11, circuit_pos, 628.96, 77.0, 201.97, 2.46, 0.03, 3.11, tool_force, -0.02, -0.32, 6.31, actual_rep, 1, curr_step, 78, track_size, 105, robot_vel, 8.35, joints_pos, 15.11, 53.69, -13.23, -76.44, 14.06, 48.86, 37.59, tool_torque, -0.181, 0.279, -0.0010, joint_torque, -0.34, 3.73, 0.7, -1.34, 0.03, -0.13, 0.12, robot_mode, normal, 
12/05/2022 17:18:30:829, robot_pos, 1652372199751, 629.35, 77.05, 202.32, 2.46, 0.03, 3.11, circuit_pos, 628.95, 76.95, 202.03, 2.46, 0.03, 3.11, tool_force, 0.29, -0.8, 5.89, actual_rep, 1, curr_step, 81, track_size, 105, robot_vel, 4.85, joints_pos, 15.16, 53.62, -13.27, -76.45, 14.09, 48.93, 37.58, tool_torque, -0.267, 0.132, 0.06, joint_torque, -0.38, 3.26, 0.61, -1.23, 0.04, -0.21, 0.19, robot_mode, normal, 
12/05/2022 17:18:30:975, robot_pos, 1652372199902, 629.28, 76.92, 201.97, 2.46, 0.03, 3.11, circuit_pos, 629.04, 76.91, 201.78, 2.46, 0.03, 3.11, tool_force, 0.21, -0.56, 5.81, actual_rep, 1, curr_step, 83, track_size, 105, robot_vel, 2.82, joints_pos, 15.15, 53.64, -13.27, -76.46, 14.09, 48.89, 37.56, tool_torque, -0.071, 0.209, 0.107, joint_torque, -0.35, 3.41, 0.52, -1.28, 0.05, -0.06, 0.2, robot_mode, normal, 
12/05/2022 17:18:31:126, robot_pos, 1652372200050, 629.44, 76.84, 201.74, 2.46, 0.03, 3.11, circuit_pos, 629.14, 76.93, 201.67, 2.46, 0.03, 3.11, tool_force, 0.0, -0.62, 6.57, actual_rep, 1, curr_step, 86, track_size, 105, robot_vel, 2.21, joints_pos, 15.14, 53.69, -13.27, -76.4, 14.09, 48.93, 37.56, tool_torque, -0.152, 0.125, 0.098, joint_torque, -0.47, 3.72, 0.44, -1.35, 0.05, -0.2, 0.18, robot_mode, normal, 
12/05/2022 17:18:31:277, robot_pos, 1652372200201, 629.5, 76.88, 201.65, 2.46, 0.03, 3.11, circuit_pos, 629.14, 76.9, 201.68, 2.46, 0.03, 3.11, tool_force, 0.22, -0.72, 6.33, actual_rep, 1, curr_step, 88, track_size, 105, robot_vel, 0.48, joints_pos, 15.14, 53.7, -13.27, -76.39, 14.09, 48.93, 37.56, tool_torque, -0.136, 0.062, 0.1, joint_torque, -0.38, 3.6, 0.43, -1.37, 0.04, -0.19, 0.17, robot_mode, normal, 
12/05/2022 17:18:31:470, robot_pos, 1652372200356, 629.52, 76.9, 201.65, 2.46, 0.03, 3.11, circuit_pos, 629.14, 76.89, 201.68, 2.46, 0.03, 3.11, tool_force, 0.31, -0.69, 6.24, actual_rep, 1, curr_step, 91, track_size, 105, robot_vel, 0.19, joints_pos, 15.14, 53.71, -13.27, -76.39, 14.1, 48.93, 37.56, tool_torque, -0.142, 0.065, 0.098, joint_torque, -0.32, 3.56, 0.49, -1.34, 0.04, -0.19, 0.18, robot_mode, normal, 
12/05/2022 17:18:31:580, robot_pos, 1652372200501, 629.52, 76.9, 201.66, 2.46, 0.03, 3.11, circuit_pos, 629.13, 76.9, 201.69, 2.46, 0.03, 3.11, tool_force, 0.29, -0.65, 6.27, actual_rep, 1, curr_step, 93, track_size, 105, robot_vel, 0.04, joints_pos, 15.14, 53.7, -13.27, -76.39, 14.1, 48.93, 37.56, tool_torque, -0.154, 0.087, 0.096, joint_torque, -0.33, 3.58, 0.52, -1.34, 0.04, -0.19, 0.18, robot_mode, normal, 
12/05/2022 17:18:31:763, robot_pos, 1652372200651, 629.51, 76.89, 201.66, 2.46, 0.03, 3.11, circuit_pos, 629.12, 76.9, 201.69, 2.46, 0.03, 3.11, tool_force, 0.25, -0.63, 6.28, actual_rep, 1, curr_step, 96, track_size, 105, robot_vel, 0.09, joints_pos, 15.14, 53.7, -13.27, -76.39, 14.1, 48.93, 37.56, tool_torque, -0.142, 0.085, 0.098, joint_torque, -0.33, 3.59, 0.51, -1.34, 0.04, -0.19, 0.18, robot_mode, normal, 
12/05/2022 17:18:31:881, robot_pos, 1652372200800, 629.5, 76.89, 201.67, 2.46, 0.03, 3.11, circuit_pos, 629.12, 76.9, 201.7, 2.46, 0.03, 3.11, tool_force, 0.23, -0.6, 6.29, actual_rep, 1, curr_step, 98, track_size, 105, robot_vel, 0.06, joints_pos, 15.14, 53.7, -13.27, -76.39, 14.1, 48.93, 37.55, tool_torque, -0.143, 0.091, 0.097, joint_torque, -0.34, 3.6, 0.5, -1.34, 0.04, -0.19, 0.18, robot_mode, normal, 
12/05/2022 17:18:32:038, robot_pos, 1652372200950, 629.5, 76.89, 201.67, 2.46, 0.03, 3.11, circuit_pos, 629.12, 76.9, 201.7, 2.46, 0.03, 3.11, tool_force, 0.22, -0.63, 6.29, actual_rep, 1, curr_step, 100, track_size, 105, robot_vel, 0.02, joints_pos, 15.14, 53.7, -13.27, -76.39, 14.1, 48.93, 37.55, tool_torque, -0.143, 0.093, 0.097, joint_torque, -0.35, 3.61, 0.5, -1.34, 0.04, -0.19, 0.18, robot_mode, normal, 
12/05/2022 17:18:32:213, robot_pos, 1652372201099, 629.5, 76.89, 201.67, 2.46, 0.03, 3.11, circuit_pos, 629.12, 76.9, 201.7, 2.46, 0.03, 3.11, tool_force, 0.21, -0.61, 6.31, actual_rep, 1, curr_step, 103, track_size, 105, robot_vel, 0.01, joints_pos, 15.14, 53.7, -13.27, -76.39, 14.1, 48.93, 37.55, tool_torque, -0.144, 0.097, 0.096, joint_torque, -0.35, 3.61, 0.5, -1.33, 0.04, -0.19, 0.18, robot_mode, normal, 
12/05/2022 17:18:32:364, robot_pos, 1652372201251, 629.5, 76.89, 201.67, 2.46, 0.03, 3.11, circuit_pos, 629.12, 76.9, 201.7, 2.46, 0.03, 3.11, tool_force, 0.21, -0.61, 6.29, actual_rep, 1, curr_step, 104, track_size, 105, robot_vel, 0.01, joints_pos, 15.14, 53.7, -13.27, -76.39, 14.1, 48.93, 37.55, tool_torque, -0.143, 0.097, 0.096, joint_torque, -0.34, 3.61, 0.51, -1.34, 0.04, -0.19, 0.18, robot_mode, normal, 
12/05/2022 17:18:32:487, robot_pos, 1652372201400, 629.5, 76.89, 201.67, 2.46, 0.03, 3.11, circuit_pos, 629.12, 76.9, 201.7, 2.46, 0.03, 3.11, tool_force, 0.21, -0.58, 6.29, actual_rep, 1, curr_step, 102, track_size, 105, robot_vel, 0.0, joints_pos, 15.14, 53.7, -13.27, -76.39, 14.1, 48.93, 37.55, tool_torque, -0.138, 0.099, 0.096, joint_torque, -0.34, 3.61, 0.51, -1.34, 0.04, -0.19, 0.18, robot_mode, normal, 
12/05/2022 17:18:32:674, robot_pos, 1652372201549, 629.5, 76.89, 201.67, 2.46, 0.03, 3.11, circuit_pos, 629.12, 76.9, 201.7, 2.46, 0.03, 3.11, tool_force, 0.2, -0.61, 6.29, actual_rep, 1, curr_step, 100, track_size, 105, robot_vel, 0.0, joints_pos, 15.14, 53.7, -13.27, -76.39, 14.1, 48.93, 37.55, tool_torque, -0.14, 0.098, 0.096, joint_torque, -0.35, 3.61, 0.5, -1.34, 0.04, -0.19, 0.18, robot_mode, normal, 
12/05/2022 17:18:32:787, robot_pos, 1652372201698, 629.5, 76.89, 201.67, 2.46, 0.03, 3.11, circuit_pos, 629.12, 76.9, 201.7, 2.46, 0.03, 3.11, tool_force, 0.2, -0.61, 6.3, actual_rep, 1, curr_step, 97, track_size, 105, robot_vel, 0.0, joints_pos, 15.14, 53.7, -13.27, -76.39, 14.1, 48.93, 37.55, tool_torque, -0.139, 0.098, 0.097, joint_torque, -0.35, 3.61, 0.51, -1.34, 0.04, -0.19, 0.18, robot_mode, normal, 
12/05/2022 17:18:32:934, robot_pos, 1652372201846, 629.5, 76.89, 201.67, 2.46, 0.03, 3.11, circuit_pos, 629.13, 76.9, 201.69, 2.46, 0.03, 3.11, tool_force, 0.2, -0.59, 6.29, actual_rep, 1, curr_step, 95, track_size, 105, robot_vel, 0.01, joints_pos, 15.14, 53.7, -13.27, -76.39, 14.1, 48.93, 37.55, tool_torque, -0.14, 0.097, 0.096, joint_torque, -0.34, 3.61, 0.51, -1.34, 0.04, -0.19, 0.18, robot_mode, normal, 
12/05/2022 17:18:33:085, robot_pos, 1652372201997, 629.5, 76.89, 201.67, 2.46, 0.03, 3.11, circuit_pos, 629.14, 76.9, 201.69, 2.46, 0.03, 3.11, tool_force, 0.22, -0.6, 6.29, actual_rep, 1, curr_step, 92, track_size, 105, robot_vel, 0.0, joints_pos, 15.14, 53.7, -13.27, -76.39, 14.1, 48.93, 37.55, tool_torque, -0.137, 0.094, 0.097, joint_torque, -0.34, 3.61, 0.5, -1.34, 0.04, -0.19, 0.18, robot_mode, normal, 
12/05/2022 17:18:33:242, robot_pos, 1652372202149, 629.5, 76.89, 201.67, 2.46, 0.03, 3.11, circuit_pos, 629.14, 76.9, 201.68, 2.46, 0.03, 3.11, tool_force, 0.22, -0.58, 6.29, actual_rep, 1, curr_step, 89, track_size, 105, robot_vel, 0.02, joints_pos, 15.14, 53.7, -13.27, -76.39, 14.1, 48.93, 37.55, tool_torque, -0.136, 0.096, 0.098, joint_torque, -0.34, 3.61, 0.51, -1.33, 0.04, -0.19, 0.18, robot_mode, normal, 
12/05/2022 17:18:33:390, robot_pos, 1652372202297, 629.5, 76.89, 201.67, 2.46, 0.03, 3.11, circuit_pos, 629.14, 76.92, 201.69, 2.46, 0.03, 3.11, tool_force, 0.19, -0.61, 6.3, actual_rep, 1, curr_step, 87, track_size, 105, robot_vel, 0.02, joints_pos, 15.14, 53.7, -13.27, -76.39, 14.1, 48.93, 37.55, tool_torque, -0.138, 0.099, 0.103, joint_torque, -0.36, 3.62, 0.49, -1.34, 0.05, -0.18, 0.19, robot_mode, normal, 
12/05/2022 17:18:33:542, robot_pos, 1652372202447, 629.5, 76.89, 201.67, 2.46, 0.03, 3.11, circuit_pos, 629.14, 76.83, 201.68, 2.46, 0.03, 3.11, tool_force, 0.19, -0.61, 6.27, actual_rep, 1, curr_step, 84, track_size, 105, robot_vel, 0.02, joints_pos, 15.14, 53.7, -13.27, -76.39, 14.1, 48.93, 37.55, tool_torque, -0.14, 0.1, 0.102, joint_torque, -0.36, 3.6, 0.51, -1.34, 0.05, -0.19, 0.19, robot_mode, normal, 
12/05/2022 17:18:33:692, robot_pos, 1652372202597, 629.47, 76.88, 201.76, 2.46, 0.03, 3.11, circuit_pos, 628.95, 76.95, 202.03, 2.46, 0.03, 3.11, tool_force, 0.06, -0.47, 6.42, actual_rep, 1, curr_step, 81, track_size, 105, robot_vel, 0.61, joints_pos, 15.14, 53.69, -13.27, -76.41, 14.1, 48.93, 37.55, tool_torque, -0.109, 0.13, 0.111, joint_torque, -0.39, 3.7, 0.48, -1.34, 0.05, -0.17, 0.19, robot_mode, normal, 
12/05/2022 17:18:33:842, robot_pos, 1652372202745, 629.33, 76.96, 202.2, 2.46, 0.03, 3.11, circuit_pos, 629.01, 77.07, 202.3, 2.46, 0.03, 3.11, tool_force, -0.13, -0.51, 6.13, actual_rep, 1, curr_step, 79, track_size, 105, robot_vel, 3.56, joints_pos, 15.15, 53.62, -13.27, -76.45, 14.1, 48.92, 37.55, tool_torque, -0.148, 0.218, 0.082, joint_torque, -0.43, 3.55, 0.53, -1.26, 0.06, -0.14, 0.18, robot_mode, normal, 
12/05/2022 17:18:34:023, robot_pos, 1652372202907, 629.18, 76.85, 201.68, 2.46, 0.03, 3.11, circuit_pos, 628.85, 76.71, 201.09, 2.46, 0.03, 3.11, tool_force, -0.18, -0.51, 6.07, actual_rep, 1, curr_step, 76, track_size, 105, robot_vel, 5.36, joints_pos, 15.15, 53.66, -13.27, -76.48, 14.1, 48.86, 37.55, tool_torque, -0.101, 0.282, 0.03, joint_torque, -0.38, 3.37, 0.52, -1.19, 0.05, -0.05, 0.12, robot_mode, normal, 
12/05/2022 17:18:34:144, robot_pos, 1652372203044, 629.0, 76.48, 200.9, 2.46, 0.03, 3.11, circuit_pos, 628.58, 76.39, 200.73, 2.46, 0.03, 3.11, tool_force, 0.64, -0.7, 5.54, actual_rep, 1, curr_step, 74, track_size, 105, robot_vel, 5.05, joints_pos, 15.12, 53.73, -13.28, -76.49, 14.11, 48.89, 37.56, tool_torque, -0.116, 0.143, 0.015, joint_torque, 0.0, 3.18, 0.68, -1.21, 0.04, -0.08, 0.09, robot_mode, normal, 
12/05/2022 17:18:34:297, robot_pos, 1652372203195, 629.29, 77.26, 200.98, 2.46, 0.03, 3.11, circuit_pos, 628.93, 77.7, 200.85, 2.46, 0.03, 3.11, tool_force, -0.03, -0.46, 5.63, actual_rep, 1, curr_step, 71, track_size, 105, robot_vel, 12.46, joints_pos, 15.16, 53.75, -13.25, -76.42, 14.13, 48.88, 37.53, tool_torque, 0.028, 0.135, 0.143, joint_torque, -0.45, 3.38, 0.26, -1.26, 0.04, -0.09, 0.19, robot_mode, normal, 
12/05/2022 17:18:34:442, robot_pos, 1652372203342, 629.26, 77.62, 200.86, 2.46, 0.03, 3.11, circuit_pos, 628.93, 77.25, 200.67, 2.46, 0.03, 3.11, tool_force, -0.24, -0.55, 5.92, actual_rep, 1, curr_step, 69, track_size, 105, robot_vel, 1.09, joints_pos, 15.19, 53.76, -13.25, -76.42, 14.2, 48.86, 37.52, tool_torque, 0.0020, 0.247, 0.115, joint_torque, -0.59, 3.66, 0.32, -1.35, 0.02, -0.04, 0.2, robot_mode, normal, 
12/05/2022 17:18:34:597, robot_pos, 1652372203493, 629.52, 76.09, 200.89, 2.46, 0.03, 3.11, circuit_pos, 629.91, 72.89, 201.59, 2.46, 0.03, 3.1, tool_force, 0.26, -0.27, 6.02, actual_rep, 1, curr_step, 66, track_size, 105, robot_vel, 14.87, joints_pos, 15.0, 53.76, -13.26, -76.42, 14.46, 48.86, 37.1, tool_torque, 0.133, 0.081, 0.183, joint_torque, -0.11, 3.64, 0.49, -1.38, 0.01, -0.04, 0.24, robot_mode, normal, 
12/05/2022 17:18:34:745, robot_pos, 1652372203641, 630.33, 71.71, 201.66, 2.46, 0.03, 3.1, circuit_pos, 630.72, 67.09, 201.97, 2.46, 0.02, 3.1, tool_force, 1.23, 0.0, 5.8, actual_rep, 1, curr_step, 64, track_size, 105, robot_vel, 30.38, joints_pos, 14.55, 53.7, -13.26, -76.4, 14.77, 48.89, 36.36, tool_torque, 0.154, -0.112, 0.264, joint_torque, 0.0, 3.67, 0.39, -1.37, 0.02, -0.14, 0.3, robot_mode, normal, 
12/05/2022 17:18:34:897, robot_pos, 1652372203793, 630.9, 65.82, 201.76, 2.46, 0.02, 3.1, circuit_pos, 631.5, 53.5, 201.76, 2.46, 0.02, 3.1, tool_force, 0.38, -0.06, 6.2, actual_rep, 1, curr_step, 61, track_size, 105, robot_vel, 38.42, joints_pos, 13.9, 53.67, -13.17, -76.43, 15.03, 48.89, 35.58, tool_torque, 0.307, -0.165, 0.298, joint_torque, -0.02, 3.59, 0.21, -1.28, 0.03, -0.13, 0.28, robot_mode, normal, 
12/05/2022 17:18:35:053, robot_pos, 1652372203941, 631.32, 60.1, 201.83, 2.46, 0.02, 3.1, circuit_pos, 631.96, 43.62, 202.35, 2.46, 0.02, 3.09, tool_force, 0.89, 0.45, 6.13, actual_rep, 1, curr_step, 59, track_size, 105, robot_vel, 37.96, joints_pos, 13.28, 53.63, -13.04, -76.46, 15.06, 48.89, 34.97, tool_torque, 0.402, -0.3, 0.337, joint_torque, 0.36, 3.69, 0.26, -1.29, 0.03, -0.16, 0.28, robot_mode, normal, 
12/05/2022 17:18:35:197, robot_pos, 1652372204091, 631.64, 54.36, 202.03, 2.46, 0.02, 3.1, circuit_pos, 631.96, 43.62, 202.35, 2.46, 0.02, 3.09, tool_force, 0.86, 0.43, 6.08, actual_rep, 1, curr_step, 59, track_size, 105, robot_vel, 39.15, joints_pos, 12.68, 53.58, -12.94, -76.51, 15.12, 48.9, 34.36, tool_torque, 0.383, -0.262, 0.32, joint_torque, 0.14, 3.68, 0.08, -1.25, 0.03, -0.18, 0.28, robot_mode, normal, 
12/05/2022 17:18:35:351, robot_pos, 1652372204240, 631.97, 48.58, 202.2, 2.46, 0.02, 3.1, circuit_pos, 632.13, 38.6, 203.04, 2.46, 0.02, 3.09, tool_force, 0.79, 0.51, 6.1, actual_rep, 1, curr_step, 58, track_size, 105, robot_vel, 36.85, joints_pos, 12.06, 53.54, -12.83, -76.54, 15.2, 48.92, 33.73, tool_torque, 0.38, -0.284, 0.32, joint_torque, 0.29, 3.6, 0.2, -1.21, 0.03, -0.21, 0.28, robot_mode, normal, 
12/05/2022 17:18:35:498, robot_pos, 1652372204390, 632.27, 42.75, 202.62, 2.46, 0.02, 3.09, circuit_pos, 632.31, 33.5, 203.98, 2.46, 0.02, 3.09, tool_force, 0.89, 0.2, 6.0, actual_rep, 1, curr_step, 57, track_size, 105, robot_vel, 39.53, joints_pos, 11.46, 53.48, -12.74, -76.56, 15.24, 48.98, 33.15, tool_torque, 0.318, -0.352, 0.328, joint_torque, 0.08, 3.53, 0.05, -1.26, 0.02, -0.25, 0.29, robot_mode, normal, 
12/05/2022 17:18:35:653, robot_pos, 1652372204538, 632.49, 36.98, 203.47, 2.46, 0.02, 3.09, circuit_pos, 632.41, 28.42, 205.26, 2.46, 0.02, 3.09, tool_force, 0.4, 0.27, 6.4, actual_rep, 1, curr_step, 56, track_size, 105, robot_vel, 37.96, joints_pos, 10.86, 53.38, -12.66, -76.58, 15.25, 49.08, 32.55, tool_torque, 0.35, -0.323, 0.317, joint_torque, 0.37, 3.69, 0.21, -1.18, 0.03, -0.26, 0.26, robot_mode, normal, 
12/05/2022 17:18:35:799, robot_pos, 1652372204689, 632.65, 31.15, 204.64, 2.46, 0.02, 3.09, circuit_pos, 632.22, 19.0, 208.92, 2.46, 0.01, 3.09, tool_force, 0.28, 0.11, 6.4, actual_rep, 1, curr_step, 54, track_size, 105, robot_vel, 39.02, joints_pos, 10.31, 53.26, -12.62, -76.59, 15.26, 49.24, 31.99, tool_torque, 0.322, -0.278, 0.32, joint_torque, 0.11, 3.82, 0.14, -1.25, 0.03, -0.26, 0.28, robot_mode, normal, 
12/05/2022 17:18:35:955, robot_pos, 1652372204837, 632.68, 25.3, 206.58, 2.46, 0.02, 3.09, circuit_pos, 632.22, 19.0, 208.92, 2.46, 0.01, 3.09, tool_force, 0.79, 0.22, 5.95, actual_rep, 1, curr_step, 54, track_size, 105, robot_vel, 40.86, joints_pos, 9.75, 53.06, -12.6, -76.62, 15.26, 49.46, 31.4, tool_torque, 0.294, -0.347, 0.309, joint_torque, 0.44, 3.45, 0.28, -1.19, 0.06, -0.27, 0.25, robot_mode, normal, 
12/05/2022 17:18:36:100, robot_pos, 1652372204988, 632.59, 19.6, 208.91, 2.46, 0.01, 3.09, circuit_pos, 632.05, 14.57, 211.57, 2.47, 0.01, 3.09, tool_force, 0.23, 0.35, 6.75, actual_rep, 1, curr_step, 53, track_size, 105, robot_vel, 41.88, joints_pos, 9.24, 52.83, -12.62, -76.66, 15.24, 49.74, 30.83, tool_torque, 0.203, -0.213, 0.283, joint_torque, 0.06, 3.75, 0.24, -1.22, 0.08, -0.29, 0.27, robot_mode, normal, 
12/05/2022 17:18:36:252, robot_pos, 1652372205138, 632.39, 13.77, 212.51, 2.46, 0.01, 3.1, circuit_pos, 631.51, 6.06, 219.17, 2.47, 0.02, 3.1, tool_force, 0.66, 0.32, 6.47, actual_rep, 1, curr_step, 51, track_size, 105, robot_vel, 47.94, joints_pos, 8.76, 52.48, -12.67, -76.7, 15.08, 50.12, 30.4, tool_torque, 0.094, -0.196, 0.235, joint_torque, 0.34, 3.55, 0.47, -1.24, 0.12, -0.28, 0.22, robot_mode, normal, 
12/05/2022 17:18:36:403, robot_pos, 1652372205286, 632.1, 8.11, 217.57, 2.46, 0.02, 3.1, circuit_pos, 631.22, 2.0, 224.33, 2.46, 0.02, 3.1, tool_force, 0.88, -0.08, 6.4, actual_rep, 1, curr_step, 50, track_size, 105, robot_vel, 53.03, joints_pos, 8.31, 51.99, -12.74, -76.76, 14.84, 50.6, 30.04, tool_torque, -0.038, -0.12, 0.188, joint_torque, 0.02, 3.69, 0.44, -1.31, 0.13, -0.29, 0.2, robot_mode, normal, 
12/05/2022 17:18:36:553, robot_pos, 1652372205436, 631.72, 3.29, 223.42, 2.46, 0.02, 3.1, circuit_pos, 630.83, -2.11, 230.24, 2.46, 0.02, 3.1, tool_force, 0.31, 0.3, 6.34, actual_rep, 1, curr_step, 49, track_size, 105, robot_vel, 47.15, joints_pos, 7.99, 51.42, -12.86, -76.83, 14.53, 51.1, 29.86, tool_torque, 0.039, -0.113, 0.188, joint_torque, 0.18, 3.66, 0.52, -1.19, 0.12, -0.3, 0.2, robot_mode, normal, 
12/05/2022 17:18:36:703, robot_pos, 1652372205585, 631.31, -0.81, 229.14, 2.46, 0.02, 3.1, circuit_pos, 630.31, -5.54, 235.71, 2.46, 0.02, 3.11, tool_force, 0.03, 0.19, 6.93, actual_rep, 1, curr_step, 48, track_size, 105, robot_vel, 49.88, joints_pos, 7.79, 50.89, -13.08, -76.88, 14.3, 51.61, 29.73, tool_torque, 0.02, -0.093, 0.203, joint_torque, 0.18, 3.76, 0.55, -1.3, 0.12, -0.27, 0.22, robot_mode, normal, 
12/05/2022 17:18:36:854, robot_pos, 1652372205735, 630.86, -4.47, 235.0, 2.46, 0.02, 3.11, circuit_pos, 629.78, -9.15, 242.18, 2.46, 0.02, 3.11, tool_force, 0.66, 0.32, 6.37, actual_rep, 1, curr_step, 47, track_size, 105, robot_vel, 45.16, joints_pos, 7.67, 50.35, -13.35, -76.93, 14.13, 52.12, 29.65, tool_torque, 0.017, -0.145, 0.189, joint_torque, 0.36, 3.54, 0.68, -1.26, 0.13, -0.28, 0.21, robot_mode, normal, 
12/05/2022 17:18:37:007, robot_pos, 1652372205884, 630.35, -7.7, 240.71, 2.46, 0.02, 3.11, circuit_pos, 629.12, -12.56, 249.29, 2.46, 0.03, 3.11, tool_force, 0.14, 0.18, 6.61, actual_rep, 1, curr_step, 46, track_size, 105, robot_vel, 45.62, joints_pos, 7.6, 49.81, -13.64, -77.0, 13.98, 52.6, 29.62, tool_torque, 0.0050, -0.076, 0.18, joint_torque, 0.27, 3.81, 0.68, -1.34, 0.14, -0.28, 0.2, robot_mode, normal, 
12/05/2022 17:18:37:153, robot_pos, 1652372206033, 629.87, -10.66, 246.5, 2.46, 0.03, 3.11, circuit_pos, 628.48, -15.24, 256.62, 2.45, 0.03, 3.12, tool_force, 0.38, 0.29, 6.53, actual_rep, 1, curr_step, 45, track_size, 105, robot_vel, 49.41, joints_pos, 7.58, 49.3, -13.96, -77.04, 13.85, 53.08, 29.6, tool_torque, -0.011, -0.129, 0.174, joint_torque, 0.17, 3.57, 0.56, -1.29, 0.13, -0.3, 0.19, robot_mode, normal, 
12/05/2022 17:18:37:307, robot_pos, 1652372206183, 629.37, -13.14, 252.3, 2.45, 0.03, 3.11, circuit_pos, 627.69, -16.64, 264.1, 2.45, 0.03, 3.12, tool_force, -0.02, 0.14, 6.79, actual_rep, 1, curr_step, 44, track_size, 105, robot_vel, 46.56, joints_pos, 7.58, 48.77, -14.26, -77.08, 13.71, 53.56, 29.59, tool_torque, -0.0070, -0.063, 0.154, joint_torque, 0.24, 3.75, 0.66, -1.24, 0.13, -0.3, 0.17, robot_mode, normal, 
12/05/2022 17:18:37:455, robot_pos, 1652372206331, 628.81, -14.75, 258.01, 2.45, 0.03, 3.12, circuit_pos, 627.69, -16.64, 264.1, 2.45, 0.03, 3.12, tool_force, -0.04, -0.22, 6.36, actual_rep, 1, curr_step, 44, track_size, 105, robot_vel, 40.28, joints_pos, 7.6, 48.25, -14.47, -77.12, 13.54, 54.03, 29.6, tool_torque, -0.197, 0.035, 0.044, joint_torque, -0.01, 3.69, 0.65, -1.3, 0.15, -0.29, 0.08, robot_mode, normal, 
12/05/2022 17:18:37:610, robot_pos, 1652372206481, 628.24, -15.97, 263.9, 2.45, 0.03, 3.12, circuit_pos, 626.91, -17.3, 271.39, 2.45, 0.03, 3.12, tool_force, -0.24, -0.45, 6.45, actual_rep, 1, curr_step, 43, track_size, 105, robot_vel, 40.91, joints_pos, 7.67, 47.72, -14.69, -77.15, 13.36, 54.54, 29.65, tool_torque, -0.299, 0.095, -0.047, joint_torque, -0.07, 3.63, 0.72, -1.33, 0.16, -0.3, -0.01, robot_mode, normal, 
12/05/2022 17:18:37:759, robot_pos, 1652372206630, 627.7, -16.73, 269.61, 2.45, 0.03, 3.12, circuit_pos, 626.33, -17.08, 278.54, 2.45, 0.04, 3.12, tool_force, -0.95, -0.8, 6.67, actual_rep, 1, curr_step, 42, track_size, 105, robot_vel, 39.21, joints_pos, 7.77, 47.2, -14.9, -77.16, 13.15, 55.03, 29.74, tool_torque, -0.417, 0.215, -0.136, joint_torque, -0.37, 3.74, 0.65, -1.32, 0.16, -0.31, -0.08, robot_mode, normal, 
12/05/2022 17:18:37:910, robot_pos, 1652372206781, 627.17, -16.93, 275.46, 2.45, 0.04, 3.12, circuit_pos, 625.81, -15.95, 285.17, 2.45, 0.04, 3.13, tool_force, -1.19, -1.49, 6.36, actual_rep, 1, curr_step, 41, track_size, 105, robot_vel, 41.21, joints_pos, 7.91, 46.67, -15.09, -77.17, 12.92, 55.5, 29.9, tool_torque, -0.613, 0.321, -0.225, joint_torque, -0.99, 3.68, 0.43, -1.46, 0.14, -0.3, -0.14, robot_mode, normal, 
12/05/2022 17:18:38:060, robot_pos, 1652372206929, 626.69, -16.55, 281.18, 2.45, 0.04, 3.12, circuit_pos, 625.17, -13.53, 291.52, 2.45, 0.04, 3.13, tool_force, -1.0, -0.78, 6.73, actual_rep, 1, curr_step, 40, track_size, 105, robot_vel, 39.4, joints_pos, 8.12, 46.16, -15.3, -77.18, 12.7, 55.96, 30.13, tool_torque, -0.491, 0.245, -0.219, joint_torque, -0.56, 3.64, 0.56, -1.33, 0.13, -0.31, -0.15, robot_mode, normal, 
12/05/2022 17:18:38:212, robot_pos, 1652372207079, 626.16, -15.11, 286.99, 2.45, 0.04, 3.12, circuit_pos, 624.46, -10.48, 297.53, 2.45, 0.04, 3.13, tool_force, -1.0, -1.01, 6.55, actual_rep, 1, curr_step, 39, track_size, 105, robot_vel, 40.52, joints_pos, 8.41, 45.64, -15.49, -77.18, 12.51, 56.42, 30.46, tool_torque, -0.527, 0.279, -0.243, joint_torque, -0.56, 3.71, 0.65, -1.34, 0.15, -0.32, -0.17, robot_mode, normal, 
12/05/2022 17:18:38:386, robot_pos, 1652372207228, 625.54, -12.92, 292.7, 2.45, 0.04, 3.13, circuit_pos, 624.46, -10.48, 297.53, 2.45, 0.04, 3.13, tool_force, -0.93, -0.96, 6.82, actual_rep, 1, curr_step, 39, track_size, 105, robot_vel, 42.3, joints_pos, 8.77, 45.12, -15.69, -77.18, 12.34, 56.94, 30.82, tool_torque, -0.528, 0.285, -0.242, joint_torque, -0.62, 3.72, 0.61, -1.39, 0.15, -0.32, -0.16, robot_mode, normal, 
12/05/2022 17:18:38:513, robot_pos, 1652372207379, 624.89, -10.08, 298.58, 2.45, 0.04, 3.13, circuit_pos, 623.85, -6.9, 303.52, 2.45, 0.04, 3.13, tool_force, -0.93, -1.25, 6.59, actual_rep, 1, curr_step, 38, track_size, 105, robot_vel, 41.77, joints_pos, 9.2, 44.62, -15.92, -77.17, 12.2, 57.45, 31.18, tool_torque, -0.525, 0.25, -0.232, joint_torque, -0.47, 3.69, 0.67, -1.44, 0.17, -0.32, -0.17, robot_mode, normal, 
12/05/2022 17:18:38:663, robot_pos, 1652372207526, 624.36, -6.61, 304.28, 2.45, 0.04, 3.13, circuit_pos, 623.44, -2.99, 309.37, 2.45, 0.05, 3.13, tool_force, -0.64, -0.97, 6.76, actual_rep, 1, curr_step, 37, track_size, 105, robot_vel, 45.1, joints_pos, 9.7, 44.13, -16.15, -77.11, 12.05, 58.01, 31.63, tool_torque, -0.5, 0.213, -0.24, joint_torque, -0.37, 3.72, 0.7, -1.52, 0.17, -0.31, -0.18, robot_mode, normal, 
12/05/2022 17:18:38:813, robot_pos, 1652372207676, 624.02, -2.4, 310.11, 2.45, 0.05, 3.13, circuit_pos, 623.28, 1.7, 314.97, 2.45, 0.05, 3.13, tool_force, -0.27, -0.83, 6.59, actual_rep, 1, curr_step, 36, track_size, 105, robot_vel, 49.68, joints_pos, 10.27, 43.68, -16.39, -77.0, 11.89, 58.55, 32.17, tool_torque, -0.47, 0.167, -0.227, joint_torque, -0.26, 3.66, 0.72, -1.55, 0.16, -0.31, -0.18, robot_mode, normal, 
12/05/2022 17:18:39:118, robot_pos, 1652372207977, 623.41, 8.48, 320.68, 2.44, 0.05, 3.13, circuit_pos, 622.91, 13.06, 324.23, 2.44, 0.05, 3.13, tool_force, -0.03, -0.94, 6.41, actual_rep, 1, curr_step, 34, track_size, 105, robot_vel, 46.71, joints_pos, 11.56, 42.88, -16.79, -76.76, 11.6, 59.56, 33.65, tool_torque, -0.444, 0.227, -0.235, joint_torque, -0.59, 3.75, 0.54, -1.62, 0.16, -0.3, -0.18, robot_mode, normal, 
12/05/2022 17:18:39:266, robot_pos, 1652372208125, 623.39, 14.28, 324.27, 2.44, 0.05, 3.13, circuit_pos, 622.99, 20.03, 327.63, 2.43, 0.05, 3.13, tool_force, -0.6, -0.6, 6.82, actual_rep, 1, curr_step, 33, track_size, 105, robot_vel, 44.46, joints_pos, 12.22, 42.65, -16.98, -76.61, 11.57, 59.91, 34.43, tool_torque, -0.425, 0.244, -0.237, joint_torque, -0.46, 3.84, 0.67, -1.54, 0.16, -0.31, -0.18, robot_mode, normal, 
12/05/2022 17:18:39:412, robot_pos, 1652372208274, 623.47, 19.93, 326.93, 2.43, 0.05, 3.13, circuit_pos, 623.3, 27.65, 330.3, 2.43, 0.05, 3.13, tool_force, -0.54, -1.23, 6.27, actual_rep, 1, curr_step, 32, track_size, 105, robot_vel, 43.62, joints_pos, 12.83, 42.49, -17.13, -76.49, 11.57, 60.14, 35.21, tool_torque, -0.433, 0.172, -0.227, joint_torque, -0.33, 3.63, 0.63, -1.59, 0.15, -0.29, -0.19, robot_mode, normal, 
12/05/2022 17:18:39:583, robot_pos, 1652372208425, 623.6, 25.89, 329.13, 2.43, 0.05, 3.13, circuit_pos, 623.53, 35.82, 332.29, 2.42, 0.06, 3.13, tool_force, -0.22, -0.96, 6.41, actual_rep, 1, curr_step, 31, track_size, 105, robot_vel, 41.52, joints_pos, 13.44, 42.37, -17.23, -76.36, 11.57, 60.31, 36.04, tool_torque, -0.44, 0.21, -0.225, joint_torque, -0.44, 3.56, 0.66, -1.56, 0.15, -0.29, -0.18, robot_mode, normal, 
12/05/2022 17:18:39:719, robot_pos, 1652372208574, 623.72, 31.59, 330.79, 2.42, 0.05, 3.13, circuit_pos, 623.88, 44.2, 333.69, 2.42, 0.06, 3.13, tool_force, -0.46, -1.06, 6.67, actual_rep, 1, curr_step, 30, track_size, 105, robot_vel, 40.4, joints_pos, 14.0, 42.3, -17.32, -76.23, 11.59, 60.44, 36.85, tool_torque, -0.392, 0.213, -0.221, joint_torque, -0.4, 3.77, 0.66, -1.63, 0.13, -0.28, -0.16, robot_mode, normal, 
12/05/2022 17:18:39:864, robot_pos, 1652372208723, 623.96, 37.33, 331.99, 2.42, 0.05, 3.13, circuit_pos, 623.88, 44.2, 333.69, 2.42, 0.06, 3.13, tool_force, -0.47, -0.57, 6.68, actual_rep, 1, curr_step, 30, track_size, 105, robot_vel, 37.51, joints_pos, 14.55, 42.27, -17.36, -76.11, 11.6, 60.51, 37.59, tool_torque, -0.373, 0.223, -0.2, joint_torque, -0.5, 3.77, 0.56, -1.6, 0.12, -0.29, -0.14, robot_mode, normal, 
12/05/2022 17:18:40:020, robot_pos, 1652372208874, 624.13, 43.14, 332.96, 2.42, 0.06, 3.12, circuit_pos, 624.23, 52.7, 334.4, 2.41, 0.06, 3.12, tool_force, -0.18, -0.93, 6.47, actual_rep, 1, curr_step, 29, track_size, 105, robot_vel, 41.12, joints_pos, 15.11, 42.25, -17.42, -75.99, 11.62, 60.55, 38.34, tool_torque, -0.391, 0.244, -0.216, joint_torque, -0.54, 3.64, 0.56, -1.63, 0.11, -0.25, -0.16, robot_mode, normal, 
12/05/2022 17:18:40:166, robot_pos, 1652372209022, 624.33, 48.96, 333.75, 2.41, 0.06, 3.12, circuit_pos, 624.4, 61.16, 334.05, 2.41, 0.06, 3.12, tool_force, -0.35, -0.81, 6.45, actual_rep, 1, curr_step, 28, track_size, 105, robot_vel, 38.87, joints_pos, 15.64, 42.25, -17.44, -75.87, 11.63, 60.58, 39.04, tool_torque, -0.344, 0.189, -0.187, joint_torque, -0.3, 3.6, 0.63, -1.55, 0.11, -0.28, -0.14, robot_mode, normal, 
12/05/2022 17:18:40:324, robot_pos, 1652372209174, 624.5, 54.71, 333.86, 2.41, 0.06, 3.12, circuit_pos, 624.4, 61.16, 334.05, 2.41, 0.06, 3.12, tool_force, -0.32, -0.94, 6.36, actual_rep, 1, curr_step, 28, track_size, 105, robot_vel, 46.96, joints_pos, 16.16, 42.32, -17.44, -75.74, 11.64, 60.58, 39.78, tool_torque, -0.357, 0.205, -0.197, joint_torque, -0.54, 3.53, 0.47, -1.6, 0.08, -0.27, -0.14, robot_mode, normal, 
12/05/2022 17:18:40:470, robot_pos, 1652372209325, 624.57, 60.56, 333.5, 2.41, 0.06, 3.12, circuit_pos, 624.49, 69.26, 332.51, 2.4, 0.06, 3.12, tool_force, 0.06, -0.95, 6.12, actual_rep, 1, curr_step, 27, track_size, 105, robot_vel, 39.48, joints_pos, 16.66, 42.42, -17.44, -75.62, 11.66, 60.59, 40.48, tool_torque, -0.283, 0.186, -0.165, joint_torque, -0.44, 3.6, 0.48, -1.65, 0.08, -0.21, -0.12, robot_mode, normal, 
12/05/2022 17:18:40:623, robot_pos, 1652372209475, 624.7, 66.4, 332.74, 2.4, 0.06, 3.12, circuit_pos, 624.44, 77.54, 329.76, 2.4, 0.06, 3.12, tool_force, -0.19, -0.84, 5.97, actual_rep, 1, curr_step, 26, track_size, 105, robot_vel, 42.32, joints_pos, 17.19, 42.57, -17.45, -75.49, 11.69, 60.59, 41.16, tool_torque, -0.259, 0.216, -0.179, joint_torque, -0.42, 3.48, 0.49, -1.59, 0.07, -0.19, -0.14, robot_mode, normal, 
12/05/2022 17:18:40:805, robot_pos, 1652372209624, 624.8, 72.14, 331.32, 2.4, 0.06, 3.12, circuit_pos, 624.46, 85.34, 325.75, 2.4, 0.06, 3.12, tool_force, -0.07, -0.92, 5.7, actual_rep, 1, curr_step, 25, track_size, 105, robot_vel, 41.56, joints_pos, 17.68, 42.77, -17.45, -75.37, 11.75, 60.52, 41.88, tool_torque, -0.147, 0.306, -0.176, joint_torque, -0.36, 3.58, 0.49, -1.58, 0.06, -0.07, -0.14, robot_mode, normal, 
12/05/2022 17:18:40:923, robot_pos, 1652372209775, 624.74, 77.99, 329.23, 2.4, 0.06, 3.12, circuit_pos, 624.46, 85.34, 325.75, 2.4, 0.06, 3.12, tool_force, -0.33, -0.73, 5.73, actual_rep, 1, curr_step, 25, track_size, 105, robot_vel, 53.45, joints_pos, 18.2, 43.01, -17.44, -75.31, 11.8, 60.36, 42.42, tool_torque, -0.111, 0.359, -0.166, joint_torque, -0.53, 3.56, 0.41, -1.63, 0.06, -0.03, -0.13, robot_mode, normal, 
12/05/2022 17:18:41:077, robot_pos, 1652372209922, 624.8, 83.71, 326.44, 2.4, 0.06, 3.12, circuit_pos, 624.56, 92.78, 320.81, 2.4, 0.06, 3.12, tool_force, -0.14, -0.51, 5.79, actual_rep, 1, curr_step, 24, track_size, 105, robot_vel, 43.6, joints_pos, 18.68, 43.31, -17.42, -75.24, 11.86, 60.13, 43.0, tool_torque, -0.051, 0.244, -0.13, joint_torque, -0.32, 3.49, 0.4, -1.6, 0.06, -0.03, -0.12, robot_mode, normal, 
12/05/2022 17:18:41:224, robot_pos, 1652372210074, 624.9, 89.57, 322.96, 2.4, 0.06, 3.12, circuit_pos, 624.52, 100.13, 315.01, 2.39, 0.06, 3.12, tool_force, -0.18, -0.33, 5.84, actual_rep, 1, curr_step, 23, track_size, 105, robot_vel, 45.67, joints_pos, 19.2, 43.67, -17.42, -75.17, 11.94, 59.86, 43.6, tool_torque, 0.011, 0.251, -0.113, joint_torque, -0.27, 3.46, 0.41, -1.53, 0.05, -0.02, -0.11, robot_mode, normal, 
12/05/2022 17:18:41:375, robot_pos, 1652372210222, 624.89, 95.32, 318.7, 2.4, 0.06, 3.12, circuit_pos, 624.52, 100.13, 315.01, 2.39, 0.06, 3.12, tool_force, -0.29, -0.3, 5.86, actual_rep, 1, curr_step, 23, track_size, 105, robot_vel, 48.22, joints_pos, 19.7, 44.08, -17.41, -75.15, 12.03, 59.48, 44.19, tool_torque, 0.038, 0.289, -0.113, joint_torque, -0.41, 3.71, 0.31, -1.64, 0.05, 0.0, -0.12, robot_mode, normal, 
12/05/2022 17:18:41:524, robot_pos, 1652372210373, 624.86, 101.25, 313.77, 2.39, 0.06, 3.12, circuit_pos, 624.4, 106.98, 308.63, 2.39, 0.06, 3.12, tool_force, -0.06, -0.38, 5.57, actual_rep, 1, curr_step, 22, track_size, 105, robot_vel, 50.68, joints_pos, 20.2, 44.54, -17.39, -75.13, 12.12, 59.04, 44.85, tool_torque, 0.086, 0.249, -0.089, joint_torque, -0.3, 3.77, 0.37, -1.6, 0.06, 0.0, -0.1, robot_mode, normal, 
12/05/2022 17:18:41:678, robot_pos, 1652372210524, 624.75, 107.09, 308.55, 2.39, 0.06, 3.12, circuit_pos, 624.06, 114.11, 302.0, 2.39, 0.06, 3.12, tool_force, -0.09, -0.33, 5.53, actual_rep, 1, curr_step, 21, track_size, 105, robot_vel, 51.06, joints_pos, 20.72, 45.05, -17.38, -75.1, 12.21, 58.63, 45.47, tool_torque, 0.051, 0.232, -0.089, joint_torque, -0.4, 3.36, 0.23, -1.5, 0.05, 0.0, -0.1, robot_mode, normal, 
12/05/2022 17:18:41:824, robot_pos, 1652372210676, 624.56, 112.78, 303.31, 2.39, 0.06, 3.12, circuit_pos, 623.88, 121.24, 295.38, 2.38, 0.06, 3.12, tool_force, -0.06, -0.44, 5.76, actual_rep, 1, curr_step, 20, track_size, 105, robot_vel, 51.87, joints_pos, 21.21, 45.55, -17.36, -75.07, 12.31, 58.22, 46.09, tool_torque, 0.052, 0.228, -0.087, joint_torque, -0.4, 3.44, 0.24, -1.57, 0.04, 0.02, -0.1, robot_mode, normal, 
12/05/2022 17:18:42:001, robot_pos, 1652372210827, 624.4, 118.63, 297.93, 2.39, 0.06, 3.12, circuit_pos, 623.77, 128.73, 288.72, 2.38, 0.06, 3.12, tool_force, -0.13, -0.34, 5.93, actual_rep, 1, curr_step, 19, track_size, 105, robot_vel, 51.13, joints_pos, 21.7, 46.08, -17.33, -75.01, 12.39, 57.8, 46.7, tool_torque, 0.106, 0.198, -0.081, joint_torque, -0.35, 3.63, 0.21, -1.58, 0.03, 0.0, -0.11, robot_mode, normal, 
12/05/2022 17:18:42:166, robot_pos, 1652372210976, 624.26, 124.3, 292.78, 2.38, 0.06, 3.12, circuit_pos, 623.77, 128.73, 288.72, 2.38, 0.06, 3.12, tool_force, -0.07, -0.25, 6.0, actual_rep, 1, curr_step, 19, track_size, 105, robot_vel, 57.09, joints_pos, 22.17, 46.59, -17.3, -74.94, 12.53, 57.38, 47.26, tool_torque, 0.087, 0.211, -0.091, joint_torque, -0.35, 3.62, 0.22, -1.56, 0.03, 0.01, -0.12, robot_mode, normal, 
12/05/2022 17:18:42:278, robot_pos, 1652372211129, 624.12, 130.16, 287.87, 2.38, 0.06, 3.12, circuit_pos, 623.52, 136.66, 282.18, 2.38, 0.06, 3.12, tool_force, -0.13, -0.63, 5.48, actual_rep, 1, curr_step, 18, track_size, 105, robot_vel, 51.55, joints_pos, 22.63, 47.09, -17.23, -74.83, 12.68, 57.01, 47.76, tool_torque, 0.076, 0.212, -0.102, joint_torque, -0.46, 3.47, 0.16, -1.56, 0.03, 0.03, -0.13, robot_mode, normal, 
12/05/2022 17:18:42:431, robot_pos, 1652372211280, 623.96, 135.95, 283.06, 2.38, 0.06, 3.12, circuit_pos, 623.16, 144.91, 275.53, 2.38, 0.05, 3.11, tool_force, 0.0, -0.23, 5.84, actual_rep, 1, curr_step, 17, track_size, 105, robot_vel, 49.06, joints_pos, 23.05, 47.58, -17.13, -74.73, 12.84, 56.6, 48.26, tool_torque, 0.132, 0.171, -0.074, joint_torque, -0.29, 3.68, 0.2, -1.53, 0.04, 0.01, -0.12, robot_mode, normal, 
12/05/2022 17:18:42:580, robot_pos, 1652372211430, 623.74, 141.68, 278.34, 2.38, 0.06, 3.12, circuit_pos, 622.84, 153.45, 268.95, 2.38, 0.05, 3.11, tool_force, -0.08, -0.47, 5.8, actual_rep, 1, curr_step, 16, track_size, 105, robot_vel, 47.79, joints_pos, 23.42, 48.05, -16.99, -74.61, 13.02, 56.23, 48.73, tool_torque, 0.126, 0.142, -0.069, joint_torque, -0.3, 3.55, 0.2, -1.48, 0.04, 0.01, -0.12, robot_mode, normal, 
12/05/2022 17:18:42:729, robot_pos, 1652372211581, 623.47, 147.51, 273.82, 2.38, 0.05, 3.11, circuit_pos, 622.84, 153.45, 268.95, 2.38, 0.05, 3.11, tool_force, 0.05, -0.23, 5.92, actual_rep, 1, curr_step, 16, track_size, 105, robot_vel, 46.82, joints_pos, 23.79, 48.52, -16.83, -74.48, 13.26, 55.85, 49.19, tool_torque, 0.122, 0.167, -0.073, joint_torque, -0.27, 3.63, 0.23, -1.58, 0.05, 0.03, -0.11, robot_mode, normal, 
12/05/2022 17:18:42:879, robot_pos, 1652372211732, 623.24, 153.31, 269.21, 2.38, 0.05, 3.11, circuit_pos, 622.46, 161.66, 262.25, 2.37, 0.05, 3.1, tool_force, -0.02, -0.4, 5.72, actual_rep, 1, curr_step, 15, track_size, 105, robot_vel, 48.72, joints_pos, 24.12, 48.98, -16.64, -74.35, 13.5, 55.47, 49.67, tool_torque, 0.127, 0.165, -0.065, joint_torque, -0.3, 3.53, 0.21, -1.47, 0.05, 0.01, -0.11, robot_mode, normal, 
12/05/2022 17:18:43:035, robot_pos, 1652372211882, 623.01, 159.25, 264.42, 2.37, 0.05, 3.11, circuit_pos, 622.03, 169.5, 255.57, 2.37, 0.04, 3.1, tool_force, -0.2, -0.57, 5.43, actual_rep, 1, curr_step, 14, track_size, 105, robot_vel, 48.54, joints_pos, 24.44, 49.48, -16.42, -74.18, 13.74, 55.08, 50.21, tool_torque, 0.085, 0.22, -0.066, joint_torque, -0.43, 3.45, 0.19, -1.48, 0.04, 0.02, -0.09, robot_mode, normal, 
12/05/2022 17:18:43:200, robot_pos, 1652372212051, 622.7, 165.49, 259.1, 2.37, 0.04, 3.1, circuit_pos, 621.67, 176.65, 249.14, 2.36, 0.04, 3.1, tool_force, 0.03, -0.33, 5.74, actual_rep, 1, curr_step, 13, track_size, 105, robot_vel, 50.11, joints_pos, 24.75, 50.04, -16.16, -74.0, 14.03, 54.65, 50.85, tool_torque, 0.122, 0.205, -0.068, joint_torque, -0.37, 3.61, 0.22, -1.48, 0.02, 0.04, -0.09, robot_mode, normal, 
12/05/2022 17:18:43:334, robot_pos, 1652372212187, 622.39, 170.75, 254.54, 2.37, 0.04, 3.1, circuit_pos, 621.67, 176.65, 249.14, 2.36, 0.04, 3.1, tool_force, 0.25, -0.62, 5.27, actual_rep, 1, curr_step, 13, track_size, 105, robot_vel, 53.21, joints_pos, 25.02, 50.5, -15.96, -73.83, 14.27, 54.34, 51.37, tool_torque, 0.134, 0.149, -0.057, joint_torque, -0.34, 3.43, 0.18, -1.49, 0.02, 0.05, -0.09, robot_mode, normal, 
12/05/2022 17:18:43:511, robot_pos, 1652372212336, 622.1, 176.37, 249.24, 2.36, 0.04, 3.1, circuit_pos, 621.37, 182.95, 242.74, 2.36, 0.03, 3.1, tool_force, -0.18, -0.51, 5.7, actual_rep, 1, curr_step, 12, track_size, 105, robot_vel, 49.38, joints_pos, 25.34, 51.08, -15.79, -73.61, 14.52, 53.99, 51.85, tool_torque, 0.136, 0.237, -0.055, joint_torque, -0.54, 3.79, 0.12, -1.54, 0.01, 0.05, -0.08, robot_mode, normal, 
12/05/2022 17:18:43:677, robot_pos, 1652372212488, 621.92, 182.03, 243.41, 2.36, 0.03, 3.1, circuit_pos, 621.28, 188.51, 236.35, 2.36, 0.03, 3.1, tool_force, 0.27, -0.52, 5.3, actual_rep, 1, curr_step, 11, track_size, 105, robot_vel, 52.53, joints_pos, 25.7, 51.74, -15.67, -73.31, 14.7, 53.69, 52.27, tool_torque, 0.124, 0.16, -0.051, joint_torque, -0.29, 3.39, 0.17, -1.4, 0.02, 0.05, -0.09, robot_mode, normal, 
12/05/2022 17:18:43:813, robot_pos, 1652372212638, 621.71, 187.08, 237.69, 2.36, 0.03, 3.1, circuit_pos, 621.12, 193.51, 229.97, 2.37, 0.03, 3.1, tool_force, 0.34, -0.35, 5.47, actual_rep, 1, curr_step, 10, track_size, 105, robot_vel, 52.04, joints_pos, 26.04, 52.39, -15.57, -73.02, 14.79, 53.4, 52.61, tool_torque, 0.12, 0.148, -0.034, joint_torque, -0.4, 3.31, 0.12, -1.44, 0.02, 0.05, -0.06, robot_mode, normal, 
12/05/2022 17:18:43:952, robot_pos, 1652372212789, 621.54, 191.77, 231.9, 2.37, 0.03, 3.1, circuit_pos, 620.74, 198.12, 223.44, 2.37, 0.03, 3.1, tool_force, -0.11, -0.3, 5.71, actual_rep, 1, curr_step, 9, track_size, 105, robot_vel, 54.2, joints_pos, 26.35, 53.05, -15.47, -72.73, 14.87, 53.15, 52.79, tool_torque, 0.13, 0.192, -0.026, joint_torque, -0.36, 3.78, 0.24, -1.51, 0.04, 0.04, -0.05, robot_mode, normal, 
12/05/2022 17:18:44:113, robot_pos, 1652372212939, 621.31, 195.94, 226.13, 2.37, 0.03, 3.1, circuit_pos, 620.41, 202.42, 217.16, 2.38, 0.03, 3.1, tool_force, -0.1, -0.66, 5.77, actual_rep, 1, curr_step, 8, track_size, 105, robot_vel, 48.33, joints_pos, 26.58, 53.7, -15.3, -72.44, 14.91, 52.9, 52.95, tool_torque, 0.106, 0.233, -0.031, joint_torque, -0.58, 3.65, 0.13, -1.48, 0.04, 0.03, -0.05, robot_mode, normal, 
12/05/2022 17:18:44:271, robot_pos, 1652372213092, 621.03, 200.05, 220.26, 2.38, 0.03, 3.1, circuit_pos, 620.13, 206.29, 211.36, 2.38, 0.03, 3.11, tool_force, -0.01, -0.26, 5.75, actual_rep, 1, curr_step, 7, track_size, 105, robot_vel, 47.49, joints_pos, 26.78, 54.34, -15.12, -72.15, 14.91, 52.68, 53.09, tool_torque, 0.14, 0.219, -0.017, joint_torque, -0.46, 3.73, 0.16, -1.45, 0.05, 0.03, -0.04, robot_mode, normal, 
12/05/2022 17:18:44:415, robot_pos, 1652372213253, 620.75, 204.29, 214.09, 2.38, 0.03, 3.11, circuit_pos, 619.85, 209.72, 206.33, 2.39, 0.03, 3.11, tool_force, 0.15, -0.1, 5.58, actual_rep, 1, curr_step, 6, track_size, 105, robot_vel, 54.08, joints_pos, 26.99, 55.05, -14.92, -71.81, 14.91, 52.44, 53.15, tool_torque, 0.191, 0.125, 0.01, joint_torque, -0.25, 3.62, 0.21, -1.37, 0.04, 0.03, -0.02, robot_mode, normal, 
12/05/2022 17:18:44:617, robot_pos, 1652372213395, 620.38, 207.97, 208.69, 2.39, 0.03, 3.11, circuit_pos, 619.79, 213.47, 201.69, 2.4, 0.02, 3.11, tool_force, -0.26, -0.36, 6.18, actual_rep, 1, curr_step, 5, track_size, 105, robot_vel, 51.91, joints_pos, 27.17, 55.64, -14.75, -71.52, 14.91, 52.27, 53.17, tool_torque, 0.126, 0.243, 0.0020, joint_torque, -0.64, 3.56, 0.09, -1.5, 0.04, 0.05, -0.01, robot_mode, normal, 
12/05/2022 17:18:44:717, robot_pos, 1652372213543, 620.34, 212.6, 203.04, 2.39, 0.02, 3.11, circuit_pos, 620.38, 218.59, 197.89, 2.4, 0.02, 3.11, tool_force, -0.34, -0.62, 5.46, actual_rep, 1, curr_step, 3, track_size, 105, robot_vel, 49.22, joints_pos, 27.39, 56.33, -14.53, -71.11, 14.91, 52.01, 53.18, tool_torque, 0.152, 0.183, 0.045, joint_torque, -0.53, 3.49, 0.09, -1.4, 0.05, 0.04, 0.03, robot_mode, normal, 
12/05/2022 17:18:44:917, robot_pos, 1652372213695, 621.09, 218.55, 199.39, 2.4, 0.02, 3.11, circuit_pos, 621.55, 223.1, 198.73, 2.41, 0.03, 3.1, tool_force, 0.14, -0.16, 5.74, actual_rep, 1, curr_step, 0, track_size, 105, robot_vel, 42.98, joints_pos, 27.65, 56.89, -14.3, -70.51, 14.91, 51.85, 53.21, tool_torque, 0.187, 0.163, 0.018, joint_torque, -0.37, 4.11, 0.21, -1.55, 0.05, 0.02, -0.01, robot_mode, normal, 
12/05/2022 17:18:45:018, robot_pos, 1652372213847, 621.77, 222.78, 198.37, 2.41, 0.03, 3.1, circuit_pos, 621.55, 223.1, 198.73, 2.41, 0.03, 3.1, tool_force, 1.4, 0.37, 5.57, actual_rep, 1, curr_step, 0, track_size, 105, robot_vel, 34.86, joints_pos, 27.82, 57.14, -14.15, -70.16, 14.93, 51.69, 53.22, tool_torque, 0.248, -0.037, 0.044, joint_torque, 0.43, 3.76, 0.55, -1.43, 0.04, 0.01, 0.01, robot_mode, normal, 
12/05/2022 17:18:45:224, robot_pos, 1652372213998, 621.76, 222.83, 198.52, 2.41, 0.02, 3.1, circuit_pos, 621.55, 223.1, 198.73, 2.41, 0.03, 3.1, tool_force, 0.56, 0.02, 5.73, actual_rep, 1, curr_step, 0, track_size, 105, robot_vel, 4.06, joints_pos, 27.81, 57.12, -14.13, -70.17, 14.97, 51.69, 53.23, tool_torque, 0.15, 0.068, 0.049, joint_torque, -0.06, 3.62, 0.33, -1.32, 0.07, -0.03, 0.02, robot_mode, normal, 
12/05/2022 17:18:45:303, robot_pos, 1652372214147, 621.72, 222.75, 198.51, 2.41, 0.02, 3.1, circuit_pos, 621.55, 223.1, 198.73, 2.41, 0.03, 3.1, tool_force, 0.29, 0.26, 5.94, actual_rep, 1, curr_step, 0, track_size, 105, robot_vel, 1.38, joints_pos, 27.81, 57.11, -14.13, -70.19, 14.94, 51.67, 53.23, tool_torque, 0.192, 0.102, 0.062, joint_torque, -0.12, 3.71, 0.28, -1.34, 0.1, -0.01, 0.02, robot_mode, normal, 
12/05/2022 17:18:45:439, robot_pos, 1652372214298, 621.68, 222.73, 198.51, 2.41, 0.02, 3.1, circuit_pos, 621.55, 223.1, 198.73, 2.41, 0.03, 3.1, tool_force, 0.33, 0.08, 5.81, actual_rep, 1, curr_step, 0, track_size, 105, robot_vel, 0.15, joints_pos, 27.81, 57.11, -14.13, -70.2, 14.94, 51.66, 53.23, tool_torque, 0.2, 0.087, 0.073, joint_torque, -0.14, 3.67, 0.24, -1.35, 0.09, 0.01, 0.03, robot_mode, normal, 
12/05/2022 17:18:45:630, robot_pos, 1652372214450, 621.68, 222.74, 198.51, 2.41, 0.02, 3.1, circuit_pos, 621.55, 223.1, 198.73, 2.41, 0.03, 3.1, tool_force, 0.27, 0.21, 5.9, actual_rep, 1, curr_step, 0, track_size, 105, robot_vel, 0.26, joints_pos, 27.81, 57.11, -14.13, -70.2, 14.94, 51.66, 53.23, tool_torque, 0.209, 0.098, 0.074, joint_torque, -0.16, 3.72, 0.24, -1.35, 0.09, 0.0, 0.03, robot_mode, normal, 
12/05/2022 17:18:45:740, robot_pos, 1652372214598, 621.68, 222.74, 198.51, 2.41, 0.02, 3.1, circuit_pos, 621.55, 223.1, 198.73, 2.41, 0.03, 3.1, tool_force, 0.24, 0.18, 5.9, actual_rep, 1, curr_step, 0, track_size, 105, robot_vel, 0.09, joints_pos, 27.81, 57.11, -14.13, -70.2, 14.94, 51.65, 53.23, tool_torque, 0.203, 0.092, 0.076, joint_torque, -0.17, 3.72, 0.21, -1.34, 0.09, 0.0, 0.03, robot_mode, normal, 
12/05/2022 17:18:46:386, robot_pos, 1652372214749, 621.68, 222.74, 198.51, 2.41, 0.02, 3.1, circuit_pos, 621.55, 223.1, 198.73, 2.41, 0.03, 3.1, tool_force, 0.25, 0.17, 5.91, actual_rep, 2, curr_step, 0, track_size, 105, robot_vel, 0.02, joints_pos, 27.81, 57.11, -14.13, -70.2, 14.94, 51.65, 53.23, tool_torque, 0.205, 0.086, 0.079, joint_torque, -0.18, 3.71, 0.22, -1.34, 0.09, 0.0, 0.04, robot_mode, normal, 
