01/06/2022 11:42:05: File Created!
01/06/2022 11:42:05:563, robot_pos, 1654080003183, 612.89, 280.91, 203.71, 2.36, -0.03, 3.07, circuit_pos, 614.15, 276.57, 203.47, 2.36, -0.03, 3.07, tool_force, -0.61, 0.66, 7.43, actual_rep, 1, curr_step, 1, track_size, 99, robot_vel, 0.0, joints_pos, 33.33, 58.61, -17.0, -66.97, 21.75, 54.23, 56.93, tool_torque, -0.012, 0.013, 0.227, joint_torque, -0.27, 4.72, 0.7, -2.03, -0.03, -0.14, 0.31, robot_mode, normal, 
01/06/2022 11:42:05:671, robot_pos, 1654080003348, 612.74, 280.83, 202.71, 2.36, -0.03, 3.07, circuit_pos, 614.15, 276.57, 203.47, 2.36, -0.03, 3.07, tool_force, -0.37, 0.18, 7.26, actual_rep, 1, curr_step, 1, track_size, 99, robot_vel, 0.0, joints_pos, 33.33, 58.7, -17.0, -66.97, 21.75, 54.22, 56.93, tool_torque, -0.011, 0.011, 0.191, joint_torque, -0.21, 4.51, 0.63, -2.11, -0.02, -0.05, 0.25, robot_mode, normal, 
01/06/2022 11:42:05:809, robot_pos, 1654080003479, 613.16, 281.03, 202.38, 2.36, -0.03, 3.07, circuit_pos, 614.15, 276.57, 203.47, 2.36, -0.03, 3.07, tool_force, -0.23, 1.1, 0.17, actual_rep, 1, curr_step, 1, track_size, 99, robot_vel, 0.0, joints_pos, 33.32, 58.77, -16.99, -66.88, 21.75, 54.18, 56.98, tool_torque, 0.043, 0.021, 0.153, joint_torque, -0.18, 0.16, 0.04, 0.22, 0.04, -0.13, 0.2, robot_mode, normal, 
01/06/2022 11:42:05:983, robot_pos, 1654080003628, 613.81, 278.55, 202.08, 2.36, -0.03, 3.07, circuit_pos, 615.8, 269.32, 202.82, 2.35, -0.02, 3.08, tool_force, 1.39, 2.23, 0.16, actual_rep, 1, curr_step, 2, track_size, 99, robot_vel, 12.92, joints_pos, 33.18, 58.77, -17.13, -66.97, 21.74, 54.18, 56.85, tool_torque, 0.265, -0.269, 0.358, joint_torque, 0.74, -0.02, 0.41, 0.36, 0.04, -0.08, 0.39, robot_mode, normal, 
01/06/2022 11:42:06:104, robot_pos, 1654080003779, 615.18, 272.62, 201.57, 2.35, -0.02, 3.08, circuit_pos, 617.23, 260.65, 201.8, 2.34, -0.01, 3.09, tool_force, 1.48, 2.23, 0.33, actual_rep, 1, curr_step, 3, track_size, 99, robot_vel, 37.91, joints_pos, 32.88, 58.74, -17.3, -67.16, 21.43, 54.18, 56.86, tool_torque, 0.239, -0.303, 0.238, joint_torque, 0.91, 0.07, 0.39, 0.42, 0.09, -0.1, 0.21, robot_mode, normal, 
01/06/2022 11:42:06:258, robot_pos, 1654080003928, 616.2, 266.9, 201.09, 2.35, -0.02, 3.08, circuit_pos, 617.23, 260.65, 201.8, 2.34, -0.01, 3.09, tool_force, -0.06, 1.96, 0.64, actual_rep, 1, curr_step, 3, track_size, 99, robot_vel, 44.77, joints_pos, 32.58, 58.69, -17.46, -67.4, 21.01, 54.17, 56.99, tool_torque, 0.219, -0.039, 0.089, joint_torque, 0.43, 0.18, 0.18, 0.39, 0.09, -0.05, 0.06, robot_mode, normal, 
01/06/2022 11:42:06:412, robot_pos, 1654080004078, 617.12, 261.08, 200.4, 2.34, -0.01, 3.09, circuit_pos, 618.61, 250.37, 200.73, 2.34, -0.01, 3.1, tool_force, 0.23, 2.01, 0.66, actual_rep, 1, curr_step, 4, track_size, 99, robot_vel, 35.83, joints_pos, 32.24, 58.64, -17.52, -67.62, 20.64, 54.18, 56.98, tool_torque, 0.214, -0.237, 0.249, joint_torque, 0.77, 0.18, 0.31, 0.45, 0.11, -0.14, 0.24, robot_mode, normal, 
01/06/2022 11:42:06:561, robot_pos, 1654080004229, 617.99, 255.34, 199.8, 2.34, -0.01, 3.1, circuit_pos, 619.55, 239.35, 199.74, 2.33, 0.0, 3.1, tool_force, 0.2, 2.0, 0.68, actual_rep, 1, curr_step, 5, track_size, 99, robot_vel, 38.85, joints_pos, 31.79, 58.58, -17.49, -67.85, 20.31, 54.23, 56.79, tool_torque, 0.215, -0.343, 0.427, joint_torque, 0.35, 0.39, 0.02, 0.31, 0.09, -0.2, 0.42, robot_mode, normal, 
01/06/2022 11:42:06:708, robot_pos, 1654080004378, 618.82, 249.54, 199.36, 2.34, -0.01, 3.1, circuit_pos, 619.55, 239.35, 199.74, 2.33, 0.0, 3.1, tool_force, 0.29, 2.21, 0.38, actual_rep, 1, curr_step, 5, track_size, 99, robot_vel, 39.92, joints_pos, 31.39, 58.47, -17.47, -68.14, 20.01, 54.11, 56.74, tool_torque, 0.435, -0.28, 0.467, joint_torque, 0.24, 0.14, -0.15, 0.4, 0.08, -0.02, 0.44, robot_mode, normal, 
01/06/2022 11:42:06:862, robot_pos, 1654080004526, 619.35, 243.66, 198.8, 2.33, 0.0, 3.1, circuit_pos, 619.98, 227.9, 199.03, 2.32, 0.0, 3.11, tool_force, -0.05, 2.7, 0.38, actual_rep, 1, curr_step, 6, track_size, 99, robot_vel, 39.9, joints_pos, 31.0, 58.31, -17.47, -68.57, 19.71, 53.8, 56.66, tool_torque, 0.531, -0.314, 0.493, joint_torque, 0.56, 0.21, 0.06, 0.38, 0.09, 0.04, 0.47, robot_mode, normal, 
01/06/2022 11:42:07:026, robot_pos, 1654080004674, 619.63, 238.03, 198.44, 2.33, 0.0, 3.1, circuit_pos, 619.98, 227.9, 199.03, 2.32, 0.0, 3.11, tool_force, 0.06, 2.79, 0.22, actual_rep, 1, curr_step, 6, track_size, 99, robot_vel, 42.61, joints_pos, 30.61, 58.18, -17.47, -68.91, 19.52, 53.76, 56.56, tool_torque, 0.565, -0.347, 0.513, joint_torque, 0.49, 0.5, -0.01, 0.35, 0.07, 0.01, 0.48, robot_mode, normal, 
01/06/2022 11:42:07:163, robot_pos, 1654080004824, 620.0, 232.19, 197.99, 2.32, 0.0, 3.11, circuit_pos, 619.92, 216.18, 198.76, 2.31, 0.0, 3.12, tool_force, 0.85, 2.89, 0.42, actual_rep, 1, curr_step, 7, track_size, 99, robot_vel, 58.16, joints_pos, 30.19, 58.05, -17.47, -69.25, 19.32, 53.73, 56.45, tool_torque, 0.528, -0.344, 0.503, joint_torque, 0.58, 0.43, 0.06, 0.31, 0.09, 0.0, 0.47, robot_mode, normal, 
01/06/2022 11:42:07:307, robot_pos, 1654080004972, 620.05, 226.42, 197.74, 2.32, 0.0, 3.11, circuit_pos, 619.92, 216.18, 198.76, 2.31, 0.0, 3.12, tool_force, 0.5, 2.76, 0.53, actual_rep, 1, curr_step, 7, track_size, 99, robot_vel, 38.27, joints_pos, 29.8, 57.9, -17.47, -69.6, 19.15, 53.73, 56.34, tool_torque, 0.484, -0.283, 0.489, joint_torque, 0.24, 0.36, -0.15, 0.32, 0.07, 0.0, 0.47, robot_mode, normal, 
01/06/2022 11:42:07:469, robot_pos, 1654080005121, 620.12, 220.49, 197.5, 2.31, 0.0, 3.12, circuit_pos, 619.33, 204.63, 198.88, 2.3, 0.01, 3.13, tool_force, 0.03, 2.3, 0.68, actual_rep, 1, curr_step, 8, track_size, 99, robot_vel, 37.06, joints_pos, 29.38, 57.75, -17.47, -69.96, 18.95, 53.74, 56.24, tool_torque, 0.386, -0.282, 0.481, joint_torque, 0.2, 0.15, -0.12, 0.29, 0.08, -0.04, 0.47, robot_mode, normal, 
01/06/2022 11:42:07:609, robot_pos, 1654080005272, 620.03, 214.74, 197.54, 2.31, 0.0, 3.12, circuit_pos, 619.33, 204.63, 198.88, 2.3, 0.01, 3.13, tool_force, 0.22, 2.41, 0.21, actual_rep, 1, curr_step, 8, track_size, 99, robot_vel, 39.93, joints_pos, 29.03, 57.56, -17.5, -70.36, 18.6, 53.69, 56.23, tool_torque, 0.445, -0.213, 0.364, joint_torque, 0.59, 0.23, 0.13, 0.41, 0.1, 0.02, 0.33, robot_mode, normal, 
01/06/2022 11:42:07:763, robot_pos, 1654080005422, 619.76, 208.89, 197.48, 2.3, 0.01, 3.13, circuit_pos, 618.07, 193.54, 199.34, 2.3, 0.0, 3.14, tool_force, -0.03, 1.91, 0.18, actual_rep, 1, curr_step, 9, track_size, 99, robot_vel, 40.21, joints_pos, 28.68, 57.36, -17.53, -70.79, 18.24, 53.6, 56.23, tool_torque, 0.35, -0.057, 0.293, joint_torque, 0.0, 0.46, -0.06, 0.15, 0.06, 0.04, 0.3, robot_mode, normal, 
01/06/2022 11:42:07:919, robot_pos, 1654080005569, 619.21, 203.13, 197.63, 2.3, 0.01, 3.13, circuit_pos, 618.07, 193.54, 199.34, 2.3, 0.0, 3.14, tool_force, 0.07, 1.75, 0.14, actual_rep, 1, curr_step, 9, track_size, 99, robot_vel, 38.45, joints_pos, 28.23, 57.13, -17.47, -71.21, 18.11, 53.68, 55.89, tool_torque, 0.367, -0.334, 0.492, joint_torque, 0.08, 0.56, -0.23, 0.08, 0.04, -0.07, 0.47, robot_mode, normal, 
01/06/2022 11:42:08:060, robot_pos, 1654080005717, 618.69, 197.36, 197.79, 2.3, 0.0, 3.14, circuit_pos, 616.29, 182.76, 200.06, 2.3, 0.0, -3.14, tool_force, 0.78, 2.16, 0.72, actual_rep, 1, curr_step, 10, track_size, 99, robot_vel, 39.89, joints_pos, 27.79, 56.93, -17.42, -71.58, 18.0, 53.82, 55.52, tool_torque, 0.381, -0.488, 0.55, joint_torque, 0.26, 0.19, -0.28, 0.31, 0.06, -0.12, 0.51, robot_mode, normal, 
01/06/2022 11:42:08:210, robot_pos, 1654080005866, 617.99, 191.61, 198.09, 2.3, 0.0, 3.14, circuit_pos, 616.29, 182.76, 200.06, 2.3, 0.0, -3.14, tool_force, 0.04, 2.35, 0.48, actual_rep, 1, curr_step, 10, track_size, 99, robot_vel, 39.33, joints_pos, 27.38, 56.66, -17.42, -72.09, 17.95, 53.76, 55.04, tool_torque, 0.485, -0.337, 0.522, joint_torque, 0.07, 0.5, -0.27, 0.17, 0.05, -0.01, 0.49, robot_mode, normal, 
01/06/2022 11:42:08:363, robot_pos, 1654080006014, 617.04, 185.75, 198.41, 2.3, 0.0, -3.14, circuit_pos, 613.82, 173.02, 200.94, 2.3, 0.0, -3.13, tool_force, 0.31, 2.14, 0.16, actual_rep, 1, curr_step, 11, track_size, 99, robot_vel, 38.84, joints_pos, 26.99, 56.38, -17.43, -72.62, 17.87, 53.7, 54.58, tool_torque, 0.516, -0.436, 0.53, joint_torque, 0.63, 0.34, -0.03, 0.32, 0.08, 0.0, 0.48, robot_mode, normal, 
01/06/2022 11:42:08:515, robot_pos, 1654080006168, 615.72, 179.86, 198.92, 2.3, 0.0, -3.13, circuit_pos, 613.82, 173.02, 200.94, 2.3, 0.0, -3.13, tool_force, 0.23, 2.4, 0.51, actual_rep, 1, curr_step, 11, track_size, 99, robot_vel, 40.38, joints_pos, 26.62, 56.05, -17.44, -73.19, 17.65, 53.7, 54.21, tool_torque, 0.533, -0.37, 0.535, joint_torque, 0.67, 0.36, 0.06, 0.26, 0.07, 0.01, 0.5, robot_mode, normal, 
01/06/2022 11:42:08:710, robot_pos, 1654080006313, 614.35, 173.37, 198.29, 2.3, 0.0, -3.13, circuit_pos, 610.26, 162.17, 202.23, 2.31, -0.01, -3.13, tool_force, 0.16, 2.62, 0.44, actual_rep, 1, curr_step, 12, track_size, 99, robot_vel, 48.64, joints_pos, 26.18, 55.79, -17.42, -73.86, 17.44, 53.58, 53.72, tool_torque, 0.582, -0.211, 0.501, joint_torque, -0.14, 0.85, -0.33, 0.07, 0.04, 0.04, 0.47, robot_mode, impedance, 
01/06/2022 11:42:08:817, robot_pos, 1654080006463, 613.36, 169.86, 198.17, 2.3, 0.0, -3.13, circuit_pos, 610.26, 162.17, 202.23, 2.31, -0.01, -3.13, tool_force, -0.23, 2.43, 0.98, actual_rep, 1, curr_step, 12, track_size, 99, robot_vel, 35.06, joints_pos, 25.93, 55.65, -17.4, -74.15, 17.44, 53.55, 53.31, tool_torque, 0.542, -0.307, 0.525, joint_torque, -0.14, 0.55, -0.4, 0.24, 0.01, -0.02, 0.5, robot_mode, impedance, 
01/06/2022 11:42:08:971, robot_pos, 1654080006613, 612.19, 164.68, 198.41, 2.3, 0.0, -3.12, circuit_pos, 606.79, 153.9, 203.36, 2.32, -0.02, -3.13, tool_force, -0.16, 1.78, 1.24, actual_rep, 1, curr_step, 13, track_size, 99, robot_vel, 38.64, joints_pos, 25.53, 55.4, -17.41, -74.64, 17.57, 53.57, 52.45, tool_torque, 0.484, -0.401, 0.495, joint_torque, -0.25, 0.54, -0.57, 0.14, -0.1, -0.08, 0.48, robot_mode, impedance, 
01/06/2022 11:42:09:119, robot_pos, 1654080006762, 611.24, 158.09, 199.32, 2.31, -0.01, -3.12, circuit_pos, 606.79, 153.9, 203.36, 2.32, -0.02, -3.13, tool_force, -2.92, 2.88, 1.02, actual_rep, 1, curr_step, 13, track_size, 99, robot_vel, 46.44, joints_pos, 25.01, 55.06, -17.43, -75.17, 17.83, 53.57, 51.26, tool_torque, 0.524, -0.318, 0.524, joint_torque, -1.27, 0.77, -1.15, 0.56, -0.19, -0.31, 0.53, robot_mode, impedance, 
01/06/2022 11:42:09:272, robot_pos, 1654080006910, 611.31, 151.42, 200.19, 2.32, -0.02, -3.13, circuit_pos, 603.97, 146.3, 204.51, 2.33, -0.02, -3.13, tool_force, -6.98, 4.23, 1.22, actual_rep, 1, curr_step, 14, track_size, 99, robot_vel, 47.13, joints_pos, 24.38, 54.81, -17.4, -75.51, 18.12, 53.57, 50.1, tool_torque, 0.601, -0.178, 0.548, joint_torque, -3.03, 0.55, -2.51, 1.44, -0.35, -0.66, 0.55, robot_mode, impedance, 
01/06/2022 11:42:09:419, robot_pos, 1654080007060, 613.87, 143.86, 201.05, 2.32, -0.01, -3.13, circuit_pos, 603.97, 146.3, 204.51, 2.33, -0.02, -3.13, tool_force, -10.93, 6.01, 0.87, actual_rep, 1, curr_step, 14, track_size, 99, robot_vel, 58.28, joints_pos, 23.74, 54.8, -17.52, -75.41, 18.12, 53.55, 49.07, tool_torque, 0.495, -0.154, 0.575, joint_torque, -4.41, -0.25, -3.55, 2.74, -0.45, -1.23, 0.61, robot_mode, impedance, 
01/06/2022 11:42:09:575, robot_pos, 1654080007209, 616.99, 139.05, 201.2, 2.32, -0.02, -3.13, circuit_pos, 603.97, 146.3, 204.51, 2.33, -0.02, -3.13, tool_force, -13.18, 6.61, 1.16, actual_rep, 1, curr_step, 14, track_size, 99, robot_vel, 38.3, joints_pos, 23.03, 54.98, -17.3, -74.94, 18.12, 53.75, 48.59, tool_torque, 0.435, -0.318, 0.718, joint_torque, -5.67, -0.33, -4.66, 3.26, -0.52, -1.62, 0.71, robot_mode, impedance, 
01/06/2022 11:42:09:723, robot_pos, 1654080007359, 621.34, 136.93, 200.9, 2.32, -0.01, -3.13, circuit_pos, 603.97, 146.3, 204.51, 2.33, -0.02, -3.13, tool_force, -17.86, 7.21, 1.49, actual_rep, 1, curr_step, 14, track_size, 99, robot_vel, 28.2, joints_pos, 22.62, 55.43, -17.24, -74.03, 17.98, 54.15, 48.54, tool_torque, 0.321, -0.237, 0.775, joint_torque, -8.12, -0.56, -6.41, 3.95, -0.71, -2.1, 0.76, robot_mode, impedance, 
01/06/2022 11:42:09:870, robot_pos, 1654080007506, 626.02, 133.88, 200.81, 2.32, -0.01, -3.13, circuit_pos, 603.97, 146.3, 204.51, 2.33, -0.02, -3.13, tool_force, -19.82, 7.35, 1.39, actual_rep, 1, curr_step, 14, track_size, 99, robot_vel, 41.49, joints_pos, 22.2, 55.93, -17.3, -73.05, 17.94, 54.78, 48.41, tool_torque, 0.287, -0.301, 0.839, joint_torque, -9.1, -0.83, -7.08, 4.29, -0.84, -2.34, 0.83, robot_mode, impedance, 
01/06/2022 11:42:10:029, robot_pos, 1654080007656, 629.82, 131.18, 200.67, 2.32, -0.02, -3.13, circuit_pos, 603.97, 146.3, 204.51, 2.33, -0.02, -3.13, tool_force, -23.55, 5.58, 0.51, actual_rep, 1, curr_step, 14, track_size, 99, robot_vel, 30.41, joints_pos, 21.78, 56.34, -17.3, -72.24, 17.94, 55.25, 48.22, tool_torque, 0.186, -0.154, 0.835, joint_torque, -12.11, -1.33, -9.14, 4.35, -1.19, -2.49, 0.84, robot_mode, impedance, 
01/06/2022 11:42:10:173, robot_pos, 1654080007805, 632.7, 125.62, 201.21, 2.32, -0.02, -3.13, circuit_pos, 603.97, 146.3, 204.51, 2.33, -0.02, -3.13, tool_force, -27.92, 3.83, -1.32, actual_rep, 1, curr_step, 14, track_size, 99, robot_vel, 41.58, joints_pos, 21.24, 56.51, -17.36, -71.8, 17.95, 55.58, 47.78, tool_torque, 0.095, 0.049, 0.885, joint_torque, -15.02, -2.34, -11.14, 4.8, -1.47, -2.67, 0.93, robot_mode, impedance, 
01/06/2022 11:42:10:326, robot_pos, 1654080007956, 635.25, 121.03, 201.38, 2.32, -0.02, -3.13, circuit_pos, 603.97, 146.3, 204.51, 2.33, -0.02, -3.13, tool_force, -31.09, 5.08, -0.96, actual_rep, 1, curr_step, 14, track_size, 99, robot_vel, 33.35, joints_pos, 20.67, 56.65, -17.26, -71.44, 18.03, 55.72, 47.35, tool_torque, 0.196, 0.018, 0.997, joint_torque, -16.45, -2.11, -12.3, 5.26, -1.59, -3.0, 1.0, robot_mode, impedance, 
01/06/2022 11:42:10:474, robot_pos, 1654080008102, 637.92, 118.15, 200.85, 2.32, -0.02, -3.13, circuit_pos, 603.97, 146.3, 204.51, 2.33, -0.02, -3.13, tool_force, -33.41, 5.7, 0.39, actual_rep, 1, curr_step, 14, track_size, 99, robot_vel, 24.12, joints_pos, 20.26, 56.94, -17.19, -70.92, 18.07, 55.93, 47.07, tool_torque, 0.23, -0.053, 0.998, joint_torque, -17.3, -1.51, -12.87, 5.4, -1.72, -3.27, 0.97, robot_mode, impedance, 
01/06/2022 11:42:10:627, robot_pos, 1654080008253, 640.27, 115.98, 200.45, 2.32, -0.02, -3.13, circuit_pos, 603.97, 146.3, 204.51, 2.33, -0.02, -3.13, tool_force, -34.2, 3.96, -0.57, actual_rep, 1, curr_step, 14, track_size, 99, robot_vel, 19.53, joints_pos, 19.97, 57.24, -17.2, -70.39, 18.07, 56.29, 46.87, tool_torque, 0.117, -0.018, 0.934, joint_torque, -18.3, -2.01, -13.5, 5.15, -1.89, -3.21, 0.92, robot_mode, impedance, 
01/06/2022 11:42:10:804, robot_pos, 1654080008402, 640.86, 113.35, 200.53, 2.32, -0.02, -3.12, circuit_pos, 603.97, 146.3, 204.51, 2.33, -0.02, -3.13, tool_force, -32.82, -0.37, -2.49, actual_rep, 1, curr_step, 14, track_size, 99, robot_vel, 20.92, joints_pos, 19.72, 57.31, -17.22, -70.23, 18.07, 56.66, 46.65, tool_torque, 0.039, 0.087, 0.896, joint_torque, -18.86, -2.68, -13.79, 4.03, -2.02, -2.63, 0.9, robot_mode, impedance, 
01/06/2022 11:42:10:928, robot_pos, 1654080008550, 638.25, 113.32, 200.68, 2.32, -0.03, -3.12, circuit_pos, 603.97, 146.3, 204.51, 2.33, -0.02, -3.13, tool_force, -26.0, -0.71, -2.55, actual_rep, 1, curr_step, 14, track_size, 99, robot_vel, 15.31, joints_pos, 19.66, 57.04, -17.01, -70.73, 18.16, 56.74, 46.49, tool_torque, 0.321, 0.265, 0.857, joint_torque, -15.06, -2.35, -11.06, 3.11, -1.51, -1.69, 0.85, robot_mode, impedance, 
01/06/2022 11:42:11:080, robot_pos, 1654080008697, 631.72, 123.2, 199.54, 2.33, -0.04, -3.13, circuit_pos, 603.97, 146.3, 204.51, 2.33, -0.02, -3.13, tool_force, -11.6, 1.11, -0.3, actual_rep, 1, curr_step, 14, track_size, 99, robot_vel, 85.88, joints_pos, 20.2, 56.48, -16.21, -71.87, 18.26, 56.13, 46.82, tool_torque, 0.274, 0.375, 0.362, joint_torque, -5.81, -0.78, -4.21, 1.56, -0.38, -0.55, 0.29, robot_mode, impedance, 
01/06/2022 11:42:11:228, robot_pos, 1654080008847, 621.91, 137.58, 198.98, 2.33, -0.04, -3.13, circuit_pos, 603.97, 146.3, 204.51, 2.33, -0.02, -3.13, tool_force, -0.87, 1.3, 0.11, actual_rep, 1, curr_step, 14, track_size, 99, robot_vel, 133.19, joints_pos, 21.56, 55.65, -15.81, -73.56, 17.95, 55.0, 47.89, tool_torque, 0.172, 0.217, -0.066, joint_torque, -0.48, 0.09, -0.43, 0.47, 0.01, 0.01, -0.1, robot_mode, impedance, 
01/06/2022 11:42:11:380, robot_pos, 1654080008995, 613.56, 144.54, 199.92, 2.33, -0.03, -3.13, circuit_pos, 603.97, 146.3, 204.51, 2.33, -0.02, -3.13, tool_force, -2.78, 0.96, 0.43, actual_rep, 1, curr_step, 14, track_size, 99, robot_vel, 90.41, joints_pos, 22.91, 54.81, -16.25, -75.24, 17.59, 53.93, 48.85, tool_torque, 0.058, 0.431, -0.129, joint_torque, -0.68, 0.39, -0.11, 0.25, 0.02, 0.05, -0.1, robot_mode, impedance, 
01/06/2022 11:42:11:684, robot_pos, 1654080009294, 606.79, 145.98, 200.99, 2.33, -0.02, -3.13, circuit_pos, 601.01, 139.35, 205.37, 2.34, -0.02, -3.14, tool_force, -1.3, 2.23, 0.48, actual_rep, 1, curr_step, 15, track_size, 99, robot_vel, 17.09, joints_pos, 23.73, 54.02, -16.8, -76.81, 17.85, 53.02, 48.8, tool_torque, 0.288, 0.238, 0.102, joint_torque, -0.07, 0.34, 0.28, 0.33, -0.02, 0.06, 0.22, robot_mode, impedance, 
01/06/2022 11:42:11:832, robot_pos, 1654080009444, 605.05, 141.17, 201.79, 2.34, -0.02, -3.13, circuit_pos, 601.01, 139.35, 205.37, 2.34, -0.02, -3.14, tool_force, -0.78, 2.5, 0.56, actual_rep, 1, curr_step, 15, track_size, 99, robot_vel, 35.21, joints_pos, 23.51, 53.57, -16.95, -77.63, 18.19, 52.42, 47.78, tool_torque, 0.472, 0.029, 0.319, joint_torque, 0.13, 0.37, 0.19, 0.31, -0.02, 0.08, 0.38, robot_mode, impedance, 
01/06/2022 11:42:11:986, robot_pos, 1654080009593, 603.1, 138.57, 201.98, 2.34, -0.02, -3.14, circuit_pos, 597.41, 132.91, 205.91, 2.34, -0.01, 3.14, tool_force, -0.28, 2.51, 0.4, actual_rep, 1, curr_step, 16, track_size, 99, robot_vel, 21.55, joints_pos, 23.39, 53.23, -16.96, -78.29, 18.28, 51.9, 47.47, tool_torque, 0.544, -0.106, 0.39, joint_torque, 0.17, 0.37, -0.01, 0.31, -0.01, 0.09, 0.41, robot_mode, impedance, 
01/06/2022 11:42:12:141, robot_pos, 1654080009745, 600.64, 133.79, 202.38, 2.34, -0.01, -3.14, circuit_pos, 593.12, 127.86, 206.25, 2.35, -0.01, 3.13, tool_force, -0.53, 2.01, 0.09, actual_rep, 1, curr_step, 17, track_size, 99, robot_vel, 44.21, joints_pos, 23.35, 52.77, -17.18, -79.21, 17.97, 51.15, 47.29, tool_torque, 0.417, -0.0060, 0.353, joint_torque, 0.07, -0.03, -0.01, 0.52, 0.05, 0.07, 0.38, robot_mode, impedance, 
01/06/2022 11:42:12:292, robot_pos, 1654080009891, 597.91, 132.04, 202.7, 2.34, -0.01, 3.14, circuit_pos, 593.12, 127.86, 206.25, 2.35, -0.01, 3.13, tool_force, -0.14, 2.23, 0.18, actual_rep, 1, curr_step, 17, track_size, 99, robot_vel, 21.93, joints_pos, 23.25, 52.32, -17.09, -80.05, 18.1, 50.51, 46.44, tool_torque, 0.666, -0.218, 0.423, joint_torque, 0.45, 0.16, -0.04, 0.44, 0.0, 0.09, 0.41, robot_mode, impedance, 
01/06/2022 11:42:12:441, robot_pos, 1654080010041, 594.82, 128.53, 202.91, 2.35, -0.01, 3.14, circuit_pos, 588.4, 123.46, 206.41, 2.35, -0.01, 3.13, tool_force, -0.78, 2.56, 0.73, actual_rep, 1, curr_step, 18, track_size, 99, robot_vel, 37.19, joints_pos, 23.06, 51.85, -17.1, -80.97, 18.47, 49.92, 45.74, tool_torque, 0.647, -0.119, 0.399, joint_torque, 0.11, 0.65, -0.12, 0.23, -0.03, 0.09, 0.4, robot_mode, impedance, 
01/06/2022 11:42:12:593, robot_pos, 1654080010190, 590.1, 124.4, 202.43, 2.35, -0.01, 3.14, circuit_pos, 582.86, 118.76, 206.76, 2.35, -0.02, 3.13, tool_force, -0.87, 0.34, 0.85, actual_rep, 1, curr_step, 19, track_size, 99, robot_vel, 51.06, joints_pos, 22.97, 51.39, -17.2, -82.06, 18.47, 49.54, 45.3, tool_torque, 0.692, -0.068, 0.366, joint_torque, -0.71, 1.12, -0.6, -0.6, -0.28, 0.3, 0.42, robot_mode, impedance, 
01/06/2022 11:42:12:740, robot_pos, 1654080010340, 587.53, 120.2, 202.51, 2.34, -0.01, 3.14, circuit_pos, 582.86, 118.76, 206.76, 2.35, -0.02, 3.13, tool_force, -2.9, 1.77, 3.11, actual_rep, 1, curr_step, 19, track_size, 99, robot_vel, 29.05, joints_pos, 22.74, 51.01, -17.24, -82.83, 18.51, 49.11, 44.95, tool_torque, 0.669, -0.585, 0.536, joint_torque, -1.43, 1.98, -1.36, -0.11, -0.45, -0.4, 0.57, robot_mode, impedance, 
01/06/2022 11:42:12:897, robot_pos, 1654080010487, 584.43, 119.0, 204.68, 2.35, -0.02, 3.13, circuit_pos, 577.4, 114.29, 207.37, 2.35, -0.02, 3.12, tool_force, -0.5, 3.09, 1.86, actual_rep, 1, curr_step, 20, track_size, 99, robot_vel, 24.96, joints_pos, 22.44, 50.41, -17.0, -83.54, 19.17, 49.14, 44.03, tool_torque, 1.069, -0.779, 0.58, joint_torque, 1.52, 1.37, 0.62, 0.21, -0.08, -0.09, 0.47, robot_mode, normal, 
01/06/2022 11:42:13:050, robot_pos, 1654080010637, 578.04, 113.36, 205.55, 2.35, -0.02, 3.12, circuit_pos, 572.02, 110.24, 208.21, 2.35, -0.02, 3.12, tool_force, -7.65, 3.8, 1.26, actual_rep, 1, curr_step, 21, track_size, 99, robot_vel, 64.89, joints_pos, 22.26, 49.4, -17.05, -85.47, 19.52, 47.54, 43.23, tool_torque, 0.465, -1.585, 1.135, joint_torque, -3.11, -0.29, -3.77, 2.95, -0.36, -2.07, 1.14, robot_mode, normal, 
01/06/2022 11:42:13:198, robot_pos, 1654080010786, 574.04, 108.46, 206.18, 2.34, -0.01, 3.12, circuit_pos, 566.75, 106.83, 209.31, 2.35, -0.02, 3.12, tool_force, -18.64, 10.27, 5.38, actual_rep, 1, curr_step, 22, track_size, 99, robot_vel, 41.75, joints_pos, 22.12, 48.84, -17.22, -86.51, 19.53, 47.0, 42.83, tool_torque, 0.043, -2.05, 1.618, joint_torque, -7.43, 0.35, -7.1, 6.09, -0.48, -4.13, 1.66, robot_mode, normal, 
01/06/2022 11:42:13:360, robot_pos, 1654080010934, 570.72, 105.27, 207.39, 2.34, -0.01, 3.12, circuit_pos, 561.73, 103.94, 210.6, 2.35, -0.01, 3.12, tool_force, -20.37, 11.05, 5.04, actual_rep, 1, curr_step, 23, track_size, 99, robot_vel, 39.22, joints_pos, 22.0, 48.28, -17.25, -87.4, 19.53, 46.37, 42.52, tool_torque, -0.448, -2.656, 1.823, joint_torque, -7.97, -0.91, -7.92, 7.59, -0.31, -5.1, 1.83, robot_mode, normal, 
01/06/2022 11:42:13:496, robot_pos, 1654080011082, 566.96, 103.88, 207.43, 2.35, -0.01, 3.12, circuit_pos, 561.73, 103.94, 210.6, 2.35, -0.01, 3.12, tool_force, -13.19, 8.94, 4.35, actual_rep, 1, curr_step, 23, track_size, 99, robot_vel, 25.19, joints_pos, 22.05, 47.93, -17.25, -88.12, 19.24, 46.3, 42.48, tool_torque, -0.258, -1.462, 1.191, joint_torque, -4.55, -0.01, -4.25, 4.57, -0.02, -2.92, 1.18, robot_mode, normal, 
01/06/2022 11:42:13:652, robot_pos, 1654080011233, 560.23, 102.93, 209.85, 2.35, -0.01, 3.12, circuit_pos, 552.75, 100.33, 213.06, 2.35, -0.01, 3.11, tool_force, -2.39, 3.21, 1.61, actual_rep, 1, curr_step, 25, track_size, 99, robot_vel, 46.76, joints_pos, 22.14, 46.92, -17.15, -89.64, 19.21, 45.61, 42.17, tool_torque, 0.704, 0.092, 0.417, joint_torque, -0.36, 0.84, -0.24, 0.59, 0.02, 0.05, 0.45, robot_mode, normal, 
01/06/2022 11:42:13:796, robot_pos, 1654080011380, 553.98, 101.25, 211.29, 2.35, -0.01, 3.11, circuit_pos, 547.94, 99.45, 214.4, 2.35, -0.02, 3.11, tool_force, -0.17, 1.86, -0.11, actual_rep, 1, curr_step, 26, track_size, 99, robot_vel, 43.33, joints_pos, 22.08, 46.1, -17.04, -90.95, 19.55, 45.01, 41.64, tool_torque, 0.655, -0.249, 0.44, joint_torque, 0.13, -0.05, -0.29, 0.31, -0.02, 0.15, 0.42, robot_mode, normal, 
01/06/2022 11:42:13:953, robot_pos, 1654080011531, 548.25, 100.07, 212.87, 2.35, -0.02, 3.11, circuit_pos, 541.87, 99.37, 215.93, 2.35, -0.02, 3.11, tool_force, -1.03, 2.65, 0.93, actual_rep, 1, curr_step, 27, track_size, 99, robot_vel, 40.48, joints_pos, 22.08, 45.35, -17.0, -92.11, 19.85, 44.75, 41.22, tool_torque, 0.828, -0.036, 0.414, joint_torque, -0.15, 0.46, -0.35, 0.5, -0.04, 0.15, 0.41, robot_mode, normal, 
01/06/2022 11:42:14:100, robot_pos, 1654080011680, 542.36, 100.07, 214.39, 2.35, -0.02, 3.11, circuit_pos, 533.09, 100.96, 218.68, 2.35, -0.03, 3.11, tool_force, -1.26, 2.46, 0.45, actual_rep, 1, curr_step, 29, track_size, 99, robot_vel, 41.31, joints_pos, 22.22, 44.66, -16.94, -93.18, 19.9, 44.54, 41.13, tool_torque, 0.583, -0.09, 0.369, joint_torque, -0.15, 0.56, -0.22, 0.3, -0.02, 0.04, 0.39, robot_mode, normal, 
01/06/2022 11:42:14:252, robot_pos, 1654080011830, 536.49, 101.26, 216.28, 2.35, -0.03, 3.11, circuit_pos, 523.37, 106.24, 223.12, 2.35, -0.04, 3.1, tool_force, -0.84, 1.29, -0.15, actual_rep, 1, curr_step, 32, track_size, 99, robot_vel, 40.01, joints_pos, 22.36, 43.91, -16.79, -94.18, 20.13, 44.49, 40.99, tool_torque, 0.588, -0.038, 0.38, joint_torque, -0.22, 0.49, -0.24, 0.14, -0.05, 0.18, 0.41, robot_mode, normal, 
01/06/2022 11:42:14:398, robot_pos, 1654080011977, 530.43, 103.77, 219.03, 2.35, -0.04, 3.11, circuit_pos, 518.08, 110.8, 225.78, 2.36, -0.05, 3.1, tool_force, -1.35, 1.25, -0.05, actual_rep, 1, curr_step, 34, track_size, 99, robot_vel, 51.49, joints_pos, 22.61, 43.05, -16.6, -95.27, 20.38, 44.21, 40.87, tool_torque, 0.518, 0.169, 0.381, joint_torque, -0.61, 0.52, -0.38, 0.12, 0.01, 0.2, 0.43, robot_mode, normal, 
01/06/2022 11:42:14:557, robot_pos, 1654080012127, 525.02, 107.61, 221.25, 2.36, -0.04, 3.1, circuit_pos, 508.92, 119.92, 228.16, 2.37, -0.06, 3.1, tool_force, -1.88, 1.31, -0.07, actual_rep, 1, curr_step, 37, track_size, 99, robot_vel, 47.33, joints_pos, 23.0, 42.37, -16.43, -96.1, 20.56, 44.2, 40.82, tool_torque, 0.446, 0.176, 0.301, joint_torque, -0.69, 0.02, -0.49, 0.48, -0.02, 0.13, 0.34, robot_mode, normal, 
01/06/2022 11:42:14:705, robot_pos, 1654080012276, 519.09, 112.19, 223.16, 2.36, -0.05, 3.1, circuit_pos, 508.92, 119.92, 228.16, 2.37, -0.06, 3.1, tool_force, -0.99, 2.27, 0.27, actual_rep, 1, curr_step, 37, track_size, 99, robot_vel, 68.16, joints_pos, 23.55, 41.71, -16.35, -96.96, 20.81, 44.16, 40.82, tool_torque, 0.54, 0.122, 0.278, joint_torque, -0.16, 0.31, -0.11, 0.49, 0.01, 0.14, 0.32, robot_mode, normal, 
01/06/2022 11:42:14:857, robot_pos, 1654080012425, 513.32, 116.78, 225.05, 2.37, -0.05, 3.1, circuit_pos, 508.92, 119.92, 228.16, 2.37, -0.06, 3.1, tool_force, -1.35, 2.0, 0.9, actual_rep, 1, curr_step, 37, track_size, 99, robot_vel, 50.7, joints_pos, 24.15, 41.08, -16.34, -97.79, 21.09, 44.17, 40.79, tool_torque, 0.456, 0.0040, 0.32, joint_torque, -0.24, 0.4, -0.17, 0.44, -0.02, 0.0, 0.38, robot_mode, normal, 
01/06/2022 11:42:15:006, robot_pos, 1654080012575, 507.56, 121.79, 226.39, 2.37, -0.06, 3.1, circuit_pos, 501.06, 127.92, 228.67, 2.38, -0.07, 3.1, tool_force, -1.12, 2.18, 0.86, actual_rep, 1, curr_step, 39, track_size, 99, robot_vel, 52.16, joints_pos, 24.82, 40.52, -16.32, -98.6, 21.37, 44.02, 40.92, tool_torque, 0.52, 0.158, 0.106, joint_torque, 0.1, 0.64, 0.01, 0.48, -0.01, 0.13, 0.08, robot_mode, normal, 
01/06/2022 11:42:15:158, robot_pos, 1654080012721, 502.05, 127.67, 227.04, 2.38, -0.07, 3.1, circuit_pos, 497.75, 131.87, 229.05, 2.38, -0.06, 3.1, tool_force, -1.13, 2.14, 1.07, actual_rep, 1, curr_step, 40, track_size, 99, robot_vel, 55.85, joints_pos, 25.53, 40.11, -16.29, -99.24, 21.74, 44.08, 40.75, tool_torque, 0.388, -0.08, 0.21, joint_torque, 0.08, 0.63, 0.03, 0.29, -0.01, -0.04, 0.22, robot_mode, normal, 
01/06/2022 11:42:15:309, robot_pos, 1654080012872, 497.35, 133.34, 227.47, 2.38, -0.06, 3.1, circuit_pos, 491.33, 140.66, 229.82, 2.38, -0.06, 3.09, tool_force, -1.34, 1.94, 0.95, actual_rep, 1, curr_step, 42, track_size, 99, robot_vel, 49.27, joints_pos, 26.46, 39.73, -16.4, -99.91, 21.63, 43.55, 41.43, tool_torque, 0.183, 0.45, -0.106, joint_torque, -0.45, 0.58, -0.05, 0.3, 0.03, 0.15, -0.08, robot_mode, normal, 
01/06/2022 11:42:15:461, robot_pos, 1654080013020, 493.23, 139.27, 228.05, 2.38, -0.06, 3.09, circuit_pos, 488.14, 145.72, 230.36, 2.37, -0.06, 3.09, tool_force, -2.8, 1.53, 1.41, actual_rep, 1, curr_step, 43, track_size, 99, robot_vel, 47.39, joints_pos, 27.28, 39.35, -16.43, -100.52, 21.92, 42.96, 41.88, tool_torque, 0.186, 0.544, -0.143, joint_torque, -0.36, 0.46, 0.03, 0.5, -0.01, 0.15, -0.12, robot_mode, normal, 
01/06/2022 11:42:15:609, robot_pos, 1654080013169, 489.49, 144.86, 228.66, 2.37, -0.06, 3.09, circuit_pos, 485.37, 150.81, 230.98, 2.37, -0.06, 3.09, tool_force, -1.87, 1.49, 0.5, actual_rep, 1, curr_step, 44, track_size, 99, robot_vel, 47.07, joints_pos, 28.0, 39.05, -16.44, -100.96, 22.12, 42.67, 42.71, tool_torque, 0.142, 0.519, -0.162, joint_torque, -0.27, 0.48, 0.08, 0.4, 0.0, 0.16, -0.14, robot_mode, normal, 
01/06/2022 11:42:15:761, robot_pos, 1654080013318, 486.46, 150.6, 229.36, 2.37, -0.06, 3.09, circuit_pos, 483.04, 156.04, 231.64, 2.37, -0.06, 3.09, tool_force, -2.07, 1.62, 0.76, actual_rep, 1, curr_step, 45, track_size, 99, robot_vel, 47.11, joints_pos, 28.78, 38.84, -16.47, -101.23, 22.12, 42.51, 43.5, tool_torque, 0.202, 0.502, -0.17, joint_torque, -0.05, 0.54, 0.25, 0.4, 0.01, 0.18, -0.16, robot_mode, normal, 
01/06/2022 11:42:15:938, robot_pos, 1654080013465, 483.97, 156.53, 230.09, 2.37, -0.06, 3.09, circuit_pos, 480.96, 161.51, 232.39, 2.37, -0.06, 3.08, tool_force, -2.41, 1.59, 0.62, actual_rep, 1, curr_step, 46, track_size, 99, robot_vel, 43.59, joints_pos, 29.49, 38.65, -16.47, -101.42, 22.25, 42.28, 44.13, tool_torque, 0.149, 0.63, -0.183, joint_torque, -0.62, 0.46, -0.13, 0.52, -0.03, 0.16, -0.14, robot_mode, normal, 
01/06/2022 11:42:16:063, robot_pos, 1654080013614, 481.58, 162.23, 230.77, 2.37, -0.06, 3.08, circuit_pos, 478.97, 167.29, 233.08, 2.37, -0.06, 3.08, tool_force, -2.25, 1.66, 0.78, actual_rep, 1, curr_step, 47, track_size, 99, robot_vel, 36.59, joints_pos, 30.16, 38.47, -16.45, -101.62, 22.55, 42.02, 44.56, tool_torque, 0.219, 0.478, -0.15, joint_torque, -0.25, 0.48, 0.07, 0.43, 0.0, 0.17, -0.14, robot_mode, normal, 
01/06/2022 11:42:16:212, robot_pos, 1654080013764, 479.59, 168.01, 231.41, 2.37, -0.06, 3.08, circuit_pos, 477.2, 172.62, 233.55, 2.37, -0.06, 3.08, tool_force, -2.36, 1.76, 0.81, actual_rep, 1, curr_step, 48, track_size, 99, robot_vel, 39.8, joints_pos, 30.86, 38.38, -16.47, -101.66, 22.55, 41.96, 45.24, tool_torque, 0.186, 0.571, -0.173, joint_torque, -0.41, 0.61, 0.0, 0.48, -0.02, 0.15, -0.15, robot_mode, normal, 
01/06/2022 11:42:16:364, robot_pos, 1654080013913, 477.62, 173.94, 231.9, 2.37, -0.06, 3.08, circuit_pos, 475.44, 178.11, 233.97, 2.37, -0.06, 3.08, tool_force, -1.78, 1.78, 0.99, actual_rep, 1, curr_step, 49, track_size, 99, robot_vel, 42.02, joints_pos, 31.57, 38.32, -16.48, -101.68, 22.58, 41.92, 45.93, tool_torque, 0.168, 0.515, -0.173, joint_torque, -0.2, 0.54, 0.13, 0.41, 0.0, 0.14, -0.15, robot_mode, normal, 
01/06/2022 11:42:16:512, robot_pos, 1654080014062, 475.77, 179.63, 232.35, 2.37, -0.06, 3.08, circuit_pos, 472.86, 188.82, 234.79, 2.36, -0.06, 3.08, tool_force, -1.82, 1.23, 1.0, actual_rep, 1, curr_step, 51, track_size, 99, robot_vel, 38.75, joints_pos, 32.26, 38.27, -16.5, -101.66, 22.58, 41.88, 46.61, tool_torque, 0.123, 0.491, -0.174, joint_torque, -0.21, 0.55, 0.13, 0.24, 0.0, 0.16, -0.16, robot_mode, normal, 
01/06/2022 11:42:16:668, robot_pos, 1654080014212, 474.27, 185.46, 232.85, 2.37, -0.06, 3.08, circuit_pos, 472.12, 194.89, 235.39, 2.36, -0.06, 3.08, tool_force, -1.4, 0.96, 1.06, actual_rep, 1, curr_step, 52, track_size, 99, robot_vel, 40.68, joints_pos, 32.96, 38.27, -16.53, -101.57, 22.58, 41.88, 47.63, tool_torque, 0.036, 0.472, -0.167, joint_torque, -0.37, 0.48, 0.04, 0.13, 0.0, 0.11, -0.13, robot_mode, normal, 
01/06/2022 11:42:16:815, robot_pos, 1654080014360, 473.13, 191.12, 233.4, 2.36, -0.06, 3.08, circuit_pos, 472.04, 200.86, 236.12, 2.35, -0.06, 3.08, tool_force, -1.25, 0.43, 0.76, actual_rep, 1, curr_step, 53, track_size, 99, robot_vel, 40.12, joints_pos, 33.6, 38.29, -16.55, -101.42, 22.54, 41.88, 48.54, tool_torque, -0.111, 0.415, -0.164, joint_torque, -0.34, 0.3, 0.05, 0.09, 0.02, 0.03, -0.13, robot_mode, normal, 
01/06/2022 11:42:16:965, robot_pos, 1654080014509, 472.56, 196.87, 233.93, 2.36, -0.06, 3.08, circuit_pos, 472.65, 206.71, 236.9, 2.35, -0.05, 3.07, tool_force, -0.84, 0.47, 1.18, actual_rep, 1, curr_step, 54, track_size, 99, robot_vel, 40.69, joints_pos, 34.22, 38.37, -16.55, -101.15, 22.49, 41.97, 49.6, tool_torque, -0.243, 0.299, -0.162, joint_torque, -0.31, 0.29, 0.05, 0.1, 0.04, -0.11, -0.13, robot_mode, normal, 
01/06/2022 11:42:17:114, robot_pos, 1654080014658, 472.8, 202.68, 234.7, 2.35, -0.06, 3.07, circuit_pos, 474.04, 212.37, 237.73, 2.34, -0.05, 3.07, tool_force, -1.35, 0.72, 0.85, actual_rep, 1, curr_step, 55, track_size, 99, robot_vel, 39.49, joints_pos, 34.85, 38.45, -16.57, -100.84, 22.35, 41.75, 50.51, tool_torque, -0.061, 0.489, -0.157, joint_torque, -0.4, 0.47, 0.06, 0.12, 0.06, 0.07, -0.13, robot_mode, normal, 
01/06/2022 11:42:17:263, robot_pos, 1654080014806, 473.4, 208.45, 235.53, 2.35, -0.05, 3.07, circuit_pos, 475.9, 217.82, 238.46, 2.34, -0.05, 3.07, tool_force, -0.97, 0.56, 1.09, actual_rep, 1, curr_step, 56, track_size, 99, robot_vel, 39.11, joints_pos, 35.44, 38.57, -16.63, -100.44, 22.27, 41.67, 51.61, tool_torque, -0.206, 0.421, -0.175, joint_torque, -0.37, 0.35, 0.05, -0.03, 0.06, -0.02, -0.14, robot_mode, normal, 
01/06/2022 11:42:17:415, robot_pos, 1654080014957, 474.95, 214.24, 236.25, 2.34, -0.05, 3.07, circuit_pos, 477.68, 222.3, 238.92, 2.33, -0.04, 3.06, tool_force, -0.99, 0.4, 1.28, actual_rep, 1, curr_step, 57, track_size, 99, robot_vel, 41.95, joints_pos, 35.94, 38.84, -16.64, -99.78, 22.15, 41.89, 52.51, tool_torque, -0.301, 0.298, -0.162, joint_torque, -0.24, 0.19, 0.11, 0.16, 0.07, -0.17, -0.13, robot_mode, normal, 
01/06/2022 11:42:17:565, robot_pos, 1654080015104, 477.2, 219.98, 236.8, 2.33, -0.05, 3.06, circuit_pos, 480.57, 228.14, 239.39, 2.32, -0.04, 3.06, tool_force, -1.07, 0.6, 0.94, actual_rep, 1, curr_step, 58, track_size, 99, robot_vel, 44.35, joints_pos, 36.43, 39.11, -16.66, -99.17, 21.96, 41.65, 53.75, tool_torque, -0.064, 0.404, -0.142, joint_torque, -0.18, 0.52, 0.19, 0.13, 0.08, 0.03, -0.13, robot_mode, normal, 
01/06/2022 11:42:17:721, robot_pos, 1654080015256, 479.61, 225.86, 237.46, 2.32, -0.04, 3.06, circuit_pos, 483.28, 232.74, 239.56, 2.32, -0.04, 3.06, tool_force, -1.27, -0.01, 1.21, actual_rep, 1, curr_step, 59, track_size, 99, robot_vel, 47.14, joints_pos, 36.91, 39.45, -16.71, -98.39, 21.77, 41.76, 54.97, tool_torque, -0.273, 0.393, -0.16, joint_torque, -0.34, 0.22, 0.14, 0.14, 0.07, -0.1, -0.11, robot_mode, normal, 
01/06/2022 11:42:17:868, robot_pos, 1654080015402, 482.91, 231.66, 237.73, 2.32, -0.04, 3.06, circuit_pos, 486.23, 237.14, 239.56, 2.31, -0.03, 3.05, tool_force, -0.98, 0.14, 1.1, actual_rep, 1, curr_step, 60, track_size, 99, robot_vel, 43.89, joints_pos, 37.26, 39.93, -16.71, -97.43, 21.71, 42.0, 55.9, tool_torque, -0.278, 0.365, -0.172, joint_torque, -0.23, 0.19, 0.17, 0.21, 0.07, -0.14, -0.13, robot_mode, normal, 
01/06/2022 11:42:18:019, robot_pos, 1654080015553, 486.59, 237.41, 237.85, 2.31, -0.03, 3.05, circuit_pos, 489.33, 241.33, 239.48, 2.31, -0.03, 3.05, tool_force, -0.72, 0.43, 0.78, actual_rep, 1, curr_step, 61, track_size, 99, robot_vel, 46.49, joints_pos, 37.66, 40.38, -16.71, -96.57, 21.36, 41.75, 57.04, tool_torque, -0.089, 0.329, -0.124, joint_torque, 0.07, 0.3, 0.33, 0.1, 0.09, 0.0, -0.11, robot_mode, normal, 
01/06/2022 11:42:18:168, robot_pos, 1654080015700, 491.04, 243.15, 237.59, 2.3, -0.03, 3.05, circuit_pos, 497.75, 251.1, 238.0, 2.29, -0.02, 3.06, tool_force, -1.81, 0.34, 1.76, actual_rep, 1, curr_step, 64, track_size, 99, robot_vel, 47.91, joints_pos, 37.9, 41.06, -16.72, -95.34, 21.3, 42.15, 58.13, tool_torque, -0.327, 0.481, -0.172, joint_torque, -0.67, 0.51, -0.03, 0.01, 0.07, -0.17, -0.11, robot_mode, normal, 
01/06/2022 11:42:18:324, robot_pos, 1654080015851, 496.37, 248.84, 236.71, 2.3, -0.03, 3.06, circuit_pos, 504.74, 257.03, 237.39, 2.29, -0.02, 3.06, tool_force, -0.54, 0.32, 1.32, actual_rep, 1, curr_step, 67, track_size, 99, robot_vel, 50.53, joints_pos, 38.22, 41.93, -16.8, -93.85, 20.58, 42.84, 59.66, tool_torque, -0.375, 0.362, -0.15, joint_torque, -0.48, 0.28, 0.03, 0.04, 0.07, -0.22, -0.09, robot_mode, normal, 
01/06/2022 11:42:18:471, robot_pos, 1654080016000, 502.33, 254.33, 236.23, 2.29, -0.02, 3.06, circuit_pos, 508.3, 259.25, 237.85, 2.28, -0.02, 3.06, tool_force, -0.58, 0.42, 1.09, actual_rep, 1, curr_step, 69, track_size, 99, robot_vel, 50.25, joints_pos, 38.38, 42.81, -16.85, -92.28, 20.3, 43.58, 60.71, tool_torque, -0.348, 0.267, -0.14, joint_torque, -0.15, 0.26, 0.2, 0.18, 0.09, -0.25, -0.11, robot_mode, normal, 
01/06/2022 11:42:18:620, robot_pos, 1654080016150, 507.87, 258.4, 236.31, 2.28, -0.02, 3.06, circuit_pos, 511.3, 260.41, 238.2, 2.28, -0.02, 3.06, tool_force, -0.86, -0.25, 0.94, actual_rep, 1, curr_step, 72, track_size, 99, robot_vel, 45.92, joints_pos, 38.41, 43.51, -16.89, -90.93, 20.11, 44.27, 61.52, tool_torque, -0.429, 0.271, -0.144, joint_torque, -0.2, -0.03, 0.16, 0.2, 0.09, -0.29, -0.1, robot_mode, normal, 
01/06/2022 11:42:18:779, robot_pos, 1654080016299, 510.76, 259.86, 236.39, 2.28, -0.02, 3.07, circuit_pos, 511.76, 260.09, 238.09, 2.28, -0.02, 3.07, tool_force, -1.07, 0.37, 0.9, actual_rep, 1, curr_step, 74, track_size, 99, robot_vel, 17.2, joints_pos, 38.44, 43.96, -16.98, -90.07, 19.65, 45.13, 62.11, tool_torque, -0.223, 0.338, -0.138, joint_torque, -0.39, 0.05, -0.06, 0.13, 0.05, -0.12, -0.09, robot_mode, normal, 
01/06/2022 11:42:18:921, robot_pos, 1654080016447, 511.29, 260.11, 236.45, 2.28, -0.02, 3.06, circuit_pos, 511.54, 259.9, 237.89, 2.28, -0.02, 3.07, tool_force, 0.97, 1.95, 0.73, actual_rep, 1, curr_step, 76, track_size, 99, robot_vel, 1.13, joints_pos, 38.35, 43.93, -16.92, -90.11, 20.02, 44.87, 61.88, tool_torque, 0.351, -0.428, 0.31, joint_torque, 0.45, 0.34, 0.08, 0.22, 0.01, -0.03, 0.29, robot_mode, normal, 
01/06/2022 11:42:19:079, robot_pos, 1654080016597, 511.84, 260.01, 236.5, 2.28, -0.02, 3.07, circuit_pos, 511.79, 260.02, 238.44, 2.28, -0.01, 3.07, tool_force, -0.55, 0.81, 1.49, actual_rep, 1, curr_step, 79, track_size, 99, robot_vel, 4.92, joints_pos, 38.39, 44.06, -16.97, -89.86, 19.59, 45.26, 62.17, tool_torque, -0.103, 0.119, -0.029, joint_torque, -0.05, 0.53, 0.15, 0.13, 0.07, -0.15, -0.02, robot_mode, normal, 
01/06/2022 11:42:19:224, robot_pos, 1654080016746, 512.17, 259.89, 236.66, 2.28, -0.01, 3.07, circuit_pos, 511.9, 260.12, 238.46, 2.28, -0.01, 3.06, tool_force, -1.38, 1.31, 1.17, actual_rep, 1, curr_step, 81, track_size, 99, robot_vel, 4.76, joints_pos, 38.52, 44.05, -17.05, -89.86, 19.02, 45.07, 62.64, tool_torque, 0.028, 0.465, -0.122, joint_torque, -0.43, 0.29, 0.06, 0.22, 0.08, 0.02, -0.08, robot_mode, normal, 
01/06/2022 11:42:19:375, robot_pos, 1654080016894, 511.94, 260.38, 236.9, 2.28, -0.01, 3.06, circuit_pos, 512.03, 260.26, 238.11, 2.28, -0.01, 3.07, tool_force, 0.14, 1.81, 0.48, actual_rep, 1, curr_step, 84, track_size, 99, robot_vel, 5.13, joints_pos, 38.49, 43.94, -16.95, -90.01, 19.23, 44.71, 62.53, tool_torque, 0.418, -0.266, 0.251, joint_torque, 0.14, 0.43, -0.06, 0.28, 0.01, 0.04, 0.25, robot_mode, normal, 
01/06/2022 11:42:19:525, robot_pos, 1654080017042, 512.12, 260.21, 236.61, 2.28, -0.01, 3.07, circuit_pos, 512.02, 260.28, 238.05, 2.28, -0.02, 3.07, tool_force, 0.44, 0.66, 0.33, actual_rep, 1, curr_step, 86, track_size, 99, robot_vel, 4.12, joints_pos, 38.52, 44.05, -17.0, -89.86, 18.94, 45.0, 62.78, tool_torque, -0.063, -0.03, 0.073, joint_torque, -0.1, 0.15, -0.06, 0.18, 0.06, -0.15, 0.06, robot_mode, normal, 
01/06/2022 11:42:19:679, robot_pos, 1654080017194, 512.14, 260.61, 236.67, 2.28, -0.02, 3.07, circuit_pos, 512.03, 260.28, 238.03, 2.28, -0.02, 3.07, tool_force, 0.7, 1.28, 1.16, actual_rep, 1, curr_step, 89, track_size, 99, robot_vel, 3.14, joints_pos, 38.44, 44.1, -17.0, -89.75, 19.56, 45.34, 62.34, tool_torque, 0.098, -0.424, 0.321, joint_torque, 0.41, 0.37, 0.2, 0.18, 0.02, -0.19, 0.36, robot_mode, normal, 
01/06/2022 11:42:19:831, robot_pos, 1654080017344, 512.27, 260.49, 236.46, 2.28, -0.02, 3.07, circuit_pos, 512.04, 260.28, 238.03, 2.28, -0.01, 3.07, tool_force, 0.5, 0.89, 0.34, actual_rep, 1, curr_step, 91, track_size, 99, robot_vel, 1.07, joints_pos, 38.46, 44.12, -17.03, -89.75, 19.52, 45.25, 62.31, tool_torque, 0.085, -0.142, 0.23, joint_torque, 0.04, 0.25, 0.11, 0.05, 0.05, -0.04, 0.24, robot_mode, normal, 
01/06/2022 11:42:19:978, robot_pos, 1654080017493, 512.21, 260.63, 236.58, 2.28, -0.01, 3.07, circuit_pos, 512.04, 260.29, 238.03, 2.28, -0.01, 3.07, tool_force, -0.08, 1.35, 0.66, actual_rep, 1, curr_step, 94, track_size, 99, robot_vel, 4.18, joints_pos, 38.6, 44.1, -17.06, -89.78, 18.92, 45.11, 62.82, tool_torque, 0.134, 0.083, 0.028, joint_torque, 0.12, 0.2, 0.18, 0.28, 0.07, 0.0, 0.04, robot_mode, normal, 
01/06/2022 11:42:20:127, robot_pos, 1654080017645, 512.24, 260.5, 236.58, 2.28, -0.01, 3.07, circuit_pos, 512.04, 260.29, 238.03, 2.28, -0.01, 3.07, tool_force, -0.07, 1.54, 0.6, actual_rep, 1, curr_step, 96, track_size, 99, robot_vel, 0.83, joints_pos, 38.57, 44.09, -17.04, -89.78, 18.94, 45.11, 62.8, tool_torque, 0.292, -0.13, 0.179, joint_torque, 0.13, 0.41, -0.01, 0.2, 0.06, 0.04, 0.15, robot_mode, normal, 
01/06/2022 11:42:20:278, robot_pos, 1654080017792, 512.26, 260.47, 236.58, 2.28, -0.01, 3.07, circuit_pos, 512.04, 260.29, 238.03, 2.28, -0.01, 3.07, tool_force, 0.08, 1.45, 0.48, actual_rep, 1, curr_step, 98, track_size, 99, robot_vel, 0.64, joints_pos, 38.57, 44.09, -17.05, -89.78, 18.94, 45.11, 62.8, tool_torque, 0.246, -0.112, 0.165, joint_torque, 0.09, 0.29, -0.01, 0.21, 0.05, 0.02, 0.15, robot_mode, normal, 
01/06/2022 11:42:20:453, robot_pos, 1654080017943, 512.25, 260.48, 236.58, 2.28, -0.01, 3.07, circuit_pos, 512.04, 260.29, 238.03, 2.28, -0.01, 3.07, tool_force, 0.1, 1.37, 0.44, actual_rep, 1, curr_step, 96, track_size, 99, robot_vel, 0.04, joints_pos, 38.57, 44.09, -17.05, -89.78, 18.94, 45.11, 62.8, tool_torque, 0.246, -0.114, 0.162, joint_torque, 0.11, 0.29, 0.01, 0.21, 0.05, 0.02, 0.15, robot_mode, normal, 
01/06/2022 11:42:20:578, robot_pos, 1654080018092, 512.25, 260.48, 236.57, 2.28, -0.01, 3.07, circuit_pos, 512.04, 260.29, 238.03, 2.28, -0.01, 3.07, tool_force, 0.06, 1.46, 0.51, actual_rep, 1, curr_step, 94, track_size, 99, robot_vel, 0.02, joints_pos, 38.57, 44.09, -17.05, -89.78, 18.94, 45.11, 62.8, tool_torque, 0.254, -0.099, 0.16, joint_torque, 0.08, 0.35, 0.0, 0.21, 0.05, 0.02, 0.14, robot_mode, normal, 
01/06/2022 11:42:20:731, robot_pos, 1654080018242, 512.25, 260.48, 236.57, 2.28, -0.01, 3.07, circuit_pos, 512.04, 260.28, 238.03, 2.28, -0.01, 3.07, tool_force, 0.0, 1.43, 0.55, actual_rep, 1, curr_step, 91, track_size, 99, robot_vel, 0.04, joints_pos, 38.57, 44.09, -17.05, -89.78, 18.94, 45.11, 62.8, tool_torque, 0.249, -0.09, 0.159, joint_torque, 0.04, 0.35, -0.02, 0.2, 0.05, 0.02, 0.14, robot_mode, normal, 
01/06/2022 11:42:20:891, robot_pos, 1654080018393, 512.25, 260.48, 236.57, 2.28, -0.01, 3.07, circuit_pos, 512.03, 260.28, 238.03, 2.28, -0.02, 3.07, tool_force, -0.02, 1.46, 0.56, actual_rep, 1, curr_step, 89, track_size, 99, robot_vel, 0.01, joints_pos, 38.57, 44.1, -17.05, -89.78, 18.94, 45.11, 62.8, tool_torque, 0.247, -0.09, 0.158, joint_torque, 0.03, 0.36, -0.03, 0.2, 0.05, 0.01, 0.15, robot_mode, normal, 
01/06/2022 11:42:21:033, robot_pos, 1654080018542, 512.16, 260.66, 236.62, 2.28, -0.02, 3.07, circuit_pos, 512.02, 260.28, 238.05, 2.28, -0.02, 3.07, tool_force, 1.36, 1.16, 0.35, actual_rep, 1, curr_step, 86, track_size, 99, robot_vel, 3.92, joints_pos, 38.41, 44.1, -16.96, -89.75, 19.57, 45.32, 62.33, tool_torque, 0.234, -0.693, 0.435, joint_torque, 0.5, 0.19, -0.09, 0.23, 0.0, -0.16, 0.4, robot_mode, normal, 
01/06/2022 11:42:21:185, robot_pos, 1654080018691, 512.22, 260.5, 236.54, 2.28, -0.02, 3.07, circuit_pos, 512.03, 260.26, 238.11, 2.28, -0.01, 3.07, tool_force, 0.33, 1.24, 0.58, actual_rep, 1, curr_step, 84, track_size, 99, robot_vel, 2.43, joints_pos, 38.43, 44.11, -17.0, -89.75, 19.49, 45.28, 62.31, tool_torque, 0.189, -0.327, 0.295, joint_torque, 0.25, 0.45, 0.07, 0.08, 0.05, -0.06, 0.27, robot_mode, normal, 
01/06/2022 11:42:21:365, robot_pos, 1654080018841, 512.15, 260.58, 236.7, 2.28, -0.01, 3.07, circuit_pos, 511.9, 260.12, 238.46, 2.28, -0.01, 3.06, tool_force, -0.13, 1.42, 0.85, actual_rep, 1, curr_step, 81, track_size, 99, robot_vel, 2.72, joints_pos, 38.62, 44.08, -17.09, -89.79, 18.93, 45.12, 62.82, tool_torque, 0.153, 0.087, 0.025, joint_torque, 0.18, 0.39, 0.27, 0.26, 0.07, 0.0, 0.04, robot_mode, normal, 
01/06/2022 11:42:21:486, robot_pos, 1654080018992, 512.17, 260.54, 236.95, 2.28, -0.01, 3.06, circuit_pos, 511.77, 259.95, 238.2, 2.28, -0.01, 3.07, tool_force, 0.1, 2.41, 0.28, actual_rep, 1, curr_step, 78, track_size, 99, robot_vel, 5.2, joints_pos, 38.55, 43.94, -17.01, -90.02, 19.22, 44.57, 62.59, tool_torque, 0.55, -0.326, 0.338, joint_torque, 0.18, 0.59, -0.02, 0.32, 0.02, 0.08, 0.33, robot_mode, normal, 
01/06/2022 11:42:21:677, robot_pos, 1654080019139, 511.72, 259.96, 236.8, 2.28, -0.01, 3.07, circuit_pos, 511.54, 259.9, 237.89, 2.28, -0.02, 3.07, tool_force, 0.38, 0.76, 0.69, actual_rep, 1, curr_step, 76, track_size, 99, robot_vel, 6.45, joints_pos, 38.53, 43.98, -17.01, -89.95, 18.95, 44.97, 62.74, tool_torque, 0.027, -0.302, 0.169, joint_torque, 0.32, 0.27, 0.02, 0.02, 0.08, -0.13, 0.11, robot_mode, normal, 
01/06/2022 11:42:21:786, robot_pos, 1654080019291, 511.8, 260.49, 236.57, 2.28, -0.02, 3.07, circuit_pos, 511.73, 260.2, 238.15, 2.28, -0.02, 3.06, tool_force, 1.0, 1.28, 0.73, actual_rep, 1, curr_step, 73, track_size, 99, robot_vel, 4.86, joints_pos, 38.43, 44.07, -16.98, -89.82, 19.55, 45.3, 62.35, tool_torque, 0.203, -0.646, 0.401, joint_torque, 0.44, 0.57, -0.06, 0.16, 0.0, -0.2, 0.38, robot_mode, normal, 
01/06/2022 11:42:21:969, robot_pos, 1654080019439, 512.0, 260.65, 236.58, 2.28, -0.02, 3.07, circuit_pos, 510.53, 260.4, 238.15, 2.28, -0.02, 3.07, tool_force, 0.22, 1.79, 0.43, actual_rep, 1, curr_step, 71, track_size, 99, robot_vel, 2.97, joints_pos, 38.45, 44.03, -16.98, -89.92, 19.7, 44.95, 62.25, tool_torque, 0.432, -0.258, 0.355, joint_torque, -0.21, 0.32, -0.27, 0.31, -0.02, 0.03, 0.38, robot_mode, normal, 
01/06/2022 11:42:22:090, robot_pos, 1654080019587, 510.44, 260.23, 236.59, 2.28, -0.02, 3.06, circuit_pos, 506.59, 258.26, 237.64, 2.28, -0.02, 3.06, tool_force, 0.42, 1.55, 0.55, actual_rep, 1, curr_step, 68, track_size, 99, robot_vel, 10.38, joints_pos, 38.48, 43.85, -16.97, -90.25, 19.85, 44.81, 62.1, tool_torque, 0.292, -0.298, 0.367, joint_torque, -0.01, 0.25, -0.09, 0.27, 0.01, -0.04, 0.41, robot_mode, normal, 
01/06/2022 11:42:22:276, robot_pos, 1654080019739, 506.44, 258.5, 236.24, 2.28, -0.02, 3.06, circuit_pos, 502.72, 255.49, 237.33, 2.29, -0.02, 3.06, tool_force, -0.29, 1.81, 0.21, actual_rep, 1, curr_step, 66, track_size, 99, robot_vel, 37.56, joints_pos, 38.6, 43.37, -16.94, -91.23, 19.85, 44.08, 61.84, tool_torque, 0.438, -0.237, 0.421, joint_torque, -0.26, 0.39, -0.21, -0.03, 0.01, 0.14, 0.46, robot_mode, normal, 
01/06/2022 11:42:22:388, robot_pos, 1654080019888, 501.74, 254.48, 235.99, 2.29, -0.02, 3.06, circuit_pos, 495.24, 248.33, 238.64, 2.3, -0.03, 3.05, tool_force, 0.53, 2.76, 0.01, actual_rep, 1, curr_step, 63, track_size, 99, robot_vel, 44.97, joints_pos, 38.57, 42.78, -16.96, -92.41, 19.96, 43.62, 61.13, tool_torque, 0.697, -0.347, 0.467, joint_torque, 0.04, 0.72, -0.06, 0.29, 0.0, 0.15, 0.49, robot_mode, normal, 
01/06/2022 11:42:22:579, robot_pos, 1654080020039, 496.51, 249.87, 237.17, 2.29, -0.02, 3.06, circuit_pos, 486.23, 237.14, 239.56, 2.31, -0.03, 3.05, tool_force, 0.49, 3.11, 0.73, actual_rep, 1, curr_step, 60, track_size, 99, robot_vel, 42.88, joints_pos, 38.4, 41.88, -16.97, -93.94, 20.63, 42.89, 59.75, tool_torque, 0.768, -0.465, 0.503, joint_torque, 0.16, 0.84, -0.12, 0.02, -0.01, 0.21, 0.5, robot_mode, normal, 
01/06/2022 11:42:22:690, robot_pos, 1654080020188, 491.73, 243.79, 237.64, 2.3, -0.03, 3.05, circuit_pos, 486.23, 237.14, 239.56, 2.31, -0.03, 3.05, tool_force, 2.18, 1.72, -0.65, actual_rep, 1, curr_step, 60, track_size, 99, robot_vel, 50.77, joints_pos, 38.18, 41.17, -17.0, -95.2, 21.03, 42.37, 58.51, tool_torque, 0.773, -0.702, 0.525, joint_torque, 0.83, -0.04, 0.17, 0.59, 0.0, 0.16, 0.5, robot_mode, normal, 
01/06/2022 11:42:22:888, robot_pos, 1654080020346, 486.95, 237.97, 237.97, 2.31, -0.03, 3.05, circuit_pos, 483.28, 232.74, 239.56, 2.32, -0.04, 3.06, tool_force, 0.57, 2.83, 0.42, actual_rep, 1, curr_step, 59, track_size, 99, robot_vel, 46.35, joints_pos, 38.0, 40.46, -17.07, -96.51, 21.25, 41.88, 57.37, tool_torque, 0.727, -0.571, 0.491, joint_torque, 0.61, 0.25, 0.19, 0.39, 0.0, 0.09, 0.49, robot_mode, normal, 
01/06/2022 11:42:22:989, robot_pos, 1654080020488, 483.5, 232.54, 238.02, 2.32, -0.04, 3.06, circuit_pos, 480.57, 228.14, 239.39, 2.32, -0.04, 3.06, tool_force, 1.43, 1.83, 0.01, actual_rep, 1, curr_step, 58, track_size, 99, robot_vel, 49.06, joints_pos, 37.61, 40.04, -17.08, -97.27, 21.65, 42.27, 56.23, tool_torque, 0.404, -0.655, 0.466, joint_torque, 0.38, 0.44, 0.06, 0.17, -0.02, -0.12, 0.49, robot_mode, normal, 
01/06/2022 11:42:23:143, robot_pos, 1654080020638, 480.32, 226.8, 237.74, 2.32, -0.04, 3.06, circuit_pos, 477.68, 222.3, 238.92, 2.33, -0.04, 3.06, tool_force, 0.67, 2.94, 0.99, actual_rep, 1, curr_step, 57, track_size, 99, robot_vel, 46.67, joints_pos, 37.28, 39.55, -17.09, -98.25, 21.73, 41.87, 55.23, tool_torque, 0.704, -0.478, 0.479, joint_torque, 0.39, 0.87, 0.14, 0.34, -0.01, 0.09, 0.49, robot_mode, normal, 
01/06/2022 11:42:23:331, robot_pos, 1654080020787, 477.47, 220.97, 237.38, 2.33, -0.04, 3.07, circuit_pos, 474.04, 212.37, 237.73, 2.34, -0.05, 3.07, tool_force, 1.48, 2.16, 0.14, actual_rep, 1, curr_step, 55, track_size, 99, robot_vel, 42.71, joints_pos, 36.85, 39.16, -17.09, -99.06, 21.96, 41.87, 53.96, tool_torque, 0.56, -0.67, 0.473, joint_torque, 0.69, 0.39, 0.23, 0.43, -0.01, -0.1, 0.47, robot_mode, normal, 
01/06/2022 11:42:23:455, robot_pos, 1654080020948, 475.46, 214.75, 236.53, 2.34, -0.05, 3.07, circuit_pos, 472.65, 206.71, 236.9, 2.35, -0.05, 3.07, tool_force, 0.96, 2.42, 0.59, actual_rep, 1, curr_step, 54, track_size, 99, robot_vel, 44.97, joints_pos, 36.35, 38.9, -17.09, -99.73, 22.15, 41.85, 52.82, tool_torque, 0.571, -0.63, 0.471, joint_torque, 0.66, 0.41, 0.26, 0.4, 0.0, -0.05, 0.46, robot_mode, normal, 
01/06/2022 11:42:23:604, robot_pos, 1654080021096, 473.8, 209.02, 235.92, 2.34, -0.05, 3.07, circuit_pos, 472.04, 200.86, 236.12, 2.35, -0.06, 3.08, tool_force, 0.82, 2.8, 0.71, actual_rep, 1, curr_step, 53, track_size, 99, robot_vel, 42.14, joints_pos, 35.88, 38.62, -17.1, -100.39, 22.31, 41.7, 51.68, tool_torque, 0.749, -0.441, 0.464, joint_torque, 0.44, 0.66, 0.14, 0.45, -0.01, 0.06, 0.47, robot_mode, normal, 
01/06/2022 11:42:23:758, robot_pos, 1654080021246, 473.01, 203.22, 235.09, 2.35, -0.05, 3.08, circuit_pos, 472.12, 194.89, 235.39, 2.36, -0.06, 3.08, tool_force, 0.83, 2.36, 0.73, actual_rep, 1, curr_step, 52, track_size, 99, robot_vel, 40.88, joints_pos, 35.32, 38.54, -17.14, -100.72, 22.51, 42.06, 50.65, tool_torque, 0.458, -0.543, 0.442, joint_torque, 0.27, 0.53, -0.01, 0.32, -0.02, -0.17, 0.47, robot_mode, normal, 
01/06/2022 11:42:23:906, robot_pos, 1654080021397, 472.8, 197.44, 234.32, 2.35, -0.06, 3.08, circuit_pos, 472.86, 188.82, 234.79, 2.36, -0.06, 3.08, tool_force, 0.98, 2.55, 0.63, actual_rep, 1, curr_step, 51, track_size, 99, robot_vel, 43.98, joints_pos, 34.74, 38.44, -17.15, -101.09, 22.66, 42.07, 49.55, tool_torque, 0.521, -0.537, 0.428, joint_torque, 0.44, 0.41, 0.14, 0.4, -0.02, -0.11, 0.45, robot_mode, normal, 
01/06/2022 11:42:24:058, robot_pos, 1654080021548, 473.15, 191.64, 233.74, 2.36, -0.06, 3.08, circuit_pos, 474.0, 183.53, 234.35, 2.37, -0.06, 3.08, tool_force, 0.53, 2.73, 0.59, actual_rep, 1, curr_step, 50, track_size, 99, robot_vel, 42.65, joints_pos, 34.17, 38.35, -17.18, -101.39, 22.74, 41.98, 48.58, tool_torque, 0.664, -0.433, 0.44, joint_torque, 0.29, 0.49, 0.04, 0.43, -0.03, -0.02, 0.46, robot_mode, normal, 
01/06/2022 11:42:24:210, robot_pos, 1654080021697, 474.07, 185.75, 233.23, 2.36, -0.06, 3.08, circuit_pos, 475.44, 178.11, 233.97, 2.37, -0.06, 3.08, tool_force, 0.56, 2.61, 0.58, actual_rep, 1, curr_step, 49, track_size, 99, robot_vel, 41.76, joints_pos, 33.53, 38.31, -17.2, -101.59, 22.85, 41.98, 47.48, tool_torque, 0.654, -0.456, 0.433, joint_torque, 0.44, 0.39, 0.11, 0.39, -0.03, -0.01, 0.44, robot_mode, normal, 
01/06/2022 11:42:24:361, robot_pos, 1654080021846, 475.38, 180.03, 232.8, 2.37, -0.06, 3.08, circuit_pos, 477.2, 172.62, 233.55, 2.37, -0.06, 3.08, tool_force, 0.24, 2.49, 0.49, actual_rep, 1, curr_step, 48, track_size, 99, robot_vel, 38.96, joints_pos, 32.89, 38.3, -17.21, -101.7, 22.92, 41.98, 46.59, tool_torque, 0.632, -0.391, 0.39, joint_torque, 0.44, 0.49, 0.17, 0.42, -0.03, -0.01, 0.41, robot_mode, normal, 
01/06/2022 11:42:24:510, robot_pos, 1654080021998, 477.01, 174.21, 232.4, 2.37, -0.06, 3.08, circuit_pos, 478.97, 167.29, 233.08, 2.37, -0.06, 3.08, tool_force, 0.43, 2.56, 0.47, actual_rep, 1, curr_step, 47, track_size, 99, robot_vel, 42.21, joints_pos, 32.22, 38.31, -17.23, -101.77, 22.97, 41.98, 45.81, tool_torque, 0.608, -0.361, 0.381, joint_torque, 0.37, 0.44, 0.12, 0.44, -0.03, -0.02, 0.4, robot_mode, normal, 
01/06/2022 11:42:24:660, robot_pos, 1654080022145, 478.85, 168.42, 231.81, 2.37, -0.06, 3.08, circuit_pos, 480.96, 161.51, 232.39, 2.37, -0.06, 3.08, tool_force, 0.21, 2.14, 0.28, actual_rep, 1, curr_step, 46, track_size, 99, robot_vel, 40.18, joints_pos, 31.55, 38.38, -17.25, -101.79, 23.02, 41.98, 45.05, tool_torque, 0.544, -0.311, 0.388, joint_torque, 0.16, 0.34, -0.01, 0.36, -0.04, -0.03, 0.42, robot_mode, normal, 
01/06/2022 11:42:24:810, robot_pos, 1654080022296, 480.69, 162.62, 231.08, 2.37, -0.06, 3.08, circuit_pos, 483.04, 156.04, 231.64, 2.37, -0.06, 3.09, tool_force, 0.59, 1.7, 0.01, actual_rep, 1, curr_step, 45, track_size, 99, robot_vel, 40.08, joints_pos, 30.87, 38.47, -17.27, -101.78, 23.07, 42.03, 44.33, tool_torque, 0.427, -0.354, 0.374, joint_torque, 0.25, 0.26, 0.11, 0.23, 0.0, -0.08, 0.42, robot_mode, normal, 
01/06/2022 11:42:24:963, robot_pos, 1654080022444, 482.89, 156.79, 230.37, 2.37, -0.06, 3.09, circuit_pos, 485.37, 150.81, 230.98, 2.37, -0.06, 3.09, tool_force, 1.22, 1.15, 0.27, actual_rep, 1, curr_step, 44, track_size, 99, robot_vel, 41.42, joints_pos, 30.24, 38.65, -17.34, -101.6, 22.78, 42.29, 43.9, tool_torque, 0.297, -0.529, 0.394, joint_torque, 0.49, 0.3, 0.19, 0.01, 0.04, -0.15, 0.4, robot_mode, normal, 
01/06/2022 11:42:25:114, robot_pos, 1654080022595, 485.43, 150.97, 229.66, 2.37, -0.06, 3.09, circuit_pos, 488.14, 145.72, 230.36, 2.37, -0.06, 3.09, tool_force, 0.63, 1.36, 0.98, actual_rep, 1, curr_step, 43, track_size, 99, robot_vel, 45.87, joints_pos, 29.53, 38.82, -17.35, -101.43, 22.76, 42.42, 43.22, tool_torque, 0.25, -0.385, 0.379, joint_torque, 0.03, 0.45, -0.09, 0.18, 0.03, -0.22, 0.41, robot_mode, normal, 
01/06/2022 11:42:25:279, robot_pos, 1654080022754, 488.93, 144.72, 228.91, 2.37, -0.06, 3.09, circuit_pos, 494.57, 136.11, 229.4, 2.38, -0.06, 3.1, tool_force, 1.38, 1.17, 0.48, actual_rep, 1, curr_step, 41, track_size, 99, robot_vel, 44.33, joints_pos, 28.69, 39.08, -17.33, -101.11, 22.76, 42.59, 42.16, tool_torque, 0.31, -0.601, 0.402, joint_torque, 0.51, 0.35, 0.1, 0.01, 0.04, -0.21, 0.39, robot_mode, normal, 
01/06/2022 11:42:25:434, robot_pos, 1654080022905, 492.66, 138.79, 228.32, 2.38, -0.06, 3.1, circuit_pos, 497.75, 131.87, 229.05, 2.38, -0.06, 3.1, tool_force, 1.05, 1.24, 0.77, actual_rep, 1, curr_step, 40, track_size, 99, robot_vel, 52.39, joints_pos, 27.96, 39.41, -17.37, -100.6, 22.47, 43.09, 41.56, tool_torque, 0.152, -0.458, 0.352, joint_torque, 0.27, 0.45, 0.08, 0.05, 0.06, -0.27, 0.37, robot_mode, normal, 
01/06/2022 11:42:25:577, robot_pos, 1654080023055, 496.92, 133.12, 227.7, 2.38, -0.06, 3.1, circuit_pos, 501.06, 127.92, 228.67, 2.38, -0.07, 3.1, tool_force, 1.16, 0.61, 0.26, actual_rep, 1, curr_step, 39, track_size, 99, robot_vel, 48.24, joints_pos, 27.18, 39.79, -17.37, -100.0, 22.3, 43.57, 40.97, tool_torque, 0.117, -0.523, 0.384, joint_torque, 0.2, 0.02, -0.05, 0.09, 0.05, -0.29, 0.41, robot_mode, normal, 
01/06/2022 11:42:25:727, robot_pos, 1654080023205, 502.07, 127.29, 227.26, 2.37, -0.06, 3.1, circuit_pos, 508.92, 119.92, 228.16, 2.37, -0.06, 3.1, tool_force, 0.46, 1.0, 0.79, actual_rep, 1, curr_step, 37, track_size, 99, robot_vel, 49.98, joints_pos, 26.26, 40.22, -17.31, -99.27, 22.5, 44.09, 40.36, tool_torque, 0.227, -0.416, 0.333, joint_torque, 0.02, 0.26, -0.2, 0.12, 0.0, -0.23, 0.33, robot_mode, normal, 
01/06/2022 11:42:25:877, robot_pos, 1654080023355, 507.67, 121.54, 226.82, 2.37, -0.06, 3.1, circuit_pos, 512.54, 116.38, 227.7, 2.37, -0.05, 3.1, tool_force, 1.0, 1.19, 0.7, actual_rep, 1, curr_step, 36, track_size, 99, robot_vel, 54.08, joints_pos, 25.53, 40.64, -17.37, -98.54, 22.26, 44.23, 40.1, tool_torque, 0.205, -0.481, 0.374, joint_torque, 0.35, 0.04, 0.07, 0.11, 0.06, -0.22, 0.38, robot_mode, normal, 
01/06/2022 11:42:26:033, robot_pos, 1654080023506, 513.28, 115.86, 225.86, 2.36, -0.05, 3.1, circuit_pos, 520.85, 108.34, 224.48, 2.36, -0.05, 3.1, tool_force, 0.52, 0.87, 0.49, actual_rep, 1, curr_step, 33, track_size, 99, robot_vel, 58.04, joints_pos, 24.87, 41.13, -17.43, -97.83, 21.93, 44.2, 40.14, tool_torque, 0.133, -0.327, 0.152, joint_torque, 0.56, 0.1, 0.21, 0.1, 0.05, -0.14, 0.11, robot_mode, normal, 
01/06/2022 11:42:26:180, robot_pos, 1654080023655, 518.87, 110.64, 223.78, 2.36, -0.05, 3.1, circuit_pos, 526.1, 104.32, 221.72, 2.35, -0.04, 3.1, tool_force, 0.02, 1.16, 0.78, actual_rep, 1, curr_step, 31, track_size, 99, robot_vel, 48.89, joints_pos, 24.09, 41.75, -17.37, -97.05, 21.93, 44.25, 39.89, tool_torque, 0.278, -0.324, 0.323, joint_torque, 0.07, 0.45, -0.12, 0.05, 0.04, -0.15, 0.32, robot_mode, normal, 
01/06/2022 11:42:26:329, robot_pos, 1654080023805, 524.52, 106.29, 221.15, 2.35, -0.04, 3.1, circuit_pos, 537.23, 100.01, 217.3, 2.35, -0.03, 3.11, tool_force, 0.03, 0.62, 0.63, actual_rep, 1, curr_step, 28, track_size, 99, robot_vel, 49.03, joints_pos, 23.54, 42.49, -17.4, -96.16, 21.59, 44.29, 39.97, tool_torque, 0.059, -0.235, 0.136, joint_torque, 0.08, 0.19, -0.13, 0.07, 0.05, -0.17, 0.09, robot_mode, normal, 
01/06/2022 11:42:26:479, robot_pos, 1654080023954, 530.45, 103.83, 218.84, 2.35, -0.04, 3.11, circuit_pos, 547.94, 99.45, 214.4, 2.35, -0.02, 3.11, tool_force, 0.46, 0.81, 0.97, actual_rep, 1, curr_step, 26, track_size, 99, robot_vel, 46.85, joints_pos, 23.18, 43.25, -17.4, -95.18, 21.15, 44.39, 40.22, tool_torque, 0.082, -0.256, 0.044, joint_torque, 0.46, 0.36, 0.09, 0.12, 0.05, -0.17, -0.03, robot_mode, normal, 
01/06/2022 11:42:26:631, robot_pos, 1654080024105, 536.16, 102.51, 216.98, 2.35, -0.03, 3.11, circuit_pos, 547.94, 99.45, 214.4, 2.35, -0.02, 3.11, tool_force, 0.07, 0.51, 1.04, actual_rep, 1, curr_step, 26, track_size, 99, robot_vel, 51.56, joints_pos, 22.89, 43.95, -17.4, -94.18, 20.91, 44.5, 40.36, tool_torque, -0.028, -0.237, 0.022, joint_torque, 0.3, 0.28, -0.01, 0.26, 0.06, -0.25, -0.05, robot_mode, normal, 
01/06/2022 11:42:26:785, robot_pos, 1654080024256, 541.95, 101.13, 215.03, 2.35, -0.03, 3.11, circuit_pos, 547.94, 99.45, 214.4, 2.35, -0.02, 3.11, tool_force, 0.18, 0.13, 0.88, actual_rep, 1, curr_step, 26, track_size, 99, robot_vel, 42.33, joints_pos, 22.6, 44.67, -17.4, -93.14, 20.68, 44.67, 40.49, tool_torque, -0.091, -0.246, 0.0010, joint_torque, 0.19, 0.17, -0.09, 0.08, 0.06, -0.24, -0.07, robot_mode, normal, 
01/06/2022 11:42:26:933, robot_pos, 1654080024405, 547.78, 100.56, 213.26, 2.35, -0.02, 3.11, circuit_pos, 556.83, 101.58, 211.93, 2.35, -0.01, 3.11, tool_force, 0.09, 0.56, 1.23, actual_rep, 1, curr_step, 24, track_size, 99, robot_vel, 42.29, joints_pos, 22.41, 45.37, -17.4, -92.12, 20.37, 44.73, 40.76, tool_torque, 0.062, -0.231, -0.0020, joint_torque, 0.51, 0.51, 0.1, 0.06, 0.07, -0.13, -0.11, robot_mode, normal, 
01/06/2022 11:42:27:082, robot_pos, 1654080024555, 553.4, 101.48, 211.67, 2.35, -0.01, 3.11, circuit_pos, 561.73, 103.94, 210.6, 2.35, -0.01, 3.12, tool_force, 0.23, 0.3, 0.67, actual_rep, 1, curr_step, 23, track_size, 99, robot_vel, 42.65, joints_pos, 22.34, 46.07, -17.39, -91.03, 20.07, 44.97, 41.2, tool_torque, -0.042, -0.295, -0.0060, joint_torque, 0.33, 0.42, -0.04, -0.03, 0.07, -0.23, -0.11, robot_mode, normal, 
01/06/2022 11:42:27:233, robot_pos, 1654080024707, 559.3, 103.25, 209.99, 2.35, -0.01, 3.12, circuit_pos, 566.75, 106.83, 209.31, 2.35, -0.02, 3.12, tool_force, 0.21, 0.27, 0.71, actual_rep, 1, curr_step, 22, track_size, 99, robot_vel, 46.84, joints_pos, 22.34, 46.91, -17.39, -89.69, 19.65, 45.62, 41.79, tool_torque, -0.102, -0.289, -0.032, joint_torque, 0.23, 0.27, -0.13, 0.19, 0.05, -0.28, -0.13, robot_mode, normal, 
01/06/2022 11:42:27:385, robot_pos, 1654080024856, 565.25, 106.12, 208.53, 2.35, -0.02, 3.12, circuit_pos, 572.02, 110.24, 208.21, 2.35, -0.02, 3.12, tool_force, -0.09, 0.35, 1.31, actual_rep, 1, curr_step, 21, track_size, 99, robot_vel, 49.72, joints_pos, 22.26, 47.75, -17.28, -88.27, 19.73, 46.42, 42.06, tool_torque, 0.039, -0.373, 0.013, joint_torque, 0.3, 0.58, -0.18, 0.01, 0.01, -0.26, -0.1, robot_mode, normal, 
01/06/2022 11:42:27:539, robot_pos, 1654080025007, 570.97, 109.67, 207.29, 2.35, -0.02, 3.12, circuit_pos, 577.4, 114.29, 207.37, 2.35, -0.02, 3.12, tool_force, -0.59, 0.27, 0.81, actual_rep, 1, curr_step, 20, track_size, 99, robot_vel, 47.6, joints_pos, 22.26, 48.52, -17.18, -86.94, 19.77, 47.08, 42.41, tool_torque, -0.027, -0.262, -0.037, joint_torque, 0.05, 0.29, -0.26, -0.03, -0.01, -0.25, -0.12, robot_mode, normal, 
01/06/2022 11:42:27:689, robot_pos, 1654080025157, 576.71, 113.81, 206.27, 2.35, -0.02, 3.12, circuit_pos, 582.86, 118.76, 206.76, 2.35, -0.02, 3.13, tool_force, -0.39, -0.16, 0.42, actual_rep, 1, curr_step, 19, track_size, 99, robot_vel, 52.66, joints_pos, 22.36, 49.31, -17.12, -85.51, 19.76, 47.84, 42.9, tool_torque, -0.216, -0.167, -0.086, joint_torque, -0.19, 0.14, -0.3, 0.06, 0.0, -0.27, -0.14, robot_mode, normal, 
01/06/2022 11:42:27:840, robot_pos, 1654080025308, 582.72, 118.31, 205.53, 2.35, -0.02, 3.13, circuit_pos, 588.4, 123.46, 206.41, 2.35, -0.01, 3.13, tool_force, -0.95, 0.07, 1.22, actual_rep, 1, curr_step, 18, track_size, 99, robot_vel, 50.68, joints_pos, 22.58, 50.13, -17.14, -83.99, 19.29, 48.63, 43.77, tool_torque, -0.3, 0.029, -0.126, joint_torque, -0.41, 0.24, -0.21, 0.1, 0.05, -0.25, -0.14, robot_mode, normal, 
01/06/2022 11:42:27:990, robot_pos, 1654080025458, 588.48, 123.47, 205.13, 2.35, -0.01, 3.13, circuit_pos, 593.12, 127.86, 206.25, 2.35, -0.01, 3.13, tool_force, -1.44, -0.1, 1.48, actual_rep, 1, curr_step, 17, track_size, 99, robot_vel, 55.21, joints_pos, 22.83, 50.84, -17.09, -82.59, 18.88, 49.17, 44.63, tool_torque, -0.273, 0.099, -0.116, joint_torque, -0.57, 0.61, -0.27, 0.0, 0.06, -0.26, -0.14, robot_mode, normal, 
01/06/2022 11:42:28:144, robot_pos, 1654080025608, 593.78, 128.78, 204.68, 2.35, -0.01, 3.13, circuit_pos, 601.01, 139.35, 205.37, 2.34, -0.02, -3.14, tool_force, -1.02, -0.24, 0.22, actual_rep, 1, curr_step, 15, track_size, 99, robot_vel, 49.69, joints_pos, 23.07, 51.59, -17.05, -81.16, 18.55, 49.96, 45.74, tool_torque, -0.303, -0.0010, -0.107, joint_torque, -0.42, 0.29, -0.24, 0.02, 0.08, -0.25, -0.15, robot_mode, normal, 
01/06/2022 11:42:28:293, robot_pos, 1654080025759, 598.24, 134.83, 204.21, 2.34, -0.01, 3.14, circuit_pos, 601.01, 139.35, 205.37, 2.34, -0.02, -3.14, tool_force, -0.46, 0.03, 0.36, actual_rep, 1, curr_step, 15, track_size, 99, robot_vel, 58.87, joints_pos, 23.36, 52.34, -17.0, -79.69, 18.26, 51.02, 46.8, tool_torque, -0.222, -0.071, -0.104, joint_torque, -0.19, 0.11, -0.22, 0.15, 0.04, -0.24, -0.15, robot_mode, normal, 
01/06/2022 11:42:28:471, robot_pos, 1654080025909, 601.19, 140.42, 203.64, 2.34, -0.02, -3.14, circuit_pos, 603.97, 146.3, 204.51, 2.33, -0.02, -3.13, tool_force, -1.47, 0.08, 0.75, actual_rep, 1, curr_step, 14, track_size, 99, robot_vel, 46.92, joints_pos, 23.6, 52.93, -16.92, -78.57, 18.28, 51.9, 47.62, tool_torque, -0.262, 0.061, -0.118, joint_torque, -0.55, 0.4, -0.21, 0.17, 0.03, -0.24, -0.13, robot_mode, normal, 
01/06/2022 11:42:28:590, robot_pos, 1654080026056, 603.74, 146.32, 202.96, 2.33, -0.02, -3.13, circuit_pos, 606.79, 153.9, 203.36, 2.32, -0.02, -3.13, tool_force, -1.46, -0.44, 0.6, actual_rep, 1, curr_step, 13, track_size, 99, robot_vel, 42.98, joints_pos, 23.99, 53.47, -16.92, -77.59, 18.07, 52.55, 48.78, tool_torque, -0.273, 0.082, -0.106, joint_torque, -0.63, 0.18, -0.25, 0.09, 0.05, -0.22, -0.12, robot_mode, normal, 
01/06/2022 11:42:28:746, robot_pos, 1654080026208, 606.09, 152.09, 202.22, 2.32, -0.02, -3.13, circuit_pos, 610.26, 162.17, 202.23, 2.31, -0.01, -3.13, tool_force, -1.19, -0.18, 0.83, actual_rep, 1, curr_step, 12, track_size, 99, robot_vel, 42.23, joints_pos, 24.37, 53.96, -16.91, -76.72, 17.99, 52.91, 49.82, tool_torque, -0.242, 0.063, -0.113, joint_torque, -0.4, 0.09, -0.2, 0.13, 0.07, -0.23, -0.13, robot_mode, normal, 
01/06/2022 11:42:28:889, robot_pos, 1654080026357, 608.37, 157.9, 201.45, 2.32, -0.01, -3.13, circuit_pos, 613.82, 173.02, 200.94, 2.3, 0.0, -3.13, tool_force, -0.93, 0.07, 0.34, actual_rep, 1, curr_step, 11, track_size, 99, robot_vel, 42.87, joints_pos, 24.78, 54.42, -16.92, -75.93, 17.76, 53.13, 50.97, tool_torque, -0.282, 0.062, -0.125, joint_torque, -0.29, 0.4, -0.06, 0.07, 0.07, -0.24, -0.14, robot_mode, normal, 
01/06/2022 11:42:29:078, robot_pos, 1654080026508, 610.46, 164.52, 200.58, 2.31, -0.01, -3.13, circuit_pos, 613.82, 173.02, 200.94, 2.3, 0.0, -3.13, tool_force, -0.73, 0.02, 0.82, actual_rep, 1, curr_step, 11, track_size, 99, robot_vel, 39.75, joints_pos, 25.29, 54.93, -16.93, -75.05, 17.49, 53.3, 52.24, tool_torque, -0.265, 0.085, -0.12, joint_torque, -0.27, 0.08, -0.07, 0.2, 0.07, -0.25, -0.12, robot_mode, normal, 
01/06/2022 11:42:29:198, robot_pos, 1654080026659, 612.39, 169.45, 200.02, 2.3, 0.0, -3.13, circuit_pos, 616.29, 182.76, 200.06, 2.3, 0.0, -3.14, tool_force, -1.21, -0.06, 0.39, actual_rep, 1, curr_step, 10, track_size, 99, robot_vel, 41.14, joints_pos, 25.64, 55.28, -16.94, -74.43, 17.27, 53.43, 53.1, tool_torque, -0.303, 0.126, -0.129, joint_torque, -0.41, 0.3, -0.09, 0.12, 0.07, -0.24, -0.13, robot_mode, normal, 
01/06/2022 11:42:29:349, robot_pos, 1654080026809, 614.04, 175.34, 199.45, 2.3, 0.0, -3.13, circuit_pos, 616.29, 182.76, 200.06, 2.3, 0.0, -3.14, tool_force, -1.16, 0.06, 0.69, actual_rep, 1, curr_step, 10, track_size, 99, robot_vel, 40.7, joints_pos, 25.99, 55.62, -16.86, -73.8, 17.28, 53.44, 53.74, tool_torque, -0.142, -0.0070, -0.082, joint_torque, -0.23, -0.11, -0.25, 0.19, 0.03, -0.17, -0.12, robot_mode, normal, 
01/06/2022 11:42:29:493, robot_pos, 1654080026956, 615.48, 180.99, 198.9, 2.3, 0.0, -3.14, circuit_pos, 618.07, 193.54, 199.34, 2.3, 0.0, 3.14, tool_force, -1.37, 0.22, 0.89, actual_rep, 1, curr_step, 9, track_size, 99, robot_vel, 41.05, joints_pos, 26.35, 55.96, -16.84, -73.2, 17.36, 53.5, 54.27, tool_torque, -0.2, 0.117, -0.12, joint_torque, -0.8, 0.44, -0.41, 0.0, -0.02, -0.22, -0.13, robot_mode, normal, 
01/06/2022 11:42:29:650, robot_pos, 1654080027110, 616.64, 186.82, 198.47, 2.3, 0.0, -3.14, circuit_pos, 618.07, 193.54, 199.34, 2.3, 0.0, 3.14, tool_force, -1.42, -0.26, 0.34, actual_rep, 1, curr_step, 9, track_size, 99, robot_vel, 42.31, joints_pos, 26.74, 56.29, -16.84, -72.6, 17.43, 53.63, 54.82, tool_torque, -0.22, 0.067, -0.11, joint_torque, -0.54, 0.2, -0.28, 0.07, -0.01, -0.22, -0.12, robot_mode, normal, 
01/06/2022 11:42:29:794, robot_pos, 1654080027257, 617.63, 192.65, 198.11, 2.3, 0.0, 3.14, circuit_pos, 619.33, 204.63, 198.88, 2.3, 0.01, 3.13, tool_force, -1.42, 0.09, 0.41, actual_rep, 1, curr_step, 8, track_size, 99, robot_vel, 40.6, joints_pos, 27.15, 56.58, -16.84, -72.05, 17.45, 53.68, 55.35, tool_torque, -0.107, 0.125, -0.114, joint_torque, -0.5, 0.25, -0.23, 0.07, 0.0, -0.11, -0.13, robot_mode, normal, 
01/06/2022 11:42:29:950, robot_pos, 1654080027407, 618.49, 198.43, 197.83, 2.3, 0.0, 3.13, circuit_pos, 619.33, 204.63, 198.88, 2.3, 0.01, 3.13, tool_force, -0.8, 0.36, 0.2, actual_rep, 1, curr_step, 8, track_size, 99, robot_vel, 42.52, joints_pos, 27.58, 56.82, -16.85, -71.62, 17.43, 53.52, 55.93, tool_torque, -0.031, 0.24, -0.134, joint_torque, -0.54, 0.22, -0.18, 0.0, 0.0, -0.01, -0.13, robot_mode, normal, 
01/06/2022 11:42:30:094, robot_pos, 1654080027556, 618.99, 204.31, 197.68, 2.3, 0.01, 3.13, circuit_pos, 619.92, 216.18, 198.76, 2.31, 0.0, 3.12, tool_force, -1.11, 0.42, 0.48, actual_rep, 1, curr_step, 7, track_size, 99, robot_vel, 40.83, joints_pos, 27.98, 57.04, -16.81, -71.18, 17.5, 53.5, 56.27, tool_torque, -0.028, 0.115, -0.08, joint_torque, -0.52, 0.14, -0.34, 0.11, -0.02, -0.07, -0.1, robot_mode, normal, 
01/06/2022 11:42:30:250, robot_pos, 1654080027708, 619.5, 210.02, 197.49, 2.31, 0.0, 3.13, circuit_pos, 619.92, 216.18, 198.76, 2.31, 0.0, 3.12, tool_force, -1.12, 0.37, 0.43, actual_rep, 1, curr_step, 7, track_size, 99, robot_vel, 39.89, joints_pos, 28.29, 57.28, -16.74, -70.71, 17.83, 53.55, 56.32, tool_torque, -0.078, 0.095, -0.073, joint_torque, -0.63, 0.28, -0.36, 0.01, -0.02, -0.12, -0.09, robot_mode, normal, 
01/06/2022 11:42:30:401, robot_pos, 1654080027854, 619.78, 215.72, 197.5, 2.31, 0.0, 3.12, circuit_pos, 619.98, 227.9, 199.03, 2.32, 0.0, 3.11, tool_force, -0.58, 0.19, 0.21, actual_rep, 1, curr_step, 6, track_size, 99, robot_vel, 36.86, joints_pos, 28.66, 57.47, -16.7, -70.31, 18.04, 53.57, 56.45, tool_torque, -0.074, 0.011, -0.09, joint_torque, -0.21, 0.03, -0.2, 0.12, -0.02, -0.1, -0.11, robot_mode, normal, 
01/06/2022 11:42:30:553, robot_pos, 1654080028006, 619.91, 221.58, 197.54, 2.32, 0.0, 3.12, circuit_pos, 619.98, 227.9, 199.03, 2.32, 0.0, 3.11, tool_force, -0.48, 0.67, 0.79, actual_rep, 1, curr_step, 6, track_size, 99, robot_vel, 36.11, joints_pos, 29.07, 57.65, -16.7, -69.92, 18.26, 53.55, 56.56, tool_torque, 0.021, 0.048, -0.087, joint_torque, -0.15, 0.2, -0.11, 0.11, -0.02, -0.06, -0.1, robot_mode, normal, 
01/06/2022 11:42:30:703, robot_pos, 1654080028155, 619.98, 227.45, 197.74, 2.32, 0.0, 3.11, circuit_pos, 619.55, 239.35, 199.74, 2.33, 0.0, 3.1, tool_force, -1.05, 0.38, 0.45, actual_rep, 1, curr_step, 5, track_size, 99, robot_vel, 40.97, joints_pos, 29.47, 57.81, -16.7, -69.57, 18.45, 53.51, 56.66, tool_torque, -0.0070, 0.15, -0.087, joint_torque, -0.54, 0.04, -0.28, 0.14, -0.03, -0.04, -0.08, robot_mode, normal, 
01/06/2022 11:42:30:858, robot_pos, 1654080028303, 619.84, 233.31, 198.01, 2.32, 0.0, 3.11, circuit_pos, 619.55, 239.35, 199.74, 2.33, 0.0, 3.1, tool_force, -1.56, 0.39, 0.28, actual_rep, 1, curr_step, 5, track_size, 99, robot_vel, 36.96, joints_pos, 29.89, 57.95, -16.7, -69.22, 18.65, 53.47, 56.77, tool_torque, 0.015, 0.178, -0.088, joint_torque, -0.5, 0.09, -0.23, 0.16, -0.01, -0.02, -0.09, robot_mode, normal, 
01/06/2022 11:42:31:003, robot_pos, 1654080028452, 619.44, 239.02, 198.34, 2.33, 0.0, 3.1, circuit_pos, 618.61, 250.37, 200.73, 2.34, -0.01, 3.1, tool_force, -0.87, 0.2, 0.46, actual_rep, 1, curr_step, 4, track_size, 99, robot_vel, 37.77, joints_pos, 30.27, 58.09, -16.7, -68.87, 18.86, 53.61, 56.84, tool_torque, -0.074, 0.01, -0.064, joint_torque, -0.19, 0.04, -0.11, 0.21, 0.0, -0.14, -0.08, robot_mode, normal, 
01/06/2022 11:42:31:155, robot_pos, 1654080028601, 619.18, 244.82, 198.75, 2.33, -0.01, 3.1, circuit_pos, 617.23, 260.65, 201.8, 2.34, -0.01, 3.09, tool_force, -0.68, 0.48, 0.57, actual_rep, 1, curr_step, 3, track_size, 99, robot_vel, 40.9, joints_pos, 30.65, 58.28, -16.69, -68.41, 19.11, 53.89, 56.91, tool_torque, -0.075, -0.058, -0.05, joint_torque, -0.14, 0.21, -0.15, 0.16, -0.02, -0.2, -0.07, robot_mode, normal, 
01/06/2022 11:42:31:302, robot_pos, 1654080028749, 618.74, 250.53, 199.22, 2.34, -0.01, 3.1, circuit_pos, 617.23, 260.65, 201.8, 2.34, -0.01, 3.09, tool_force, -0.76, 0.46, 0.57, actual_rep, 1, curr_step, 3, track_size, 99, robot_vel, 39.35, joints_pos, 31.04, 58.41, -16.69, -68.05, 19.3, 54.01, 57.15, tool_torque, -0.08, -0.02, -0.05, joint_torque, -0.11, 0.3, -0.03, 0.11, 0.0, -0.16, -0.06, robot_mode, normal, 
01/06/2022 11:42:31:456, robot_pos, 1654080028898, 617.99, 256.4, 199.88, 2.34, -0.01, 3.09, circuit_pos, 615.8, 269.32, 202.82, 2.35, -0.02, 3.08, tool_force, -0.54, 0.05, 0.13, actual_rep, 1, curr_step, 2, track_size, 99, robot_vel, 42.71, joints_pos, 31.48, 58.49, -16.69, -67.78, 19.5, 54.0, 57.46, tool_torque, -0.12, 0.095, -0.101, joint_torque, -0.42, 0.05, -0.21, 0.04, -0.02, -0.1, -0.1, robot_mode, normal, 
01/06/2022 11:42:31:603, robot_pos, 1654080029047, 617.15, 262.17, 200.48, 2.34, -0.01, 3.09, circuit_pos, 615.8, 269.32, 202.82, 2.35, -0.02, 3.08, tool_force, -1.06, 0.22, 0.4, actual_rep, 1, curr_step, 2, track_size, 99, robot_vel, 40.83, joints_pos, 31.84, 58.55, -16.64, -67.54, 19.89, 54.01, 57.46, tool_torque, -0.075, 0.064, 0.071, joint_torque, -0.83, 0.09, -0.45, 0.07, -0.04, -0.14, 0.1, robot_mode, normal, 
01/06/2022 11:42:31:757, robot_pos, 1654080029200, 616.12, 268.18, 201.06, 2.35, -0.02, 3.08, circuit_pos, 614.15, 276.57, 203.47, 2.36, -0.03, 3.07, tool_force, -0.23, 0.62, 0.07, actual_rep, 1, curr_step, 1, track_size, 99, robot_vel, 44.51, joints_pos, 32.18, 58.6, -16.53, -67.31, 20.35, 54.01, 57.33, tool_torque, 0.017, -0.127, 0.225, joint_torque, -0.44, -0.08, -0.3, 0.15, -0.02, -0.15, 0.26, robot_mode, normal, 
01/06/2022 11:42:31:907, robot_pos, 1654080029347, 615.05, 273.94, 201.68, 2.36, -0.03, 3.07, circuit_pos, 612.88, 280.93, 203.72, 2.36, -0.03, 3.07, tool_force, -0.27, 0.94, 0.27, actual_rep, 1, curr_step, 0, track_size, 99, robot_vel, 41.12, joints_pos, 32.47, 58.64, -16.41, -67.1, 20.88, 54.0, 57.07, tool_torque, 0.161, -0.176, 0.359, joint_torque, -0.36, 0.06, -0.27, 0.13, -0.02, -0.09, 0.39, robot_mode, normal, 
01/06/2022 11:42:32:059, robot_pos, 1654080029496, 614.41, 276.67, 201.99, 2.36, -0.03, 3.07, circuit_pos, 612.88, 280.93, 203.72, 2.36, -0.03, 3.07, tool_force, 0.26, 1.44, 0.33, actual_rep, 1, curr_step, 0, track_size, 99, robot_vel, 3.17, joints_pos, 32.71, 58.66, -16.52, -67.04, 21.23, 53.99, 56.9, tool_torque, 0.092, -0.041, 0.287, joint_torque, -0.31, -0.02, 0.07, 0.26, -0.01, -0.13, 0.38, robot_mode, normal, 
01/06/2022 11:42:32:208, robot_pos, 1654080029646, 614.38, 276.77, 202.01, 2.36, -0.03, 3.07, circuit_pos, 612.88, 280.93, 203.72, 2.36, -0.03, 3.07, tool_force, -0.14, 1.31, 0.31, actual_rep, 1, curr_step, 0, track_size, 99, robot_vel, 3.34, joints_pos, 32.73, 58.66, -16.56, -67.05, 21.39, 54.0, 56.77, tool_torque, 0.046, 0.0080, 0.257, joint_torque, -0.19, 0.02, 0.17, 0.28, 0.0, -0.14, 0.35, robot_mode, normal, 
01/06/2022 11:42:32:360, robot_pos, 1654080029794, 614.4, 276.72, 202.0, 2.36, -0.03, 3.07, circuit_pos, 612.88, 280.93, 203.72, 2.36, -0.03, 3.07, tool_force, -0.61, 1.38, 0.56, actual_rep, 1, curr_step, 0, track_size, 99, robot_vel, 0.87, joints_pos, 32.73, 58.66, -16.57, -67.05, 21.39, 54.0, 56.77, tool_torque, 0.032, 0.048, 0.26, joint_torque, -0.4, 0.16, 0.09, 0.25, 0.0, -0.17, 0.36, robot_mode, normal, 
01/06/2022 11:42:32:511, robot_pos, 1654080029943, 614.4, 276.7, 202.0, 2.36, -0.03, 3.07, circuit_pos, 612.88, 280.93, 203.72, 2.36, -0.03, 3.07, tool_force, -0.53, 1.37, 0.6, actual_rep, 1, curr_step, 0, track_size, 99, robot_vel, 0.05, joints_pos, 32.73, 58.66, -16.57, -67.05, 21.39, 54.0, 56.77, tool_torque, 0.029, 0.029, 0.253, joint_torque, -0.34, 0.15, 0.09, 0.24, 0.01, -0.17, 0.34, robot_mode, normal, 
01/06/2022 11:42:32:660, robot_pos, 1654080030090, 614.4, 276.7, 202.0, 2.36, -0.03, 3.07, circuit_pos, 612.88, 280.93, 203.72, 2.36, -0.03, 3.07, tool_force, -0.5, 1.31, 0.54, actual_rep, 1, curr_step, 0, track_size, 99, robot_vel, 0.12, joints_pos, 32.73, 58.66, -16.57, -67.05, 21.38, 54.0, 56.77, tool_torque, 0.029, 0.013, 0.249, joint_torque, -0.29, 0.12, 0.08, 0.25, 0.01, -0.17, 0.33, robot_mode, normal, 
01/06/2022 11:42:32:812, robot_pos, 1654080030241, 614.4, 276.7, 202.0, 2.36, -0.03, 3.07, circuit_pos, 612.88, 280.93, 203.72, 2.36, -0.03, 3.07, tool_force, -0.43, 1.31, 0.53, actual_rep, 1, curr_step, 0, track_size, 99, robot_vel, 0.04, joints_pos, 32.73, 58.66, -16.57, -67.05, 21.38, 54.0, 56.77, tool_torque, 0.033, -0.0030, 0.251, joint_torque, -0.26, 0.13, 0.08, 0.24, 0.01, -0.16, 0.33, robot_mode, normal, 
