03/06/2022 17:46:59: File Created!
03/06/2022 17:46:59:475, robot_pos, 1654274694720, 617.32, 252.58, 200.66, 2.28, -0.06, 3.02, circuit_pos, 618.4, 249.87, 200.91, 2.28, -0.06, 3.02, tool_force, -2.02, -0.11, 1.54, actual_rep, 1, curr_step, 1, track_size, 72, robot_vel, 37.06, joints_pos, 30.98, 57.49, -17.23, -70.05, 26.16, 50.92, 55.78, tool_torque, 0.303, -0.309, 0.512, joint_torque, -2.8, 1.2, -1.93, -0.42, -0.37, -0.3, 0.56, robot_mode, normal, 
03/06/2022 17:46:59:617, robot_pos, 1654274694863, 618.21, 250.51, 200.61, 2.27, -0.06, 3.02, circuit_pos, 620.09, 244.65, 201.19, 2.27, -0.05, 3.02, tool_force, -0.52, -1.63, 19.85, actual_rep, 1, curr_step, 2, track_size, 72, robot_vel, 12.72, joints_pos, 30.91, 57.53, -17.43, -70.03, 26.1, 50.91, 55.78, tool_torque, 0.25, -0.098, 0.331, joint_torque, -1.17, 12.74, 1.02, -5.96, -0.27, -0.1, 0.39, robot_mode, normal, 
03/06/2022 17:46:59:727, robot_pos, 1654274695001, 619.83, 245.23, 200.6, 2.27, -0.05, 3.03, circuit_pos, 621.98, 237.04, 201.51, 2.27, -0.03, 3.03, tool_force, -0.98, -3.41, 19.8, actual_rep, 1, curr_step, 3, track_size, 72, robot_vel, 39.01, joints_pos, 30.79, 57.55, -17.82, -70.07, 25.7, 50.96, 55.82, tool_torque, 0.169, -0.2, 0.228, joint_torque, -1.71, 13.39, 0.55, -6.63, -0.51, 0.05, 0.26, robot_mode, normal, 
03/06/2022 17:46:59:877, robot_pos, 1654274695150, 621.36, 239.59, 200.8, 2.27, -0.04, 3.03, circuit_pos, 624.52, 224.11, 202.29, 2.26, -0.01, 3.04, tool_force, -1.0, -2.4, 20.52, actual_rep, 1, curr_step, 4, track_size, 72, robot_vel, 38.45, joints_pos, 30.64, 57.54, -18.24, -70.18, 25.31, 50.95, 55.83, tool_torque, 0.332, -0.343, 0.2, joint_torque, -1.48, 13.68, 0.56, -6.56, -0.58, 0.03, 0.2, robot_mode, normal, 
03/06/2022 17:47:00:026, robot_pos, 1654274695301, 622.52, 233.7, 201.11, 2.26, -0.03, 3.04, circuit_pos, 624.52, 224.11, 202.29, 2.26, -0.01, 3.04, tool_force, -0.78, -2.74, 20.49, actual_rep, 1, curr_step, 4, track_size, 72, robot_vel, 40.14, joints_pos, 30.51, 57.48, -18.66, -70.36, 24.97, 50.95, 55.81, tool_torque, 0.432, -0.496, 0.246, joint_torque, -1.68, 13.82, 0.37, -6.79, -0.67, 0.07, 0.24, robot_mode, normal, 
03/06/2022 17:47:00:178, robot_pos, 1654274695448, 623.7, 227.85, 201.48, 2.26, -0.02, 3.04, circuit_pos, 626.67, 213.21, 203.46, 2.25, 0.0, 3.05, tool_force, -1.1, -3.05, 20.5, actual_rep, 1, curr_step, 5, track_size, 72, robot_vel, 40.7, joints_pos, 30.39, 57.43, -19.12, -70.53, 24.66, 50.99, 55.76, tool_torque, 0.545, -0.625, 0.32, joint_torque, -2.16, 13.95, 0.03, -7.0, -0.81, 0.11, 0.32, robot_mode, normal, 
03/06/2022 17:47:00:328, robot_pos, 1654274695599, 624.89, 222.03, 201.97, 2.26, -0.01, 3.05, circuit_pos, 626.67, 213.21, 203.46, 2.25, 0.0, 3.05, tool_force, -1.15, -2.88, 20.55, actual_rep, 1, curr_step, 5, track_size, 72, robot_vel, 40.27, joints_pos, 30.26, 57.38, -19.56, -70.68, 24.39, 51.01, 55.69, tool_torque, 0.535, -0.747, 0.37, joint_torque, -2.02, 13.86, 0.1, -6.88, -0.79, 0.03, 0.36, robot_mode, normal, 
03/06/2022 17:47:00:480, robot_pos, 1654274695747, 626.08, 216.15, 202.53, 2.26, 0.0, 3.05, circuit_pos, 628.91, 201.43, 205.16, 2.25, 0.02, 3.06, tool_force, -1.26, -2.68, 21.06, actual_rep, 1, curr_step, 6, track_size, 72, robot_vel, 43.24, joints_pos, 30.09, 57.32, -19.97, -70.83, 24.11, 51.05, 55.57, tool_torque, 0.564, -0.708, 0.371, joint_torque, -2.48, 14.14, -0.07, -7.01, -0.83, 0.02, 0.37, robot_mode, normal, 
03/06/2022 17:47:00:629, robot_pos, 1654274695899, 627.31, 210.39, 203.27, 2.25, 0.01, 3.06, circuit_pos, 628.91, 201.43, 205.16, 2.25, 0.02, 3.06, tool_force, -1.6, -2.47, 20.93, actual_rep, 1, curr_step, 6, track_size, 72, robot_vel, 35.72, joints_pos, 29.9, 57.25, -20.35, -70.97, 23.86, 51.08, 55.42, tool_torque, 0.507, -0.701, 0.381, joint_torque, -2.6, 13.83, -0.13, -6.79, -0.8, -0.06, 0.38, robot_mode, normal, 
03/06/2022 17:47:00:781, robot_pos, 1654274696048, 628.46, 204.55, 204.01, 2.25, 0.01, 3.06, circuit_pos, 631.14, 188.93, 207.32, 2.25, 0.03, 3.07, tool_force, -1.31, -2.3, 21.21, actual_rep, 1, curr_step, 7, track_size, 72, robot_vel, 41.25, joints_pos, 29.71, 57.17, -20.71, -71.11, 23.59, 51.09, 55.26, tool_torque, 0.528, -0.761, 0.389, joint_torque, -2.79, 14.07, -0.18, -6.88, -0.82, -0.09, 0.38, robot_mode, normal, 
03/06/2022 17:47:00:940, robot_pos, 1654274696209, 629.6, 198.32, 205.05, 2.25, 0.02, 3.06, circuit_pos, 631.14, 188.93, 207.32, 2.25, 0.03, 3.07, tool_force, -1.67, -1.89, 21.15, actual_rep, 1, curr_step, 7, track_size, 72, robot_vel, 40.68, joints_pos, 29.48, 57.06, -21.07, -71.29, 23.32, 51.1, 55.05, tool_torque, 0.489, -0.637, 0.373, joint_torque, -2.95, 13.77, -0.22, -6.66, -0.79, -0.13, 0.39, robot_mode, normal, 
03/06/2022 17:47:01:081, robot_pos, 1654274696346, 630.65, 193.09, 205.85, 2.25, 0.03, 3.07, circuit_pos, 633.08, 176.43, 209.79, 2.25, 0.05, 3.08, tool_force, -1.04, -1.63, 21.0, actual_rep, 1, curr_step, 8, track_size, 72, robot_vel, 43.41, joints_pos, 29.28, 56.98, -21.37, -71.41, 23.1, 51.11, 54.85, tool_torque, 0.399, -0.701, 0.367, joint_torque, -2.48, 13.5, 0.12, -6.41, -0.66, -0.21, 0.36, robot_mode, normal, 
03/06/2022 17:47:01:235, robot_pos, 1654274696497, 631.59, 187.3, 206.94, 2.25, 0.03, 3.07, circuit_pos, 633.08, 176.43, 209.79, 2.25, 0.05, 3.08, tool_force, -1.03, -1.33, 21.29, actual_rep, 1, curr_step, 8, track_size, 72, robot_vel, 39.23, joints_pos, 29.06, 56.86, -21.72, -71.58, 22.91, 51.14, 54.54, tool_torque, 0.374, -0.642, 0.358, joint_torque, -2.49, 13.51, 0.23, -6.34, -0.61, -0.23, 0.36, robot_mode, normal, 
03/06/2022 17:47:01:383, robot_pos, 1654274696646, 632.58, 181.58, 208.06, 2.25, 0.04, 3.07, circuit_pos, 634.8, 163.62, 212.35, 2.25, 0.06, 3.08, tool_force, -0.42, -0.84, 20.92, actual_rep, 1, curr_step, 9, track_size, 72, robot_vel, 40.35, joints_pos, 28.82, 56.75, -22.01, -71.71, 22.68, 51.17, 54.24, tool_torque, 0.357, -0.641, 0.356, joint_torque, -2.03, 13.25, 0.56, -6.1, -0.52, -0.26, 0.36, robot_mode, normal, 
03/06/2022 17:47:01:535, robot_pos, 1654274696797, 633.43, 175.83, 209.1, 2.25, 0.05, 3.08, circuit_pos, 634.8, 163.62, 212.35, 2.25, 0.06, 3.08, tool_force, -0.35, -0.84, 21.13, actual_rep, 1, curr_step, 9, track_size, 72, robot_vel, 38.54, joints_pos, 28.54, 56.62, -22.26, -71.88, 22.48, 51.2, 53.88, tool_torque, 0.284, -0.59, 0.346, joint_torque, -2.01, 13.36, 0.65, -6.13, -0.47, -0.29, 0.35, robot_mode, normal, 
03/06/2022 17:47:01:683, robot_pos, 1654274696947, 634.26, 170.03, 210.17, 2.25, 0.05, 3.08, circuit_pos, 634.8, 163.62, 212.35, 2.25, 0.06, 3.08, tool_force, -0.51, -1.02, 21.64, actual_rep, 1, curr_step, 9, track_size, 72, robot_vel, 41.41, joints_pos, 28.26, 56.5, -22.5, -72.03, 22.27, 51.22, 53.52, tool_torque, 0.322, -0.611, 0.365, joint_torque, -2.18, 13.67, 0.61, -6.29, -0.48, -0.27, 0.36, robot_mode, normal, 
03/06/2022 17:47:01:836, robot_pos, 1654274697098, 634.87, 163.94, 211.21, 2.25, 0.06, 3.09, circuit_pos, 636.09, 151.32, 215.06, 2.25, 0.06, 3.09, tool_force, -0.88, -2.41, 22.35, actual_rep, 1, curr_step, 10, track_size, 72, robot_vel, 47.36, joints_pos, 27.97, 56.36, -22.77, -72.22, 22.08, 51.29, 53.08, tool_torque, 0.512, -0.683, 0.411, joint_torque, -2.92, 14.5, 0.19, -7.21, -0.71, -0.05, 0.41, robot_mode, normal, 
03/06/2022 17:47:01:986, robot_pos, 1654274697246, 635.67, 158.22, 212.44, 2.25, 0.06, 3.09, circuit_pos, 636.09, 151.32, 215.06, 2.25, 0.06, 3.09, tool_force, -1.36, -1.29, 22.37, actual_rep, 1, curr_step, 10, track_size, 72, robot_vel, 41.81, joints_pos, 27.64, 56.22, -22.95, -72.37, 21.93, 51.3, 52.6, tool_torque, 0.35, -0.621, 0.415, joint_torque, -2.94, 14.11, 0.25, -6.62, -0.56, -0.31, 0.42, robot_mode, normal, 
03/06/2022 17:47:02:137, robot_pos, 1654274697399, 636.43, 152.35, 213.85, 2.25, 0.06, 3.09, circuit_pos, 637.25, 139.07, 217.96, 2.26, 0.07, 3.1, tool_force, -1.69, -1.13, 21.67, actual_rep, 1, curr_step, 11, track_size, 72, robot_vel, 40.26, joints_pos, 27.29, 56.06, -23.12, -72.5, 21.75, 51.4, 52.11, tool_torque, 0.326, -0.746, 0.498, joint_torque, -3.06, 13.54, -0.03, -6.31, -0.57, -0.45, 0.49, robot_mode, normal, 
03/06/2022 17:47:02:282, robot_pos, 1654274697547, 637.07, 146.75, 215.17, 2.25, 0.07, 3.09, circuit_pos, 637.25, 139.07, 217.96, 2.26, 0.07, 3.1, tool_force, -1.27, -0.59, 21.63, actual_rep, 1, curr_step, 11, track_size, 72, robot_vel, 39.07, joints_pos, 26.94, 55.89, -23.27, -72.66, 21.62, 51.43, 51.54, tool_torque, 0.209, -0.652, 0.404, joint_torque, -2.9, 13.43, 0.16, -5.97, -0.5, -0.55, 0.4, robot_mode, normal, 
03/06/2022 17:47:02:436, robot_pos, 1654274697699, 637.58, 140.78, 216.52, 2.26, 0.07, 3.1, circuit_pos, 637.93, 127.25, 220.91, 2.27, 0.07, 3.1, tool_force, -2.18, -1.08, 21.9, actual_rep, 1, curr_step, 12, track_size, 72, robot_vel, 41.29, joints_pos, 26.55, 55.72, -23.4, -72.8, 21.49, 51.54, 50.96, tool_torque, 0.311, -0.731, 0.381, joint_torque, -3.3, 13.54, -0.14, -6.17, -0.68, -0.53, 0.39, robot_mode, normal, 
03/06/2022 17:47:02:585, robot_pos, 1654274697849, 638.17, 135.08, 217.97, 2.26, 0.07, 3.1, circuit_pos, 637.93, 127.25, 220.91, 2.27, 0.07, 3.1, tool_force, -2.61, 0.06, 21.59, actual_rep, 1, curr_step, 12, track_size, 72, robot_vel, 40.35, joints_pos, 26.12, 55.53, -23.47, -72.94, 21.37, 51.62, 50.34, tool_torque, 0.098, -0.76, 0.351, joint_torque, -3.34, 12.92, -0.25, -5.49, -0.62, -0.86, 0.36, robot_mode, normal, 
03/06/2022 17:47:02:735, robot_pos, 1654274697999, 638.82, 129.27, 219.47, 2.26, 0.07, 3.1, circuit_pos, 638.42, 115.75, 224.09, 2.27, 0.07, 3.11, tool_force, -3.51, 1.18, 21.81, actual_rep, 1, curr_step, 13, track_size, 72, robot_vel, 42.46, joints_pos, 25.67, 55.36, -23.53, -73.04, 21.28, 51.75, 49.7, tool_torque, 0.033, -0.918, 0.354, joint_torque, -3.45, 12.57, -0.44, -4.77, -0.61, -1.2, 0.36, robot_mode, normal, 
03/06/2022 17:47:02:890, robot_pos, 1654274698145, 639.14, 123.4, 221.03, 2.27, 0.07, 3.1, circuit_pos, 638.42, 115.75, 224.09, 2.27, 0.07, 3.11, tool_force, -3.44, 0.89, 21.27, actual_rep, 1, curr_step, 13, track_size, 72, robot_vel, 42.95, joints_pos, 25.21, 55.15, -23.58, -73.19, 21.22, 51.89, 49.0, tool_torque, 0.069, -1.035, 0.359, joint_torque, -3.3, 12.64, -0.51, -4.88, -0.67, -1.22, 0.35, robot_mode, normal, 
03/06/2022 17:47:03:039, robot_pos, 1654274698297, 639.57, 117.66, 222.68, 2.27, 0.07, 3.1, circuit_pos, 638.77, 104.55, 227.61, 2.28, 0.07, 3.11, tool_force, -3.73, 1.43, 21.67, actual_rep, 1, curr_step, 14, track_size, 72, robot_vel, 40.8, joints_pos, 24.74, 54.95, -23.61, -73.32, 21.17, 52.02, 48.3, tool_torque, 0.05, -1.037, 0.366, joint_torque, -3.38, 12.24, -0.6, -4.48, -0.65, -1.35, 0.36, robot_mode, normal, 
03/06/2022 17:47:03:190, robot_pos, 1654274698446, 639.82, 111.87, 224.5, 2.27, 0.07, 3.11, circuit_pos, 638.77, 104.55, 227.61, 2.28, 0.07, 3.11, tool_force, -4.08, 1.72, 21.21, actual_rep, 1, curr_step, 14, track_size, 72, robot_vel, 40.76, joints_pos, 24.25, 54.71, -23.61, -73.45, 21.15, 52.2, 47.56, tool_torque, -0.126, -1.004, 0.363, joint_torque, -3.4, 11.76, -0.59, -4.09, -0.55, -1.53, 0.36, robot_mode, normal, 
03/06/2022 17:47:03:349, robot_pos, 1654274698606, 642.88, 104.41, 226.98, 2.28, 0.08, 3.1, circuit_pos, 639.11, 93.63, 231.45, 2.29, 0.06, 3.11, tool_force, -6.05, 3.31, 20.58, actual_rep, 1, curr_step, 15, track_size, 72, robot_vel, 49.05, joints_pos, 23.65, 54.59, -23.75, -73.29, 21.01, 51.88, 46.84, tool_torque, -0.428, -0.736, 0.156, joint_torque, -3.86, 10.8, -0.73, -2.76, -0.46, -1.98, 0.19, robot_mode, impedance, 
03/06/2022 17:47:03:493, robot_pos, 1654274698746, 646.55, 98.08, 229.2, 2.28, 0.08, 3.1, circuit_pos, 639.11, 93.63, 231.45, 2.29, 0.06, 3.11, tool_force, -5.56, 5.77, 20.61, actual_rep, 1, curr_step, 15, track_size, 72, robot_vel, 50.7, joints_pos, 22.93, 54.67, -23.72, -72.71, 21.0, 52.17, 46.08, tool_torque, -0.674, -1.373, 0.146, joint_torque, -3.19, 10.01, -0.97, -1.39, -0.44, -2.8, 0.13, robot_mode, impedance, 
03/06/2022 17:47:03:641, robot_pos, 1654274698897, 651.37, 91.63, 231.74, 2.29, 0.08, 3.1, circuit_pos, 639.11, 93.63, 231.45, 2.29, 0.06, 3.11, tool_force, -7.94, 7.14, 19.12, actual_rep, 1, curr_step, 15, track_size, 72, robot_vel, 55.42, joints_pos, 22.17, 54.84, -23.72, -71.92, 21.01, 52.53, 45.3, tool_torque, -1.088, -1.997, 0.064, joint_torque, -3.53, 8.27, -1.78, 0.41, -0.63, -3.84, 0.04, robot_mode, impedance, 
03/06/2022 17:47:03:791, robot_pos, 1654274699049, 655.51, 87.36, 233.3, 2.29, 0.08, 3.09, circuit_pos, 639.11, 93.63, 231.45, 2.29, 0.06, 3.11, tool_force, -11.16, 7.17, 18.53, actual_rep, 1, curr_step, 15, track_size, 72, robot_vel, 52.76, joints_pos, 21.54, 55.09, -23.61, -71.1, 21.01, 52.95, 44.87, tool_torque, -1.12, -2.423, -0.029, joint_torque, -4.5, 7.51, -3.05, 1.27, -0.96, -4.38, -0.1, robot_mode, impedance, 
03/06/2022 17:47:03:947, robot_pos, 1654274699202, 657.51, 85.77, 233.59, 2.29, 0.08, 3.1, circuit_pos, 639.11, 93.63, 231.45, 2.29, 0.06, 3.11, tool_force, -11.81, 4.57, 16.7, actual_rep, 1, curr_step, 15, track_size, 72, robot_vel, 20.2, joints_pos, 21.32, 55.36, -23.64, -70.51, 20.76, 53.57, 44.86, tool_torque, -0.852, -2.294, -0.101, joint_torque, -5.92, 6.74, -4.13, 0.69, -1.41, -3.93, -0.14, robot_mode, impedance, 
03/06/2022 17:47:04:091, robot_pos, 1654274699349, 656.33, 83.34, 233.6, 2.29, 0.08, 3.11, circuit_pos, 639.11, 93.63, 231.45, 2.29, 0.06, 3.11, tool_force, -9.98, -0.9, 15.79, actual_rep, 1, curr_step, 15, track_size, 72, robot_vel, 25.49, joints_pos, 21.24, 55.37, -23.76, -70.53, 20.48, 54.24, 44.95, tool_torque, -0.178, -1.985, -0.1, joint_torque, -6.82, 8.15, -4.5, -2.23, -1.92, -2.48, -0.11, robot_mode, impedance, 
03/06/2022 17:47:04:241, robot_pos, 1654274699498, 652.46, 82.7, 232.66, 2.29, 0.07, 3.12, circuit_pos, 639.11, 93.63, 231.45, 2.29, 0.06, 3.11, tool_force, -6.75, -3.01, 17.22, actual_rep, 1, curr_step, 15, track_size, 72, robot_vel, 27.51, joints_pos, 21.27, 55.09, -23.68, -71.19, 20.47, 54.45, 44.94, tool_torque, 0.55, -1.229, 0.107, joint_torque, -6.04, 10.38, -3.34, -4.76, -1.65, -1.01, 0.07, robot_mode, impedance, 
03/06/2022 17:47:04:392, robot_pos, 1654274699648, 648.17, 83.99, 232.17, 2.29, 0.07, 3.12, circuit_pos, 639.11, 93.63, 231.45, 2.29, 0.06, 3.11, tool_force, -4.46, -3.34, 17.56, actual_rep, 1, curr_step, 15, track_size, 72, robot_vel, 29.54, joints_pos, 21.46, 54.68, -23.55, -72.06, 20.54, 54.2, 44.93, tool_torque, 0.873, -0.611, 0.215, joint_torque, -5.0, 11.37, -2.15, -5.9, -1.27, -0.14, 0.18, robot_mode, impedance, 
03/06/2022 17:47:04:545, robot_pos, 1654274699799, 645.07, 84.98, 232.02, 2.29, 0.07, 3.12, circuit_pos, 639.11, 93.63, 231.45, 2.29, 0.06, 3.11, tool_force, -3.34, -3.72, 17.25, actual_rep, 1, curr_step, 15, track_size, 72, robot_vel, 23.88, joints_pos, 21.69, 54.32, -23.53, -72.8, 20.59, 53.82, 44.92, tool_torque, 0.86, -0.422, 0.224, joint_torque, -4.63, 11.5, -1.68, -6.22, -1.15, 0.11, 0.2, robot_mode, impedance, 
03/06/2022 17:47:04:693, robot_pos, 1654274699949, 643.02, 85.52, 231.79, 2.29, 0.06, 3.12, circuit_pos, 639.11, 93.63, 231.45, 2.29, 0.06, 3.11, tool_force, -3.51, -3.6, 18.18, actual_rep, 1, curr_step, 15, track_size, 72, robot_vel, 21.23, joints_pos, 21.82, 54.12, -23.51, -73.24, 20.6, 53.6, 44.92, tool_torque, 0.982, -0.276, 0.221, joint_torque, -4.67, 12.28, -1.47, -6.63, -1.15, 0.27, 0.21, robot_mode, impedance, 
03/06/2022 17:47:04:845, robot_pos, 1654274700099, 642.09, 85.45, 231.57, 2.29, 0.06, 3.12, circuit_pos, 639.11, 93.63, 231.45, 2.29, 0.06, 3.11, tool_force, -3.48, -4.01, 18.93, actual_rep, 1, curr_step, 15, track_size, 72, robot_vel, 8.22, joints_pos, 21.86, 54.02, -23.51, -73.47, 20.6, 53.47, 44.91, tool_torque, 0.99, -0.309, 0.246, joint_torque, -4.85, 12.53, -1.56, -6.9, -1.2, 0.28, 0.25, robot_mode, impedance, 
03/06/2022 17:47:04:995, robot_pos, 1654274700249, 641.81, 85.24, 231.36, 2.29, 0.07, 3.12, circuit_pos, 639.11, 93.63, 231.45, 2.29, 0.06, 3.11, tool_force, -3.61, -4.12, 19.4, actual_rep, 1, curr_step, 15, track_size, 72, robot_vel, 3.98, joints_pos, 21.86, 54.01, -23.51, -73.54, 20.59, 53.41, 44.91, tool_torque, 1.03, -0.378, 0.268, joint_torque, -5.0, 12.9, -1.67, -7.05, -1.26, 0.26, 0.26, robot_mode, impedance, 
03/06/2022 17:47:05:144, robot_pos, 1654274700400, 641.74, 85.06, 231.22, 2.29, 0.07, 3.12, circuit_pos, 639.11, 93.63, 231.45, 2.29, 0.06, 3.11, tool_force, -3.64, -4.18, 19.75, actual_rep, 1, curr_step, 15, track_size, 72, robot_vel, 2.15, joints_pos, 21.86, 54.01, -23.51, -73.57, 20.56, 53.37, 44.9, tool_torque, 1.0, -0.399, 0.264, joint_torque, -5.03, 13.06, -1.67, -7.11, -1.25, 0.22, 0.25, robot_mode, impedance, 
03/06/2022 17:47:05:294, robot_pos, 1654274700549, 641.8, 84.97, 231.17, 2.29, 0.07, 3.12, circuit_pos, 639.11, 93.63, 231.45, 2.29, 0.06, 3.11, tool_force, -3.72, -3.87, 20.09, actual_rep, 1, curr_step, 15, track_size, 72, robot_vel, 1.21, joints_pos, 21.85, 54.01, -23.51, -73.58, 20.56, 53.33, 44.9, tool_torque, 0.966, -0.438, 0.277, joint_torque, -4.94, 13.15, -1.62, -7.03, -1.2, 0.14, 0.26, robot_mode, impedance, 
03/06/2022 17:47:05:446, robot_pos, 1654274700702, 641.91, 85.09, 231.13, 2.29, 0.07, 3.12, circuit_pos, 639.11, 93.63, 231.45, 2.29, 0.06, 3.11, tool_force, -3.75, -4.39, 19.75, actual_rep, 1, curr_step, 15, track_size, 72, robot_vel, 1.98, joints_pos, 21.85, 54.01, -23.5, -73.57, 20.56, 53.27, 44.9, tool_torque, 0.92, -0.498, 0.29, joint_torque, -5.25, 12.93, -1.91, -7.07, -1.25, 0.11, 0.27, robot_mode, impedance, 
03/06/2022 17:47:05:598, robot_pos, 1654274700852, 642.05, 85.11, 231.07, 2.29, 0.07, 3.12, circuit_pos, 639.11, 93.63, 231.45, 2.29, 0.06, 3.11, tool_force, -3.32, -3.44, 20.37, actual_rep, 1, curr_step, 15, track_size, 72, robot_vel, 1.84, joints_pos, 21.85, 54.02, -23.5, -73.56, 20.59, 53.23, 44.9, tool_torque, 0.833, -0.57, 0.319, joint_torque, -4.58, 13.16, -1.39, -6.88, -1.1, -0.04, 0.29, robot_mode, impedance, 
03/06/2022 17:47:05:746, robot_pos, 1654274701002, 642.22, 86.55, 230.75, 2.29, 0.06, 3.12, circuit_pos, 639.11, 93.63, 231.45, 2.29, 0.06, 3.11, tool_force, -2.1, -2.21, 20.89, actual_rep, 1, curr_step, 15, track_size, 72, robot_vel, 6.8, joints_pos, 21.87, 54.06, -23.38, -73.5, 20.69, 53.2, 44.9, tool_torque, 0.653, -0.381, 0.241, joint_torque, -3.38, 13.36, -0.28, -6.64, -0.77, -0.05, 0.22, robot_mode, impedance, 
03/06/2022 17:47:05:897, robot_pos, 1654274701152, 642.28, 88.17, 230.51, 2.29, 0.06, 3.11, circuit_pos, 639.11, 93.63, 231.45, 2.29, 0.06, 3.11, tool_force, -1.28, -2.27, 21.21, actual_rep, 1, curr_step, 15, track_size, 72, robot_vel, 14.72, joints_pos, 21.92, 54.09, -23.29, -73.44, 20.74, 53.2, 44.95, tool_torque, 0.449, -0.234, 0.121, joint_torque, -2.82, 13.44, 0.31, -6.76, -0.61, 0.02, 0.11, robot_mode, impedance, 
03/06/2022 17:47:06:049, robot_pos, 1654274701303, 642.02, 88.45, 230.29, 2.29, 0.06, 3.11, circuit_pos, 639.11, 93.63, 231.45, 2.29, 0.06, 3.11, tool_force, -1.48, -2.9, 21.36, actual_rep, 1, curr_step, 15, track_size, 72, robot_vel, 5.27, joints_pos, 21.95, 54.1, -23.29, -73.47, 20.73, 53.22, 44.98, tool_torque, 0.522, -0.212, 0.098, joint_torque, -3.2, 13.7, 0.12, -7.05, -0.76, 0.1, 0.11, robot_mode, impedance, 
03/06/2022 17:47:06:202, robot_pos, 1654274701452, 641.84, 88.08, 230.16, 2.29, 0.06, 3.12, circuit_pos, 639.11, 93.63, 231.45, 2.29, 0.06, 3.11, tool_force, -1.81, -3.07, 21.9, actual_rep, 1, curr_step, 15, track_size, 72, robot_vel, 2.75, joints_pos, 21.95, 54.09, -23.31, -73.51, 20.68, 53.22, 44.98, tool_torque, 0.587, -0.193, 0.098, joint_torque, -3.51, 14.12, -0.01, -7.32, -0.84, 0.14, 0.11, robot_mode, impedance, 
03/06/2022 17:47:06:352, robot_pos, 1654274701601, 641.69, 87.56, 229.99, 2.29, 0.06, 3.12, circuit_pos, 639.11, 93.63, 231.45, 2.29, 0.06, 3.11, tool_force, -2.09, -3.25, 22.43, actual_rep, 1, curr_step, 15, track_size, 72, robot_vel, 5.05, joints_pos, 21.93, 54.09, -23.32, -73.55, 20.64, 53.21, 44.98, tool_torque, 0.683, -0.245, 0.118, joint_torque, -3.75, 14.49, -0.2, -7.54, -0.92, 0.16, 0.13, robot_mode, impedance, 
03/06/2022 17:47:06:535, robot_pos, 1654274701749, 641.76, 87.24, 229.95, 2.29, 0.06, 3.12, circuit_pos, 639.11, 93.63, 231.45, 2.29, 0.06, 3.11, tool_force, -2.3, -2.92, 22.63, actual_rep, 1, curr_step, 15, track_size, 72, robot_vel, 2.64, joints_pos, 21.91, 54.1, -23.32, -73.55, 20.62, 53.17, 44.98, tool_torque, 0.786, -0.315, 0.164, joint_torque, -3.79, 14.63, -0.33, -7.51, -0.96, 0.13, 0.16, robot_mode, impedance, 
03/06/2022 17:47:06:652, robot_pos, 1654274701899, 641.79, 87.15, 229.94, 2.29, 0.06, 3.12, circuit_pos, 639.11, 93.63, 231.45, 2.29, 0.06, 3.11, tool_force, -2.28, -3.0, 22.42, actual_rep, 1, curr_step, 15, track_size, 72, robot_vel, 0.93, joints_pos, 21.9, 54.1, -23.32, -73.55, 20.61, 53.17, 44.98, tool_torque, 0.732, -0.331, 0.163, joint_torque, -3.78, 14.44, -0.34, -7.43, -0.94, 0.1, 0.16, robot_mode, impedance, 
03/06/2022 17:47:06:801, robot_pos, 1654274702049, 641.85, 87.0, 229.97, 2.29, 0.07, 3.12, circuit_pos, 639.11, 93.63, 231.45, 2.29, 0.06, 3.11, tool_force, -2.42, -3.28, 22.33, actual_rep, 1, curr_step, 15, track_size, 72, robot_vel, 0.93, joints_pos, 21.9, 54.1, -23.34, -73.55, 20.61, 53.15, 44.98, tool_torque, 0.721, -0.373, 0.166, joint_torque, -3.99, 14.37, -0.51, -7.46, -1.0, 0.07, 0.17, robot_mode, impedance, 
03/06/2022 17:47:06:951, robot_pos, 1654274702197, 641.89, 86.74, 230.01, 2.29, 0.07, 3.12, circuit_pos, 639.11, 93.63, 231.45, 2.29, 0.06, 3.11, tool_force, -2.55, -3.52, 22.21, actual_rep, 1, curr_step, 15, track_size, 72, robot_vel, 1.93, joints_pos, 21.89, 54.1, -23.35, -73.55, 20.59, 53.15, 44.98, tool_torque, 0.719, -0.412, 0.181, joint_torque, -4.14, 14.32, -0.66, -7.47, -1.04, 0.05, 0.18, robot_mode, impedance, 
03/06/2022 17:47:07:104, robot_pos, 1654274702347, 641.94, 86.65, 230.07, 2.29, 0.07, 3.12, circuit_pos, 639.11, 93.63, 231.45, 2.29, 0.06, 3.11, tool_force, -2.46, -3.44, 22.09, actual_rep, 1, curr_step, 15, track_size, 72, robot_vel, 1.32, joints_pos, 21.88, 54.1, -23.35, -73.54, 20.59, 53.15, 44.98, tool_torque, 0.711, -0.437, 0.191, joint_torque, -4.09, 14.21, -0.67, -7.4, -1.02, 0.03, 0.19, robot_mode, impedance, 
03/06/2022 17:47:07:256, robot_pos, 1654274702496, 641.95, 86.65, 230.1, 2.29, 0.07, 3.12, circuit_pos, 639.11, 93.63, 231.45, 2.29, 0.06, 3.11, tool_force, -2.42, -3.62, 22.03, actual_rep, 1, curr_step, 15, track_size, 72, robot_vel, 0.24, joints_pos, 21.88, 54.09, -23.35, -73.54, 20.59, 53.15, 44.98, tool_torque, 0.712, -0.436, 0.186, joint_torque, -4.14, 14.21, -0.68, -7.46, -1.05, 0.05, 0.19, robot_mode, impedance, 
03/06/2022 17:47:07:403, robot_pos, 1654274702645, 641.91, 86.54, 230.11, 2.29, 0.07, 3.12, circuit_pos, 639.11, 93.63, 231.45, 2.29, 0.06, 3.11, tool_force, -2.6, -3.51, 22.07, actual_rep, 1, curr_step, 15, track_size, 72, robot_vel, 1.4, joints_pos, 21.88, 54.09, -23.36, -73.55, 20.58, 53.15, 44.98, tool_torque, 0.738, -0.427, 0.189, joint_torque, -4.19, 14.22, -0.73, -7.43, -1.06, 0.05, 0.19, robot_mode, impedance, 
03/06/2022 17:47:07:559, robot_pos, 1654274702795, 641.91, 86.48, 230.15, 2.29, 0.07, 3.12, circuit_pos, 639.11, 93.63, 231.45, 2.29, 0.06, 3.11, tool_force, -2.66, -3.54, 21.98, actual_rep, 1, curr_step, 15, track_size, 72, robot_vel, 0.59, joints_pos, 21.88, 54.08, -23.36, -73.55, 20.57, 53.15, 44.98, tool_torque, 0.73, -0.44, 0.191, joint_torque, -4.24, 14.18, -0.77, -7.4, -1.06, 0.04, 0.19, robot_mode, impedance, 
03/06/2022 17:47:07:707, robot_pos, 1654274702943, 641.91, 86.44, 230.16, 2.29, 0.07, 3.12, circuit_pos, 639.11, 93.63, 231.45, 2.29, 0.06, 3.11, tool_force, -2.7, -3.45, 22.01, actual_rep, 1, curr_step, 15, track_size, 72, robot_vel, 0.33, joints_pos, 21.87, 54.08, -23.36, -73.56, 20.57, 53.15, 44.97, tool_torque, 0.76, -0.456, 0.201, joint_torque, -4.24, 14.19, -0.8, -7.4, -1.08, 0.03, 0.2, robot_mode, impedance, 
03/06/2022 17:47:07:863, robot_pos, 1654274703094, 641.92, 86.4, 230.16, 2.29, 0.07, 3.12, circuit_pos, 639.11, 93.63, 231.45, 2.29, 0.06, 3.11, tool_force, -2.64, -3.43, 22.0, actual_rep, 1, curr_step, 15, track_size, 72, robot_vel, 0.48, joints_pos, 21.87, 54.08, -23.36, -73.56, 20.57, 53.15, 44.97, tool_torque, 0.741, -0.457, 0.207, joint_torque, -4.21, 14.17, -0.77, -7.39, -1.06, 0.03, 0.2, robot_mode, impedance, 
03/06/2022 17:47:08:007, robot_pos, 1654274703241, 641.92, 86.39, 230.18, 2.29, 0.07, 3.12, circuit_pos, 639.11, 93.63, 231.45, 2.29, 0.06, 3.11, tool_force, -2.63, -3.38, 21.98, actual_rep, 1, curr_step, 15, track_size, 72, robot_vel, 0.21, joints_pos, 21.87, 54.08, -23.37, -73.56, 20.57, 53.15, 44.97, tool_torque, 0.756, -0.458, 0.209, joint_torque, -4.18, 14.16, -0.77, -7.36, -1.06, 0.03, 0.21, robot_mode, impedance, 
03/06/2022 17:47:08:160, robot_pos, 1654274703393, 641.92, 86.39, 230.19, 2.29, 0.07, 3.12, circuit_pos, 639.11, 93.63, 231.45, 2.29, 0.06, 3.11, tool_force, -2.66, -3.52, 21.99, actual_rep, 1, curr_step, 15, track_size, 72, robot_vel, 0.14, joints_pos, 21.87, 54.08, -23.37, -73.56, 20.57, 53.15, 44.97, tool_torque, 0.754, -0.471, 0.207, joint_torque, -4.25, 14.18, -0.82, -7.4, -1.08, 0.03, 0.2, robot_mode, impedance, 
03/06/2022 17:47:08:310, robot_pos, 1654274703539, 641.91, 86.33, 230.18, 2.29, 0.07, 3.12, circuit_pos, 639.11, 93.63, 231.45, 2.29, 0.06, 3.11, tool_force, -2.77, -3.59, 21.99, actual_rep, 1, curr_step, 15, track_size, 72, robot_vel, 0.51, joints_pos, 21.87, 54.08, -23.37, -73.56, 20.57, 53.16, 44.97, tool_torque, 0.752, -0.449, 0.203, joint_torque, -4.33, 14.2, -0.84, -7.44, -1.09, 0.04, 0.21, robot_mode, impedance, 
03/06/2022 17:47:08:461, robot_pos, 1654274703690, 641.89, 86.29, 230.16, 2.29, 0.07, 3.12, circuit_pos, 639.11, 93.63, 231.45, 2.29, 0.06, 3.11, tool_force, -2.74, -3.51, 22.03, actual_rep, 1, curr_step, 15, track_size, 72, robot_vel, 0.52, joints_pos, 21.87, 54.08, -23.37, -73.56, 20.56, 53.16, 44.97, tool_torque, 0.767, -0.454, 0.209, joint_torque, -4.3, 14.21, -0.83, -7.42, -1.08, 0.04, 0.21, robot_mode, impedance, 
03/06/2022 17:47:08:610, robot_pos, 1654274703839, 641.88, 86.27, 230.15, 2.29, 0.07, 3.12, circuit_pos, 639.11, 93.63, 231.45, 2.29, 0.06, 3.11, tool_force, -2.75, -3.44, 22.03, actual_rep, 1, curr_step, 15, track_size, 72, robot_vel, 0.25, joints_pos, 21.87, 54.08, -23.37, -73.56, 20.56, 53.15, 44.97, tool_torque, 0.765, -0.45, 0.209, joint_torque, -4.26, 14.18, -0.82, -7.37, -1.06, 0.03, 0.21, robot_mode, impedance, 
03/06/2022 17:47:08:763, robot_pos, 1654274703989, 641.89, 86.3, 230.17, 2.29, 0.07, 3.12, circuit_pos, 639.11, 93.63, 231.45, 2.29, 0.06, 3.11, tool_force, -2.79, -3.49, 22.06, actual_rep, 1, curr_step, 15, track_size, 72, robot_vel, 0.52, joints_pos, 21.87, 54.08, -23.37, -73.56, 20.56, 53.15, 44.97, tool_torque, 0.756, -0.457, 0.207, joint_torque, -4.3, 14.22, -0.84, -7.4, -1.07, 0.02, 0.2, robot_mode, impedance, 
03/06/2022 17:47:08:912, robot_pos, 1654274704137, 641.92, 86.33, 230.19, 2.29, 0.07, 3.12, circuit_pos, 639.11, 93.63, 231.45, 2.29, 0.06, 3.11, tool_force, -2.74, -3.47, 22.01, actual_rep, 1, curr_step, 15, track_size, 72, robot_vel, 0.39, joints_pos, 21.87, 54.08, -23.37, -73.56, 20.56, 53.15, 44.97, tool_torque, 0.746, -0.466, 0.206, joint_torque, -4.27, 14.17, -0.84, -7.37, -1.06, 0.01, 0.2, robot_mode, impedance, 
03/06/2022 17:47:09:064, robot_pos, 1654274704287, 641.92, 86.32, 230.19, 2.29, 0.07, 3.12, circuit_pos, 639.11, 93.63, 231.45, 2.29, 0.06, 3.11, tool_force, -2.8, -3.59, 21.95, actual_rep, 1, curr_step, 15, track_size, 72, robot_vel, 0.05, joints_pos, 21.87, 54.08, -23.37, -73.56, 20.56, 53.15, 44.97, tool_torque, 0.743, -0.46, 0.2, joint_torque, -4.34, 14.15, -0.87, -7.4, -1.08, 0.02, 0.2, robot_mode, impedance, 
03/06/2022 17:47:09:215, robot_pos, 1654274704435, 641.92, 86.32, 230.19, 2.29, 0.07, 3.12, circuit_pos, 639.11, 93.63, 231.45, 2.29, 0.06, 3.11, tool_force, -2.79, -3.62, 21.97, actual_rep, 1, curr_step, 15, track_size, 72, robot_vel, 0.05, joints_pos, 21.87, 54.08, -23.37, -73.56, 20.56, 53.15, 44.97, tool_torque, 0.75, -0.466, 0.203, joint_torque, -4.34, 14.16, -0.88, -7.41, -1.09, 0.03, 0.2, robot_mode, impedance, 
03/06/2022 17:47:09:364, robot_pos, 1654274704585, 641.91, 86.3, 230.17, 2.29, 0.07, 3.12, circuit_pos, 639.11, 93.63, 231.45, 2.29, 0.06, 3.11, tool_force, -2.77, -3.54, 22.07, actual_rep, 1, curr_step, 15, track_size, 72, robot_vel, 0.15, joints_pos, 21.87, 54.08, -23.37, -73.56, 20.56, 53.15, 44.97, tool_torque, 0.763, -0.465, 0.205, joint_torque, -4.31, 14.2, -0.85, -7.42, -1.09, 0.03, 0.21, robot_mode, impedance, 
03/06/2022 17:47:09:515, robot_pos, 1654274704736, 641.9, 86.27, 230.16, 2.29, 0.07, 3.12, circuit_pos, 639.11, 93.63, 231.45, 2.29, 0.06, 3.11, tool_force, -2.82, -3.48, 22.01, actual_rep, 1, curr_step, 15, track_size, 72, robot_vel, 0.26, joints_pos, 21.87, 54.08, -23.37, -73.56, 20.56, 53.15, 44.97, tool_torque, 0.77, -0.46, 0.21, joint_torque, -4.32, 14.19, -0.86, -7.38, -1.09, 0.03, 0.21, robot_mode, impedance, 
03/06/2022 17:47:09:666, robot_pos, 1654274704883, 641.9, 86.26, 230.16, 2.29, 0.07, 3.12, circuit_pos, 639.11, 93.63, 231.45, 2.29, 0.06, 3.11, tool_force, -2.78, -3.69, 22.0, actual_rep, 1, curr_step, 15, track_size, 72, robot_vel, 0.08, joints_pos, 21.87, 54.08, -23.37, -73.56, 20.56, 53.15, 44.97, tool_torque, 0.762, -0.468, 0.21, joint_torque, -4.39, 14.22, -0.9, -7.48, -1.11, 0.04, 0.21, robot_mode, impedance, 
03/06/2022 17:47:09:814, robot_pos, 1654274705033, 641.91, 86.2, 230.17, 2.29, 0.07, 3.12, circuit_pos, 639.11, 93.63, 231.45, 2.29, 0.06, 3.11, tool_force, -2.75, -3.61, 21.96, actual_rep, 1, curr_step, 15, track_size, 72, robot_vel, 0.46, joints_pos, 21.86, 54.08, -23.38, -73.56, 20.56, 53.15, 44.97, tool_torque, 0.769, -0.477, 0.219, joint_torque, -4.35, 14.17, -0.89, -7.42, -1.1, 0.03, 0.22, robot_mode, impedance, 
03/06/2022 17:47:09:966, robot_pos, 1654274705181, 641.92, 86.21, 230.17, 2.29, 0.07, 3.12, circuit_pos, 639.11, 93.63, 231.45, 2.29, 0.06, 3.11, tool_force, -2.75, -3.39, 22.04, actual_rep, 1, curr_step, 15, track_size, 72, robot_vel, 0.04, joints_pos, 21.87, 54.08, -23.38, -73.56, 20.56, 53.15, 44.97, tool_torque, 0.78, -0.484, 0.229, joint_torque, -4.27, 14.22, -0.86, -7.38, -1.07, 0.02, 0.22, robot_mode, impedance, 
03/06/2022 17:47:10:118, robot_pos, 1654274705331, 641.92, 86.23, 230.15, 2.29, 0.07, 3.12, circuit_pos, 639.11, 93.63, 231.45, 2.29, 0.06, 3.11, tool_force, -2.79, -3.41, 22.17, actual_rep, 1, curr_step, 15, track_size, 72, robot_vel, 0.16, joints_pos, 21.87, 54.08, -23.38, -73.56, 20.57, 53.15, 44.97, tool_torque, 0.778, -0.465, 0.222, joint_torque, -4.31, 14.3, -0.84, -7.43, -1.08, 0.03, 0.22, robot_mode, impedance, 
03/06/2022 17:47:10:272, robot_pos, 1654274705482, 641.91, 86.32, 230.11, 2.29, 0.07, 3.12, circuit_pos, 639.11, 93.63, 231.45, 2.29, 0.06, 3.11, tool_force, -2.77, -3.36, 22.28, actual_rep, 1, curr_step, 15, track_size, 72, robot_vel, 0.69, joints_pos, 21.87, 54.09, -23.37, -73.56, 20.57, 53.15, 44.97, tool_torque, 0.765, -0.446, 0.213, joint_torque, -4.26, 14.35, -0.77, -7.44, -1.06, 0.03, 0.21, robot_mode, impedance, 
03/06/2022 17:47:10:423, robot_pos, 1654274705633, 641.94, 86.38, 230.08, 2.29, 0.07, 3.12, circuit_pos, 639.11, 93.63, 231.45, 2.29, 0.06, 3.11, tool_force, -2.74, -3.38, 22.26, actual_rep, 1, curr_step, 15, track_size, 72, robot_vel, 0.64, joints_pos, 21.87, 54.09, -23.37, -73.55, 20.58, 53.15, 44.97, tool_torque, 0.744, -0.45, 0.21, joint_torque, -4.24, 14.29, -0.77, -7.41, -1.05, 0.01, 0.21, robot_mode, impedance, 
03/06/2022 17:47:10:571, robot_pos, 1654274705782, 642.11, 86.72, 230.14, 2.29, 0.07, 3.12, circuit_pos, 639.11, 93.63, 231.45, 2.29, 0.06, 3.11, tool_force, -2.44, -2.86, 22.07, actual_rep, 1, curr_step, 15, track_size, 72, robot_vel, 1.63, joints_pos, 21.88, 54.1, -23.35, -73.52, 20.61, 53.13, 44.97, tool_torque, 0.708, -0.469, 0.215, joint_torque, -3.88, 14.12, -0.56, -7.18, -0.97, -0.04, 0.21, robot_mode, impedance, 
03/06/2022 17:47:10:729, robot_pos, 1654274705930, 642.13, 86.8, 230.13, 2.29, 0.07, 3.12, circuit_pos, 639.11, 93.63, 231.45, 2.29, 0.06, 3.11, tool_force, -2.74, -3.34, 21.99, actual_rep, 1, curr_step, 15, track_size, 72, robot_vel, 1.02, joints_pos, 21.89, 54.1, -23.36, -73.52, 20.61, 53.13, 44.97, tool_torque, 0.659, -0.447, 0.185, joint_torque, -4.19, 14.07, -0.72, -7.25, -1.03, -0.05, 0.19, robot_mode, impedance, 
03/06/2022 17:47:10:876, robot_pos, 1654274706080, 641.95, 86.56, 230.19, 2.29, 0.07, 3.12, circuit_pos, 639.11, 93.63, 231.45, 2.29, 0.06, 3.11, tool_force, -2.29, -4.62, 20.45, actual_rep, 1, curr_step, 15, track_size, 72, robot_vel, 1.42, joints_pos, 21.89, 54.1, -23.38, -73.53, 20.61, 53.22, 44.97, tool_torque, 0.697, -0.383, 0.171, joint_torque, -4.39, 13.25, -0.95, -7.4, -1.12, 0.21, 0.2, robot_mode, impedance, 
03/06/2022 17:47:11:027, robot_pos, 1654274706228, 641.77, 87.04, 232.3, 2.29, 0.06, 3.12, circuit_pos, 639.11, 93.63, 231.45, 2.29, 0.06, 3.11, tool_force, -0.87, -3.96, 13.95, actual_rep, 1, curr_step, 15, track_size, 72, robot_vel, 19.66, joints_pos, 21.9, 53.89, -23.35, -73.53, 20.6, 53.44, 44.95, tool_torque, 0.493, -0.203, 0.149, joint_torque, -3.14, 9.07, -0.74, -5.23, -0.74, 0.24, 0.16, robot_mode, impedance, 
03/06/2022 17:47:11:176, robot_pos, 1654274706378, 641.06, 88.32, 233.83, 2.29, 0.06, 3.11, circuit_pos, 639.11, 93.63, 231.45, 2.29, 0.06, 3.11, tool_force, -0.62, -2.38, 11.97, actual_rep, 1, curr_step, 15, track_size, 72, robot_vel, 11.07, joints_pos, 21.97, 53.68, -23.27, -73.65, 20.61, 53.5, 44.97, tool_torque, 0.493, -0.0040, 0.135, joint_torque, -2.31, 7.75, -0.35, -4.23, -0.46, 0.27, 0.11, robot_mode, impedance, 
03/06/2022 17:47:11:329, robot_pos, 1654274706530, 641.22, 88.54, 235.33, 2.29, 0.06, 3.11, circuit_pos, 639.9, 73.1, 241.27, 2.3, 0.05, 3.11, tool_force, 0.74, -0.74, 10.9, actual_rep, 1, curr_step, 17, track_size, 72, robot_vel, 10.1, joints_pos, 21.98, 53.53, -23.3, -73.66, 20.66, 53.5, 44.95, tool_torque, 0.303, 0.055, 0.141, joint_torque, -1.04, 7.0, 0.63, -3.35, -0.12, 0.09, 0.17, robot_mode, impedance, 
03/06/2022 17:47:11:478, robot_pos, 1654274706676, 641.6, 85.0, 238.8, 2.29, 0.06, 3.11, circuit_pos, 639.9, 73.1, 241.27, 2.3, 0.05, 3.11, tool_force, 1.74, -0.2, 9.11, actual_rep, 1, curr_step, 17, track_size, 72, robot_vel, 36.53, joints_pos, 21.7, 53.23, -23.41, -73.67, 20.8, 53.84, 44.31, tool_torque, 0.13, -0.148, 0.258, joint_torque, -0.59, 5.65, 0.71, -2.67, -0.07, -0.1, 0.3, robot_mode, impedance, 
03/06/2022 17:47:11:657, robot_pos, 1654274706828, 641.9, 79.48, 241.29, 2.29, 0.06, 3.11, circuit_pos, 639.9, 73.1, 241.27, 2.3, 0.05, 3.11, tool_force, 1.29, 0.17, 10.43, actual_rep, 1, curr_step, 17, track_size, 72, robot_vel, 42.55, joints_pos, 21.21, 52.97, -23.42, -73.73, 20.83, 54.04, 43.55, tool_torque, 0.159, -0.231, 0.285, joint_torque, -0.47, 6.76, 0.86, -3.02, -0.02, -0.2, 0.29, robot_mode, impedance, 
03/06/2022 17:47:11:781, robot_pos, 1654274706977, 642.02, 73.74, 243.37, 2.3, 0.06, 3.11, circuit_pos, 640.23, 63.76, 247.4, 2.31, 0.05, 3.11, tool_force, 0.88, -0.35, 13.61, actual_rep, 1, curr_step, 18, track_size, 72, robot_vel, 40.11, joints_pos, 20.67, 52.74, -23.42, -73.79, 20.85, 54.33, 42.77, tool_torque, 0.323, -0.297, 0.309, joint_torque, -1.12, 8.7, 0.63, -4.09, -0.24, -0.15, 0.31, robot_mode, impedance, 
03/06/2022 17:47:11:930, robot_pos, 1654274707127, 641.7, 67.96, 245.93, 2.3, 0.05, 3.11, circuit_pos, 640.33, 55.03, 254.12, 2.31, 0.04, 3.11, tool_force, -1.14, -2.05, 13.19, actual_rep, 1, curr_step, 19, track_size, 72, robot_vel, 47.23, joints_pos, 20.09, 52.45, -23.33, -73.88, 20.91, 54.77, 41.83, tool_torque, -0.189, -0.03, 0.29, joint_torque, -3.14, 8.0, -0.33, -4.29, -0.23, -0.18, 0.35, robot_mode, normal, 
03/06/2022 17:47:12:081, robot_pos, 1654274707275, 640.94, 62.65, 249.37, 2.31, 0.05, 3.11, circuit_pos, 640.33, 55.03, 254.12, 2.31, 0.04, 3.11, tool_force, 1.14, 1.86, 14.98, actual_rep, 1, curr_step, 19, track_size, 72, robot_vel, 43.6, joints_pos, 19.56, 51.95, -23.25, -74.18, 21.12, 54.89, 40.93, tool_torque, 0.167, -0.361, 0.433, joint_torque, 0.06, 9.08, 1.43, -3.68, 0.21, -0.43, 0.38, robot_mode, normal, 
03/06/2022 17:47:12:236, robot_pos, 1654274707425, 640.73, 56.81, 253.28, 2.31, 0.04, 3.11, circuit_pos, 639.97, 47.04, 261.42, 2.32, 0.03, 3.11, tool_force, 0.72, 1.0, 17.11, actual_rep, 1, curr_step, 20, track_size, 72, robot_vel, 45.7, joints_pos, 19.02, 51.57, -23.25, -74.22, 21.13, 55.41, 40.14, tool_torque, 0.214, -0.459, 0.41, joint_torque, -0.16, 10.34, 1.41, -4.51, 0.04, -0.41, 0.35, robot_mode, normal, 
03/06/2022 17:47:12:383, robot_pos, 1654274707575, 640.62, 50.96, 258.21, 2.32, 0.04, 3.11, circuit_pos, 639.45, 39.58, 269.19, 2.33, 0.02, 3.11, tool_force, 0.85, 1.3, 17.52, actual_rep, 1, curr_step, 21, track_size, 72, robot_vel, 54.61, joints_pos, 18.44, 51.12, -23.23, -74.19, 21.13, 56.05, 39.35, tool_torque, 0.269, -0.478, 0.397, joint_torque, -0.31, 10.73, 1.27, -4.55, 0.02, -0.47, 0.33, robot_mode, normal, 
03/06/2022 17:47:12:530, robot_pos, 1654274707721, 640.45, 45.13, 263.64, 2.32, 0.03, 3.11, circuit_pos, 639.45, 39.58, 269.19, 2.33, 0.02, 3.11, tool_force, 0.37, 0.64, 18.24, actual_rep, 1, curr_step, 21, track_size, 72, robot_vel, 62.5, joints_pos, 17.86, 50.65, -23.23, -74.11, 21.12, 56.86, 38.51, tool_torque, 0.212, -0.588, 0.428, joint_torque, -0.65, 11.09, 1.08, -4.9, -0.1, -0.6, 0.37, robot_mode, normal, 
03/06/2022 17:47:12:685, robot_pos, 1654274707871, 640.15, 39.76, 269.26, 2.33, 0.03, 3.11, circuit_pos, 638.79, 32.39, 277.25, 2.33, 0.02, 3.11, tool_force, 0.18, 1.89, 19.16, actual_rep, 1, curr_step, 22, track_size, 72, robot_vel, 52.32, joints_pos, 17.32, 50.17, -23.2, -74.02, 21.02, 57.66, 37.81, tool_torque, 0.131, -0.597, 0.46, joint_torque, -0.11, 11.41, 1.42, -4.75, 0.11, -0.75, 0.38, robot_mode, normal, 
03/06/2022 17:47:12:841, robot_pos, 1654274708021, 639.87, 34.51, 274.89, 2.33, 0.02, 3.11, circuit_pos, 638.08, 25.69, 285.47, 2.34, 0.01, 3.12, tool_force, -0.57, 1.8, 19.73, actual_rep, 1, curr_step, 23, track_size, 72, robot_vel, 49.09, joints_pos, 16.79, 49.7, -23.18, -73.9, 20.91, 58.49, 37.12, tool_torque, -0.028, -0.608, 0.492, joint_torque, -0.41, 11.74, 1.38, -4.85, 0.17, -0.91, 0.42, robot_mode, normal, 
03/06/2022 17:47:12:993, robot_pos, 1654274708171, 639.45, 29.71, 280.73, 2.33, 0.01, 3.11, circuit_pos, 638.08, 25.69, 285.47, 2.34, 0.01, 3.12, tool_force, -0.4, 2.63, 19.88, actual_rep, 1, curr_step, 23, track_size, 72, robot_vel, 49.54, joints_pos, 16.3, 49.21, -23.18, -73.77, 20.77, 59.35, 36.49, tool_torque, 0.0030, -0.582, 0.484, joint_torque, 0.02, 12.02, 1.72, -4.85, 0.23, -0.95, 0.42, robot_mode, normal, 
03/06/2022 17:47:13:142, robot_pos, 1654274708323, 638.89, 24.81, 286.39, 2.34, 0.01, 3.12, circuit_pos, 637.15, 19.42, 293.55, 2.35, 0.0, 3.12, tool_force, -1.28, 1.98, 20.98, actual_rep, 1, curr_step, 24, track_size, 72, robot_vel, 50.93, joints_pos, 15.85, 48.76, -23.17, -73.67, 20.61, 60.14, 35.91, tool_torque, 0.068, -0.688, 0.495, joint_torque, -0.54, 12.59, 1.3, -5.29, 0.02, -1.0, 0.41, robot_mode, normal, 
03/06/2022 17:47:13:288, robot_pos, 1654274708470, 638.26, 20.31, 291.82, 2.34, 0.01, 3.12, circuit_pos, 636.08, 13.27, 301.52, 2.35, 0.0, 3.12, tool_force, -1.38, 1.83, 22.4, actual_rep, 1, curr_step, 25, track_size, 72, robot_vel, 50.28, joints_pos, 15.42, 48.31, -23.17, -73.56, 20.46, 60.96, 35.37, tool_torque, 0.146, -0.693, 0.495, joint_torque, -0.64, 13.62, 1.4, -5.9, -0.06, -0.99, 0.43, robot_mode, normal, 
