10/05/2022 14:13:45: File Created!
10/05/2022 14:13:45:103, robot_pos, 1652188316111, 613.6, 281.22, 199.46, 2.36, -0.04, 3.07, circuit_pos, 614.15, 276.57, 203.47, 2.36, -0.03, 3.07, tool_force, -4.9, 2.57, 15.69, actual_rep, 1, curr_step, 1, track_size, 99, robot_vel, 2.62, joints_pos, 33.42, 59.14, -17.33, -66.74, 22.65, 54.15, 56.43, tool_torque, -0.823, 1.818, 0.107, joint_torque, -1.92, 9.4, 1.59, -3.48, 1.43, -0.29, 0.08, robot_mode, normal, 
10/05/2022 14:13:45:200, robot_pos, 1652188316237, 613.61, 281.25, 199.46, 2.36, -0.04, 3.07, circuit_pos, 614.15, 276.57, 203.47, 2.36, -0.03, 3.07, tool_force, -5.8, 2.3, 19.82, actual_rep, 1, curr_step, 1, track_size, 99, robot_vel, 2.62, joints_pos, 33.42, 59.15, -17.33, -66.74, 22.66, 54.14, 56.43, tool_torque, -0.704, 1.948, 0.11, joint_torque, -2.34, 10.73, 1.39, -4.18, 1.38, -0.24, 0.09, robot_mode, normal, 
10/05/2022 14:13:45:345, robot_pos, 1652188316386, 614.61, 279.44, 197.97, 2.36, -0.04, 3.07, circuit_pos, 615.8, 269.32, 202.82, 2.35, -0.02, 3.08, tool_force, -4.22, 4.25, 16.29, actual_rep, 1, curr_step, 2, track_size, 99, robot_vel, 15.52, joints_pos, 33.15, 59.28, -17.22, -66.67, 22.7, 54.11, 56.19, tool_torque, -0.668, 1.484, 0.327, joint_torque, -0.09, 9.59, 2.56, -3.38, 1.64, -0.28, 0.27, robot_mode, normal, 
10/05/2022 14:13:45:492, robot_pos, 1652188316532, 615.48, 273.74, 199.0, 2.35, -0.03, 3.07, circuit_pos, 615.8, 269.32, 202.82, 2.35, -0.02, 3.08, tool_force, -0.77, 2.8, 15.47, actual_rep, 1, curr_step, 2, track_size, 99, robot_vel, 46.79, joints_pos, 32.92, 59.06, -17.47, -67.02, 22.41, 54.09, 56.21, tool_torque, -0.855, 1.977, 0.207, joint_torque, 0.62, 9.57, 3.55, -3.57, 1.98, 0.02, 0.17, robot_mode, normal, 
10/05/2022 14:13:45:647, robot_pos, 1652188316683, 616.35, 268.22, 198.92, 2.35, -0.03, 3.08, circuit_pos, 617.23, 260.65, 201.8, 2.34, -0.01, 3.09, tool_force, 0.07, 3.8, 17.18, actual_rep, 1, curr_step, 3, track_size, 99, robot_vel, 37.62, joints_pos, 32.68, 58.98, -17.65, -67.25, 22.02, 54.13, 56.36, tool_torque, -0.989, 2.146, 0.031, joint_torque, 1.72, 10.07, 4.51, -3.54, 2.25, -0.02, -0.02, robot_mode, normal, 
10/05/2022 14:13:45:797, robot_pos, 1652188316831, 617.4, 262.52, 198.27, 2.34, -0.02, 3.09, circuit_pos, 618.61, 250.37, 200.73, 2.34, -0.01, 3.1, tool_force, 0.26, 3.97, 18.13, actual_rep, 1, curr_step, 4, track_size, 99, robot_vel, 38.92, joints_pos, 32.35, 58.94, -17.74, -67.46, 21.55, 54.12, 56.51, tool_torque, -1.001, 2.204, 0.044, joint_torque, 1.87, 10.65, 4.78, -3.86, 2.32, 0.01, 0.0, robot_mode, normal, 
10/05/2022 14:13:45:951, robot_pos, 1652188316982, 618.28, 256.73, 197.54, 2.34, -0.02, 3.09, circuit_pos, 618.61, 250.37, 200.73, 2.34, -0.01, 3.1, tool_force, 0.43, 4.26, 18.81, actual_rep, 1, curr_step, 4, track_size, 99, robot_vel, 39.08, joints_pos, 31.89, 58.89, -17.68, -67.67, 21.25, 54.18, 56.27, tool_torque, -1.001, 2.009, 0.275, joint_torque, 1.7, 11.19, 4.6, -4.03, 2.36, -0.12, 0.22, robot_mode, normal, 
10/05/2022 14:13:46:102, robot_pos, 1652188317130, 619.17, 250.87, 197.12, 2.34, -0.02, 3.1, circuit_pos, 619.55, 239.35, 199.74, 2.33, 0.0, 3.1, tool_force, -0.26, 4.92, 18.48, actual_rep, 1, curr_step, 5, track_size, 99, robot_vel, 46.66, joints_pos, 31.45, 58.81, -17.64, -67.91, 20.94, 54.18, 56.15, tool_torque, -0.829, 1.999, 0.287, joint_torque, 1.08, 10.79, 4.01, -3.85, 2.23, -0.08, 0.22, robot_mode, normal, 
10/05/2022 14:13:46:253, robot_pos, 1652188317278, 619.79, 244.99, 196.6, 2.33, -0.01, 3.1, circuit_pos, 619.55, 239.35, 199.74, 2.33, 0.0, 3.1, tool_force, -0.86, 4.74, 17.73, actual_rep, 1, curr_step, 5, track_size, 99, robot_vel, 40.11, joints_pos, 31.06, 58.64, -17.65, -68.35, 20.65, 53.83, 56.04, tool_torque, -0.7, 1.999, 0.276, joint_torque, 0.65, 10.74, 3.67, -3.9, 2.14, 0.02, 0.2, robot_mode, normal, 
10/05/2022 14:13:46:401, robot_pos, 1652188317427, 620.13, 239.02, 196.22, 2.33, -0.01, 3.1, circuit_pos, 619.98, 227.9, 199.03, 2.32, 0.0, 3.11, tool_force, -1.59, 4.2, 18.1, actual_rep, 1, curr_step, 6, track_size, 99, robot_vel, 40.8, joints_pos, 30.67, 58.48, -17.66, -68.74, 20.46, 53.68, 55.92, tool_torque, -0.741, 2.065, 0.273, joint_torque, 0.14, 10.74, 3.43, -3.99, 2.1, 0.02, 0.21, robot_mode, normal, 
10/05/2022 14:13:46:555, robot_pos, 1652188317579, 620.55, 233.1, 195.78, 2.32, -0.01, 3.1, circuit_pos, 619.98, 227.9, 199.03, 2.32, 0.0, 3.11, tool_force, -2.25, 4.46, 18.65, actual_rep, 1, curr_step, 6, track_size, 99, robot_vel, 41.64, joints_pos, 30.24, 58.37, -17.66, -69.05, 20.27, 53.68, 55.81, tool_torque, -0.757, 2.145, 0.229, joint_torque, -0.14, 11.12, 3.36, -3.97, 2.07, -0.04, 0.17, robot_mode, normal, 
10/05/2022 14:13:46:701, robot_pos, 1652188317726, 620.9, 227.18, 195.46, 2.32, -0.01, 3.11, circuit_pos, 619.92, 216.18, 198.76, 2.31, 0.0, 3.12, tool_force, -3.01, 4.22, 18.08, actual_rep, 1, curr_step, 7, track_size, 99, robot_vel, 41.87, joints_pos, 29.82, 58.24, -17.66, -69.38, 20.07, 53.68, 55.67, tool_torque, -0.722, 1.931, 0.207, joint_torque, -0.67, 10.63, 2.74, -3.87, 1.87, -0.13, 0.14, robot_mode, normal, 
10/05/2022 14:13:46:854, robot_pos, 1652188317876, 620.92, 221.17, 195.42, 2.31, -0.01, 3.11, circuit_pos, 619.92, 216.18, 198.76, 2.31, 0.0, 3.12, tool_force, -3.55, 3.81, 17.86, actual_rep, 1, curr_step, 7, track_size, 99, robot_vel, 39.05, joints_pos, 29.4, 58.06, -17.66, -69.75, 19.87, 53.7, 55.56, tool_torque, -0.79, 1.933, 0.201, joint_torque, -1.22, 10.41, 2.35, -3.82, 1.77, -0.19, 0.15, robot_mode, normal, 
10/05/2022 14:13:47:004, robot_pos, 1652188318028, 620.86, 215.25, 195.45, 2.31, 0.0, 3.12, circuit_pos, 619.33, 204.63, 198.88, 2.3, 0.01, 3.13, tool_force, -4.28, 3.12, 17.01, actual_rep, 1, curr_step, 8, track_size, 99, robot_vel, 40.36, joints_pos, 29.02, 57.88, -17.67, -70.12, 19.52, 53.7, 55.53, tool_torque, -0.805, 1.97, 0.13, joint_torque, -1.64, 10.44, 2.04, -3.85, 1.7, -0.19, 0.06, robot_mode, normal, 
10/05/2022 14:13:47:155, robot_pos, 1652188318178, 620.6, 209.35, 195.42, 2.3, 0.0, 3.12, circuit_pos, 619.33, 204.63, 198.88, 2.3, 0.01, 3.13, tool_force, -4.73, 2.73, 16.73, actual_rep, 1, curr_step, 8, track_size, 99, robot_vel, 41.98, joints_pos, 28.67, 57.67, -17.71, -70.58, 19.17, 53.57, 55.54, tool_torque, -0.822, 2.161, 0.036, joint_torque, -1.96, 9.88, 1.95, -3.78, 1.68, -0.08, -0.01, robot_mode, normal, 
10/05/2022 14:13:47:308, robot_pos, 1652188318327, 619.99, 203.83, 195.43, 2.3, 0.0, 3.13, circuit_pos, 618.07, 193.54, 199.34, 2.3, 0.0, 3.14, tool_force, -3.22, 3.12, 18.03, actual_rep, 1, curr_step, 9, track_size, 99, robot_vel, 40.14, joints_pos, 28.28, 57.45, -17.66, -71.01, 18.94, 53.61, 55.34, tool_torque, -0.85, 1.97, 0.262, joint_torque, -1.13, 10.12, 2.44, -3.97, 1.86, -0.1, 0.21, robot_mode, normal, 
10/05/2022 14:13:47:457, robot_pos, 1652188318477, 619.39, 198.21, 195.55, 2.3, 0.0, 3.13, circuit_pos, 618.07, 193.54, 199.34, 2.3, 0.0, 3.14, tool_force, -1.4, 3.37, 17.82, actual_rep, 1, curr_step, 9, track_size, 99, robot_vel, 42.01, joints_pos, 27.83, 57.25, -17.61, -71.4, 18.9, 53.74, 54.94, tool_torque, -0.875, 1.711, 0.298, joint_torque, 0.02, 10.65, 3.06, -4.16, 2.0, -0.15, 0.19, robot_mode, normal, 
10/05/2022 14:13:47:621, robot_pos, 1652188318629, 618.66, 192.45, 195.79, 2.3, -0.01, 3.14, circuit_pos, 616.29, 182.76, 200.06, 2.3, 0.0, -3.14, tool_force, -1.8, 3.69, 17.99, actual_rep, 1, curr_step, 10, track_size, 99, robot_vel, 40.4, joints_pos, 27.38, 56.98, -17.61, -71.91, 18.85, 53.78, 54.42, tool_torque, -0.866, 1.92, 0.276, joint_torque, -0.17, 10.56, 3.11, -4.07, 2.05, -0.05, 0.2, robot_mode, normal, 
10/05/2022 14:13:47:762, robot_pos, 1652188318777, 617.77, 186.63, 196.19, 2.3, -0.01, 3.14, circuit_pos, 613.82, 173.02, 200.94, 2.3, 0.0, -3.13, tool_force, -1.8, 3.54, 17.37, actual_rep, 1, curr_step, 11, track_size, 99, robot_vel, 39.01, joints_pos, 27.03, 56.71, -17.63, -72.41, 18.79, 53.68, 53.99, tool_torque, -0.712, 2.01, 0.269, joint_torque, -0.12, 10.26, 3.12, -3.99, 2.02, 0.1, 0.19, robot_mode, normal, 
10/05/2022 14:13:47:912, robot_pos, 1652188318926, 616.52, 180.89, 196.59, 2.3, -0.01, -3.14, circuit_pos, 613.82, 173.02, 200.94, 2.3, 0.0, -3.13, tool_force, -1.79, 3.94, 18.48, actual_rep, 1, curr_step, 11, track_size, 99, robot_vel, 38.92, joints_pos, 26.66, 56.4, -17.63, -72.96, 18.63, 53.68, 53.58, tool_torque, -0.777, 2.159, 0.215, joint_torque, -0.08, 10.38, 3.37, -3.97, 2.1, 0.11, 0.16, robot_mode, normal, 
10/05/2022 14:13:48:060, robot_pos, 1652188319076, 615.24, 175.19, 197.28, 2.3, -0.01, -3.13, circuit_pos, 610.26, 162.17, 202.23, 2.31, -0.01, -3.13, tool_force, -0.77, 4.02, 15.66, actual_rep, 1, curr_step, 12, track_size, 99, robot_vel, 39.99, joints_pos, 26.31, 56.08, -17.64, -73.51, 18.38, 53.68, 53.2, tool_torque, -0.705, 1.938, 0.251, joint_torque, 0.15, 8.85, 3.12, -3.27, 1.93, 0.11, 0.21, robot_mode, normal, 
10/05/2022 14:13:48:212, robot_pos, 1652188319227, 613.36, 169.47, 200.03, 2.3, -0.01, -3.13, circuit_pos, 610.26, 162.17, 202.23, 2.31, -0.01, -3.13, tool_force, 0.74, 3.54, 4.47, actual_rep, 1, curr_step, 12, track_size, 99, robot_vel, 41.09, joints_pos, 25.95, 55.48, -17.65, -74.24, 18.25, 53.73, 52.5, tool_torque, -0.324, 0.844, 0.319, joint_torque, 0.88, 1.97, 1.57, -0.07, 1.17, -0.02, 0.27, robot_mode, normal, 
10/05/2022 14:13:48:361, robot_pos, 1652188319375, 611.28, 163.8, 202.18, 2.31, -0.01, -3.13, circuit_pos, 606.79, 153.9, 203.36, 2.32, -0.02, -3.13, tool_force, 1.6, 4.04, -3.43, actual_rep, 1, curr_step, 13, track_size, 99, robot_vel, 43.55, joints_pos, 25.57, 54.92, -17.63, -75.0, 18.22, 53.72, 51.66, tool_torque, 0.136, 0.198, 0.374, joint_torque, 1.31, -2.53, 0.61, 2.07, 0.68, -0.05, 0.32, robot_mode, normal, 
10/05/2022 14:13:48:511, robot_pos, 1652188319525, 608.73, 158.15, 204.11, 2.31, -0.02, -3.13, circuit_pos, 603.97, 146.3, 204.51, 2.33, -0.02, -3.13, tool_force, 2.63, 3.59, -8.35, actual_rep, 1, curr_step, 14, track_size, 99, robot_vel, 44.28, joints_pos, 25.18, 54.34, -17.62, -75.81, 18.33, 53.69, 50.67, tool_torque, 0.326, -0.185, 0.446, joint_torque, 1.72, -5.24, 0.19, 3.07, 0.44, 0.05, 0.4, robot_mode, normal, 
10/05/2022 14:13:48:660, robot_pos, 1652188319676, 606.61, 152.26, 205.32, 2.32, -0.02, -3.13, circuit_pos, 603.97, 146.3, 204.51, 2.33, -0.02, -3.13, tool_force, 0.92, 3.37, -9.25, actual_rep, 1, curr_step, 14, track_size, 99, robot_vel, 43.73, joints_pos, 24.79, 53.85, -17.63, -76.6, 18.36, 53.49, 49.66, tool_torque, 0.422, -0.07, 0.406, joint_torque, 0.89, -5.6, -0.39, 3.33, 0.24, 0.07, 0.39, robot_mode, normal, 
10/05/2022 14:13:48:860, robot_pos, 1652188319825, 604.45, 145.38, 206.38, 2.33, -0.02, -3.13, circuit_pos, 597.41, 132.91, 205.91, 2.34, -0.01, 3.14, tool_force, -0.02, 2.7, -9.89, actual_rep, 1, curr_step, 16, track_size, 99, robot_vel, 44.02, joints_pos, 24.32, 53.25, -17.63, -77.61, 18.55, 52.97, 48.3, tool_torque, 0.538, -0.172, 0.4, joint_torque, 0.12, -5.99, -1.16, 3.46, 0.04, 0.06, 0.37, robot_mode, normal, 
10/05/2022 14:13:48:967, robot_pos, 1652188319975, 601.89, 140.31, 207.0, 2.33, -0.02, -3.14, circuit_pos, 597.41, 132.91, 205.91, 2.34, -0.01, 3.14, tool_force, -0.09, 2.62, -10.63, actual_rep, 1, curr_step, 16, track_size, 99, robot_vel, 51.35, joints_pos, 24.01, 52.75, -17.64, -78.51, 18.69, 52.35, 47.46, tool_torque, 0.615, -0.171, 0.426, joint_torque, 0.48, -6.51, -1.0, 3.76, 0.08, 0.09, 0.4, robot_mode, normal, 
10/05/2022 14:13:49:116, robot_pos, 1652188320125, 598.56, 134.61, 207.61, 2.34, -0.01, -3.14, circuit_pos, 593.12, 127.86, 206.25, 2.35, -0.01, 3.13, tool_force, -0.52, 2.71, -10.65, actual_rep, 1, curr_step, 17, track_size, 99, robot_vel, 44.55, joints_pos, 23.8, 52.14, -17.72, -79.67, 18.6, 51.47, 46.71, tool_torque, 0.511, -0.01, 0.392, joint_torque, 0.2, -5.66, -0.96, 3.35, 0.11, 0.08, 0.37, robot_mode, normal, 
10/05/2022 14:13:49:268, robot_pos, 1652188320275, 593.83, 128.71, 208.02, 2.35, -0.01, 3.14, circuit_pos, 588.4, 123.46, 206.41, 2.35, -0.01, 3.13, tool_force, 0.26, 2.74, -10.85, actual_rep, 1, curr_step, 18, track_size, 99, robot_vel, 53.37, joints_pos, 23.47, 51.33, -17.68, -81.24, 18.89, 50.38, 45.48, tool_torque, 0.65, -0.261, 0.417, joint_torque, 0.43, -6.12, -1.07, 3.54, 0.06, 0.04, 0.37, robot_mode, normal, 
10/05/2022 14:13:49:419, robot_pos, 1652188320425, 587.91, 123.42, 208.44, 2.35, -0.01, 3.13, circuit_pos, 582.86, 118.76, 206.76, 2.35, -0.02, 3.13, tool_force, 0.47, 2.19, -10.93, actual_rep, 1, curr_step, 19, track_size, 99, robot_vel, 54.68, joints_pos, 23.22, 50.55, -17.65, -82.73, 19.07, 49.64, 44.63, tool_torque, 0.644, -0.327, 0.429, joint_torque, 0.59, -6.35, -1.09, 3.59, 0.06, 0.05, 0.36, robot_mode, normal, 
10/05/2022 14:13:49:569, robot_pos, 1652188320577, 582.4, 118.4, 208.84, 2.35, -0.02, 3.13, circuit_pos, 577.4, 114.29, 207.37, 2.35, -0.02, 3.12, tool_force, -0.67, 2.72, -10.64, actual_rep, 1, curr_step, 20, track_size, 99, robot_vel, 57.86, joints_pos, 22.91, 49.83, -17.62, -84.11, 19.57, 49.06, 43.69, tool_torque, 0.653, -0.197, 0.406, joint_torque, 0.26, -5.99, -1.16, 3.63, 0.04, 0.07, 0.35, robot_mode, normal, 
10/05/2022 14:13:49:723, robot_pos, 1652188320727, 576.38, 113.73, 209.61, 2.35, -0.02, 3.12, circuit_pos, 572.02, 110.24, 208.21, 2.35, -0.02, 3.12, tool_force, 0.34, 2.65, -11.11, actual_rep, 1, curr_step, 21, track_size, 99, robot_vel, 56.96, joints_pos, 22.71, 48.98, -17.63, -85.68, 19.9, 48.22, 42.86, tool_torque, 0.633, -0.26, 0.399, joint_torque, 0.42, -5.98, -1.08, 3.42, 0.07, 0.06, 0.34, robot_mode, normal, 
10/05/2022 14:13:49:871, robot_pos, 1652188320876, 570.62, 109.7, 210.52, 2.35, -0.02, 3.12, circuit_pos, 561.73, 103.94, 210.6, 2.35, -0.01, 3.12, tool_force, 0.12, 3.08, -10.74, actual_rep, 1, curr_step, 23, track_size, 99, robot_vel, 54.84, joints_pos, 22.59, 48.23, -17.65, -87.0, 19.95, 47.63, 42.37, tool_torque, 0.637, -0.25, 0.39, joint_torque, 0.6, -5.59, -0.83, 3.54, 0.08, 0.04, 0.34, robot_mode, normal, 
10/05/2022 14:13:50:042, robot_pos, 1652188321041, 564.4, 105.68, 211.83, 2.35, -0.01, 3.12, circuit_pos, 556.83, 101.58, 211.93, 2.35, -0.01, 3.11, tool_force, -0.71, 2.54, -9.9, actual_rep, 1, curr_step, 24, track_size, 99, robot_vel, 46.55, joints_pos, 22.59, 47.33, -17.73, -88.57, 19.74, 46.65, 42.09, tool_torque, 0.393, 0.083, 0.307, joint_torque, 0.01, -5.8, -0.91, 3.59, 0.15, 0.03, 0.32, robot_mode, normal, 
10/05/2022 14:13:50:171, robot_pos, 1652188321177, 559.04, 103.27, 213.35, 2.35, -0.01, 3.12, circuit_pos, 547.94, 99.45, 214.4, 2.35, -0.02, 3.11, tool_force, -0.36, 2.58, -10.72, actual_rep, 1, curr_step, 26, track_size, 99, robot_vel, 53.67, joints_pos, 22.57, 46.52, -17.69, -89.88, 19.77, 45.8, 41.77, tool_torque, 0.577, -0.067, 0.378, joint_torque, 0.03, -5.28, -1.07, 3.18, 0.1, 0.06, 0.35, robot_mode, normal, 
10/05/2022 14:13:50:323, robot_pos, 1652188321328, 553.19, 101.4, 214.96, 2.35, -0.01, 3.11, circuit_pos, 547.94, 99.45, 214.4, 2.35, -0.02, 3.11, tool_force, 0.56, 2.85, -10.86, actual_rep, 1, curr_step, 26, track_size, 99, robot_vel, 40.56, joints_pos, 22.51, 45.72, -17.62, -91.11, 19.98, 45.43, 41.34, tool_torque, 0.726, -0.355, 0.42, joint_torque, 0.65, -5.85, -0.99, 3.48, 0.08, 0.05, 0.34, robot_mode, normal, 
10/05/2022 14:13:50:474, robot_pos, 1652188321477, 547.58, 100.36, 216.28, 2.35, -0.02, 3.11, circuit_pos, 541.87, 99.37, 215.93, 2.35, -0.02, 3.11, tool_force, -0.25, 2.92, -10.24, actual_rep, 1, curr_step, 27, track_size, 99, robot_vel, 37.51, joints_pos, 22.54, 45.03, -17.56, -92.2, 20.16, 45.1, 41.02, tool_torque, 0.629, -0.153, 0.372, joint_torque, 0.21, -5.25, -1.04, 3.27, 0.1, 0.06, 0.32, robot_mode, normal, 
10/05/2022 14:13:50:634, robot_pos, 1652188321630, 541.7, 100.38, 218.1, 2.35, -0.02, 3.11, circuit_pos, 529.43, 102.52, 220.2, 2.35, -0.04, 3.11, tool_force, -0.87, 2.7, -11.06, actual_rep, 1, curr_step, 30, track_size, 99, robot_vel, 43.03, joints_pos, 22.64, 44.28, -17.48, -93.28, 20.27, 44.93, 40.87, tool_torque, 0.518, -0.02, 0.332, joint_torque, -0.04, -5.43, -1.02, 3.26, 0.09, 0.06, 0.33, robot_mode, normal, 
10/05/2022 14:13:50:771, robot_pos, 1652188321777, 536.16, 101.73, 220.04, 2.35, -0.03, 3.11, circuit_pos, 523.37, 106.24, 223.12, 2.35, -0.04, 3.1, tool_force, -0.93, 2.58, -10.01, actual_rep, 1, curr_step, 32, track_size, 99, robot_vel, 40.44, joints_pos, 22.74, 43.56, -17.27, -94.24, 20.5, 44.84, 40.76, tool_torque, 0.495, 0.118, 0.295, joint_torque, -0.21, -5.63, -1.03, 3.6, 0.1, 0.05, 0.32, robot_mode, normal, 
10/05/2022 14:13:50:924, robot_pos, 1652188321929, 530.18, 104.33, 222.49, 2.35, -0.04, 3.11, circuit_pos, 515.6, 113.29, 226.81, 2.36, -0.05, 3.1, tool_force, -0.94, 2.77, -10.01, actual_rep, 1, curr_step, 35, track_size, 99, robot_vel, 47.87, joints_pos, 22.95, 42.74, -17.02, -95.27, 20.72, 44.67, 40.63, tool_torque, 0.398, 0.117, 0.255, joint_torque, -0.14, -5.32, -0.87, 3.36, 0.12, 0.06, 0.28, robot_mode, normal, 
10/05/2022 14:13:51:077, robot_pos, 1652188322080, 524.36, 108.21, 224.81, 2.36, -0.04, 3.1, circuit_pos, 508.92, 119.92, 228.16, 2.37, -0.06, 3.1, tool_force, -1.68, 2.54, -9.53, actual_rep, 1, curr_step, 37, track_size, 99, robot_vel, 49.96, joints_pos, 23.39, 41.99, -16.86, -96.2, 20.8, 44.56, 40.63, tool_torque, 0.337, 0.253, 0.167, joint_torque, -0.38, -4.97, -0.96, 3.38, 0.12, 0.05, 0.18, robot_mode, normal, 
10/05/2022 14:13:51:225, robot_pos, 1652188322230, 518.61, 112.7, 226.7, 2.36, -0.05, 3.1, circuit_pos, 508.92, 119.92, 228.16, 2.37, -0.06, 3.1, tool_force, -0.95, 2.19, -10.05, actual_rep, 1, curr_step, 37, track_size, 99, robot_vel, 50.21, joints_pos, 23.96, 41.36, -16.84, -97.02, 21.07, 44.55, 40.63, tool_torque, 0.215, 0.197, 0.169, joint_torque, -0.65, -5.43, -1.12, 3.43, 0.1, -0.02, 0.21, robot_mode, normal, 
10/05/2022 14:13:51:396, robot_pos, 1652188322379, 512.77, 117.19, 228.66, 2.37, -0.06, 3.1, circuit_pos, 504.91, 123.84, 228.4, 2.37, -0.06, 3.1, tool_force, -0.78, 2.54, -9.83, actual_rep, 1, curr_step, 38, track_size, 99, robot_vel, 56.64, joints_pos, 24.58, 40.71, -16.84, -97.86, 21.37, 44.58, 40.6, tool_torque, 0.233, 0.073, 0.224, joint_torque, -0.39, -5.09, -0.92, 3.34, 0.11, -0.08, 0.28, robot_mode, normal, 
10/05/2022 14:13:51:540, robot_pos, 1652188322530, 506.94, 122.37, 229.75, 2.37, -0.06, 3.1, circuit_pos, 501.06, 127.92, 228.67, 2.38, -0.07, 3.1, tool_force, -1.87, 2.24, -10.11, actual_rep, 1, curr_step, 39, track_size, 99, robot_vel, 50.21, joints_pos, 25.28, 40.18, -16.84, -98.66, 21.61, 44.43, 40.77, tool_torque, 0.21, 0.307, 0.018, joint_torque, -0.27, -4.95, -0.83, 3.28, 0.12, 0.07, 0.01, robot_mode, normal, 
10/05/2022 14:13:51:678, robot_pos, 1652188322680, 501.61, 128.16, 230.45, 2.38, -0.07, 3.1, circuit_pos, 497.75, 131.87, 229.05, 2.38, -0.06, 3.1, tool_force, -0.74, 2.34, -10.41, actual_rep, 1, curr_step, 40, track_size, 99, robot_vel, 61.48, joints_pos, 26.01, 39.77, -16.83, -99.3, 21.98, 44.44, 40.63, tool_torque, 0.228, 0.077, 0.143, joint_torque, -0.17, -5.17, -0.83, 3.31, 0.14, -0.01, 0.13, robot_mode, normal, 
10/05/2022 14:13:51:887, robot_pos, 1652188322842, 496.65, 134.46, 231.03, 2.38, -0.06, 3.1, circuit_pos, 491.33, 140.66, 229.82, 2.38, -0.06, 3.09, tool_force, -1.57, 2.61, -9.64, actual_rep, 1, curr_step, 42, track_size, 99, robot_vel, 50.06, joints_pos, 27.02, 39.36, -16.95, -99.97, 21.84, 43.94, 41.41, tool_torque, 0.07, 0.536, -0.078, joint_torque, -0.37, -4.84, -0.66, 3.35, 0.19, 0.08, -0.06, robot_mode, normal, 
10/05/2022 14:13:51:995, robot_pos, 1652188322994, 492.42, 140.39, 231.62, 2.38, -0.06, 3.09, circuit_pos, 488.14, 145.72, 230.36, 2.37, -0.06, 3.09, tool_force, -0.37, 2.47, -10.6, actual_rep, 1, curr_step, 43, track_size, 99, robot_vel, 48.86, joints_pos, 27.81, 38.97, -16.96, -100.61, 22.23, 43.34, 41.89, tool_torque, 0.129, 0.338, -0.087, joint_torque, -0.05, -5.33, -0.75, 3.28, 0.12, 0.11, -0.09, robot_mode, normal, 
10/05/2022 14:13:52:151, robot_pos, 1652188323144, 488.93, 146.02, 232.27, 2.37, -0.06, 3.09, circuit_pos, 485.37, 150.81, 230.98, 2.37, -0.06, 3.09, tool_force, -0.9, 2.56, -9.83, actual_rep, 1, curr_step, 44, track_size, 99, robot_vel, 45.71, joints_pos, 28.58, 38.69, -16.98, -101.0, 22.3, 43.07, 42.8, tool_torque, 0.099, 0.529, -0.109, joint_torque, -0.47, -4.97, -0.79, 3.34, 0.13, 0.09, -0.08, robot_mode, normal, 
10/05/2022 14:13:52:308, robot_pos, 1652188323308, 485.69, 152.4, 232.97, 2.37, -0.06, 3.09, circuit_pos, 483.04, 156.04, 231.64, 2.37, -0.06, 3.09, tool_force, -1.25, 2.26, -9.95, actual_rep, 1, curr_step, 45, track_size, 99, robot_vel, 44.43, joints_pos, 29.39, 38.48, -16.99, -101.25, 22.31, 42.92, 43.63, tool_torque, 0.116, 0.437, -0.09, joint_torque, -0.18, -5.07, -0.6, 3.31, 0.14, 0.11, -0.08, robot_mode, normal, 
10/05/2022 14:13:52:448, robot_pos, 1652188323443, 483.47, 157.66, 233.66, 2.37, -0.06, 3.09, circuit_pos, 478.97, 167.29, 233.08, 2.37, -0.06, 3.08, tool_force, -0.87, 2.91, -9.94, actual_rep, 1, curr_step, 47, track_size, 99, robot_vel, 47.15, joints_pos, 30.03, 38.3, -17.0, -101.44, 22.48, 42.68, 44.14, tool_torque, 0.26, 0.395, -0.071, joint_torque, -0.1, -4.69, -0.61, 3.37, 0.13, 0.1, -0.07, robot_mode, normal, 
10/05/2022 14:13:52:595, robot_pos, 1652188323591, 481.22, 163.31, 234.38, 2.37, -0.06, 3.08, circuit_pos, 477.2, 172.62, 233.55, 2.37, -0.06, 3.08, tool_force, -1.21, 2.6, -9.59, actual_rep, 1, curr_step, 48, track_size, 99, robot_vel, 40.4, joints_pos, 30.71, 38.13, -17.0, -101.61, 22.69, 42.46, 44.64, tool_torque, 0.159, 0.451, -0.091, joint_torque, -0.43, -4.84, -0.76, 3.36, 0.13, 0.06, -0.08, robot_mode, normal, 
10/05/2022 14:13:52:749, robot_pos, 1652188323743, 479.22, 169.19, 234.94, 2.37, -0.06, 3.08, circuit_pos, 475.44, 178.11, 233.97, 2.37, -0.06, 3.08, tool_force, -0.62, 2.75, -9.96, actual_rep, 1, curr_step, 49, track_size, 99, robot_vel, 39.16, joints_pos, 31.42, 38.05, -17.01, -101.65, 22.72, 42.39, 45.32, tool_torque, 0.159, 0.379, -0.078, joint_torque, -0.11, -5.06, -0.61, 3.35, 0.13, 0.08, -0.06, robot_mode, normal, 
10/05/2022 14:13:52:894, robot_pos, 1652188323892, 477.25, 174.95, 235.45, 2.37, -0.06, 3.08, circuit_pos, 474.0, 183.53, 234.35, 2.37, -0.06, 3.08, tool_force, -1.1, 2.41, -9.82, actual_rep, 1, curr_step, 50, track_size, 99, robot_vel, 40.72, joints_pos, 32.11, 37.99, -17.02, -101.66, 22.72, 42.35, 46.0, tool_torque, 0.087, 0.458, -0.079, joint_torque, -0.34, -4.98, -0.66, 3.32, 0.15, 0.06, -0.06, robot_mode, normal, 
10/05/2022 14:13:53:050, robot_pos, 1652188324042, 475.48, 180.72, 235.93, 2.37, -0.06, 3.08, circuit_pos, 472.86, 188.82, 234.79, 2.36, -0.06, 3.08, tool_force, -0.56, 1.95, -10.04, actual_rep, 1, curr_step, 51, track_size, 99, robot_vel, 38.94, joints_pos, 32.81, 37.95, -17.04, -101.62, 22.72, 42.32, 46.73, tool_torque, 0.026, 0.369, -0.091, joint_torque, -0.28, -5.14, -0.72, 3.19, 0.14, 0.04, -0.07, robot_mode, normal, 
10/05/2022 14:13:53:195, robot_pos, 1652188324191, 474.06, 186.5, 236.45, 2.36, -0.06, 3.08, circuit_pos, 472.12, 194.89, 235.39, 2.36, -0.06, 3.08, tool_force, -0.65, 1.66, -9.84, actual_rep, 1, curr_step, 52, track_size, 99, robot_vel, 40.76, joints_pos, 33.5, 37.95, -17.07, -101.52, 22.72, 42.32, 47.72, tool_torque, -0.011, 0.364, -0.113, joint_torque, -0.2, -5.06, -0.6, 3.13, 0.15, 0.03, -0.1, robot_mode, normal, 
10/05/2022 14:13:53:356, robot_pos, 1652188324343, 473.12, 192.28, 236.95, 2.36, -0.06, 3.08, circuit_pos, 472.04, 200.86, 236.12, 2.35, -0.06, 3.08, tool_force, 0.05, 1.69, -9.89, actual_rep, 1, curr_step, 53, track_size, 99, robot_vel, 39.82, joints_pos, 34.16, 38.0, -17.1, -101.32, 22.72, 42.35, 48.61, tool_torque, -0.1, 0.191, -0.099, joint_torque, 0.04, -5.19, -0.51, 3.12, 0.16, -0.1, -0.1, robot_mode, normal, 
10/05/2022 14:13:53:497, robot_pos, 1652188324489, 472.7, 198.08, 237.54, 2.35, -0.06, 3.08, circuit_pos, 472.65, 206.71, 236.9, 2.35, -0.05, 3.07, tool_force, -0.4, 1.29, -9.7, actual_rep, 1, curr_step, 54, track_size, 99, robot_vel, 38.74, joints_pos, 34.77, 38.1, -17.13, -101.02, 22.66, 42.44, 49.66, tool_torque, -0.262, 0.253, -0.109, joint_torque, -0.31, -5.08, -0.68, 3.06, 0.18, -0.18, -0.08, robot_mode, normal, 
10/05/2022 14:13:53:652, robot_pos, 1652188324639, 473.0, 203.88, 238.31, 2.35, -0.05, 3.07, circuit_pos, 474.04, 212.37, 237.73, 2.34, -0.05, 3.07, tool_force, 0.26, 1.75, -10.13, actual_rep, 1, curr_step, 55, track_size, 99, robot_vel, 40.45, joints_pos, 35.44, 38.17, -17.19, -100.74, 22.56, 42.11, 50.63, tool_torque, -0.067, 0.333, -0.069, joint_torque, -0.13, -5.4, -0.65, 3.1, 0.21, 0.01, -0.07, robot_mode, normal, 
10/05/2022 14:13:53:800, robot_pos, 1652188324787, 473.77, 209.65, 239.16, 2.34, -0.05, 3.07, circuit_pos, 475.9, 217.82, 238.46, 2.34, -0.05, 3.07, tool_force, -0.56, 1.41, -9.52, actual_rep, 1, curr_step, 56, track_size, 99, robot_vel, 41.93, joints_pos, 36.01, 38.33, -17.23, -100.26, 22.45, 42.18, 51.7, tool_torque, -0.197, 0.258, -0.081, joint_torque, -0.16, -5.25, -0.65, 3.18, 0.22, -0.18, -0.08, robot_mode, normal, 
10/05/2022 14:13:53:953, robot_pos, 1652188324936, 475.41, 215.44, 239.86, 2.34, -0.05, 3.07, circuit_pos, 480.57, 228.14, 239.39, 2.32, -0.04, 3.06, tool_force, -0.2, 1.23, -9.91, actual_rep, 1, curr_step, 58, track_size, 99, robot_vel, 38.68, joints_pos, 36.49, 38.61, -17.26, -99.6, 22.38, 42.36, 52.58, tool_torque, -0.311, 0.237, -0.087, joint_torque, -0.1, -5.46, -0.62, 3.19, 0.22, -0.22, -0.08, robot_mode, normal, 
10/05/2022 14:13:54:104, robot_pos, 1652188325084, 477.6, 221.22, 240.49, 2.33, -0.04, 3.06, circuit_pos, 480.57, 228.14, 239.39, 2.32, -0.04, 3.06, tool_force, -0.56, 1.61, -10.41, actual_rep, 1, curr_step, 58, track_size, 99, robot_vel, 42.76, joints_pos, 37.01, 38.88, -17.29, -98.96, 22.16, 42.17, 53.88, tool_torque, -0.168, 0.358, -0.08, joint_torque, -0.24, -5.42, -0.69, 3.2, 0.22, -0.1, -0.07, robot_mode, normal, 
10/05/2022 14:13:54:264, robot_pos, 1652188325240, 480.38, 227.39, 241.02, 2.32, -0.04, 3.06, circuit_pos, 483.28, 232.74, 239.56, 2.32, -0.04, 3.06, tool_force, -0.11, 1.24, -9.78, actual_rep, 1, curr_step, 59, track_size, 99, robot_vel, 43.27, joints_pos, 37.45, 39.29, -17.31, -98.1, 22.03, 42.35, 55.0, tool_torque, -0.26, 0.206, -0.071, joint_torque, -0.19, -5.48, -0.76, 3.28, 0.21, -0.27, -0.08, robot_mode, normal, 
10/05/2022 14:13:54:408, robot_pos, 1652188325381, 483.7, 232.79, 241.26, 2.32, -0.04, 3.06, circuit_pos, 486.23, 237.14, 239.56, 2.31, -0.03, 3.05, tool_force, -0.58, 2.18, -9.13, actual_rep, 1, curr_step, 60, track_size, 99, robot_vel, 44.63, joints_pos, 37.79, 39.74, -17.31, -97.22, 21.89, 42.39, 56.01, tool_torque, -0.104, 0.309, -0.077, joint_torque, -0.24, -5.22, -0.71, 3.27, 0.21, -0.16, -0.07, robot_mode, normal, 
10/05/2022 14:13:54:552, robot_pos, 1652188325530, 487.32, 238.69, 241.45, 2.31, -0.03, 3.05, circuit_pos, 492.39, 245.1, 239.19, 2.3, -0.03, 3.05, tool_force, -0.06, 2.15, -9.78, actual_rep, 1, curr_step, 62, track_size, 99, robot_vel, 45.75, joints_pos, 38.19, 40.2, -17.33, -96.32, 21.6, 42.24, 57.11, tool_torque, -0.165, 0.214, -0.059, joint_torque, -0.1, -5.53, -0.71, 3.37, 0.2, -0.23, -0.06, robot_mode, normal, 
10/05/2022 14:13:54:704, robot_pos, 1652188325680, 492.05, 244.42, 240.9, 2.3, -0.03, 3.05, circuit_pos, 500.3, 253.4, 237.52, 2.29, -0.02, 3.06, tool_force, -0.25, 1.97, -9.52, actual_rep, 1, curr_step, 65, track_size, 99, robot_vel, 52.1, joints_pos, 38.42, 40.95, -17.34, -95.04, 21.55, 42.7, 58.11, tool_torque, -0.259, 0.122, -0.046, joint_torque, -0.01, -5.3, -0.66, 3.2, 0.21, -0.34, -0.06, robot_mode, normal, 
10/05/2022 14:13:54:853, robot_pos, 1652188325826, 497.5, 250.18, 240.16, 2.3, -0.02, 3.06, circuit_pos, 504.74, 257.03, 237.39, 2.29, -0.02, 3.06, tool_force, -0.83, 1.73, -9.86, actual_rep, 1, curr_step, 67, track_size, 99, robot_vel, 54.06, joints_pos, 38.76, 41.85, -17.46, -93.46, 20.74, 43.48, 59.73, tool_torque, -0.329, 0.288, -0.085, joint_torque, -0.32, -5.42, -0.75, 3.37, 0.21, -0.38, -0.07, robot_mode, normal, 
10/05/2022 14:13:55:003, robot_pos, 1652188325977, 503.45, 255.13, 239.75, 2.29, -0.02, 3.06, circuit_pos, 509.53, 260.03, 238.04, 2.28, -0.02, 3.06, tool_force, -0.44, 1.47, -9.57, actual_rep, 1, curr_step, 70, track_size, 99, robot_vel, 50.16, joints_pos, 38.85, 42.68, -17.51, -92.0, 20.62, 44.14, 60.71, tool_torque, -0.347, 0.19, -0.08, joint_torque, -0.14, -5.66, -0.74, 3.24, 0.2, -0.38, -0.07, robot_mode, normal, 
10/05/2022 14:13:55:153, robot_pos, 1652188326124, 508.46, 258.77, 239.76, 2.28, -0.02, 3.06, circuit_pos, 511.3, 260.41, 238.2, 2.28, -0.02, 3.06, tool_force, -0.89, 1.18, -9.2, actual_rep, 1, curr_step, 72, track_size, 99, robot_vel, 36.79, joints_pos, 38.86, 43.38, -17.55, -90.67, 20.37, 45.01, 61.44, tool_torque, -0.332, 0.294, -0.108, joint_torque, -0.48, -5.9, -1.0, 3.55, 0.18, -0.38, -0.1, robot_mode, normal, 
10/05/2022 14:13:55:306, robot_pos, 1652188326274, 510.81, 259.84, 239.85, 2.28, -0.02, 3.07, circuit_pos, 511.58, 259.94, 237.93, 2.28, -0.02, 3.07, tool_force, -0.22, 1.65, -9.7, actual_rep, 1, curr_step, 75, track_size, 99, robot_vel, 19.05, joints_pos, 38.87, 43.69, -17.59, -90.07, 20.01, 45.48, 61.87, tool_torque, -0.105, 0.117, -0.016, joint_torque, -0.07, -5.64, -0.83, 3.45, 0.17, -0.24, -0.03, robot_mode, normal, 
10/05/2022 14:13:55:457, robot_pos, 1652188326422, 511.25, 259.86, 239.94, 2.28, -0.02, 3.07, circuit_pos, 511.63, 259.88, 237.94, 2.28, -0.02, 3.07, tool_force, -0.1, 1.77, -10.13, actual_rep, 1, curr_step, 77, track_size, 99, robot_vel, 2.55, joints_pos, 38.81, 43.72, -17.57, -89.98, 20.07, 45.56, 61.87, tool_torque, -0.13, -0.07, 0.079, joint_torque, -0.08, -5.8, -0.96, 3.46, 0.14, -0.34, 0.06, robot_mode, normal, 
10/05/2022 14:13:55:608, robot_pos, 1652188326572, 511.99, 259.96, 239.78, 2.28, -0.02, 3.07, circuit_pos, 511.79, 260.02, 238.44, 2.28, -0.01, 3.07, tool_force, 0.1, 1.33, -10.48, actual_rep, 1, curr_step, 79, track_size, 99, robot_vel, 4.66, joints_pos, 38.78, 43.83, -17.57, -89.81, 19.96, 45.69, 61.93, tool_torque, -0.161, -0.033, 0.0040, joint_torque, 0.12, -6.12, -0.91, 3.52, 0.19, -0.28, -0.05, robot_mode, normal, 
10/05/2022 14:13:55:759, robot_pos, 1652188326719, 512.21, 260.37, 240.41, 2.28, -0.01, 3.07, circuit_pos, 511.9, 260.12, 238.24, 2.28, -0.01, 3.07, tool_force, -0.45, 2.08, -10.54, actual_rep, 1, curr_step, 82, track_size, 99, robot_vel, 4.35, joints_pos, 38.97, 43.74, -17.6, -89.87, 19.25, 45.3, 62.55, tool_torque, 0.116, 0.164, -0.029, joint_torque, 0.06, -5.88, -0.8, 3.61, 0.15, -0.09, -0.05, robot_mode, normal, 
10/05/2022 14:13:55:908, robot_pos, 1652188326870, 511.83, 260.12, 240.29, 2.28, -0.01, 3.06, circuit_pos, 512.03, 260.26, 238.11, 2.28, -0.01, 3.07, tool_force, -0.01, 2.3, -10.13, actual_rep, 1, curr_step, 84, track_size, 99, robot_vel, 5.63, joints_pos, 38.86, 43.66, -17.51, -90.03, 19.58, 45.1, 62.3, tool_torque, 0.151, -0.241, 0.312, joint_torque, -0.27, -5.98, -1.23, 3.64, 0.11, -0.27, 0.31, robot_mode, normal, 
10/05/2022 14:13:56:059, robot_pos, 1652188327021, 512.32, 260.5, 239.98, 2.28, -0.01, 3.07, circuit_pos, 512.03, 260.28, 238.04, 2.28, -0.02, 3.07, tool_force, 0.36, 2.09, -9.75, actual_rep, 1, curr_step, 87, track_size, 99, robot_vel, 7.14, joints_pos, 38.89, 43.83, -17.51, -89.75, 19.23, 45.52, 62.6, tool_torque, -0.051, -0.125, 0.06, joint_torque, 0.16, -5.72, -0.97, 3.48, 0.14, -0.31, 0.02, robot_mode, normal, 
10/05/2022 14:13:56:213, robot_pos, 1652188327171, 512.3, 260.34, 239.97, 2.28, -0.02, 3.07, circuit_pos, 512.03, 260.28, 238.03, 2.28, -0.01, 3.07, tool_force, -0.1, 1.81, -10.39, actual_rep, 1, curr_step, 90, track_size, 99, robot_vel, 2.33, joints_pos, 38.7, 43.84, -17.45, -89.72, 19.88, 45.73, 62.09, tool_torque, 0.048, -0.333, 0.41, joint_torque, -0.46, -5.97, -1.36, 3.46, 0.1, -0.32, 0.42, robot_mode, normal, 
10/05/2022 14:13:56:362, robot_pos, 1652188327319, 512.47, 260.21, 239.96, 2.28, -0.01, 3.07, circuit_pos, 512.03, 260.29, 238.03, 2.28, -0.01, 3.07, tool_force, -0.56, 1.88, -10.42, actual_rep, 1, curr_step, 92, track_size, 99, robot_vel, 1.68, joints_pos, 38.85, 43.84, -17.55, -89.75, 19.4, 45.55, 62.4, tool_torque, 0.051, 0.206, 0.054, joint_torque, -0.47, -5.93, -1.09, 3.53, 0.18, -0.12, 0.04, robot_mode, normal, 
10/05/2022 14:13:56:512, robot_pos, 1652188327469, 512.27, 260.47, 240.01, 2.28, -0.01, 3.07, circuit_pos, 512.04, 260.29, 238.03, 2.28, -0.01, 3.07, tool_force, -0.64, 2.35, -9.98, actual_rep, 1, curr_step, 95, track_size, 99, robot_vel, 1.47, joints_pos, 38.95, 43.83, -17.59, -89.76, 19.21, 45.51, 62.64, tool_torque, 0.08, 0.208, 0.039, joint_torque, -0.29, -5.78, -0.92, 3.57, 0.15, -0.15, 0.06, robot_mode, normal, 
10/05/2022 14:13:56:660, robot_pos, 1652188327617, 512.28, 260.48, 240.0, 2.28, -0.01, 3.07, circuit_pos, 512.04, 260.29, 238.03, 2.28, -0.01, 3.07, tool_force, -0.1, 2.27, -10.22, actual_rep, 1, curr_step, 97, track_size, 99, robot_vel, 0.32, joints_pos, 38.91, 43.83, -17.54, -89.76, 19.23, 45.51, 62.61, tool_torque, 0.141, -0.065, 0.141, joint_torque, -0.03, -5.85, -0.99, 3.54, 0.13, -0.16, 0.12, robot_mode, normal, 
10/05/2022 14:13:56:831, robot_pos, 1652188327769, 512.29, 260.47, 240.01, 2.28, -0.01, 3.07, circuit_pos, 512.04, 260.29, 238.03, 2.28, -0.01, 3.07, tool_force, 0.0, 2.33, -10.28, actual_rep, 1, curr_step, 97, track_size, 99, robot_vel, 0.98, joints_pos, 38.9, 43.83, -17.53, -89.76, 19.23, 45.51, 62.61, tool_torque, 0.163, -0.1, 0.168, joint_torque, -0.01, -5.82, -0.99, 3.56, 0.14, -0.16, 0.14, robot_mode, normal, 
10/05/2022 14:13:56:962, robot_pos, 1652188327916, 512.3, 260.45, 240.01, 2.28, -0.01, 3.07, circuit_pos, 512.04, 260.29, 238.03, 2.28, -0.01, 3.07, tool_force, -0.06, 2.28, -10.23, actual_rep, 1, curr_step, 95, track_size, 99, robot_vel, 0.07, joints_pos, 38.9, 43.83, -17.53, -89.76, 19.23, 45.51, 62.61, tool_torque, 0.147, -0.079, 0.164, joint_torque, -0.04, -5.84, -1.0, 3.55, 0.14, -0.16, 0.14, robot_mode, normal, 
10/05/2022 14:13:57:117, robot_pos, 1652188328067, 512.3, 260.45, 240.01, 2.28, -0.01, 3.07, circuit_pos, 512.03, 260.29, 238.03, 2.28, -0.01, 3.07, tool_force, -0.14, 2.27, -10.22, actual_rep, 1, curr_step, 92, track_size, 99, robot_vel, 0.03, joints_pos, 38.9, 43.83, -17.53, -89.76, 19.22, 45.51, 62.61, tool_torque, 0.137, -0.059, 0.15, joint_torque, -0.05, -5.82, -1.01, 3.55, 0.15, -0.16, 0.12, robot_mode, normal, 
10/05/2022 14:13:57:267, robot_pos, 1652188328214, 512.3, 260.45, 240.01, 2.28, -0.01, 3.07, circuit_pos, 512.03, 260.28, 238.03, 2.28, -0.02, 3.07, tool_force, -0.16, 2.26, -10.19, actual_rep, 1, curr_step, 89, track_size, 99, robot_vel, 0.01, joints_pos, 38.9, 43.83, -17.53, -89.76, 19.22, 45.51, 62.61, tool_torque, 0.131, -0.06, 0.147, joint_torque, -0.05, -5.83, -1.01, 3.55, 0.15, -0.17, 0.12, robot_mode, normal, 
10/05/2022 14:13:57:439, robot_pos, 1652188328364, 512.07, 260.76, 240.12, 2.28, -0.02, 3.07, circuit_pos, 512.03, 260.28, 238.04, 2.28, -0.02, 3.07, tool_force, 0.97, 1.98, -10.45, actual_rep, 1, curr_step, 87, track_size, 99, robot_vel, 5.74, joints_pos, 38.75, 43.82, -17.43, -89.72, 19.75, 45.74, 62.25, tool_torque, 0.123, -0.636, 0.4, joint_torque, 0.36, -5.9, -1.04, 3.53, 0.08, -0.33, 0.38, robot_mode, normal, 
10/05/2022 14:13:57:568, robot_pos, 1652188328510, 512.24, 260.44, 239.98, 2.28, -0.02, 3.07, circuit_pos, 512.03, 260.26, 238.11, 2.28, -0.01, 3.07, tool_force, 1.63, 2.4, -10.31, actual_rep, 1, curr_step, 84, track_size, 99, robot_vel, 5.08, joints_pos, 38.7, 43.83, -17.42, -89.72, 19.83, 45.74, 62.13, tool_torque, 0.18, -0.595, 0.419, joint_torque, 0.56, -5.9, -0.85, 3.58, 0.14, -0.27, 0.37, robot_mode, normal, 
10/05/2022 14:13:57:720, robot_pos, 1652188328662, 512.26, 260.41, 240.05, 2.28, -0.01, 3.07, circuit_pos, 511.9, 260.12, 238.24, 2.28, -0.01, 3.07, tool_force, -0.32, 2.2, -10.39, actual_rep, 1, curr_step, 82, track_size, 99, robot_vel, 3.12, joints_pos, 38.92, 43.82, -17.56, -89.75, 19.19, 45.53, 62.64, tool_torque, 0.064, 0.151, -0.0010, joint_torque, 0.15, -5.9, -0.71, 3.58, 0.19, -0.11, -0.03, robot_mode, normal, 
10/05/2022 14:13:57:873, robot_pos, 1652188328812, 512.43, 260.53, 240.41, 2.28, -0.01, 3.06, circuit_pos, 511.79, 260.02, 238.44, 2.28, -0.01, 3.07, tool_force, -0.61, 2.94, -10.18, actual_rep, 1, curr_step, 79, track_size, 99, robot_vel, 6.76, joints_pos, 38.9, 43.72, -17.52, -89.89, 19.37, 45.11, 62.49, tool_torque, 0.3, 0.041, 0.194, joint_torque, -0.26, -5.64, -1.0, 3.57, 0.11, -0.07, 0.23, robot_mode, normal, 
10/05/2022 14:13:58:021, robot_pos, 1652188328960, 511.64, 259.83, 240.35, 2.28, -0.01, 3.07, circuit_pos, 511.63, 259.88, 237.94, 2.28, -0.02, 3.07, tool_force, 0.05, 3.03, -9.69, actual_rep, 1, curr_step, 77, track_size, 99, robot_vel, 8.62, joints_pos, 38.86, 43.66, -17.51, -90.0, 19.36, 45.27, 62.4, tool_torque, 0.035, -0.224, 0.277, joint_torque, -0.03, -5.88, -1.0, 3.76, 0.17, -0.38, 0.26, robot_mode, normal, 
10/05/2022 14:13:58:173, robot_pos, 1652188329107, 511.76, 260.48, 239.96, 2.28, -0.02, 3.07, circuit_pos, 511.76, 260.09, 238.09, 2.28, -0.02, 3.07, tool_force, 0.31, 1.63, -10.48, actual_rep, 1, curr_step, 74, track_size, 99, robot_vel, 5.24, joints_pos, 38.79, 43.8, -17.43, -89.79, 19.55, 45.69, 62.39, tool_torque, -0.01, -0.37, 0.264, joint_torque, 0.0, -5.93, -1.15, 3.51, 0.08, -0.35, 0.27, robot_mode, normal, 
10/05/2022 14:13:58:324, robot_pos, 1652188329257, 512.18, 260.45, 240.04, 2.28, -0.02, 3.07, circuit_pos, 510.53, 260.4, 238.15, 2.28, -0.02, 3.07, tool_force, 1.31, 2.62, -10.49, actual_rep, 1, curr_step, 71, track_size, 99, robot_vel, 3.27, joints_pos, 38.71, 43.77, -17.4, -89.83, 19.85, 45.48, 62.11, tool_torque, 0.357, -0.482, 0.431, joint_torque, 0.35, -5.9, -0.95, 3.54, 0.13, -0.1, 0.39, robot_mode, normal, 
10/05/2022 14:13:58:508, robot_pos, 1652188329407, 510.8, 260.33, 240.13, 2.28, -0.02, 3.06, circuit_pos, 508.3, 259.25, 237.85, 2.28, -0.02, 3.06, tool_force, 0.54, 2.72, -10.24, actual_rep, 1, curr_step, 69, track_size, 99, robot_vel, 11.47, joints_pos, 38.72, 43.6, -17.36, -90.14, 20.08, 45.27, 61.96, tool_torque, 0.254, -0.378, 0.404, joint_torque, -0.04, -5.75, -1.08, 3.63, 0.12, -0.26, 0.4, robot_mode, normal, 
10/05/2022 14:13:58:624, robot_pos, 1652188329555, 507.72, 259.15, 239.39, 2.28, -0.02, 3.06, circuit_pos, 502.72, 255.49, 237.33, 2.29, -0.02, 3.06, tool_force, -0.66, 3.67, -9.79, actual_rep, 1, curr_step, 66, track_size, 99, robot_vel, 23.74, joints_pos, 38.87, 43.29, -17.38, -90.89, 20.08, 44.74, 61.86, tool_torque, 0.461, -0.014, 0.374, joint_torque, -0.58, -5.55, -1.17, 3.81, 0.12, -0.1, 0.44, robot_mode, normal, 
10/05/2022 14:13:58:816, robot_pos, 1652188329703, 503.26, 255.62, 239.48, 2.29, -0.02, 3.06, circuit_pos, 497.75, 251.1, 238.0, 2.29, -0.02, 3.06, tool_force, -0.73, 3.04, -10.57, actual_rep, 1, curr_step, 64, track_size, 99, robot_vel, 46.6, joints_pos, 38.89, 42.71, -17.42, -91.98, 20.11, 44.24, 61.09, tool_torque, 0.42, -0.029, 0.392, joint_torque, -0.47, -6.01, -1.12, 3.73, 0.11, -0.05, 0.47, robot_mode, normal, 
10/05/2022 14:13:58:929, robot_pos, 1652188329852, 497.9, 251.11, 240.44, 2.29, -0.02, 3.06, circuit_pos, 489.33, 241.33, 239.48, 2.31, -0.03, 3.05, tool_force, 0.51, 3.31, -10.05, actual_rep, 1, curr_step, 61, track_size, 99, robot_vel, 46.15, joints_pos, 38.79, 41.86, -17.4, -93.41, 20.5, 43.6, 60.11, tool_torque, 0.554, -0.367, 0.446, joint_torque, 0.1, -5.2, -0.89, 3.62, 0.1, -0.06, 0.45, robot_mode, normal, 
10/05/2022 14:13:59:098, robot_pos, 1652188330000, 492.9, 245.09, 240.9, 2.3, -0.03, 3.05, circuit_pos, 486.23, 237.14, 239.56, 2.31, -0.03, 3.05, tool_force, 1.14, 3.31, -10.96, actual_rep, 1, curr_step, 60, track_size, 99, robot_vel, 54.41, joints_pos, 38.5, 41.04, -17.4, -94.87, 21.2, 42.86, 58.52, tool_torque, 0.513, -0.409, 0.456, joint_torque, 0.1, -5.67, -1.01, 3.58, 0.12, -0.05, 0.45, robot_mode, normal, 
10/05/2022 14:13:59:243, robot_pos, 1652188330161, 487.95, 239.09, 241.36, 2.31, -0.03, 3.05, circuit_pos, 483.28, 232.74, 239.56, 2.32, -0.04, 3.06, tool_force, 0.95, 3.35, -10.84, actual_rep, 1, curr_step, 59, track_size, 99, robot_vel, 47.02, joints_pos, 38.32, 40.27, -17.46, -96.24, 21.38, 42.31, 57.53, tool_torque, 0.551, -0.426, 0.466, joint_torque, 0.22, -5.35, -0.83, 3.36, 0.1, -0.03, 0.47, robot_mode, normal, 
10/05/2022 14:13:59:387, robot_pos, 1652188330307, 484.07, 233.37, 241.54, 2.32, -0.04, 3.06, circuit_pos, 480.57, 228.14, 239.39, 2.32, -0.04, 3.06, tool_force, 1.61, 3.01, -10.44, actual_rep, 1, curr_step, 58, track_size, 99, robot_vel, 47.39, joints_pos, 37.97, 39.8, -17.5, -97.09, 21.78, 42.69, 56.23, tool_torque, 0.29, -0.615, 0.44, joint_torque, 0.57, -5.28, -0.58, 3.45, 0.12, -0.28, 0.45, robot_mode, normal, 
10/05/2022 14:13:59:542, robot_pos, 1652188330459, 480.86, 227.61, 241.17, 2.32, -0.04, 3.06, circuit_pos, 477.68, 222.3, 238.92, 2.33, -0.04, 3.06, tool_force, 0.76, 3.77, -9.88, actual_rep, 1, curr_step, 57, track_size, 99, robot_vel, 43.21, joints_pos, 37.62, 39.33, -17.51, -98.06, 21.9, 42.38, 55.24, tool_torque, 0.584, -0.377, 0.437, joint_torque, 0.28, -5.05, -0.6, 3.56, 0.14, -0.07, 0.44, robot_mode, normal, 
10/05/2022 14:13:59:689, robot_pos, 1652188330604, 477.87, 221.84, 240.94, 2.33, -0.04, 3.06, circuit_pos, 474.04, 212.37, 237.73, 2.34, -0.05, 3.07, tool_force, 0.87, 2.68, -10.72, actual_rep, 1, curr_step, 55, track_size, 99, robot_vel, 46.38, joints_pos, 37.25, 38.89, -17.52, -98.94, 22.07, 42.24, 53.99, tool_torque, 0.372, -0.386, 0.404, joint_torque, 0.11, -5.28, -0.83, 3.46, 0.12, -0.18, 0.42, robot_mode, normal, 
10/05/2022 14:13:59:845, robot_pos, 1652188330754, 476.09, 216.04, 240.09, 2.34, -0.05, 3.07, circuit_pos, 472.65, 206.71, 236.9, 2.35, -0.05, 3.07, tool_force, 0.85, 3.21, -9.85, actual_rep, 1, curr_step, 54, track_size, 99, robot_vel, 45.2, joints_pos, 36.73, 38.7, -17.53, -99.46, 22.34, 42.53, 52.93, tool_torque, 0.43, -0.394, 0.408, joint_torque, 0.28, -4.99, -0.64, 3.61, 0.14, -0.16, 0.42, robot_mode, normal, 
10/05/2022 14:13:59:989, robot_pos, 1652188330902, 474.17, 210.35, 239.49, 2.34, -0.05, 3.07, circuit_pos, 472.04, 200.86, 236.12, 2.35, -0.06, 3.08, tool_force, 1.14, 3.28, -10.47, actual_rep, 1, curr_step, 53, track_size, 99, robot_vel, 40.25, joints_pos, 36.31, 38.37, -17.54, -100.21, 22.43, 42.2, 51.77, tool_torque, 0.548, -0.269, 0.405, joint_torque, 0.11, -5.14, -0.79, 3.39, 0.12, -0.02, 0.43, robot_mode, normal, 
10/05/2022 14:14:00:141, robot_pos, 1652188331053, 472.94, 204.48, 238.72, 2.35, -0.05, 3.08, circuit_pos, 472.12, 194.89, 235.39, 2.36, -0.06, 3.08, tool_force, 1.04, 3.4, -9.8, actual_rep, 1, curr_step, 52, track_size, 99, robot_vel, 40.18, joints_pos, 35.79, 38.22, -17.58, -100.66, 22.65, 42.42, 50.82, tool_torque, 0.392, -0.451, 0.402, joint_torque, 0.34, -5.17, -0.61, 3.51, 0.13, -0.23, 0.42, robot_mode, normal, 
10/05/2022 14:14:00:294, robot_pos, 1652188331199, 472.78, 198.75, 237.85, 2.35, -0.06, 3.08, circuit_pos, 472.86, 188.82, 234.79, 2.36, -0.06, 3.08, tool_force, 1.14, 3.24, -10.24, actual_rep, 1, curr_step, 51, track_size, 99, robot_vel, 40.21, joints_pos, 35.2, 38.15, -17.59, -100.98, 22.79, 42.54, 49.63, tool_torque, 0.399, -0.403, 0.39, joint_torque, 0.16, -5.06, -0.77, 3.37, 0.11, -0.19, 0.41, robot_mode, normal, 
10/05/2022 14:14:00:443, robot_pos, 1652188331349, 472.97, 192.96, 237.34, 2.36, -0.06, 3.08, circuit_pos, 474.0, 183.53, 234.35, 2.37, -0.06, 3.08, tool_force, 1.13, 3.58, -10.11, actual_rep, 1, curr_step, 50, track_size, 99, robot_vel, 40.23, joints_pos, 34.63, 38.04, -17.62, -101.31, 22.89, 42.46, 48.77, tool_torque, 0.577, -0.387, 0.41, joint_torque, 0.58, -5.13, -0.49, 3.46, 0.13, -0.04, 0.41, robot_mode, normal, 
10/05/2022 14:14:00:593, robot_pos, 1652188331496, 473.72, 187.18, 236.79, 2.36, -0.06, 3.08, circuit_pos, 475.44, 178.11, 233.97, 2.37, -0.06, 3.08, tool_force, 0.32, 3.22, -10.38, actual_rep, 1, curr_step, 49, track_size, 99, robot_vel, 39.77, joints_pos, 34.02, 37.99, -17.65, -101.53, 22.97, 42.45, 47.58, tool_torque, 0.526, -0.242, 0.377, joint_torque, 0.13, -4.95, -0.7, 3.42, 0.11, -0.05, 0.4, robot_mode, normal, 
10/05/2022 14:14:00:746, robot_pos, 1652188331647, 474.97, 181.42, 236.34, 2.37, -0.06, 3.08, circuit_pos, 477.2, 172.62, 233.55, 2.37, -0.06, 3.08, tool_force, 0.38, 3.13, -10.42, actual_rep, 1, curr_step, 48, track_size, 99, robot_vel, 40.65, joints_pos, 33.38, 37.97, -17.66, -101.67, 23.04, 42.42, 46.71, tool_torque, 0.547, -0.298, 0.381, joint_torque, 0.43, -5.04, -0.54, 3.39, 0.12, -0.03, 0.39, robot_mode, normal, 
10/05/2022 14:14:00:893, robot_pos, 1652188331794, 476.58, 175.5, 235.94, 2.37, -0.06, 3.08, circuit_pos, 478.97, 167.29, 233.08, 2.37, -0.06, 3.08, tool_force, 0.88, 3.16, -10.44, actual_rep, 1, curr_step, 47, track_size, 99, robot_vel, 43.23, joints_pos, 32.72, 37.98, -17.69, -101.75, 23.1, 42.41, 45.89, tool_torque, 0.503, -0.229, 0.355, joint_torque, 0.19, -5.07, -0.67, 3.34, 0.11, -0.02, 0.38, robot_mode, normal, 
10/05/2022 14:14:01:046, robot_pos, 1652188331943, 478.36, 169.8, 235.4, 2.37, -0.06, 3.08, circuit_pos, 480.96, 161.51, 232.39, 2.37, -0.06, 3.08, tool_force, 1.04, 3.35, -10.32, actual_rep, 1, curr_step, 46, track_size, 99, robot_vel, 41.43, joints_pos, 32.05, 38.03, -17.7, -101.78, 23.16, 42.4, 45.12, tool_torque, 0.488, -0.229, 0.369, joint_torque, 0.13, -5.13, -0.75, 3.35, 0.11, -0.03, 0.39, robot_mode, normal, 
10/05/2022 14:14:01:233, robot_pos, 1652188332091, 480.31, 163.94, 234.75, 2.37, -0.06, 3.08, circuit_pos, 483.04, 156.04, 231.64, 2.37, -0.06, 3.09, tool_force, 0.94, 2.81, -10.45, actual_rep, 1, curr_step, 45, track_size, 99, robot_vel, 45.12, joints_pos, 31.35, 38.11, -17.71, -101.78, 23.23, 42.41, 44.37, tool_torque, 0.465, -0.294, 0.358, joint_torque, 0.38, -5.06, -0.53, 3.2, 0.12, -0.04, 0.37, robot_mode, normal, 
10/05/2022 14:14:01:353, robot_pos, 1652188332241, 482.32, 158.01, 233.96, 2.37, -0.06, 3.09, circuit_pos, 485.37, 150.81, 230.98, 2.37, -0.06, 3.09, tool_force, 1.43, 2.09, -10.06, actual_rep, 1, curr_step, 44, track_size, 99, robot_vel, 41.41, joints_pos, 30.73, 38.29, -17.8, -101.63, 23.01, 42.69, 43.86, tool_torque, 0.164, -0.352, 0.34, joint_torque, 0.33, -5.13, -0.59, 3.18, 0.19, -0.22, 0.35, robot_mode, normal, 
10/05/2022 14:14:01:532, robot_pos, 1652188332388, 484.87, 152.32, 233.25, 2.37, -0.06, 3.09, circuit_pos, 488.14, 145.72, 230.36, 2.37, -0.06, 3.09, tool_force, 1.61, 2.31, -10.12, actual_rep, 1, curr_step, 43, track_size, 99, robot_vel, 43.27, joints_pos, 30.07, 38.46, -17.84, -101.46, 22.95, 42.81, 43.26, tool_torque, 0.216, -0.419, 0.354, joint_torque, 0.4, -5.09, -0.59, 2.99, 0.18, -0.2, 0.36, robot_mode, normal, 
10/05/2022 14:14:01:675, robot_pos, 1652188332538, 487.88, 146.49, 232.58, 2.37, -0.06, 3.09, circuit_pos, 491.33, 140.66, 229.82, 2.38, -0.06, 3.09, tool_force, 1.13, 1.6, -10.35, actual_rep, 1, curr_step, 42, track_size, 99, robot_vel, 46.74, joints_pos, 29.3, 38.68, -17.84, -101.19, 22.95, 42.98, 42.37, tool_torque, 0.095, -0.36, 0.342, joint_torque, -0.01, -5.22, -0.92, 2.99, 0.17, -0.23, 0.35, robot_mode, normal, 
10/05/2022 14:14:01:800, robot_pos, 1652188332685, 491.36, 140.66, 231.92, 2.38, -0.06, 3.09, circuit_pos, 494.57, 136.11, 229.4, 2.38, -0.06, 3.1, tool_force, 1.51, 1.83, -10.14, actual_rep, 1, curr_step, 41, track_size, 99, robot_vel, 51.27, joints_pos, 28.55, 38.97, -17.84, -100.79, 22.86, 43.35, 41.5, tool_torque, 0.075, -0.346, 0.334, joint_torque, 0.01, -5.24, -0.86, 3.05, 0.18, -0.26, 0.35, robot_mode, normal, 
10/05/2022 14:14:01:951, robot_pos, 1652188332838, 495.66, 134.94, 231.43, 2.38, -0.06, 3.1, circuit_pos, 501.06, 127.92, 228.67, 2.38, -0.07, 3.1, tool_force, 2.03, 2.14, -9.58, actual_rep, 1, curr_step, 39, track_size, 99, robot_vel, 48.48, joints_pos, 27.81, 39.35, -17.86, -100.16, 22.44, 43.86, 41.1, tool_torque, 0.23, -0.475, 0.355, joint_torque, 0.55, -5.14, -0.69, 3.12, 0.18, -0.25, 0.33, robot_mode, normal, 
10/05/2022 14:14:02:102, robot_pos, 1652188332984, 500.41, 129.12, 231.05, 2.38, -0.06, 3.1, circuit_pos, 504.91, 123.84, 228.4, 2.37, -0.06, 3.1, tool_force, 1.36, 1.78, -10.42, actual_rep, 1, curr_step, 38, track_size, 99, robot_vel, 50.55, joints_pos, 26.9, 39.77, -17.83, -99.43, 22.7, 44.56, 40.22, tool_torque, 0.153, -0.431, 0.331, joint_torque, 0.08, -5.32, -0.96, 3.03, 0.12, -0.23, 0.32, robot_mode, normal, 
10/05/2022 14:14:02:253, robot_pos, 1652188333133, 506.05, 123.21, 230.32, 2.37, -0.06, 3.1, circuit_pos, 512.54, 116.38, 227.7, 2.37, -0.05, 3.1, tool_force, 1.47, 1.67, -10.28, actual_rep, 1, curr_step, 36, track_size, 99, robot_vel, 56.11, joints_pos, 26.11, 40.22, -17.85, -98.75, 22.56, 44.64, 40.07, tool_torque, 0.18, -0.389, 0.308, joint_torque, 0.56, -5.36, -0.56, 3.02, 0.19, -0.16, 0.29, robot_mode, normal, 
10/05/2022 14:14:02:405, robot_pos, 1652188333282, 511.72, 117.55, 229.75, 2.37, -0.05, 3.1, circuit_pos, 518.08, 110.8, 225.78, 2.36, -0.05, 3.1, tool_force, 0.41, 1.72, -9.92, actual_rep, 1, curr_step, 34, track_size, 99, robot_vel, 59.9, joints_pos, 25.42, 40.67, -17.9, -98.01, 22.14, 44.65, 39.88, tool_torque, 0.15, -0.057, 0.228, joint_torque, 0.06, -5.29, -0.77, 3.06, 0.2, -0.03, 0.2, robot_mode, normal, 
10/05/2022 14:14:02:557, robot_pos, 1652188333431, 517.14, 112.0, 228.19, 2.36, -0.05, 3.1, circuit_pos, 523.37, 106.24, 223.12, 2.35, -0.04, 3.1, tool_force, 0.72, 1.58, -9.69, actual_rep, 1, curr_step, 32, track_size, 99, robot_vel, 55.27, joints_pos, 24.71, 41.22, -17.93, -97.3, 22.11, 44.7, 39.85, tool_torque, 0.154, -0.222, 0.217, joint_torque, 0.48, -5.18, -0.55, 3.05, 0.2, -0.13, 0.21, robot_mode, normal, 
10/05/2022 14:14:02:705, robot_pos, 1652188333580, 522.59, 107.65, 225.56, 2.36, -0.04, 3.1, circuit_pos, 533.09, 100.96, 218.68, 2.35, -0.03, 3.11, tool_force, 0.4, 1.38, -10.75, actual_rep, 1, curr_step, 29, track_size, 99, robot_vel, 52.81, joints_pos, 24.07, 41.92, -17.9, -96.5, 21.97, 44.65, 39.75, tool_torque, 0.165, -0.174, 0.217, joint_torque, 0.18, -5.53, -0.9, 3.06, 0.19, -0.06, 0.16, robot_mode, normal, 
10/05/2022 14:14:02:855, robot_pos, 1652188333728, 528.49, 104.67, 223.13, 2.35, -0.04, 3.11, circuit_pos, 541.87, 99.37, 215.93, 2.35, -0.02, 3.11, tool_force, 0.46, 1.36, -10.16, actual_rep, 1, curr_step, 27, track_size, 99, robot_vel, 48.88, joints_pos, 23.66, 42.7, -17.9, -95.49, 21.52, 44.82, 40.01, tool_torque, -0.0090, -0.204, 0.063, joint_torque, 0.27, -5.09, -0.83, 2.96, 0.18, -0.21, -0.02, robot_mode, normal, 
10/05/2022 14:14:03:007, robot_pos, 1652188333880, 534.31, 102.96, 221.12, 2.35, -0.03, 3.11, circuit_pos, 547.94, 99.45, 214.4, 2.35, -0.02, 3.11, tool_force, 0.63, 0.72, -10.35, actual_rep, 1, curr_step, 26, track_size, 99, robot_vel, 43.37, joints_pos, 23.34, 43.42, -17.91, -94.5, 21.24, 44.9, 40.14, tool_torque, -0.063, -0.255, 0.046, joint_torque, 0.39, -5.72, -0.83, 3.13, 0.18, -0.22, -0.04, robot_mode, normal, 
10/05/2022 14:14:03:156, robot_pos, 1652188334026, 540.0, 101.66, 219.25, 2.35, -0.03, 3.11, circuit_pos, 547.94, 99.45, 214.4, 2.35, -0.02, 3.11, tool_force, 0.04, 0.88, -9.29, actual_rep, 1, curr_step, 26, track_size, 99, robot_vel, 40.83, joints_pos, 23.06, 44.12, -17.91, -93.51, 21.03, 45.04, 40.29, tool_torque, -0.101, -0.124, 0.021, joint_torque, 0.06, -5.61, -0.99, 3.25, 0.16, -0.25, -0.04, robot_mode, normal, 
10/05/2022 14:14:03:307, robot_pos, 1652188334176, 545.83, 100.35, 217.33, 2.35, -0.02, 3.11, circuit_pos, 552.75, 100.33, 213.06, 2.35, -0.01, 3.11, tool_force, 0.52, 1.46, -9.41, actual_rep, 1, curr_step, 25, track_size, 99, robot_vel, 40.92, joints_pos, 22.77, 44.84, -17.9, -92.47, 20.8, 45.2, 40.42, tool_torque, 0.011, -0.277, 0.059, joint_torque, 0.62, -5.61, -0.71, 3.23, 0.19, -0.25, -0.04, robot_mode, normal, 
10/05/2022 14:14:03:458, robot_pos, 1652188334323, 551.62, 100.65, 215.63, 2.35, -0.01, 3.11, circuit_pos, 561.73, 103.94, 210.6, 2.35, -0.01, 3.12, tool_force, -0.28, 1.23, -10.27, actual_rep, 1, curr_step, 23, track_size, 99, robot_vel, 47.72, joints_pos, 22.68, 45.54, -17.89, -91.43, 20.38, 45.17, 40.89, tool_torque, -0.059, -0.06, -0.0020, joint_torque, 0.09, -5.64, -1.04, 3.06, 0.18, -0.15, -0.09, robot_mode, normal, 
10/05/2022 14:14:03:609, robot_pos, 1652188334472, 557.2, 102.3, 214.06, 2.35, -0.01, 3.11, circuit_pos, 561.73, 103.94, 210.6, 2.35, -0.01, 3.12, tool_force, 0.1, 1.03, -10.04, actual_rep, 1, curr_step, 23, track_size, 99, robot_vel, 40.14, joints_pos, 22.65, 46.31, -17.87, -90.2, 20.07, 45.72, 41.38, tool_torque, -0.073, -0.224, 0.016, joint_torque, 0.25, -5.66, -1.03, 3.17, 0.17, -0.28, -0.09, robot_mode, normal, 
10/05/2022 14:14:03:758, robot_pos, 1652188334621, 563.13, 104.96, 212.55, 2.35, -0.01, 3.12, circuit_pos, 566.75, 106.83, 209.31, 2.35, -0.02, 3.12, tool_force, 0.9, 0.55, -10.25, actual_rep, 1, curr_step, 22, track_size, 99, robot_vel, 46.73, joints_pos, 22.62, 47.18, -17.8, -88.76, 19.87, 46.59, 41.85, tool_torque, 0.0030, -0.448, 0.043, joint_torque, 0.64, -5.89, -1.01, 3.26, 0.13, -0.29, -0.11, robot_mode, normal, 
10/05/2022 14:14:03:909, robot_pos, 1652188334770, 568.96, 108.14, 211.05, 2.35, -0.02, 3.12, circuit_pos, 577.4, 114.29, 207.37, 2.35, -0.02, 3.12, tool_force, -0.16, 0.66, -9.57, actual_rep, 1, curr_step, 20, track_size, 99, robot_vel, 44.11, joints_pos, 22.54, 47.98, -17.69, -87.41, 20.07, 47.3, 42.05, tool_torque, -0.0020, -0.307, 0.014, joint_torque, 0.32, -6.1, -1.15, 3.46, 0.09, -0.29, -0.1, robot_mode, normal, 
10/05/2022 14:14:04:061, robot_pos, 1652188334919, 574.73, 112.16, 210.03, 2.35, -0.02, 3.12, circuit_pos, 582.86, 118.76, 206.76, 2.35, -0.02, 3.13, tool_force, -0.04, 0.62, -9.79, actual_rep, 1, curr_step, 19, track_size, 99, robot_vel, 51.36, joints_pos, 22.61, 48.75, -17.6, -86.05, 20.07, 47.89, 42.52, tool_torque, -0.136, -0.202, -0.0090, joint_torque, 0.02, -5.75, -1.09, 3.1, 0.1, -0.27, -0.08, robot_mode, normal, 
10/05/2022 14:14:04:208, robot_pos, 1652188335068, 580.43, 116.54, 209.22, 2.35, -0.02, 3.13, circuit_pos, 588.4, 123.46, 206.41, 2.35, -0.01, 3.13, tool_force, -0.42, 0.72, -10.17, actual_rep, 1, curr_step, 18, track_size, 99, robot_vel, 48.26, joints_pos, 22.77, 49.55, -17.57, -84.56, 19.75, 48.81, 43.26, tool_torque, -0.262, -0.0080, -0.058, joint_torque, -0.22, -6.11, -1.11, 3.38, 0.16, -0.28, -0.1, robot_mode, normal, 
10/05/2022 14:14:04:365, robot_pos, 1652188335217, 586.43, 121.47, 208.61, 2.35, -0.01, 3.13, circuit_pos, 593.12, 127.86, 206.25, 2.35, -0.01, 3.13, tool_force, -0.87, 0.33, -9.79, actual_rep, 1, curr_step, 17, track_size, 99, robot_vel, 51.11, joints_pos, 23.02, 50.33, -17.54, -83.08, 19.24, 49.35, 44.21, tool_torque, -0.31, 0.083, -0.068, joint_torque, -0.43, -6.31, -1.17, 3.44, 0.17, -0.26, -0.1, robot_mode, normal, 
10/05/2022 14:14:04:511, robot_pos, 1652188335367, 591.97, 126.72, 208.31, 2.35, -0.01, 3.13, circuit_pos, 597.41, 132.91, 205.91, 2.34, -0.01, 3.14, tool_force, -1.7, 0.32, -9.97, actual_rep, 1, curr_step, 16, track_size, 99, robot_vel, 51.62, joints_pos, 23.22, 51.03, -17.46, -81.7, 18.99, 49.96, 45.04, tool_torque, -0.366, 0.192, -0.089, joint_torque, -0.85, -6.12, -1.37, 3.35, 0.15, -0.28, -0.1, robot_mode, normal, 
10/05/2022 14:14:04:666, robot_pos, 1652188335515, 596.81, 132.75, 207.91, 2.34, -0.01, 3.14, circuit_pos, 601.01, 139.35, 205.37, 2.34, -0.02, -3.14, tool_force, -0.75, 1.05, -10.27, actual_rep, 1, curr_step, 15, track_size, 99, robot_vel, 50.18, joints_pos, 23.53, 51.83, -17.42, -80.15, 18.5, 51.09, 46.38, tool_torque, -0.199, -0.024, -0.036, joint_torque, -0.14, -5.97, -1.06, 3.53, 0.15, -0.29, -0.09, robot_mode, normal, 
10/05/2022 14:14:04:811, robot_pos, 1652188335663, 600.16, 138.37, 207.36, 2.34, -0.02, -3.14, circuit_pos, 603.97, 146.3, 204.51, 2.33, -0.02, -3.13, tool_force, -0.7, 0.18, -9.74, actual_rep, 1, curr_step, 14, track_size, 99, robot_vel, 44.34, joints_pos, 23.73, 52.43, -17.32, -78.97, 18.57, 51.98, 47.15, tool_torque, -0.239, 0.069, -0.086, joint_torque, -0.5, -6.28, -1.25, 3.5, 0.1, -0.28, -0.1, robot_mode, normal, 
10/05/2022 14:14:04:969, robot_pos, 1652188335811, 602.85, 144.2, 206.75, 2.33, -0.02, -3.13, circuit_pos, 606.79, 153.9, 203.36, 2.32, -0.02, -3.13, tool_force, -1.02, 0.32, -10.55, actual_rep, 1, curr_step, 13, track_size, 99, robot_vel, 41.5, joints_pos, 24.1, 53.02, -17.32, -77.91, 18.35, 52.76, 48.25, tool_torque, -0.373, 0.137, -0.106, joint_torque, -0.63, -6.38, -1.21, 3.46, 0.14, -0.27, -0.12, robot_mode, normal, 
10/05/2022 14:14:05:111, robot_pos, 1652188335960, 605.19, 149.91, 205.92, 2.33, -0.02, -3.13, circuit_pos, 610.26, 162.17, 202.23, 2.31, -0.01, -3.13, tool_force, -1.3, 0.01, -10.23, actual_rep, 1, curr_step, 12, track_size, 99, robot_vel, 48.48, joints_pos, 24.46, 53.51, -17.32, -77.05, 18.34, 53.2, 49.25, tool_torque, -0.398, 0.211, -0.123, joint_torque, -0.97, -6.42, -1.44, 3.31, 0.1, -0.25, -0.11, robot_mode, normal, 
10/05/2022 14:14:05:265, robot_pos, 1652188336107, 607.58, 155.68, 205.08, 2.32, -0.02, -3.13, circuit_pos, 610.26, 162.17, 202.23, 2.31, -0.01, -3.13, tool_force, -0.93, 0.05, -10.25, actual_rep, 1, curr_step, 12, track_size, 99, robot_vel, 45.32, joints_pos, 24.88, 54.0, -17.34, -76.22, 18.15, 53.42, 50.37, tool_torque, -0.364, 0.21, -0.108, joint_torque, -0.73, -6.56, -1.24, 3.42, 0.13, -0.24, -0.1, robot_mode, normal, 
10/05/2022 14:14:05:417, robot_pos, 1652188336259, 609.84, 161.54, 204.38, 2.31, -0.01, -3.13, circuit_pos, 613.82, 173.02, 200.94, 2.3, 0.0, -3.13, tool_force, -0.75, 0.53, -10.08, actual_rep, 1, curr_step, 11, track_size, 99, robot_vel, 41.97, joints_pos, 25.31, 54.46, -17.35, -75.42, 17.91, 53.6, 51.52, tool_torque, -0.237, 0.139, -0.09, joint_torque, -0.31, -6.27, -1.01, 3.46, 0.15, -0.22, -0.11, robot_mode, normal, 
10/05/2022 14:14:05:567, robot_pos, 1652188336407, 611.8, 167.4, 203.71, 2.31, -0.01, -3.13, circuit_pos, 613.82, 173.02, 200.94, 2.3, 0.0, -3.13, tool_force, -1.08, 0.28, -9.87, actual_rep, 1, curr_step, 11, track_size, 99, robot_vel, 41.09, joints_pos, 25.74, 54.88, -17.36, -74.68, 17.65, 53.74, 52.6, tool_torque, -0.301, 0.178, -0.104, joint_torque, -0.43, -6.68, -1.11, 3.56, 0.14, -0.24, -0.11, robot_mode, normal, 
10/05/2022 14:14:05:720, robot_pos, 1652188336559, 613.6, 173.29, 203.09, 2.3, 0.0, -3.13, circuit_pos, 616.29, 182.76, 200.06, 2.3, 0.0, -3.14, tool_force, -0.94, 0.09, -10.51, actual_rep, 1, curr_step, 10, track_size, 99, robot_vel, 42.72, joints_pos, 26.13, 55.27, -17.33, -74.0, 17.53, 53.82, 53.42, tool_torque, -0.246, 0.086, -0.067, joint_torque, -0.37, -6.82, -1.16, 3.49, 0.1, -0.2, -0.08, robot_mode, normal, 
10/05/2022 14:14:06:019, robot_pos, 1652188336855, 616.34, 184.74, 202.09, 2.3, 0.0, -3.14, circuit_pos, 618.07, 193.54, 199.34, 2.3, 0.0, 3.14, tool_force, -1.0, 0.56, -9.9, actual_rep, 1, curr_step, 9, track_size, 99, robot_vel, 38.53, joints_pos, 26.81, 55.92, -17.2, -72.81, 17.64, 53.95, 54.5, tool_torque, -0.162, 0.049, -0.067, joint_torque, -0.32, -6.87, -1.2, 3.74, 0.06, -0.27, -0.08, robot_mode, normal, 
10/05/2022 14:14:06:172, robot_pos, 1652188337003, 617.44, 190.61, 201.65, 2.3, 0.0, 3.14, circuit_pos, 619.33, 204.63, 198.88, 2.3, 0.01, 3.13, tool_force, -0.88, 0.43, -10.43, actual_rep, 1, curr_step, 8, track_size, 99, robot_vel, 43.87, joints_pos, 27.2, 56.24, -17.2, -72.21, 17.71, 54.06, 55.02, tool_torque, -0.197, 0.052, -0.075, joint_torque, -0.54, -6.63, -1.3, 3.44, 0.04, -0.23, -0.09, robot_mode, normal, 
10/05/2022 14:14:06:323, robot_pos, 1652188337153, 618.29, 196.39, 201.39, 2.3, 0.0, 3.14, circuit_pos, 619.33, 204.63, 198.88, 2.3, 0.01, 3.13, tool_force, -1.61, 1.07, -10.02, actual_rep, 1, curr_step, 8, track_size, 99, robot_vel, 45.25, joints_pos, 27.64, 56.49, -17.23, -71.76, 17.71, 53.94, 55.57, tool_torque, 0.0010, 0.236, -0.082, joint_torque, -0.43, -6.68, -1.13, 3.59, 0.05, -0.08, -0.09, robot_mode, normal, 
10/05/2022 14:14:06:471, robot_pos, 1652188337301, 618.94, 202.17, 201.14, 2.3, 0.01, 3.13, circuit_pos, 619.92, 216.18, 198.76, 2.31, 0.0, 3.12, tool_force, -0.67, 1.0, -10.71, actual_rep, 1, curr_step, 7, track_size, 99, robot_vel, 43.81, joints_pos, 28.09, 56.73, -17.26, -71.32, 17.7, 53.86, 56.03, tool_torque, 0.0010, 0.189, -0.059, joint_torque, -0.25, -6.74, -1.06, 3.55, 0.06, -0.07, -0.06, robot_mode, normal, 
10/05/2022 14:14:06:623, robot_pos, 1652188337450, 619.42, 207.92, 201.03, 2.3, 0.0, 3.13, circuit_pos, 619.92, 216.18, 198.76, 2.31, 0.0, 3.12, tool_force, -1.15, 1.0, -10.43, actual_rep, 1, curr_step, 7, track_size, 99, robot_vel, 37.49, joints_pos, 28.38, 56.93, -17.14, -70.89, 17.99, 53.89, 56.16, tool_torque, -0.041, 0.118, -0.011, joint_torque, -0.51, -6.93, -1.31, 3.66, 0.04, -0.16, -0.02, robot_mode, normal, 
10/05/2022 14:14:06:775, robot_pos, 1652188337598, 619.83, 213.8, 200.92, 2.31, 0.0, 3.12, circuit_pos, 619.98, 227.9, 199.03, 2.32, 0.0, 3.11, tool_force, -1.76, 1.01, -10.11, actual_rep, 1, curr_step, 6, track_size, 99, robot_vel, 39.24, joints_pos, 28.73, 57.15, -17.08, -70.44, 18.21, 53.92, 56.28, tool_torque, -0.093, 0.186, -0.048, joint_torque, -0.83, -6.69, -1.39, 3.61, 0.04, -0.2, -0.05, robot_mode, normal, 
10/05/2022 14:14:06:923, robot_pos, 1652188337749, 619.97, 219.58, 200.99, 2.31, 0.0, 3.12, circuit_pos, 619.98, 227.9, 199.03, 2.32, 0.0, 3.11, tool_force, -1.18, 0.88, -10.97, actual_rep, 1, curr_step, 6, track_size, 99, robot_vel, 40.66, joints_pos, 29.12, 57.33, -17.07, -70.07, 18.43, 53.9, 56.4, tool_torque, -0.054, 0.076, -0.028, joint_torque, -0.4, -7.0, -1.23, 3.63, 0.05, -0.14, -0.04, robot_mode, normal, 
10/05/2022 14:14:07:075, robot_pos, 1652188337898, 620.04, 225.39, 201.11, 2.32, 0.0, 3.11, circuit_pos, 619.55, 239.35, 199.74, 2.33, 0.0, 3.1, tool_force, -1.21, 1.33, -10.65, actual_rep, 1, curr_step, 5, track_size, 99, robot_vel, 42.36, joints_pos, 29.53, 57.5, -17.08, -69.69, 18.66, 53.89, 56.49, tool_torque, -0.015, 0.123, -0.028, joint_torque, -0.3, -7.04, -1.1, 3.72, 0.07, -0.13, -0.03, robot_mode, normal, 
10/05/2022 14:14:07:225, robot_pos, 1652188338047, 619.95, 231.15, 201.37, 2.32, 0.0, 3.11, circuit_pos, 619.55, 239.35, 199.74, 2.33, 0.0, 3.1, tool_force, -0.64, 1.41, -10.67, actual_rep, 1, curr_step, 5, track_size, 99, robot_vel, 40.63, joints_pos, 29.94, 57.64, -17.09, -69.35, 18.84, 53.84, 56.61, tool_torque, 0.07, 0.076, -0.0050, joint_torque, -0.05, -7.03, -1.0, 3.72, 0.08, -0.08, -0.02, robot_mode, normal, 
10/05/2022 14:14:07:377, robot_pos, 1652188338194, 619.71, 237.04, 201.64, 2.33, 0.0, 3.1, circuit_pos, 618.61, 250.37, 200.73, 2.34, -0.01, 3.1, tool_force, -0.88, 1.18, -10.61, actual_rep, 1, curr_step, 4, track_size, 99, robot_vel, 41.75, joints_pos, 30.35, 57.79, -17.09, -69.01, 19.05, 53.86, 56.7, tool_torque, -0.02, 0.175, -0.017, joint_torque, -0.65, -7.13, -1.26, 3.77, 0.05, -0.17, 0.0, robot_mode, normal, 
10/05/2022 14:14:07:527, robot_pos, 1652188338344, 619.36, 242.68, 202.05, 2.33, 0.0, 3.1, circuit_pos, 618.61, 250.37, 200.73, 2.34, -0.01, 3.1, tool_force, -1.01, 0.77, -10.36, actual_rep, 1, curr_step, 4, track_size, 99, robot_vel, 40.9, joints_pos, 30.73, 57.96, -17.08, -68.58, 19.29, 54.12, 56.76, tool_torque, -0.263, 0.107, -0.031, joint_torque, -0.71, -7.38, -1.34, 3.78, 0.05, -0.31, -0.02, robot_mode, normal, 
10/05/2022 14:14:07:675, robot_pos, 1652188338490, 618.98, 248.53, 202.51, 2.34, -0.01, 3.1, circuit_pos, 617.23, 260.65, 201.8, 2.34, -0.01, 3.09, tool_force, -1.39, 0.97, -10.17, actual_rep, 1, curr_step, 3, track_size, 99, robot_vel, 42.84, joints_pos, 31.11, 58.12, -17.08, -68.17, 19.51, 54.32, 56.93, tool_torque, -0.176, 0.112, -0.053, joint_torque, -0.72, -7.04, -1.3, 3.74, 0.05, -0.29, -0.05, robot_mode, normal, 
10/05/2022 14:14:07:831, robot_pos, 1652188338640, 618.28, 254.29, 203.1, 2.34, -0.01, 3.09, circuit_pos, 617.23, 260.65, 201.8, 2.34, -0.01, 3.09, tool_force, -0.66, 1.28, -10.51, actual_rep, 1, curr_step, 3, track_size, 99, robot_vel, 39.45, joints_pos, 31.54, 58.2, -17.08, -67.9, 19.72, 54.32, 57.22, tool_torque, -0.096, -0.025, -0.034, joint_torque, -0.15, -7.06, -1.09, 3.74, 0.07, -0.26, -0.05, robot_mode, normal, 
10/05/2022 14:14:07:978, robot_pos, 1652188338788, 617.49, 260.17, 203.66, 2.34, -0.01, 3.09, circuit_pos, 615.8, 269.32, 202.82, 2.35, -0.02, 3.08, tool_force, -0.06, 1.48, -10.29, actual_rep, 1, curr_step, 2, track_size, 99, robot_vel, 37.21, joints_pos, 31.94, 58.28, -17.07, -67.64, 20.06, 54.33, 57.33, tool_torque, -0.094, -0.134, 0.099, joint_torque, -0.06, -7.2, -1.08, 3.81, 0.08, -0.31, 0.1, robot_mode, normal, 
10/05/2022 14:14:08:133, robot_pos, 1652188338937, 616.58, 265.97, 204.29, 2.35, -0.02, 3.08, circuit_pos, 614.15, 276.57, 203.47, 2.36, -0.03, 3.07, tool_force, 0.01, 1.47, -10.42, actual_rep, 1, curr_step, 1, track_size, 99, robot_vel, 38.18, joints_pos, 32.3, 58.34, -17.02, -67.39, 20.49, 54.35, 57.25, tool_torque, -0.08, -0.136, 0.226, joint_torque, -0.36, -7.2, -1.21, 3.78, 0.1, -0.32, 0.25, robot_mode, normal, 
10/05/2022 14:14:08:283, robot_pos, 1652188339086, 615.51, 271.76, 204.9, 2.35, -0.02, 3.08, circuit_pos, 612.88, 280.93, 203.72, 2.36, -0.03, 3.07, tool_force, -0.45, 2.0, -10.34, actual_rep, 1, curr_step, 0, track_size, 99, robot_vel, 40.88, joints_pos, 32.6, 58.38, -16.91, -67.19, 21.03, 54.35, 56.99, tool_torque, 0.054, -0.139, 0.335, joint_torque, -0.37, -7.15, -1.18, 3.84, 0.11, -0.27, 0.36, robot_mode, normal, 
10/05/2022 14:14:08:432, robot_pos, 1652188339238, 614.52, 276.79, 205.39, 2.36, -0.03, 3.07, circuit_pos, 612.88, 280.93, 203.72, 2.36, -0.03, 3.07, tool_force, -0.7, 1.61, -10.69, actual_rep, 1, curr_step, 0, track_size, 99, robot_vel, 30.85, joints_pos, 32.89, 58.42, -16.86, -67.02, 21.52, 54.34, 56.74, tool_torque, 0.087, -0.218, 0.361, joint_torque, -0.3, -7.26, -1.24, 3.82, 0.04, -0.27, 0.38, robot_mode, normal, 
10/05/2022 14:14:08:578, robot_pos, 1652188339384, 614.41, 276.83, 205.45, 2.36, -0.03, 3.07, circuit_pos, 612.88, 280.93, 203.72, 2.36, -0.03, 3.07, tool_force, 0.73, 3.04, -9.81, actual_rep, 1, curr_step, 0, track_size, 99, robot_vel, 0.95, joints_pos, 32.98, 58.42, -17.02, -67.05, 21.75, 54.35, 56.62, tool_torque, 0.076, -0.133, 0.335, joint_torque, 0.1, -7.09, -0.72, 3.96, 0.11, -0.31, 0.41, robot_mode, normal, 
10/05/2022 14:14:08:733, robot_pos, 1652188339535, 614.43, 276.75, 205.44, 2.36, -0.03, 3.07, circuit_pos, 612.88, 280.93, 203.72, 2.36, -0.03, 3.07, tool_force, 0.13, 2.42, -10.23, actual_rep, 1, curr_step, 0, track_size, 99, robot_vel, 1.41, joints_pos, 33.0, 58.43, -17.06, -67.05, 21.75, 54.35, 56.61, tool_torque, -0.011, -0.065, 0.31, joint_torque, -0.06, -7.19, -0.77, 3.93, 0.14, -0.31, 0.39, robot_mode, normal, 
10/05/2022 14:14:08:881, robot_pos, 1652188339686, 614.43, 276.77, 205.45, 2.36, -0.03, 3.07, circuit_pos, 612.88, 280.93, 203.72, 2.36, -0.03, 3.07, tool_force, -0.04, 2.36, -10.31, actual_rep, 1, curr_step, 0, track_size, 99, robot_vel, 0.17, joints_pos, 33.0, 58.43, -17.06, -67.05, 21.75, 54.35, 56.61, tool_torque, -0.015, -0.039, 0.294, joint_torque, -0.18, -7.18, -0.84, 3.93, 0.14, -0.31, 0.37, robot_mode, normal, 
10/05/2022 14:14:09:033, robot_pos, 1652188339836, 614.43, 276.77, 205.45, 2.36, -0.03, 3.07, circuit_pos, 612.88, 280.93, 203.72, 2.36, -0.03, 3.07, tool_force, 0.02, 2.45, -10.19, actual_rep, 1, curr_step, 0, track_size, 99, robot_vel, 0.17, joints_pos, 33.0, 58.43, -17.06, -67.05, 21.75, 54.35, 56.61, tool_torque, 0.0040, -0.06, 0.304, joint_torque, -0.15, -7.14, -0.85, 3.93, 0.14, -0.31, 0.37, robot_mode, normal, 
10/05/2022 14:14:09:182, robot_pos, 1652188339986, 614.43, 276.76, 205.45, 2.36, -0.03, 3.07, circuit_pos, 612.88, 280.93, 203.72, 2.36, -0.03, 3.07, tool_force, -0.05, 2.46, -10.18, actual_rep, 1, curr_step, 0, track_size, 99, robot_vel, 0.04, joints_pos, 33.0, 58.43, -17.06, -67.05, 21.75, 54.35, 56.61, tool_torque, 0.0090, -0.062, 0.307, joint_torque, -0.17, -7.12, -0.87, 3.92, 0.14, -0.31, 0.37, robot_mode, normal, 
