24/05/2022 17:27:55: File Created!
24/05/2022 17:27:55:171, robot_pos, 1653409557785, 612.89, 280.94, 203.7, 2.36, -0.03, 3.07, circuit_pos, 614.15, 276.57, 203.47, 2.36, -0.03, 3.07, tool_force, 0.16, 1.67, 0.4, actual_rep, 1, curr_step, 1, track_size, 99, robot_vel, 0.0, joints_pos, 32.7, 58.45, -15.81, -66.97, 20.51, 54.02, 57.58, tool_torque, 0.176, -0.23, 0.287, joint_torque, 0.21, 0.1, -0.01, 0.33, 0.03, -0.14, 0.29, robot_mode, normal, 
24/05/2022 17:27:55:293, robot_pos, 1653409557930, 612.89, 280.97, 203.73, 2.36, -0.03, 3.07, circuit_pos, 614.15, 276.57, 203.47, 2.36, -0.03, 3.07, tool_force, 0.07, 1.62, 0.42, actual_rep, 1, curr_step, 1, track_size, 99, robot_vel, 0.0, joints_pos, 32.7, 58.45, -15.81, -66.97, 20.51, 54.02, 57.58, tool_torque, 0.169, -0.182, 0.26, joint_torque, 0.17, 0.1, 0.01, 0.32, 0.04, -0.13, 0.27, robot_mode, normal, 
24/05/2022 17:27:55:431, robot_pos, 1653409558070, 613.47, 279.63, 203.67, 2.36, -0.03, 3.07, circuit_pos, 615.8, 269.32, 202.82, 2.35, -0.02, 3.08, tool_force, 1.82, 1.68, 6.84, actual_rep, 1, curr_step, 2, track_size, 99, robot_vel, 6.08, joints_pos, 32.64, 58.46, -15.92, -66.98, 20.51, 54.02, 57.58, tool_torque, 0.274, -0.563, 0.336, joint_torque, 1.68, 4.23, 1.2, -1.6, 0.03, -0.1, 0.31, robot_mode, normal, 
24/05/2022 17:27:55:579, robot_pos, 1653409558219, 614.9, 273.95, 203.09, 2.35, -0.02, 3.08, circuit_pos, 617.23, 260.65, 201.8, 2.34, -0.01, 3.09, tool_force, 0.42, 1.38, 6.96, actual_rep, 1, curr_step, 3, track_size, 99, robot_vel, 42.21, joints_pos, 32.4, 58.48, -16.23, -67.13, 20.37, 54.09, 57.48, tool_torque, 0.145, -0.334, 0.345, joint_torque, 0.66, 4.29, 0.8, -1.63, 0.06, -0.17, 0.34, robot_mode, normal, 
24/05/2022 17:27:55:729, robot_pos, 1653409558366, 616.04, 268.15, 202.53, 2.35, -0.02, 3.08, circuit_pos, 617.23, 260.65, 201.8, 2.34, -0.01, 3.09, tool_force, -0.04, 1.78, 7.27, actual_rep, 1, curr_step, 3, track_size, 99, robot_vel, 41.3, joints_pos, 32.11, 58.44, -16.39, -67.33, 19.95, 54.11, 57.61, tool_torque, 0.183, -0.137, 0.164, joint_torque, 0.45, 4.7, 0.76, -1.77, 0.05, -0.11, 0.14, robot_mode, normal, 
24/05/2022 17:27:55:881, robot_pos, 1653409558515, 616.8, 262.45, 201.87, 2.34, -0.01, 3.09, circuit_pos, 618.61, 250.37, 200.73, 2.34, -0.01, 3.1, tool_force, 0.82, 1.21, 7.77, actual_rep, 1, curr_step, 4, track_size, 99, robot_vel, 38.72, joints_pos, 31.75, 58.37, -16.43, -67.59, 19.5, 54.11, 57.68, tool_torque, 0.248, -0.176, 0.146, joint_torque, 0.85, 5.03, 0.98, -2.1, 0.06, 0.04, 0.12, robot_mode, normal, 
24/05/2022 17:27:56:032, robot_pos, 1653409558664, 617.71, 256.54, 201.31, 2.34, -0.01, 3.09, circuit_pos, 618.61, 250.37, 200.73, 2.34, -0.01, 3.1, tool_force, 0.7, 1.51, 7.7, actual_rep, 1, curr_step, 4, track_size, 99, robot_vel, 40.15, joints_pos, 31.3, 58.31, -16.39, -67.81, 19.19, 54.17, 57.5, tool_torque, 0.334, -0.306, 0.346, joint_torque, 0.62, 5.09, 0.78, -2.05, 0.05, -0.01, 0.32, robot_mode, normal, 
24/05/2022 17:27:56:183, robot_pos, 1653409558813, 618.55, 250.88, 200.8, 2.34, -0.01, 3.1, circuit_pos, 619.55, 239.35, 199.74, 2.33, 0.0, 3.1, tool_force, 0.79, 1.39, 7.12, actual_rep, 1, curr_step, 5, track_size, 99, robot_vel, 51.33, joints_pos, 30.86, 58.22, -16.33, -68.08, 18.85, 54.12, 57.39, tool_torque, 0.476, -0.224, 0.383, joint_torque, 0.94, 4.89, 0.96, -2.14, 0.12, 0.22, 0.34, robot_mode, normal, 
24/05/2022 17:27:56:332, robot_pos, 1653409558961, 619.17, 244.96, 200.38, 2.33, 0.0, 3.1, circuit_pos, 619.98, 227.9, 199.03, 2.32, 0.0, 3.11, tool_force, -0.2, 2.05, 6.92, actual_rep, 1, curr_step, 6, track_size, 99, robot_vel, 40.55, joints_pos, 30.47, 58.05, -16.33, -68.5, 18.57, 53.78, 57.31, tool_torque, 0.483, -0.289, 0.427, joint_torque, 0.37, 4.48, 0.45, -1.72, 0.06, 0.05, 0.38, robot_mode, normal, 
24/05/2022 17:27:56:486, robot_pos, 1653409559111, 619.53, 239.24, 199.92, 2.33, 0.0, 3.1, circuit_pos, 619.98, 227.9, 199.03, 2.32, 0.0, 3.11, tool_force, 0.29, 2.5, 7.27, actual_rep, 1, curr_step, 6, track_size, 99, robot_vel, 40.61, joints_pos, 30.08, 57.91, -16.34, -68.86, 18.35, 53.69, 57.22, tool_torque, 0.557, -0.3, 0.404, joint_torque, 0.49, 4.78, 0.58, -1.84, 0.04, 0.1, 0.36, robot_mode, normal, 
24/05/2022 17:27:56:633, robot_pos, 1653409559259, 619.58, 233.56, 199.51, 2.32, 0.0, 3.11, circuit_pos, 619.92, 216.18, 198.76, 2.31, 0.0, 3.12, tool_force, 2.35, 1.56, 6.52, actual_rep, 1, curr_step, 7, track_size, 99, robot_vel, 37.16, joints_pos, 29.71, 57.75, -16.35, -69.26, 18.15, 53.59, 57.12, tool_torque, 0.49, -0.412, 0.3, joint_torque, 1.35, 4.12, 0.96, -1.84, 0.05, 0.19, 0.25, robot_mode, normal, 
24/05/2022 17:27:56:789, robot_pos, 1653409559408, 620.04, 227.71, 199.52, 2.32, 0.0, 3.11, circuit_pos, 619.92, 216.18, 198.76, 2.31, 0.0, 3.12, tool_force, 0.75, 2.8, 5.44, actual_rep, 1, curr_step, 7, track_size, 99, robot_vel, 38.0, joints_pos, 29.28, 57.62, -16.37, -69.54, 18.01, 53.67, 57.0, tool_torque, 0.329, -0.263, 0.407, joint_torque, 0.69, 3.34, 0.65, -0.84, 0.18, -0.15, 0.38, robot_mode, normal, 
24/05/2022 17:27:56:934, robot_pos, 1653409559555, 620.42, 221.94, 199.74, 2.31, 0.0, 3.12, circuit_pos, 619.33, 204.63, 198.88, 2.3, 0.01, 3.13, tool_force, -0.7, 3.73, 3.21, actual_rep, 1, curr_step, 8, track_size, 99, robot_vel, 39.82, joints_pos, 28.84, 57.46, -16.34, -69.82, 17.79, 53.75, 56.91, tool_torque, 0.209, -0.27, 0.418, joint_torque, 0.22, 1.6, 0.12, 0.12, 0.17, -0.35, 0.39, robot_mode, normal, 
24/05/2022 17:27:57:089, robot_pos, 1653409559707, 619.94, 215.84, 199.04, 2.31, 0.0, 3.12, circuit_pos, 619.33, 204.63, 198.88, 2.3, 0.01, 3.13, tool_force, 0.62, 0.76, 6.07, actual_rep, 1, curr_step, 8, track_size, 99, robot_vel, 39.94, joints_pos, 28.45, 57.29, -16.33, -70.3, 17.43, 53.66, 56.89, tool_torque, 0.438, -0.211, 0.311, joint_torque, 0.22, 4.46, 0.39, -2.08, 0.04, 0.22, 0.26, robot_mode, normal, 
24/05/2022 17:27:57:245, robot_pos, 1653409559854, 619.74, 209.9, 199.49, 2.3, 0.01, 3.13, circuit_pos, 618.07, 193.54, 199.34, 2.3, 0.0, 3.14, tool_force, 0.16, 1.8, 4.13, actual_rep, 1, curr_step, 9, track_size, 99, robot_vel, 40.81, joints_pos, 28.11, 57.04, -16.4, -70.75, 17.1, 53.58, 56.9, tool_torque, 0.359, -0.149, 0.269, joint_torque, 0.58, 1.64, 0.4, -0.59, 0.13, 0.08, 0.23, robot_mode, impedance, 
24/05/2022 17:27:57:390, robot_pos, 1653409560004, 620.83, 205.4, 201.79, 2.3, 0.01, 3.13, circuit_pos, 618.07, 193.54, 199.34, 2.3, 0.0, 3.14, tool_force, -1.93, 4.1, -1.64, actual_rep, 1, curr_step, 9, track_size, 99, robot_vel, 39.33, joints_pos, 27.75, 56.8, -16.43, -70.79, 16.85, 53.81, 56.98, tool_torque, 0.104, 0.031, 0.357, joint_torque, -0.45, -1.65, -0.59, 2.19, 0.31, -0.54, 0.35, robot_mode, impedance, 
24/05/2022 17:27:57:536, robot_pos, 1653409560151, 623.66, 201.09, 206.0, 2.29, 0.0, 3.13, circuit_pos, 618.07, 193.54, 199.34, 2.3, 0.0, 3.14, tool_force, -2.61, 7.48, -11.21, actual_rep, 1, curr_step, 9, track_size, 99, robot_vel, 46.12, joints_pos, 27.23, 56.63, -16.4, -70.37, 16.84, 54.57, 56.8, tool_torque, -0.172, 0.022, 0.728, joint_torque, -0.26, -8.79, -1.22, 6.58, 0.76, -1.11, 0.72, robot_mode, impedance, 
24/05/2022 17:27:57:692, robot_pos, 1653409560302, 626.15, 195.87, 208.3, 2.29, 0.0, 3.13, circuit_pos, 618.07, 193.54, 199.34, 2.3, 0.0, 3.14, tool_force, -4.34, 7.08, -15.36, actual_rep, 1, curr_step, 9, track_size, 99, robot_vel, 41.57, joints_pos, 26.67, 56.6, -16.39, -70.03, 16.71, 55.22, 56.5, tool_torque, -0.303, -0.038, 0.777, joint_torque, -1.77, -11.14, -2.62, 7.61, 0.56, -1.29, 0.76, robot_mode, impedance, 
24/05/2022 17:27:57:839, robot_pos, 1653409560449, 626.45, 193.33, 209.0, 2.29, 0.0, 3.14, circuit_pos, 618.07, 193.54, 199.34, 2.3, 0.0, 3.14, tool_force, -2.9, 1.93, -19.05, actual_rep, 1, curr_step, 9, track_size, 99, robot_vel, 27.25, joints_pos, 26.3, 56.54, -16.16, -69.95, 16.54, 55.67, 56.39, tool_torque, -0.239, -0.036, 0.872, joint_torque, -1.91, -12.97, -3.03, 7.07, 0.54, -0.61, 0.83, robot_mode, impedance, 
24/05/2022 17:27:57:988, robot_pos, 1653409560599, 624.86, 194.93, 212.17, 2.29, -0.01, 3.14, circuit_pos, 618.07, 193.54, 199.34, 2.3, 0.0, 3.14, tool_force, 1.71, 0.75, -27.49, actual_rep, 1, curr_step, 9, track_size, 99, robot_vel, 26.93, joints_pos, 26.33, 56.09, -15.92, -70.24, 16.53, 55.8, 56.46, tool_torque, -0.552, 0.22, 0.765, joint_torque, 0.41, -18.5, -1.66, 9.0, 1.07, -0.18, 0.74, robot_mode, impedance, 
24/05/2022 17:27:58:139, robot_pos, 1653409560748, 619.7, 195.47, 213.97, 2.29, -0.01, 3.14, circuit_pos, 618.07, 193.54, 199.34, 2.3, 0.0, 3.14, tool_force, 5.19, -4.55, -31.51, actual_rep, 1, curr_step, 9, track_size, 99, robot_vel, 37.29, joints_pos, 26.6, 55.38, -15.86, -71.35, 16.36, 55.59, 56.54, tool_torque, -0.463, 0.35, 0.639, joint_torque, 1.34, -19.6, -1.1, 8.04, 1.09, 0.67, 0.61, robot_mode, impedance, 
24/05/2022 17:27:58:291, robot_pos, 1653409560898, 612.68, 197.8, 214.06, 2.29, -0.01, 3.14, circuit_pos, 618.07, 193.54, 199.34, 2.3, 0.0, 3.14, tool_force, 9.02, -5.34, -28.56, actual_rep, 1, curr_step, 9, track_size, 99, robot_vel, 45.92, joints_pos, 27.0, 54.65, -15.67, -72.77, 16.36, 54.93, 56.68, tool_torque, -0.198, 0.468, 0.538, joint_torque, 2.95, -16.93, 0.38, 5.96, 1.18, 1.31, 0.5, robot_mode, impedance, 
24/05/2022 17:27:58:442, robot_pos, 1653409561048, 607.37, 196.11, 212.26, 2.3, -0.01, -3.14, circuit_pos, 618.07, 193.54, 199.34, 2.3, 0.0, 3.14, tool_force, 7.39, -7.75, -24.14, actual_rep, 1, curr_step, 9, track_size, 99, robot_vel, 49.97, joints_pos, 27.29, 54.18, -15.84, -74.09, 16.28, 54.09, 56.6, tool_torque, -0.162, 0.729, 0.431, joint_torque, 1.57, -14.31, 0.09, 4.11, 0.85, 1.53, 0.52, robot_mode, impedance, 
24/05/2022 17:27:58:592, robot_pos, 1653409561195, 605.95, 192.96, 212.47, 2.29, 0.0, -3.14, circuit_pos, 618.07, 193.54, 199.34, 2.3, 0.0, 3.14, tool_force, 3.38, -8.37, -24.04, actual_rep, 1, curr_step, 9, track_size, 99, robot_vel, 29.17, joints_pos, 27.29, 53.9, -16.04, -74.67, 16.18, 53.72, 56.5, tool_torque, 0.155, 0.358, 0.599, joint_torque, -0.82, -13.53, -2.1, 3.62, 0.28, 1.45, 0.62, robot_mode, impedance, 
24/05/2022 17:27:58:743, robot_pos, 1653409561345, 606.92, 186.67, 212.45, 2.29, 0.0, -3.14, circuit_pos, 618.07, 193.54, 199.34, 2.3, 0.0, 3.14, tool_force, -1.84, -11.01, -23.56, actual_rep, 1, curr_step, 9, track_size, 99, robot_vel, 45.39, joints_pos, 26.98, 53.86, -16.35, -74.84, 16.07, 53.71, 56.01, tool_torque, 0.124, 0.509, 0.557, joint_torque, -4.06, -13.25, -4.36, 3.01, -0.24, 1.44, 0.63, robot_mode, impedance, 
24/05/2022 17:27:58:890, robot_pos, 1653409561493, 606.95, 183.69, 211.33, 2.29, 0.0, -3.14, circuit_pos, 618.07, 193.54, 199.34, 2.3, 0.0, 3.14, tool_force, 0.04, -14.13, -21.85, actual_rep, 1, curr_step, 9, track_size, 99, robot_vel, 24.74, joints_pos, 26.65, 53.89, -16.23, -74.95, 16.15, 53.76, 55.75, tool_torque, 0.354, -0.072, 0.822, joint_torque, -4.98, -11.78, -5.52, 1.09, -0.58, 1.77, 0.82, robot_mode, impedance, 
24/05/2022 17:27:59:044, robot_pos, 1653409561641, 607.55, 175.25, 210.41, 2.29, 0.0, -3.13, circuit_pos, 618.07, 193.54, 199.34, 2.3, 0.0, 3.14, tool_force, -9.17, -17.39, -16.78, actual_rep, 1, curr_step, 9, track_size, 99, robot_vel, 56.29, joints_pos, 26.28, 53.9, -16.68, -75.24, 15.96, 53.76, 55.29, tool_torque, 0.674, 0.011, 0.919, joint_torque, -10.91, -8.02, -9.43, -1.05, -1.62, 1.65, 0.96, robot_mode, impedance, 
24/05/2022 17:27:59:191, robot_pos, 1653409561790, 610.13, 170.51, 209.72, 2.29, 0.01, -3.13, circuit_pos, 618.07, 193.54, 199.34, 2.3, 0.0, 3.14, tool_force, -13.4, -15.41, -16.48, actual_rep, 1, curr_step, 9, track_size, 99, robot_vel, 49.96, joints_pos, 25.76, 53.99, -16.62, -75.16, 16.05, 53.31, 54.86, tool_torque, 0.625, -0.108, 1.009, joint_torque, -12.83, -8.32, -11.04, 0.07, -1.75, 1.02, 1.0, robot_mode, impedance, 
24/05/2022 17:27:59:344, robot_pos, 1653409561939, 613.58, 165.93, 209.64, 2.29, 0.01, -3.14, circuit_pos, 618.07, 193.54, 199.34, 2.3, 0.0, 3.14, tool_force, -17.47, -15.57, -15.48, actual_rep, 1, curr_step, 9, track_size, 99, robot_vel, 40.55, joints_pos, 25.24, 54.21, -16.63, -74.73, 16.1, 53.41, 54.35, tool_torque, 0.453, -0.115, 1.1, joint_torque, -15.27, -8.03, -12.73, 0.22, -2.0, 0.59, 1.12, robot_mode, impedance, 
24/05/2022 17:27:59:500, robot_pos, 1653409562093, 615.2, 165.45, 208.42, 2.29, 0.0, -3.14, circuit_pos, 618.07, 193.54, 199.34, 2.3, 0.0, 3.14, tool_force, -14.98, -16.04, -13.72, actual_rep, 1, curr_step, 9, track_size, 99, robot_vel, 20.3, joints_pos, 24.88, 54.47, -16.32, -74.34, 16.16, 53.59, 54.22, tool_torque, 0.371, -0.17, 1.04, joint_torque, -13.93, -6.69, -11.49, -0.69, -1.81, 0.75, 1.02, robot_mode, impedance, 
24/05/2022 17:27:59:646, robot_pos, 1653409562238, 613.44, 171.14, 206.91, 2.29, -0.01, -3.14, circuit_pos, 618.07, 193.54, 199.34, 2.3, 0.0, 3.14, tool_force, -6.36, -14.81, -10.91, actual_rep, 1, curr_step, 9, track_size, 99, robot_vel, 32.9, joints_pos, 24.97, 54.55, -15.74, -74.3, 16.28, 53.69, 54.36, tool_torque, 0.381, -0.035, 0.753, joint_torque, -8.11, -4.7, -6.83, -1.97, -1.04, 1.41, 0.7, robot_mode, impedance, 
24/05/2022 17:27:59:799, robot_pos, 1653409562390, 609.65, 175.81, 205.62, 2.3, -0.01, -3.13, circuit_pos, 618.07, 193.54, 199.34, 2.3, 0.0, 3.14, tool_force, -0.49, -16.12, -8.91, actual_rep, 1, curr_step, 9, track_size, 99, robot_vel, 38.19, joints_pos, 25.48, 54.43, -15.66, -74.76, 16.22, 53.54, 54.75, tool_torque, 0.456, 0.319, 0.489, joint_torque, -4.97, -2.63, -3.99, -3.9, -0.63, 2.21, 0.45, robot_mode, impedance, 
24/05/2022 17:27:59:953, robot_pos, 1653409562536, 606.58, 181.93, 204.43, 2.3, -0.01, -3.14, circuit_pos, 618.07, 193.54, 199.34, 2.3, 0.0, 3.14, tool_force, 1.74, -10.52, -3.17, actual_rep, 1, curr_step, 9, track_size, 99, robot_vel, 45.99, joints_pos, 26.08, 54.29, -15.57, -75.25, 16.23, 52.74, 55.08, tool_torque, 0.298, 0.444, 0.096, joint_torque, -2.18, 0.47, -1.33, -3.58, -0.26, 1.61, 0.09, robot_mode, impedance, 
24/05/2022 17:28:00:099, robot_pos, 1653409562686, 606.45, 187.02, 202.25, 2.3, 0.0, 3.14, circuit_pos, 618.07, 193.54, 199.34, 2.3, 0.0, 3.14, tool_force, 1.11, -5.2, 2.51, actual_rep, 1, curr_step, 9, track_size, 99, robot_vel, 38.07, joints_pos, 26.51, 54.58, -15.55, -75.05, 16.29, 52.33, 55.45, tool_torque, 0.232, 0.35, -0.065, joint_torque, -0.62, 2.42, 0.08, -2.95, -0.13, 0.98, -0.05, robot_mode, impedance, 
24/05/2022 17:28:00:248, robot_pos, 1653409562833, 609.1, 190.19, 201.09, 2.3, 0.0, 3.14, circuit_pos, 618.07, 193.54, 199.34, 2.3, 0.0, 3.14, tool_force, 1.37, -2.21, 5.12, actual_rep, 1, curr_step, 9, track_size, 99, robot_vel, 26.31, joints_pos, 26.66, 55.05, -15.59, -74.29, 16.32, 52.47, 55.66, tool_torque, -0.068, 0.261, -0.165, joint_torque, 0.31, 3.77, 1.03, -2.56, 0.02, 0.39, -0.13, robot_mode, impedance, 
24/05/2022 17:28:00:403, robot_pos, 1653409562984, 612.38, 192.64, 200.29, 2.3, 0.0, 3.14, circuit_pos, 616.29, 182.76, 200.06, 2.3, 0.0, -3.14, tool_force, 0.77, -0.68, 6.56, actual_rep, 1, curr_step, 10, track_size, 99, robot_vel, 27.33, joints_pos, 26.68, 55.59, -15.61, -73.35, 16.36, 52.94, 55.89, tool_torque, -0.089, 0.208, -0.142, joint_torque, 0.4, 4.08, 1.1, -2.3, 0.05, 0.14, -0.1, robot_mode, impedance, 
24/05/2022 17:28:00:549, robot_pos, 1653409563131, 615.22, 191.53, 199.88, 2.3, 0.0, 3.14, circuit_pos, 616.29, 182.76, 200.06, 2.3, 0.0, -3.14, tool_force, 0.56, 1.56, 7.46, actual_rep, 1, curr_step, 10, track_size, 99, robot_vel, 20.45, joints_pos, 26.59, 55.97, -15.84, -72.72, 16.35, 53.37, 55.94, tool_torque, -0.037, -0.021, -0.022, joint_torque, 0.64, 4.29, 1.12, -1.69, 0.06, -0.16, 0.01, robot_mode, impedance, 
24/05/2022 17:28:00:704, robot_pos, 1653409563281, 616.89, 185.79, 199.94, 2.3, 0.0, -3.14, circuit_pos, 613.82, 173.02, 200.94, 2.3, 0.0, -3.13, tool_force, 0.3, 1.66, 6.74, actual_rep, 1, curr_step, 11, track_size, 99, robot_vel, 46.49, joints_pos, 26.28, 56.05, -16.15, -72.62, 16.34, 53.67, 55.62, tool_torque, 0.14, -0.257, 0.291, joint_torque, 0.23, 4.18, 0.63, -1.54, 0.0, -0.21, 0.33, robot_mode, impedance, 
24/05/2022 17:28:00:852, robot_pos, 1653409563428, 616.98, 180.53, 200.2, 2.3, 0.0, -3.13, circuit_pos, 613.82, 173.02, 200.94, 2.3, 0.0, -3.13, tool_force, -0.05, 2.06, 7.38, actual_rep, 1, curr_step, 11, track_size, 99, robot_vel, 33.96, joints_pos, 25.9, 55.94, -16.21, -72.81, 16.16, 53.89, 55.3, tool_torque, 0.227, -0.206, 0.383, joint_torque, 0.1, 4.47, 0.6, -1.71, 0.05, -0.14, 0.42, robot_mode, impedance, 
24/05/2022 17:28:01:003, robot_pos, 1653409563578, 615.45, 174.26, 200.83, 2.3, 0.0, -3.13, circuit_pos, 610.26, 162.17, 202.23, 2.31, -0.01, -3.13, tool_force, -0.3, 1.06, 7.33, actual_rep, 1, curr_step, 12, track_size, 99, robot_vel, 48.01, joints_pos, 25.51, 55.61, -16.23, -73.39, 15.97, 53.99, 54.78, tool_torque, 0.312, -0.127, 0.42, joint_torque, -0.26, 4.52, 0.32, -1.97, 0.02, 0.02, 0.43, robot_mode, impedance, 
24/05/2022 17:28:01:152, robot_pos, 1653409563726, 613.68, 168.12, 202.4, 2.3, 0.0, -3.13, circuit_pos, 610.26, 162.17, 202.23, 2.31, -0.01, -3.13, tool_force, 0.67, -1.08, 0.94, actual_rep, 1, curr_step, 12, track_size, 99, robot_vel, 46.28, joints_pos, 25.04, 55.08, -16.18, -74.15, 16.12, 53.9, 53.97, tool_torque, 0.238, -0.155, 0.61, joint_torque, -0.61, 0.49, -0.54, -0.54, 0.14, 0.18, 0.61, robot_mode, impedance, 
24/05/2022 17:28:01:302, robot_pos, 1653409563875, 616.38, 159.8, 210.59, 2.3, -0.01, -3.13, circuit_pos, 606.79, 153.9, 203.36, 2.32, -0.02, -3.13, tool_force, -8.74, 4.72, -17.99, actual_rep, 1, curr_step, 13, track_size, 99, robot_vel, 88.09, joints_pos, 24.32, 54.34, -16.42, -74.19, 16.54, 54.43, 52.64, tool_torque, -0.202, 0.376, 0.784, joint_torque, -4.76, -13.15, -4.94, 8.52, 0.31, -1.14, 0.82, robot_mode, impedance, 
24/05/2022 17:28:01:457, robot_pos, 1653409564026, 618.29, 152.92, 215.71, 2.31, -0.02, -3.13, circuit_pos, 606.79, 153.9, 203.36, 2.32, -0.02, -3.13, tool_force, -7.16, 6.94, -24.35, actual_rep, 1, curr_step, 13, track_size, 99, robot_vel, 77.16, joints_pos, 23.44, 53.95, -16.24, -74.03, 16.89, 55.24, 51.33, tool_torque, -0.061, 0.044, 0.896, joint_torque, -3.1, -16.16, -4.39, 10.47, 0.44, -1.25, 0.87, robot_mode, impedance, 
24/05/2022 17:28:01:603, robot_pos, 1653409564173, 615.41, 152.34, 213.65, 2.31, -0.03, -3.13, circuit_pos, 606.79, 153.9, 203.36, 2.32, -0.02, -3.13, tool_force, -0.49, 3.84, -15.8, actual_rep, 1, curr_step, 13, track_size, 99, robot_vel, 22.07, joints_pos, 23.1, 53.84, -15.7, -74.52, 16.88, 55.21, 50.92, tool_torque, 0.154, -0.175, 0.707, joint_torque, 0.86, -9.96, -0.86, 6.05, 0.63, -0.32, 0.63, robot_mode, impedance, 
24/05/2022 17:28:01:755, robot_pos, 1653409564323, 611.91, 157.01, 210.27, 2.32, -0.03, -3.13, circuit_pos, 606.79, 153.9, 203.36, 2.32, -0.02, -3.13, tool_force, 2.39, 6.58, -8.82, actual_rep, 1, curr_step, 13, track_size, 99, robot_vel, 47.73, joints_pos, 23.5, 53.81, -15.4, -75.09, 16.62, 54.47, 51.31, tool_torque, 0.253, 0.113, 0.283, joint_torque, 3.05, -5.84, 1.52, 4.45, 0.8, -0.2, 0.23, robot_mode, impedance, 
24/05/2022 17:28:01:907, robot_pos, 1653409564471, 610.61, 161.18, 210.87, 2.32, -0.02, -3.13, circuit_pos, 606.79, 153.9, 203.36, 2.32, -0.02, -3.13, tool_force, 4.25, 5.89, -12.34, actual_rep, 1, curr_step, 13, track_size, 99, robot_vel, 22.36, joints_pos, 24.02, 53.73, -15.54, -75.17, 16.52, 54.43, 51.85, tool_torque, -0.029, 0.093, 0.266, joint_torque, 3.89, -8.59, 2.05, 5.46, 0.92, -0.17, 0.31, robot_mode, impedance, 
24/05/2022 17:28:02:060, robot_pos, 1653409564621, 609.59, 163.35, 213.42, 2.32, -0.02, -3.13, circuit_pos, 606.79, 153.9, 203.36, 2.32, -0.02, -3.13, tool_force, 5.59, 5.13, -20.73, actual_rep, 1, curr_step, 13, track_size, 99, robot_vel, 24.14, joints_pos, 24.38, 53.46, -15.74, -75.29, 16.52, 54.57, 52.05, tool_torque, -0.284, 0.028, 0.272, joint_torque, 4.03, -13.72, 1.4, 8.02, 1.0, -0.32, 0.3, robot_mode, impedance, 
24/05/2022 17:28:02:208, robot_pos, 1653409564772, 607.95, 164.49, 213.3, 2.32, -0.02, -3.13, circuit_pos, 606.79, 153.9, 203.36, 2.32, -0.02, -3.13, tool_force, 7.93, 7.35, -14.41, actual_rep, 1, curr_step, 13, track_size, 99, robot_vel, 12.19, joints_pos, 24.56, 53.35, -15.75, -75.56, 16.56, 54.49, 52.09, tool_torque, 0.063, -0.105, 0.215, joint_torque, 6.35, -9.09, 3.6, 6.07, 1.12, -0.14, 0.23, robot_mode, impedance, 
24/05/2022 17:28:02:357, robot_pos, 1653409564919, 605.88, 166.52, 208.81, 2.32, -0.02, -3.13, circuit_pos, 606.79, 153.9, 203.36, 2.32, -0.02, -3.13, tool_force, 6.37, 7.83, -1.39, actual_rep, 1, curr_step, 13, track_size, 99, robot_vel, 44.17, joints_pos, 24.78, 53.6, -15.68, -75.87, 16.59, 53.94, 52.19, tool_torque, 0.357, 0.042, -0.0090, joint_torque, 5.85, -1.06, 4.22, 2.14, 0.84, 0.02, -0.01, robot_mode, impedance, 
24/05/2022 17:28:02:510, robot_pos, 1653409565069, 606.51, 164.31, 205.73, 2.32, -0.02, -3.13, circuit_pos, 606.79, 153.9, 203.36, 2.32, -0.02, -3.13, tool_force, 3.59, 5.11, 3.6, actual_rep, 1, curr_step, 13, track_size, 99, robot_vel, 28.33, joints_pos, 24.78, 53.93, -15.94, -75.85, 16.57, 53.69, 52.1, tool_torque, 0.202, -0.03, 0.04, joint_torque, 3.4, 2.18, 2.9, -0.03, 0.4, -0.1, 0.1, robot_mode, impedance, 
24/05/2022 17:28:02:658, robot_pos, 1653409565218, 607.5, 160.18, 203.76, 2.32, -0.01, -3.12, circuit_pos, 606.79, 153.9, 203.36, 2.32, -0.02, -3.13, tool_force, 0.39, 2.92, 7.11, actual_rep, 1, curr_step, 13, track_size, 99, robot_vel, 38.07, joints_pos, 24.53, 54.14, -16.11, -75.83, 16.57, 53.6, 51.84, tool_torque, 0.35, -0.051, 0.248, joint_torque, 0.86, 4.39, 1.19, -1.47, 0.09, -0.05, 0.28, robot_mode, impedance, 
24/05/2022 17:28:02:841, robot_pos, 1653409565366, 607.28, 152.49, 203.26, 2.32, -0.02, -3.12, circuit_pos, 603.97, 146.3, 204.51, 2.33, -0.02, -3.13, tool_force, -3.08, 1.73, 7.53, actual_rep, 1, curr_step, 14, track_size, 99, robot_vel, 56.11, joints_pos, 23.96, 53.97, -16.27, -76.31, 16.93, 53.44, 50.54, tool_torque, 0.466, 0.0070, 0.398, joint_torque, -0.16, 5.15, 0.34, -1.53, -0.07, -0.09, 0.42, robot_mode, normal, 
24/05/2022 17:28:02:964, robot_pos, 1653409565516, 604.11, 146.02, 204.43, 2.33, -0.02, -3.13, circuit_pos, 601.01, 139.35, 205.37, 2.34, -0.02, -3.14, tool_force, -0.96, 2.49, 7.12, actual_rep, 1, curr_step, 15, track_size, 99, robot_vel, 48.52, joints_pos, 23.48, 53.25, -16.16, -77.54, 17.09, 52.67, 49.33, tool_torque, 0.593, -0.184, 0.44, joint_torque, 0.11, 4.83, 0.37, -1.81, 0.0, 0.04, 0.41, robot_mode, normal, 
24/05/2022 17:28:03:114, robot_pos, 1653409565664, 601.71, 140.06, 205.02, 2.34, -0.02, -3.14, circuit_pos, 597.41, 132.91, 205.91, 2.34, -0.01, 3.14, tool_force, -0.7, 2.52, 6.42, actual_rep, 1, curr_step, 16, track_size, 99, robot_vel, 42.15, joints_pos, 23.04, 52.7, -16.08, -78.53, 17.17, 51.91, 48.35, tool_torque, 0.554, -0.174, 0.42, joint_torque, -0.13, 4.46, 0.18, -1.78, 0.0, 0.03, 0.39, robot_mode, normal, 
24/05/2022 17:28:03:266, robot_pos, 1653409565814, 598.35, 134.37, 205.58, 2.34, -0.01, -3.14, circuit_pos, 593.12, 127.86, 206.25, 2.35, -0.01, 3.13, tool_force, -1.0, 2.42, 7.23, actual_rep, 1, curr_step, 17, track_size, 99, robot_vel, 43.29, joints_pos, 22.8, 52.05, -16.15, -79.76, 17.09, 50.97, 47.58, tool_torque, 0.539, -0.065, 0.411, joint_torque, -0.08, 4.54, 0.36, -1.57, 0.04, 0.02, 0.41, robot_mode, normal, 
24/05/2022 17:28:03:442, robot_pos, 1653409565962, 593.46, 128.46, 205.99, 2.35, -0.01, 3.14, circuit_pos, 588.4, 123.46, 206.41, 2.35, -0.01, 3.13, tool_force, 0.05, 2.57, 6.36, actual_rep, 1, curr_step, 18, track_size, 99, robot_vel, 48.25, joints_pos, 22.47, 51.27, -16.11, -81.28, 17.38, 49.93, 46.4, tool_torque, 0.617, -0.288, 0.427, joint_torque, 0.31, 4.49, 0.42, -1.68, -0.02, 0.06, 0.4, robot_mode, normal, 
24/05/2022 17:28:03:566, robot_pos, 1653409566111, 587.69, 123.24, 206.42, 2.35, -0.01, 3.13, circuit_pos, 582.86, 118.76, 206.76, 2.35, -0.02, 3.13, tool_force, 0.16, 2.8, 6.89, actual_rep, 1, curr_step, 19, track_size, 99, robot_vel, 58.05, joints_pos, 22.19, 50.48, -16.07, -82.79, 17.6, 49.2, 45.56, tool_torque, 0.741, -0.407, 0.435, joint_torque, 0.69, 4.34, 0.49, -1.52, -0.01, 0.02, 0.36, robot_mode, normal, 
24/05/2022 17:28:03:749, robot_pos, 1653409566259, 582.79, 118.31, 206.96, 2.35, -0.02, 3.13, circuit_pos, 577.4, 114.29, 207.37, 2.35, -0.02, 3.12, tool_force, -0.88, 2.63, 7.08, actual_rep, 1, curr_step, 20, track_size, 99, robot_vel, 50.3, joints_pos, 21.9, 49.82, -16.07, -84.03, 17.96, 48.66, 44.84, tool_torque, 0.669, -0.237, 0.392, joint_torque, 0.2, 4.25, 0.29, -1.52, -0.04, 0.01, 0.36, robot_mode, impedance, 
24/05/2022 17:28:03:867, robot_pos, 1653409566410, 577.93, 114.52, 207.45, 2.35, -0.02, 3.13, circuit_pos, 572.02, 110.24, 208.21, 2.35, -0.02, 3.12, tool_force, -0.19, 2.33, 7.16, actual_rep, 1, curr_step, 21, track_size, 99, robot_vel, 50.2, joints_pos, 21.71, 49.18, -16.09, -85.24, 18.3, 48.06, 44.18, tool_torque, 0.715, -0.298, 0.423, joint_torque, 0.4, 4.13, 0.39, -1.36, -0.04, 0.03, 0.38, robot_mode, impedance, 
24/05/2022 17:28:04:078, robot_pos, 1653409566584, 571.54, 109.91, 208.55, 2.35, -0.02, 3.13, circuit_pos, 561.73, 103.94, 210.6, 2.35, -0.01, 3.12, tool_force, -0.63, 2.76, 7.35, actual_rep, 1, curr_step, 23, track_size, 99, robot_vel, 45.21, joints_pos, 21.62, 48.33, -16.18, -86.76, 18.33, 47.41, 43.66, tool_torque, 0.616, -0.192, 0.357, joint_torque, 0.3, 4.24, 0.51, -1.49, -0.04, 0.04, 0.35, robot_mode, impedance, 
24/05/2022 17:28:04:168, robot_pos, 1653409566706, 567.43, 107.44, 209.63, 2.35, -0.02, 3.12, circuit_pos, 561.73, 103.94, 210.6, 2.35, -0.01, 3.12, tool_force, -0.86, 2.45, 7.28, actual_rep, 1, curr_step, 23, track_size, 99, robot_vel, 41.69, joints_pos, 21.59, 47.73, -16.22, -87.76, 18.31, 46.83, 43.43, tool_torque, 0.575, -0.102, 0.338, joint_torque, 0.19, 4.25, 0.54, -1.49, -0.01, 0.05, 0.34, robot_mode, impedance, 
24/05/2022 17:28:04:356, robot_pos, 1653409566856, 562.09, 104.02, 210.95, 2.35, -0.01, 3.12, circuit_pos, 556.83, 101.58, 211.93, 2.35, -0.01, 3.11, tool_force, -0.76, 2.39, 7.18, actual_rep, 1, curr_step, 24, track_size, 99, robot_vel, 41.92, joints_pos, 21.6, 46.91, -16.25, -89.16, 17.91, 45.84, 43.34, tool_torque, 0.531, -0.049, 0.32, joint_torque, 0.08, 4.16, 0.47, -1.41, 0.02, 0.07, 0.32, robot_mode, impedance, 
24/05/2022 17:28:04:468, robot_pos, 1653409567003, 556.51, 102.76, 212.47, 2.35, -0.01, 3.12, circuit_pos, 547.94, 99.45, 214.4, 2.35, -0.02, 3.11, tool_force, -0.69, 2.51, 7.24, actual_rep, 1, curr_step, 26, track_size, 99, robot_vel, 39.81, joints_pos, 21.56, 46.12, -16.14, -90.38, 18.2, 45.25, 42.94, tool_torque, 0.75, -0.256, 0.41, joint_torque, 0.21, 4.34, 0.28, -1.41, -0.04, 0.07, 0.35, robot_mode, impedance, 
24/05/2022 17:28:04:661, robot_pos, 1653409567156, 549.67, 100.91, 213.98, 2.35, -0.02, 3.12, circuit_pos, 541.87, 99.37, 215.93, 2.35, -0.02, 3.11, tool_force, 0.32, 3.35, 6.47, actual_rep, 1, curr_step, 27, track_size, 99, robot_vel, 45.71, joints_pos, 21.54, 45.32, -16.14, -91.68, 18.57, 45.13, 42.25, tool_torque, 0.932, -0.48, 0.436, joint_torque, 0.88, 4.27, 0.53, -1.64, -0.04, 0.12, 0.35, robot_mode, normal, 
24/05/2022 17:28:04:768, robot_pos, 1653409567300, 542.98, 100.11, 215.64, 2.35, -0.02, 3.11, circuit_pos, 533.09, 100.96, 218.68, 2.35, -0.03, 3.11, tool_force, -0.89, 1.92, 6.25, actual_rep, 1, curr_step, 29, track_size, 99, robot_vel, 51.68, joints_pos, 21.57, 44.43, -16.03, -93.07, 18.89, 44.49, 41.86, tool_torque, 0.506, -0.164, 0.308, joint_torque, -0.07, 3.66, 0.12, -1.32, -0.05, 0.01, 0.29, robot_mode, normal, 
24/05/2022 17:28:04:923, robot_pos, 1653409567448, 537.1, 101.16, 217.47, 2.35, -0.03, 3.11, circuit_pos, 523.37, 106.24, 223.12, 2.35, -0.04, 3.1, tool_force, -1.87, 2.36, 7.9, actual_rep, 1, curr_step, 32, track_size, 99, robot_vel, 42.68, joints_pos, 21.61, 43.69, -15.78, -94.08, 19.05, 44.44, 41.76, tool_torque, 0.592, -0.014, 0.311, joint_torque, -0.13, 4.17, 0.24, -1.27, -0.05, 0.02, 0.32, robot_mode, normal, 
24/05/2022 17:28:05:068, robot_pos, 1653409567599, 531.26, 103.37, 219.85, 2.35, -0.04, 3.11, circuit_pos, 518.08, 110.8, 225.78, 2.36, -0.05, 3.1, tool_force, -1.56, 1.63, 7.01, actual_rep, 1, curr_step, 34, track_size, 99, robot_vel, 47.65, joints_pos, 21.78, 42.89, -15.55, -95.1, 19.28, 44.21, 41.63, tool_torque, 0.514, -0.016, 0.302, joint_torque, -0.22, 4.2, 0.23, -1.53, -0.06, 0.06, 0.32, robot_mode, normal, 
24/05/2022 17:28:05:221, robot_pos, 1653409567747, 525.43, 107.06, 222.4, 2.36, -0.04, 3.1, circuit_pos, 508.92, 119.92, 228.16, 2.37, -0.06, 3.1, tool_force, -2.46, 1.5, 7.74, actual_rep, 1, curr_step, 37, track_size, 99, robot_vel, 46.12, joints_pos, 22.13, 42.12, -15.34, -96.04, 19.45, 44.1, 41.59, tool_torque, 0.44, 0.251, 0.165, joint_torque, -0.5, 4.12, 0.12, -1.24, -0.06, 0.04, 0.2, robot_mode, normal, 
24/05/2022 17:28:05:370, robot_pos, 1653409567896, 519.72, 111.56, 224.32, 2.36, -0.05, 3.1, circuit_pos, 508.92, 119.92, 228.16, 2.37, -0.06, 3.1, tool_force, -2.23, 1.35, 7.59, actual_rep, 1, curr_step, 37, track_size, 99, robot_vel, 49.81, joints_pos, 22.65, 41.47, -15.25, -96.88, 19.66, 44.07, 41.6, tool_torque, 0.377, 0.142, 0.169, joint_torque, -0.32, 3.94, 0.2, -1.25, -0.06, 0.0, 0.19, robot_mode, normal, 
24/05/2022 17:28:05:523, robot_pos, 1653409568044, 513.85, 116.27, 226.25, 2.36, -0.05, 3.1, circuit_pos, 508.92, 119.92, 228.16, 2.37, -0.06, 3.1, tool_force, -1.89, 1.48, 7.39, actual_rep, 1, curr_step, 37, track_size, 99, robot_vel, 55.95, joints_pos, 23.24, 40.83, -15.21, -97.71, 19.96, 44.07, 41.59, tool_torque, 0.377, 0.069, 0.201, joint_torque, -0.31, 3.79, 0.21, -1.32, -0.06, -0.02, 0.25, robot_mode, normal, 
24/05/2022 17:28:05:673, robot_pos, 1653409568194, 508.23, 121.27, 227.68, 2.37, -0.06, 3.1, circuit_pos, 501.06, 127.92, 228.67, 2.38, -0.07, 3.1, tool_force, -2.45, 1.59, 7.11, actual_rep, 1, curr_step, 39, track_size, 99, robot_vel, 56.46, joints_pos, 23.9, 40.27, -15.2, -98.52, 20.24, 43.96, 41.73, tool_torque, 0.363, 0.152, 0.069, joint_torque, -0.18, 4.07, 0.26, -1.25, -0.06, 0.01, 0.05, robot_mode, normal, 
24/05/2022 17:28:05:825, robot_pos, 1653409568342, 502.54, 127.18, 228.33, 2.38, -0.07, 3.1, circuit_pos, 497.75, 131.87, 229.05, 2.38, -0.06, 3.1, tool_force, -1.75, 1.83, 7.37, actual_rep, 1, curr_step, 40, track_size, 99, robot_vel, 58.32, joints_pos, 24.62, 39.84, -15.18, -99.18, 20.62, 44.01, 41.57, tool_torque, 0.351, -0.044, 0.176, joint_torque, 0.01, 3.8, 0.36, -1.2, -0.05, -0.1, 0.17, robot_mode, normal, 
24/05/2022 17:28:05:972, robot_pos, 1653409568491, 497.79, 132.84, 228.67, 2.38, -0.06, 3.1, circuit_pos, 491.33, 140.66, 229.82, 2.38, -0.06, 3.09, tool_force, -2.4, 1.32, 8.29, actual_rep, 1, curr_step, 42, track_size, 99, robot_vel, 42.91, joints_pos, 25.53, 39.47, -15.27, -99.84, 20.53, 43.53, 42.22, tool_torque, 0.206, 0.347, -0.041, joint_torque, -0.02, 4.01, 0.56, -1.35, 0.02, 0.08, -0.05, robot_mode, normal, 
24/05/2022 17:28:06:124, robot_pos, 1653409568639, 493.59, 138.71, 229.42, 2.38, -0.06, 3.1, circuit_pos, 488.14, 145.72, 230.36, 2.37, -0.06, 3.09, tool_force, -3.14, 1.5, 7.82, actual_rep, 1, curr_step, 43, track_size, 99, robot_vel, 47.89, joints_pos, 26.36, 39.08, -15.31, -100.45, 20.73, 42.96, 42.7, tool_torque, 0.185, 0.521, -0.08, joint_torque, -0.46, 4.09, 0.34, -1.31, -0.04, 0.09, -0.05, robot_mode, normal, 
24/05/2022 17:28:06:276, robot_pos, 1653409568791, 489.84, 144.51, 230.0, 2.37, -0.06, 3.09, circuit_pos, 485.37, 150.81, 230.98, 2.37, -0.06, 3.09, tool_force, -2.35, 1.33, 7.43, actual_rep, 1, curr_step, 44, track_size, 99, robot_vel, 51.52, joints_pos, 27.11, 38.76, -15.32, -100.93, 20.95, 42.58, 43.56, tool_torque, 0.164, 0.448, -0.094, joint_torque, -0.43, 3.82, 0.31, -1.38, -0.05, 0.11, -0.06, robot_mode, normal, 
24/05/2022 17:28:06:427, robot_pos, 1653409568939, 486.72, 150.28, 230.66, 2.37, -0.06, 3.09, circuit_pos, 483.04, 156.04, 231.64, 2.37, -0.06, 3.09, tool_force, -2.31, 1.82, 7.69, actual_rep, 1, curr_step, 45, track_size, 99, robot_vel, 45.59, joints_pos, 27.85, 38.55, -15.33, -101.19, 20.95, 42.45, 44.37, tool_torque, 0.204, 0.453, -0.094, joint_torque, -0.34, 3.85, 0.39, -1.21, -0.05, 0.08, -0.06, robot_mode, normal, 
24/05/2022 17:28:06:578, robot_pos, 1653409569089, 484.2, 156.11, 231.4, 2.37, -0.06, 3.09, circuit_pos, 480.96, 161.51, 232.39, 2.37, -0.06, 3.08, tool_force, -2.79, 1.61, 7.4, actual_rep, 1, curr_step, 46, track_size, 99, robot_vel, 43.79, joints_pos, 28.57, 38.36, -15.32, -101.39, 21.06, 42.24, 44.99, tool_torque, 0.208, 0.469, -0.091, joint_torque, -0.49, 3.67, 0.28, -1.19, -0.07, 0.09, -0.05, robot_mode, normal, 
24/05/2022 17:28:06:730, robot_pos, 1653409569236, 481.79, 161.81, 232.11, 2.37, -0.06, 3.08, circuit_pos, 478.97, 167.29, 233.08, 2.37, -0.06, 3.08, tool_force, -2.38, 1.36, 7.57, actual_rep, 1, curr_step, 47, track_size, 99, robot_vel, 41.13, joints_pos, 29.23, 38.18, -15.31, -101.59, 21.35, 41.97, 45.44, tool_torque, 0.182, 0.461, -0.095, joint_torque, -0.47, 3.8, 0.27, -1.27, -0.06, 0.09, -0.06, robot_mode, normal, 
24/05/2022 17:28:06:881, robot_pos, 1653409569387, 479.76, 167.67, 232.73, 2.37, -0.06, 3.08, circuit_pos, 477.2, 172.62, 233.55, 2.37, -0.06, 3.08, tool_force, -2.35, 1.72, 7.79, actual_rep, 1, curr_step, 48, track_size, 99, robot_vel, 42.17, joints_pos, 29.94, 38.08, -15.32, -101.65, 21.37, 41.89, 46.11, tool_torque, 0.243, 0.412, -0.096, joint_torque, -0.28, 3.92, 0.35, -1.26, -0.06, 0.09, -0.08, robot_mode, normal, 
24/05/2022 17:28:07:037, robot_pos, 1653409569541, 477.74, 173.68, 233.3, 2.37, -0.06, 3.08, circuit_pos, 475.44, 178.11, 233.97, 2.37, -0.06, 3.08, tool_force, -2.5, 1.45, 7.74, actual_rep, 1, curr_step, 49, track_size, 99, robot_vel, 40.43, joints_pos, 30.67, 38.01, -15.34, -101.66, 21.39, 41.85, 46.81, tool_torque, 0.142, 0.494, -0.138, joint_torque, -0.44, 3.88, 0.32, -1.29, -0.06, 0.08, -0.1, robot_mode, normal, 
24/05/2022 17:28:07:181, robot_pos, 1653409569685, 475.94, 179.28, 233.71, 2.37, -0.06, 3.08, circuit_pos, 472.86, 188.82, 234.79, 2.36, -0.06, 3.08, tool_force, -2.01, 0.97, 7.69, actual_rep, 1, curr_step, 51, track_size, 99, robot_vel, 58.11, joints_pos, 31.34, 37.97, -15.35, -101.65, 21.39, 41.8, 47.47, tool_torque, 0.096, 0.435, -0.124, joint_torque, -0.37, 3.84, 0.4, -1.47, -0.05, 0.08, -0.09, robot_mode, normal, 
24/05/2022 17:28:07:333, robot_pos, 1653409569832, 474.43, 184.91, 234.22, 2.37, -0.06, 3.08, circuit_pos, 472.12, 194.89, 235.39, 2.36, -0.06, 3.08, tool_force, -2.06, 0.61, 7.77, actual_rep, 1, curr_step, 52, track_size, 99, robot_vel, 40.58, joints_pos, 32.02, 37.95, -15.37, -101.57, 21.39, 41.79, 48.48, tool_torque, 0.04, 0.314, -0.104, joint_torque, -0.18, 3.84, 0.53, -1.55, -0.04, 0.03, -0.08, robot_mode, normal, 
24/05/2022 17:28:07:482, robot_pos, 1653409569982, 473.26, 190.65, 234.71, 2.36, -0.06, 3.08, circuit_pos, 472.04, 200.86, 236.12, 2.35, -0.06, 3.08, tool_force, -1.73, 0.18, 7.62, actual_rep, 1, curr_step, 53, track_size, 99, robot_vel, 40.34, joints_pos, 32.67, 37.98, -15.39, -101.42, 21.36, 41.82, 49.3, tool_torque, -0.095, 0.325, -0.105, joint_torque, -0.31, 3.76, 0.46, -1.63, -0.03, -0.03, -0.05, robot_mode, normal, 
24/05/2022 17:28:07:635, robot_pos, 1653409570129, 472.8, 196.45, 235.3, 2.36, -0.06, 3.08, circuit_pos, 472.65, 206.71, 236.9, 2.35, -0.05, 3.07, tool_force, -1.41, 0.12, 7.79, actual_rep, 1, curr_step, 54, track_size, 99, robot_vel, 37.82, joints_pos, 33.29, 38.07, -15.39, -101.11, 21.3, 41.93, 50.44, tool_torque, -0.183, 0.245, -0.091, joint_torque, -0.26, 3.76, 0.43, -1.72, 0.0, -0.1, -0.05, robot_mode, normal, 
24/05/2022 17:28:07:781, robot_pos, 1653409570279, 472.93, 202.26, 236.03, 2.35, -0.06, 3.08, circuit_pos, 474.04, 212.37, 237.73, 2.34, -0.05, 3.07, tool_force, -1.89, 0.24, 7.43, actual_rep, 1, curr_step, 55, track_size, 99, robot_vel, 40.81, joints_pos, 33.9, 38.14, -15.4, -100.83, 21.16, 41.71, 51.33, tool_torque, -0.054, 0.451, -0.102, joint_torque, -0.44, 3.85, 0.41, -1.69, 0.01, 0.07, -0.06, robot_mode, normal, 
24/05/2022 17:28:07:935, robot_pos, 1653409570426, 473.49, 208.09, 236.88, 2.35, -0.05, 3.07, circuit_pos, 475.9, 217.82, 238.46, 2.34, -0.05, 3.07, tool_force, -1.46, 0.13, 7.54, actual_rep, 1, curr_step, 56, track_size, 99, robot_vel, 40.96, joints_pos, 34.5, 38.26, -15.43, -100.42, 21.03, 41.63, 52.5, tool_torque, -0.115, 0.369, -0.101, joint_torque, -0.34, 3.69, 0.5, -1.73, 0.02, 0.0, -0.05, robot_mode, normal, 
24/05/2022 17:28:08:088, robot_pos, 1653409570581, 474.99, 213.93, 237.6, 2.34, -0.05, 3.07, circuit_pos, 477.68, 222.3, 238.92, 2.33, -0.04, 3.06, tool_force, -1.63, 0.07, 7.59, actual_rep, 1, curr_step, 57, track_size, 99, robot_vel, 39.7, joints_pos, 35.0, 38.53, -15.44, -99.76, 20.93, 41.84, 53.38, tool_torque, -0.241, 0.352, -0.098, joint_torque, -0.44, 3.8, 0.43, -1.74, 0.02, -0.11, -0.04, robot_mode, normal, 
24/05/2022 17:28:08:237, robot_pos, 1653409570730, 477.19, 219.66, 238.2, 2.33, -0.05, 3.06, circuit_pos, 480.57, 228.14, 239.39, 2.32, -0.04, 3.06, tool_force, -1.55, 0.43, 7.86, actual_rep, 1, curr_step, 58, track_size, 99, robot_vel, 43.04, joints_pos, 35.5, 38.8, -15.46, -99.15, 20.73, 41.67, 54.61, tool_torque, -0.048, 0.416, -0.109, joint_torque, -0.3, 3.92, 0.57, -1.79, 0.03, 0.04, -0.06, robot_mode, normal, 
24/05/2022 17:28:08:383, robot_pos, 1653409570879, 479.52, 225.43, 238.8, 2.33, -0.04, 3.06, circuit_pos, 483.28, 232.74, 239.56, 2.32, -0.04, 3.06, tool_force, -1.27, -0.29, 7.83, actual_rep, 1, curr_step, 59, track_size, 99, robot_vel, 46.54, joints_pos, 35.98, 39.14, -15.51, -98.39, 20.57, 41.74, 55.81, tool_torque, -0.21, 0.361, -0.101, joint_torque, -0.36, 3.62, 0.46, -1.77, 0.03, -0.05, -0.05, robot_mode, normal, 
24/05/2022 17:28:08:540, robot_pos, 1653409571028, 482.77, 231.3, 239.14, 2.32, -0.04, 3.06, circuit_pos, 486.23, 237.14, 239.56, 2.31, -0.03, 3.05, tool_force, -1.3, -0.1, 7.82, actual_rep, 1, curr_step, 60, track_size, 99, robot_vel, 44.59, joints_pos, 36.36, 39.6, -15.52, -97.45, 20.46, 41.97, 56.79, tool_torque, -0.169, 0.391, -0.101, joint_torque, -0.39, 3.83, 0.5, -1.6, 0.04, -0.08, -0.05, robot_mode, normal, 
24/05/2022 17:28:08:690, robot_pos, 1653409571177, 486.34, 237.07, 239.2, 2.31, -0.03, 3.05, circuit_pos, 489.33, 241.33, 239.48, 2.31, -0.03, 3.05, tool_force, -0.97, -0.09, 7.55, actual_rep, 1, curr_step, 61, track_size, 99, robot_vel, 45.78, joints_pos, 36.77, 40.06, -15.53, -96.58, 20.14, 41.73, 57.92, tool_torque, -0.059, 0.256, -0.044, joint_torque, -0.11, 3.88, 0.61, -1.74, 0.03, 0.01, -0.02, robot_mode, normal, 
24/05/2022 17:28:08:839, robot_pos, 1653409571326, 490.77, 242.84, 239.06, 2.31, -0.03, 3.05, circuit_pos, 497.75, 251.1, 238.0, 2.29, -0.02, 3.06, tool_force, -1.66, -0.13, 7.81, actual_rep, 1, curr_step, 64, track_size, 99, robot_vel, 49.51, joints_pos, 37.04, 40.7, -15.56, -95.41, 20.07, 42.11, 58.92, tool_torque, -0.217, 0.46, -0.109, joint_torque, -0.56, 4.19, 0.5, -1.88, 0.04, -0.08, -0.04, robot_mode, normal, 
24/05/2022 17:28:08:991, robot_pos, 1653409571477, 496.29, 248.58, 238.21, 2.3, -0.03, 3.06, circuit_pos, 504.74, 257.03, 237.39, 2.29, -0.02, 3.06, tool_force, -1.43, -0.02, 7.69, actual_rep, 1, curr_step, 67, track_size, 99, robot_vel, 51.64, joints_pos, 37.37, 41.61, -15.64, -93.86, 19.38, 42.81, 60.46, tool_torque, -0.225, 0.344, -0.103, joint_torque, -0.42, 3.98, 0.51, -1.8, 0.03, -0.11, -0.05, robot_mode, normal, 
24/05/2022 17:28:09:140, robot_pos, 1653409571625, 502.1, 253.97, 237.67, 2.29, -0.02, 3.06, circuit_pos, 508.3, 259.25, 237.85, 2.28, -0.02, 3.06, tool_force, -1.86, 0.23, 7.8, actual_rep, 1, curr_step, 69, track_size, 99, robot_vel, 53.88, joints_pos, 37.55, 42.46, -15.72, -92.36, 19.14, 43.5, 61.45, tool_torque, -0.191, 0.449, -0.122, joint_torque, -0.66, 4.1, 0.41, -1.72, 0.03, -0.12, -0.06, robot_mode, normal, 
24/05/2022 17:28:09:441, robot_pos, 1653409571926, 511.04, 259.89, 237.78, 2.28, -0.02, 3.07, circuit_pos, 511.76, 260.09, 238.09, 2.28, -0.02, 3.07, tool_force, -1.52, 0.54, 7.66, actual_rep, 1, curr_step, 74, track_size, 99, robot_vel, 22.32, joints_pos, 37.63, 43.69, -15.83, -90.0, 18.41, 45.1, 62.97, tool_torque, -0.087, 0.356, -0.065, joint_torque, -0.43, 4.03, 0.5, -1.79, 0.05, -0.04, -0.01, robot_mode, normal, 
