17/05/2022 16:55:36: File Created!
17/05/2022 16:55:36:390, robot_pos, 1652802822687, 607.14, 206.53, 156.57, 2.34, -0.02, 3.08, circuit_pos, 607.21, 207.5, 157.35, 2.33, -0.02, 3.07, tool_force, -0.25, 0.85, 4.36, actual_rep, 1, curr_step, 1, track_size, 115, robot_vel, 0.1, joints_pos, 28.88, 59.5, -17.68, -74.21, 24.35, 47.33, 49.4, tool_torque, 0.037, -0.197, 0.225, joint_torque, -0.01, 2.51, 0.23, -0.83, 0.09, -0.19, 0.2, robot_mode, normal, 
17/05/2022 16:55:36:497, robot_pos, 1652802822820, 607.16, 206.52, 155.97, 2.34, -0.02, 3.08, circuit_pos, 607.21, 207.5, 157.35, 2.33, -0.02, 3.07, tool_force, -0.14, 0.84, 4.34, actual_rep, 1, curr_step, 1, track_size, 115, robot_vel, 0.1, joints_pos, 28.88, 59.57, -17.68, -74.18, 24.35, 47.3, 49.4, tool_torque, 0.109, -0.151, 0.222, joint_torque, 0.01, 2.85, 0.3, -0.98, 0.1, -0.12, 0.19, robot_mode, normal, 
17/05/2022 16:55:36:693, robot_pos, 1652802822987, 607.81, 207.45, 156.41, 2.33, -0.02, 3.07, circuit_pos, 607.56, 208.91, 159.11, 2.33, -0.03, 3.07, tool_force, -1.28, 0.84, 1.8, actual_rep, 1, curr_step, 2, track_size, 115, robot_vel, 3.12, joints_pos, 28.91, 59.54, -17.68, -74.13, 24.69, 47.12, 49.64, tool_torque, 0.134, 0.125, 0.05, joint_torque, -0.37, 0.75, -0.14, -0.04, 0.05, -0.01, 0.03, robot_mode, normal, 
17/05/2022 16:55:36:796, robot_pos, 1652802823119, 607.69, 208.87, 158.44, 2.33, -0.03, 3.07, circuit_pos, 608.7, 211.05, 164.52, 2.32, -0.05, 3.05, tool_force, -0.24, 1.62, 1.55, actual_rep, 1, curr_step, 4, track_size, 115, robot_vel, 17.07, joints_pos, 28.9, 59.36, -17.68, -74.14, 25.49, 47.34, 49.4, tool_torque, 0.107, -0.252, 0.239, joint_torque, 0.2, 0.63, 0.09, 0.19, 0.06, -0.25, 0.25, robot_mode, normal, 
17/05/2022 16:55:36:946, robot_pos, 1652802823269, 609.06, 210.67, 163.21, 2.32, -0.04, 3.05, circuit_pos, 610.83, 213.46, 178.59, 2.32, -0.08, 3.02, tool_force, 0.14, 1.1, 1.45, actual_rep, 1, curr_step, 7, track_size, 115, robot_vel, 35.15, joints_pos, 28.78, 58.97, -17.68, -74.08, 26.87, 47.53, 48.74, tool_torque, 0.115, -0.382, 0.347, joint_torque, 0.09, 0.74, -0.06, 0.01, 0.03, -0.27, 0.36, robot_mode, normal, 
17/05/2022 16:55:37:099, robot_pos, 1652802823416, 609.49, 211.69, 169.14, 2.32, -0.06, 3.04, circuit_pos, 610.83, 213.46, 178.59, 2.32, -0.08, 3.02, tool_force, 0.02, 1.56, 1.55, actual_rep, 1, curr_step, 7, track_size, 115, robot_vel, 37.89, joints_pos, 28.65, 58.4, -17.68, -74.2, 28.13, 47.91, 47.97, tool_torque, 0.166, -0.414, 0.355, joint_torque, 0.15, 0.75, -0.08, 0.07, 0.05, -0.29, 0.34, robot_mode, normal, 
17/05/2022 16:55:37:245, robot_pos, 1652802823566, 610.4, 212.95, 174.8, 2.32, -0.07, 3.03, circuit_pos, 611.37, 214.22, 184.9, 2.32, -0.09, 3.01, tool_force, 0.54, 1.34, 1.6, actual_rep, 1, curr_step, 8, track_size, 115, robot_vel, 41.07, joints_pos, 28.53, 57.92, -17.68, -74.16, 29.18, 48.36, 47.37, tool_torque, 0.148, -0.474, 0.379, joint_torque, 0.22, 0.85, -0.05, -0.04, 0.05, -0.29, 0.36, robot_mode, normal, 
17/05/2022 16:55:37:400, robot_pos, 1652802823713, 611.07, 213.8, 180.63, 2.32, -0.08, 3.02, circuit_pos, 611.71, 214.48, 190.56, 2.32, -0.11, 3.0, tool_force, 0.31, 1.53, 1.8, actual_rep, 1, curr_step, 9, track_size, 115, robot_vel, 36.92, joints_pos, 28.43, 57.41, -17.68, -74.17, 29.94, 48.79, 46.92, tool_torque, 0.155, -0.446, 0.353, joint_torque, 0.21, 0.92, -0.09, 0.01, 0.04, -0.3, 0.33, robot_mode, normal, 
17/05/2022 16:55:37:547, robot_pos, 1652802823864, 611.48, 214.37, 186.43, 2.32, -0.1, 3.01, circuit_pos, 611.99, 214.86, 198.8, 2.31, -0.13, 2.99, tool_force, 0.42, 1.67, 1.66, actual_rep, 1, curr_step, 10, track_size, 115, robot_vel, 41.05, joints_pos, 28.24, 56.91, -17.68, -74.17, 31.1, 49.48, 46.16, tool_torque, 0.211, -0.509, 0.398, joint_torque, 0.49, 0.78, 0.05, 0.06, 0.08, -0.29, 0.37, robot_mode, normal, 
17/05/2022 16:55:37:699, robot_pos, 1652802824013, 611.81, 214.67, 192.17, 2.31, -0.11, 3.0, circuit_pos, 611.99, 214.86, 198.8, 2.31, -0.13, 2.99, tool_force, -0.06, 1.42, 1.68, actual_rep, 1, curr_step, 10, track_size, 115, robot_vel, 39.11, joints_pos, 28.07, 56.41, -17.68, -74.19, 32.0, 50.12, 45.89, tool_torque, 0.146, -0.399, 0.338, joint_torque, 0.22, 0.74, -0.04, 0.08, 0.06, -0.29, 0.31, robot_mode, normal, 
17/05/2022 16:55:37:855, robot_pos, 1652802824163, 612.07, 214.94, 198.02, 2.31, -0.13, 2.99, circuit_pos, 612.15, 214.88, 205.86, 2.31, -0.15, 2.98, tool_force, 0.05, 1.58, 1.75, actual_rep, 1, curr_step, 11, track_size, 115, robot_vel, 37.92, joints_pos, 27.89, 55.9, -17.68, -74.19, 32.93, 50.85, 45.5, tool_torque, 0.148, -0.412, 0.375, joint_torque, 0.29, 0.79, -0.01, 0.03, 0.09, -0.3, 0.36, robot_mode, normal, 
17/05/2022 16:55:37:999, robot_pos, 1652802824310, 612.28, 215.04, 203.78, 2.31, -0.15, 2.98, circuit_pos, 612.39, 214.8, 212.97, 2.31, -0.17, 2.97, tool_force, 0.23, 1.7, 1.82, actual_rep, 1, curr_step, 12, track_size, 115, robot_vel, 39.64, joints_pos, 27.7, 55.42, -17.68, -74.19, 33.8, 51.58, 45.05, tool_torque, 0.19, -0.397, 0.384, joint_torque, 0.22, 0.95, -0.05, -0.02, 0.07, -0.28, 0.36, robot_mode, normal, 
17/05/2022 16:55:38:176, robot_pos, 1652802824482, 612.54, 215.11, 210.49, 2.31, -0.16, 2.97, circuit_pos, 612.55, 214.96, 220.0, 2.32, -0.18, 2.96, tool_force, 0.01, 1.66, 1.87, actual_rep, 1, curr_step, 13, track_size, 115, robot_vel, 39.42, joints_pos, 27.47, 54.85, -17.68, -74.19, 34.85, 52.43, 44.39, tool_torque, 0.159, -0.356, 0.378, joint_torque, 0.25, 0.74, -0.02, 0.06, 0.1, -0.28, 0.36, robot_mode, normal, 
17/05/2022 16:55:38:300, robot_pos, 1652802824607, 612.67, 215.2, 215.39, 2.31, -0.17, 2.97, circuit_pos, 612.79, 214.93, 227.22, 2.33, -0.2, 2.95, tool_force, 0.19, 1.71, 1.51, actual_rep, 1, curr_step, 14, track_size, 115, robot_vel, 39.32, joints_pos, 27.37, 54.44, -17.68, -74.19, 35.28, 52.94, 43.98, tool_torque, 0.179, -0.404, 0.385, joint_torque, 0.33, 0.77, 0.0, 0.04, 0.09, -0.28, 0.36, robot_mode, normal, 
17/05/2022 16:55:38:460, robot_pos, 1652802824757, 612.75, 215.19, 221.13, 2.32, -0.19, 2.96, circuit_pos, 612.79, 214.93, 227.22, 2.33, -0.2, 2.95, tool_force, -0.2, 1.51, 1.5, actual_rep, 1, curr_step, 14, track_size, 115, robot_vel, 38.0, joints_pos, 27.18, 53.96, -17.68, -74.16, 36.09, 53.77, 43.17, tool_torque, 0.125, -0.3, 0.378, joint_torque, 0.09, 0.71, -0.03, 0.04, 0.11, -0.27, 0.37, robot_mode, normal, 
17/05/2022 16:55:38:603, robot_pos, 1652802824905, 613.2, 215.17, 226.89, 2.33, -0.2, 2.95, circuit_pos, 613.04, 214.72, 234.36, 2.33, -0.21, 2.93, tool_force, -0.16, 1.52, 1.67, actual_rep, 1, curr_step, 15, track_size, 115, robot_vel, 38.69, joints_pos, 26.99, 53.5, -17.68, -74.15, 36.9, 54.34, 42.53, tool_torque, 0.135, -0.28, 0.361, joint_torque, 0.09, 0.81, -0.07, 0.02, 0.1, -0.27, 0.34, robot_mode, normal, 
17/05/2022 16:55:38:755, robot_pos, 1652802825054, 613.14, 215.03, 232.75, 2.33, -0.21, 2.93, circuit_pos, 613.22, 214.38, 241.57, 2.34, -0.23, 2.92, tool_force, -0.46, 2.04, 1.91, actual_rep, 1, curr_step, 16, track_size, 115, robot_vel, 38.85, joints_pos, 26.82, 52.94, -17.68, -74.31, 37.81, 54.76, 41.83, tool_torque, 0.197, -0.292, 0.396, joint_torque, 0.21, 0.89, 0.02, 0.06, 0.12, -0.27, 0.37, robot_mode, normal, 
17/05/2022 16:55:38:903, robot_pos, 1652802825203, 613.26, 214.76, 238.47, 2.34, -0.22, 2.92, circuit_pos, 613.43, 213.96, 248.68, 2.35, -0.25, 2.91, tool_force, -0.01, 1.76, 1.86, actual_rep, 1, curr_step, 17, track_size, 115, robot_vel, 38.57, joints_pos, 26.61, 52.49, -17.68, -74.29, 38.64, 55.57, 41.09, tool_torque, 0.138, -0.284, 0.362, joint_torque, 0.26, 0.83, 0.01, 0.04, 0.12, -0.27, 0.34, robot_mode, normal, 
17/05/2022 16:55:39:057, robot_pos, 1652802825354, 613.5, 214.47, 244.35, 2.34, -0.24, 2.91, circuit_pos, 613.64, 213.52, 255.51, 2.35, -0.26, 2.9, tool_force, 0.1, 1.38, 1.55, actual_rep, 1, curr_step, 18, track_size, 115, robot_vel, 39.18, joints_pos, 26.37, 52.07, -17.68, -74.17, 39.46, 56.52, 40.39, tool_torque, 0.123, -0.365, 0.353, joint_torque, 0.43, 0.73, 0.07, -0.04, 0.13, -0.26, 0.32, robot_mode, normal, 
17/05/2022 16:55:39:204, robot_pos, 1652802825500, 613.73, 214.15, 250.0, 2.35, -0.25, 2.91, circuit_pos, 613.64, 213.52, 255.51, 2.35, -0.26, 2.9, tool_force, 0.0, 1.09, 1.46, actual_rep, 1, curr_step, 18, track_size, 115, robot_vel, 38.88, joints_pos, 26.19, 51.62, -17.68, -74.14, 40.02, 57.15, 40.06, tool_torque, 0.061, -0.285, 0.328, joint_torque, 0.28, 0.87, 0.03, -0.08, 0.14, -0.26, 0.3, robot_mode, normal, 
17/05/2022 16:55:39:355, robot_pos, 1652802825650, 613.94, 214.0, 255.99, 2.35, -0.27, 2.89, circuit_pos, 613.87, 213.28, 262.14, 2.35, -0.28, 2.88, tool_force, -0.15, 1.77, 1.83, actual_rep, 1, curr_step, 19, track_size, 115, robot_vel, 39.75, joints_pos, 25.98, 51.14, -17.68, -74.15, 40.97, 57.76, 39.62, tool_torque, 0.172, -0.33, 0.367, joint_torque, 0.5, 0.78, 0.1, 0.08, 0.12, -0.26, 0.33, robot_mode, normal, 
17/05/2022 16:55:39:507, robot_pos, 1652802825798, 614.19, 213.55, 261.62, 2.35, -0.28, 2.88, circuit_pos, 614.26, 212.83, 268.54, 2.36, -0.3, 2.86, tool_force, -0.28, 1.82, 1.73, actual_rep, 1, curr_step, 20, track_size, 115, robot_vel, 35.12, joints_pos, 25.69, 50.68, -17.68, -74.25, 42.42, 58.39, 38.71, tool_torque, 0.165, -0.265, 0.367, joint_torque, 0.32, 0.75, 0.02, 0.08, 0.14, -0.25, 0.34, robot_mode, normal, 
17/05/2022 16:55:39:658, robot_pos, 1652802825947, 614.44, 213.22, 267.32, 2.36, -0.3, 2.86, circuit_pos, 614.47, 212.52, 274.94, 2.37, -0.31, 2.85, tool_force, -0.64, 1.72, 1.53, actual_rep, 1, curr_step, 21, track_size, 115, robot_vel, 38.92, joints_pos, 25.44, 50.26, -17.68, -74.26, 43.52, 59.06, 37.87, tool_torque, 0.1, -0.146, 0.315, joint_torque, 0.14, 0.85, 0.0, 0.1, 0.17, -0.25, 0.29, robot_mode, normal, 
17/05/2022 16:55:39:807, robot_pos, 1652802826094, 614.62, 212.94, 273.28, 2.36, -0.31, 2.85, circuit_pos, 614.64, 212.0, 281.38, 2.37, -0.33, 2.83, tool_force, 0.29, 1.43, 1.44, actual_rep, 1, curr_step, 22, track_size, 115, robot_vel, 48.28, joints_pos, 25.27, 49.81, -17.68, -74.17, 44.04, 59.77, 37.61, tool_torque, 0.088, -0.316, 0.32, joint_torque, 0.54, 0.65, 0.09, 0.01, 0.15, -0.25, 0.28, robot_mode, normal, 
17/05/2022 16:55:39:956, robot_pos, 1652802826244, 614.87, 212.37, 278.88, 2.37, -0.33, 2.83, circuit_pos, 614.82, 211.27, 287.91, 2.38, -0.35, 2.81, tool_force, -0.43, 1.74, 1.57, actual_rep, 1, curr_step, 23, track_size, 115, robot_vel, 38.18, joints_pos, 24.97, 49.39, -17.68, -74.25, 45.45, 60.42, 36.76, tool_torque, 0.099, -0.159, 0.298, joint_torque, 0.29, 0.87, 0.06, 0.09, 0.18, -0.25, 0.26, robot_mode, normal, 
17/05/2022 16:55:40:108, robot_pos, 1652802826391, 614.97, 211.9, 284.78, 2.38, -0.35, 2.81, circuit_pos, 614.88, 210.33, 293.76, 2.39, -0.37, 2.8, tool_force, -0.63, 1.82, 1.71, actual_rep, 1, curr_step, 24, track_size, 115, robot_vel, 44.1, joints_pos, 24.69, 48.96, -17.68, -74.26, 46.67, 61.21, 36.05, tool_torque, 0.073, -0.173, 0.3, joint_torque, 0.2, 0.66, -0.01, 0.11, 0.18, -0.25, 0.27, robot_mode, normal, 
17/05/2022 16:55:40:257, robot_pos, 1652802826542, 614.99, 211.0, 290.56, 2.39, -0.36, 2.8, circuit_pos, 614.91, 208.96, 299.45, 2.39, -0.38, 2.78, tool_force, -0.29, 1.5, 1.86, actual_rep, 1, curr_step, 25, track_size, 115, robot_vel, 39.26, joints_pos, 24.39, 48.61, -17.68, -74.14, 47.58, 62.26, 35.5, tool_torque, 0.044, -0.23, 0.288, joint_torque, 0.56, 0.66, 0.15, 0.06, 0.2, -0.24, 0.25, robot_mode, normal, 
17/05/2022 16:55:40:414, robot_pos, 1652802826691, 615.35, 209.87, 296.37, 2.39, -0.38, 2.79, circuit_pos, 614.82, 207.17, 305.7, 2.4, -0.4, 2.77, tool_force, -0.38, 1.65, 1.69, actual_rep, 1, curr_step, 26, track_size, 115, robot_vel, 40.19, joints_pos, 24.1, 48.15, -17.68, -74.22, 48.64, 62.78, 35.01, tool_torque, 0.062, -0.139, 0.301, joint_torque, 0.37, 0.73, 0.09, 0.1, 0.21, -0.22, 0.27, robot_mode, normal, 
17/05/2022 16:55:40:557, robot_pos, 1652802826840, 614.99, 208.28, 302.17, 2.4, -0.39, 2.77, circuit_pos, 614.82, 204.87, 311.75, 2.41, -0.42, 2.75, tool_force, -1.33, 1.66, 1.32, actual_rep, 1, curr_step, 27, track_size, 115, robot_vel, 39.79, joints_pos, 23.79, 47.72, -17.68, -74.23, 49.45, 63.75, 34.53, tool_torque, 0.044, -0.125, 0.304, joint_torque, 0.17, 0.84, -0.02, 0.02, 0.2, -0.24, 0.27, robot_mode, normal, 
17/05/2022 16:55:40:769, robot_pos, 1652802826997, 615.16, 206.29, 308.26, 2.41, -0.41, 2.75, circuit_pos, 615.01, 202.11, 317.7, 2.42, -0.43, 2.74, tool_force, -0.24, 1.28, 0.98, actual_rep, 1, curr_step, 28, track_size, 115, robot_vel, 41.92, joints_pos, 23.33, 47.33, -17.68, -74.21, 50.79, 64.87, 33.72, tool_torque, 0.021, -0.179, 0.308, joint_torque, 0.46, 0.64, 0.15, 0.09, 0.23, -0.22, 0.27, robot_mode, normal, 
17/05/2022 16:55:40:866, robot_pos, 1652802827143, 615.27, 203.82, 313.99, 2.41, -0.43, 2.74, circuit_pos, 615.28, 199.3, 323.44, 2.43, -0.45, 2.72, tool_force, -1.11, 1.37, 1.68, actual_rep, 1, curr_step, 29, track_size, 115, robot_vel, 42.05, joints_pos, 22.99, 46.94, -17.68, -74.12, 51.19, 65.75, 33.33, tool_torque, 0.017, -0.143, 0.283, joint_torque, 0.29, 0.64, 0.1, 0.03, 0.21, -0.23, 0.25, robot_mode, normal, 
17/05/2022 16:55:41:015, robot_pos, 1652802827292, 615.46, 201.35, 319.65, 2.42, -0.44, 2.73, circuit_pos, 615.58, 196.48, 329.17, 2.44, -0.46, 2.7, tool_force, -0.35, 0.91, 0.57, actual_rep, 1, curr_step, 30, track_size, 115, robot_vel, 40.62, joints_pos, 22.53, 46.58, -17.68, -74.12, 52.39, 66.77, 32.58, tool_torque, -0.061, -0.151, 0.28, joint_torque, 0.16, 0.37, -0.01, 0.07, 0.24, -0.21, 0.25, robot_mode, normal, 
17/05/2022 16:55:41:250, robot_pos, 1652802827448, 615.79, 198.46, 325.63, 2.43, -0.46, 2.71, circuit_pos, 615.79, 194.31, 333.92, 2.44, -0.47, 2.68, tool_force, -0.06, 1.51, 1.4, actual_rep, 1, curr_step, 31, track_size, 115, robot_vel, 41.28, joints_pos, 22.08, 46.16, -17.68, -74.13, 53.32, 67.6, 31.91, tool_torque, 0.038, -0.184, 0.302, joint_torque, 0.6, 0.61, 0.22, 0.1, 0.22, -0.21, 0.27, robot_mode, normal, 
17/05/2022 16:55:41:340, robot_pos, 1652802827596, 616.04, 196.08, 330.4, 2.44, -0.47, 2.69, circuit_pos, 616.23, 191.07, 340.25, 2.45, -0.49, 2.66, tool_force, -1.12, 1.91, 1.32, actual_rep, 1, curr_step, 32, track_size, 115, robot_vel, 41.42, joints_pos, 21.74, 45.79, -17.68, -74.24, 54.14, 68.03, 31.5, tool_torque, 0.05, -0.015, 0.282, joint_torque, 0.39, 0.72, 0.17, 0.15, 0.27, -0.2, 0.25, robot_mode, normal, 
17/05/2022 16:55:41:537, robot_pos, 1652802827763, 616.38, 192.69, 336.95, 2.45, -0.49, 2.67, circuit_pos, 616.56, 188.25, 345.51, 2.47, -0.5, 2.64, tool_force, -1.38, 1.64, 1.23, actual_rep, 1, curr_step, 33, track_size, 115, robot_vel, 46.35, joints_pos, 21.18, 45.34, -17.68, -74.34, 55.65, 68.98, 30.78, tool_torque, -0.024, 0.034, 0.272, joint_torque, -0.11, 0.62, -0.09, 0.14, 0.25, -0.21, 0.26, robot_mode, normal, 
17/05/2022 16:55:41:646, robot_pos, 1652802827906, 616.6, 190.05, 342.41, 2.46, -0.5, 2.65, circuit_pos, 616.89, 185.09, 350.65, 2.48, -0.52, 2.62, tool_force, -1.35, 1.47, 1.45, actual_rep, 1, curr_step, 34, track_size, 115, robot_vel, 48.16, joints_pos, 20.76, 45.02, -17.68, -74.28, 56.51, 69.92, 30.01, tool_torque, -0.055, 0.039, 0.24, joint_torque, -0.19, 0.86, -0.08, -0.02, 0.24, -0.21, 0.23, robot_mode, normal, 
17/05/2022 16:55:41:796, robot_pos, 1652802828054, 616.97, 186.71, 347.76, 2.48, -0.52, 2.62, circuit_pos, 617.1, 181.6, 355.79, 2.49, -0.53, 2.6, tool_force, -0.21, 1.43, 1.79, actual_rep, 1, curr_step, 35, track_size, 115, robot_vel, 41.87, joints_pos, 20.2, 44.76, -17.68, -74.23, 57.84, 71.1, 29.32, tool_torque, -0.066, -0.098, 0.263, joint_torque, 0.55, 0.69, 0.23, -0.04, 0.28, -0.19, 0.23, robot_mode, normal, 
17/05/2022 16:55:41:946, robot_pos, 1652802828210, 617.33, 182.87, 353.8, 2.49, -0.53, 2.6, circuit_pos, 617.17, 178.06, 361.02, 2.5, -0.55, 2.57, tool_force, -0.62, 1.55, 1.16, actual_rep, 1, curr_step, 36, track_size, 115, robot_vel, 49.15, joints_pos, 19.67, 44.38, -17.68, -74.22, 58.81, 72.05, 28.82, tool_torque, -0.025, -0.02, 0.252, joint_torque, 0.34, 0.8, 0.15, 0.03, 0.25, -0.17, 0.23, robot_mode, normal, 
17/05/2022 16:55:42:100, robot_pos, 1652802828361, 617.47, 179.37, 358.53, 2.5, -0.55, 2.57, circuit_pos, 617.23, 174.44, 365.99, 2.52, -0.56, 2.55, tool_force, -1.69, 1.7, 1.39, actual_rep, 1, curr_step, 37, track_size, 115, robot_vel, 38.9, joints_pos, 19.13, 44.1, -17.68, -74.38, 60.36, 72.93, 27.97, tool_torque, 0.026, 0.07, 0.26, joint_torque, 0.45, 1.07, 0.24, 0.06, 0.28, -0.17, 0.23, robot_mode, normal, 
17/05/2022 16:55:42:246, robot_pos, 1652802828511, 617.3, 175.39, 364.54, 2.52, -0.56, 2.55, circuit_pos, 617.15, 170.55, 371.32, 2.54, -0.58, 2.53, tool_force, -1.33, 1.39, 1.14, actual_rep, 1, curr_step, 38, track_size, 115, robot_vel, 49.4, joints_pos, 18.59, 43.78, -17.68, -74.32, 61.21, 74.18, 27.31, tool_torque, -0.072, 0.087, 0.257, joint_torque, 0.11, 0.93, 0.1, -0.02, 0.3, -0.17, 0.24, robot_mode, normal, 
17/05/2022 16:55:42:396, robot_pos, 1652802828659, 617.5, 171.43, 369.5, 2.54, -0.58, 2.53, circuit_pos, 617.05, 166.37, 376.97, 2.56, -0.6, 2.49, tool_force, -0.56, 0.86, 0.84, actual_rep, 1, curr_step, 39, track_size, 115, robot_vel, 45.91, joints_pos, 18.01, 43.64, -17.68, -74.12, 62.21, 75.61, 26.71, tool_torque, -0.134, 0.0010, 0.232, joint_torque, 0.26, 0.69, 0.13, -0.1, 0.29, -0.15, 0.21, robot_mode, normal, 
17/05/2022 16:55:42:547, robot_pos, 1652802828810, 617.47, 168.41, 373.95, 2.56, -0.6, 2.5, circuit_pos, 616.86, 162.67, 381.9, 2.58, -0.61, 2.47, tool_force, -0.9, 1.35, 0.82, actual_rep, 1, curr_step, 40, track_size, 115, robot_vel, 36.46, joints_pos, 17.5, 43.43, -17.68, -74.25, 63.75, 76.61, 25.95, tool_torque, -0.078, 0.124, 0.245, joint_torque, 0.09, 1.05, 0.12, -0.01, 0.29, -0.15, 0.23, robot_mode, normal, 
17/05/2022 16:55:42:699, robot_pos, 1652802828957, 617.21, 164.01, 379.87, 2.58, -0.61, 2.47, circuit_pos, 616.57, 159.4, 386.49, 2.6, -0.62, 2.44, tool_force, -1.71, 1.07, 0.31, actual_rep, 1, curr_step, 41, track_size, 115, robot_vel, 55.13, joints_pos, 16.93, 43.14, -17.68, -74.16, 64.6, 77.94, 25.35, tool_torque, -0.145, 0.151, 0.24, joint_torque, -0.41, 0.67, -0.18, -0.03, 0.3, -0.15, 0.23, robot_mode, normal, 
17/05/2022 16:55:42:893, robot_pos, 1652802829111, 617.1, 160.66, 384.42, 2.6, -0.62, 2.44, circuit_pos, 616.32, 155.73, 391.61, 2.63, -0.63, 2.4, tool_force, -0.76, 1.25, 1.13, actual_rep, 1, curr_step, 42, track_size, 115, robot_vel, 35.82, joints_pos, 16.44, 42.93, -17.68, -74.21, 65.84, 78.96, 24.47, tool_torque, -0.114, 0.086, 0.238, joint_torque, 0.13, 1.12, 0.11, -0.06, 0.31, -0.15, 0.22, robot_mode, normal, 
17/05/2022 16:55:43:005, robot_pos, 1652802829257, 616.79, 157.28, 389.03, 2.62, -0.63, 2.4, circuit_pos, 616.08, 152.04, 396.45, 2.66, -0.65, 2.37, tool_force, -2.15, 1.74, 1.38, actual_rep, 1, curr_step, 43, track_size, 115, robot_vel, 39.67, joints_pos, 15.95, 42.73, -17.68, -74.31, 67.2, 80.06, 23.53, tool_torque, -0.055, 0.199, 0.234, joint_torque, 0.15, 1.17, 0.1, -0.03, 0.31, -0.15, 0.21, robot_mode, normal, 
17/05/2022 16:55:43:197, robot_pos, 1652802829411, 616.43, 153.75, 393.76, 2.65, -0.65, 2.37, circuit_pos, 615.64, 148.48, 400.91, 2.68, -0.66, 2.33, tool_force, -1.59, 1.06, 0.81, actual_rep, 1, curr_step, 44, track_size, 115, robot_vel, 43.22, joints_pos, 15.4, 42.67, -17.68, -74.14, 68.35, 81.69, 22.89, tool_torque, -0.135, 0.148, 0.241, joint_torque, 0.22, 1.01, 0.15, -0.11, 0.34, -0.12, 0.22, robot_mode, normal, 
17/05/2022 16:55:43:315, robot_pos, 1652802829558, 616.35, 150.64, 397.88, 2.67, -0.66, 2.34, circuit_pos, 614.93, 145.27, 405.18, 2.71, -0.67, 2.31, tool_force, -0.17, 1.31, 0.85, actual_rep, 1, curr_step, 45, track_size, 115, robot_vel, 34.73, joints_pos, 14.95, 42.51, -17.68, -74.26, 69.76, 82.63, 22.27, tool_torque, -0.124, 0.027, 0.229, joint_torque, 0.54, 0.68, 0.27, -0.03, 0.35, -0.12, 0.21, robot_mode, normal, 
17/05/2022 16:55:43:471, robot_pos, 1652802829721, 615.16, 146.46, 403.41, 2.71, -0.67, 2.31, circuit_pos, 614.17, 142.02, 409.31, 2.73, -0.68, 2.28, tool_force, -0.85, 0.96, 0.77, actual_rep, 1, curr_step, 46, track_size, 115, robot_vel, 47.9, joints_pos, 14.41, 42.32, -17.68, -74.09, 70.48, 84.42, 21.63, tool_torque, -0.167, 0.073, 0.219, joint_torque, 0.27, 0.52, 0.14, 0.04, 0.35, -0.12, 0.2, robot_mode, normal, 
17/05/2022 16:55:43:618, robot_pos, 1652802829869, 615.03, 142.97, 407.55, 2.73, -0.68, 2.28, circuit_pos, 613.38, 139.07, 413.49, 2.75, -0.69, 2.25, tool_force, -2.12, 1.51, 1.18, actual_rep, 1, curr_step, 47, track_size, 115, robot_vel, 36.04, joints_pos, 13.93, 42.24, -17.68, -74.06, 71.66, 85.6, 21.21, tool_torque, -0.136, 0.264, 0.211, joint_torque, 0.07, 1.25, 0.12, -0.07, 0.35, -0.12, 0.2, robot_mode, normal, 
17/05/2022 16:55:43:813, robot_pos, 1652802830023, 613.81, 139.39, 412.83, 2.75, -0.69, 2.24, circuit_pos, 612.8, 136.24, 417.89, 2.77, -0.7, 2.23, tool_force, -2.13, 1.66, 1.1, actual_rep, 1, curr_step, 48, track_size, 115, robot_vel, 42.08, joints_pos, 13.47, 41.95, -17.68, -74.2, 72.79, 86.82, 20.87, tool_torque, -0.102, 0.196, 0.214, joint_torque, 0.44, 1.11, 0.29, -0.02, 0.36, -0.11, 0.19, robot_mode, normal, 
17/05/2022 16:55:43:915, robot_pos, 1652802830168, 613.37, 136.43, 417.69, 2.77, -0.7, 2.22, circuit_pos, 612.45, 133.76, 422.32, 2.79, -0.71, 2.2, tool_force, -1.87, 1.25, 1.09, actual_rep, 1, curr_step, 49, track_size, 115, robot_vel, 43.32, joints_pos, 13.08, 41.78, -17.68, -74.11, 73.63, 87.92, 20.8, tool_torque, -0.15, 0.203, 0.19, joint_torque, 0.42, 0.96, 0.23, -0.04, 0.37, -0.08, 0.18, robot_mode, normal, 
17/05/2022 16:55:44:084, robot_pos, 1652802830328, 613.21, 133.46, 423.32, 2.8, -0.72, 2.18, circuit_pos, 612.39, 129.38, 431.22, 2.83, -0.73, 2.13, tool_force, -2.34, 1.3, 0.46, actual_rep, 1, curr_step, 51, track_size, 115, robot_vel, 35.53, joints_pos, 12.63, 41.6, -17.68, -74.17, 75.39, 89.12, 20.66, tool_torque, -0.138, 0.248, 0.178, joint_torque, 0.04, 0.9, 0.03, 0.01, 0.35, -0.07, 0.17, robot_mode, normal, 
17/05/2022 16:55:44:229, robot_pos, 1652802830479, 612.87, 130.69, 428.33, 2.83, -0.73, 2.13, circuit_pos, 612.7, 127.43, 436.25, 2.85, -0.73, 2.09, tool_force, -2.47, 1.4, 1.14, actual_rep, 1, curr_step, 52, track_size, 115, robot_vel, 42.11, joints_pos, 12.24, 41.45, -17.68, -74.24, 76.93, 90.15, 20.45, tool_torque, -0.145, 0.208, 0.165, joint_torque, 0.38, 0.67, 0.19, 0.03, 0.38, -0.05, 0.15, robot_mode, normal, 
17/05/2022 16:55:44:383, robot_pos, 1652802830629, 613.04, 128.79, 433.5, 2.85, -0.73, 2.1, circuit_pos, 613.26, 125.64, 441.22, 2.88, -0.74, 2.04, tool_force, -1.56, 1.26, 0.75, actual_rep, 1, curr_step, 53, track_size, 115, robot_vel, 37.64, joints_pos, 11.95, 41.23, -17.68, -74.29, 78.3, 90.75, 20.22, tool_torque, -0.146, 0.226, 0.181, joint_torque, 0.12, 0.74, 0.07, 0.08, 0.36, -0.07, 0.17, robot_mode, normal, 
17/05/2022 16:55:44:530, robot_pos, 1652802830780, 613.44, 126.97, 437.77, 2.88, -0.74, 2.05, circuit_pos, 613.77, 123.53, 445.73, 2.91, -0.75, 1.99, tool_force, -2.18, 1.3, 0.59, actual_rep, 1, curr_step, 54, track_size, 115, robot_vel, 33.25, joints_pos, 11.63, 41.21, -17.68, -74.31, 80.11, 91.67, 20.0, tool_torque, -0.141, 0.233, 0.166, joint_torque, 0.25, 0.69, 0.15, 0.08, 0.38, -0.04, 0.15, robot_mode, normal, 
17/05/2022 16:55:44:682, robot_pos, 1652802830929, 613.78, 125.19, 442.14, 2.9, -0.75, 2.0, circuit_pos, 614.12, 121.45, 449.43, 2.94, -0.76, 1.95, tool_force, -0.61, 0.95, 0.81, actual_rep, 1, curr_step, 55, track_size, 115, robot_vel, 34.91, joints_pos, 11.35, 41.17, -17.68, -74.32, 81.81, 92.54, 19.93, tool_torque, -0.184, 0.101, 0.167, joint_torque, 0.29, 0.37, 0.11, 0.05, 0.37, -0.05, 0.16, robot_mode, normal, 
17/05/2022 16:55:44:834, robot_pos, 1652802831079, 614.02, 122.26, 446.9, 2.94, -0.76, 1.95, circuit_pos, 613.81, 113.36, 456.67, 3.0, -0.78, 1.86, tool_force, -0.92, 1.1, 0.6, actual_rep, 1, curr_step, 58, track_size, 115, robot_vel, 33.14, joints_pos, 10.92, 41.2, -17.68, -74.33, 83.95, 93.91, 19.84, tool_torque, -0.189, 0.16, 0.105, joint_torque, -0.09, 0.36, -0.06, 0.1, 0.36, -0.05, 0.1, robot_mode, normal, 
17/05/2022 16:55:45:938, robot_pos, 1652802832147, 613.84, 101.13, 463.32, 3.06, -0.79, 1.78, circuit_pos, 613.62, 101.12, 464.16, 3.06, -0.79, 1.78, tool_force, -2.04, 0.5, -0.05, actual_rep, 1, curr_step, 76, track_size, 115, robot_vel, 0.75, joints_pos, 8.67, 41.26, -17.68, -74.07, 89.34, 99.13, 20.36, tool_torque, -0.239, 0.4, -0.08, joint_torque, -0.1, 0.77, 0.12, -0.08, 0.39, 0.07, -0.08, robot_mode, normal, 
17/05/2022 16:55:46:068, robot_pos, 1652802832299, 613.82, 101.13, 463.33, 3.06, -0.79, 1.78, circuit_pos, 613.64, 101.18, 464.04, 3.06, -0.79, 1.78, tool_force, -1.7, 0.28, -0.05, actual_rep, 1, curr_step, 78, track_size, 115, robot_vel, 0.13, joints_pos, 8.67, 41.26, -17.68, -74.07, 89.34, 99.14, 20.36, tool_torque, -0.275, 0.339, -0.1, joint_torque, -0.1, 0.68, 0.12, -0.09, 0.39, 0.04, -0.1, robot_mode, normal, 
17/05/2022 16:55:46:209, robot_pos, 1652802832448, 613.88, 101.33, 463.06, 3.06, -0.79, 1.78, circuit_pos, 613.75, 101.44, 463.65, 3.06, -0.79, 1.78, tool_force, -1.73, 0.34, -0.08, actual_rep, 1, curr_step, 81, track_size, 115, robot_vel, 2.7, joints_pos, 8.69, 41.29, -17.68, -74.06, 89.35, 99.14, 20.35, tool_torque, -0.271, 0.368, -0.061, joint_torque, -0.12, 0.71, 0.15, -0.1, 0.38, 0.05, -0.06, robot_mode, normal, 
17/05/2022 16:55:46:365, robot_pos, 1652802832600, 614.04, 101.44, 462.78, 3.06, -0.79, 1.78, circuit_pos, 613.77, 101.56, 463.54, 3.06, -0.79, 1.78, tool_force, -1.77, 0.27, -0.15, actual_rep, 1, curr_step, 83, track_size, 115, robot_vel, 2.34, joints_pos, 8.69, 41.33, -17.68, -74.04, 89.37, 99.13, 20.34, tool_torque, -0.273, 0.383, -0.047, joint_torque, -0.12, 0.78, 0.14, -0.15, 0.38, 0.07, -0.05, robot_mode, normal, 
17/05/2022 16:55:46:509, robot_pos, 1652802832748, 614.09, 101.48, 462.7, 3.06, -0.79, 1.78, circuit_pos, 613.71, 101.42, 463.33, 3.06, -0.79, 1.78, tool_force, -1.4, 0.35, -0.07, actual_rep, 1, curr_step, 86, track_size, 115, robot_vel, 0.88, joints_pos, 8.7, 41.34, -17.68, -74.04, 89.37, 99.13, 20.33, tool_torque, -0.27, 0.331, -0.051, joint_torque, -0.09, 0.51, 0.14, -0.07, 0.39, 0.07, -0.05, robot_mode, normal, 
17/05/2022 16:55:46:665, robot_pos, 1652802832902, 614.07, 101.46, 462.6, 3.06, -0.79, 1.78, circuit_pos, 613.72, 101.5, 463.37, 3.06, -0.79, 1.78, tool_force, -1.78, 0.51, -0.13, actual_rep, 1, curr_step, 89, track_size, 115, robot_vel, 0.34, joints_pos, 8.7, 41.34, -17.68, -74.04, 89.37, 99.13, 20.32, tool_torque, -0.253, 0.383, -0.041, joint_torque, -0.13, 0.72, 0.14, -0.09, 0.39, 0.06, -0.04, robot_mode, normal, 
17/05/2022 16:55:46:808, robot_pos, 1652802833050, 614.07, 101.47, 462.61, 3.06, -0.79, 1.78, circuit_pos, 613.72, 101.5, 463.37, 3.06, -0.79, 1.78, tool_force, -1.79, 0.48, -0.14, actual_rep, 1, curr_step, 91, track_size, 115, robot_vel, 0.05, joints_pos, 8.7, 41.34, -17.68, -74.04, 89.37, 99.13, 20.32, tool_torque, -0.264, 0.384, -0.051, joint_torque, -0.16, 0.7, 0.14, -0.08, 0.39, 0.05, -0.05, robot_mode, normal, 
17/05/2022 16:55:46:965, robot_pos, 1652802833204, 614.07, 101.47, 462.61, 3.06, -0.79, 1.78, circuit_pos, 613.72, 101.49, 463.37, 3.06, -0.79, 1.78, tool_force, -1.82, 0.49, -0.13, actual_rep, 1, curr_step, 93, track_size, 115, robot_vel, 0.01, joints_pos, 8.7, 41.34, -17.68, -74.04, 89.37, 99.13, 20.32, tool_torque, -0.262, 0.384, -0.053, joint_torque, -0.15, 0.71, 0.14, -0.07, 0.39, 0.05, -0.05, robot_mode, normal, 
17/05/2022 16:55:47:116, robot_pos, 1652802833353, 614.06, 101.47, 462.61, 3.06, -0.79, 1.78, circuit_pos, 613.71, 101.49, 463.37, 3.06, -0.79, 1.78, tool_force, -1.81, 0.5, -0.13, actual_rep, 1, curr_step, 96, track_size, 115, robot_vel, 0.02, joints_pos, 8.7, 41.34, -17.68, -74.04, 89.37, 99.13, 20.32, tool_torque, -0.26, 0.382, -0.052, joint_torque, -0.15, 0.7, 0.14, -0.07, 0.39, 0.05, -0.05, robot_mode, normal, 
17/05/2022 16:55:47:267, robot_pos, 1652802833504, 614.06, 101.47, 462.61, 3.06, -0.79, 1.78, circuit_pos, 613.71, 101.49, 463.37, 3.06, -0.79, 1.78, tool_force, -1.86, 0.5, -0.14, actual_rep, 1, curr_step, 99, track_size, 115, robot_vel, 0.05, joints_pos, 8.7, 41.34, -17.68, -74.04, 89.37, 99.13, 20.32, tool_torque, -0.258, 0.388, -0.053, joint_torque, -0.15, 0.72, 0.14, -0.07, 0.39, 0.05, -0.05, robot_mode, normal, 
17/05/2022 16:55:47:416, robot_pos, 1652802833656, 614.06, 101.47, 462.61, 3.06, -0.79, 1.78, circuit_pos, 613.71, 101.49, 463.37, 3.06, -0.79, 1.78, tool_force, -1.87, 0.53, -0.14, actual_rep, 1, curr_step, 101, track_size, 115, robot_vel, 0.02, joints_pos, 8.7, 41.34, -17.68, -74.04, 89.37, 99.13, 20.32, tool_torque, -0.255, 0.39, -0.053, joint_torque, -0.14, 0.72, 0.14, -0.07, 0.39, 0.06, -0.05, robot_mode, normal, 
17/05/2022 16:55:47:567, robot_pos, 1652802833804, 614.06, 101.46, 462.61, 3.06, -0.79, 1.78, circuit_pos, 613.71, 101.49, 463.37, 3.06, -0.79, 1.78, tool_force, -1.88, 0.53, -0.14, actual_rep, 1, curr_step, 104, track_size, 115, robot_vel, 0.01, joints_pos, 8.7, 41.34, -17.68, -74.04, 89.37, 99.13, 20.32, tool_torque, -0.256, 0.393, -0.052, joint_torque, -0.14, 0.73, 0.14, -0.07, 0.39, 0.06, -0.05, robot_mode, normal, 
17/05/2022 16:55:47:719, robot_pos, 1652802833955, 614.06, 101.46, 462.61, 3.06, -0.79, 1.78, circuit_pos, 613.71, 101.49, 463.38, 3.06, -0.79, 1.78, tool_force, -1.86, 0.53, -0.13, actual_rep, 1, curr_step, 106, track_size, 115, robot_vel, 0.01, joints_pos, 8.7, 41.34, -17.68, -74.04, 89.37, 99.13, 20.32, tool_torque, -0.256, 0.391, -0.052, joint_torque, -0.14, 0.72, 0.14, -0.07, 0.39, 0.06, -0.05, robot_mode, normal, 
17/05/2022 16:55:47:867, robot_pos, 1652802834106, 614.05, 101.46, 462.61, 3.06, -0.79, 1.78, circuit_pos, 613.7, 101.49, 463.37, 3.06, -0.79, 1.78, tool_force, -1.89, 0.55, -0.15, actual_rep, 1, curr_step, 109, track_size, 115, robot_vel, 0.09, joints_pos, 8.7, 41.34, -17.68, -74.05, 89.37, 99.13, 20.32, tool_torque, -0.257, 0.394, -0.051, joint_torque, -0.15, 0.73, 0.14, -0.07, 0.39, 0.05, -0.05, robot_mode, normal, 
17/05/2022 16:55:48:023, robot_pos, 1652802834257, 614.05, 101.46, 462.61, 3.06, -0.79, 1.78, circuit_pos, 613.7, 101.49, 463.37, 3.06, -0.79, 1.78, tool_force, -1.88, 0.56, -0.15, actual_rep, 1, curr_step, 111, track_size, 115, robot_vel, 0.02, joints_pos, 8.7, 41.34, -17.68, -74.05, 89.37, 99.13, 20.32, tool_torque, -0.256, 0.395, -0.049, joint_torque, -0.15, 0.73, 0.14, -0.07, 0.39, 0.06, -0.05, robot_mode, normal, 
17/05/2022 16:55:48:173, robot_pos, 1652802834406, 614.05, 101.46, 462.61, 3.06, -0.79, 1.78, circuit_pos, 613.7, 101.49, 463.37, 3.06, -0.79, 1.78, tool_force, -1.88, 0.57, -0.14, actual_rep, 1, curr_step, 114, track_size, 115, robot_vel, 0.01, joints_pos, 8.7, 41.34, -17.68, -74.05, 89.36, 99.13, 20.32, tool_torque, -0.255, 0.397, -0.049, joint_torque, -0.15, 0.72, 0.15, -0.06, 0.39, 0.06, -0.05, robot_mode, normal, 
17/05/2022 16:55:48:318, robot_pos, 1652802834557, 614.05, 101.46, 462.61, 3.06, -0.79, 1.78, circuit_pos, 613.7, 101.49, 463.37, 3.06, -0.79, 1.78, tool_force, -1.89, 0.55, -0.16, actual_rep, 1, curr_step, 112, track_size, 115, robot_vel, 0.0, joints_pos, 8.7, 41.34, -17.68, -74.05, 89.36, 99.13, 20.32, tool_torque, -0.255, 0.397, -0.049, joint_torque, -0.15, 0.72, 0.14, -0.06, 0.39, 0.06, -0.05, robot_mode, normal, 
17/05/2022 16:55:48:477, robot_pos, 1652802834707, 614.05, 101.46, 462.61, 3.06, -0.79, 1.78, circuit_pos, 613.7, 101.49, 463.37, 3.06, -0.79, 1.78, tool_force, -1.88, 0.54, -0.15, actual_rep, 1, curr_step, 110, track_size, 115, robot_vel, 0.0, joints_pos, 8.7, 41.34, -17.68, -74.05, 89.36, 99.13, 20.32, tool_torque, -0.257, 0.393, -0.049, joint_torque, -0.15, 0.72, 0.14, -0.06, 0.39, 0.06, -0.05, robot_mode, normal, 
17/05/2022 16:55:48:626, robot_pos, 1652802834859, 614.05, 101.46, 462.61, 3.06, -0.79, 1.78, circuit_pos, 613.7, 101.49, 463.37, 3.06, -0.79, 1.78, tool_force, -1.88, 0.55, -0.13, actual_rep, 1, curr_step, 108, track_size, 115, robot_vel, 0.0, joints_pos, 8.7, 41.34, -17.68, -74.05, 89.36, 99.13, 20.32, tool_torque, -0.255, 0.394, -0.049, joint_torque, -0.14, 0.72, 0.15, -0.06, 0.39, 0.06, -0.05, robot_mode, normal, 
17/05/2022 16:55:48:775, robot_pos, 1652802835009, 614.05, 101.46, 462.62, 3.06, -0.79, 1.78, circuit_pos, 613.71, 101.49, 463.37, 3.06, -0.79, 1.78, tool_force, -1.88, 0.54, -0.15, actual_rep, 1, curr_step, 105, track_size, 115, robot_vel, 0.01, joints_pos, 8.7, 41.34, -17.68, -74.05, 89.36, 99.13, 20.32, tool_torque, -0.257, 0.395, -0.05, joint_torque, -0.15, 0.73, 0.14, -0.07, 0.39, 0.06, -0.05, robot_mode, normal, 
17/05/2022 16:55:48:925, robot_pos, 1652802835160, 614.05, 101.46, 462.62, 3.06, -0.79, 1.78, circuit_pos, 613.71, 101.49, 463.37, 3.06, -0.79, 1.78, tool_force, -1.87, 0.54, -0.15, actual_rep, 1, curr_step, 102, track_size, 115, robot_vel, 0.01, joints_pos, 8.7, 41.34, -17.68, -74.05, 89.36, 99.13, 20.32, tool_torque, -0.255, 0.397, -0.05, joint_torque, -0.14, 0.72, 0.14, -0.07, 0.39, 0.06, -0.05, robot_mode, normal, 
17/05/2022 16:55:49:077, robot_pos, 1652802835310, 614.05, 101.46, 462.61, 3.06, -0.79, 1.78, circuit_pos, 613.71, 101.49, 463.37, 3.06, -0.79, 1.78, tool_force, -1.87, 0.53, -0.15, actual_rep, 1, curr_step, 100, track_size, 115, robot_vel, 0.0, joints_pos, 8.7, 41.34, -17.68, -74.05, 89.36, 99.13, 20.32, tool_torque, -0.254, 0.395, -0.05, joint_torque, -0.14, 0.72, 0.14, -0.07, 0.39, 0.06, -0.05, robot_mode, normal, 
17/05/2022 16:55:49:228, robot_pos, 1652802835460, 614.05, 101.46, 462.61, 3.06, -0.79, 1.78, circuit_pos, 613.71, 101.49, 463.37, 3.06, -0.79, 1.78, tool_force, -1.85, 0.53, -0.15, actual_rep, 1, curr_step, 97, track_size, 115, robot_vel, 0.0, joints_pos, 8.7, 41.34, -17.68, -74.05, 89.36, 99.13, 20.32, tool_torque, -0.255, 0.395, -0.05, joint_torque, -0.14, 0.72, 0.15, -0.07, 0.39, 0.06, -0.05, robot_mode, normal, 
17/05/2022 16:55:49:408, robot_pos, 1652802835611, 614.05, 101.46, 462.61, 3.06, -0.79, 1.78, circuit_pos, 613.71, 101.49, 463.37, 3.06, -0.79, 1.78, tool_force, -1.86, 0.53, -0.14, actual_rep, 1, curr_step, 95, track_size, 115, robot_vel, 0.0, joints_pos, 8.7, 41.34, -17.68, -74.05, 89.36, 99.13, 20.32, tool_torque, -0.253, 0.393, -0.049, joint_torque, -0.14, 0.72, 0.14, -0.07, 0.39, 0.06, -0.05, robot_mode, normal, 
17/05/2022 16:55:49:530, robot_pos, 1652802835764, 614.05, 101.46, 462.61, 3.06, -0.79, 1.78, circuit_pos, 613.72, 101.49, 463.37, 3.06, -0.79, 1.78, tool_force, -1.86, 0.52, -0.14, actual_rep, 1, curr_step, 92, track_size, 115, robot_vel, 0.0, joints_pos, 8.7, 41.34, -17.68, -74.05, 89.36, 99.13, 20.32, tool_torque, -0.253, 0.397, -0.05, joint_torque, -0.14, 0.72, 0.15, -0.07, 0.39, 0.07, -0.05, robot_mode, normal, 
17/05/2022 16:55:49:680, robot_pos, 1652802835912, 614.05, 101.46, 462.62, 3.06, -0.79, 1.78, circuit_pos, 613.72, 101.5, 463.37, 3.06, -0.79, 1.78, tool_force, -1.87, 0.5, -0.19, actual_rep, 1, curr_step, 89, track_size, 115, robot_vel, 0.02, joints_pos, 8.7, 41.34, -17.68, -74.05, 89.36, 99.13, 20.32, tool_torque, -0.255, 0.401, -0.051, joint_torque, -0.16, 0.71, 0.14, -0.07, 0.39, 0.07, -0.05, robot_mode, normal, 
17/05/2022 16:55:49:829, robot_pos, 1652802836063, 614.05, 101.46, 462.62, 3.06, -0.79, 1.78, circuit_pos, 613.7, 101.5, 463.37, 3.06, -0.79, 1.78, tool_force, -1.87, 0.52, -0.18, actual_rep, 1, curr_step, 87, track_size, 115, robot_vel, 0.0, joints_pos, 8.7, 41.34, -17.68, -74.05, 89.36, 99.13, 20.32, tool_torque, -0.254, 0.404, -0.051, joint_torque, -0.17, 0.73, 0.15, -0.08, 0.39, 0.07, -0.05, robot_mode, normal, 
17/05/2022 16:55:49:982, robot_pos, 1652802836214, 614.05, 101.45, 462.6, 3.06, -0.79, 1.78, circuit_pos, 613.74, 101.4, 463.37, 3.06, -0.79, 1.78, tool_force, -1.85, 0.55, -0.04, actual_rep, 1, curr_step, 85, track_size, 115, robot_vel, 0.22, joints_pos, 8.69, 41.34, -17.68, -74.05, 89.36, 99.13, 20.32, tool_torque, -0.243, 0.385, -0.044, joint_torque, -0.06, 0.73, 0.15, -0.07, 0.39, 0.07, -0.04, robot_mode, normal, 
17/05/2022 16:55:50:135, robot_pos, 1652802836365, 614.09, 101.48, 462.73, 3.06, -0.79, 1.78, circuit_pos, 613.78, 101.44, 463.53, 3.06, -0.79, 1.78, tool_force, -1.83, 0.34, -0.07, actual_rep, 1, curr_step, 82, track_size, 115, robot_vel, 1.35, joints_pos, 8.7, 41.34, -17.68, -74.03, 89.36, 99.13, 20.32, tool_torque, -0.274, 0.382, -0.061, joint_torque, -0.16, 0.72, 0.13, -0.11, 0.39, 0.06, -0.06, robot_mode, normal, 
17/05/2022 16:55:50:288, robot_pos, 1652802836514, 614.05, 101.46, 462.91, 3.06, -0.79, 1.78, circuit_pos, 613.7, 101.3, 463.9, 3.06, -0.79, 1.78, tool_force, -1.96, 0.24, 0.05, actual_rep, 1, curr_step, 79, track_size, 115, robot_vel, 1.36, joints_pos, 8.69, 41.32, -17.68, -74.03, 89.36, 99.13, 20.34, tool_torque, -0.278, 0.361, -0.105, joint_torque, -0.05, 0.78, 0.15, -0.11, 0.39, 0.04, -0.11, robot_mode, normal, 
17/05/2022 16:55:50:474, robot_pos, 1652802836664, 613.98, 101.24, 463.21, 3.06, -0.79, 1.78, circuit_pos, 613.63, 101.14, 464.1, 3.06, -0.79, 1.78, tool_force, -2.11, 0.32, 0.1, actual_rep, 1, curr_step, 77, track_size, 115, robot_vel, 2.41, joints_pos, 8.68, 41.29, -17.68, -74.04, 89.36, 99.14, 20.36, tool_torque, -0.265, 0.356, -0.13, joint_torque, 0.04, 0.88, 0.17, -0.08, 0.39, 0.01, -0.13, robot_mode, normal, 
17/05/2022 16:55:50:586, robot_pos, 1652802836814, 613.93, 101.17, 463.36, 3.06, -0.79, 1.78, circuit_pos, 613.61, 101.09, 464.13, 3.06, -0.79, 1.78, tool_force, -1.79, 0.27, 0.15, actual_rep, 1, curr_step, 75, track_size, 115, robot_vel, 1.29, joints_pos, 8.67, 41.27, -17.68, -74.04, 89.35, 99.15, 20.37, tool_torque, -0.283, 0.303, -0.139, joint_torque, 0.01, 0.68, 0.12, -0.05, 0.4, 0.01, -0.14, robot_mode, normal, 
17/05/2022 16:55:50:769, robot_pos, 1652802836962, 613.9, 101.11, 463.38, 3.06, -0.79, 1.78, circuit_pos, 613.58, 101.0, 464.31, 3.06, -0.79, 1.78, tool_force, -1.81, 0.32, 0.25, actual_rep, 1, curr_step, 72, track_size, 115, robot_vel, 0.54, joints_pos, 8.67, 41.27, -17.68, -74.04, 89.35, 99.15, 20.37, tool_torque, -0.28, 0.294, -0.115, joint_torque, 0.08, 0.77, 0.14, -0.08, 0.4, -0.01, -0.12, robot_mode, normal, 
17/05/2022 16:55:50:886, robot_pos, 1652802837111, 613.87, 101.01, 463.49, 3.06, -0.79, 1.78, circuit_pos, 613.45, 100.86, 463.74, 3.06, -0.79, 1.78, tool_force, -1.75, 0.27, 0.29, actual_rep, 1, curr_step, 70, track_size, 115, robot_vel, 1.17, joints_pos, 8.66, 41.26, -17.68, -74.05, 89.34, 99.15, 20.38, tool_torque, -0.289, 0.285, -0.142, joint_torque, 0.09, 0.77, 0.14, -0.1, 0.4, -0.01, -0.14, robot_mode, normal, 
17/05/2022 16:55:51:074, robot_pos, 1652802837261, 613.63, 100.89, 462.18, 3.06, -0.79, 1.78, circuit_pos, 613.37, 100.72, 462.44, 3.06, -0.79, 1.78, tool_force, -2.7, 0.97, 0.25, actual_rep, 1, curr_step, 67, track_size, 115, robot_vel, 9.12, joints_pos, 8.66, 41.31, -17.68, -74.16, 89.31, 99.15, 20.25, tool_torque, -0.211, 0.423, 0.017, joint_torque, 0.09, 1.14, 0.19, -0.09, 0.4, 0.01, 0.02, robot_mode, normal, 
17/05/2022 16:55:51:188, robot_pos, 1652802837411, 613.71, 101.17, 461.75, 3.06, -0.79, 1.78, circuit_pos, 613.44, 102.26, 462.1, 3.05, -0.79, 1.79, tool_force, -1.81, 0.7, -0.62, actual_rep, 1, curr_step, 65, track_size, 115, robot_vel, 2.66, joints_pos, 8.68, 41.35, -17.68, -74.16, 89.33, 99.15, 20.19, tool_torque, -0.253, 0.353, 0.0020, joint_torque, -0.62, 0.56, -0.15, -0.02, 0.39, 0.03, 0.0, robot_mode, normal, 
17/05/2022 16:55:51:380, robot_pos, 1652802837563, 613.84, 103.03, 460.85, 3.05, -0.79, 1.79, circuit_pos, 613.03, 105.26, 460.43, 3.04, -0.79, 1.81, tool_force, -2.87, 1.06, 0.04, actual_rep, 1, curr_step, 62, track_size, 115, robot_vel, 16.99, joints_pos, 8.87, 41.33, -17.68, -74.18, 89.0, 98.72, 20.24, tool_torque, -0.165, 0.635, -0.058, joint_torque, 0.23, 1.04, 0.42, 0.01, 0.44, 0.2, -0.06, robot_mode, normal, 
17/05/2022 16:55:51:492, robot_pos, 1652802837709, 613.37, 104.52, 460.09, 3.05, -0.79, 1.8, circuit_pos, 613.26, 108.54, 459.03, 3.03, -0.78, 1.83, tool_force, -2.56, 0.59, -1.13, actual_rep, 1, curr_step, 60, track_size, 115, robot_vel, 11.92, joints_pos, 9.02, 41.34, -17.68, -74.08, 88.36, 98.64, 20.19, tool_torque, -0.253, 0.681, -0.016, joint_torque, -0.45, 1.25, 0.23, -0.23, 0.41, 0.18, -0.01, robot_mode, normal, 
17/05/2022 16:55:51:687, robot_pos, 1652802837863, 614.05, 109.31, 457.96, 3.02, -0.78, 1.84, circuit_pos, 614.15, 116.05, 454.74, 2.98, -0.77, 1.88, tool_force, -1.71, 0.52, -1.34, actual_rep, 1, curr_step, 57, track_size, 115, robot_vel, 38.49, joints_pos, 9.51, 41.31, -17.68, -73.99, 87.39, 97.5, 20.13, tool_torque, -0.249, 0.623, -0.06, joint_torque, -0.22, 0.85, 0.27, -0.08, 0.44, 0.23, -0.07, robot_mode, normal, 
17/05/2022 16:55:51:821, robot_pos, 1652802838007, 614.28, 113.86, 455.01, 2.99, -0.77, 1.88, circuit_pos, 614.12, 121.45, 449.43, 2.94, -0.76, 1.95, tool_force, -2.36, 0.95, -1.18, actual_rep, 1, curr_step, 55, track_size, 115, robot_vel, 39.43, joints_pos, 10.02, 41.13, -17.68, -74.11, 85.96, 95.88, 20.02, tool_torque, -0.231, 0.645, 0.042, joint_torque, -0.63, 0.58, 0.09, -0.01, 0.45, 0.23, 0.05, robot_mode, normal, 
17/05/2022 16:55:51:976, robot_pos, 1652802838161, 614.26, 118.18, 450.61, 2.94, -0.76, 1.94, circuit_pos, 613.26, 125.64, 441.22, 2.88, -0.74, 2.04, tool_force, -2.4, 0.82, -0.57, actual_rep, 1, curr_step, 53, track_size, 115, robot_vel, 39.08, joints_pos, 10.54, 41.04, -17.68, -74.08, 83.73, 94.3, 20.02, tool_torque, -0.231, 0.688, -0.011, joint_torque, -0.51, 0.78, 0.14, -0.03, 0.46, 0.24, -0.01, robot_mode, normal, 
17/05/2022 16:55:52:098, robot_pos, 1652802838306, 614.02, 121.71, 445.69, 2.9, -0.75, 2.01, circuit_pos, 613.26, 125.64, 441.22, 2.88, -0.74, 2.04, tool_force, -1.96, 0.68, -0.56, actual_rep, 1, curr_step, 53, track_size, 115, robot_vel, 45.87, joints_pos, 11.05, 40.94, -17.68, -74.04, 81.26, 92.74, 20.13, tool_torque, -0.25, 0.616, -0.122, joint_torque, -0.39, 0.6, 0.17, 0.0, 0.44, 0.23, -0.12, robot_mode, normal, 
17/05/2022 16:55:52:286, robot_pos, 1652802838458, 613.59, 124.57, 440.84, 2.88, -0.74, 2.05, circuit_pos, 612.7, 127.43, 436.25, 2.85, -0.73, 2.09, tool_force, -1.8, 0.8, -0.32, actual_rep, 1, curr_step, 52, track_size, 115, robot_vel, 46.67, joints_pos, 11.42, 41.01, -17.68, -74.19, 79.96, 91.79, 20.04, tool_torque, -0.256, 0.653, -0.012, joint_torque, -0.56, 0.58, 0.1, -0.02, 0.46, 0.25, -0.01, robot_mode, normal, 
17/05/2022 16:55:52:423, robot_pos, 1652802838604, 613.09, 126.86, 435.56, 2.85, -0.73, 2.1, circuit_pos, 612.36, 131.37, 426.59, 2.8, -0.72, 2.17, tool_force, -2.5, 0.67, -0.11, actual_rep, 1, curr_step, 50, track_size, 115, robot_vel, 35.28, joints_pos, 11.8, 41.08, -17.68, -74.16, 77.88, 90.81, 20.33, tool_torque, -0.248, 0.686, -0.168, joint_torque, -0.18, 1.01, 0.29, -0.01, 0.45, 0.22, -0.17, robot_mode, normal, 
17/05/2022 16:55:52:548, robot_pos, 1652802838755, 613.07, 128.83, 430.39, 2.82, -0.72, 2.14, circuit_pos, 612.45, 133.76, 422.32, 2.79, -0.71, 2.2, tool_force, -2.94, 0.22, -1.13, actual_rep, 1, curr_step, 49, track_size, 115, robot_vel, 35.34, joints_pos, 12.1, 41.26, -17.68, -74.15, 76.48, 90.02, 20.53, tool_torque, -0.344, 0.745, -0.214, joint_torque, -0.67, 0.89, 0.1, -0.08, 0.47, 0.23, -0.21, robot_mode, normal, 
17/05/2022 16:55:52:698, robot_pos, 1652802838903, 612.9, 131.91, 424.87, 2.8, -0.71, 2.19, circuit_pos, 612.8, 136.24, 417.89, 2.77, -0.7, 2.23, tool_force, -1.46, 0.01, -0.71, actual_rep, 1, curr_step, 48, track_size, 115, robot_vel, 42.7, joints_pos, 12.56, 41.39, -17.68, -74.13, 74.68, 88.9, 20.69, tool_torque, -0.355, 0.575, -0.22, joint_torque, -0.62, 0.42, 0.04, -0.03, 0.45, 0.23, -0.22, robot_mode, normal, 
17/05/2022 16:55:52:855, robot_pos, 1652802839052, 613.21, 134.88, 419.12, 2.77, -0.7, 2.22, circuit_pos, 613.38, 139.07, 413.49, 2.75, -0.69, 2.25, tool_force, -2.47, 0.21, -0.58, actual_rep, 1, curr_step, 47, track_size, 115, robot_vel, 44.03, joints_pos, 12.99, 41.63, -17.68, -74.09, 73.29, 87.83, 20.77, tool_torque, -0.33, 0.66, -0.198, joint_torque, -0.71, 0.5, 0.03, 0.04, 0.46, 0.23, -0.2, robot_mode, normal, 
17/05/2022 16:55:53:000, robot_pos, 1652802839201, 613.81, 138.38, 413.35, 2.75, -0.69, 2.25, circuit_pos, 614.17, 142.02, 409.31, 2.73, -0.68, 2.28, tool_force, -2.66, 0.22, -0.1, actual_rep, 1, curr_step, 46, track_size, 115, robot_vel, 44.75, joints_pos, 13.44, 41.86, -17.68, -74.15, 72.23, 86.61, 20.9, tool_torque, -0.303, 0.666, -0.197, joint_torque, -0.46, 0.73, 0.14, 0.01, 0.43, 0.21, -0.2, robot_mode, normal, 
17/05/2022 16:55:53:159, robot_pos, 1652802839359, 614.45, 142.35, 407.82, 2.72, -0.67, 2.29, circuit_pos, 614.93, 145.27, 405.18, 2.71, -0.67, 2.31, tool_force, -2.44, 0.05, -0.41, actual_rep, 1, curr_step, 45, track_size, 115, robot_vel, 42.64, joints_pos, 13.99, 42.07, -17.68, -74.08, 70.73, 85.23, 21.34, tool_torque, -0.344, 0.705, -0.21, joint_torque, -0.67, 0.99, 0.1, -0.15, 0.43, 0.2, -0.21, robot_mode, normal, 
17/05/2022 16:55:53:307, robot_pos, 1652802839503, 615.62, 145.68, 403.26, 2.7, -0.67, 2.32, circuit_pos, 616.08, 152.04, 396.45, 2.66, -0.65, 2.37, tool_force, -2.61, 0.01, -0.49, actual_rep, 1, curr_step, 43, track_size, 115, robot_vel, 35.19, joints_pos, 14.4, 42.3, -17.68, -74.1, 70.21, 83.99, 21.74, tool_torque, -0.326, 0.688, -0.244, joint_torque, -0.63, 0.76, 0.12, -0.02, 0.42, 0.2, -0.24, robot_mode, normal, 
17/05/2022 16:55:53:455, robot_pos, 1652802839652, 615.75, 149.52, 398.71, 2.67, -0.65, 2.36, circuit_pos, 616.32, 155.73, 391.61, 2.63, -0.63, 2.4, tool_force, -2.39, 0.55, 0.51, actual_rep, 1, curr_step, 42, track_size, 115, robot_vel, 39.37, joints_pos, 14.98, 42.3, -17.68, -74.23, 68.77, 82.39, 22.54, tool_torque, -0.292, 0.632, -0.233, joint_torque, -0.71, 0.61, -0.01, 0.09, 0.41, 0.15, -0.23, robot_mode, normal, 
17/05/2022 16:55:53:604, robot_pos, 1652802839798, 616.32, 153.34, 393.49, 2.64, -0.64, 2.39, circuit_pos, 616.57, 159.4, 386.49, 2.6, -0.62, 2.44, tool_force, -3.15, 0.38, 0.35, actual_rep, 1, curr_step, 41, track_size, 115, robot_vel, 44.38, joints_pos, 15.53, 42.49, -17.68, -74.19, 67.34, 80.97, 23.12, tool_torque, -0.279, 0.636, -0.24, joint_torque, -0.13, 0.88, 0.32, 0.03, 0.43, 0.17, -0.25, robot_mode, normal, 
17/05/2022 16:55:53:755, robot_pos, 1652802839949, 616.6, 156.94, 388.39, 2.61, -0.62, 2.43, circuit_pos, 616.86, 162.67, 381.9, 2.58, -0.61, 2.47, tool_force, -2.42, 0.18, 0.36, actual_rep, 1, curr_step, 40, track_size, 115, robot_vel, 43.11, joints_pos, 16.07, 42.67, -17.68, -74.19, 65.97, 79.65, 24.02, tool_torque, -0.352, 0.588, -0.255, joint_torque, -0.63, 0.48, -0.03, 0.0, 0.42, 0.14, -0.26, robot_mode, normal, 
17/05/2022 16:55:53:908, robot_pos, 1652802840096, 616.9, 161.13, 382.94, 2.59, -0.61, 2.46, circuit_pos, 617.05, 166.37, 376.97, 2.56, -0.6, 2.49, tool_force, -2.51, 0.29, 0.58, actual_rep, 1, curr_step, 39, track_size, 115, robot_vel, 47.31, joints_pos, 16.66, 42.93, -17.68, -74.16, 64.65, 78.36, 24.98, tool_torque, -0.313, 0.563, -0.228, joint_torque, -0.15, 0.7, 0.25, -0.01, 0.41, 0.14, -0.24, robot_mode, normal, 
17/05/2022 16:55:54:060, robot_pos, 1652802840247, 617.17, 165.17, 377.15, 2.57, -0.6, 2.49, circuit_pos, 617.15, 170.55, 371.32, 2.54, -0.58, 2.53, tool_force, -2.65, 0.4, 0.49, actual_rep, 1, curr_step, 38, track_size, 115, robot_vel, 51.48, joints_pos, 17.2, 43.22, -17.68, -74.2, 63.72, 77.16, 25.62, tool_torque, -0.305, 0.535, -0.23, joint_torque, -0.45, 0.53, 0.05, 0.08, 0.4, 0.12, -0.24, robot_mode, normal, 
17/05/2022 16:55:54:211, robot_pos, 1652802840396, 617.46, 169.21, 372.11, 2.54, -0.58, 2.53, circuit_pos, 617.23, 174.44, 365.99, 2.52, -0.56, 2.55, tool_force, -1.41, -0.02, 0.57, actual_rep, 1, curr_step, 37, track_size, 115, robot_vel, 42.15, joints_pos, 17.82, 43.46, -17.68, -74.06, 62.01, 75.88, 26.59, tool_torque, -0.322, 0.482, -0.243, joint_torque, -0.19, 0.42, 0.17, 0.01, 0.39, 0.13, -0.25, robot_mode, normal, 
17/05/2022 16:55:54:361, robot_pos, 1652802840546, 617.56, 173.37, 366.27, 2.52, -0.56, 2.55, circuit_pos, 617.17, 178.06, 361.02, 2.5, -0.55, 2.57, tool_force, -2.62, 0.59, 0.39, actual_rep, 1, curr_step, 36, track_size, 115, robot_vel, 52.57, joints_pos, 18.4, 43.7, -17.68, -74.19, 61.03, 74.41, 27.29, tool_torque, -0.266, 0.572, -0.247, joint_torque, -0.2, 0.66, 0.21, 0.16, 0.41, 0.1, -0.26, robot_mode, normal, 
17/05/2022 16:55:54:512, robot_pos, 1652802840695, 617.39, 177.3, 360.49, 2.5, -0.55, 2.57, circuit_pos, 617.1, 181.6, 355.79, 2.49, -0.53, 2.6, tool_force, -1.88, 0.31, 0.42, actual_rep, 1, curr_step, 35, track_size, 115, robot_vel, 60.74, joints_pos, 18.99, 43.95, -17.68, -74.32, 59.93, 73.13, 27.94, tool_torque, -0.323, 0.523, -0.244, joint_torque, -0.31, 0.52, 0.15, 0.1, 0.39, 0.09, -0.26, robot_mode, normal, 
17/05/2022 16:55:54:665, robot_pos, 1652802840846, 617.23, 181.25, 354.96, 2.49, -0.53, 2.6, circuit_pos, 616.89, 185.09, 350.65, 2.48, -0.52, 2.62, tool_force, -1.79, 0.15, 0.42, actual_rep, 1, curr_step, 34, track_size, 115, robot_vel, 43.92, joints_pos, 19.57, 44.29, -17.68, -74.21, 58.55, 72.15, 28.72, tool_torque, -0.345, 0.534, -0.23, joint_torque, -0.38, 0.7, 0.09, -0.01, 0.38, 0.09, -0.24, robot_mode, normal, 
17/05/2022 16:55:54:847, robot_pos, 1652802840992, 617.17, 184.82, 349.19, 2.48, -0.51, 2.63, circuit_pos, 616.56, 188.25, 345.51, 2.47, -0.5, 2.64, tool_force, -1.88, -0.04, 0.41, actual_rep, 1, curr_step, 33, track_size, 115, robot_vel, 48.86, joints_pos, 20.1, 44.66, -17.68, -74.14, 57.32, 71.19, 29.33, tool_torque, -0.37, 0.534, -0.234, joint_torque, -0.55, 0.79, 0.03, -0.09, 0.38, 0.07, -0.24, robot_mode, normal, 
17/05/2022 16:55:54:960, robot_pos, 1652802841142, 616.88, 188.35, 343.49, 2.46, -0.5, 2.65, circuit_pos, 615.79, 194.31, 333.92, 2.44, -0.47, 2.68, tool_force, -2.6, 0.36, 0.37, actual_rep, 1, curr_step, 31, track_size, 115, robot_vel, 45.38, joints_pos, 20.63, 44.97, -17.68, -74.23, 56.31, 70.03, 30.07, tool_torque, -0.274, 0.566, -0.219, joint_torque, -0.47, 0.69, 0.06, 0.1, 0.36, 0.07, -0.23, robot_mode, normal, 
17/05/2022 16:55:55:112, robot_pos, 1652802841289, 616.48, 191.48, 337.71, 2.45, -0.48, 2.67, circuit_pos, 615.58, 196.48, 329.17, 2.44, -0.46, 2.7, tool_force, -2.19, 0.39, 0.27, actual_rep, 1, curr_step, 30, track_size, 115, robot_vel, 40.52, joints_pos, 21.13, 45.27, -17.68, -74.32, 55.29, 68.95, 30.7, tool_torque, -0.325, 0.544, -0.233, joint_torque, -0.53, 0.46, -0.01, 0.14, 0.38, 0.05, -0.25, robot_mode, normal, 
17/05/2022 16:55:55:270, robot_pos, 1652802841440, 615.97, 194.27, 331.97, 2.44, -0.47, 2.69, circuit_pos, 615.28, 199.3, 323.44, 2.43, -0.45, 2.72, tool_force, -2.03, 0.21, 0.62, actual_rep, 1, curr_step, 29, track_size, 115, robot_vel, 44.88, joints_pos, 21.59, 45.66, -17.68, -74.27, 54.11, 68.25, 31.28, tool_torque, -0.355, 0.547, -0.232, joint_torque, -0.66, 0.52, -0.05, 0.01, 0.34, 0.05, -0.24, robot_mode, normal, 
17/05/2022 16:55:55:412, robot_pos, 1652802841588, 615.86, 197.19, 326.08, 2.44, -0.46, 2.71, circuit_pos, 615.01, 202.11, 317.7, 2.42, -0.43, 2.74, tool_force, -1.9, 0.24, 0.93, actual_rep, 1, curr_step, 28, track_size, 115, robot_vel, 41.05, joints_pos, 22.0, 46.14, -17.68, -74.13, 53.15, 67.65, 31.88, tool_torque, -0.353, 0.516, -0.239, joint_torque, -0.51, 0.49, 0.03, 0.0, 0.35, 0.06, -0.25, robot_mode, normal, 
17/05/2022 16:55:55:566, robot_pos, 1652802841738, 615.52, 200.01, 320.26, 2.43, -0.44, 2.73, circuit_pos, 614.82, 204.87, 311.75, 2.41, -0.42, 2.75, tool_force, -1.66, 0.07, 0.69, actual_rep, 1, curr_step, 27, track_size, 115, robot_vel, 44.75, joints_pos, 22.49, 46.52, -17.68, -74.09, 51.84, 66.73, 32.68, tool_torque, -0.345, 0.441, -0.207, joint_torque, -0.37, 0.34, 0.04, 0.01, 0.36, 0.04, -0.23, robot_mode, normal, 
17/05/2022 16:55:55:712, robot_pos, 1652802841886, 615.38, 202.7, 314.56, 2.42, -0.43, 2.74, circuit_pos, 614.82, 207.17, 305.7, 2.4, -0.4, 2.77, tool_force, -2.44, 0.18, 0.48, actual_rep, 1, curr_step, 26, track_size, 115, robot_vel, 41.02, joints_pos, 22.86, 46.92, -17.68, -74.14, 51.33, 65.87, 33.11, tool_torque, -0.273, 0.521, -0.198, joint_torque, -0.53, 0.58, -0.02, 0.07, 0.33, 0.05, -0.22, robot_mode, normal, 
17/05/2022 16:55:55:866, robot_pos, 1652802842036, 615.25, 205.14, 308.71, 2.41, -0.41, 2.76, circuit_pos, 614.91, 208.96, 299.45, 2.39, -0.38, 2.78, tool_force, -1.89, 0.22, 0.56, actual_rep, 1, curr_step, 25, track_size, 115, robot_vel, 42.24, joints_pos, 23.31, 47.32, -17.68, -74.12, 50.18, 64.91, 33.89, tool_torque, -0.289, 0.45, -0.193, joint_torque, -0.33, 0.63, 0.09, 0.02, 0.34, 0.05, -0.22, robot_mode, normal, 
17/05/2022 16:55:56:014, robot_pos, 1652802842186, 615.36, 207.05, 302.85, 2.4, -0.39, 2.77, circuit_pos, 614.88, 210.33, 293.76, 2.39, -0.37, 2.8, tool_force, -1.79, 0.74, 1.01, actual_rep, 1, curr_step, 24, track_size, 115, robot_vel, 43.28, joints_pos, 23.68, 47.69, -17.68, -74.22, 49.4, 63.76, 34.38, tool_torque, -0.223, 0.483, -0.198, joint_torque, -0.23, 0.82, 0.15, 0.04, 0.32, 0.04, -0.22, robot_mode, normal, 
17/05/2022 16:55:56:168, robot_pos, 1652802842336, 615.06, 208.66, 297.11, 2.39, -0.38, 2.79, circuit_pos, 614.82, 211.27, 287.91, 2.38, -0.35, 2.81, tool_force, -2.25, 0.47, 0.82, actual_rep, 1, curr_step, 23, track_size, 115, robot_vel, 40.5, joints_pos, 24.01, 48.12, -17.68, -74.17, 48.39, 63.13, 34.89, tool_torque, -0.251, 0.473, -0.191, joint_torque, -0.31, 0.55, 0.09, 0.11, 0.33, 0.04, -0.22, robot_mode, normal, 
17/05/2022 16:55:56:369, robot_pos, 1652802842486, 615.27, 210.03, 291.12, 2.39, -0.36, 2.8, circuit_pos, 614.64, 212.0, 281.38, 2.37, -0.33, 2.83, tool_force, -1.7, 0.14, 0.52, actual_rep, 1, curr_step, 22, track_size, 115, robot_vel, 40.14, joints_pos, 24.32, 48.56, -17.68, -74.15, 47.45, 62.2, 35.46, tool_torque, -0.283, 0.456, -0.19, joint_torque, -0.4, 0.65, 0.06, 0.14, 0.31, 0.03, -0.21, robot_mode, normal, 
17/05/2022 16:55:56:470, robot_pos, 1652802842634, 615.04, 210.91, 285.56, 2.38, -0.34, 2.82, circuit_pos, 614.47, 212.52, 274.94, 2.37, -0.31, 2.85, tool_force, -1.51, 0.72, 0.79, actual_rep, 1, curr_step, 21, track_size, 115, robot_vel, 39.47, joints_pos, 24.64, 48.93, -17.68, -74.19, 46.3, 61.34, 36.19, tool_torque, -0.189, 0.387, -0.172, joint_torque, -0.01, 0.64, 0.15, 0.09, 0.32, 0.04, -0.22, robot_mode, normal, 
17/05/2022 16:55:56:624, robot_pos, 1652802842786, 614.89, 211.62, 279.63, 2.37, -0.33, 2.84, circuit_pos, 614.26, 212.83, 268.54, 2.36, -0.3, 2.86, tool_force, -1.89, 0.35, 0.86, actual_rep, 1, curr_step, 20, track_size, 115, robot_vel, 38.63, joints_pos, 24.94, 49.37, -17.68, -74.15, 45.01, 60.61, 36.8, tool_torque, -0.24, 0.473, -0.185, joint_torque, -0.5, 0.6, -0.04, 0.01, 0.28, 0.04, -0.21, robot_mode, normal, 
17/05/2022 16:55:56:779, robot_pos, 1652802842940, 614.85, 212.19, 273.67, 2.37, -0.31, 2.85, circuit_pos, 614.26, 212.83, 268.54, 2.36, -0.3, 2.86, tool_force, -1.47, 0.4, 0.93, actual_rep, 1, curr_step, 20, track_size, 115, robot_vel, 38.98, joints_pos, 25.17, 49.83, -17.68, -74.15, 44.19, 59.9, 37.35, tool_torque, -0.248, 0.434, -0.179, joint_torque, -0.39, 0.55, 0.03, 0.03, 0.27, 0.03, -0.2, robot_mode, normal, 
17/05/2022 16:55:56:926, robot_pos, 1652802843088, 614.58, 212.5, 267.85, 2.36, -0.3, 2.86, circuit_pos, 613.87, 213.28, 262.14, 2.35, -0.28, 2.88, tool_force, -1.84, 1.05, 1.24, actual_rep, 1, curr_step, 19, track_size, 115, robot_vel, 39.4, joints_pos, 25.4, 50.25, -17.68, -74.2, 43.24, 59.15, 38.01, tool_torque, -0.121, 0.44, -0.156, joint_torque, -0.18, 0.75, 0.13, 0.11, 0.28, 0.04, -0.19, robot_mode, normal, 
17/05/2022 16:55:57:077, robot_pos, 1652802843236, 614.2, 212.96, 262.15, 2.35, -0.28, 2.88, circuit_pos, 613.64, 213.52, 255.51, 2.35, -0.26, 2.9, tool_force, -1.51, 0.43, 1.02, actual_rep, 1, curr_step, 18, track_size, 115, robot_vel, 39.05, joints_pos, 25.69, 50.68, -17.68, -74.17, 41.94, 58.51, 38.84, tool_torque, -0.179, 0.402, -0.136, joint_torque, -0.28, 0.58, 0.08, 0.01, 0.26, 0.04, -0.16, robot_mode, normal, 
17/05/2022 16:55:57:237, robot_pos, 1652802843387, 614.09, 213.34, 256.38, 2.35, -0.27, 2.9, circuit_pos, 613.43, 213.96, 248.68, 2.35, -0.25, 2.91, tool_force, -1.29, 0.66, 1.27, actual_rep, 1, curr_step, 17, track_size, 115, robot_vel, 38.33, joints_pos, 25.92, 51.17, -17.68, -74.08, 40.82, 57.93, 39.46, tool_torque, -0.151, 0.377, -0.119, joint_torque, -0.28, 0.75, 0.06, -0.05, 0.25, 0.02, -0.15, robot_mode, normal, 
17/05/2022 16:55:57:379, robot_pos, 1652802843534, 613.95, 213.55, 250.49, 2.35, -0.25, 2.9, circuit_pos, 613.22, 214.38, 241.57, 2.34, -0.23, 2.92, tool_force, -1.69, 0.71, 1.27, actual_rep, 1, curr_step, 16, track_size, 115, robot_vel, 38.98, joints_pos, 26.08, 51.64, -17.68, -74.08, 40.21, 57.34, 39.77, tool_torque, -0.161, 0.415, -0.125, joint_torque, -0.3, 0.83, 0.07, -0.04, 0.25, 0.02, -0.15, robot_mode, normal, 
17/05/2022 16:55:57:533, robot_pos, 1652802843686, 613.75, 214.02, 244.66, 2.34, -0.24, 2.91, circuit_pos, 613.04, 214.72, 234.36, 2.33, -0.21, 2.93, tool_force, -1.51, 0.7, 0.99, actual_rep, 1, curr_step, 15, track_size, 115, robot_vel, 39.1, joints_pos, 26.32, 52.07, -17.68, -74.16, 39.42, 56.48, 40.37, tool_torque, -0.131, 0.402, -0.121, joint_torque, -0.31, 0.71, 0.04, 0.05, 0.24, 0.02, -0.15, robot_mode, normal, 
17/05/2022 16:55:57:681, robot_pos, 1652802843831, 613.62, 214.31, 238.96, 2.34, -0.23, 2.92, circuit_pos, 612.79, 214.93, 227.22, 2.33, -0.2, 2.95, tool_force, -1.79, 1.3, 1.28, actual_rep, 1, curr_step, 14, track_size, 115, robot_vel, 44.38, joints_pos, 26.55, 52.49, -17.68, -74.25, 38.66, 55.58, 41.01, tool_torque, -0.063, 0.42, -0.113, joint_torque, -0.34, 0.78, 0.03, 0.13, 0.23, 0.02, -0.15, robot_mode, normal, 
17/05/2022 16:55:57:834, robot_pos, 1652802843984, 613.31, 214.51, 233.18, 2.33, -0.21, 2.93, circuit_pos, 612.79, 214.93, 227.22, 2.33, -0.2, 2.95, tool_force, -1.27, 0.71, 0.96, actual_rep, 1, curr_step, 14, track_size, 115, robot_vel, 39.12, joints_pos, 26.74, 52.98, -17.68, -74.2, 37.79, 55.05, 41.6, tool_torque, -0.118, 0.355, -0.099, joint_torque, -0.22, 0.59, 0.08, 0.0, 0.23, 0.04, -0.13, robot_mode, normal, 
17/05/2022 16:55:57:985, robot_pos, 1652802844129, 613.24, 214.7, 227.28, 2.33, -0.2, 2.95, circuit_pos, 612.55, 214.96, 220.0, 2.32, -0.18, 2.96, tool_force, -2.22, 0.68, 1.36, actual_rep, 1, curr_step, 13, track_size, 115, robot_vel, 40.89, joints_pos, 26.93, 53.5, -17.68, -74.13, 36.93, 54.46, 42.33, tool_torque, -0.135, 0.456, -0.107, joint_torque, -0.59, 0.59, -0.07, 0.03, 0.22, 0.03, -0.13, robot_mode, normal, 
17/05/2022 16:55:58:134, robot_pos, 1652802844281, 612.95, 214.76, 221.57, 2.32, -0.19, 2.96, circuit_pos, 612.39, 214.8, 212.97, 2.31, -0.17, 2.97, tool_force, -1.32, 0.79, 1.14, actual_rep, 1, curr_step, 12, track_size, 115, robot_vel, 36.86, joints_pos, 27.12, 53.96, -17.68, -74.15, 36.17, 53.8, 43.07, tool_torque, -0.069, 0.333, -0.082, joint_torque, -0.21, 0.64, 0.07, 0.02, 0.22, 0.04, -0.12, robot_mode, normal, 
17/05/2022 16:55:58:286, robot_pos, 1652802844429, 612.83, 214.69, 215.8, 2.32, -0.18, 2.96, circuit_pos, 612.15, 214.88, 205.86, 2.31, -0.15, 2.98, tool_force, -1.58, 0.81, 1.43, actual_rep, 1, curr_step, 11, track_size, 115, robot_vel, 46.15, joints_pos, 27.27, 54.46, -17.68, -74.14, 35.51, 53.14, 43.7, tool_torque, -0.081, 0.395, -0.076, joint_torque, -0.41, 0.78, 0.02, -0.01, 0.21, 0.02, -0.1, robot_mode, normal, 
17/05/2022 16:55:58:438, robot_pos, 1652802844580, 612.61, 214.8, 210.0, 2.31, -0.16, 2.97, circuit_pos, 611.99, 214.86, 198.8, 2.31, -0.13, 2.99, tool_force, -1.42, 0.79, 1.25, actual_rep, 1, curr_step, 10, track_size, 115, robot_vel, 41.2, joints_pos, 27.46, 54.94, -17.68, -74.14, 34.7, 52.45, 44.34, tool_torque, -0.07, 0.326, -0.067, joint_torque, -0.35, 0.57, -0.01, 0.04, 0.2, 0.02, -0.1, robot_mode, normal, 
17/05/2022 16:55:58:592, robot_pos, 1652802844727, 612.47, 214.76, 204.18, 2.31, -0.15, 2.98, circuit_pos, 611.71, 214.48, 190.56, 2.32, -0.11, 3.0, tool_force, -1.08, 0.76, 1.15, actual_rep, 1, curr_step, 9, track_size, 115, robot_vel, 39.05, joints_pos, 27.66, 55.45, -17.68, -74.13, 33.78, 51.67, 44.94, tool_torque, -0.05, 0.328, -0.059, joint_torque, -0.31, 0.75, 0.02, -0.09, 0.2, 0.04, -0.09, robot_mode, normal, 
17/05/2022 16:55:58:738, robot_pos, 1652802844876, 612.28, 214.65, 198.43, 2.31, -0.13, 2.99, circuit_pos, 611.71, 214.48, 190.56, 2.32, -0.11, 3.0, tool_force, -1.57, 0.66, 1.34, actual_rep, 1, curr_step, 9, track_size, 115, robot_vel, 38.13, joints_pos, 27.83, 55.93, -17.68, -74.11, 32.96, 51.01, 45.29, tool_torque, -0.059, 0.366, -0.053, joint_torque, -0.45, 0.77, -0.03, -0.06, 0.19, 0.03, -0.08, robot_mode, normal, 
17/05/2022 16:55:58:888, robot_pos, 1652802845024, 612.1, 214.46, 192.5, 2.32, -0.12, 3.0, circuit_pos, 611.37, 214.22, 184.9, 2.32, -0.09, 3.01, tool_force, -1.13, 0.51, 0.95, actual_rep, 1, curr_step, 8, track_size, 115, robot_vel, 39.64, joints_pos, 28.01, 56.45, -17.68, -74.09, 32.04, 50.29, 45.67, tool_torque, -0.093, 0.33, -0.05, joint_torque, -0.33, 0.58, 0.03, -0.05, 0.2, 0.04, -0.08, robot_mode, normal, 
17/05/2022 16:55:59:039, robot_pos, 1652802845174, 611.69, 214.25, 186.87, 2.32, -0.1, 3.01, circuit_pos, 610.83, 213.46, 178.59, 2.32, -0.08, 3.02, tool_force, -1.15, 0.76, 1.24, actual_rep, 1, curr_step, 7, track_size, 115, robot_vel, 39.66, joints_pos, 28.22, 56.93, -17.68, -74.08, 30.96, 49.6, 46.31, tool_torque, 0.016, 0.283, -0.04, joint_torque, -0.26, 0.83, 0.0, -0.08, 0.18, 0.04, -0.09, robot_mode, normal, 
17/05/2022 16:55:59:191, robot_pos, 1652802845324, 611.32, 213.63, 180.98, 2.32, -0.09, 3.02, circuit_pos, 610.2, 212.53, 173.07, 2.32, -0.07, 3.03, tool_force, -1.18, 0.64, 1.27, actual_rep, 1, curr_step, 6, track_size, 115, robot_vel, 40.57, joints_pos, 28.34, 57.45, -17.68, -74.06, 30.2, 49.06, 46.72, tool_torque, -0.035, 0.287, -0.057, joint_torque, -0.31, 0.78, -0.02, -0.07, 0.18, 0.04, -0.1, robot_mode, normal, 
17/05/2022 16:55:59:361, robot_pos, 1652802845472, 610.81, 212.94, 175.27, 2.32, -0.08, 3.03, circuit_pos, 608.7, 211.05, 164.52, 2.32, -0.05, 3.05, tool_force, -1.42, 0.57, 1.31, actual_rep, 1, curr_step, 4, track_size, 115, robot_vel, 41.72, joints_pos, 28.47, 57.96, -17.68, -74.05, 29.15, 48.41, 47.35, tool_torque, -0.065, 0.365, -0.091, joint_torque, -0.41, 0.63, -0.03, -0.02, 0.16, 0.05, -0.12, robot_mode, normal, 
17/05/2022 16:55:59:489, robot_pos, 1652802845621, 609.92, 211.99, 169.54, 2.32, -0.06, 3.04, circuit_pos, 607.56, 208.91, 159.11, 2.33, -0.03, 3.07, tool_force, -1.11, 0.76, 1.27, actual_rep, 1, curr_step, 2, track_size, 115, robot_vel, 40.14, joints_pos, 28.63, 58.45, -17.68, -74.06, 28.1, 48.08, 48.07, tool_torque, -0.023, 0.312, -0.081, joint_torque, -0.25, 0.38, 0.01, 0.13, 0.15, 0.03, -0.11, robot_mode, normal, 
17/05/2022 16:55:59:641, robot_pos, 1652802845770, 609.09, 210.02, 163.63, 2.32, -0.04, 3.05, circuit_pos, 607.16, 206.54, 156.62, 2.34, -0.02, 3.08, tool_force, -1.6, 0.81, 1.31, actual_rep, 1, curr_step, 0, track_size, 115, robot_vel, 40.53, joints_pos, 28.76, 58.95, -17.69, -74.09, 26.56, 47.58, 48.82, tool_torque, -0.0050, 0.37, -0.076, joint_torque, -0.37, 0.69, 0.03, 0.04, 0.15, 0.05, -0.1, robot_mode, normal, 
17/05/2022 16:55:59:794, robot_pos, 1652802845919, 607.99, 208.15, 157.92, 2.33, -0.02, 3.07, circuit_pos, 607.16, 206.54, 156.62, 2.34, -0.02, 3.08, tool_force, -1.64, 1.14, 1.06, actual_rep, 1, curr_step, 0, track_size, 115, robot_vel, 41.51, joints_pos, 28.91, 59.4, -17.69, -74.2, 25.07, 47.03, 49.58, tool_torque, 0.053, 0.373, -0.076, joint_torque, -0.47, 0.5, -0.08, 0.17, 0.14, 0.05, -0.1, robot_mode, normal, 
17/05/2022 16:55:59:940, robot_pos, 1652802846068, 607.89, 207.68, 156.58, 2.33, -0.02, 3.07, circuit_pos, 607.16, 206.54, 156.62, 2.34, -0.02, 3.08, tool_force, -1.01, 0.93, 1.21, actual_rep, 1, curr_step, 0, track_size, 115, robot_vel, 5.55, joints_pos, 28.92, 59.49, -17.68, -74.23, 24.89, 46.89, 49.65, tool_torque, 0.046, 0.115, 0.044, joint_torque, -0.21, 0.52, -0.03, 0.05, 0.1, -0.05, 0.03, robot_mode, normal, 
17/05/2022 16:56:00:094, robot_pos, 1652802846217, 607.58, 207.52, 156.46, 2.33, -0.02, 3.07, circuit_pos, 607.16, 206.54, 156.62, 2.34, -0.02, 3.08, tool_force, -1.15, 1.62, 1.81, actual_rep, 1, curr_step, 0, track_size, 115, robot_vel, 3.53, joints_pos, 28.92, 59.47, -17.68, -74.31, 24.89, 46.81, 49.65, tool_torque, 0.151, 0.183, 0.106, joint_torque, -0.33, 0.83, 0.01, 0.07, 0.11, -0.02, 0.11, robot_mode, normal, 
17/05/2022 16:56:00:248, robot_pos, 1652802846367, 607.58, 207.55, 156.49, 2.33, -0.02, 3.07, circuit_pos, 607.16, 206.54, 156.62, 2.34, -0.02, 3.08, tool_force, -1.2, 1.36, 1.62, actual_rep, 1, curr_step, 0, track_size, 115, robot_vel, 0.16, joints_pos, 28.93, 59.47, -17.68, -74.3, 24.88, 46.81, 49.65, tool_torque, 0.094, 0.159, 0.09, joint_torque, -0.32, 0.79, -0.02, 0.07, 0.12, -0.05, 0.08, robot_mode, normal, 
17/05/2022 16:56:00:392, robot_pos, 1652802846515, 607.58, 207.55, 156.49, 2.33, -0.02, 3.07, circuit_pos, 607.16, 206.54, 156.62, 2.34, -0.02, 3.08, tool_force, -1.06, 1.48, 1.6, actual_rep, 1, curr_step, 0, track_size, 115, robot_vel, 0.02, joints_pos, 28.93, 59.47, -17.68, -74.3, 24.88, 46.81, 49.65, tool_torque, 0.103, 0.146, 0.083, joint_torque, -0.25, 0.77, 0.01, 0.08, 0.12, -0.05, 0.07, robot_mode, normal, 
17/05/2022 16:56:00:594, robot_pos, 1652802846679, 607.58, 207.55, 156.49, 2.33, -0.02, 3.07, circuit_pos, 607.16, 206.54, 156.62, 2.34, -0.02, 3.08, tool_force, -1.12, 1.33, 1.48, actual_rep, 1, curr_step, 0, track_size, 115, robot_vel, 0.01, joints_pos, 28.93, 59.47, -17.68, -74.3, 24.88, 46.81, 49.65, tool_torque, 0.086, 0.158, 0.081, joint_torque, -0.3, 0.75, -0.02, 0.08, 0.12, -0.05, 0.07, robot_mode, normal, 
