08/06/2022 15:28:08: File Created!
08/06/2022 15:28:08:158, robot_pos, 1654698361870, 600.7, -168.4, 324.95, 2.36, 0.03, 3.09, circuit_pos, 599.59, -167.21, 324.59, 2.36, 0.03, 3.09, tool_force, -3.25, -0.28, 3.09, actual_rep, 1, curr_step, 1, track_size, 143, robot_vel, 38.23, joints_pos, -4.81, 42.59, -17.84, -76.83, 15.78, 59.79, 19.44, tool_torque, 0.384, -1.178, 0.028, joint_torque, -1.22, 1.17, -1.37, 0.59, -0.8, -1.37, 0.03, robot_mode, normal, 
08/06/2022 15:28:08:269, robot_pos, 1654698362010, 600.38, -167.87, 324.04, 2.36, 0.03, 3.09, circuit_pos, 599.59, -167.21, 324.59, 2.36, 0.03, 3.09, tool_force, -4.89, 0.71, 2.6, actual_rep, 1, curr_step, 1, track_size, 143, robot_vel, 38.23, joints_pos, -4.81, 42.6, -17.79, -76.94, 15.82, 59.73, 19.2, tool_torque, 0.492, -1.023, 0.109, joint_torque, -1.52, 1.27, -1.63, 1.05, -0.8, -1.48, 0.11, robot_mode, normal, 
08/06/2022 15:28:08:447, robot_pos, 1654698362161, 600.51, -168.41, 324.07, 2.36, 0.04, 3.09, circuit_pos, 599.67, -167.41, 324.98, 2.36, 0.03, 3.09, tool_force, -5.33, -0.08, 3.9, actual_rep, 1, curr_step, 2, track_size, 143, robot_vel, 1.75, joints_pos, -4.77, 42.62, -17.86, -76.92, 15.68, 59.63, 19.4, tool_torque, 0.0050, -0.768, -0.138, joint_torque, -1.26, 1.6, -0.88, 0.75, -0.49, -1.33, -0.1, robot_mode, normal, 
08/06/2022 15:28:08:570, robot_pos, 1654698362313, 600.79, -168.12, 325.06, 2.36, 0.04, 3.09, circuit_pos, 601.36, -167.67, 331.84, 2.37, 0.04, 3.11, tool_force, -3.09, 0.43, 3.65, actual_rep, 1, curr_step, 5, track_size, 143, robot_vel, 8.08, joints_pos, -4.81, 42.56, -17.82, -76.84, 15.83, 59.77, 19.05, tool_torque, 0.405, -1.458, 0.17, joint_torque, -1.06, 1.11, -1.41, 0.76, -0.71, -1.64, 0.16, robot_mode, normal, 
08/06/2022 15:28:08:766, robot_pos, 1654698362462, 601.88, -168.13, 330.61, 2.37, 0.05, 3.11, circuit_pos, 603.46, -167.34, 343.89, 2.38, 0.06, 3.14, tool_force, -3.89, 0.03, 4.27, actual_rep, 1, curr_step, 8, track_size, 143, robot_vel, 44.52, joints_pos, -4.54, 42.3, -17.91, -76.38, 14.47, 60.26, 19.43, tool_torque, -0.237, -1.122, -0.156, joint_torque, -1.04, 1.27, -0.69, 0.82, -0.46, -1.62, -0.1, robot_mode, normal, 
08/06/2022 15:28:08:870, robot_pos, 1654698362613, 602.69, -168.1, 336.01, 2.38, 0.05, 3.12, circuit_pos, 605.11, -165.8, 351.92, 2.39, 0.07, -3.12, tool_force, -4.43, -0.28, 4.73, actual_rep, 1, curr_step, 10, track_size, 143, robot_vel, 35.2, joints_pos, -4.39, 42.01, -17.92, -76.01, 13.44, 60.71, 19.89, tool_torque, -0.435, -0.925, -0.19, joint_torque, -1.34, 1.85, -0.56, 0.43, -0.31, -1.47, -0.12, robot_mode, normal, 
08/06/2022 15:28:09:065, robot_pos, 1654698362768, 603.83, -167.07, 341.98, 2.38, 0.06, 3.14, circuit_pos, 607.17, -161.73, 364.27, 2.4, 0.09, -3.07, tool_force, -4.5, 0.07, 5.49, actual_rep, 1, curr_step, 13, track_size, 143, robot_vel, 38.53, joints_pos, -4.05, 41.74, -17.91, -75.5, 11.78, 61.36, 20.78, tool_torque, -0.422, -0.981, -0.187, joint_torque, -1.32, 1.69, -0.63, 0.65, -0.37, -1.65, -0.11, robot_mode, normal, 
08/06/2022 15:28:09:170, robot_pos, 1654698362912, 604.85, -165.96, 347.64, 2.39, 0.07, -3.12, circuit_pos, 607.17, -161.73, 364.27, 2.4, 0.09, -3.07, tool_force, -4.09, 0.13, 4.83, actual_rep, 1, curr_step, 13, track_size, 143, robot_vel, 38.33, joints_pos, -3.73, 41.49, -17.91, -75.03, 10.26, 62.0, 21.67, tool_torque, -0.367, -1.041, -0.185, joint_torque, -1.19, 1.82, -0.55, 0.53, -0.38, -1.62, -0.12, robot_mode, normal, 
08/06/2022 15:28:09:327, robot_pos, 1654698363064, 605.87, -164.76, 353.39, 2.39, 0.08, -3.1, circuit_pos, 607.17, -161.73, 364.27, 2.4, 0.09, -3.07, tool_force, -4.44, 0.1, 5.77, actual_rep, 1, curr_step, 13, track_size, 143, robot_vel, 42.88, joints_pos, -3.37, 41.24, -17.92, -74.55, 8.66, 62.65, 22.54, tool_torque, -0.287, -1.135, -0.184, joint_torque, -1.33, 2.07, -0.72, 0.34, -0.53, -1.63, -0.12, robot_mode, normal, 
08/06/2022 15:28:09:473, robot_pos, 1654698363215, 606.89, -163.61, 359.15, 2.4, 0.09, -3.08, circuit_pos, 607.17, -161.73, 364.27, 2.4, 0.09, -3.07, tool_force, -5.0, -1.03, 5.52, actual_rep, 1, curr_step, 13, track_size, 143, robot_vel, 46.41, joints_pos, -3.03, 41.02, -17.93, -74.05, 7.1, 63.36, 23.36, tool_torque, -0.316, -1.099, -0.177, joint_torque, -2.02, 2.12, -1.11, 0.38, -0.63, -1.72, -0.1, robot_mode, normal, 
08/06/2022 15:28:09:623, robot_pos, 1654698363364, 607.79, -161.88, 364.87, 2.4, 0.09, -3.06, circuit_pos, 609.05, -157.6, 373.96, 2.4, 0.1, -3.03, tool_force, -4.66, -0.22, 5.6, actual_rep, 1, curr_step, 15, track_size, 143, robot_vel, 40.61, joints_pos, -2.67, 40.86, -17.92, -73.45, 5.65, 64.42, 24.25, tool_torque, -0.326, -1.187, -0.135, joint_torque, -1.85, 2.34, -1.09, 0.11, -0.62, -1.71, -0.08, robot_mode, normal, 
08/06/2022 15:28:09:772, robot_pos, 1654698363515, 609.36, -159.71, 370.81, 2.4, 0.1, -3.04, circuit_pos, 609.87, -155.68, 378.02, 2.4, 0.11, -3.02, tool_force, -5.61, 0.28, 4.82, actual_rep, 1, curr_step, 16, track_size, 143, robot_vel, 48.66, joints_pos, -2.21, 40.74, -17.92, -72.76, 3.87, 65.4, 25.5, tool_torque, -0.261, -1.103, -0.095, joint_torque, -1.8, 1.72, -1.12, 0.84, -0.59, -1.81, -0.05, robot_mode, normal, 
08/06/2022 15:28:09:936, robot_pos, 1654698363670, 610.17, -157.22, 377.02, 2.4, 0.11, -3.02, circuit_pos, 610.7, -153.31, 382.76, 2.4, 0.11, -3.0, tool_force, -7.28, -1.88, 4.65, actual_rep, 1, curr_step, 17, track_size, 143, robot_vel, 46.22, joints_pos, -1.76, 40.46, -17.93, -72.31, 2.43, 66.18, 26.56, tool_torque, -0.21, -1.386, -0.069, joint_torque, -3.52, 1.05, -2.48, 1.33, -1.09, -2.1, 0.0, robot_mode, normal, 
08/06/2022 15:28:10:110, robot_pos, 1654698363816, 611.62, -154.66, 382.76, 2.4, 0.12, -3.0, circuit_pos, 611.62, -150.79, 387.66, 2.39, 0.12, -2.98, tool_force, -8.3, -1.29, 3.81, actual_rep, 1, curr_step, 18, track_size, 143, robot_vel, 49.14, joints_pos, -1.32, 40.39, -17.93, -71.62, 0.96, 67.24, 27.85, tool_torque, -0.132, -1.396, -0.058, joint_torque, -3.26, 0.94, -2.4, 1.56, -1.13, -2.11, -0.01, robot_mode, normal, 
08/06/2022 15:28:10:230, robot_pos, 1654698363965, 612.94, -151.84, 388.52, 2.39, 0.13, -2.98, circuit_pos, 612.68, -148.32, 392.56, 2.39, 0.13, -2.97, tool_force, -8.64, -1.14, 5.02, actual_rep, 1, curr_step, 19, track_size, 143, robot_vel, 44.4, joints_pos, -0.85, 40.25, -17.93, -71.06, -0.43, 68.1, 29.16, tool_torque, 0.056, -1.415, -0.085, joint_torque, -3.05, 0.99, -2.3, 1.6, -1.25, -2.08, -0.04, robot_mode, normal, 
08/06/2022 15:28:10:379, robot_pos, 1654698364116, 613.82, -148.54, 393.98, 2.39, 0.14, -2.96, circuit_pos, 614.75, -143.33, 402.14, 2.4, 0.15, -2.94, tool_force, -6.27, -0.08, 3.31, actual_rep, 1, curr_step, 21, track_size, 143, robot_vel, 41.41, joints_pos, -0.35, 40.03, -17.93, -70.65, -1.76, 68.81, 30.24, tool_torque, -0.152, -1.118, -0.128, joint_torque, -2.2, 0.91, -1.59, 1.14, -0.96, -1.68, -0.09, robot_mode, normal, 
08/06/2022 15:28:10:679, robot_pos, 1654698364416, 616.11, -143.04, 405.12, 2.4, 0.16, -2.93, circuit_pos, 616.77, -138.75, 411.48, 2.4, 0.18, -2.91, tool_force, -6.06, -0.77, 5.12, actual_rep, 1, curr_step, 23, track_size, 143, robot_vel, 42.72, joints_pos, 0.54, 39.6, -17.93, -69.84, -4.13, 69.82, 31.56, tool_torque, 0.189, -1.351, -0.171, joint_torque, -2.74, 1.57, -2.15, 0.5, -1.39, -1.56, -0.14, robot_mode, normal, 
08/06/2022 15:28:10:831, robot_pos, 1654698364566, 617.17, -140.42, 409.86, 2.4, 0.18, -2.91, circuit_pos, 618.0, -134.84, 419.67, 2.41, 0.2, -2.89, tool_force, -6.43, 0.39, 5.09, actual_rep, 1, curr_step, 25, track_size, 143, robot_vel, 34.32, joints_pos, 1.06, 39.42, -17.94, -69.54, -5.76, 70.15, 32.68, tool_torque, 0.092, -1.088, -0.185, joint_torque, -2.29, 1.86, -1.63, 0.62, -1.12, -1.55, -0.16, robot_mode, normal, 
08/06/2022 15:28:10:981, robot_pos, 1654698364715, 617.94, -138.07, 415.58, 2.41, 0.2, -2.89, circuit_pos, 618.41, -130.96, 427.83, 2.41, 0.23, -2.86, tool_force, -6.14, -1.31, 5.02, actual_rep, 1, curr_step, 27, track_size, 143, robot_vel, 44.89, joints_pos, 1.52, 39.14, -17.96, -69.26, -7.14, 70.48, 33.45, tool_torque, -0.019, -0.958, -0.205, joint_torque, -2.82, 1.28, -1.81, 0.54, -1.11, -1.4, -0.15, robot_mode, normal, 
08/06/2022 15:28:11:138, robot_pos, 1654698364865, 618.48, -134.87, 421.34, 2.41, 0.22, -2.87, circuit_pos, 619.74, -125.04, 439.88, 2.43, 0.27, -2.81, tool_force, -5.16, 0.13, 4.62, actual_rep, 1, curr_step, 30, track_size, 143, robot_vel, 45.67, joints_pos, 2.17, 38.83, -17.98, -69.07, -9.13, 70.79, 34.61, tool_torque, -0.109, -1.089, -0.171, joint_torque, -2.14, 1.76, -1.36, 0.32, -0.93, -1.41, -0.13, robot_mode, normal, 
08/06/2022 15:28:11:287, robot_pos, 1654698365016, 619.08, -132.2, 427.19, 2.42, 0.24, -2.85, circuit_pos, 619.74, -125.04, 439.88, 2.43, 0.27, -2.81, tool_force, -5.46, 0.3, 5.38, actual_rep, 1, curr_step, 30, track_size, 143, robot_vel, 44.2, joints_pos, 2.7, 38.58, -17.98, -68.81, -10.79, 71.21, 35.43, tool_torque, -0.182, -0.9, -0.172, joint_torque, -2.46, 1.76, -1.44, 0.23, -0.88, -1.38, -0.12, robot_mode, normal, 
08/06/2022 15:28:11:436, robot_pos, 1654698365166, 619.75, -129.4, 432.92, 2.43, 0.26, -2.83, circuit_pos, 619.74, -125.04, 439.88, 2.43, 0.27, -2.81, tool_force, -5.55, 0.29, 5.51, actual_rep, 1, curr_step, 30, track_size, 143, robot_vel, 44.34, joints_pos, 3.24, 38.36, -17.98, -68.5, -12.52, 71.68, 36.28, tool_torque, -0.115, -0.841, -0.163, joint_torque, -2.45, 1.84, -1.44, 0.21, -0.88, -1.32, -0.13, robot_mode, normal, 
08/06/2022 15:28:11:589, robot_pos, 1654698365322, 620.36, -126.6, 438.55, 2.43, 0.27, -2.81, circuit_pos, 620.28, -122.66, 444.57, 2.44, 0.29, -2.79, tool_force, -5.21, -0.72, 4.69, actual_rep, 1, curr_step, 31, track_size, 143, robot_vel, 44.12, joints_pos, 3.74, 38.13, -17.98, -68.22, -14.03, 72.12, 37.01, tool_torque, -0.064, -1.006, -0.115, joint_torque, -2.59, 1.46, -1.69, 0.45, -1.01, -1.41, -0.08, robot_mode, normal, 
08/06/2022 15:28:11:770, robot_pos, 1654698365473, 620.89, -124.42, 442.59, 2.44, 0.29, -2.79, circuit_pos, 620.63, -120.19, 449.21, 2.45, 0.3, -2.77, tool_force, -4.9, 2.07, 6.0, actual_rep, 1, curr_step, 32, track_size, 143, robot_vel, 36.47, joints_pos, 4.22, 37.92, -17.93, -68.05, -15.61, 72.37, 37.76, tool_torque, 0.212, -1.076, -0.042, joint_torque, -1.87, 3.01, -1.26, -0.07, -0.97, -1.41, -0.05, robot_mode, sine_overlay, 
08/06/2022 15:28:11:896, robot_pos, 1654698365609, 620.94, -123.8, 443.92, 2.44, 0.29, -2.79, circuit_pos, 620.63, -120.19, 449.21, 2.45, 0.3, -2.77, tool_force, -6.93, 0.99, 4.95, actual_rep, 1, curr_step, 32, track_size, 143, robot_vel, 21.92, joints_pos, 4.25, 37.88, -17.96, -68.04, -15.67, 72.34, 37.8, tool_torque, 0.04, -0.96, 0.055, joint_torque, -2.8, 1.97, -1.85, 0.6, -0.97, -1.39, 0.11, robot_mode, sine_overlay, 
08/06/2022 15:28:12:042, robot_pos, 1654698365759, 621.79, -123.63, 445.47, 2.45, 0.3, -2.78, circuit_pos, 620.63, -120.19, 449.21, 2.45, 0.3, -2.77, tool_force, -6.52, 1.4, 5.61, actual_rep, 1, curr_step, 32, track_size, 143, robot_vel, 22.42, joints_pos, 4.4, 37.91, -17.94, -67.85, -16.55, 72.4, 37.92, tool_torque, 0.0070, -0.954, 0.019, joint_torque, -2.38, 2.08, -1.46, 0.52, -0.92, -1.48, 0.03, robot_mode, sine_overlay, 
08/06/2022 15:28:12:196, robot_pos, 1654698365911, 623.31, -120.2, 448.33, 2.45, 0.31, -2.76, circuit_pos, 620.73, -117.54, 453.61, 2.45, 0.31, -2.75, tool_force, -5.12, -1.15, 5.75, actual_rep, 1, curr_step, 33, track_size, 143, robot_vel, 27.18, joints_pos, 4.77, 38.06, -17.9, -67.31, -17.31, 73.18, 38.42, tool_torque, 0.032, -1.046, -0.038, joint_torque, -3.13, 1.86, -2.1, 0.04, -1.04, -1.29, -0.04, robot_mode, sine_overlay, 
08/06/2022 15:28:12:347, robot_pos, 1654698366062, 624.87, -117.25, 450.55, 2.45, 0.32, -2.75, circuit_pos, 620.73, -117.54, 453.61, 2.45, 0.31, -2.75, tool_force, -5.87, 0.24, 6.46, actual_rep, 1, curr_step, 33, track_size, 143, robot_vel, 26.12, joints_pos, 5.15, 38.29, -17.91, -66.75, -18.2, 73.96, 39.03, tool_torque, 0.07, -1.015, -0.054, joint_torque, -3.12, 2.06, -2.02, 0.07, -1.21, -1.34, -0.03, robot_mode, sine_overlay, 
08/06/2022 15:28:12:493, robot_pos, 1654698366213, 625.0, -117.82, 450.57, 2.45, 0.31, -2.75, circuit_pos, 620.73, -117.54, 453.61, 2.45, 0.31, -2.75, tool_force, -4.19, 0.54, 4.67, actual_rep, 1, curr_step, 33, track_size, 143, robot_vel, 9.76, joints_pos, 5.11, 38.34, -17.97, -66.68, -18.11, 74.01, 39.03, tool_torque, 0.194, -1.127, 0.126, joint_torque, -2.16, 1.22, -1.6, 0.29, -1.1, -1.15, 0.16, robot_mode, sine_overlay, 
08/06/2022 15:28:12:649, robot_pos, 1654698366366, 623.62, -119.61, 453.82, 2.45, 0.32, -2.74, circuit_pos, 620.98, -108.42, 463.87, 2.46, 0.34, -2.71, tool_force, -4.98, 2.05, 5.16, actual_rep, 1, curr_step, 36, track_size, 143, robot_vel, 30.74, joints_pos, 5.09, 38.03, -18.1, -66.74, -18.39, 74.15, 38.74, tool_torque, 0.212, -0.901, 0.338, joint_torque, -2.07, 2.56, -1.17, 0.17, -0.81, -1.29, 0.37, robot_mode, sine_overlay, 
08/06/2022 15:28:12:803, robot_pos, 1654698366518, 621.21, -118.0, 461.12, 2.46, 0.34, -2.71, circuit_pos, 622.07, -100.74, 468.58, 2.47, 0.36, -2.68, tool_force, -5.43, 2.46, 4.98, actual_rep, 1, curr_step, 38, track_size, 143, robot_vel, 56.28, joints_pos, 5.62, 37.43, -18.07, -66.94, -20.67, 74.76, 39.61, tool_torque, -0.21, -0.751, 0.043, joint_torque, -1.76, 1.93, -0.81, 0.46, -0.54, -1.38, 0.06, robot_mode, sine_overlay, 
08/06/2022 15:28:12:955, robot_pos, 1654698366669, 619.72, -112.64, 465.91, 2.47, 0.36, -2.69, circuit_pos, 624.75, -88.59, 475.5, 2.49, 0.39, -2.64, tool_force, -5.85, 2.47, 5.38, actual_rep, 1, curr_step, 41, track_size, 143, robot_vel, 45.25, joints_pos, 6.41, 36.98, -18.05, -67.23, -22.3, 75.13, 40.69, tool_torque, -0.047, -0.716, 0.028, joint_torque, -2.27, 2.28, -1.31, 0.16, -0.71, -1.25, 0.04, robot_mode, sine_overlay, 
08/06/2022 15:28:13:108, robot_pos, 1654698366824, 620.43, -105.72, 468.95, 2.48, 0.37, -2.67, circuit_pos, 625.57, -84.03, 478.79, 2.49, 0.4, -2.62, tool_force, -5.53, 1.86, 6.04, actual_rep, 1, curr_step, 42, track_size, 143, robot_vel, 52.06, joints_pos, 7.23, 36.93, -17.98, -67.07, -23.71, 75.7, 41.72, tool_torque, -0.237, -0.756, 0.035, joint_torque, -2.97, 1.95, -1.71, 0.11, -0.69, -1.36, 0.03, robot_mode, sine_overlay, 
08/06/2022 15:28:13:259, robot_pos, 1654698366974, 623.42, -97.06, 470.76, 2.48, 0.38, -2.65, circuit_pos, 625.57, -84.03, 478.79, 2.49, 0.4, -2.62, tool_force, -4.25, 0.48, 5.61, actual_rep, 1, curr_step, 42, track_size, 143, robot_vel, 64.84, joints_pos, 8.14, 37.32, -17.93, -66.42, -25.0, 76.53, 42.83, tool_torque, -0.088, -0.904, 0.0090, joint_torque, -2.75, 1.9, -1.83, -0.21, -0.84, -1.14, -0.02, robot_mode, sine_overlay, 
08/06/2022 15:28:13:409, robot_pos, 1654698367127, 627.57, -88.37, 472.43, 2.49, 0.4, -2.63, circuit_pos, 625.57, -84.03, 478.79, 2.49, 0.4, -2.62, tool_force, -5.08, 0.6, 6.15, actual_rep, 1, curr_step, 42, track_size, 143, robot_vel, 64.58, joints_pos, 9.0, 37.95, -17.92, -65.4, -26.22, 77.61, 43.84, tool_torque, 0.175, -0.773, -0.021, joint_torque, -3.2, 2.0, -2.07, -0.17, -1.02, -0.98, -0.04, robot_mode, sine_overlay, 
08/06/2022 15:28:13:632, robot_pos, 1654698367308, 631.35, -81.76, 474.27, 2.49, 0.41, -2.62, circuit_pos, 625.57, -84.03, 478.79, 2.49, 0.4, -2.62, tool_force, -2.95, -0.66, 5.44, actual_rep, 1, curr_step, 42, track_size, 143, robot_vel, 39.31, joints_pos, 9.59, 38.57, -17.97, -64.32, -26.8, 78.7, 44.36, tool_torque, 0.274, -0.93, 0.033, joint_torque, -2.85, 1.84, -1.9, -0.71, -1.12, -0.68, 0.05, robot_mode, sine_overlay, 
08/06/2022 15:28:13:737, robot_pos, 1654698367456, 631.68, -83.07, 474.4, 2.49, 0.4, -2.62, circuit_pos, 625.57, -84.03, 478.79, 2.49, 0.4, -2.62, tool_force, -3.22, -0.54, 4.74, actual_rep, 1, curr_step, 42, track_size, 143, robot_vel, 10.0, joints_pos, 9.49, 38.66, -18.07, -64.16, -26.68, 78.78, 44.26, tool_torque, 0.565, -1.059, 0.283, joint_torque, -2.88, 1.42, -2.2, -0.35, -1.4, -0.6, 0.3, robot_mode, sine_overlay, 
08/06/2022 15:28:13:921, robot_pos, 1654698367643, 629.28, -85.91, 477.26, 2.49, 0.4, -2.61, circuit_pos, 626.15, -80.01, 481.82, 2.5, 0.41, -2.6, tool_force, -3.23, 0.43, 3.75, actual_rep, 1, curr_step, 43, track_size, 143, robot_vel, 27.15, joints_pos, 9.35, 38.24, -18.15, -64.44, -26.76, 78.87, 43.99, tool_torque, 0.651, -0.956, 0.432, joint_torque, -2.21, 0.93, -1.94, 0.28, -1.28, -0.61, 0.44, robot_mode, sine_overlay, 
08/06/2022 15:28:14:079, robot_pos, 1654698367796, 626.46, -86.79, 481.71, 2.5, 0.41, -2.6, circuit_pos, 626.15, -80.01, 481.82, 2.5, 0.41, -2.6, tool_force, -4.76, 0.42, 4.9, actual_rep, 1, curr_step, 43, track_size, 143, robot_vel, 36.71, joints_pos, 9.46, 37.68, -18.14, -64.83, -27.69, 79.04, 43.96, tool_torque, 0.274, -0.713, 0.34, joint_torque, -3.28, 1.28, -2.14, 0.09, -1.11, -0.79, 0.37, robot_mode, sine_overlay, 
08/06/2022 15:28:14:229, robot_pos, 1654698367946, 624.15, -86.37, 484.49, 2.5, 0.41, -2.6, circuit_pos, 626.15, -80.01, 481.82, 2.5, 0.41, -2.6, tool_force, -4.72, 1.35, 4.93, actual_rep, 1, curr_step, 43, track_size, 143, robot_vel, 25.92, joints_pos, 9.59, 37.24, -18.08, -65.21, -28.2, 79.14, 44.05, tool_torque, 0.382, -0.738, 0.246, joint_torque, -2.7, 1.7, -1.84, 0.06, -1.04, -0.85, 0.26, robot_mode, sine_overlay, 
08/06/2022 15:28:14:393, robot_pos, 1654698368114, 623.49, -86.26, 484.11, 2.5, 0.41, -2.6, circuit_pos, 626.15, -80.01, 481.82, 2.5, 0.41, -2.6, tool_force, -5.55, 1.69, 4.98, actual_rep, 1, curr_step, 43, track_size, 143, robot_vel, 5.2, joints_pos, 9.59, 37.1, -18.02, -65.45, -28.17, 78.92, 44.08, tool_torque, 0.579, -0.639, 0.225, joint_torque, -2.9, 2.15, -2.05, -0.01, -1.13, -0.75, 0.22, robot_mode, sine_overlay, 
08/06/2022 15:28:14:551, robot_pos, 1654698368265, 624.95, -84.22, 482.06, 2.5, 0.41, -2.6, circuit_pos, 626.7, -75.57, 484.88, 2.5, 0.42, -2.58, tool_force, -4.88, 0.45, 4.42, actual_rep, 1, curr_step, 44, track_size, 143, robot_vel, 16.78, joints_pos, 9.68, 37.37, -17.88, -65.31, -28.17, 78.83, 44.32, tool_torque, 0.382, -0.764, 0.137, joint_torque, -2.44, 1.05, -1.93, 0.22, -1.08, -0.72, 0.11, robot_mode, sine_overlay, 
08/06/2022 15:28:14:699, robot_pos, 1654698368416, 628.01, -79.06, 481.32, 2.5, 0.42, -2.59, circuit_pos, 627.39, -70.85, 487.74, 2.51, 0.44, -2.56, tool_force, -3.92, -0.79, 5.18, actual_rep, 1, curr_step, 45, track_size, 143, robot_vel, 44.71, joints_pos, 10.11, 37.95, -17.81, -64.61, -28.84, 79.55, 45.03, tool_torque, 0.226, -0.77, 0.04, joint_torque, -3.43, 1.59, -2.39, -0.53, -1.03, -0.72, 0.01, robot_mode, sine_overlay, 
08/06/2022 15:28:14:844, robot_pos, 1654698368565, 631.64, -73.18, 481.25, 2.51, 0.43, -2.57, circuit_pos, 627.39, -70.85, 487.74, 2.51, 0.44, -2.56, tool_force, -4.55, 0.21, 5.81, actual_rep, 1, curr_step, 45, track_size, 143, robot_vel, 58.36, joints_pos, 10.67, 38.61, -17.87, -63.75, -29.47, 80.27, 45.67, tool_torque, 0.344, -0.621, -0.036, joint_torque, -3.52, 1.8, -2.22, -0.57, -1.11, -0.59, -0.02, robot_mode, sine_overlay, 
08/06/2022 15:28:15:039, robot_pos, 1654698368717, 633.58, -69.57, 482.86, 2.51, 0.44, -2.56, circuit_pos, 627.39, -70.85, 487.74, 2.51, 0.44, -2.56, tool_force, -4.31, -1.19, 6.24, actual_rep, 1, curr_step, 45, track_size, 143, robot_vel, 33.06, joints_pos, 11.12, 38.92, -17.92, -63.26, -30.5, 80.8, 46.23, tool_torque, 0.355, -0.562, -0.097, joint_torque, -4.08, 1.68, -2.47, -0.75, -1.28, -0.47, -0.05, robot_mode, sine_overlay, 
08/06/2022 15:28:15:144, robot_pos, 1654698368867, 632.92, -70.77, 484.41, 2.51, 0.44, -2.56, circuit_pos, 627.39, -70.85, 487.74, 2.51, 0.44, -2.56, tool_force, -4.03, 0.7, 4.09, actual_rep, 1, curr_step, 45, track_size, 143, robot_vel, 10.74, joints_pos, 11.04, 38.79, -17.99, -63.25, -30.46, 80.91, 46.1, tool_torque, 0.58, -0.746, 0.235, joint_torque, -2.65, 1.62, -1.89, -0.27, -1.19, -0.48, 0.26, robot_mode, sine_overlay, 
08/06/2022 15:28:15:366, robot_pos, 1654698369039, 630.04, -72.79, 487.89, 2.51, 0.44, -2.55, circuit_pos, 627.97, -66.32, 489.84, 2.51, 0.44, -2.55, tool_force, -4.07, 1.13, 4.87, actual_rep, 1, curr_step, 46, track_size, 143, robot_vel, 31.54, joints_pos, 11.0, 38.27, -18.06, -63.6, -30.66, 81.1, 45.94, tool_torque, 0.36, -0.7, 0.337, joint_torque, -2.94, 1.63, -1.85, -0.19, -1.04, -0.72, 0.38, robot_mode, sine_overlay, 
08/06/2022 15:28:15:470, robot_pos, 1654698369187, 627.82, -70.99, 491.88, 2.51, 0.44, -2.55, circuit_pos, 628.49, -61.56, 491.32, 2.52, 0.45, -2.53, tool_force, -3.76, 2.83, 4.62, actual_rep, 1, curr_step, 47, track_size, 143, robot_vel, 30.14, joints_pos, 11.19, 37.89, -17.97, -63.7, -31.06, 81.66, 46.01, tool_torque, 0.33, -0.804, 0.31, joint_torque, -1.74, 2.55, -1.06, -0.31, -0.75, -0.93, 0.32, robot_mode, sine_overlay, 
08/06/2022 15:28:15:869, robot_pos, 1654698369373, 626.47, -68.96, 493.38, 2.52, 0.45, -2.53, circuit_pos, 628.49, -61.56, 491.32, 2.52, 0.45, -2.53, tool_force, -5.47, 3.62, 5.79, actual_rep, 1, curr_step, 47, track_size, 143, robot_vel, 17.04, joints_pos, 11.55, 37.66, -17.89, -64.06, -32.2, 81.76, 46.36, tool_torque, 0.062, -0.606, 0.145, joint_torque, -2.56, 2.68, -1.36, -0.22, -0.66, -1.15, 0.14, robot_mode, sine_overlay, 
08/06/2022 15:28:16:120, robot_pos, 1654698369701, 629.38, -61.33, 489.76, 2.52, 0.45, -2.52, circuit_pos, 629.84, -47.34, 494.75, 2.52, 0.46, -2.49, tool_force, -5.09, 1.25, 6.42, actual_rep, 1, curr_step, 50, track_size, 143, robot_vel, 40.47, joints_pos, 12.09, 38.38, -17.73, -63.49, -32.45, 82.44, 47.06, tool_torque, -0.07, -0.903, 0.106, joint_torque, -3.22, 1.88, -1.97, -0.31, -0.84, -1.16, 0.09, robot_mode, sine_overlay, 
08/06/2022 15:28:16:373, robot_pos, 1654698369850, 633.27, -52.16, 488.82, 2.53, 0.46, -2.5, circuit_pos, 631.5, -36.59, 501.27, 2.54, 0.48, -2.44, tool_force, -3.84, 1.37, 6.25, actual_rep, 1, curr_step, 53, track_size, 143, robot_vel, 62.3, joints_pos, 12.83, 39.3, -17.67, -62.34, -33.2, 83.8, 47.86, tool_torque, 0.079, -0.713, 0.036, joint_torque, -3.2, 2.88, -1.71, -1.2, -0.72, -0.82, 0.03, robot_mode, sine_overlay, 
08/06/2022 15:28:16:489, robot_pos, 1654698370001, 636.19, -45.72, 490.36, 2.53, 0.47, -2.48, circuit_pos, 633.49, -29.29, 506.13, 2.55, 0.5, -2.41, tool_force, -3.8, 2.62, 6.22, actual_rep, 1, curr_step, 55, track_size, 143, robot_vel, 47.63, joints_pos, 13.42, 39.99, -17.75, -61.29, -34.1, 85.06, 48.27, tool_torque, 0.057, -0.638, -0.013, joint_torque, -2.96, 2.52, -1.33, -0.84, -0.77, -0.86, 0.03, robot_mode, sine_overlay, 
08/06/2022 15:28:16:643, robot_pos, 1654698370150, 637.49, -40.79, 494.38, 2.54, 0.48, -2.45, circuit_pos, 636.86, -18.2, 511.18, 2.58, 0.52, -2.36, tool_force, -3.43, 2.28, 6.44, actual_rep, 1, curr_step, 58, track_size, 143, robot_vel, 41.65, joints_pos, 13.92, 40.32, -17.76, -60.47, -35.25, 86.28, 48.5, tool_torque, -0.035, -0.604, 0.012, joint_torque, -3.01, 2.71, -1.24, -1.07, -0.65, -0.87, 0.06, robot_mode, sine_overlay, 
08/06/2022 15:28:16:764, robot_pos, 1654698370344, 636.73, -36.39, 501.65, 2.55, 0.49, -2.42, circuit_pos, 640.18, -6.19, 515.72, 2.6, 0.54, -2.31, tool_force, -4.05, 3.39, 6.54, actual_rep, 1, curr_step, 61, track_size, 143, robot_vel, 50.2, joints_pos, 14.49, 40.25, -17.78, -59.95, -36.91, 87.57, 48.59, tool_torque, 0.133, -0.606, 0.072, joint_torque, -3.06, 2.96, -1.24, -0.83, -0.74, -0.98, 0.12, robot_mode, sine_overlay, 
08/06/2022 15:28:16:954, robot_pos, 1654698370493, 635.08, -32.79, 506.94, 2.56, 0.5, -2.4, circuit_pos, 642.38, 1.41, 516.69, 2.62, 0.55, -2.28, tool_force, -3.79, 4.04, 6.05, actual_rep, 1, curr_step, 63, track_size, 143, robot_vel, 44.15, joints_pos, 15.0, 40.02, -17.78, -59.87, -38.21, 88.4, 48.81, tool_torque, -0.281, -0.561, 0.097, joint_torque, -2.41, 2.72, -0.64, -0.67, -0.34, -1.19, 0.14, robot_mode, sine_overlay, 
08/06/2022 15:28:17:097, robot_pos, 1654698370673, 634.24, -26.68, 510.33, 2.58, 0.52, -2.37, circuit_pos, 646.44, 12.64, 515.72, 2.64, 0.56, -2.24, tool_force, -3.64, 4.88, 6.0, actual_rep, 1, curr_step, 66, track_size, 143, robot_vel, 39.36, joints_pos, 15.73, 40.0, -17.76, -59.8, -39.68, 89.17, 49.23, tool_torque, -0.278, -0.601, 0.138, joint_torque, -2.36, 3.31, -0.59, -0.94, -0.25, -1.31, 0.17, robot_mode, sine_overlay, 
08/06/2022 15:28:17:217, robot_pos, 1654698370688, 634.29, -26.06, 510.42, 2.58, 0.52, -2.37, circuit_pos, 647.54, 16.19, 515.65, 2.65, 0.57, -2.23, tool_force, -3.01, 4.56, 6.27, actual_rep, 1, curr_step, 67, track_size, 143, robot_vel, 39.36, joints_pos, 15.79, 40.02, -17.76, -59.78, -39.78, 89.23, 49.28, tool_torque, -0.301, -0.633, 0.149, joint_torque, -2.01, 3.04, -0.5, -0.78, -0.24, -1.29, 0.17, robot_mode, sine_overlay, 
08/06/2022 15:28:17:404, robot_pos, 1654698370823, 635.7, -19.39, 510.07, 2.59, 0.53, -2.35, circuit_pos, 650.4, 22.62, 516.56, 2.66, 0.58, -2.21, tool_force, -3.27, 3.77, 6.01, actual_rep, 1, curr_step, 69, track_size, 143, robot_vel, 62.09, joints_pos, 16.42, 40.56, -17.74, -59.27, -40.79, 89.92, 49.75, tool_torque, -0.259, -0.588, 0.101, joint_torque, -2.49, 2.96, -0.83, -0.94, -0.3, -1.22, 0.11, robot_mode, sine_overlay, 
08/06/2022 15:28:17:742, robot_pos, 1654698371159, 645.65, -3.45, 506.06, 2.62, 0.55, -2.3, circuit_pos, 657.05, 39.37, 519.16, 2.72, 0.61, -2.17, tool_force, -3.21, 2.28, 6.61, actual_rep, 1, curr_step, 74, track_size, 143, robot_vel, 59.79, joints_pos, 17.53, 42.75, -17.73, -56.82, -42.51, 91.55, 50.39, tool_torque, 0.141, -0.518, 0.023, joint_torque, -3.52, 2.73, -1.59, -1.45, -0.58, -0.6, 0.03, robot_mode, sine_overlay, 
08/06/2022 15:28:17:864, robot_pos, 1654698371344, 650.52, 4.51, 505.97, 2.63, 0.56, -2.28, circuit_pos, 659.55, 48.96, 519.73, 2.75, 0.63, -2.14, tool_force, -1.86, 1.67, 6.57, actual_rep, 1, curr_step, 77, track_size, 143, robot_vel, 51.12, joints_pos, 18.06, 43.81, -17.75, -55.37, -43.43, 92.42, 50.42, tool_torque, 0.307, -0.488, 0.088, joint_torque, -3.57, 2.59, -1.63, -1.55, -0.63, -0.43, 0.11, robot_mode, sine_overlay, 
08/06/2022 15:28:18:080, robot_pos, 1654698371495, 652.08, 9.48, 508.35, 2.65, 0.57, -2.26, circuit_pos, 660.0, 56.14, 520.23, 2.79, 0.64, -2.08, tool_force, -1.8, 1.79, 7.21, actual_rep, 1, curr_step, 80, track_size, 143, robot_vel, 35.8, joints_pos, 18.48, 44.18, -17.76, -54.7, -44.41, 93.04, 50.4, tool_torque, 0.222, -0.388, 0.187, joint_torque, -4.35, 2.29, -1.82, -1.56, -0.65, -0.37, 0.25, robot_mode, sine_overlay, 
08/06/2022 15:28:18:462, robot_pos, 1654698371846, 651.25, 20.14, 514.77, 2.69, 0.59, -2.21, circuit_pos, 659.4, 69.36, 518.55, 2.85, 0.65, -2.0, tool_force, -2.92, 3.65, 7.48, actual_rep, 1, curr_step, 84, track_size, 143, robot_vel, 35.14, joints_pos, 19.67, 44.23, -17.74, -54.5, -47.29, 93.98, 50.42, tool_torque, 0.38, -0.233, 0.171, joint_torque, -4.76, 3.07, -1.95, -1.72, -0.56, -0.46, 0.19, robot_mode, sine_overlay, 
08/06/2022 15:28:18:794, robot_pos, 1654698372179, 654.01, 33.59, 514.18, 2.73, 0.61, -2.15, circuit_pos, 659.4, 69.36, 518.55, 2.85, 0.65, -2.0, tool_force, -1.06, 3.24, 7.37, actual_rep, 1, curr_step, 84, track_size, 143, robot_vel, 39.77, joints_pos, 20.84, 45.31, -17.76, -53.55, -49.66, 95.18, 50.59, tool_torque, 0.026, -0.199, 0.085, joint_torque, -3.95, 2.97, -1.27, -1.98, -0.11, -0.41, 0.11, robot_mode, sine_overlay, 
08/06/2022 15:28:18:979, robot_pos, 1654698372508, 655.92, 46.98, 513.94, 2.78, 0.62, -2.09, circuit_pos, 659.4, 69.36, 518.55, 2.85, 0.65, -2.0, tool_force, -0.52, 3.0, 7.35, actual_rep, 1, curr_step, 84, track_size, 143, robot_vel, 40.91, joints_pos, 22.01, 46.28, -17.76, -52.74, -52.13, 96.37, 50.73, tool_torque, -0.021, -0.21, 0.091, joint_torque, -3.92, 3.09, -1.13, -2.03, 0.0, -0.52, 0.12, robot_mode, sine_overlay, 
08/06/2022 15:28:19:186, robot_pos, 1654698372687, 656.23, 54.28, 513.56, 2.8, 0.63, -2.06, circuit_pos, 659.4, 69.36, 518.55, 2.85, 0.65, -2.0, tool_force, 0.02, 3.81, 7.17, actual_rep, 1, curr_step, 84, track_size, 143, robot_vel, 42.61, joints_pos, 22.67, 46.71, -17.76, -52.51, -53.46, 96.94, 50.87, tool_torque, -0.038, -0.152, 0.112, joint_torque, -3.72, 3.24, -0.95, -2.11, 0.12, -0.48, 0.13, robot_mode, sine_overlay, 
08/06/2022 15:28:19:309, robot_pos, 1654698372833, 656.31, 60.24, 513.15, 2.82, 0.64, -2.03, circuit_pos, 659.4, 69.36, 518.55, 2.85, 0.65, -2.0, tool_force, 0.08, 3.48, 6.9, actual_rep, 1, curr_step, 84, track_size, 143, robot_vel, 39.58, joints_pos, 23.21, 47.04, -17.77, -52.39, -54.57, 97.39, 50.99, tool_torque, -0.04, -0.161, 0.121, joint_torque, -3.78, 2.95, -1.03, -2.02, 0.09, -0.4, 0.15, robot_mode, sine_overlay, 
08/06/2022 15:28:19:457, robot_pos, 1654698372985, 656.23, 65.09, 512.82, 2.83, 0.64, -2.02, circuit_pos, 659.4, 69.36, 518.55, 2.85, 0.65, -2.0, tool_force, 0.44, 3.43, 6.4, actual_rep, 1, curr_step, 84, track_size, 143, robot_vel, 26.67, joints_pos, 23.62, 47.28, -17.77, -52.22, -55.11, 97.8, 51.05, tool_torque, 0.203, -0.325, 0.164, joint_torque, -3.27, 3.07, -1.05, -2.01, -0.09, -0.36, 0.17, robot_mode, sine_overlay, 
08/06/2022 15:28:19:610, robot_pos, 1654698373117, 656.19, 64.73, 512.92, 2.83, 0.64, -2.02, circuit_pos, 659.4, 69.36, 518.55, 2.85, 0.65, -2.0, tool_force, -0.18, 4.0, 6.09, actual_rep, 1, curr_step, 84, track_size, 143, robot_vel, 2.07, joints_pos, 23.6, 47.26, -17.8, -52.23, -55.04, 97.76, 51.07, tool_torque, 0.257, -0.048, 0.248, joint_torque, -4.39, 2.98, -1.42, -2.01, -0.09, -0.2, 0.27, robot_mode, sine_overlay, 
08/06/2022 15:28:19:731, robot_pos, 1654698373268, 657.31, 66.06, 514.42, 2.84, 0.65, -2.01, circuit_pos, 659.35, 78.03, 516.06, 2.87, 0.65, -1.96, tool_force, 0.33, 5.21, 7.31, actual_rep, 1, curr_step, 86, track_size, 143, robot_vel, 27.72, joints_pos, 23.7, 47.42, -17.8, -51.85, -55.57, 97.82, 50.83, tool_torque, 0.122, 0.139, 0.403, joint_torque, -3.94, 3.89, -0.77, -2.44, 0.33, -0.27, 0.45, robot_mode, normal, 
08/06/2022 15:28:20:002, robot_pos, 1654698373417, 658.43, 72.31, 513.98, 2.86, 0.65, -1.98, circuit_pos, 658.29, 89.75, 512.46, 2.91, 0.65, -1.92, tool_force, 0.81, 5.44, 7.16, actual_rep, 1, curr_step, 89, track_size, 143, robot_vel, 43.97, joints_pos, 24.15, 48.03, -17.8, -51.3, -56.73, 98.48, 50.76, tool_torque, 0.09, -0.0040, 0.483, joint_torque, -3.76, 4.04, -0.7, -2.42, 0.33, -0.34, 0.52, robot_mode, normal, 
08/06/2022 15:28:20:030, robot_pos, 1654698373568, 658.51, 78.06, 513.43, 2.88, 0.65, -1.96, circuit_pos, 657.93, 96.79, 510.85, 2.93, 0.65, -1.89, tool_force, 1.85, 3.63, 6.59, actual_rep, 1, curr_step, 91, track_size, 143, robot_vel, 40.49, joints_pos, 24.62, 48.38, -17.8, -51.07, -57.54, 98.97, 50.64, tool_torque, -0.155, -0.194, 0.518, joint_torque, -3.51, 2.52, -0.84, -1.9, 0.18, -0.4, 0.54, robot_mode, normal, 
08/06/2022 15:28:20:305, robot_pos, 1654698373716, 658.27, 83.7, 512.19, 2.89, 0.65, -1.94, circuit_pos, 657.26, 106.74, 510.11, 2.95, 0.65, -1.86, tool_force, 1.8, 4.23, 7.21, actual_rep, 1, curr_step, 94, track_size, 143, robot_vel, 37.81, joints_pos, 25.1, 48.73, -17.8, -50.93, -58.32, 99.47, 50.64, tool_torque, -0.143, -0.075, 0.501, joint_torque, -4.16, 2.9, -0.96, -2.12, 0.25, -0.37, 0.54, robot_mode, normal, 
08/06/2022 15:28:20:334, robot_pos, 1654698373870, 658.04, 89.67, 511.4, 2.91, 0.65, -1.91, circuit_pos, 656.57, 112.89, 509.51, 2.95, 0.66, -1.84, tool_force, 1.46, 4.85, 6.87, actual_rep, 1, curr_step, 96, track_size, 143, robot_vel, 38.61, joints_pos, 25.57, 49.11, -17.8, -50.68, -59.09, 100.06, 50.58, tool_torque, -0.068, -0.124, 0.485, joint_torque, -4.07, 3.31, -0.88, -2.21, 0.24, -0.45, 0.51, robot_mode, normal, 
08/06/2022 15:28:20:579, robot_pos, 1654698374018, 657.71, 95.61, 510.67, 2.92, 0.66, -1.9, circuit_pos, 655.44, 121.06, 509.19, 2.95, 0.66, -1.84, tool_force, 1.52, 4.14, 6.54, actual_rep, 1, curr_step, 99, track_size, 143, robot_vel, 42.13, joints_pos, 26.02, 49.5, -17.8, -50.34, -59.67, 100.74, 50.61, tool_torque, -0.051, -0.163, 0.408, joint_torque, -3.55, 3.13, -0.73, -1.97, 0.19, -0.46, 0.43, robot_mode, normal, 
08/06/2022 15:28:20:636, robot_pos, 1654698374168, 657.31, 101.26, 510.2, 2.93, 0.66, -1.88, circuit_pos, 655.17, 126.43, 509.4, 2.95, 0.66, -1.83, tool_force, 1.32, 4.84, 6.28, actual_rep, 1, curr_step, 101, track_size, 143, robot_vel, 40.32, joints_pos, 26.44, 49.86, -17.8, -49.97, -60.1, 101.39, 50.61, tool_torque, 0.074, -0.273, 0.427, joint_torque, -3.68, 3.17, -0.88, -2.1, 0.03, -0.42, 0.46, robot_mode, normal, 
08/06/2022 15:28:20:850, robot_pos, 1654698374317, 656.88, 107.12, 509.76, 2.93, 0.66, -1.87, circuit_pos, 655.29, 133.8, 507.77, 2.96, 0.66, -1.81, tool_force, 1.37, 4.55, 6.05, actual_rep, 1, curr_step, 104, track_size, 143, robot_vel, 39.4, joints_pos, 26.86, 50.22, -17.8, -49.56, -60.49, 102.05, 50.58, tool_torque, 0.093, -0.262, 0.491, joint_torque, -3.86, 3.23, -0.92, -2.12, 0.03, -0.4, 0.52, robot_mode, normal, 
08/06/2022 15:28:20:938, robot_pos, 1654698374468, 656.68, 112.98, 509.0, 2.94, 0.66, -1.86, circuit_pos, 655.78, 138.59, 506.18, 2.98, 0.66, -1.79, tool_force, 1.33, 3.74, 6.12, actual_rep, 1, curr_step, 107, track_size, 143, robot_vel, 41.06, joints_pos, 27.27, 50.67, -17.8, -49.09, -60.98, 102.75, 50.5, tool_torque, 0.109, -0.382, 0.542, joint_torque, -3.36, 2.63, -0.93, -1.62, -0.19, -0.41, 0.57, robot_mode, normal, 
08/06/2022 15:28:21:132, robot_pos, 1654698374617, 656.52, 118.66, 508.28, 2.95, 0.66, -1.84, circuit_pos, 656.1, 140.39, 506.31, 2.98, 0.67, -1.78, tool_force, 1.15, 3.9, 5.86, actual_rep, 1, curr_step, 109, track_size, 143, robot_vel, 40.7, joints_pos, 27.65, 51.1, -17.8, -48.65, -61.56, 103.41, 50.38, tool_torque, 0.166, -0.472, 0.546, joint_torque, -2.93, 2.56, -0.86, -1.6, -0.26, -0.4, 0.57, robot_mode, normal, 
08/06/2022 15:28:21:243, robot_pos, 1654698374769, 656.47, 125.51, 507.49, 2.96, 0.66, -1.82, circuit_pos, 656.41, 141.21, 506.25, 2.98, 0.67, -1.77, tool_force, 0.68, 3.01, 5.78, actual_rep, 1, curr_step, 112, track_size, 143, robot_vel, 38.04, joints_pos, 28.09, 51.72, -17.8, -47.97, -62.35, 104.34, 50.32, tool_torque, 0.272, -0.481, 0.511, joint_torque, -3.67, 1.9, -1.34, -1.36, -0.5, -0.39, 0.54, robot_mode, normal, 
08/06/2022 15:28:21:434, robot_pos, 1654698374917, 656.63, 130.24, 507.01, 2.97, 0.67, -1.8, circuit_pos, 656.35, 140.77, 507.28, 2.98, 0.67, -1.78, tool_force, 0.52, 3.61, 6.24, actual_rep, 1, curr_step, 114, track_size, 143, robot_vel, 40.94, joints_pos, 28.37, 52.2, -17.8, -47.4, -62.9, 105.0, 50.22, tool_torque, 0.382, -0.51, 0.502, joint_torque, -3.61, 2.41, -1.26, -1.6, -0.51, -0.34, 0.52, robot_mode, normal, 
08/06/2022 15:28:21:565, robot_pos, 1654698375067, 656.65, 136.09, 506.98, 2.98, 0.67, -1.79, circuit_pos, 656.33, 140.69, 507.47, 2.98, 0.67, -1.78, tool_force, 0.21, 2.91, 6.81, actual_rep, 1, curr_step, 117, track_size, 143, robot_vel, 38.2, joints_pos, 28.73, 52.67, -17.8, -46.76, -63.45, 105.67, 50.06, tool_torque, 0.336, -0.441, 0.488, joint_torque, -4.25, 2.02, -1.55, -1.53, -0.53, -0.34, 0.51, robot_mode, normal, 
08/06/2022 15:28:21:718, robot_pos, 1654698375237, 656.63, 139.99, 506.67, 2.98, 0.67, -1.77, circuit_pos, 656.36, 140.83, 507.25, 2.98, 0.67, -1.77, tool_force, 1.43, 2.32, 5.96, actual_rep, 1, curr_step, 119, track_size, 143, robot_vel, 29.65, joints_pos, 28.93, 53.09, -17.8, -46.24, -63.9, 106.33, 49.92, tool_torque, 0.188, -0.611, 0.503, joint_torque, -3.6, 1.83, -1.36, -1.58, -0.41, -0.36, 0.51, robot_mode, normal, 
08/06/2022 15:28:21:936, robot_pos, 1654698375387, 656.84, 139.77, 506.13, 2.98, 0.67, -1.77, circuit_pos, 656.47, 140.63, 506.78, 2.98, 0.67, -1.77, tool_force, 1.26, 2.86, 5.31, actual_rep, 1, curr_step, 122, track_size, 143, robot_vel, 5.07, joints_pos, 28.89, 53.21, -17.8, -46.19, -64.09, 106.47, 49.91, tool_torque, 0.26, -0.618, 0.484, joint_torque, -3.2, 1.87, -1.28, -1.43, -0.48, -0.35, 0.49, robot_mode, normal, 
08/06/2022 15:28:22:017, robot_pos, 1654698375536, 656.83, 139.67, 506.14, 2.98, 0.67, -1.77, circuit_pos, 656.48, 140.64, 506.77, 2.98, 0.67, -1.77, tool_force, 0.69, 2.55, 5.47, actual_rep, 1, curr_step, 125, track_size, 143, robot_vel, 1.82, joints_pos, 28.89, 53.2, -17.8, -46.19, -64.08, 106.48, 49.91, tool_torque, 0.38, -0.583, 0.449, joint_torque, -3.27, 1.73, -1.43, -1.36, -0.55, -0.27, 0.45, robot_mode, normal, 
08/06/2022 15:28:22:207, robot_pos, 1654698375685, 656.81, 139.68, 506.14, 2.98, 0.67, -1.77, circuit_pos, 656.49, 140.64, 506.77, 2.98, 0.67, -1.77, tool_force, 0.19, 2.98, 5.28, actual_rep, 1, curr_step, 127, track_size, 143, robot_vel, 0.28, joints_pos, 28.89, 53.2, -17.8, -46.19, -64.08, 106.48, 49.91, tool_torque, 0.46, -0.534, 0.442, joint_torque, -3.4, 1.87, -1.5, -1.36, -0.58, -0.26, 0.45, robot_mode, normal, 
08/06/2022 15:28:22:314, robot_pos, 1654698375835, 656.81, 139.58, 506.1, 2.98, 0.67, -1.77, circuit_pos, 656.49, 140.63, 506.77, 2.98, 0.67, -1.77, tool_force, 0.25, 3.04, 5.68, actual_rep, 1, curr_step, 130, track_size, 143, robot_vel, 0.89, joints_pos, 28.88, 53.2, -17.8, -46.2, -64.08, 106.48, 49.92, tool_torque, 0.539, -0.533, 0.432, joint_torque, -3.7, 1.94, -1.68, -1.5, -0.59, -0.2, 0.43, robot_mode, normal, 
08/06/2022 15:28:22:475, robot_pos, 1654698375982, 656.79, 139.55, 506.06, 2.98, 0.67, -1.77, circuit_pos, 656.49, 140.63, 506.77, 2.98, 0.67, -1.77, tool_force, 0.52, 3.18, 5.82, actual_rep, 1, curr_step, 132, track_size, 143, robot_vel, 0.57, joints_pos, 28.88, 53.2, -17.8, -46.21, -64.08, 106.48, 49.92, tool_torque, 0.47, -0.423, 0.417, joint_torque, -3.77, 2.09, -1.55, -1.62, -0.42, -0.17, 0.42, robot_mode, normal, 
08/06/2022 15:28:22:620, robot_pos, 1654698376132, 656.77, 139.55, 505.96, 2.98, 0.67, -1.77, circuit_pos, 656.49, 140.63, 506.76, 2.98, 0.67, -1.77, tool_force, 0.8, 3.52, 5.93, actual_rep, 1, curr_step, 135, track_size, 143, robot_vel, 0.81, joints_pos, 28.88, 53.2, -17.8, -46.22, -64.05, 106.48, 49.94, tool_torque, 0.43, -0.358, 0.394, joint_torque, -3.82, 2.38, -1.42, -1.78, -0.31, -0.16, 0.4, robot_mode, normal, 
08/06/2022 15:28:22:778, robot_pos, 1654698376283, 656.76, 139.56, 505.94, 2.98, 0.67, -1.77, circuit_pos, 656.49, 140.63, 506.76, 2.98, 0.67, -1.77, tool_force, 0.94, 3.46, 5.91, actual_rep, 1, curr_step, 137, track_size, 143, robot_vel, 0.03, joints_pos, 28.88, 53.2, -17.8, -46.22, -64.05, 106.48, 49.94, tool_torque, 0.419, -0.362, 0.391, joint_torque, -3.77, 2.36, -1.39, -1.79, -0.31, -0.16, 0.4, robot_mode, normal, 
08/06/2022 15:28:22:979, robot_pos, 1654698376437, 656.76, 139.56, 505.94, 2.98, 0.67, -1.77, circuit_pos, 656.49, 140.63, 506.76, 2.98, 0.67, -1.77, tool_force, 0.89, 3.42, 5.9, actual_rep, 1, curr_step, 140, track_size, 143, robot_vel, 0.04, joints_pos, 28.88, 53.19, -17.8, -46.22, -64.05, 106.48, 49.94, tool_torque, 0.433, -0.376, 0.397, joint_torque, -3.77, 2.34, -1.43, -1.77, -0.33, -0.16, 0.4, robot_mode, normal, 
08/06/2022 15:28:23:083, robot_pos, 1654698376585, 656.76, 139.56, 505.94, 2.98, 0.67, -1.77, circuit_pos, 656.49, 140.63, 506.76, 2.98, 0.67, -1.77, tool_force, 0.71, 3.68, 5.82, actual_rep, 1, curr_step, 142, track_size, 143, robot_vel, 0.11, joints_pos, 28.88, 53.2, -17.8, -46.22, -64.05, 106.48, 49.94, tool_torque, 0.437, -0.36, 0.399, joint_torque, -3.78, 2.4, -1.41, -1.75, -0.33, -0.18, 0.4, robot_mode, normal, 
08/06/2022 15:28:23:285, robot_pos, 1654698376737, 656.77, 139.56, 505.93, 2.98, 0.67, -1.77, circuit_pos, 656.49, 140.63, 506.76, 2.98, 0.67, -1.77, tool_force, 0.66, 3.76, 5.79, actual_rep, 1, curr_step, 140, track_size, 143, robot_vel, 0.1, joints_pos, 28.88, 53.2, -17.8, -46.22, -64.05, 106.47, 49.94, tool_torque, 0.424, -0.35, 0.402, joint_torque, -3.77, 2.44, -1.38, -1.75, -0.31, -0.2, 0.41, robot_mode, normal, 
08/06/2022 15:28:23:385, robot_pos, 1654698376886, 656.77, 139.56, 505.93, 2.98, 0.67, -1.77, circuit_pos, 656.49, 140.63, 506.76, 2.98, 0.67, -1.77, tool_force, 0.8, 3.59, 5.86, actual_rep, 1, curr_step, 137, track_size, 143, robot_vel, 0.02, joints_pos, 28.88, 53.2, -17.8, -46.22, -64.05, 106.47, 49.94, tool_torque, 0.4, -0.361, 0.402, joint_torque, -3.76, 2.38, -1.37, -1.75, -0.3, -0.19, 0.41, robot_mode, normal, 
08/06/2022 15:28:23:560, robot_pos, 1654698377037, 656.77, 139.56, 505.93, 2.98, 0.67, -1.77, circuit_pos, 656.49, 140.63, 506.76, 2.98, 0.67, -1.77, tool_force, 0.83, 3.61, 5.87, actual_rep, 1, curr_step, 135, track_size, 143, robot_vel, 0.1, joints_pos, 28.88, 53.2, -17.8, -46.22, -64.05, 106.47, 49.94, tool_torque, 0.4, -0.361, 0.401, joint_torque, -3.75, 2.4, -1.37, -1.77, -0.29, -0.2, 0.41, robot_mode, normal, 
08/06/2022 15:28:23:687, robot_pos, 1654698377185, 656.77, 139.56, 505.92, 2.98, 0.67, -1.77, circuit_pos, 656.49, 140.63, 506.77, 2.98, 0.67, -1.77, tool_force, 0.81, 3.57, 5.86, actual_rep, 1, curr_step, 132, track_size, 143, robot_vel, 0.05, joints_pos, 28.88, 53.2, -17.8, -46.22, -64.05, 106.47, 49.94, tool_torque, 0.399, -0.356, 0.397, joint_torque, -3.75, 2.36, -1.38, -1.75, -0.29, -0.19, 0.4, robot_mode, normal, 
08/06/2022 15:28:23:831, robot_pos, 1654698377336, 656.76, 139.58, 505.9, 2.98, 0.67, -1.77, circuit_pos, 656.49, 140.63, 506.77, 2.98, 0.67, -1.77, tool_force, 0.91, 3.81, 5.78, actual_rep, 1, curr_step, 130, track_size, 143, robot_vel, 0.45, joints_pos, 28.88, 53.2, -17.8, -46.22, -64.03, 106.47, 49.94, tool_torque, 0.366, -0.314, 0.386, joint_torque, -3.73, 2.51, -1.28, -1.82, -0.22, -0.2, 0.39, robot_mode, normal, 
08/06/2022 15:28:23:989, robot_pos, 1654698377486, 656.77, 139.58, 505.91, 2.98, 0.67, -1.77, circuit_pos, 656.49, 140.64, 506.77, 2.98, 0.67, -1.77, tool_force, 0.94, 3.72, 5.8, actual_rep, 1, curr_step, 127, track_size, 143, robot_vel, 0.02, joints_pos, 28.88, 53.2, -17.8, -46.22, -64.03, 106.47, 49.94, tool_torque, 0.376, -0.338, 0.397, joint_torque, -3.69, 2.5, -1.3, -1.8, -0.24, -0.2, 0.4, robot_mode, normal, 
08/06/2022 15:28:24:129, robot_pos, 1654698377635, 656.77, 139.58, 505.91, 2.98, 0.67, -1.77, circuit_pos, 656.48, 140.64, 506.77, 2.98, 0.67, -1.77, tool_force, 0.96, 3.76, 5.83, actual_rep, 1, curr_step, 125, track_size, 143, robot_vel, 0.05, joints_pos, 28.88, 53.2, -17.8, -46.22, -64.03, 106.47, 49.94, tool_torque, 0.359, -0.331, 0.398, joint_torque, -3.7, 2.51, -1.28, -1.81, -0.22, -0.21, 0.4, robot_mode, normal, 
08/06/2022 15:28:24:372, robot_pos, 1654698377784, 656.77, 139.58, 505.91, 2.98, 0.67, -1.77, circuit_pos, 656.47, 140.63, 506.78, 2.98, 0.67, -1.77, tool_force, 0.92, 3.88, 5.82, actual_rep, 1, curr_step, 122, track_size, 143, robot_vel, 0.01, joints_pos, 28.88, 53.2, -17.8, -46.22, -64.03, 106.47, 49.94, tool_torque, 0.355, -0.31, 0.398, joint_torque, -3.73, 2.56, -1.26, -1.83, -0.21, -0.21, 0.41, robot_mode, normal, 
08/06/2022 15:28:24:427, robot_pos, 1654698377934, 656.76, 139.6, 505.92, 2.98, 0.67, -1.77, circuit_pos, 656.41, 140.76, 507.05, 2.98, 0.67, -1.77, tool_force, 0.92, 3.7, 5.82, actual_rep, 1, curr_step, 120, track_size, 143, robot_vel, 0.17, joints_pos, 28.89, 53.2, -17.8, -46.22, -64.03, 106.47, 49.94, tool_torque, 0.308, -0.314, 0.397, joint_torque, -3.74, 2.42, -1.25, -1.77, -0.21, -0.23, 0.41, robot_mode, normal, 
08/06/2022 15:28:24:643, robot_pos, 1654698378081, 656.67, 139.7, 506.34, 2.98, 0.67, -1.77, circuit_pos, 656.33, 140.69, 507.47, 2.98, 0.67, -1.78, tool_force, 1.22, 4.19, 6.15, actual_rep, 1, curr_step, 117, track_size, 143, robot_vel, 3.51, joints_pos, 28.9, 53.17, -17.8, -46.21, -64.03, 106.48, 49.91, tool_torque, 0.234, -0.324, 0.457, joint_torque, -3.82, 2.78, -1.13, -1.93, -0.12, -0.32, 0.47, robot_mode, normal, 
08/06/2022 15:28:24:730, robot_pos, 1654698378231, 656.84, 139.69, 506.7, 2.98, 0.67, -1.78, circuit_pos, 656.35, 140.77, 507.28, 2.98, 0.67, -1.78, tool_force, 0.35, 3.83, 5.9, actual_rep, 1, curr_step, 114, track_size, 143, robot_vel, 3.16, joints_pos, 28.9, 53.05, -17.8, -46.22, -63.68, 106.2, 49.91, tool_torque, 0.666, -0.093, 0.413, joint_torque, -4.39, 2.76, -1.49, -1.94, -0.32, 0.03, 0.43, robot_mode, normal, 
08/06/2022 15:28:24:911, robot_pos, 1654698378383, 656.66, 139.85, 506.05, 2.98, 0.67, -1.78, circuit_pos, 656.41, 141.21, 506.25, 2.98, 0.67, -1.77, tool_force, -0.78, 3.99, 5.61, actual_rep, 1, curr_step, 112, track_size, 143, robot_vel, 5.46, joints_pos, 28.94, 53.03, -17.8, -46.37, -63.71, 106.12, 50.02, tool_torque, 0.535, 0.036, 0.261, joint_torque, -4.58, 2.12, -1.51, -1.63, -0.31, 0.05, 0.29, robot_mode, normal, 
08/06/2022 15:28:25:033, robot_pos, 1654698378535, 656.57, 140.11, 505.36, 2.98, 0.67, -1.77, circuit_pos, 656.1, 140.39, 506.31, 2.98, 0.67, -1.78, tool_force, 0.6, 3.96, 5.81, actual_rep, 1, curr_step, 109, track_size, 143, robot_vel, 4.59, joints_pos, 28.94, 53.2, -17.8, -46.29, -64.03, 106.46, 50.03, tool_torque, 0.164, -0.314, 0.294, joint_torque, -3.5, 2.89, -0.91, -1.73, -0.08, -0.48, 0.31, robot_mode, normal, 
08/06/2022 15:28:25:206, robot_pos, 1654698378684, 657.05, 139.73, 505.33, 2.98, 0.67, -1.78, circuit_pos, 655.78, 138.59, 506.18, 2.98, 0.66, -1.79, tool_force, 0.53, 3.81, 5.65, actual_rep, 1, curr_step, 107, track_size, 143, robot_vel, 5.89, joints_pos, 28.89, 53.17, -17.8, -46.23, -63.69, 106.25, 49.91, tool_torque, 0.644, -0.281, 0.4, joint_torque, -3.84, 2.23, -1.59, -1.73, -0.43, 0.08, 0.42, robot_mode, normal, 
08/06/2022 15:28:25:435, robot_pos, 1654698378834, 656.83, 138.07, 505.55, 2.98, 0.66, -1.79, circuit_pos, 655.29, 133.8, 507.77, 2.96, 0.66, -1.81, tool_force, 0.1, 3.82, 4.38, actual_rep, 1, curr_step, 104, track_size, 143, robot_vel, 12.13, joints_pos, 28.86, 52.78, -17.8, -46.7, -63.16, 105.5, 49.64, tool_torque, 0.87, -0.202, 0.487, joint_torque, -3.5, 2.53, -1.58, -1.63, -0.52, 0.2, 0.49, robot_mode, normal, 
08/06/2022 15:28:25:568, robot_pos, 1654698378982, 655.72, 134.7, 506.59, 2.98, 0.66, -1.8, circuit_pos, 655.16, 128.94, 509.13, 2.95, 0.66, -1.83, tool_force, -0.02, 3.21, 3.02, actual_rep, 1, curr_step, 102, track_size, 143, robot_vel, 20.66, joints_pos, 28.75, 52.16, -17.8, -47.5, -62.78, 104.9, 49.94, tool_torque, 0.826, -0.388, 0.222, joint_torque, -2.21, 2.98, -1.11, -1.72, -0.43, 0.05, 0.21, robot_mode, normal, 
08/06/2022 15:28:25:725, robot_pos, 1654698379135, 655.69, 128.65, 507.86, 2.96, 0.66, -1.82, circuit_pos, 655.44, 121.06, 509.19, 2.95, 0.66, -1.84, tool_force, -0.4, 4.49, 3.64, actual_rep, 1, curr_step, 99, track_size, 143, robot_vel, 39.88, joints_pos, 28.3, 51.75, -17.8, -47.78, -62.01, 104.56, 50.09, tool_torque, 0.709, -0.276, 0.195, joint_torque, -2.89, 2.61, -1.31, -1.59, -0.38, -0.01, 0.18, robot_mode, normal, 
08/06/2022 15:28:25:789, robot_pos, 1654698379284, 655.91, 123.21, 508.06, 2.95, 0.66, -1.83, circuit_pos, 656.21, 115.6, 509.16, 2.95, 0.66, -1.84, tool_force, 0.52, 3.63, 3.25, actual_rep, 1, curr_step, 97, track_size, 143, robot_vel, 36.9, joints_pos, 27.96, 51.36, -17.8, -48.33, -61.74, 103.93, 50.27, tool_torque, 0.77, -0.264, 0.189, joint_torque, -2.11, 2.55, -1.1, -1.69, -0.3, 0.12, 0.17, robot_mode, normal, 
08/06/2022 15:28:25:995, robot_pos, 1654698379434, 656.31, 117.52, 508.26, 2.95, 0.66, -1.84, circuit_pos, 657.26, 106.74, 510.11, 2.95, 0.65, -1.86, tool_force, 0.58, 4.75, 2.26, actual_rep, 1, curr_step, 94, track_size, 143, robot_vel, 35.57, joints_pos, 27.58, 51.0, -17.8, -48.88, -61.71, 103.28, 50.41, tool_torque, 0.69, -0.166, 0.187, joint_torque, -1.73, 3.38, -0.67, -1.75, -0.11, 0.0, 0.17, robot_mode, normal, 
08/06/2022 15:28:26:090, robot_pos, 1654698379583, 657.01, 111.55, 508.64, 2.95, 0.66, -1.85, circuit_pos, 657.74, 99.82, 510.37, 2.93, 0.65, -1.88, tool_force, 1.09, 4.48, 3.41, actual_rep, 1, curr_step, 92, track_size, 143, robot_vel, 42.29, joints_pos, 27.18, 50.6, -17.8, -49.37, -61.35, 102.46, 50.35, tool_torque, 0.745, -0.143, 0.351, joint_torque, -2.69, 3.04, -1.12, -1.92, -0.17, 0.19, 0.34, robot_mode, normal, 
08/06/2022 15:28:26:276, robot_pos, 1654698379733, 657.31, 105.86, 509.13, 2.94, 0.66, -1.86, circuit_pos, 658.08, 93.47, 511.58, 2.92, 0.65, -1.9, tool_force, 0.92, 3.13, 3.09, actual_rep, 1, curr_step, 90, track_size, 143, robot_vel, 37.02, joints_pos, 26.78, 50.2, -17.8, -49.79, -60.82, 101.78, 50.35, tool_torque, 0.799, -0.168, 0.352, joint_torque, -2.26, 2.36, -1.18, -1.54, -0.32, 0.21, 0.34, robot_mode, normal, 
08/06/2022 15:28:26:390, robot_pos, 1654698379882, 657.78, 100.08, 509.93, 2.93, 0.65, -1.88, circuit_pos, 659.1, 82.11, 514.6, 2.89, 0.65, -1.95, tool_force, 0.5, 4.18, 3.96, actual_rep, 1, curr_step, 87, track_size, 143, robot_vel, 40.91, joints_pos, 26.34, 49.83, -17.8, -50.08, -60.22, 101.14, 50.36, tool_torque, 0.878, -0.181, 0.295, joint_torque, -2.12, 2.86, -1.06, -1.77, -0.32, 0.23, 0.28, robot_mode, normal, 
08/06/2022 15:28:26:578, robot_pos, 1654698380030, 658.18, 94.18, 511.19, 2.92, 0.65, -1.9, circuit_pos, 659.42, 73.57, 517.48, 2.86, 0.65, -1.98, tool_force, 1.16, 2.65, 3.23, actual_rep, 1, curr_step, 85, track_size, 143, robot_vel, 38.41, joints_pos, 25.87, 49.44, -17.8, -50.29, -59.5, 100.56, 50.38, tool_torque, 0.878, -0.185, 0.243, joint_torque, -2.0, 2.74, -1.04, -1.71, -0.32, 0.27, 0.23, robot_mode, normal, 
08/06/2022 15:28:26:724, robot_pos, 1654698380179, 658.64, 88.64, 512.56, 2.9, 0.65, -1.92, circuit_pos, 659.68, 61.64, 519.72, 2.82, 0.64, -2.04, tool_force, 0.61, 4.05, 3.23, actual_rep, 1, curr_step, 82, track_size, 143, robot_vel, 36.79, joints_pos, 25.4, 49.1, -17.8, -50.39, -58.71, 100.04, 50.38, tool_torque, 0.904, -0.199, 0.235, joint_torque, -2.0, 2.8, -1.05, -1.66, -0.42, 0.34, 0.23, robot_mode, normal, 
08/06/2022 15:28:26:895, robot_pos, 1654698380361, 658.92, 81.57, 514.05, 2.88, 0.65, -1.95, circuit_pos, 660.09, 53.96, 520.37, 2.78, 0.64, -2.1, tool_force, 0.07, 3.64, 3.75, actual_rep, 1, curr_step, 79, track_size, 143, robot_vel, 38.6, joints_pos, 24.79, 48.66, -17.8, -50.51, -57.52, 99.44, 50.38, tool_torque, 0.984, -0.292, 0.234, joint_torque, -2.2, 3.19, -1.15, -1.87, -0.47, 0.26, 0.22, robot_mode, normal, 
08/06/2022 15:28:27:086, robot_pos, 1654698380527, 659.27, 75.09, 515.27, 2.85, 0.65, -1.99, circuit_pos, 659.55, 48.96, 519.73, 2.75, 0.63, -2.14, tool_force, -0.24, 4.17, 3.35, actual_rep, 1, curr_step, 77, track_size, 143, robot_vel, 39.62, joints_pos, 24.2, 48.23, -17.8, -50.59, -56.16, 98.8, 50.42, tool_torque, 1.143, -0.287, 0.125, joint_torque, -2.23, 2.81, -1.32, -1.59, -0.7, 0.31, 0.11, robot_mode, normal, 
08/06/2022 15:28:27:201, robot_pos, 1654698380678, 659.31, 69.2, 516.01, 2.83, 0.64, -2.02, circuit_pos, 657.05, 39.37, 519.16, 2.72, 0.61, -2.17, tool_force, -0.64, 2.7, 4.16, actual_rep, 1, curr_step, 74, track_size, 143, robot_vel, 41.54, joints_pos, 23.66, 47.82, -17.8, -50.73, -54.84, 98.21, 50.44, tool_torque, 1.128, -0.29, 0.098, joint_torque, -2.85, 2.65, -1.55, -1.72, -0.73, 0.39, 0.09, robot_mode, normal, 
08/06/2022 15:28:27:361, robot_pos, 1654698380825, 658.9, 63.54, 516.41, 2.81, 0.64, -2.05, circuit_pos, 654.62, 31.97, 518.58, 2.7, 0.6, -2.19, tool_force, 0.11, 2.9, 3.55, actual_rep, 1, curr_step, 72, track_size, 143, robot_vel, 37.57, joints_pos, 23.18, 47.41, -17.8, -50.99, -53.68, 97.73, 50.47, tool_torque, 1.143, -0.352, 0.1, joint_torque, -2.21, 2.98, -1.33, -1.71, -0.73, 0.27, 0.09, robot_mode, normal, 
08/06/2022 15:28:27:502, robot_pos, 1654698380976, 658.08, 57.72, 516.5, 2.79, 0.63, -2.08, circuit_pos, 650.4, 22.62, 516.56, 2.66, 0.58, -2.21, tool_force, -0.53, 3.46, 3.58, actual_rep, 1, curr_step, 69, track_size, 143, robot_vel, 37.69, joints_pos, 22.69, 47.02, -17.8, -51.31, -52.67, 97.4, 50.5, tool_torque, 1.082, -0.486, 0.132, joint_torque, -2.02, 2.95, -1.31, -1.54, -0.8, 0.1, 0.12, robot_mode, normal, 
08/06/2022 15:28:27:644, robot_pos, 1654698381127, 656.99, 51.89, 516.36, 2.77, 0.62, -2.1, circuit_pos, 646.44, 12.64, 515.72, 2.64, 0.56, -2.24, tool_force, -1.06, 3.34, 3.48, actual_rep, 1, curr_step, 66, track_size, 143, robot_vel, 41.06, joints_pos, 22.19, 46.63, -17.8, -51.68, -51.66, 97.13, 50.52, tool_torque, 1.072, -0.567, 0.167, joint_torque, -2.19, 3.01, -1.41, -1.5, -0.93, 0.08, 0.17, robot_mode, normal, 
08/06/2022 15:28:27:900, robot_pos, 1654698381274, 655.66, 46.19, 516.11, 2.75, 0.62, -2.12, circuit_pos, 643.74, 5.2, 516.45, 2.63, 0.56, -2.26, tool_force, -1.16, 3.83, 4.11, actual_rep, 1, curr_step, 64, track_size, 143, robot_vel, 41.12, joints_pos, 21.74, 46.2, -17.8, -52.16, -50.72, 96.77, 50.52, tool_torque, 1.028, -0.6, 0.273, joint_torque, -2.34, 2.88, -1.47, -1.47, -0.92, -0.01, 0.27, robot_mode, normal, 
08/06/2022 15:28:27:949, robot_pos, 1654698381422, 654.04, 40.39, 516.12, 2.73, 0.61, -2.14, circuit_pos, 641.24, -2.44, 516.4, 2.61, 0.55, -2.29, tool_force, -1.32, 3.73, 3.63, actual_rep, 1, curr_step, 62, track_size, 143, robot_vel, 39.06, joints_pos, 21.29, 45.68, -17.8, -52.74, -49.82, 96.33, 50.52, tool_torque, 1.067, -0.701, 0.314, joint_torque, -2.29, 2.9, -1.53, -1.43, -1.03, -0.05, 0.31, robot_mode, normal, 
08/06/2022 15:28:28:168, robot_pos, 1654698381572, 652.51, 34.59, 515.92, 2.71, 0.6, -2.16, circuit_pos, 638.07, -14.31, 512.76, 2.59, 0.52, -2.35, tool_force, -1.39, 3.24, 3.82, actual_rep, 1, curr_step, 59, track_size, 143, robot_vel, 38.96, joints_pos, 20.84, 45.19, -17.8, -53.31, -48.9, 95.84, 50.5, tool_torque, 1.119, -0.797, 0.356, joint_torque, -1.97, 2.69, -1.5, -1.25, -1.13, -0.08, 0.35, robot_mode, normal, 
08/06/2022 15:28:28:249, robot_pos, 1654698381720, 650.9, 28.05, 515.33, 2.7, 0.59, -2.19, circuit_pos, 634.54, -25.87, 507.78, 2.56, 0.5, -2.4, tool_force, -1.66, 3.21, 3.88, actual_rep, 1, curr_step, 56, track_size, 143, robot_vel, 41.03, joints_pos, 20.33, 44.6, -17.8, -54.04, -47.8, 95.15, 50.49, tool_torque, 1.197, -0.839, 0.383, joint_torque, -2.21, 2.53, -1.74, -1.03, -1.33, -0.11, 0.38, robot_mode, normal, 
08/06/2022 15:28:28:441, robot_pos, 1654698381872, 649.23, 22.95, 514.55, 2.68, 0.59, -2.21, circuit_pos, 632.38, -32.96, 503.88, 2.54, 0.49, -2.43, tool_force, -1.42, 3.25, 3.98, actual_rep, 1, curr_step, 54, track_size, 143, robot_vel, 41.35, joints_pos, 19.92, 44.14, -17.8, -54.64, -46.9, 94.57, 50.48, tool_torque, 1.174, -0.912, 0.4, joint_torque, -2.36, 2.71, -1.8, -1.14, -1.38, -0.14, 0.4, robot_mode, normal, 
08/06/2022 15:28:28:549, robot_pos, 1654698382022, 647.68, 17.12, 513.32, 2.67, 0.58, -2.23, circuit_pos, 630.73, -40.19, 498.69, 2.53, 0.47, -2.46, tool_force, -1.77, 3.76, 4.17, actual_rep, 1, curr_step, 52, track_size, 143, robot_vel, 41.31, joints_pos, 19.44, 43.66, -17.8, -55.3, -45.82, 93.87, 50.47, tool_torque, 1.119, -0.849, 0.449, joint_torque, -2.17, 2.99, -1.55, -1.02, -1.24, -0.31, 0.45, robot_mode, normal, 
08/06/2022 15:28:28:722, robot_pos, 1654698382173, 646.15, 11.31, 511.6, 2.65, 0.57, -2.26, circuit_pos, 629.84, -47.34, 494.75, 2.52, 0.46, -2.49, tool_force, -1.6, 3.86, 4.21, actual_rep, 1, curr_step, 50, track_size, 143, robot_vel, 41.69, joints_pos, 18.95, 43.15, -17.8, -56.05, -44.72, 93.03, 50.46, tool_torque, 1.101, -0.927, 0.474, joint_torque, -1.88, 3.07, -1.49, -1.19, -1.23, -0.24, 0.46, robot_mode, normal, 
08/06/2022 15:28:28:854, robot_pos, 1654698382322, 644.7, 5.46, 509.9, 2.64, 0.56, -2.28, circuit_pos, 628.49, -61.56, 491.32, 2.52, 0.45, -2.53, tool_force, -2.39, 3.67, 4.11, actual_rep, 1, curr_step, 47, track_size, 143, robot_vel, 40.32, joints_pos, 18.47, 42.69, -17.8, -56.74, -43.71, 92.2, 50.41, tool_torque, 1.116, -1.001, 0.53, joint_torque, -1.86, 3.13, -1.5, -1.03, -1.31, -0.34, 0.53, robot_mode, normal, 
08/06/2022 15:28:29:029, robot_pos, 1654698382476, 643.39, -0.38, 508.22, 2.63, 0.55, -2.3, circuit_pos, 627.97, -66.32, 489.84, 2.51, 0.44, -2.55, tool_force, -1.51, 3.87, 4.18, actual_rep, 1, curr_step, 46, track_size, 143, robot_vel, 42.66, joints_pos, 17.96, 42.24, -17.8, -57.43, -42.7, 91.31, 50.33, tool_torque, 1.156, -1.048, 0.599, joint_torque, -1.76, 2.88, -1.57, -0.84, -1.41, -0.33, 0.59, robot_mode, normal, 
08/06/2022 15:28:29:228, robot_pos, 1654698382624, 642.09, -6.13, 506.51, 2.61, 0.54, -2.32, circuit_pos, 627.97, -66.32, 489.84, 2.51, 0.44, -2.55, tool_force, -1.56, 3.94, 4.46, actual_rep, 1, curr_step, 46, track_size, 143, robot_vel, 42.31, joints_pos, 17.45, 41.79, -17.8, -58.1, -41.7, 90.41, 50.2, tool_torque, 1.163, -1.055, 0.614, joint_torque, -1.85, 3.14, -1.55, -1.05, -1.35, -0.31, 0.61, robot_mode, normal, 
08/06/2022 15:28:29:335, robot_pos, 1654698382776, 640.85, -11.97, 504.89, 2.6, 0.53, -2.35, circuit_pos, 627.97, -66.32, 489.84, 2.51, 0.44, -2.55, tool_force, -1.88, 3.65, 4.46, actual_rep, 1, curr_step, 46, track_size, 143, robot_vel, 42.11, joints_pos, 16.93, 41.38, -17.8, -58.71, -40.71, 89.55, 50.01, tool_torque, 1.156, -1.074, 0.613, joint_torque, -2.14, 3.13, -1.72, -0.99, -1.46, -0.32, 0.61, robot_mode, normal, 
08/06/2022 15:28:29:529, robot_pos, 1654698382923, 639.57, -17.7, 503.21, 2.59, 0.53, -2.37, circuit_pos, 627.97, -66.32, 489.84, 2.51, 0.44, -2.55, tool_force, -1.88, 3.97, 4.74, actual_rep, 1, curr_step, 46, track_size, 143, robot_vel, 38.82, joints_pos, 16.4, 40.97, -17.8, -59.34, -39.71, 88.65, 49.81, tool_torque, 1.134, -1.102, 0.636, joint_torque, -2.0, 2.95, -1.65, -0.93, -1.43, -0.35, 0.64, robot_mode, normal, 
08/06/2022 15:28:29:638, robot_pos, 1654698383074, 638.39, -23.52, 501.57, 2.58, 0.52, -2.39, circuit_pos, 627.97, -66.32, 489.84, 2.51, 0.44, -2.55, tool_force, -1.8, 4.17, 4.38, actual_rep, 1, curr_step, 46, track_size, 143, robot_vel, 48.52, joints_pos, 15.85, 40.6, -17.8, -59.9, -38.71, 87.81, 49.56, tool_torque, 1.168, -1.147, 0.634, joint_torque, -1.93, 2.89, -1.7, -0.8, -1.52, -0.35, 0.64, robot_mode, normal, 
08/06/2022 15:28:29:800, robot_pos, 1654698383225, 637.1, -29.33, 499.92, 2.57, 0.51, -2.41, circuit_pos, 627.97, -66.32, 489.84, 2.51, 0.44, -2.55, tool_force, -1.94, 3.74, 4.15, actual_rep, 1, curr_step, 46, track_size, 143, robot_vel, 46.38, joints_pos, 15.29, 40.21, -17.8, -60.47, -37.68, 86.94, 49.25, tool_torque, 1.141, -1.169, 0.643, joint_torque, -1.93, 2.76, -1.72, -0.69, -1.54, -0.39, 0.65, robot_mode, normal, 
08/06/2022 15:28:29:941, robot_pos, 1654698383373, 635.87, -35.1, 498.31, 2.56, 0.5, -2.43, circuit_pos, 627.97, -66.32, 489.84, 2.51, 0.44, -2.55, tool_force, -2.64, 4.46, 4.49, actual_rep, 1, curr_step, 46, track_size, 143, robot_vel, 41.17, joints_pos, 14.73, 39.86, -17.8, -61.01, -36.68, 86.11, 48.91, tool_torque, 1.199, -1.191, 0.638, joint_torque, -1.88, 3.15, -1.64, -0.81, -1.54, -0.43, 0.65, robot_mode, normal, 
08/06/2022 15:28:30:070, robot_pos, 1654698383523, 634.61, -40.86, 496.68, 2.55, 0.49, -2.46, circuit_pos, 627.97, -66.32, 489.84, 2.51, 0.44, -2.55, tool_force, -2.46, 3.71, 4.11, actual_rep, 1, curr_step, 46, track_size, 143, robot_vel, 41.08, joints_pos, 14.15, 39.51, -17.8, -61.53, -35.66, 85.28, 48.54, tool_torque, 1.253, -1.243, 0.631, joint_torque, -1.96, 2.76, -1.83, -0.68, -1.68, -0.39, 0.64, robot_mode, normal, 
08/06/2022 15:28:30:241, robot_pos, 1654698383672, 633.41, -46.63, 495.07, 2.54, 0.48, -2.48, circuit_pos, 627.97, -66.32, 489.84, 2.51, 0.44, -2.55, tool_force, -2.52, 4.03, 4.29, actual_rep, 1, curr_step, 46, track_size, 143, robot_vel, 41.57, joints_pos, 13.56, 39.18, -17.8, -62.02, -34.6, 84.45, 48.11, tool_torque, 1.192, -1.206, 0.628, joint_torque, -2.13, 2.69, -1.9, -0.54, -1.65, -0.48, 0.64, robot_mode, normal, 
08/06/2022 15:28:30:378, robot_pos, 1654698383821, 632.12, -52.35, 493.4, 2.53, 0.47, -2.5, circuit_pos, 627.97, -66.32, 489.84, 2.51, 0.44, -2.55, tool_force, -2.41, 3.93, 4.11, actual_rep, 1, curr_step, 46, track_size, 143, robot_vel, 42.03, joints_pos, 12.97, 38.85, -17.8, -62.53, -33.52, 83.61, 47.65, tool_torque, 1.154, -1.3, 0.632, joint_torque, -1.56, 2.65, -1.6, -0.45, -1.61, -0.53, 0.64, robot_mode, normal, 
08/06/2022 15:28:30:613, robot_pos, 1654698383990, 630.79, -58.87, 491.52, 2.52, 0.46, -2.52, circuit_pos, 627.97, -66.32, 489.84, 2.51, 0.44, -2.55, tool_force, -2.74, 4.14, 4.91, actual_rep, 1, curr_step, 46, track_size, 143, robot_vel, 39.74, joints_pos, 12.27, 38.54, -17.8, -63.01, -32.38, 82.77, 47.11, tool_torque, 1.219, -1.255, 0.629, joint_torque, -1.76, 3.16, -1.65, -0.5, -1.57, -0.63, 0.63, robot_mode, normal, 
08/06/2022 15:28:30:720, robot_pos, 1654698384138, 629.73, -64.59, 489.72, 2.51, 0.45, -2.54, circuit_pos, 627.39, -70.85, 487.74, 2.51, 0.44, -2.56, tool_force, -2.67, 3.59, 3.86, actual_rep, 1, curr_step, 45, track_size, 143, robot_vel, 41.12, joints_pos, 11.65, 38.26, -17.8, -63.46, -31.34, 81.91, 46.6, tool_torque, 1.137, -1.328, 0.638, joint_torque, -1.51, 2.67, -1.61, -0.31, -1.59, -0.63, 0.64, robot_mode, normal, 
08/06/2022 15:28:30:895, robot_pos, 1654698384327, 628.35, -71.34, 486.44, 2.51, 0.44, -2.56, circuit_pos, 626.15, -80.01, 481.82, 2.5, 0.41, -2.6, tool_force, -2.38, 4.46, 4.21, actual_rep, 1, curr_step, 43, track_size, 143, robot_vel, 39.35, joints_pos, 10.95, 38.01, -17.8, -64.09, -30.18, 80.86, 45.97, tool_torque, 1.353, -1.444, 0.646, joint_torque, -1.21, 3.31, -1.49, -0.44, -1.7, -0.69, 0.64, robot_mode, normal, 
08/06/2022 15:28:31:022, robot_pos, 1654698384479, 627.71, -77.49, 483.06, 2.5, 0.42, -2.59, circuit_pos, 625.57, -84.03, 478.79, 2.49, 0.4, -2.62, tool_force, -3.48, 4.06, 4.09, actual_rep, 1, curr_step, 42, track_size, 143, robot_vel, 52.09, joints_pos, 10.18, 37.87, -17.8, -64.47, -28.6, 79.9, 45.02, tool_torque, 1.193, -1.334, 0.655, joint_torque, -1.85, 2.82, -1.84, -0.47, -1.64, -0.61, 0.66, robot_mode, normal, 
08/06/2022 15:28:31:177, robot_pos, 1654698384628, 626.79, -83.31, 479.03, 2.49, 0.4, -2.62, circuit_pos, 624.75, -88.59, 475.5, 2.49, 0.39, -2.64, tool_force, -3.14, 2.88, 5.05, actual_rep, 1, curr_step, 41, track_size, 143, robot_vel, 47.63, joints_pos, 9.47, 37.7, -17.8, -65.01, -27.06, 78.8, 44.23, tool_torque, 1.202, -1.365, 0.67, joint_torque, -1.52, 2.7, -1.61, -0.11, -1.61, -0.75, 0.67, robot_mode, normal, 
08/06/2022 15:28:31:380, robot_pos, 1654698384780, 625.62, -88.99, 475.25, 2.49, 0.39, -2.64, circuit_pos, 622.07, -100.74, 468.58, 2.47, 0.36, -2.68, tool_force, -3.12, 3.81, 4.36, actual_rep, 1, curr_step, 38, track_size, 143, robot_vel, 43.3, joints_pos, 8.81, 37.56, -17.8, -65.54, -25.82, 77.87, 43.55, tool_torque, 1.135, -1.407, 0.639, joint_torque, -1.35, 2.72, -1.52, -0.06, -1.55, -0.85, 0.64, robot_mode, normal, 
08/06/2022 15:28:31:479, robot_pos, 1654698384931, 624.49, -95.05, 471.7, 2.48, 0.38, -2.66, circuit_pos, 621.4, -104.73, 466.4, 2.47, 0.35, -2.69, tool_force, -3.49, 3.26, 4.49, actual_rep, 1, curr_step, 37, track_size, 143, robot_vel, 48.83, joints_pos, 8.08, 37.46, -17.8, -65.96, -24.47, 77.07, 42.68, tool_torque, 1.118, -1.464, 0.665, joint_torque, -1.46, 2.66, -1.63, -0.12, -1.6, -0.88, 0.66, robot_mode, normal, 
08/06/2022 15:28:31:683, robot_pos, 1654698385081, 623.6, -100.46, 468.17, 2.47, 0.36, -2.68, circuit_pos, 620.7, -114.9, 457.62, 2.46, 0.32, -2.74, tool_force, -3.74, 3.35, 4.75, actual_rep, 1, curr_step, 34, track_size, 143, robot_vel, 45.11, joints_pos, 7.4, 37.44, -17.8, -66.28, -23.15, 76.39, 41.87, tool_torque, 1.257, -1.511, 0.679, joint_torque, -1.64, 2.78, -1.84, -0.03, -1.73, -0.91, 0.67, robot_mode, normal, 
08/06/2022 15:28:31:782, robot_pos, 1654698385232, 622.8, -106.51, 463.37, 2.46, 0.35, -2.7, circuit_pos, 620.63, -120.19, 449.21, 2.45, 0.3, -2.77, tool_force, -3.93, 3.22, 4.83, actual_rep, 1, curr_step, 32, track_size, 143, robot_vel, 51.49, joints_pos, 6.59, 37.46, -17.8, -66.67, -21.45, 75.51, 40.89, tool_torque, 1.155, -1.631, 0.672, joint_torque, -1.34, 2.54, -1.66, 0.18, -1.7, -1.1, 0.66, robot_mode, normal, 
08/06/2022 15:28:31:976, robot_pos, 1654698385382, 622.38, -111.91, 457.5, 2.46, 0.33, -2.73, circuit_pos, 620.63, -120.19, 449.21, 2.45, 0.3, -2.77, tool_force, -3.27, 2.97, 4.47, actual_rep, 1, curr_step, 32, track_size, 143, robot_vel, 55.49, joints_pos, 5.82, 37.58, -17.8, -67.05, -19.57, 74.55, 39.84, tool_torque, 1.16, -1.579, 0.647, joint_torque, -1.54, 2.23, -1.82, 0.26, -1.69, -1.02, 0.65, robot_mode, normal, 
08/06/2022 15:28:32:085, robot_pos, 1654698385532, 621.88, -117.44, 451.81, 2.45, 0.31, -2.76, circuit_pos, 620.28, -122.66, 444.57, 2.44, 0.29, -2.79, tool_force, -3.94, 3.24, 4.54, actual_rep, 1, curr_step, 31, track_size, 143, robot_vel, 53.17, joints_pos, 5.02, 37.71, -17.8, -67.4, -17.74, 73.67, 38.73, tool_torque, 1.289, -1.59, 0.63, joint_torque, -1.53, 2.5, -1.94, 0.33, -1.77, -1.07, 0.62, robot_mode, normal, 
08/06/2022 15:28:32:250, robot_pos, 1654698385682, 621.37, -121.28, 446.12, 2.44, 0.3, -2.78, circuit_pos, 619.74, -125.04, 439.88, 2.43, 0.27, -2.81, tool_force, -3.18, 1.87, 4.41, actual_rep, 1, curr_step, 30, track_size, 143, robot_vel, 41.0, joints_pos, 4.42, 37.87, -17.8, -67.78, -16.1, 72.92, 38.1, tool_torque, 1.27, -1.658, 0.586, joint_torque, -1.67, 2.17, -2.1, 0.26, -1.87, -1.05, 0.58, robot_mode, normal, 
08/06/2022 15:28:32:390, robot_pos, 1654698385833, 620.78, -124.66, 440.31, 2.43, 0.28, -2.81, circuit_pos, 619.16, -127.3, 435.32, 2.42, 0.26, -2.83, tool_force, -4.17, 3.24, 4.85, actual_rep, 1, curr_step, 29, track_size, 143, robot_vel, 45.35, joints_pos, 3.81, 38.07, -17.8, -68.06, -14.22, 72.39, 37.36, tool_torque, 1.269, -1.611, 0.583, joint_torque, -1.76, 2.31, -2.06, 0.39, -1.79, -1.16, 0.58, robot_mode, normal, 
08/06/2022 15:28:32:538, robot_pos, 1654698385993, 619.99, -127.51, 434.1, 2.42, 0.26, -2.83, circuit_pos, 618.12, -133.17, 423.36, 2.41, 0.22, -2.87, tool_force, -3.89, 2.64, 4.27, actual_rep, 1, curr_step, 26, track_size, 143, robot_vel, 42.67, joints_pos, 3.22, 38.31, -17.8, -68.38, -12.26, 71.93, 36.53, tool_torque, 1.188, -1.753, 0.61, joint_torque, -1.3, 1.93, -1.94, 0.66, -1.78, -1.27, 0.59, robot_mode, normal, 
08/06/2022 15:28:32:853, robot_pos, 1654698386293, 619.1, -133.22, 422.39, 2.41, 0.22, -2.87, circuit_pos, 615.82, -140.88, 406.9, 2.4, 0.16, -2.93, tool_force, -4.29, 2.89, 4.35, actual_rep, 1, curr_step, 22, track_size, 143, robot_vel, 41.94, joints_pos, 2.12, 38.85, -17.8, -68.87, -8.83, 71.09, 34.64, tool_torque, 1.219, -1.758, 0.621, joint_torque, -1.28, 2.62, -1.87, 0.37, -1.68, -1.4, 0.59, robot_mode, normal, 
08/06/2022 15:28:33:061, robot_pos, 1654698386446, 618.32, -136.04, 416.64, 2.41, 0.2, -2.9, circuit_pos, 615.82, -140.88, 406.9, 2.4, 0.16, -2.93, tool_force, -4.39, 2.93, 4.34, actual_rep, 1, curr_step, 22, track_size, 143, robot_vel, 42.11, joints_pos, 1.58, 39.1, -17.8, -69.16, -7.07, 70.69, 33.62, tool_torque, 1.111, -1.735, 0.622, joint_torque, -1.12, 2.14, -1.74, 0.62, -1.56, -1.44, 0.6, robot_mode, normal, 
08/06/2022 15:28:33:144, robot_pos, 1654698386597, 617.64, -138.81, 410.81, 2.4, 0.18, -2.92, circuit_pos, 614.75, -143.33, 402.14, 2.4, 0.15, -2.94, tool_force, -4.74, 3.08, 4.92, actual_rep, 1, curr_step, 21, track_size, 143, robot_vel, 44.21, joints_pos, 1.03, 39.39, -17.8, -69.42, -5.38, 70.34, 32.6, tool_torque, 1.18, -1.737, 0.672, joint_torque, -1.1, 2.44, -1.74, 0.36, -1.53, -1.43, 0.64, robot_mode, normal, 
08/06/2022 15:28:33:335, robot_pos, 1654698386747, 616.77, -141.68, 405.04, 2.4, 0.16, -2.93, circuit_pos, 613.81, -145.58, 397.5, 2.39, 0.14, -2.95, tool_force, -4.35, 3.19, 4.48, actual_rep, 1, curr_step, 20, track_size, 143, robot_vel, 53.13, joints_pos, 0.56, 39.67, -17.8, -69.75, -4.09, 69.91, 31.72, tool_torque, 1.024, -1.677, 0.681, joint_torque, -0.96, 2.33, -1.51, 0.73, -1.35, -1.6, 0.67, robot_mode, normal, 
08/06/2022 15:28:33:451, robot_pos, 1654698386898, 615.61, -144.37, 399.18, 2.39, 0.15, -2.94, circuit_pos, 612.68, -148.32, 392.56, 2.39, 0.13, -2.97, tool_force, -4.82, 3.6, 5.02, actual_rep, 1, curr_step, 19, track_size, 143, robot_vel, 42.87, joints_pos, 0.13, 39.91, -17.8, -70.14, -2.97, 69.46, 31.23, tool_torque, 0.996, -1.722, 0.675, joint_torque, -0.89, 2.2, -1.52, 1.01, -1.31, -1.75, 0.65, robot_mode, normal, 
08/06/2022 15:28:33:604, robot_pos, 1654698387050, 614.35, -147.5, 393.31, 2.39, 0.14, -2.96, circuit_pos, 611.62, -150.79, 387.66, 2.39, 0.12, -2.98, tool_force, -4.56, 3.27, 4.13, actual_rep, 1, curr_step, 18, track_size, 143, robot_vel, 51.62, joints_pos, -0.41, 40.11, -17.8, -70.61, -1.44, 68.83, 30.23, tool_torque, 1.083, -1.791, 0.693, joint_torque, -0.76, 2.01, -1.57, 1.05, -1.37, -1.72, 0.67, robot_mode, normal, 
08/06/2022 15:28:33:751, robot_pos, 1654698387200, 613.29, -150.33, 387.68, 2.39, 0.13, -2.98, circuit_pos, 610.7, -153.31, 382.76, 2.4, 0.11, -3.0, tool_force, -5.08, 3.42, 3.9, actual_rep, 1, curr_step, 17, track_size, 143, robot_vel, 41.9, joints_pos, -0.85, 40.32, -17.8, -71.05, -0.22, 68.17, 29.15, tool_torque, 1.152, -1.785, 0.713, joint_torque, -0.8, 1.94, -1.7, 1.19, -1.4, -1.76, 0.68, robot_mode, normal, 
08/06/2022 15:28:33:911, robot_pos, 1654698387352, 612.24, -153.58, 381.88, 2.4, 0.12, -3.0, circuit_pos, 609.87, -155.68, 378.02, 2.4, 0.11, -3.02, tool_force, -5.12, 2.81, 3.65, actual_rep, 1, curr_step, 16, track_size, 143, robot_vel, 54.9, joints_pos, -1.37, 40.47, -17.8, -71.62, 1.32, 67.14, 27.82, tool_torque, 1.073, -1.646, 0.677, joint_torque, -1.02, 1.63, -1.71, 1.28, -1.26, -1.71, 0.66, robot_mode, normal, 
08/06/2022 15:28:34:109, robot_pos, 1654698387502, 610.74, -156.15, 376.09, 2.4, 0.11, -3.02, circuit_pos, 608.07, -159.76, 369.0, 2.4, 0.09, -3.05, tool_force, -4.51, 3.28, 3.51, actual_rep, 1, curr_step, 14, track_size, 143, robot_vel, 41.74, joints_pos, -1.82, 40.58, -17.8, -72.29, 2.74, 66.15, 26.7, tool_torque, 1.049, -1.841, 0.672, joint_torque, -0.68, 1.42, -1.58, 1.39, -1.24, -1.83, 0.65, robot_mode, normal, 
08/06/2022 15:28:34:210, robot_pos, 1654698387654, 609.9, -158.88, 370.38, 2.4, 0.1, -3.04, circuit_pos, 607.17, -161.73, 364.27, 2.4, 0.09, -3.07, tool_force, -5.13, 3.4, 3.65, actual_rep, 1, curr_step, 13, track_size, 143, robot_vel, 42.51, joints_pos, -2.31, 40.83, -17.8, -72.69, 4.33, 65.44, 25.48, tool_torque, 1.111, -1.811, 0.678, joint_torque, -0.65, 1.57, -1.61, 1.48, -1.22, -1.9, 0.64, robot_mode, normal, 
08/06/2022 15:28:34:410, robot_pos, 1654698387802, 608.68, -161.17, 364.68, 2.4, 0.09, -3.07, circuit_pos, 606.45, -163.34, 359.53, 2.4, 0.08, -3.09, tool_force, -5.21, 2.18, 3.64, actual_rep, 1, curr_step, 12, track_size, 143, robot_vel, 40.36, joints_pos, -2.74, 40.95, -17.8, -73.35, 5.89, 64.37, 24.3, tool_torque, 1.121, -1.734, 0.604, joint_torque, -1.14, 1.43, -1.9, 1.57, -1.3, -1.92, 0.59, robot_mode, normal, 
08/06/2022 15:28:34:513, robot_pos, 1654698387954, 607.72, -163.51, 358.88, 2.4, 0.08, -3.09, circuit_pos, 604.29, -166.68, 347.89, 2.39, 0.07, -3.13, tool_force, -4.79, 2.58, 3.42, actual_rep, 1, curr_step, 9, track_size, 143, robot_vel, 42.81, joints_pos, -3.19, 41.16, -17.8, -73.85, 7.5, 63.53, 23.18, tool_torque, 1.113, -1.684, 0.59, joint_torque, -0.89, 1.04, -1.77, 1.64, -1.17, -1.85, 0.56, robot_mode, normal, 
08/06/2022 15:28:34:686, robot_pos, 1654698388119, 606.52, -164.88, 352.45, 2.39, 0.08, -3.11, circuit_pos, 601.99, -167.58, 335.63, 2.38, 0.05, 3.11, tool_force, -5.05, 2.72, 3.58, actual_rep, 1, curr_step, 6, track_size, 143, robot_vel, 42.32, joints_pos, -3.55, 41.39, -17.8, -74.46, 9.12, 62.64, 22.33, tool_torque, 1.213, -1.847, 0.593, joint_torque, -0.49, 1.2, -1.74, 1.6, -1.2, -2.03, 0.54, robot_mode, normal, 
08/06/2022 15:28:34:815, robot_pos, 1654698388256, 605.6, -165.87, 347.27, 2.39, 0.07, -3.13, circuit_pos, 600.85, -167.7, 328.62, 2.37, 0.04, 3.1, tool_force, -5.72, 1.86, 4.1, actual_rep, 1, curr_step, 4, track_size, 143, robot_vel, 41.61, joints_pos, -3.85, 41.6, -17.8, -74.92, 10.57, 62.0, 21.58, tool_torque, 1.17, -1.767, 0.539, joint_torque, -1.12, 1.42, -1.99, 1.57, -1.24, -1.97, 0.51, robot_mode, normal, 
08/06/2022 15:28:34:956, robot_pos, 1654698388407, 604.6, -166.42, 341.48, 2.38, 0.06, 3.14, circuit_pos, 599.67, -167.41, 324.98, 2.36, 0.03, 3.09, tool_force, -5.96, 2.06, 3.79, actual_rep, 1, curr_step, 2, track_size, 143, robot_vel, 36.61, joints_pos, -4.07, 41.86, -17.8, -75.4, 11.73, 61.37, 21.02, tool_torque, 1.118, -1.833, 0.533, joint_torque, -1.28, 1.4, -1.99, 1.58, -1.18, -2.05, 0.51, robot_mode, normal, 
08/06/2022 15:28:35:219, robot_pos, 1654698388557, 603.41, -166.75, 335.81, 2.37, 0.05, 3.12, circuit_pos, 599.69, -167.03, 324.58, 2.36, 0.03, 3.09, tool_force, -5.41, 2.49, 2.91, actual_rep, 1, curr_step, 0, track_size, 143, robot_vel, 40.69, joints_pos, -4.28, 42.11, -17.8, -75.89, 13.04, 60.8, 20.52, tool_torque, 1.175, -1.912, 0.535, joint_torque, -0.79, 1.43, -1.85, 1.6, -1.14, -2.09, 0.48, robot_mode, normal, 
08/06/2022 15:28:35:257, robot_pos, 1654698388708, 602.25, -167.13, 329.91, 2.37, 0.04, 3.11, circuit_pos, 599.69, -167.03, 324.58, 2.36, 0.03, 3.09, tool_force, -5.35, 3.15, 3.71, actual_rep, 2, curr_step, 0, track_size, 143, robot_vel, 38.88, joints_pos, -4.51, 42.39, -17.8, -76.37, 14.36, 60.26, 19.97, tool_torque, 1.147, -1.867, 0.534, joint_torque, -0.66, 1.33, -1.84, 1.85, -1.08, -2.18, 0.48, robot_mode, normal, 
08/06/2022 15:28:35:500, robot_pos, 1654698388859, 601.16, -167.51, 324.3, 2.36, 0.04, 3.09, circuit_pos, 599.69, -167.03, 324.58, 2.36, 0.03, 3.09, tool_force, -4.78, 2.33, 1.97, actual_rep, 2, curr_step, 0, track_size, 143, robot_vel, 46.65, joints_pos, -4.73, 42.66, -17.82, -76.83, 15.7, 59.7, 19.39, tool_torque, 0.959, -1.936, 0.452, joint_torque, -0.73, -0.1, -1.89, 2.54, -0.95, -2.26, 0.41, robot_mode, normal, 
08/06/2022 15:28:36:044, robot_pos, 1654698389011, 600.89, -167.75, 324.0, 2.36, 0.04, 3.09, circuit_pos, 599.69, -167.03, 324.58, 2.36, 0.03, 3.09, tool_force, -5.66, 1.79, 4.1, actual_rep, 2, curr_step, 0, track_size, 143, robot_vel, 32.24, joints_pos, -4.73, 42.65, -17.87, -76.88, 15.82, 59.65, 19.29, tool_torque, 0.543, -1.814, 0.252, joint_torque, -1.13, 1.2, -1.5, 1.8, -0.87, -2.31, 0.28, robot_mode, normal, 
