13/05/2022 14:24:36: File Created!
13/05/2022 14:24:36:511, robot_pos, 1652448165839, 612.89, 280.94, 203.76, 2.36, -0.03, 3.07, circuit_pos, 614.15, 276.57, 203.47, 2.36, -0.03, 3.07, tool_force, -0.3, -0.32, 1.69, actual_rep, 1, curr_step, 1, track_size, 99, robot_vel, 0.02, joints_pos, 34.59, 58.96, -19.36, -66.97, 24.2, 54.67, 55.66, tool_torque, -0.103, 0.119, 0.084, joint_torque, -0.33, 0.6, 0.07, 0.1, 0.12, -0.22, 0.11, robot_mode, normal, 
13/05/2022 14:24:36:662, robot_pos, 1652448165969, 612.96, 280.8, 203.72, 2.36, -0.03, 3.07, circuit_pos, 614.15, 276.57, 203.47, 2.36, -0.03, 3.07, tool_force, -1.04, -0.75, 5.15, actual_rep, 1, curr_step, 1, track_size, 99, robot_vel, 0.02, joints_pos, 34.57, 58.97, -19.36, -66.96, 24.2, 54.67, 55.67, tool_torque, -0.126, 0.216, 0.067, joint_torque, -0.71, 2.81, 0.23, -1.05, 0.1, -0.18, 0.11, robot_mode, normal, 
13/05/2022 14:24:36:785, robot_pos, 1652448166120, 614.75, 275.29, 203.04, 2.36, -0.03, 3.07, circuit_pos, 615.8, 269.32, 202.82, 2.35, -0.02, 3.08, tool_force, -0.48, 0.22, 5.16, actual_rep, 1, curr_step, 2, track_size, 99, robot_vel, 41.58, joints_pos, 34.11, 58.97, -19.36, -67.09, 24.12, 54.63, 55.38, tool_torque, 0.192, -0.077, 0.335, joint_torque, -0.1, 3.07, 0.33, -0.97, 0.11, -0.13, 0.33, robot_mode, normal, 
13/05/2022 14:24:36:939, robot_pos, 1652448166267, 615.72, 269.69, 202.57, 2.35, -0.02, 3.08, circuit_pos, 617.23, 260.65, 201.8, 2.34, -0.01, 3.09, tool_force, 0.39, 0.27, 4.92, actual_rep, 1, curr_step, 3, track_size, 99, robot_vel, 32.73, joints_pos, 33.77, 58.9, -19.36, -67.3, 23.36, 54.62, 55.69, tool_torque, 0.183, -0.111, 0.11, joint_torque, 0.53, 2.88, 0.52, -0.82, 0.13, -0.08, 0.04, robot_mode, normal, 
13/05/2022 14:24:37:084, robot_pos, 1652448166417, 616.78, 263.97, 201.93, 2.34, -0.02, 3.09, circuit_pos, 618.61, 250.37, 200.73, 2.34, -0.01, 3.1, tool_force, -0.21, 0.31, 4.95, actual_rep, 1, curr_step, 4, track_size, 99, robot_vel, 39.14, joints_pos, 33.4, 58.85, -19.36, -67.5, 22.8, 54.6, 55.91, tool_torque, 0.169, -0.0020, 0.101, joint_torque, 0.14, 2.88, 0.38, -0.85, 0.12, -0.08, 0.06, robot_mode, normal, 
13/05/2022 14:24:37:238, robot_pos, 1652448166567, 617.6, 258.11, 201.34, 2.34, -0.01, 3.09, circuit_pos, 618.61, 250.37, 200.73, 2.34, -0.01, 3.1, tool_force, 0.68, 0.61, 5.33, actual_rep, 1, curr_step, 4, track_size, 99, robot_vel, 38.17, joints_pos, 32.99, 58.79, -19.36, -67.73, 22.48, 54.66, 55.76, tool_torque, 0.172, -0.24, 0.308, joint_torque, 0.4, 2.91, 0.51, -0.84, 0.13, -0.2, 0.28, robot_mode, normal, 
13/05/2022 14:24:37:388, robot_pos, 1652448166717, 618.42, 252.46, 200.79, 2.34, -0.01, 3.1, circuit_pos, 619.55, 239.35, 199.74, 2.33, 0.0, 3.1, tool_force, 0.73, 0.51, 5.08, actual_rep, 1, curr_step, 5, track_size, 99, robot_vel, 37.9, joints_pos, 32.59, 58.72, -19.36, -67.98, 22.21, 54.63, 55.64, tool_torque, 0.255, -0.252, 0.355, joint_torque, 0.4, 3.09, 0.49, -0.9, 0.14, -0.13, 0.33, robot_mode, normal, 
13/05/2022 14:24:37:537, robot_pos, 1652448166865, 619.0, 246.69, 200.29, 2.33, -0.01, 3.1, circuit_pos, 619.55, 239.35, 199.74, 2.33, 0.0, 3.1, tool_force, 0.62, 0.89, 4.86, actual_rep, 1, curr_step, 5, track_size, 99, robot_vel, 39.15, joints_pos, 32.22, 58.56, -19.36, -68.39, 21.91, 54.36, 55.55, tool_torque, 0.377, -0.148, 0.363, joint_torque, 0.36, 3.06, 0.51, -0.86, 0.14, -0.02, 0.33, robot_mode, normal, 
13/05/2022 14:24:37:687, robot_pos, 1652448167015, 619.5, 240.88, 199.8, 2.33, 0.0, 3.1, circuit_pos, 619.98, 227.9, 199.03, 2.32, 0.0, 3.11, tool_force, 0.78, 0.86, 4.64, actual_rep, 1, curr_step, 6, track_size, 99, robot_vel, 41.53, joints_pos, 31.82, 58.42, -19.36, -68.77, 21.68, 54.17, 55.43, tool_torque, 0.359, -0.179, 0.354, joint_torque, 0.36, 2.66, 0.45, -0.78, 0.12, -0.04, 0.33, robot_mode, normal, 
13/05/2022 14:24:37:836, robot_pos, 1652448167163, 619.84, 235.08, 199.4, 2.33, 0.0, 3.11, circuit_pos, 619.98, 227.9, 199.03, 2.32, 0.0, 3.11, tool_force, 0.64, 0.96, 4.8, actual_rep, 1, curr_step, 6, track_size, 99, robot_vel, 39.7, joints_pos, 31.43, 58.3, -19.36, -69.09, 21.48, 54.14, 55.32, tool_torque, 0.368, -0.153, 0.353, joint_torque, 0.18, 2.96, 0.41, -0.85, 0.12, -0.04, 0.33, robot_mode, normal, 
13/05/2022 14:24:37:990, robot_pos, 1652448167313, 620.05, 229.34, 199.06, 2.32, 0.0, 3.11, circuit_pos, 619.92, 216.18, 198.76, 2.31, 0.0, 3.12, tool_force, 0.35, 0.81, 5.09, actual_rep, 1, curr_step, 7, track_size, 99, robot_vel, 38.03, joints_pos, 31.02, 58.16, -19.36, -69.44, 21.28, 54.13, 55.21, tool_torque, 0.317, -0.127, 0.34, joint_torque, 0.19, 2.83, 0.41, -0.8, 0.12, -0.07, 0.32, robot_mode, normal, 
13/05/2022 14:24:38:143, robot_pos, 1652448167461, 620.11, 223.52, 198.84, 2.32, 0.0, 3.11, circuit_pos, 619.92, 216.18, 198.76, 2.31, 0.0, 3.12, tool_force, 0.55, 0.78, 4.94, actual_rep, 1, curr_step, 7, track_size, 99, robot_vel, 38.67, joints_pos, 30.62, 58.01, -19.36, -69.79, 21.11, 54.13, 55.1, tool_torque, 0.318, -0.205, 0.355, joint_torque, 0.34, 2.85, 0.46, -0.82, 0.13, -0.08, 0.32, robot_mode, normal, 
13/05/2022 14:24:38:293, robot_pos, 1652448167610, 620.11, 217.69, 198.72, 2.31, 0.0, 3.12, circuit_pos, 619.33, 204.63, 198.88, 2.3, 0.01, 3.13, tool_force, 0.54, 0.72, 4.89, actual_rep, 1, curr_step, 8, track_size, 99, robot_vel, 37.62, joints_pos, 30.23, 57.84, -19.36, -70.16, 20.79, 54.14, 55.03, tool_torque, 0.298, -0.169, 0.319, joint_torque, 0.34, 2.88, 0.44, -0.85, 0.13, -0.08, 0.28, robot_mode, normal, 
13/05/2022 14:24:38:447, robot_pos, 1652448167759, 619.93, 211.89, 198.66, 2.31, 0.0, 3.12, circuit_pos, 619.33, 204.63, 198.88, 2.3, 0.01, 3.13, tool_force, 0.28, 0.81, 5.21, actual_rep, 1, curr_step, 8, track_size, 99, robot_vel, 40.53, joints_pos, 29.88, 57.65, -19.36, -70.57, 20.42, 54.02, 55.07, tool_torque, 0.315, -0.035, 0.254, joint_torque, 0.2, 2.87, 0.43, -0.79, 0.15, -0.03, 0.21, robot_mode, normal, 
13/05/2022 14:24:38:593, robot_pos, 1652448167909, 619.57, 206.03, 198.75, 2.3, 0.01, 3.13, circuit_pos, 618.07, 193.54, 199.34, 2.3, 0.0, 3.14, tool_force, 0.35, 0.74, 4.85, actual_rep, 1, curr_step, 9, track_size, 99, robot_vel, 36.92, joints_pos, 29.49, 57.43, -19.36, -71.0, 20.14, 54.03, 54.91, tool_torque, 0.301, -0.16, 0.338, joint_torque, 0.43, 3.04, 0.5, -0.87, 0.14, -0.1, 0.31, robot_mode, normal, 
13/05/2022 14:24:38:745, robot_pos, 1652448168059, 619.02, 200.26, 198.85, 2.3, 0.0, 3.13, circuit_pos, 618.07, 193.54, 199.34, 2.3, 0.0, 3.14, tool_force, 1.01, 0.56, 4.92, actual_rep, 1, curr_step, 9, track_size, 99, robot_vel, 41.17, joints_pos, 29.06, 57.22, -19.36, -71.41, 20.14, 54.14, 54.47, tool_torque, 0.153, -0.313, 0.37, joint_torque, 0.37, 2.67, 0.42, -0.79, 0.13, -0.23, 0.35, robot_mode, normal, 
13/05/2022 14:24:38:894, robot_pos, 1652448168207, 618.38, 194.46, 199.11, 2.3, 0.0, 3.14, circuit_pos, 616.29, 182.76, 200.06, 2.3, 0.0, -3.14, tool_force, 0.53, 0.86, 5.31, actual_rep, 1, curr_step, 10, track_size, 99, robot_vel, 41.95, joints_pos, 28.66, 56.99, -19.36, -71.84, 20.07, 54.2, 54.03, tool_torque, 0.21, -0.207, 0.357, joint_torque, 0.2, 2.8, 0.41, -0.79, 0.14, -0.19, 0.34, robot_mode, normal, 
13/05/2022 14:24:39:046, robot_pos, 1652448168358, 617.56, 188.5, 199.45, 2.3, 0.0, 3.14, circuit_pos, 616.29, 182.76, 200.06, 2.3, 0.0, -3.14, tool_force, 0.14, 0.53, 5.12, actual_rep, 1, curr_step, 10, track_size, 99, robot_vel, 38.22, joints_pos, 28.26, 56.7, -19.36, -72.38, 19.98, 54.11, 53.56, tool_torque, 0.3, -0.092, 0.339, joint_torque, 0.04, 2.75, 0.36, -0.72, 0.13, -0.07, 0.32, robot_mode, normal, 
13/05/2022 14:24:39:195, robot_pos, 1652448168506, 616.46, 182.82, 199.84, 2.3, 0.0, -3.14, circuit_pos, 613.82, 173.02, 200.94, 2.3, 0.0, -3.13, tool_force, 0.59, 0.96, 5.01, actual_rep, 1, curr_step, 11, track_size, 99, robot_vel, 37.62, joints_pos, 27.89, 56.42, -19.36, -72.91, 19.8, 54.11, 53.16, tool_torque, 0.401, -0.168, 0.379, joint_torque, 0.34, 3.14, 0.51, -0.89, 0.14, -0.06, 0.35, robot_mode, normal, 
13/05/2022 14:24:39:348, robot_pos, 1652448168657, 615.16, 177.0, 200.31, 2.3, 0.0, -3.13, circuit_pos, 610.26, 162.17, 202.23, 2.31, -0.01, -3.13, tool_force, 0.45, 0.78, 4.94, actual_rep, 1, curr_step, 12, track_size, 99, robot_vel, 40.06, joints_pos, 27.52, 56.1, -19.36, -73.46, 19.59, 54.11, 52.77, tool_torque, 0.33, -0.129, 0.365, joint_torque, 0.18, 2.82, 0.37, -0.87, 0.13, -0.06, 0.34, robot_mode, normal, 
13/05/2022 14:24:39:498, robot_pos, 1652448168804, 613.5, 171.31, 201.0, 2.3, 0.0, -3.13, circuit_pos, 610.26, 162.17, 202.23, 2.31, -0.01, -3.13, tool_force, -0.04, 1.28, 4.75, actual_rep, 1, curr_step, 12, track_size, 99, robot_vel, 38.23, joints_pos, 27.14, 55.72, -19.36, -74.13, 19.65, 54.03, 51.93, tool_torque, 0.449, -0.196, 0.32, joint_torque, 0.14, 1.91, 0.14, -0.08, -0.06, -0.15, 0.33, robot_mode, normal, 
13/05/2022 14:24:39:645, robot_pos, 1652448168955, 611.86, 165.39, 205.2, 2.31, 0.0, -3.13, circuit_pos, 606.79, 153.9, 203.36, 2.32, -0.02, -3.13, tool_force, 0.94, 0.93, -13.98, actual_rep, 1, curr_step, 13, track_size, 99, robot_vel, 54.21, joints_pos, 26.87, 54.97, -19.48, -74.91, 19.41, 53.95, 51.29, tool_torque, 0.431, -1.798, 0.201, joint_torque, 0.17, -9.31, -3.06, 5.85, -1.11, -1.17, 0.13, robot_mode, normal, 
13/05/2022 14:24:39:796, robot_pos, 1652448169102, 609.82, 159.42, 203.39, 2.31, -0.01, -3.13, circuit_pos, 606.79, 153.9, 203.36, 2.32, -0.02, -3.13, tool_force, -3.73, 3.57, 1.74, actual_rep, 1, curr_step, 13, track_size, 99, robot_vel, 41.81, joints_pos, 26.34, 54.83, -19.42, -75.55, 20.03, 53.91, 49.9, tool_torque, 0.504, -0.537, 0.152, joint_torque, -0.79, 0.9, -1.09, 1.22, -0.41, -0.71, 0.14, robot_mode, normal, 
13/05/2022 14:24:39:947, robot_pos, 1652448169253, 608.13, 153.96, 204.53, 2.32, -0.01, -3.13, circuit_pos, 603.97, 146.3, 204.51, 2.33, -0.02, -3.13, tool_force, 2.45, 0.45, -8.01, actual_rep, 1, curr_step, 14, track_size, 99, robot_vel, 36.66, joints_pos, 26.05, 54.41, -19.58, -76.2, 20.22, 53.81, 48.87, tool_torque, 0.658, -1.393, 0.424, joint_torque, 1.08, -6.69, -1.74, 4.03, -0.73, -0.59, 0.39, robot_mode, normal, 
13/05/2022 14:24:40:107, robot_pos, 1652448169405, 605.18, 147.83, 205.46, 2.33, -0.01, -3.13, circuit_pos, 601.01, 139.35, 205.37, 2.34, -0.02, -3.14, tool_force, -3.8, 3.16, -0.7, actual_rep, 1, curr_step, 15, track_size, 99, robot_vel, 54.01, joints_pos, 25.81, 53.89, -19.74, -77.22, 20.37, 53.41, 47.71, tool_torque, 0.514, -0.709, 0.116, joint_torque, -1.09, -0.3, -1.64, 1.82, -0.52, -0.82, 0.11, robot_mode, normal, 
13/05/2022 14:24:40:255, robot_pos, 1652448169555, 603.05, 142.08, 204.9, 2.34, -0.02, -3.13, circuit_pos, 597.41, 132.91, 205.91, 2.34, -0.01, 3.14, tool_force, -0.48, 1.2, 4.82, actual_rep, 1, curr_step, 16, track_size, 99, robot_vel, 40.4, joints_pos, 25.35, 53.51, -19.71, -78.06, 20.83, 52.92, 46.32, tool_torque, 0.599, -0.143, 0.366, joint_torque, 0.17, 2.54, 0.19, -0.49, 0.03, -0.01, 0.32, robot_mode, normal, 
13/05/2022 14:24:40:410, robot_pos, 1652448169705, 599.68, 136.2, 205.22, 2.34, -0.01, -3.14, circuit_pos, 593.12, 127.86, 206.25, 2.35, -0.01, 3.13, tool_force, 0.35, 0.46, 4.76, actual_rep, 1, curr_step, 17, track_size, 99, robot_vel, 44.44, joints_pos, 25.14, 52.89, -19.79, -79.31, 20.83, 51.88, 45.59, tool_torque, 0.466, -0.151, 0.323, joint_torque, 0.3, 2.45, 0.36, -0.72, 0.05, 0.01, 0.3, robot_mode, normal, 
13/05/2022 14:24:40:560, robot_pos, 1652448169855, 595.49, 130.55, 205.72, 2.35, -0.01, 3.14, circuit_pos, 588.4, 123.46, 206.41, 2.35, -0.01, 3.13, tool_force, 0.37, 0.83, 4.73, actual_rep, 1, curr_step, 18, track_size, 99, robot_vel, 47.05, joints_pos, 24.86, 52.14, -19.74, -80.74, 20.99, 50.79, 44.41, tool_torque, 0.574, -0.194, 0.353, joint_torque, 0.38, 2.79, 0.31, -0.52, 0.03, 0.0, 0.3, robot_mode, normal, 
13/05/2022 14:24:40:709, robot_pos, 1652448170003, 589.64, 124.84, 206.1, 2.35, -0.01, 3.13, circuit_pos, 582.86, 118.76, 206.76, 2.35, -0.02, 3.13, tool_force, -0.25, 1.2, 5.14, actual_rep, 1, curr_step, 19, track_size, 99, robot_vel, 56.75, joints_pos, 24.59, 51.33, -19.69, -82.32, 21.18, 49.97, 43.51, tool_torque, 0.631, -0.146, 0.346, joint_torque, 0.23, 2.82, 0.22, -0.71, 0.03, 0.03, 0.28, robot_mode, normal, 
13/05/2022 14:24:40:860, robot_pos, 1652448170155, 584.0, 119.7, 206.5, 2.35, -0.02, 3.13, circuit_pos, 577.4, 114.29, 207.37, 2.35, -0.02, 3.12, tool_force, -0.27, 0.51, 5.44, actual_rep, 1, curr_step, 20, track_size, 99, robot_vel, 51.7, joints_pos, 24.3, 50.61, -19.66, -83.69, 21.6, 49.48, 42.56, tool_torque, 0.601, -0.169, 0.356, joint_torque, 0.18, 2.55, 0.12, -0.56, 0.01, 0.03, 0.29, robot_mode, normal, 
13/05/2022 14:24:41:014, robot_pos, 1652448170303, 578.06, 114.96, 207.12, 2.35, -0.02, 3.12, circuit_pos, 572.02, 110.24, 208.21, 2.35, -0.02, 3.12, tool_force, -0.12, 0.41, 4.66, actual_rep, 1, curr_step, 21, track_size, 99, robot_vel, 52.26, joints_pos, 24.08, 49.77, -19.65, -85.27, 22.07, 48.6, 41.59, tool_torque, 0.583, -0.138, 0.356, joint_torque, 0.05, 2.83, 0.12, -0.84, 0.03, 0.03, 0.3, robot_mode, normal, 
13/05/2022 14:24:41:166, robot_pos, 1652448170454, 572.25, 110.79, 208.08, 2.35, -0.02, 3.12, circuit_pos, 566.75, 106.83, 209.31, 2.35, -0.02, 3.12, tool_force, -0.07, 1.03, 4.61, actual_rep, 1, curr_step, 22, track_size, 99, robot_vel, 47.43, joints_pos, 23.98, 49.01, -19.68, -86.62, 22.12, 47.98, 41.05, tool_torque, 0.603, -0.154, 0.338, joint_torque, 0.28, 2.98, 0.32, -0.83, 0.04, 0.03, 0.28, robot_mode, normal, 
13/05/2022 14:24:41:322, robot_pos, 1652448170605, 566.55, 106.98, 209.14, 2.35, -0.02, 3.12, circuit_pos, 561.73, 103.94, 210.6, 2.35, -0.01, 3.12, tool_force, -0.13, 0.52, 4.69, actual_rep, 1, curr_step, 23, track_size, 99, robot_vel, 46.7, joints_pos, 23.94, 48.22, -19.74, -88.02, 22.11, 47.22, 40.61, tool_torque, 0.479, -0.054, 0.298, joint_torque, 0.34, 2.6, 0.48, -0.65, 0.07, 0.05, 0.27, robot_mode, normal, 
13/05/2022 14:24:41:464, robot_pos, 1652448170754, 560.76, 103.97, 210.64, 2.35, -0.01, 3.12, circuit_pos, 552.75, 100.33, 213.06, 2.35, -0.01, 3.11, tool_force, -0.2, 0.75, 4.93, actual_rep, 1, curr_step, 25, track_size, 99, robot_vel, 56.85, joints_pos, 23.96, 47.36, -19.73, -89.47, 21.9, 46.23, 40.38, tool_torque, 0.459, -0.0030, 0.28, joint_torque, 0.17, 2.82, 0.42, -0.79, 0.09, 0.04, 0.25, robot_mode, normal, 
13/05/2022 14:24:41:615, robot_pos, 1652448170903, 554.69, 101.85, 212.33, 2.35, -0.01, 3.11, circuit_pos, 547.94, 99.45, 214.4, 2.35, -0.02, 3.11, tool_force, 0.11, 0.68, 4.46, actual_rep, 1, curr_step, 26, track_size, 99, robot_vel, 43.92, joints_pos, 23.9, 46.5, -19.63, -90.79, 22.1, 45.68, 39.93, tool_torque, 0.659, -0.216, 0.352, joint_torque, 0.27, 2.79, 0.18, -0.84, 0.04, 0.05, 0.27, robot_mode, normal, 
13/05/2022 14:24:41:791, robot_pos, 1652448171053, 549.21, 100.51, 213.69, 2.35, -0.02, 3.11, circuit_pos, 541.87, 99.37, 215.93, 2.35, -0.02, 3.11, tool_force, -0.4, 0.88, 4.6, actual_rep, 1, curr_step, 27, track_size, 99, robot_vel, 41.5, joints_pos, 23.9, 45.8, -19.58, -91.9, 22.33, 45.4, 39.53, tool_torque, 0.601, -0.125, 0.323, joint_torque, 0.11, 2.43, 0.1, -0.64, 0.04, 0.04, 0.26, robot_mode, normal, 
13/05/2022 14:24:41:915, robot_pos, 1652448171200, 543.33, 100.04, 215.24, 2.35, -0.02, 3.11, circuit_pos, 533.09, 100.96, 218.68, 2.35, -0.03, 3.11, tool_force, -0.88, 0.37, 4.98, actual_rep, 1, curr_step, 29, track_size, 99, robot_vel, 41.41, joints_pos, 24.02, 45.07, -19.52, -92.99, 22.35, 45.14, 39.39, tool_torque, 0.444, 0.038, 0.263, joint_torque, -0.21, 2.59, 0.09, -0.72, 0.04, 0.02, 0.25, robot_mode, normal, 
13/05/2022 14:24:42:073, robot_pos, 1652448171351, 537.65, 101.06, 217.18, 2.35, -0.03, 3.11, circuit_pos, 523.37, 106.24, 223.12, 2.35, -0.04, 3.1, tool_force, -1.47, -0.05, 5.01, actual_rep, 1, curr_step, 32, track_size, 99, robot_vel, 42.67, joints_pos, 24.12, 44.33, -19.32, -93.99, 22.51, 45.08, 39.27, tool_torque, 0.313, 0.192, 0.21, joint_torque, -0.55, 2.52, 0.01, -0.73, 0.03, 0.04, 0.23, robot_mode, normal, 
13/05/2022 14:24:42:227, robot_pos, 1652448171500, 531.88, 103.31, 219.51, 2.35, -0.04, 3.11, circuit_pos, 518.08, 110.8, 225.78, 2.36, -0.05, 3.1, tool_force, -1.17, 0.12, 4.86, actual_rep, 1, curr_step, 34, track_size, 99, robot_vel, 46.41, joints_pos, 24.33, 43.49, -19.1, -95.05, 22.78, 44.87, 39.11, tool_torque, 0.37, 0.173, 0.218, joint_torque, -0.44, 2.63, 0.07, -0.63, 0.02, 0.02, 0.23, robot_mode, normal, 
13/05/2022 14:24:42:374, robot_pos, 1652448171651, 526.1, 106.82, 221.92, 2.35, -0.04, 3.1, circuit_pos, 508.92, 119.92, 228.16, 2.37, -0.06, 3.1, tool_force, -1.58, 0.38, 5.29, actual_rep, 1, curr_step, 37, track_size, 99, robot_vel, 48.67, joints_pos, 24.72, 42.77, -18.95, -95.94, 22.9, 44.77, 39.1, tool_torque, 0.329, 0.237, 0.148, joint_torque, -0.49, 2.69, 0.04, -0.68, 0.02, 0.04, 0.16, robot_mode, normal, 
13/05/2022 14:24:42:520, robot_pos, 1652448171802, 520.19, 111.3, 223.97, 2.36, -0.05, 3.1, circuit_pos, 508.92, 119.92, 228.16, 2.37, -0.06, 3.1, tool_force, -1.09, 0.01, 5.37, actual_rep, 1, curr_step, 37, track_size, 99, robot_vel, 48.88, joints_pos, 25.3, 42.09, -18.91, -96.81, 23.1, 44.72, 39.1, tool_torque, 0.292, 0.177, 0.149, joint_torque, -0.43, 2.4, -0.01, -0.66, 0.01, 0.0, 0.15, robot_mode, normal, 
13/05/2022 14:24:42:672, robot_pos, 1652448171952, 514.52, 115.97, 225.88, 2.36, -0.05, 3.1, circuit_pos, 508.92, 119.92, 228.16, 2.37, -0.06, 3.1, tool_force, -1.22, 0.29, 5.41, actual_rep, 1, curr_step, 37, track_size, 99, robot_vel, 54.37, joints_pos, 25.92, 41.47, -18.91, -97.62, 23.36, 44.76, 39.09, tool_torque, 0.274, 0.036, 0.189, joint_torque, -0.18, 2.45, 0.18, -0.58, 0.02, -0.11, 0.21, robot_mode, normal, 
13/05/2022 14:24:42:827, robot_pos, 1652448172104, 508.66, 120.74, 227.45, 2.37, -0.06, 3.1, circuit_pos, 501.06, 127.92, 228.67, 2.38, -0.07, 3.1, tool_force, -1.49, 0.14, 5.49, actual_rep, 1, curr_step, 39, track_size, 99, robot_vel, 52.96, joints_pos, 26.59, 40.86, -18.9, -98.47, 23.64, 44.64, 39.17, tool_torque, 0.228, 0.224, 0.072, joint_torque, -0.4, 2.42, 0.02, -0.54, 0.02, -0.02, 0.04, robot_mode, normal, 
13/05/2022 14:24:42:975, robot_pos, 1652448172255, 502.9, 126.65, 228.12, 2.38, -0.07, 3.1, circuit_pos, 497.75, 131.87, 229.05, 2.38, -0.06, 3.1, tool_force, -0.94, -0.05, 5.43, actual_rep, 1, curr_step, 40, track_size, 99, robot_vel, 54.74, joints_pos, 27.33, 40.44, -18.87, -99.14, 23.93, 44.7, 39.09, tool_torque, 0.198, 0.052, 0.151, joint_torque, -0.34, 2.48, -0.02, -0.57, 0.02, -0.15, 0.16, robot_mode, normal, 
13/05/2022 14:24:43:126, robot_pos, 1652448172405, 498.16, 132.25, 228.45, 2.38, -0.06, 3.1, circuit_pos, 491.33, 140.66, 229.82, 2.38, -0.06, 3.09, tool_force, -1.13, -0.06, 5.49, actual_rep, 1, curr_step, 42, track_size, 99, robot_vel, 48.57, joints_pos, 28.21, 40.06, -18.93, -99.8, 23.89, 44.26, 39.65, tool_torque, 0.146, 0.272, -0.029, joint_torque, 0.09, 2.68, 0.48, -0.77, 0.1, 0.05, -0.07, robot_mode, normal, 
13/05/2022 14:24:43:274, robot_pos, 1652448172555, 494.0, 138.24, 229.16, 2.38, -0.06, 3.1, circuit_pos, 488.14, 145.72, 230.36, 2.37, -0.06, 3.09, tool_force, -1.28, 0.04, 5.29, actual_rep, 1, curr_step, 43, track_size, 99, robot_vel, 45.96, joints_pos, 29.08, 39.68, -18.99, -100.39, 24.0, 43.69, 40.23, tool_torque, 0.123, 0.382, -0.046, joint_torque, -0.31, 2.68, 0.25, -0.61, 0.04, 0.05, -0.05, robot_mode, normal, 
13/05/2022 14:24:43:426, robot_pos, 1652448172707, 490.22, 143.78, 229.81, 2.37, -0.06, 3.09, circuit_pos, 485.37, 150.81, 230.98, 2.37, -0.06, 3.09, tool_force, -1.65, 0.2, 5.44, actual_rep, 1, curr_step, 44, track_size, 99, robot_vel, 45.6, joints_pos, 29.81, 39.34, -19.0, -100.89, 24.3, 43.29, 40.98, tool_torque, 0.119, 0.42, -0.088, joint_torque, -0.34, 2.48, 0.24, -0.48, 0.03, 0.02, -0.08, robot_mode, normal, 
13/05/2022 14:24:43:576, robot_pos, 1652448172857, 486.89, 149.69, 230.38, 2.37, -0.06, 3.09, circuit_pos, 483.04, 156.04, 231.64, 2.37, -0.06, 3.09, tool_force, -1.49, -0.06, 5.5, actual_rep, 1, curr_step, 45, track_size, 99, robot_vel, 45.69, joints_pos, 30.57, 39.12, -19.0, -101.19, 24.3, 43.12, 41.77, tool_torque, 0.099, 0.425, -0.089, joint_torque, -0.39, 2.35, 0.21, -0.6, 0.04, 0.05, -0.09, robot_mode, normal, 
13/05/2022 14:24:43:730, robot_pos, 1652448173007, 484.4, 155.6, 231.18, 2.37, -0.06, 3.09, circuit_pos, 480.96, 161.51, 232.39, 2.37, -0.06, 3.08, tool_force, -1.13, -0.11, 4.93, actual_rep, 1, curr_step, 46, track_size, 99, robot_vel, 40.78, joints_pos, 31.3, 38.92, -18.99, -101.39, 24.4, 42.94, 42.45, tool_torque, 0.131, 0.364, -0.07, joint_torque, -0.23, 2.28, 0.25, -0.56, 0.03, 0.06, -0.07, robot_mode, normal, 
13/05/2022 14:24:43:918, robot_pos, 1652448173158, 481.92, 161.21, 231.88, 2.37, -0.06, 3.08, circuit_pos, 478.97, 167.29, 233.08, 2.37, -0.06, 3.08, tool_force, -1.68, -0.04, 5.49, actual_rep, 1, curr_step, 47, track_size, 99, robot_vel, 45.35, joints_pos, 31.97, 38.73, -18.99, -101.61, 24.69, 42.64, 42.87, tool_torque, 0.117, 0.454, -0.082, joint_torque, -0.51, 2.65, 0.14, -0.6, 0.02, 0.03, -0.07, robot_mode, normal, 
13/05/2022 14:24:44:030, robot_pos, 1652448173309, 479.88, 167.09, 232.46, 2.37, -0.06, 3.08, circuit_pos, 477.2, 172.62, 233.55, 2.37, -0.06, 3.08, tool_force, -1.43, 0.02, 5.4, actual_rep, 1, curr_step, 48, track_size, 99, robot_vel, 40.71, joints_pos, 32.67, 38.63, -18.99, -101.67, 24.72, 42.55, 43.54, tool_torque, 0.15, 0.332, -0.067, joint_torque, -0.17, 2.54, 0.3, -0.63, 0.03, 0.03, -0.08, robot_mode, normal, 
13/05/2022 14:24:44:185, robot_pos, 1652448173462, 477.94, 172.92, 233.06, 2.37, -0.06, 3.08, circuit_pos, 475.44, 178.11, 233.97, 2.37, -0.06, 3.08, tool_force, -1.51, -0.18, 5.23, actual_rep, 1, curr_step, 49, track_size, 99, robot_vel, 40.81, joints_pos, 33.38, 38.56, -18.99, -101.68, 24.72, 42.51, 44.25, tool_torque, 0.125, 0.363, -0.066, joint_torque, -0.24, 2.44, 0.28, -0.57, 0.04, 0.03, -0.08, robot_mode, normal, 
13/05/2022 14:24:44:331, robot_pos, 1652448173612, 476.06, 178.74, 233.5, 2.37, -0.06, 3.08, circuit_pos, 474.0, 183.53, 234.35, 2.37, -0.06, 3.08, tool_force, -1.27, -0.41, 5.45, actual_rep, 1, curr_step, 50, track_size, 99, robot_vel, 47.29, joints_pos, 34.06, 38.52, -19.01, -101.67, 24.72, 42.48, 44.93, tool_torque, 0.039, 0.386, -0.075, joint_torque, -0.45, 2.56, 0.2, -0.74, 0.04, 0.01, -0.06, robot_mode, normal, 
13/05/2022 14:24:44:493, robot_pos, 1652448173762, 474.55, 184.6, 233.99, 2.37, -0.06, 3.08, circuit_pos, 472.12, 194.89, 235.39, 2.36, -0.06, 3.08, tool_force, -1.37, -0.75, 5.54, actual_rep, 1, curr_step, 52, track_size, 99, robot_vel, 45.68, joints_pos, 34.74, 38.51, -19.01, -101.58, 24.72, 42.48, 45.9, tool_torque, -0.0070, 0.365, -0.077, joint_torque, -0.27, 2.5, 0.38, -0.78, 0.05, 0.0, -0.06, robot_mode, normal, 
13/05/2022 14:24:44:633, robot_pos, 1652448173913, 473.37, 190.18, 234.56, 2.36, -0.06, 3.08, circuit_pos, 472.04, 200.86, 236.12, 2.35, -0.06, 3.08, tool_force, -1.34, -0.84, 5.91, actual_rep, 1, curr_step, 53, track_size, 99, robot_vel, 37.99, joints_pos, 35.38, 38.52, -19.03, -101.43, 24.66, 42.49, 46.79, tool_torque, -0.078, 0.292, -0.077, joint_torque, -0.2, 2.47, 0.4, -0.82, 0.07, -0.07, -0.07, robot_mode, normal, 
13/05/2022 14:24:44:792, robot_pos, 1652448174066, 472.79, 196.13, 235.09, 2.36, -0.06, 3.08, circuit_pos, 472.65, 206.71, 236.9, 2.35, -0.05, 3.07, tool_force, -0.95, -1.23, 5.64, actual_rep, 1, curr_step, 54, track_size, 99, robot_vel, 38.91, joints_pos, 36.01, 38.61, -19.03, -101.14, 24.62, 42.58, 47.91, tool_torque, -0.289, 0.23, -0.114, joint_torque, -0.17, 2.29, 0.37, -0.87, 0.08, -0.19, -0.11, robot_mode, normal, 
13/05/2022 14:24:44:935, robot_pos, 1652448174214, 472.95, 201.83, 235.85, 2.35, -0.06, 3.08, circuit_pos, 474.04, 212.37, 237.73, 2.34, -0.05, 3.07, tool_force, -0.93, -1.22, 5.05, actual_rep, 1, curr_step, 55, track_size, 99, robot_vel, 37.45, joints_pos, 36.6, 38.68, -19.04, -100.84, 24.51, 42.42, 48.8, tool_torque, -0.153, 0.428, -0.123, joint_torque, -0.42, 2.24, 0.26, -0.86, 0.09, 0.0, -0.11, robot_mode, normal, 
13/05/2022 14:24:45:086, robot_pos, 1652448174365, 473.37, 207.59, 236.69, 2.35, -0.05, 3.07, circuit_pos, 475.9, 217.82, 238.46, 2.34, -0.05, 3.07, tool_force, -0.74, -1.2, 5.39, actual_rep, 1, curr_step, 56, track_size, 99, robot_vel, 39.62, joints_pos, 37.2, 38.78, -19.07, -100.49, 24.41, 42.27, 49.9, tool_torque, -0.175, 0.355, -0.115, joint_torque, -0.25, 2.29, 0.41, -0.79, 0.09, -0.08, -0.1, robot_mode, normal, 
13/05/2022 14:24:45:233, robot_pos, 1652448174513, 474.8, 213.37, 237.35, 2.34, -0.05, 3.07, circuit_pos, 477.68, 222.3, 238.92, 2.33, -0.04, 3.06, tool_force, -0.61, -1.35, 5.82, actual_rep, 1, curr_step, 57, track_size, 99, robot_vel, 39.4, joints_pos, 37.69, 39.04, -19.08, -99.85, 24.29, 42.46, 50.79, tool_torque, -0.354, 0.327, -0.116, joint_torque, -0.45, 2.47, 0.28, -0.92, 0.1, -0.21, -0.09, robot_mode, normal, 
13/05/2022 14:24:45:383, robot_pos, 1652448174665, 476.97, 219.11, 237.97, 2.34, -0.05, 3.06, circuit_pos, 480.57, 228.14, 239.39, 2.32, -0.04, 3.06, tool_force, -0.78, -0.87, 5.39, actual_rep, 1, curr_step, 58, track_size, 99, robot_vel, 42.22, joints_pos, 38.17, 39.32, -19.1, -99.22, 24.15, 42.31, 51.98, tool_torque, -0.138, 0.451, -0.124, joint_torque, -0.4, 2.46, 0.36, -0.97, 0.11, -0.01, -0.11, robot_mode, normal, 
13/05/2022 14:24:45:539, robot_pos, 1652448174815, 479.25, 224.89, 238.56, 2.33, -0.04, 3.06, circuit_pos, 483.28, 232.74, 239.56, 2.32, -0.04, 3.06, tool_force, -1.0, -1.27, 5.7, actual_rep, 1, curr_step, 59, track_size, 99, robot_vel, 40.73, joints_pos, 38.64, 39.65, -19.14, -98.47, 24.0, 42.36, 53.22, tool_torque, -0.265, 0.427, -0.108, joint_torque, -0.46, 2.43, 0.34, -0.96, 0.11, -0.11, -0.07, robot_mode, normal, 
13/05/2022 14:24:45:688, robot_pos, 1652448174965, 482.39, 230.66, 238.91, 2.32, -0.04, 3.06, circuit_pos, 486.23, 237.14, 239.56, 2.31, -0.03, 3.05, tool_force, -0.78, -1.77, 5.72, actual_rep, 1, curr_step, 60, track_size, 99, robot_vel, 45.71, joints_pos, 38.98, 40.11, -19.14, -97.55, 23.91, 42.61, 54.14, tool_torque, -0.302, 0.312, -0.088, joint_torque, -0.31, 2.22, 0.37, -0.89, 0.12, -0.17, -0.06, robot_mode, normal, 
13/05/2022 14:24:45:839, robot_pos, 1652448175116, 486.01, 236.49, 239.04, 2.31, -0.03, 3.05, circuit_pos, 489.33, 241.33, 239.48, 2.31, -0.03, 3.05, tool_force, -0.32, -1.26, 5.17, actual_rep, 1, curr_step, 61, track_size, 99, robot_vel, 58.11, joints_pos, 39.39, 40.56, -19.16, -96.69, 23.65, 42.35, 55.28, tool_torque, -0.142, 0.353, -0.082, joint_torque, -0.14, 2.42, 0.51, -1.03, 0.12, -0.02, -0.07, robot_mode, normal, 
13/05/2022 14:24:45:989, robot_pos, 1652448175266, 490.29, 242.19, 238.92, 2.31, -0.03, 3.05, circuit_pos, 497.75, 251.1, 238.0, 2.29, -0.02, 3.06, tool_force, -0.66, -1.38, 5.39, actual_rep, 1, curr_step, 64, track_size, 99, robot_vel, 48.38, joints_pos, 39.66, 41.19, -19.2, -95.51, 23.58, 42.7, 56.34, tool_torque, -0.362, 0.369, -0.113, joint_torque, -0.49, 2.55, 0.35, -1.04, 0.11, -0.21, -0.08, robot_mode, normal, 
13/05/2022 14:24:46:138, robot_pos, 1652448175416, 495.57, 248.0, 238.1, 2.3, -0.03, 3.05, circuit_pos, 502.72, 255.49, 237.33, 2.29, -0.02, 3.06, tool_force, -0.52, -1.25, 5.82, actual_rep, 1, curr_step, 66, track_size, 99, robot_vel, 51.44, joints_pos, 39.93, 42.05, -19.23, -94.07, 22.93, 43.32, 57.86, tool_torque, -0.337, 0.297, -0.1, joint_torque, -0.34, 2.65, 0.4, -1.05, 0.11, -0.24, -0.07, robot_mode, normal, 
13/05/2022 14:24:46:292, robot_pos, 1652448175567, 501.51, 253.55, 237.55, 2.29, -0.02, 3.06, circuit_pos, 508.3, 259.25, 237.85, 2.28, -0.02, 3.06, tool_force, -0.74, -1.43, 5.58, actual_rep, 1, curr_step, 69, track_size, 99, robot_vel, 50.88, joints_pos, 40.06, 42.95, -19.27, -92.47, 22.64, 44.06, 58.93, tool_torque, -0.369, 0.368, -0.108, joint_torque, -0.51, 2.51, 0.35, -0.89, 0.12, -0.26, -0.07, robot_mode, normal, 
13/05/2022 14:24:46:439, robot_pos, 1652448175717, 507.3, 257.99, 237.6, 2.28, -0.02, 3.06, circuit_pos, 510.53, 260.4, 238.15, 2.28, -0.02, 3.07, tool_force, -0.27, -1.25, 5.19, actual_rep, 1, curr_step, 71, track_size, 99, robot_vel, 50.28, joints_pos, 40.11, 43.68, -19.32, -91.08, 22.45, 44.7, 59.87, tool_torque, -0.367, 0.252, -0.098, joint_torque, -0.25, 2.49, 0.44, -1.06, 0.12, -0.25, -0.08, robot_mode, normal, 
13/05/2022 14:24:46:591, robot_pos, 1652448175866, 510.33, 259.58, 237.58, 2.28, -0.02, 3.07, circuit_pos, 511.76, 260.09, 238.09, 2.28, -0.02, 3.07, tool_force, -0.65, -1.18, 5.68, actual_rep, 1, curr_step, 74, track_size, 99, robot_vel, 25.23, joints_pos, 40.13, 44.19, -19.44, -90.12, 21.98, 45.71, 60.49, tool_torque, -0.296, 0.3, -0.084, joint_torque, -0.41, 2.71, 0.41, -0.99, 0.12, -0.24, -0.06, robot_mode, normal, 
13/05/2022 14:24:46:738, robot_pos, 1652448176014, 511.25, 260.14, 237.6, 2.28, -0.02, 3.06, circuit_pos, 511.54, 259.9, 237.89, 2.28, -0.02, 3.07, tool_force, 0.03, -0.02, 5.34, actual_rep, 1, curr_step, 76, track_size, 99, robot_vel, 2.16, joints_pos, 40.1, 44.21, -19.4, -90.1, 22.1, 45.39, 60.48, tool_torque, 0.225, -0.03, 0.179, joint_torque, -0.12, 2.88, 0.35, -0.95, 0.06, -0.02, 0.2, robot_mode, normal, 
13/05/2022 14:24:46:897, robot_pos, 1652448176165, 511.86, 259.95, 237.76, 2.28, -0.02, 3.07, circuit_pos, 511.79, 260.02, 238.44, 2.28, -0.01, 3.07, tool_force, 0.24, -1.1, 5.35, actual_rep, 1, curr_step, 79, track_size, 99, robot_vel, 10.07, joints_pos, 40.09, 44.32, -19.46, -89.85, 21.93, 45.82, 60.59, tool_torque, -0.162, 0.0030, 0.047, joint_torque, -0.07, 2.62, 0.38, -0.98, 0.1, -0.21, 0.02, robot_mode, normal, 
13/05/2022 14:24:47:041, robot_pos, 1652448176317, 512.31, 260.1, 238.06, 2.28, -0.01, 3.07, circuit_pos, 511.9, 260.12, 238.46, 2.28, -0.01, 3.06, tool_force, -0.99, -0.31, 5.66, actual_rep, 1, curr_step, 81, track_size, 99, robot_vel, 4.09, joints_pos, 40.24, 44.31, -19.52, -89.83, 21.25, 45.57, 61.16, tool_torque, 0.05, 0.423, -0.08, joint_torque, -0.5, 2.68, 0.32, -0.85, 0.11, 0.0, -0.06, robot_mode, normal, 
13/05/2022 14:24:47:195, robot_pos, 1652448176466, 511.97, 260.26, 238.07, 2.28, -0.01, 3.06, circuit_pos, 512.03, 260.26, 238.11, 2.28, -0.01, 3.07, tool_force, 0.82, 0.18, 4.89, actual_rep, 1, curr_step, 84, track_size, 99, robot_vel, 3.45, joints_pos, 40.18, 44.19, -19.42, -90.04, 21.61, 45.14, 60.91, tool_torque, 0.358, -0.358, 0.35, joint_torque, 0.11, 2.54, 0.2, -0.85, 0.03, -0.03, 0.32, robot_mode, normal, 
13/05/2022 14:24:47:342, robot_pos, 1652448176616, 512.2, 260.33, 237.83, 2.28, -0.01, 3.07, circuit_pos, 512.02, 260.28, 238.05, 2.28, -0.02, 3.07, tool_force, 0.23, -0.94, 5.51, actual_rep, 1, curr_step, 86, track_size, 99, robot_vel, 4.9, joints_pos, 40.23, 44.34, -19.46, -89.8, 21.2, 45.6, 61.22, tool_torque, -0.115, 0.023, 0.032, joint_torque, -0.1, 2.6, 0.33, -0.9, 0.11, -0.2, 0.0, robot_mode, normal, 
13/05/2022 14:24:47:495, robot_pos, 1652448176769, 512.19, 260.68, 237.85, 2.28, -0.02, 3.07, circuit_pos, 512.03, 260.28, 238.03, 2.28, -0.02, 3.07, tool_force, 1.99, -0.48, 4.69, actual_rep, 1, curr_step, 89, track_size, 99, robot_vel, 3.78, joints_pos, 40.07, 44.36, -19.38, -89.73, 21.84, 45.88, 60.81, tool_torque, 0.119, -0.659, 0.39, joint_torque, 0.5, 2.43, 0.29, -0.88, 0.03, -0.24, 0.35, robot_mode, normal, 
13/05/2022 14:24:47:643, robot_pos, 1652448176917, 512.34, 260.48, 237.77, 2.28, -0.02, 3.07, circuit_pos, 512.04, 260.28, 238.03, 2.28, -0.01, 3.07, tool_force, 1.13, -0.51, 4.79, actual_rep, 1, curr_step, 91, track_size, 99, robot_vel, 3.57, joints_pos, 40.08, 44.37, -19.42, -89.74, 21.82, 45.82, 60.74, tool_torque, 0.165, -0.256, 0.279, joint_torque, 0.14, 2.44, 0.32, -0.87, 0.09, -0.07, 0.24, robot_mode, normal, 
13/05/2022 14:24:47:794, robot_pos, 1652448177068, 512.21, 260.65, 237.79, 2.28, -0.01, 3.07, circuit_pos, 512.04, 260.29, 238.03, 2.28, -0.01, 3.07, tool_force, 0.53, -0.24, 5.12, actual_rep, 1, curr_step, 94, track_size, 99, robot_vel, 2.45, joints_pos, 40.3, 44.37, -19.53, -89.77, 21.24, 45.65, 61.25, tool_torque, 0.084, 0.073, 0.014, joint_torque, 0.26, 2.56, 0.65, -0.85, 0.11, -0.03, 0.01, robot_mode, normal, 
13/05/2022 14:24:47:943, robot_pos, 1652448177217, 512.28, 260.53, 237.79, 2.28, -0.01, 3.07, circuit_pos, 512.04, 260.29, 238.03, 2.28, -0.01, 3.07, tool_force, 0.55, -0.34, 4.92, actual_rep, 1, curr_step, 96, track_size, 99, robot_vel, 0.63, joints_pos, 40.26, 44.37, -19.49, -89.77, 21.26, 45.65, 61.23, tool_torque, 0.178, -0.122, 0.183, joint_torque, 0.07, 2.55, 0.33, -0.88, 0.08, -0.04, 0.16, robot_mode, normal, 
13/05/2022 14:24:48:093, robot_pos, 1652448177367, 512.33, 260.48, 237.8, 2.28, -0.01, 3.07, circuit_pos, 512.04, 260.29, 238.03, 2.28, -0.01, 3.07, tool_force, 0.54, -0.09, 5.03, actual_rep, 1, curr_step, 98, track_size, 99, robot_vel, 1.16, joints_pos, 40.24, 44.36, -19.49, -89.77, 21.25, 45.64, 61.23, tool_torque, 0.216, -0.17, 0.211, joint_torque, 0.05, 2.63, 0.27, -0.87, 0.08, -0.05, 0.17, robot_mode, normal, 
13/05/2022 14:24:48:247, robot_pos, 1652448177518, 512.33, 260.48, 237.79, 2.28, -0.01, 3.07, circuit_pos, 512.04, 260.29, 238.03, 2.28, -0.01, 3.07, tool_force, 0.44, -0.14, 5.01, actual_rep, 1, curr_step, 96, track_size, 99, robot_vel, 0.09, joints_pos, 40.25, 44.36, -19.49, -89.77, 21.25, 45.64, 61.22, tool_torque, 0.195, -0.137, 0.197, joint_torque, 0.01, 2.59, 0.26, -0.87, 0.08, -0.05, 0.16, robot_mode, normal, 
13/05/2022 14:24:48:397, robot_pos, 1652448177670, 512.27, 260.5, 237.79, 2.28, -0.01, 3.07, circuit_pos, 512.04, 260.29, 238.03, 2.28, -0.01, 3.07, tool_force, 0.69, -0.42, 4.79, actual_rep, 1, curr_step, 93, track_size, 99, robot_vel, 0.68, joints_pos, 40.25, 44.36, -19.49, -89.77, 21.25, 45.64, 61.23, tool_torque, 0.154, -0.141, 0.178, joint_torque, 0.17, 2.41, 0.37, -0.82, 0.09, -0.04, 0.14, robot_mode, normal, 
13/05/2022 14:24:48:552, robot_pos, 1652448177820, 512.6, 260.02, 239.91, 2.28, -0.01, 3.07, circuit_pos, 512.04, 260.28, 238.03, 2.28, -0.01, 3.07, tool_force, -3.05, 0.8, -3.72, actual_rep, 1, curr_step, 91, track_size, 99, robot_vel, 13.11, joints_pos, 40.33, 44.17, -19.64, -89.78, 21.05, 45.74, 61.28, tool_torque, -0.176, -0.52, -0.259, joint_torque, -1.93, -2.37, -2.37, 2.34, -0.69, -0.92, -0.24, robot_mode, normal, 
13/05/2022 14:24:48:698, robot_pos, 1652448177967, 512.39, 260.58, 237.92, 2.28, -0.01, 3.07, circuit_pos, 512.03, 260.28, 238.03, 2.28, -0.02, 3.07, tool_force, 1.06, 0.28, 4.28, actual_rep, 1, curr_step, 89, track_size, 99, robot_vel, 23.39, joints_pos, 40.25, 44.36, -19.48, -89.74, 21.23, 45.66, 61.22, tool_torque, 0.367, -0.527, 0.245, joint_torque, 0.23, 2.26, -0.02, -0.53, -0.07, -0.11, 0.17, robot_mode, normal, 
13/05/2022 14:24:48:853, robot_pos, 1652448178119, 513.5, 259.46, 240.78, 2.28, -0.01, 3.07, circuit_pos, 512.02, 260.28, 238.05, 2.28, -0.02, 3.07, tool_force, -8.89, 3.02, -4.34, actual_rep, 1, curr_step, 86, track_size, 99, robot_vel, 31.18, joints_pos, 40.13, 44.19, -19.65, -89.59, 21.54, 46.19, 60.87, tool_torque, 0.035, -1.146, -0.054, joint_torque, -5.36, -2.02, -5.58, 3.08, -1.31, -1.59, -0.05, robot_mode, normal, 
13/05/2022 14:24:49:030, robot_pos, 1652448178265, 513.53, 260.67, 237.95, 2.28, -0.02, 3.07, circuit_pos, 512.03, 260.26, 238.11, 2.28, -0.01, 3.07, tool_force, 1.09, 1.78, -2.11, actual_rep, 1, curr_step, 84, track_size, 99, robot_vel, 23.06, joints_pos, 39.98, 44.45, -19.4, -89.52, 21.88, 45.89, 60.59, tool_torque, 0.387, -1.355, 0.243, joint_torque, 0.0, -3.09, -1.7, 2.84, -0.59, -0.76, 0.11, robot_mode, normal, 
13/05/2022 14:24:49:152, robot_pos, 1652448178416, 512.79, 259.78, 238.71, 2.28, -0.01, 3.07, circuit_pos, 511.9, 260.12, 238.46, 2.28, -0.01, 3.06, tool_force, -7.37, 3.16, 5.96, actual_rep, 1, curr_step, 81, track_size, 99, robot_vel, 25.95, joints_pos, 40.27, 44.31, -19.57, -89.75, 21.04, 45.65, 61.32, tool_torque, 0.169, -0.07, -0.224, joint_torque, -3.48, 2.93, -2.59, 0.44, -0.54, -0.78, -0.22, robot_mode, normal, 
13/05/2022 14:24:49:303, robot_pos, 1652448178563, 514.19, 260.09, 241.55, 2.28, -0.01, 3.06, circuit_pos, 511.79, 260.02, 238.44, 2.28, -0.01, 3.07, tool_force, -6.51, 7.06, -9.98, actual_rep, 1, curr_step, 79, track_size, 99, robot_vel, 50.53, joints_pos, 40.27, 44.06, -19.69, -89.67, 21.25, 45.58, 61.02, tool_torque, 0.167, -1.141, -0.312, joint_torque, -3.38, -6.3, -4.66, 6.62, -1.31, -1.91, -0.29, robot_mode, normal, 
13/05/2022 14:24:49:451, robot_pos, 1652448178714, 512.42, 260.31, 237.64, 2.28, -0.01, 3.07, circuit_pos, 511.54, 259.9, 237.89, 2.28, -0.02, 3.07, tool_force, 2.1, -0.18, 2.24, actual_rep, 1, curr_step, 76, track_size, 99, robot_vel, 54.39, joints_pos, 40.15, 44.33, -19.41, -89.83, 21.46, 45.46, 61.0, tool_torque, 0.203, -1.089, 0.453, joint_torque, 0.88, -0.21, -0.29, 0.93, -0.19, -0.51, 0.33, robot_mode, normal, 
13/05/2022 14:24:49:631, robot_pos, 1652448178861, 512.98, 259.49, 239.1, 2.28, -0.01, 3.07, circuit_pos, 511.76, 260.09, 238.09, 2.28, -0.02, 3.07, tool_force, -9.44, 4.21, 3.91, actual_rep, 1, curr_step, 74, track_size, 99, robot_vel, 34.19, joints_pos, 40.08, 44.31, -19.51, -89.67, 21.53, 46.01, 60.88, tool_torque, 0.104, -0.582, -0.105, joint_torque, -3.64, 2.08, -3.32, 1.24, -0.77, -1.22, -0.11, robot_mode, normal, 
13/05/2022 14:24:49:752, robot_pos, 1652448179011, 513.36, 260.09, 239.13, 2.28, -0.02, 3.07, circuit_pos, 511.3, 260.41, 238.2, 2.28, -0.02, 3.06, tool_force, -1.88, 2.28, -2.11, actual_rep, 1, curr_step, 72, track_size, 99, robot_vel, 20.69, joints_pos, 39.97, 44.28, -19.4, -89.63, 21.86, 45.92, 60.58, tool_torque, 0.204, -0.779, 0.114, joint_torque, -1.52, -1.43, -2.18, 2.25, -0.5, -0.83, 0.06, robot_mode, normal, 
13/05/2022 14:24:49:943, robot_pos, 1652448179165, 511.04, 260.44, 237.87, 2.28, -0.02, 3.06, circuit_pos, 508.3, 259.25, 237.85, 2.28, -0.02, 3.06, tool_force, 0.6, 0.36, 4.94, actual_rep, 1, curr_step, 69, track_size, 99, robot_vel, 28.47, joints_pos, 40.02, 44.13, -19.24, -90.14, 22.07, 45.32, 60.55, tool_torque, 0.299, -0.383, 0.323, joint_torque, 0.1, 2.24, 0.12, -0.64, 0.03, -0.1, 0.29, robot_mode, normal, 
13/05/2022 14:24:50:056, robot_pos, 1652448179308, 508.77, 259.56, 237.3, 2.28, -0.02, 3.06, circuit_pos, 504.74, 257.03, 237.39, 2.29, -0.02, 3.06, tool_force, 0.55, 0.94, 4.99, actual_rep, 1, curr_step, 67, track_size, 99, robot_vel, 18.96, joints_pos, 40.17, 43.95, -19.32, -90.63, 22.05, 45.1, 60.57, tool_torque, 0.404, -0.127, 0.267, joint_torque, 0.08, 3.01, 0.47, -0.83, 0.06, 0.04, 0.28, robot_mode, normal, 
13/05/2022 14:24:50:204, robot_pos, 1652448179456, 504.27, 256.64, 237.48, 2.29, -0.02, 3.06, circuit_pos, 497.75, 251.1, 238.0, 2.29, -0.02, 3.06, tool_force, -0.17, 1.22, 5.47, actual_rep, 1, curr_step, 64, track_size, 99, robot_vel, 34.21, joints_pos, 40.23, 43.36, -19.34, -91.74, 22.17, 44.54, 59.77, tool_torque, 0.481, 0.012, 0.337, joint_torque, -0.44, 2.99, 0.24, -0.73, 0.03, 0.03, 0.4, robot_mode, normal, 
13/05/2022 14:24:50:353, robot_pos, 1652448179607, 499.08, 252.23, 237.89, 2.29, -0.02, 3.06, circuit_pos, 492.39, 245.1, 239.19, 2.3, -0.03, 3.05, tool_force, 0.09, 0.04, 4.28, actual_rep, 1, curr_step, 62, track_size, 99, robot_vel, 51.07, joints_pos, 40.21, 42.6, -19.34, -93.1, 22.34, 43.83, 59.04, tool_torque, 0.371, -0.111, 0.347, joint_torque, -0.28, 2.08, 0.11, -0.62, 0.02, 0.05, 0.39, robot_mode, normal, 
13/05/2022 14:24:50:509, robot_pos, 1652448179756, 493.97, 246.23, 238.44, 2.3, -0.03, 3.05, circuit_pos, 486.23, 237.14, 239.56, 2.31, -0.03, 3.05, tool_force, 0.69, 0.77, 5.22, actual_rep, 1, curr_step, 60, track_size, 99, robot_vel, 54.51, joints_pos, 39.95, 41.76, -19.35, -94.61, 23.16, 43.11, 57.35, tool_torque, 0.56, -0.34, 0.418, joint_torque, 0.08, 3.03, 0.3, -0.93, 0.02, 0.06, 0.41, robot_mode, normal, 
13/05/2022 14:24:50:657, robot_pos, 1652448179904, 489.28, 240.75, 239.04, 2.3, -0.03, 3.05, circuit_pos, 483.28, 232.74, 239.56, 2.32, -0.04, 3.06, tool_force, 1.0, 0.5, 4.49, actual_rep, 1, curr_step, 59, track_size, 99, robot_vel, 55.2, joints_pos, 39.79, 41.02, -19.38, -95.9, 23.3, 42.62, 56.43, tool_torque, 0.555, -0.318, 0.42, joint_torque, 0.12, 2.81, 0.34, -0.85, 0.02, 0.08, 0.43, robot_mode, normal, 
13/05/2022 14:24:50:811, robot_pos, 1652448180053, 484.75, 234.91, 239.24, 2.31, -0.04, 3.06, circuit_pos, 480.57, 228.14, 239.39, 2.32, -0.04, 3.06, tool_force, 1.08, 0.46, 5.49, actual_rep, 1, curr_step, 58, track_size, 99, robot_vel, 49.39, joints_pos, 39.5, 40.45, -19.44, -96.93, 23.7, 42.75, 55.03, tool_torque, 0.308, -0.478, 0.39, joint_torque, 0.35, 2.74, 0.44, -0.78, 0.03, -0.2, 0.39, robot_mode, normal, 
13/05/2022 14:24:50:961, robot_pos, 1652448180203, 481.9, 229.15, 238.94, 2.32, -0.04, 3.06, circuit_pos, 477.68, 222.3, 238.92, 2.33, -0.04, 3.06, tool_force, 1.23, 0.29, 4.42, actual_rep, 1, curr_step, 57, track_size, 99, robot_vel, 42.65, joints_pos, 39.15, 40.02, -19.47, -97.82, 23.9, 42.63, 53.99, tool_torque, 0.479, -0.453, 0.402, joint_torque, 0.44, 2.38, 0.39, -0.68, 0.04, 0.0, 0.37, robot_mode, normal, 
13/05/2022 14:24:51:108, robot_pos, 1652448180350, 478.73, 223.38, 238.82, 2.33, -0.04, 3.06, circuit_pos, 474.04, 212.37, 237.73, 2.34, -0.05, 3.07, tool_force, 0.63, 0.66, 4.92, actual_rep, 1, curr_step, 55, track_size, 99, robot_vel, 48.51, joints_pos, 38.87, 39.56, -19.55, -98.74, 24.07, 42.36, 52.8, tool_torque, 0.531, -0.324, 0.374, joint_torque, 0.32, 2.39, 0.41, -0.67, 0.03, 0.0, 0.37, robot_mode, normal, 
13/05/2022 14:24:51:266, robot_pos, 1652448180502, 476.66, 217.48, 238.05, 2.33, -0.05, 3.07, circuit_pos, 474.04, 212.37, 237.73, 2.34, -0.05, 3.07, tool_force, 0.61, 0.61, 5.33, actual_rep, 1, curr_step, 55, track_size, 99, robot_vel, 41.05, joints_pos, 38.37, 39.31, -19.56, -99.36, 24.32, 42.57, 51.69, tool_torque, 0.363, -0.378, 0.37, joint_torque, 0.15, 2.63, 0.29, -0.6, 0.03, -0.16, 0.37, robot_mode, normal, 
13/05/2022 14:24:51:561, robot_pos, 1652448180798, 473.18, 206.04, 236.71, 2.35, -0.05, 3.08, circuit_pos, 472.04, 200.86, 236.12, 2.35, -0.06, 3.08, tool_force, 1.17, 0.59, 5.15, actual_rep, 1, curr_step, 53, track_size, 99, robot_vel, 51.04, joints_pos, 37.44, 38.81, -19.58, -100.59, 24.63, 42.5, 49.52, tool_torque, 0.394, -0.452, 0.362, joint_torque, 0.42, 2.46, 0.4, -0.66, 0.02, -0.16, 0.35, robot_mode, normal, 
13/05/2022 14:24:51:713, robot_pos, 1652448180948, 472.94, 200.2, 235.85, 2.35, -0.06, 3.08, circuit_pos, 472.12, 194.89, 235.39, 2.36, -0.06, 3.08, tool_force, 0.53, 0.76, 5.4, actual_rep, 1, curr_step, 52, track_size, 99, robot_vel, 40.03, joints_pos, 36.86, 38.75, -19.6, -100.9, 24.79, 42.69, 48.38, tool_torque, 0.356, -0.355, 0.332, joint_torque, 0.28, 2.49, 0.4, -0.51, 0.02, -0.2, 0.34, robot_mode, normal, 
13/05/2022 14:24:51:868, robot_pos, 1652448181098, 472.96, 194.33, 235.31, 2.36, -0.06, 3.08, circuit_pos, 472.86, 188.82, 234.79, 2.36, -0.06, 3.08, tool_force, 0.36, 0.76, 5.09, actual_rep, 1, curr_step, 51, track_size, 99, robot_vel, 39.45, joints_pos, 36.28, 38.63, -19.63, -101.24, 24.88, 42.67, 47.42, tool_torque, 0.454, -0.302, 0.341, joint_torque, 0.25, 2.5, 0.39, -0.59, 0.03, -0.09, 0.33, robot_mode, normal, 
13/05/2022 14:24:52:011, robot_pos, 1652448181245, 473.57, 188.66, 234.72, 2.36, -0.06, 3.08, circuit_pos, 474.0, 183.53, 234.35, 2.37, -0.06, 3.08, tool_force, 0.67, 0.87, 5.02, actual_rep, 1, curr_step, 50, track_size, 99, robot_vel, 38.6, joints_pos, 35.71, 38.58, -19.66, -101.49, 24.97, 42.62, 46.34, tool_torque, 0.517, -0.294, 0.344, joint_torque, 0.34, 2.43, 0.4, -0.56, 0.02, -0.05, 0.33, robot_mode, normal, 
13/05/2022 14:24:52:164, robot_pos, 1652448181395, 474.7, 182.84, 234.23, 2.37, -0.06, 3.08, circuit_pos, 477.2, 172.62, 233.55, 2.37, -0.06, 3.08, tool_force, 0.28, 0.97, 5.04, actual_rep, 1, curr_step, 48, track_size, 99, robot_vel, 38.93, joints_pos, 35.07, 38.55, -19.69, -101.65, 25.06, 42.62, 45.36, tool_torque, 0.524, -0.167, 0.325, joint_torque, 0.06, 2.48, 0.27, -0.53, 0.02, -0.02, 0.33, robot_mode, normal, 
13/05/2022 14:24:52:316, robot_pos, 1652448181542, 476.2, 177.02, 233.81, 2.37, -0.06, 3.08, circuit_pos, 478.97, 167.29, 233.08, 2.37, -0.06, 3.08, tool_force, 0.07, 0.88, 5.03, actual_rep, 1, curr_step, 47, track_size, 99, robot_vel, 41.56, joints_pos, 34.4, 38.55, -19.7, -101.74, 25.12, 42.6, 44.54, tool_torque, 0.509, -0.178, 0.311, joint_torque, 0.2, 2.48, 0.39, -0.56, 0.02, -0.02, 0.31, robot_mode, normal, 
13/05/2022 14:24:52:463, robot_pos, 1652448181694, 477.96, 171.19, 233.32, 2.37, -0.06, 3.08, circuit_pos, 480.96, 161.51, 232.39, 2.37, -0.06, 3.08, tool_force, 0.02, 0.52, 4.78, actual_rep, 1, curr_step, 46, track_size, 99, robot_vel, 50.5, joints_pos, 33.73, 38.59, -19.7, -101.78, 25.17, 42.6, 43.78, tool_torque, 0.5, -0.207, 0.32, joint_torque, 0.33, 2.35, 0.39, -0.57, 0.02, -0.02, 0.31, robot_mode, normal, 
13/05/2022 14:24:52:616, robot_pos, 1652448181841, 479.84, 165.46, 232.7, 2.37, -0.06, 3.08, circuit_pos, 483.04, 156.04, 231.64, 2.37, -0.06, 3.09, tool_force, 0.35, 0.54, 4.83, actual_rep, 1, curr_step, 45, track_size, 99, robot_vel, 42.61, joints_pos, 33.03, 38.66, -19.7, -101.79, 25.25, 42.6, 43.01, tool_torque, 0.473, -0.183, 0.317, joint_torque, 0.17, 2.33, 0.33, -0.61, 0.02, -0.03, 0.32, robot_mode, normal, 
13/05/2022 14:24:52:765, robot_pos, 1652448181991, 480.64, 159.7, 231.69, 2.37, -0.06, 3.09, circuit_pos, 485.37, 150.81, 230.98, 2.37, -0.06, 3.09, tool_force, 10.79, -8.93, 2.54, actual_rep, 1, curr_step, 44, track_size, 99, robot_vel, 42.6, joints_pos, 32.45, 38.72, -19.72, -101.9, 25.08, 42.68, 42.5, tool_torque, -0.582, -1.471, 0.272, joint_torque, 2.95, 1.18, 2.35, -4.58, -0.04, 0.29, 0.28, robot_mode, normal, 
13/05/2022 14:24:52:918, robot_pos, 1652448182140, 481.07, 154.13, 232.32, 2.37, -0.05, 3.09, circuit_pos, 485.37, 150.81, 230.98, 2.37, -0.06, 3.09, tool_force, 10.57, -6.52, 2.16, actual_rep, 1, curr_step, 44, track_size, 99, robot_vel, 33.11, joints_pos, 32.04, 38.51, -19.85, -102.18, 24.73, 42.36, 42.18, tool_torque, -0.269, -1.19, 0.285, joint_torque, 2.48, 1.14, 1.83, -2.71, 0.02, 0.08, 0.3, robot_mode, normal, 
13/05/2022 14:24:53:073, robot_pos, 1652448182289, 486.59, 148.21, 230.7, 2.37, -0.06, 3.09, circuit_pos, 491.33, 140.66, 229.82, 2.38, -0.06, 3.09, tool_force, 0.09, 0.24, 5.99, actual_rep, 1, curr_step, 42, track_size, 99, robot_vel, 58.59, joints_pos, 31.01, 39.17, -19.81, -101.31, 24.94, 43.11, 41.19, tool_torque, 0.284, -0.321, 0.318, joint_torque, 0.07, 2.68, 0.2, -0.83, 0.04, -0.22, 0.29, robot_mode, normal, 
13/05/2022 14:24:53:223, robot_pos, 1652448182439, 488.77, 142.89, 229.62, 2.38, -0.06, 3.09, circuit_pos, 494.57, 136.11, 229.4, 2.38, -0.06, 3.1, tool_force, 17.94, -11.25, 1.18, actual_rep, 1, curr_step, 41, track_size, 99, robot_vel, 37.61, joints_pos, 30.29, 39.32, -19.7, -101.2, 24.92, 43.26, 40.19, tool_torque, -0.489, -2.021, 0.274, joint_torque, 5.94, 0.67, 4.65, -6.25, 0.0, 0.92, 0.25, robot_mode, normal, 
13/05/2022 14:24:53:367, robot_pos, 1652448182587, 490.3, 137.3, 230.6, 2.38, -0.05, 3.1, circuit_pos, 497.75, 131.87, 229.05, 2.38, -0.06, 3.1, tool_force, 13.92, -7.95, 2.13, actual_rep, 1, curr_step, 40, track_size, 99, robot_vel, 32.14, joints_pos, 29.94, 39.27, -19.93, -101.13, 24.22, 43.37, 40.12, tool_torque, -0.435, -1.223, 0.2, joint_torque, 3.16, 1.0, 2.54, -3.78, 0.06, 0.35, 0.22, robot_mode, normal, 
13/05/2022 14:24:53:519, robot_pos, 1652448182736, 497.41, 132.54, 228.84, 2.38, -0.06, 3.1, circuit_pos, 501.06, 127.92, 228.67, 2.38, -0.07, 3.1, tool_force, 0.67, -0.88, 5.14, actual_rep, 1, curr_step, 39, track_size, 99, robot_vel, 61.63, joints_pos, 29.0, 40.11, -19.88, -99.91, 24.33, 44.26, 39.41, tool_torque, 0.158, -0.399, 0.309, joint_torque, 0.11, 2.26, 0.2, -0.82, 0.04, -0.28, 0.28, robot_mode, normal, 
13/05/2022 14:24:53:670, robot_pos, 1652448182884, 501.88, 126.87, 228.34, 2.37, -0.07, 3.1, circuit_pos, 508.92, 119.92, 228.16, 2.37, -0.06, 3.1, tool_force, 10.13, -6.18, 2.48, actual_rep, 1, curr_step, 37, track_size, 99, robot_vel, 60.48, joints_pos, 28.06, 40.47, -19.79, -99.32, 24.7, 44.74, 38.71, tool_torque, -0.263, -1.017, 0.222, joint_torque, 3.28, 1.08, 2.88, -4.34, 0.03, 0.75, 0.25, robot_mode, normal, 
13/05/2022 14:24:53:820, robot_pos, 1652448183034, 504.63, 121.54, 229.32, 2.37, -0.05, 3.1, circuit_pos, 512.54, 116.38, 227.7, 2.37, -0.05, 3.1, tool_force, 12.1, -6.05, 3.59, actual_rep, 1, curr_step, 36, track_size, 99, robot_vel, 27.56, joints_pos, 27.66, 40.43, -19.96, -99.21, 24.26, 44.32, 38.74, tool_torque, -0.216, -0.814, 0.144, joint_torque, 2.96, 1.23, 2.55, -3.51, 0.09, 0.51, 0.18, robot_mode, normal, 
13/05/2022 14:24:53:973, robot_pos, 1652448183184, 512.28, 116.52, 227.24, 2.37, -0.05, 3.1, circuit_pos, 518.08, 110.8, 225.78, 2.36, -0.05, 3.1, tool_force, 0.64, -1.73, 4.65, actual_rep, 1, curr_step, 34, track_size, 99, robot_vel, 71.97, joints_pos, 26.82, 41.29, -19.93, -98.01, 24.07, 44.66, 38.46, tool_torque, -0.038, -0.171, 0.17, joint_torque, -0.11, 2.41, 0.14, -1.13, 0.1, -0.17, 0.11, robot_mode, normal, 
13/05/2022 14:24:54:119, robot_pos, 1652448183332, 515.48, 112.14, 225.76, 2.36, -0.05, 3.1, circuit_pos, 526.1, 104.32, 221.72, 2.35, -0.04, 3.1, tool_force, 16.82, -9.39, 2.22, actual_rep, 1, curr_step, 31, track_size, 99, robot_vel, 48.2, joints_pos, 26.25, 41.59, -19.86, -97.73, 24.06, 44.35, 38.42, tool_torque, -0.104, -1.23, 0.254, joint_torque, 4.23, 1.8, 3.23, -4.98, 0.12, 0.95, 0.19, robot_mode, normal, 
13/05/2022 14:24:54:279, robot_pos, 1652448183482, 522.24, 107.2, 223.06, 2.36, -0.04, 3.1, circuit_pos, 533.09, 100.96, 218.68, 2.35, -0.03, 3.11, tool_force, 8.68, -6.27, 3.73, actual_rep, 1, curr_step, 29, track_size, 99, robot_vel, 53.92, joints_pos, 25.48, 42.49, -19.84, -96.56, 23.92, 44.81, 38.33, tool_torque, -0.376, -0.775, 0.154, joint_torque, 2.44, 1.79, 2.36, -4.07, 0.09, 0.61, 0.15, robot_mode, normal, 
13/05/2022 14:24:54:423, robot_pos, 1652448183631, 526.99, 104.54, 221.36, 2.35, -0.03, 3.1, circuit_pos, 547.94, 99.45, 214.4, 2.35, -0.02, 3.11, tool_force, 6.72, -3.82, 3.92, actual_rep, 1, curr_step, 26, track_size, 99, robot_vel, 35.77, joints_pos, 25.21, 43.0, -19.89, -95.87, 23.32, 44.48, 38.76, tool_torque, -0.125, -0.517, 0.055, joint_torque, 1.43, 2.05, 1.18, -2.21, 0.1, 0.17, 0.0, robot_mode, normal, 
13/05/2022 14:24:54:584, robot_pos, 1652448183781, 533.68, 103.31, 218.07, 2.35, -0.03, 3.11, circuit_pos, 547.94, 99.45, 214.4, 2.35, -0.02, 3.11, tool_force, 15.33, -9.75, 4.11, actual_rep, 1, curr_step, 26, track_size, 99, robot_vel, 69.86, joints_pos, 24.7, 44.02, -19.72, -94.58, 23.22, 45.07, 38.76, tool_torque, -0.441, -1.282, 0.099, joint_torque, 5.43, 2.7, 4.51, -6.96, 0.2, 1.43, 0.0, robot_mode, normal, 
13/05/2022 14:24:54:723, robot_pos, 1652448183928, 538.1, 101.6, 217.79, 2.35, -0.02, 3.11, circuit_pos, 547.94, 99.45, 214.4, 2.35, -0.02, 3.11, tool_force, 4.87, -4.57, 3.95, actual_rep, 1, curr_step, 26, track_size, 99, robot_vel, 17.61, joints_pos, 24.6, 44.34, -19.86, -93.99, 22.82, 44.63, 39.09, tool_torque, -0.267, -0.173, 0.0050, joint_torque, 0.58, 2.01, 0.82, -2.02, 0.08, 0.13, 0.0, robot_mode, normal, 
13/05/2022 14:24:54:878, robot_pos, 1652448184078, 546.93, 100.46, 214.52, 2.35, -0.02, 3.11, circuit_pos, 552.75, 100.33, 213.06, 2.35, -0.01, 3.11, tool_force, -0.74, -0.8, 6.21, actual_rep, 1, curr_step, 25, track_size, 99, robot_vel, 75.62, joints_pos, 24.05, 45.57, -19.76, -92.25, 22.79, 45.36, 39.08, tool_torque, -0.0050, -0.036, 0.069, joint_torque, -0.33, 2.91, 0.06, -0.96, 0.09, -0.2, 0.0, robot_mode, normal, 
13/05/2022 14:24:55:027, robot_pos, 1652448184225, 552.48, 101.26, 213.24, 2.35, -0.01, 3.11, circuit_pos, 561.73, 103.94, 210.6, 2.35, -0.01, 3.12, tool_force, 0.73, -1.24, 4.67, actual_rep, 1, curr_step, 23, track_size, 99, robot_vel, 34.2, joints_pos, 23.99, 46.22, -19.75, -91.21, 22.41, 45.48, 39.55, tool_torque, -0.034, -0.316, 0.028, joint_torque, 0.4, 2.23, 0.26, -0.82, 0.12, -0.25, -0.1, robot_mode, normal, 
13/05/2022 14:24:55:182, robot_pos, 1652448184376, 558.45, 102.87, 211.51, 2.35, -0.01, 3.12, circuit_pos, 566.75, 106.83, 209.31, 2.35, -0.02, 3.12, tool_force, 0.58, -1.14, 5.36, actual_rep, 1, curr_step, 22, track_size, 99, robot_vel, 47.22, joints_pos, 23.96, 47.06, -19.77, -89.89, 22.05, 46.09, 40.09, tool_torque, -0.098, -0.242, 0.013, joint_torque, 0.21, 2.62, 0.28, -0.89, 0.12, -0.28, -0.09, robot_mode, normal, 
13/05/2022 14:24:55:357, robot_pos, 1652448184550, 565.45, 106.18, 209.75, 2.35, -0.02, 3.12, circuit_pos, 572.02, 110.24, 208.21, 2.35, -0.02, 3.12, tool_force, -0.06, -1.22, 5.5, actual_rep, 1, curr_step, 21, track_size, 99, robot_vel, 44.53, joints_pos, 23.87, 48.04, -19.67, -88.25, 22.1, 47.01, 40.48, tool_torque, -0.043, -0.268, 0.022, joint_torque, -0.02, 2.55, 0.04, -0.85, 0.05, -0.29, -0.09, robot_mode, normal, 
13/05/2022 14:24:55:478, robot_pos, 1652448184674, 570.05, 108.97, 208.73, 2.35, -0.02, 3.12, circuit_pos, 577.4, 114.29, 207.37, 2.35, -0.02, 3.12, tool_force, 0.08, -1.08, 5.48, actual_rep, 1, curr_step, 20, track_size, 99, robot_vel, 45.35, joints_pos, 23.86, 48.66, -19.59, -87.16, 22.14, 47.55, 40.76, tool_torque, -0.096, -0.272, -0.023, joint_torque, 0.03, 2.49, 0.11, -0.9, 0.05, -0.3, -0.12, robot_mode, normal, 
13/05/2022 14:24:55:632, robot_pos, 1652448184822, 575.8, 113.1, 207.63, 2.35, -0.02, 3.12, circuit_pos, 582.86, 118.76, 206.76, 2.35, -0.02, 3.13, tool_force, -0.55, -1.01, 4.95, actual_rep, 1, curr_step, 19, track_size, 99, robot_vel, 48.1, joints_pos, 23.91, 49.44, -19.51, -85.77, 22.14, 48.22, 41.26, tool_torque, -0.139, -0.111, -0.042, joint_torque, -0.3, 2.86, 0.08, -1.0, 0.06, -0.3, -0.1, robot_mode, normal, 
13/05/2022 14:24:55:809, robot_pos, 1652448184973, 581.79, 117.58, 206.87, 2.35, -0.02, 3.13, circuit_pos, 588.4, 123.46, 206.41, 2.35, -0.01, 3.13, tool_force, -1.04, -1.41, 5.9, actual_rep, 1, curr_step, 18, track_size, 99, robot_vel, 48.61, joints_pos, 24.1, 50.29, -19.54, -84.18, 21.73, 49.16, 42.14, tool_torque, -0.252, 0.039, -0.063, joint_torque, -0.26, 2.7, 0.27, -1.02, 0.11, -0.27, -0.1, robot_mode, normal, 
13/05/2022 14:24:55:932, robot_pos, 1652448185122, 587.52, 122.6, 206.37, 2.35, -0.01, 3.13, circuit_pos, 593.12, 127.86, 206.25, 2.35, -0.01, 3.13, tool_force, -0.45, -1.38, 4.99, actual_rep, 1, curr_step, 17, track_size, 99, robot_vel, 58.45, joints_pos, 24.35, 51.0, -19.52, -82.83, 21.32, 49.61, 43.01, tool_torque, -0.273, -0.023, -0.045, joint_torque, -0.31, 2.69, 0.22, -0.97, 0.11, -0.28, -0.08, robot_mode, normal, 
13/05/2022 14:24:56:086, robot_pos, 1652448185271, 592.96, 127.94, 206.0, 2.35, -0.01, 3.13, circuit_pos, 597.41, 132.91, 205.91, 2.34, -0.01, 3.14, tool_force, -0.81, -0.93, 5.68, actual_rep, 1, curr_step, 16, track_size, 99, robot_vel, 53.48, joints_pos, 24.56, 51.76, -19.47, -81.36, 21.02, 50.38, 44.06, tool_torque, -0.225, 0.026, -0.038, joint_torque, -0.34, 2.49, 0.16, -1.0, 0.13, -0.28, -0.08, robot_mode, normal, 
13/05/2022 14:24:56:232, robot_pos, 1652448185418, 597.59, 133.88, 205.54, 2.34, -0.01, 3.14, circuit_pos, 601.01, 139.35, 205.37, 2.34, -0.02, -3.14, tool_force, -0.46, -0.97, 5.08, actual_rep, 1, curr_step, 15, track_size, 99, robot_vel, 49.06, joints_pos, 24.83, 52.5, -19.43, -79.91, 20.68, 51.4, 45.18, tool_torque, -0.183, -0.075, -0.014, joint_torque, -0.21, 2.49, 0.14, -0.91, 0.1, -0.29, -0.07, robot_mode, normal, 
13/05/2022 14:24:56:386, robot_pos, 1652448185569, 600.61, 139.58, 204.92, 2.34, -0.02, -3.14, circuit_pos, 603.97, 146.3, 204.51, 2.33, -0.02, -3.13, tool_force, -0.35, -1.32, 5.25, actual_rep, 1, curr_step, 14, track_size, 99, robot_vel, 43.6, joints_pos, 25.07, 53.1, -19.35, -78.76, 20.66, 52.27, 46.06, tool_torque, -0.21, -0.069, -0.012, joint_torque, -0.26, 2.84, 0.15, -1.02, 0.1, -0.29, -0.06, robot_mode, normal, 
13/05/2022 14:24:56:541, robot_pos, 1652448185721, 603.43, 145.63, 204.31, 2.33, -0.02, -3.13, circuit_pos, 606.79, 153.9, 203.36, 2.32, -0.02, -3.13, tool_force, -0.45, -0.75, 5.3, actual_rep, 1, curr_step, 13, track_size, 99, robot_vel, 46.6, joints_pos, 25.44, 53.69, -19.35, -77.69, 20.48, 53.01, 47.25, tool_torque, -0.222, -0.0050, -0.043, joint_torque, -0.29, 2.72, 0.2, -1.01, 0.12, -0.29, -0.09, robot_mode, normal, 
13/05/2022 14:24:56:689, robot_pos, 1652448185870, 605.7, 151.33, 203.58, 2.32, -0.02, -3.13, circuit_pos, 610.26, 162.17, 202.23, 2.31, -0.01, -3.13, tool_force, -0.31, -1.09, 4.9, actual_rep, 1, curr_step, 12, track_size, 99, robot_vel, 40.6, joints_pos, 25.79, 54.17, -19.36, -76.84, 20.47, 53.42, 48.23, tool_torque, -0.259, 0.035, -0.072, joint_torque, -0.22, 2.51, 0.26, -0.96, 0.12, -0.27, -0.1, robot_mode, normal, 
13/05/2022 14:24:56:836, robot_pos, 1652448186017, 608.1, 157.07, 202.75, 2.32, -0.01, -3.13, circuit_pos, 613.82, 173.02, 200.94, 2.3, 0.0, -3.13, tool_force, -0.35, -0.96, 5.12, actual_rep, 1, curr_step, 11, track_size, 99, robot_vel, 50.74, joints_pos, 26.21, 54.64, -19.39, -76.03, 20.24, 53.61, 49.38, tool_torque, -0.253, 0.061, -0.077, joint_torque, -0.29, 2.65, 0.3, -0.99, 0.14, -0.27, -0.1, robot_mode, normal, 
13/05/2022 14:24:56:991, robot_pos, 1652448186167, 610.28, 162.89, 202.03, 2.31, -0.01, -3.13, circuit_pos, 613.82, 173.02, 200.94, 2.3, 0.0, -3.13, tool_force, -0.54, -1.04, 5.05, actual_rep, 1, curr_step, 11, track_size, 99, robot_vel, 41.71, joints_pos, 26.62, 55.09, -19.41, -75.24, 20.02, 53.79, 50.47, tool_torque, -0.278, 0.135, -0.078, joint_torque, -0.37, 2.58, 0.36, -0.97, 0.14, -0.25, -0.08, robot_mode, normal, 
13/05/2022 14:24:57:135, robot_pos, 1652448186314, 612.19, 168.6, 201.37, 2.31, 0.0, -3.13, circuit_pos, 616.29, 182.76, 200.06, 2.3, 0.0, -3.14, tool_force, -0.1, -1.11, 5.08, actual_rep, 1, curr_step, 10, track_size, 99, robot_vel, 38.85, joints_pos, 27.03, 55.5, -19.41, -74.52, 19.76, 53.91, 51.56, tool_torque, -0.237, 0.046, -0.06, joint_torque, -0.14, 2.75, 0.43, -1.02, 0.14, -0.26, -0.09, robot_mode, normal, 
13/05/2022 14:24:57:289, robot_pos, 1652448186464, 613.87, 174.39, 200.78, 2.3, 0.0, -3.13, circuit_pos, 616.29, 182.76, 200.06, 2.3, 0.0, -3.14, tool_force, -0.73, -1.02, 5.21, actual_rep, 1, curr_step, 10, track_size, 99, robot_vel, 39.81, joints_pos, 27.36, 55.85, -19.33, -73.88, 19.72, 53.95, 52.25, tool_torque, -0.18, 0.073, -0.069, joint_torque, -0.46, 2.81, 0.13, -1.04, 0.09, -0.24, -0.1, robot_mode, normal, 
13/05/2022 14:24:57:439, robot_pos, 1652448186612, 615.34, 180.12, 200.21, 2.3, 0.0, -3.14, circuit_pos, 618.07, 193.54, 199.34, 2.3, 0.0, 3.14, tool_force, -0.21, -0.83, 5.2, actual_rep, 1, curr_step, 9, track_size, 99, robot_vel, 38.58, joints_pos, 27.69, 56.19, -19.25, -73.27, 19.77, 54.01, 52.82, tool_torque, -0.123, -0.056, -0.022, joint_torque, -0.23, 2.81, 0.2, -1.04, 0.06, -0.25, -0.06, robot_mode, normal, 
13/05/2022 14:24:57:589, robot_pos, 1652448186761, 616.46, 185.93, 199.78, 2.3, 0.0, -3.14, circuit_pos, 618.07, 193.54, 199.34, 2.3, 0.0, 3.14, tool_force, -0.25, -1.03, 5.06, actual_rep, 1, curr_step, 9, track_size, 99, robot_vel, 40.66, joints_pos, 28.07, 56.5, -19.25, -72.69, 19.85, 54.11, 53.37, tool_torque, -0.195, -0.042, -0.042, joint_torque, -0.28, 2.61, 0.19, -1.03, 0.04, -0.25, -0.06, robot_mode, normal, 
13/05/2022 14:24:57:741, robot_pos, 1652448186910, 617.62, 191.75, 199.41, 2.3, 0.0, 3.14, circuit_pos, 619.33, 204.63, 198.88, 2.3, 0.01, 3.13, tool_force, -0.51, -1.06, 4.79, actual_rep, 1, curr_step, 8, track_size, 99, robot_vel, 40.85, joints_pos, 28.46, 56.82, -19.25, -72.11, 19.89, 54.19, 53.9, tool_torque, -0.1, 0.096, -0.049, joint_torque, -0.56, 2.81, 0.12, -1.04, 0.04, -0.19, -0.06, robot_mode, normal, 
13/05/2022 14:24:57:892, robot_pos, 1652448187059, 618.47, 197.65, 199.09, 2.3, 0.0, 3.14, circuit_pos, 619.33, 204.63, 198.88, 2.3, 0.01, 3.13, tool_force, -0.46, -0.48, 4.75, actual_rep, 1, curr_step, 8, track_size, 99, robot_vel, 38.96, joints_pos, 28.9, 57.06, -19.28, -71.66, 19.88, 54.02, 54.47, tool_torque, 0.027, 0.15, -0.067, joint_torque, -0.29, 2.67, 0.29, -1.04, 0.05, -0.05, -0.08, robot_mode, normal, 
13/05/2022 14:24:58:044, robot_pos, 1652448187210, 619.02, 203.46, 198.87, 2.3, 0.01, 3.13, circuit_pos, 619.92, 216.18, 198.76, 2.31, 0.0, 3.12, tool_force, -0.17, -0.76, 4.82, actual_rep, 1, curr_step, 7, track_size, 99, robot_vel, 39.92, joints_pos, 29.33, 57.29, -19.28, -71.24, 19.89, 53.95, 54.9, tool_torque, 0.021, 0.125, -0.042, joint_torque, -0.35, 2.72, 0.26, -1.02, 0.04, -0.07, -0.05, robot_mode, normal, 
13/05/2022 14:24:58:192, robot_pos, 1652448187356, 619.48, 209.09, 198.77, 2.31, 0.0, 3.13, circuit_pos, 619.92, 216.18, 198.76, 2.31, 0.0, 3.12, tool_force, -0.93, -1.1, 4.94, actual_rep, 1, curr_step, 7, track_size, 99, robot_vel, 47.47, joints_pos, 29.59, 57.49, -19.16, -70.81, 20.21, 54.01, 54.99, tool_torque, -0.088, 0.099, 0.0030, joint_torque, -0.77, 2.86, 0.0, -1.09, 0.03, -0.18, -0.01, robot_mode, normal, 
13/05/2022 14:24:58:343, robot_pos, 1652448187507, 619.85, 214.9, 198.73, 2.31, 0.0, 3.12, circuit_pos, 619.98, 227.9, 199.03, 2.32, 0.0, 3.11, tool_force, -0.51, -0.93, 4.93, actual_rep, 1, curr_step, 6, track_size, 99, robot_vel, 36.51, joints_pos, 29.93, 57.69, -19.09, -70.37, 20.43, 54.04, 55.1, tool_torque, -0.089, 0.017, -0.0070, joint_torque, -0.43, 2.56, 0.11, -0.97, 0.04, -0.19, -0.03, robot_mode, normal, 
13/05/2022 14:24:58:543, robot_pos, 1652448187653, 619.98, 220.77, 198.77, 2.31, 0.0, 3.12, circuit_pos, 619.98, 227.9, 199.03, 2.32, 0.0, 3.11, tool_force, -0.19, -0.92, 4.62, actual_rep, 1, curr_step, 6, track_size, 99, robot_vel, 37.49, joints_pos, 30.33, 57.87, -19.09, -69.98, 20.66, 54.03, 55.22, tool_torque, -0.076, 0.034, -0.019, joint_torque, -0.33, 2.55, 0.19, -0.98, 0.03, -0.15, -0.03, robot_mode, normal, 
13/05/2022 14:24:58:647, robot_pos, 1652448187804, 620.02, 226.55, 198.93, 2.32, 0.0, 3.11, circuit_pos, 619.55, 239.35, 199.74, 2.33, 0.0, 3.1, tool_force, -0.61, -0.78, 5.0, actual_rep, 1, curr_step, 5, track_size, 99, robot_vel, 40.9, joints_pos, 30.72, 58.03, -19.09, -69.62, 20.87, 54.01, 55.32, tool_torque, -0.04, 0.15, -0.042, joint_torque, -0.68, 2.83, 0.11, -1.1, 0.03, -0.12, -0.05, robot_mode, normal, 
13/05/2022 14:24:58:832, robot_pos, 1652448187952, 619.93, 232.37, 199.19, 2.32, 0.0, 3.11, circuit_pos, 619.55, 239.35, 199.74, 2.33, 0.0, 3.1, tool_force, -0.51, -0.64, 4.84, actual_rep, 1, curr_step, 5, track_size, 99, robot_vel, 38.94, joints_pos, 31.14, 58.18, -19.1, -69.27, 21.06, 53.98, 55.44, tool_torque, 0.045, 0.117, -0.024, joint_torque, -0.33, 2.85, 0.24, -1.05, 0.03, -0.07, -0.04, robot_mode, normal, 
13/05/2022 14:24:58:945, robot_pos, 1652448188101, 619.58, 238.11, 199.51, 2.33, 0.0, 3.1, circuit_pos, 618.61, 250.37, 200.73, 2.34, -0.01, 3.1, tool_force, -0.19, -1.02, 5.12, actual_rep, 1, curr_step, 4, track_size, 99, robot_vel, 38.6, joints_pos, 31.53, 58.32, -19.1, -68.93, 21.28, 54.07, 55.53, tool_torque, -0.099, -0.0040, -0.012, joint_torque, -0.18, 2.79, 0.3, -1.09, 0.02, -0.19, -0.02, robot_mode, normal, 
13/05/2022 14:24:59:133, robot_pos, 1652448188249, 619.27, 243.86, 199.94, 2.33, -0.01, 3.1, circuit_pos, 618.61, 250.37, 200.73, 2.34, -0.01, 3.1, tool_force, -0.35, -1.24, 4.96, actual_rep, 1, curr_step, 4, track_size, 99, robot_vel, 39.47, joints_pos, 31.9, 58.5, -19.1, -68.48, 21.53, 54.35, 55.59, tool_torque, -0.19, 0.0010, -0.014, joint_torque, -0.44, 2.77, 0.19, -1.05, 0.02, -0.26, -0.01, robot_mode, normal, 
13/05/2022 14:24:59:246, robot_pos, 1652448188399, 618.85, 249.69, 200.39, 2.34, -0.01, 3.1, circuit_pos, 617.23, 260.65, 201.8, 2.34, -0.01, 3.09, tool_force, -0.34, -1.07, 4.91, actual_rep, 1, curr_step, 3, track_size, 99, robot_vel, 41.15, joints_pos, 32.28, 58.64, -19.09, -68.11, 21.73, 54.48, 55.81, tool_torque, -0.142, -0.032, -0.017, joint_torque, -0.24, 2.86, 0.25, -1.07, 0.02, -0.25, -0.03, robot_mode, normal, 
13/05/2022 14:24:59:440, robot_pos, 1652448188551, 618.08, 255.57, 201.04, 2.34, -0.01, 3.09, circuit_pos, 615.8, 269.32, 202.82, 2.35, -0.02, 3.08, tool_force, -0.03, -1.31, 4.5, actual_rep, 1, curr_step, 2, track_size, 99, robot_vel, 41.33, joints_pos, 32.71, 58.71, -19.09, -67.85, 21.93, 54.48, 56.11, tool_torque, -0.136, -0.025, -0.034, joint_torque, -0.25, 2.65, 0.23, -1.04, 0.02, -0.2, -0.05, robot_mode, normal, 
13/05/2022 14:24:59:547, robot_pos, 1652448188697, 617.3, 261.31, 201.6, 2.34, -0.01, 3.09, circuit_pos, 615.8, 269.32, 202.82, 2.35, -0.02, 3.08, tool_force, -0.08, -1.11, 4.92, actual_rep, 1, curr_step, 2, track_size, 99, robot_vel, 41.17, joints_pos, 33.08, 58.78, -19.07, -67.59, 22.33, 54.5, 56.14, tool_torque, -0.128, -0.049, 0.114, joint_torque, -0.54, 2.77, 0.1, -1.08, 0.03, -0.25, 0.12, robot_mode, normal, 
13/05/2022 14:24:59:736, robot_pos, 1652448188849, 616.33, 267.32, 202.2, 2.35, -0.02, 3.08, circuit_pos, 614.15, 276.57, 203.47, 2.36, -0.03, 3.07, tool_force, 0.11, -0.77, 4.9, actual_rep, 1, curr_step, 1, track_size, 99, robot_vel, 38.51, joints_pos, 33.43, 58.84, -18.98, -67.34, 22.77, 54.52, 56.03, tool_torque, -0.037, -0.158, 0.228, joint_torque, -0.34, 2.8, 0.13, -1.07, 0.02, -0.24, 0.24, robot_mode, normal, 
13/05/2022 14:24:59:857, robot_pos, 1652448188994, 615.29, 272.94, 202.79, 2.35, -0.03, 3.07, circuit_pos, 612.88, 280.93, 203.72, 2.36, -0.03, 3.07, tool_force, -0.27, -0.64, 4.86, actual_rep, 1, curr_step, 0, track_size, 99, robot_vel, 43.81, joints_pos, 33.73, 58.88, -18.87, -67.14, 23.3, 54.52, 55.79, tool_torque, 0.045, -0.099, 0.311, joint_torque, -0.55, 2.81, 0.08, -1.07, 0.01, -0.19, 0.34, robot_mode, normal, 
13/05/2022 14:25:00:003, robot_pos, 1652448189143, 614.44, 276.73, 203.2, 2.36, -0.03, 3.07, circuit_pos, 612.88, 280.93, 203.72, 2.36, -0.03, 3.07, tool_force, 1.32, 0.04, 5.06, actual_rep, 1, curr_step, 0, track_size, 99, robot_vel, 14.05, joints_pos, 33.99, 58.91, -18.92, -67.03, 23.73, 54.55, 55.58, tool_torque, 0.09, -0.322, 0.313, joint_torque, 0.59, 2.87, 0.69, -0.92, 0.03, -0.23, 0.33, robot_mode, normal, 
13/05/2022 14:25:00:157, robot_pos, 1652448189297, 614.44, 276.77, 203.17, 2.36, -0.03, 3.07, circuit_pos, 612.88, 280.93, 203.72, 2.36, -0.03, 3.07, tool_force, 0.19, -0.59, 4.92, actual_rep, 1, curr_step, 0, track_size, 99, robot_vel, 4.15, joints_pos, 34.04, 58.92, -19.03, -67.04, 23.93, 54.55, 55.44, tool_torque, -0.09, 0.024, 0.241, joint_torque, -0.26, 2.75, 0.55, -1.0, 0.05, -0.23, 0.32, robot_mode, normal, 
13/05/2022 14:25:00:309, robot_pos, 1652448189449, 614.46, 276.74, 203.21, 2.36, -0.03, 3.07, circuit_pos, 612.88, 280.93, 203.72, 2.36, -0.03, 3.07, tool_force, -0.1, -0.21, 5.04, actual_rep, 1, curr_step, 0, track_size, 99, robot_vel, 0.61, joints_pos, 34.05, 58.92, -19.04, -67.04, 23.93, 54.55, 55.44, tool_torque, -0.034, 0.034, 0.233, joint_torque, -0.28, 2.85, 0.51, -0.95, 0.05, -0.23, 0.31, robot_mode, normal, 
13/05/2022 14:25:00:505, robot_pos, 1652448189599, 614.47, 276.72, 203.21, 2.36, -0.03, 3.07, circuit_pos, 612.88, 280.93, 203.72, 2.36, -0.03, 3.07, tool_force, -0.29, -0.21, 5.19, actual_rep, 1, curr_step, 0, track_size, 99, robot_vel, 0.21, joints_pos, 34.05, 58.92, -19.04, -67.04, 23.93, 54.55, 55.44, tool_torque, -0.043, 0.045, 0.224, joint_torque, -0.37, 2.9, 0.46, -0.97, 0.05, -0.24, 0.29, robot_mode, normal, 
13/05/2022 14:25:00:614, robot_pos, 1652448189750, 614.47, 276.71, 203.21, 2.36, -0.03, 3.07, circuit_pos, 612.88, 280.93, 203.72, 2.36, -0.03, 3.07, tool_force, -0.32, -0.31, 5.09, actual_rep, 1, curr_step, 0, track_size, 99, robot_vel, 0.07, joints_pos, 34.04, 58.92, -19.04, -67.04, 23.93, 54.55, 55.44, tool_torque, -0.052, 0.039, 0.232, joint_torque, -0.39, 2.83, 0.43, -0.97, 0.05, -0.24, 0.3, robot_mode, normal, 
13/05/2022 14:25:00:762, robot_pos, 1652448189900, 614.47, 276.71, 203.21, 2.36, -0.03, 3.07, circuit_pos, 612.88, 280.93, 203.72, 2.36, -0.03, 3.07, tool_force, -0.18, -0.3, 5.07, actual_rep, 1, curr_step, 0, track_size, 99, robot_vel, 0.02, joints_pos, 34.04, 58.92, -19.04, -67.04, 23.93, 54.55, 55.44, tool_torque, -0.045, 0.014, 0.238, joint_torque, -0.32, 2.82, 0.44, -0.96, 0.05, -0.24, 0.3, robot_mode, normal, 
