17/05/2022 16:45:33: File Created!
17/05/2022 16:45:33:066, robot_pos, 1652802219967, 599.02, 308.18, 166.04, 2.32, 0.04, 3.09, circuit_pos, 598.84, 308.03, 167.24, 2.32, 0.04, 3.09, tool_force, -0.17, 1.11, 0.39, actual_rep, 1, curr_step, 1, track_size, 105, robot_vel, 0.01, joints_pos, 36.8, 61.95, -17.03, -66.83, 17.64, 50.13, 65.0, tool_torque, -0.026, -0.09, 0.164, joint_torque, -0.08, -0.02, -0.07, 0.33, 0.07, -0.2, 0.17, robot_mode, normal, 
17/05/2022 16:45:33:237, robot_pos, 1652802220087, 599.06, 308.2, 166.11, 2.32, 0.04, 3.09, circuit_pos, 598.84, 308.03, 167.24, 2.32, 0.04, 3.09, tool_force, -0.09, 0.96, 1.4, actual_rep, 1, curr_step, 1, track_size, 105, robot_vel, 0.01, joints_pos, 36.8, 61.95, -17.03, -66.82, 17.64, 50.13, 65.0, tool_torque, -0.059, -0.079, 0.162, joint_torque, -0.09, 0.25, -0.02, 0.15, 0.08, -0.19, 0.17, robot_mode, normal, 
17/05/2022 16:45:33:366, robot_pos, 1652802220248, 599.15, 308.25, 166.47, 2.32, 0.04, 3.09, circuit_pos, 598.84, 308.03, 167.24, 2.32, 0.04, 3.09, tool_force, 0.1, 1.04, 6.36, actual_rep, 1, curr_step, 1, track_size, 105, robot_vel, 0.02, joints_pos, 36.8, 61.92, -17.03, -66.82, 17.64, 50.14, 65.0, tool_torque, -0.0090, -0.079, 0.162, joint_torque, -0.02, 4.1, 0.59, -1.47, 0.1, -0.19, 0.16, robot_mode, normal, 
17/05/2022 16:45:33:583, robot_pos, 1652802220404, 600.35, 306.55, 168.11, 2.32, 0.04, 3.08, circuit_pos, 604.57, 298.62, 172.15, 2.3, 0.03, 3.08, tool_force, -0.86, 1.91, 5.2, actual_rep, 1, curr_step, 4, track_size, 105, robot_vel, 18.81, joints_pos, 36.66, 61.71, -17.09, -66.98, 17.73, 49.83, 64.91, tool_torque, 0.261, 0.184, 0.242, joint_torque, -0.81, 3.57, 0.26, -1.22, 0.05, 0.02, 0.31, robot_mode, normal, 
17/05/2022 16:45:33:719, robot_pos, 1652802220553, 603.25, 300.81, 171.01, 2.3, 0.04, 3.08, circuit_pos, 607.73, 292.91, 174.49, 2.31, 0.03, 3.07, tool_force, 0.52, 0.89, 5.38, actual_rep, 1, curr_step, 5, track_size, 105, robot_vel, 51.03, joints_pos, 36.09, 61.43, -17.18, -67.08, 18.29, 50.01, 64.71, tool_torque, 0.0030, -0.373, 0.369, joint_torque, 0.28, 2.99, 0.49, -1.13, 0.0, -0.22, 0.41, robot_mode, normal, 
17/05/2022 16:45:33:821, robot_pos, 1652802220700, 606.59, 295.38, 173.25, 2.31, 0.03, 3.07, circuit_pos, 611.58, 285.59, 176.99, 2.31, 0.03, 3.07, tool_force, 1.21, 1.49, 4.83, actual_rep, 1, curr_step, 6, track_size, 105, robot_vel, 44.54, joints_pos, 35.49, 61.22, -17.16, -67.1, 18.61, 50.0, 63.74, tool_torque, 0.205, -0.475, 0.431, joint_torque, 0.43, 3.24, 0.47, -1.1, 0.03, -0.15, 0.44, robot_mode, normal, 
17/05/2022 16:45:34:028, robot_pos, 1652802220857, 609.82, 289.14, 175.45, 2.31, 0.03, 3.07, circuit_pos, 615.82, 276.53, 179.45, 2.31, 0.04, 3.07, tool_force, 1.02, 1.72, 5.54, actual_rep, 1, curr_step, 7, track_size, 105, robot_vel, 45.47, joints_pos, 34.86, 60.99, -17.16, -67.17, 18.73, 50.01, 62.92, tool_torque, 0.236, -0.533, 0.458, joint_torque, 0.56, 3.29, 0.51, -1.1, 0.03, -0.16, 0.46, robot_mode, normal, 
17/05/2022 16:45:34:155, robot_pos, 1652802221023, 612.89, 282.75, 177.37, 2.31, 0.04, 3.07, circuit_pos, 615.82, 276.53, 179.45, 2.31, 0.04, 3.07, tool_force, 0.63, 1.74, 5.62, actual_rep, 1, curr_step, 7, track_size, 105, robot_vel, 46.32, joints_pos, 34.37, 60.81, -17.27, -67.24, 18.6, 50.01, 62.38, tool_torque, 0.154, -0.265, 0.415, joint_torque, 0.28, 3.48, 0.61, -1.17, 0.12, -0.15, 0.44, robot_mode, normal, 
17/05/2022 16:45:34:348, robot_pos, 1652802221174, 615.45, 276.94, 178.9, 2.31, 0.04, 3.07, circuit_pos, 619.77, 266.36, 181.83, 2.32, 0.04, 3.07, tool_force, 1.14, 1.74, 5.64, actual_rep, 1, curr_step, 8, track_size, 105, robot_vel, 43.87, joints_pos, 33.88, 60.65, -17.31, -67.32, 18.48, 50.01, 61.79, tool_torque, 0.179, -0.412, 0.451, joint_torque, 0.56, 3.43, 0.65, -1.16, 0.12, -0.16, 0.45, robot_mode, normal, 
17/05/2022 16:45:34:456, robot_pos, 1652802221323, 617.82, 271.14, 180.39, 2.31, 0.04, 3.07, circuit_pos, 623.62, 255.02, 184.25, 2.32, 0.04, 3.07, tool_force, 1.23, 1.66, 5.8, actual_rep, 1, curr_step, 9, track_size, 105, robot_vel, 46.67, joints_pos, 33.35, 60.47, -17.31, -67.43, 18.45, 50.02, 60.97, tool_torque, 0.163, -0.468, 0.476, joint_torque, 0.6, 3.57, 0.64, -1.11, 0.13, -0.21, 0.47, robot_mode, normal, 
17/05/2022 16:45:34:677, robot_pos, 1652802221493, 620.24, 264.51, 181.86, 2.32, 0.04, 3.07, circuit_pos, 623.62, 255.02, 184.25, 2.32, 0.04, 3.07, tool_force, 0.64, 1.49, 5.68, actual_rep, 1, curr_step, 9, track_size, 105, robot_vel, 53.66, joints_pos, 32.77, 60.28, -17.3, -67.56, 18.43, 50.06, 60.29, tool_torque, 0.111, -0.377, 0.443, joint_torque, 0.21, 3.53, 0.46, -1.19, 0.12, -0.23, 0.44, robot_mode, normal, 
17/05/2022 16:45:34:800, robot_pos, 1652802221644, 622.25, 258.7, 183.17, 2.32, 0.04, 3.07, circuit_pos, 626.63, 243.06, 186.58, 2.33, 0.04, 3.08, tool_force, 0.93, 1.43, 5.41, actual_rep, 1, curr_step, 10, track_size, 105, robot_vel, 51.41, joints_pos, 32.25, 60.1, -17.3, -67.69, 18.42, 50.12, 59.65, tool_torque, 0.088, -0.458, 0.469, joint_torque, 0.39, 3.31, 0.5, -1.15, 0.13, -0.25, 0.46, robot_mode, normal, 
17/05/2022 16:45:34:968, robot_pos, 1652802221795, 623.9, 252.85, 184.35, 2.32, 0.04, 3.07, circuit_pos, 626.63, 243.06, 186.58, 2.33, 0.04, 3.08, tool_force, 0.81, 1.7, 5.91, actual_rep, 1, curr_step, 10, track_size, 105, robot_vel, 41.77, joints_pos, 31.76, 59.95, -17.3, -67.78, 18.32, 50.32, 58.97, tool_torque, 0.109, -0.426, 0.446, joint_torque, 0.44, 3.48, 0.54, -1.15, 0.13, -0.25, 0.44, robot_mode, normal, 
17/05/2022 16:45:35:111, robot_pos, 1652802221949, 625.5, 246.89, 185.53, 2.33, 0.04, 3.08, circuit_pos, 628.59, 232.71, 188.61, 2.33, 0.04, 3.09, tool_force, 0.99, 1.68, 5.85, actual_rep, 1, curr_step, 11, track_size, 105, robot_vel, 39.74, joints_pos, 31.25, 59.81, -17.3, -67.87, 18.2, 50.59, 58.33, tool_torque, 0.093, -0.439, 0.439, joint_torque, 0.49, 3.59, 0.58, -1.19, 0.14, -0.26, 0.43, robot_mode, normal, 
17/05/2022 16:45:35:234, robot_pos, 1652802222099, 626.8, 241.03, 186.71, 2.33, 0.04, 3.08, circuit_pos, 628.59, 232.71, 188.61, 2.33, 0.04, 3.09, tool_force, 0.84, 1.47, 5.6, actual_rep, 1, curr_step, 11, track_size, 105, robot_vel, 40.21, joints_pos, 30.78, 59.64, -17.31, -67.99, 18.02, 50.84, 57.86, tool_torque, 0.031, -0.407, 0.435, joint_torque, 0.41, 3.37, 0.6, -1.13, 0.14, -0.3, 0.45, robot_mode, normal, 
17/05/2022 16:45:35:381, robot_pos, 1652802222248, 628.0, 235.28, 187.86, 2.33, 0.04, 3.09, circuit_pos, 630.39, 221.32, 191.06, 2.32, 0.04, 3.1, tool_force, 0.87, 1.66, 5.87, actual_rep, 1, curr_step, 12, track_size, 105, robot_vel, 40.89, joints_pos, 30.31, 59.49, -17.31, -68.09, 17.86, 51.13, 57.49, tool_torque, 0.073, -0.391, 0.441, joint_torque, 0.31, 3.59, 0.55, -1.16, 0.14, -0.29, 0.44, robot_mode, normal, 
17/05/2022 16:45:35:617, robot_pos, 1652802222402, 629.04, 229.34, 189.13, 2.32, 0.04, 3.09, circuit_pos, 630.39, 221.32, 191.06, 2.32, 0.04, 3.1, tool_force, 0.56, 1.53, 5.59, actual_rep, 1, curr_step, 12, track_size, 105, robot_vel, 40.5, joints_pos, 29.85, 59.31, -17.32, -68.24, 17.63, 51.4, 57.3, tool_torque, 0.034, -0.381, 0.413, joint_torque, 0.5, 3.44, 0.65, -1.12, 0.14, -0.29, 0.41, robot_mode, normal, 
17/05/2022 16:45:35:681, robot_pos, 1652802222547, 630.11, 223.73, 190.33, 2.32, 0.04, 3.1, circuit_pos, 632.1, 210.88, 193.45, 2.32, 0.04, 3.1, tool_force, 0.64, 1.91, 5.68, actual_rep, 1, curr_step, 13, track_size, 105, robot_vel, 42.24, joints_pos, 29.4, 59.13, -17.33, -68.38, 17.46, 51.61, 57.03, tool_torque, 0.067, -0.327, 0.41, joint_torque, 0.22, 3.34, 0.5, -1.09, 0.14, -0.29, 0.42, robot_mode, normal, 
17/05/2022 16:45:35:847, robot_pos, 1652802222698, 631.0, 217.91, 191.64, 2.32, 0.04, 3.1, circuit_pos, 632.1, 210.88, 193.45, 2.32, 0.04, 3.1, tool_force, 0.95, 1.88, 5.79, actual_rep, 1, curr_step, 13, track_size, 105, robot_vel, 41.13, joints_pos, 28.92, 58.91, -17.32, -68.61, 17.39, 51.67, 56.61, tool_torque, 0.096, -0.41, 0.463, joint_torque, 0.45, 3.16, 0.55, -1.08, 0.14, -0.26, 0.47, robot_mode, normal, 
17/05/2022 16:45:35:996, robot_pos, 1652802222847, 632.16, 212.04, 193.12, 2.32, 0.04, 3.1, circuit_pos, 634.33, 200.45, 196.38, 2.32, 0.05, 3.1, tool_force, 0.66, 1.9, 5.54, actual_rep, 1, curr_step, 14, track_size, 105, robot_vel, 40.26, joints_pos, 28.46, 58.68, -17.33, -68.82, 17.21, 51.69, 56.23, tool_torque, 0.16, -0.328, 0.423, joint_torque, 0.5, 3.33, 0.62, -1.11, 0.15, -0.19, 0.42, robot_mode, normal, 
17/05/2022 16:45:36:168, robot_pos, 1652802222996, 633.32, 206.28, 194.65, 2.32, 0.05, 3.1, circuit_pos, 636.39, 189.18, 199.82, 2.32, 0.05, 3.1, tool_force, 0.52, 2.08, 5.27, actual_rep, 1, curr_step, 15, track_size, 105, robot_vel, 40.67, joints_pos, 28.03, 58.44, -17.34, -69.03, 16.97, 51.64, 55.89, tool_torque, 0.304, -0.26, 0.418, joint_torque, 0.51, 3.39, 0.62, -1.14, 0.16, -0.02, 0.4, robot_mode, normal, 
17/05/2022 16:45:36:459, robot_pos, 1652802223297, 635.55, 194.76, 198.0, 2.32, 0.05, 3.1, circuit_pos, 637.96, 178.86, 203.01, 2.32, 0.05, 3.1, tool_force, 0.15, 2.14, 5.34, actual_rep, 1, curr_step, 16, track_size, 105, robot_vel, 41.32, joints_pos, 27.1, 57.96, -17.35, -69.44, 16.73, 51.62, 55.01, tool_torque, 0.314, -0.218, 0.429, joint_torque, 0.33, 3.43, 0.53, -1.12, 0.16, -0.07, 0.41, robot_mode, normal, 
17/05/2022 16:45:36:617, robot_pos, 1652802223456, 636.57, 188.46, 199.87, 2.32, 0.05, 3.1, circuit_pos, 637.96, 178.86, 203.01, 2.32, 0.05, 3.1, tool_force, 0.4, 2.03, 5.66, actual_rep, 1, curr_step, 16, track_size, 105, robot_vel, 39.24, joints_pos, 26.58, 57.68, -17.35, -69.68, 16.68, 51.63, 54.47, tool_torque, 0.275, -0.255, 0.433, joint_torque, 0.36, 3.4, 0.53, -1.14, 0.16, -0.1, 0.42, robot_mode, normal, 
17/05/2022 16:45:36:765, robot_pos, 1652802223607, 637.5, 182.73, 201.59, 2.32, 0.05, 3.1, circuit_pos, 639.41, 167.91, 206.55, 2.32, 0.05, 3.1, tool_force, 0.41, 1.94, 5.54, actual_rep, 1, curr_step, 17, track_size, 105, robot_vel, 38.62, joints_pos, 26.11, 57.42, -17.35, -69.88, 16.63, 51.64, 53.96, tool_torque, 0.214, -0.249, 0.422, joint_torque, 0.31, 3.49, 0.52, -1.15, 0.16, -0.16, 0.41, robot_mode, normal, 
17/05/2022 16:45:36:900, robot_pos, 1652802223758, 638.3, 176.91, 203.44, 2.32, 0.05, 3.1, circuit_pos, 639.41, 167.91, 206.55, 2.32, 0.05, 3.1, tool_force, 0.45, 2.03, 5.95, actual_rep, 1, curr_step, 17, track_size, 105, robot_vel, 47.22, joints_pos, 25.63, 57.15, -17.35, -70.11, 16.61, 51.66, 53.44, tool_torque, 0.154, -0.271, 0.388, joint_torque, 0.31, 3.31, 0.53, -1.08, 0.16, -0.2, 0.38, robot_mode, normal, 
17/05/2022 16:45:37:079, robot_pos, 1652802223908, 639.05, 171.08, 205.23, 2.32, 0.05, 3.1, circuit_pos, 640.16, 157.72, 209.42, 2.32, 0.06, 3.1, tool_force, 0.31, 1.69, 5.48, actual_rep, 1, curr_step, 18, track_size, 105, robot_vel, 41.54, joints_pos, 25.15, 56.88, -17.35, -70.33, 16.55, 51.68, 52.94, tool_torque, 0.146, -0.294, 0.413, joint_torque, 0.3, 3.28, 0.52, -1.13, 0.16, -0.2, 0.4, robot_mode, normal, 
17/05/2022 16:45:37:297, robot_pos, 1652802224058, 639.69, 165.34, 206.99, 2.32, 0.05, 3.1, circuit_pos, 640.16, 157.72, 209.42, 2.32, 0.06, 3.1, tool_force, 0.24, 2.23, 5.13, actual_rep, 1, curr_step, 18, track_size, 105, robot_vel, 40.03, joints_pos, 24.73, 56.6, -17.36, -70.59, 16.3, 51.58, 52.59, tool_torque, 0.38, -0.161, 0.406, joint_torque, 0.55, 3.35, 0.68, -1.1, 0.16, 0.01, 0.39, robot_mode, normal, 
17/05/2022 16:45:37:384, robot_pos, 1652802224208, 640.07, 159.54, 208.54, 2.32, 0.06, 3.1, circuit_pos, 640.37, 148.02, 211.62, 2.33, 0.06, 3.11, tool_force, 0.38, 2.47, 5.79, actual_rep, 1, curr_step, 19, track_size, 105, robot_vel, 40.15, joints_pos, 24.31, 56.33, -17.38, -70.88, 16.06, 51.52, 52.12, tool_torque, 0.345, -0.161, 0.413, joint_torque, 0.32, 3.47, 0.61, -1.17, 0.16, -0.04, 0.42, robot_mode, normal, 
17/05/2022 16:45:37:588, robot_pos, 1652802224367, 640.34, 153.32, 210.03, 2.32, 0.06, 3.11, circuit_pos, 640.43, 138.66, 213.47, 2.34, 0.06, 3.11, tool_force, 0.15, 1.68, 5.55, actual_rep, 1, curr_step, 20, track_size, 105, robot_vel, 40.87, joints_pos, 23.84, 56.08, -17.38, -71.1, 15.79, 51.63, 51.52, tool_torque, 0.13, -0.303, 0.402, joint_torque, 0.22, 3.5, 0.53, -1.22, 0.15, -0.24, 0.4, robot_mode, normal, 
17/05/2022 16:45:37:685, robot_pos, 1652802224515, 640.5, 147.62, 211.26, 2.33, 0.06, 3.11, circuit_pos, 640.43, 138.66, 213.47, 2.34, 0.06, 3.11, tool_force, 0.48, 1.98, 5.55, actual_rep, 1, curr_step, 20, track_size, 105, robot_vel, 38.41, joints_pos, 23.37, 55.84, -17.35, -71.37, 15.67, 51.64, 50.74, tool_torque, 0.229, -0.348, 0.438, joint_torque, 0.3, 3.33, 0.42, -1.16, 0.15, -0.19, 0.41, robot_mode, normal, 
17/05/2022 16:45:37:894, robot_pos, 1652802224664, 640.6, 141.81, 212.5, 2.34, 0.06, 3.11, circuit_pos, 640.38, 129.45, 215.07, 2.35, 0.06, 3.11, tool_force, 0.18, 1.84, 5.33, actual_rep, 1, curr_step, 21, track_size, 105, robot_vel, 37.9, joints_pos, 22.91, 55.59, -17.35, -71.64, 15.62, 51.64, 49.94, tool_torque, 0.238, -0.289, 0.428, joint_torque, 0.18, 3.55, 0.38, -1.22, 0.15, -0.17, 0.41, robot_mode, normal, 
17/05/2022 16:45:37:986, robot_pos, 1652802224816, 640.71, 135.94, 213.63, 2.34, 0.06, 3.11, circuit_pos, 640.38, 129.45, 215.07, 2.35, 0.06, 3.11, tool_force, -0.01, 2.17, 5.51, actual_rep, 1, curr_step, 21, track_size, 105, robot_vel, 40.24, joints_pos, 22.42, 55.35, -17.34, -71.93, 15.61, 51.61, 49.04, tool_torque, 0.347, -0.195, 0.409, joint_torque, 0.18, 3.27, 0.34, -1.09, 0.13, -0.07, 0.38, robot_mode, normal, 
17/05/2022 16:45:38:196, robot_pos, 1652802224968, 640.75, 130.12, 214.74, 2.35, 0.06, 3.11, circuit_pos, 640.44, 120.86, 216.66, 2.36, 0.06, 3.11, tool_force, -0.21, 2.47, 5.81, actual_rep, 1, curr_step, 22, track_size, 105, robot_vel, 38.44, joints_pos, 21.97, 55.12, -17.35, -72.19, 15.61, 51.58, 48.15, tool_torque, 0.444, -0.15, 0.409, joint_torque, 0.34, 3.26, 0.45, -1.04, 0.13, 0.0, 0.38, robot_mode, normal, 
17/05/2022 16:45:38:276, robot_pos, 1652802225120, 640.84, 124.29, 215.89, 2.35, 0.06, 3.11, circuit_pos, 640.63, 112.88, 218.3, 2.37, 0.06, 3.11, tool_force, -0.33, 2.19, 5.02, actual_rep, 1, curr_step, 23, track_size, 105, robot_vel, 44.58, joints_pos, 21.47, 54.89, -17.34, -72.45, 15.61, 51.54, 47.21, tool_torque, 0.443, -0.133, 0.416, joint_torque, 0.15, 3.41, 0.37, -1.24, 0.11, 0.03, 0.39, robot_mode, normal, 
17/05/2022 16:45:38:501, robot_pos, 1652802225270, 640.93, 118.55, 217.03, 2.36, 0.06, 3.11, circuit_pos, 640.63, 112.88, 218.3, 2.37, 0.06, 3.11, tool_force, -0.18, 2.18, 4.91, actual_rep, 1, curr_step, 23, track_size, 105, robot_vel, 39.64, joints_pos, 20.99, 54.66, -17.33, -72.71, 15.61, 51.49, 46.26, tool_torque, 0.508, -0.179, 0.426, joint_torque, 0.34, 3.29, 0.39, -1.13, 0.11, 0.04, 0.39, robot_mode, normal, 
17/05/2022 16:45:38:600, robot_pos, 1652802225431, 640.99, 112.31, 218.12, 2.37, 0.06, 3.11, circuit_pos, 640.88, 105.11, 219.73, 2.39, 0.06, 3.12, tool_force, 0.22, 2.19, 5.88, actual_rep, 1, curr_step, 24, track_size, 105, robot_vel, 39.06, joints_pos, 20.5, 54.46, -17.35, -72.91, 15.55, 51.56, 45.09, tool_torque, 0.275, -0.25, 0.399, joint_torque, 0.24, 3.54, 0.46, -1.19, 0.15, -0.18, 0.38, robot_mode, normal, 
17/05/2022 16:45:38:794, robot_pos, 1652802225580, 641.19, 106.65, 219.13, 2.38, 0.06, 3.12, circuit_pos, 641.14, 97.89, 220.87, 2.4, 0.06, 3.12, tool_force, 0.04, 1.93, 5.8, actual_rep, 1, curr_step, 25, track_size, 105, robot_vel, 39.85, joints_pos, 20.04, 54.31, -17.35, -73.03, 15.41, 51.69, 44.02, tool_torque, 0.192, -0.287, 0.393, joint_torque, 0.33, 3.4, 0.49, -1.08, 0.16, -0.25, 0.37, robot_mode, normal, 
17/05/2022 16:45:38:879, robot_pos, 1652802225729, 641.35, 100.76, 220.09, 2.39, 0.06, 3.12, circuit_pos, 641.44, 91.22, 221.7, 2.41, 0.05, 3.12, tool_force, -0.34, 1.62, 5.45, actual_rep, 1, curr_step, 26, track_size, 105, robot_vel, 39.95, joints_pos, 19.53, 54.14, -17.34, -73.19, 15.37, 51.76, 42.99, tool_torque, 0.124, -0.29, 0.382, joint_torque, 0.17, 3.24, 0.42, -1.12, 0.15, -0.27, 0.36, robot_mode, normal, 
17/05/2022 16:45:39:082, robot_pos, 1652802225882, 641.58, 94.78, 220.95, 2.4, 0.06, 3.12, circuit_pos, 641.8, 84.55, 222.33, 2.42, 0.05, 3.12, tool_force, 0.37, 1.83, 5.55, actual_rep, 1, curr_step, 27, track_size, 105, robot_vel, 40.18, joints_pos, 18.91, 54.02, -17.25, -73.24, 15.54, 52.02, 41.78, tool_torque, 0.338, -0.521, 0.431, joint_torque, 0.51, 3.37, 0.33, -1.11, 0.05, -0.28, 0.38, robot_mode, normal, 
17/05/2022 16:45:39:215, robot_pos, 1652802226030, 641.89, 89.17, 221.56, 2.41, 0.05, 3.12, circuit_pos, 642.25, 78.09, 222.76, 2.43, 0.05, 3.12, tool_force, -0.3, 1.85, 5.63, actual_rep, 1, curr_step, 28, track_size, 105, robot_vel, 39.42, joints_pos, 18.39, 53.92, -17.24, -73.33, 15.64, 52.11, 40.69, tool_torque, 0.321, -0.42, 0.406, joint_torque, 0.32, 3.5, 0.33, -1.12, 0.04, -0.28, 0.37, robot_mode, normal, 
17/05/2022 16:45:39:368, robot_pos, 1652802226186, 642.21, 83.1, 222.08, 2.42, 0.05, 3.12, circuit_pos, 642.68, 71.63, 223.04, 2.44, 0.05, 3.12, tool_force, -0.11, 1.69, 5.61, actual_rep, 1, curr_step, 29, track_size, 105, robot_vel, 39.69, joints_pos, 17.85, 53.82, -17.24, -73.43, 15.76, 52.14, 39.54, tool_torque, 0.272, -0.401, 0.389, joint_torque, 0.28, 3.27, 0.28, -1.13, 0.03, -0.27, 0.35, robot_mode, normal, 
17/05/2022 16:45:39:484, robot_pos, 1652802226330, 642.53, 77.56, 222.47, 2.43, 0.05, 3.12, circuit_pos, 642.68, 71.63, 223.04, 2.44, 0.05, 3.12, tool_force, -0.45, 1.76, 5.66, actual_rep, 1, curr_step, 29, track_size, 105, robot_vel, 37.57, joints_pos, 17.38, 53.75, -17.26, -73.51, 15.83, 52.14, 38.5, tool_torque, 0.252, -0.279, 0.365, joint_torque, 0.14, 3.35, 0.36, -1.12, 0.03, -0.24, 0.37, robot_mode, normal, 
17/05/2022 16:45:39:644, robot_pos, 1652802226483, 643.04, 71.74, 222.81, 2.44, 0.05, 3.12, circuit_pos, 643.07, 64.99, 223.13, 2.45, 0.05, 3.11, tool_force, -0.34, 2.14, 5.05, actual_rep, 1, curr_step, 30, track_size, 105, robot_vel, 37.53, joints_pos, 16.81, 53.67, -17.24, -73.61, 16.08, 52.05, 37.24, tool_torque, 0.47, -0.195, 0.367, joint_torque, 0.18, 3.18, 0.19, -1.11, 0.02, -0.04, 0.33, robot_mode, normal, 
17/05/2022 16:45:39:785, robot_pos, 1652802226630, 643.3, 65.93, 222.95, 2.44, 0.05, 3.11, circuit_pos, 643.37, 58.98, 223.07, 2.45, 0.05, 3.11, tool_force, -0.82, 2.12, 5.3, actual_rep, 1, curr_step, 31, track_size, 105, robot_vel, 40.89, joints_pos, 16.28, 53.57, -17.24, -73.77, 16.36, 51.87, 36.15, tool_torque, 0.525, -0.033, 0.346, joint_torque, 0.05, 3.44, 0.27, -1.16, 0.02, 0.04, 0.32, robot_mode, normal, 
17/05/2022 16:45:39:944, robot_pos, 1652802226787, 643.55, 59.95, 222.9, 2.45, 0.05, 3.11, circuit_pos, 643.62, 53.43, 222.91, 2.46, 0.04, 3.11, tool_force, -0.38, 2.12, 5.21, actual_rep, 1, curr_step, 32, track_size, 105, robot_vel, 38.01, joints_pos, 15.72, 53.54, -17.24, -73.85, 16.65, 51.88, 35.09, tool_torque, 0.496, -0.287, 0.365, joint_torque, 0.49, 3.37, 0.39, -1.15, 0.02, -0.11, 0.32, robot_mode, normal, 
17/05/2022 16:45:40:095, robot_pos, 1652802226936, 643.8, 54.06, 222.79, 2.46, 0.04, 3.11, circuit_pos, 643.73, 48.42, 222.67, 2.47, 0.04, 3.11, tool_force, -0.49, 1.46, 5.36, actual_rep, 1, curr_step, 33, track_size, 105, robot_vel, 39.9, joints_pos, 15.15, 53.54, -17.24, -73.87, 16.95, 51.99, 33.83, tool_torque, 0.268, -0.306, 0.34, joint_torque, 0.22, 3.22, 0.3, -1.09, 0.04, -0.25, 0.31, robot_mode, normal, 
17/05/2022 16:45:40:248, robot_pos, 1652802227091, 643.94, 48.02, 222.52, 2.47, 0.04, 3.11, circuit_pos, 643.57, 36.48, 222.29, 2.47, 0.04, 3.11, tool_force, -0.67, 1.5, 5.66, actual_rep, 1, curr_step, 36, track_size, 105, robot_vel, 40.71, joints_pos, 14.6, 53.54, -17.25, -73.92, 17.11, 52.03, 32.83, tool_torque, 0.29, -0.29, 0.326, joint_torque, 0.14, 3.37, 0.29, -1.14, 0.03, -0.25, 0.29, robot_mode, normal, 
17/05/2022 16:45:40:559, robot_pos, 1652802227390, 643.48, 36.52, 222.46, 2.47, 0.04, 3.11, circuit_pos, 641.87, 26.09, 222.67, 2.47, 0.03, 3.11, tool_force, -0.85, 1.57, 5.91, actual_rep, 1, curr_step, 42, track_size, 105, robot_vel, 40.9, joints_pos, 13.57, 53.46, -17.28, -74.1, 17.44, 52.19, 31.43, tool_torque, 0.194, -0.204, 0.264, joint_torque, -0.03, 3.4, 0.29, -1.14, 0.02, -0.27, 0.27, robot_mode, normal, 
17/05/2022 16:45:40:718, robot_pos, 1652802227541, 642.74, 30.62, 222.41, 2.47, 0.03, 3.11, circuit_pos, 641.51, 25.84, 222.24, 2.47, 0.03, 3.11, tool_force, -0.63, 1.49, 5.57, actual_rep, 1, curr_step, 44, track_size, 105, robot_vel, 36.22, joints_pos, 13.03, 53.37, -17.27, -74.28, 17.58, 52.27, 30.73, tool_torque, 0.242, -0.279, 0.285, joint_torque, 0.16, 3.29, 0.32, -1.09, 0.02, -0.27, 0.27, robot_mode, normal, 
17/05/2022 16:45:40:850, robot_pos, 1652802227691, 642.15, 25.83, 222.66, 2.47, 0.03, 3.11, circuit_pos, 641.79, 25.85, 223.8, 2.47, 0.03, 3.11, tool_force, -0.86, 0.98, 5.65, actual_rep, 1, curr_step, 47, track_size, 105, robot_vel, 30.81, joints_pos, 12.58, 53.27, -17.23, -74.41, 17.75, 52.34, 30.13, tool_torque, 0.151, -0.196, 0.254, joint_torque, -0.53, 3.68, -0.07, -1.33, 0.0, -0.3, 0.23, robot_mode, normal, 
17/05/2022 16:45:41:014, robot_pos, 1652802227849, 642.08, 25.73, 223.87, 2.47, 0.03, 3.11, circuit_pos, 641.74, 25.8, 223.69, 2.47, 0.03, 3.11, tool_force, -1.26, 1.09, 6.06, actual_rep, 1, curr_step, 49, track_size, 105, robot_vel, 8.05, joints_pos, 12.53, 53.15, -17.16, -74.42, 17.6, 52.44, 30.19, tool_torque, -0.0030, -0.1, 0.055, joint_torque, -0.18, 3.47, 0.23, -1.16, 0.08, -0.29, 0.02, robot_mode, normal, 
17/05/2022 16:45:41:164, robot_pos, 1652802228000, 642.09, 25.98, 223.21, 2.47, 0.03, 3.11, circuit_pos, 641.94, 25.92, 223.32, 2.47, 0.03, 3.11, tool_force, -1.17, 1.02, 5.67, actual_rep, 1, curr_step, 52, track_size, 105, robot_vel, 6.84, joints_pos, 12.53, 53.21, -17.13, -74.41, 17.6, 52.38, 30.18, tool_torque, 0.142, -0.0050, 0.073, joint_torque, 0.0, 3.39, 0.28, -1.23, 0.09, -0.1, 0.01, robot_mode, normal, 
17/05/2022 16:45:41:364, robot_pos, 1652802228152, 642.24, 25.91, 223.28, 2.47, 0.03, 3.11, circuit_pos, 641.95, 25.88, 223.34, 2.47, 0.03, 3.11, tool_force, -0.53, 0.59, 5.59, actual_rep, 1, curr_step, 55, track_size, 105, robot_vel, 1.88, joints_pos, 12.53, 53.22, -17.15, -74.37, 17.63, 52.43, 30.18, tool_torque, -0.021, -0.152, 0.068, joint_torque, 0.02, 3.3, 0.38, -1.27, 0.06, -0.24, 0.04, robot_mode, normal, 
17/05/2022 16:45:41:463, robot_pos, 1652802228300, 642.21, 25.91, 223.25, 2.47, 0.03, 3.11, circuit_pos, 641.95, 25.88, 223.34, 2.47, 0.03, 3.11, tool_force, -0.69, 0.68, 5.49, actual_rep, 1, curr_step, 57, track_size, 105, robot_vel, 0.13, joints_pos, 12.53, 53.22, -17.15, -74.38, 17.64, 52.43, 30.17, tool_torque, 0.01, -0.118, 0.078, joint_torque, 0.0, 3.27, 0.36, -1.24, 0.06, -0.21, 0.05, robot_mode, normal, 
17/05/2022 16:45:41:664, robot_pos, 1652802228451, 642.21, 25.91, 223.25, 2.47, 0.03, 3.11, circuit_pos, 641.95, 25.88, 223.34, 2.47, 0.03, 3.11, tool_force, -0.69, 0.68, 5.49, actual_rep, 1, curr_step, 60, track_size, 105, robot_vel, 0.06, joints_pos, 12.53, 53.22, -17.15, -74.38, 17.64, 52.43, 30.17, tool_torque, 0.0060, -0.117, 0.079, joint_torque, 0.0, 3.25, 0.36, -1.24, 0.06, -0.21, 0.06, robot_mode, normal, 
17/05/2022 16:45:41:766, robot_pos, 1652802228601, 642.21, 25.91, 223.25, 2.47, 0.03, 3.11, circuit_pos, 641.95, 25.88, 223.34, 2.47, 0.03, 3.11, tool_force, -0.69, 0.69, 5.49, actual_rep, 1, curr_step, 62, track_size, 105, robot_vel, 0.0, joints_pos, 12.53, 53.22, -17.15, -74.38, 17.64, 52.43, 30.17, tool_torque, 0.0080, -0.108, 0.079, joint_torque, -0.01, 3.24, 0.36, -1.24, 0.06, -0.2, 0.06, robot_mode, normal, 
17/05/2022 16:45:41:971, robot_pos, 1652802228751, 642.21, 25.91, 223.26, 2.47, 0.03, 3.11, circuit_pos, 641.95, 25.88, 223.34, 2.47, 0.03, 3.11, tool_force, -0.73, 0.69, 5.47, actual_rep, 1, curr_step, 65, track_size, 105, robot_vel, 0.02, joints_pos, 12.53, 53.22, -17.15, -74.38, 17.64, 52.43, 30.17, tool_torque, 0.015, -0.101, 0.08, joint_torque, -0.01, 3.25, 0.36, -1.23, 0.06, -0.2, 0.06, robot_mode, normal, 
17/05/2022 16:45:42:077, robot_pos, 1652802228902, 642.21, 25.91, 223.26, 2.47, 0.03, 3.11, circuit_pos, 641.95, 25.88, 223.34, 2.47, 0.03, 3.11, tool_force, -0.73, 0.72, 5.48, actual_rep, 1, curr_step, 68, track_size, 105, robot_vel, 0.02, joints_pos, 12.53, 53.22, -17.15, -74.38, 17.64, 52.43, 30.17, tool_torque, 0.018, -0.099, 0.08, joint_torque, 0.0, 3.25, 0.37, -1.22, 0.06, -0.2, 0.06, robot_mode, normal, 
17/05/2022 16:45:42:276, robot_pos, 1652802229062, 642.21, 25.91, 223.26, 2.47, 0.03, 3.11, circuit_pos, 641.95, 25.88, 223.34, 2.47, 0.03, 3.11, tool_force, -0.75, 0.72, 5.5, actual_rep, 1, curr_step, 70, track_size, 105, robot_vel, 0.04, joints_pos, 12.53, 53.22, -17.15, -74.38, 17.64, 52.43, 30.17, tool_torque, 0.015, -0.097, 0.08, joint_torque, -0.02, 3.24, 0.35, -1.22, 0.06, -0.2, 0.06, robot_mode, normal, 
17/05/2022 16:45:42:379, robot_pos, 1652802229213, 642.2, 25.91, 223.27, 2.47, 0.03, 3.11, circuit_pos, 641.95, 25.88, 223.35, 2.47, 0.03, 3.11, tool_force, -0.74, 0.72, 5.49, actual_rep, 1, curr_step, 73, track_size, 105, robot_vel, 0.04, joints_pos, 12.53, 53.22, -17.15, -74.38, 17.64, 52.43, 30.17, tool_torque, 0.017, -0.098, 0.081, joint_torque, -0.01, 3.25, 0.36, -1.23, 0.06, -0.2, 0.06, robot_mode, normal, 
17/05/2022 16:45:42:579, robot_pos, 1652802229363, 642.2, 25.91, 223.27, 2.47, 0.03, 3.11, circuit_pos, 641.95, 25.88, 223.35, 2.47, 0.03, 3.11, tool_force, -0.74, 0.72, 5.49, actual_rep, 1, curr_step, 75, track_size, 105, robot_vel, 0.04, joints_pos, 12.53, 53.22, -17.15, -74.38, 17.64, 52.43, 30.17, tool_torque, 0.017, -0.101, 0.081, joint_torque, 0.0, 3.25, 0.36, -1.23, 0.06, -0.2, 0.06, robot_mode, normal, 
17/05/2022 16:45:42:695, robot_pos, 1652802229514, 642.2, 25.91, 223.27, 2.47, 0.03, 3.11, circuit_pos, 641.95, 25.88, 223.35, 2.47, 0.03, 3.11, tool_force, -0.74, 0.71, 5.48, actual_rep, 1, curr_step, 78, track_size, 105, robot_vel, 0.0, joints_pos, 12.53, 53.22, -17.15, -74.38, 17.64, 52.43, 30.17, tool_torque, 0.015, -0.098, 0.08, joint_torque, -0.01, 3.24, 0.36, -1.23, 0.06, -0.2, 0.06, robot_mode, normal, 
17/05/2022 16:45:42:835, robot_pos, 1652802229664, 642.2, 25.91, 223.27, 2.47, 0.03, 3.11, circuit_pos, 641.95, 25.88, 223.35, 2.47, 0.03, 3.11, tool_force, -0.76, 0.72, 5.49, actual_rep, 1, curr_step, 80, track_size, 105, robot_vel, 0.01, joints_pos, 12.53, 53.22, -17.15, -74.38, 17.64, 52.43, 30.17, tool_torque, 0.017, -0.097, 0.081, joint_torque, -0.02, 3.25, 0.35, -1.23, 0.06, -0.2, 0.06, robot_mode, normal, 
17/05/2022 16:45:42:998, robot_pos, 1652802229815, 642.2, 25.91, 223.27, 2.47, 0.03, 3.11, circuit_pos, 641.95, 25.88, 223.35, 2.47, 0.03, 3.11, tool_force, -0.76, 0.73, 5.49, actual_rep, 1, curr_step, 83, track_size, 105, robot_vel, 0.0, joints_pos, 12.53, 53.22, -17.15, -74.38, 17.64, 52.43, 30.17, tool_torque, 0.018, -0.096, 0.081, joint_torque, -0.01, 3.26, 0.36, -1.23, 0.06, -0.2, 0.06, robot_mode, normal, 
17/05/2022 16:45:43:197, robot_pos, 1652802229966, 642.2, 25.91, 223.27, 2.47, 0.03, 3.11, circuit_pos, 641.95, 25.88, 223.35, 2.47, 0.03, 3.11, tool_force, -0.74, 0.72, 5.48, actual_rep, 1, curr_step, 85, track_size, 105, robot_vel, 0.0, joints_pos, 12.53, 53.22, -17.15, -74.38, 17.64, 52.43, 30.17, tool_torque, 0.018, -0.099, 0.081, joint_torque, -0.01, 3.24, 0.36, -1.22, 0.06, -0.2, 0.06, robot_mode, normal, 
17/05/2022 16:45:43:327, robot_pos, 1652802230120, 642.2, 25.91, 223.27, 2.47, 0.03, 3.11, circuit_pos, 641.95, 25.88, 223.35, 2.47, 0.03, 3.11, tool_force, -0.74, 0.72, 5.46, actual_rep, 1, curr_step, 88, track_size, 105, robot_vel, 0.0, joints_pos, 12.53, 53.22, -17.15, -74.38, 17.64, 52.43, 30.17, tool_torque, 0.017, -0.099, 0.081, joint_torque, -0.01, 3.22, 0.36, -1.22, 0.06, -0.2, 0.06, robot_mode, normal, 
17/05/2022 16:45:43:467, robot_pos, 1652802230275, 642.2, 25.91, 223.27, 2.47, 0.03, 3.11, circuit_pos, 641.95, 25.88, 223.35, 2.47, 0.03, 3.11, tool_force, -0.74, 0.71, 5.47, actual_rep, 1, curr_step, 91, track_size, 105, robot_vel, 0.0, joints_pos, 12.53, 53.22, -17.15, -74.38, 17.64, 52.43, 30.17, tool_torque, 0.016, -0.099, 0.081, joint_torque, -0.01, 3.24, 0.35, -1.22, 0.06, -0.2, 0.06, robot_mode, normal, 
17/05/2022 16:45:43:706, robot_pos, 1652802230444, 642.2, 25.91, 223.27, 2.47, 0.03, 3.11, circuit_pos, 641.95, 25.88, 223.35, 2.47, 0.03, 3.11, tool_force, -0.75, 0.72, 5.49, actual_rep, 1, curr_step, 94, track_size, 105, robot_vel, 0.0, joints_pos, 12.53, 53.22, -17.15, -74.38, 17.64, 52.43, 30.17, tool_torque, 0.017, -0.099, 0.081, joint_torque, -0.01, 3.25, 0.35, -1.23, 0.06, -0.2, 0.06, robot_mode, normal, 
17/05/2022 16:45:45:259, robot_pos, 1652802232003, 642.2, 25.91, 223.27, 2.47, 0.03, 3.11, circuit_pos, 641.95, 25.88, 223.35, 2.47, 0.03, 3.11, tool_force, -0.73, 0.71, 5.46, actual_rep, 1, curr_step, 89, track_size, 105, robot_vel, 0.0, joints_pos, 12.53, 53.22, -17.15, -74.38, 17.64, 52.43, 30.17, tool_torque, 0.017, -0.099, 0.081, joint_torque, -0.01, 3.23, 0.35, -1.22, 0.06, -0.2, 0.06, robot_mode, normal, 
17/05/2022 16:45:45:380, robot_pos, 1652802232152, 642.2, 25.91, 223.27, 2.47, 0.03, 3.11, circuit_pos, 641.95, 25.88, 223.35, 2.47, 0.03, 3.11, tool_force, -0.74, 0.71, 5.48, actual_rep, 1, curr_step, 86, track_size, 105, robot_vel, 0.0, joints_pos, 12.53, 53.22, -17.15, -74.38, 17.64, 52.43, 30.17, tool_torque, 0.017, -0.1, 0.08, joint_torque, -0.01, 3.24, 0.36, -1.22, 0.06, -0.2, 0.06, robot_mode, normal, 
17/05/2022 16:45:45:510, robot_pos, 1652802232299, 642.2, 25.91, 223.27, 2.47, 0.03, 3.11, circuit_pos, 641.95, 25.88, 223.35, 2.47, 0.03, 3.11, tool_force, -0.74, 0.71, 5.47, actual_rep, 1, curr_step, 83, track_size, 105, robot_vel, 0.0, joints_pos, 12.53, 53.22, -17.15, -74.38, 17.64, 52.43, 30.17, tool_torque, 0.015, -0.098, 0.08, joint_torque, -0.01, 3.24, 0.35, -1.22, 0.06, -0.2, 0.06, robot_mode, normal, 
17/05/2022 16:45:45:650, robot_pos, 1652802232449, 642.2, 25.91, 223.27, 2.47, 0.03, 3.11, circuit_pos, 641.95, 25.88, 223.35, 2.47, 0.03, 3.11, tool_force, -0.75, 0.73, 5.49, actual_rep, 1, curr_step, 81, track_size, 105, robot_vel, 0.01, joints_pos, 12.53, 53.22, -17.15, -74.38, 17.64, 52.43, 30.17, tool_torque, 0.019, -0.099, 0.081, joint_torque, -0.01, 3.25, 0.36, -1.23, 0.06, -0.2, 0.06, robot_mode, normal, 
17/05/2022 16:45:45:809, robot_pos, 1652802232597, 642.2, 25.91, 223.27, 2.47, 0.03, 3.11, circuit_pos, 641.95, 25.88, 223.35, 2.47, 0.03, 3.11, tool_force, -0.74, 0.72, 5.48, actual_rep, 1, curr_step, 78, track_size, 105, robot_vel, 0.0, joints_pos, 12.53, 53.22, -17.15, -74.38, 17.64, 52.43, 30.17, tool_torque, 0.017, -0.098, 0.08, joint_torque, -0.01, 3.25, 0.36, -1.22, 0.06, -0.2, 0.06, robot_mode, normal, 
17/05/2022 16:45:45:958, robot_pos, 1652802232752, 642.2, 25.91, 223.27, 2.47, 0.03, 3.11, circuit_pos, 641.95, 25.88, 223.35, 2.47, 0.03, 3.11, tool_force, -0.74, 0.71, 5.47, actual_rep, 1, curr_step, 75, track_size, 105, robot_vel, 0.0, joints_pos, 12.53, 53.22, -17.15, -74.38, 17.64, 52.43, 30.17, tool_torque, 0.016, -0.1, 0.08, joint_torque, -0.02, 3.24, 0.35, -1.23, 0.06, -0.2, 0.06, robot_mode, normal, 
17/05/2022 16:45:46:110, robot_pos, 1652802232903, 642.2, 25.91, 223.27, 2.47, 0.03, 3.11, circuit_pos, 641.95, 25.88, 223.35, 2.47, 0.03, 3.11, tool_force, -0.74, 0.71, 5.48, actual_rep, 1, curr_step, 73, track_size, 105, robot_vel, 0.0, joints_pos, 12.53, 53.22, -17.15, -74.38, 17.64, 52.43, 30.17, tool_torque, 0.017, -0.098, 0.08, joint_torque, -0.01, 3.25, 0.36, -1.22, 0.06, -0.2, 0.06, robot_mode, normal, 
17/05/2022 16:45:46:263, robot_pos, 1652802233055, 642.2, 25.91, 223.27, 2.47, 0.03, 3.11, circuit_pos, 641.95, 25.88, 223.34, 2.47, 0.03, 3.11, tool_force, -0.76, 0.74, 5.49, actual_rep, 1, curr_step, 70, track_size, 105, robot_vel, 0.0, joints_pos, 12.53, 53.22, -17.15, -74.38, 17.64, 52.43, 30.17, tool_torque, 0.018, -0.098, 0.08, joint_torque, -0.01, 3.25, 0.35, -1.23, 0.06, -0.2, 0.06, robot_mode, normal, 
17/05/2022 16:45:46:415, robot_pos, 1652802233203, 642.2, 25.91, 223.27, 2.47, 0.03, 3.11, circuit_pos, 641.95, 25.88, 223.34, 2.47, 0.03, 3.11, tool_force, -0.76, 0.72, 5.47, actual_rep, 1, curr_step, 67, track_size, 105, robot_vel, 0.01, joints_pos, 12.53, 53.22, -17.15, -74.38, 17.64, 52.43, 30.17, tool_torque, 0.02, -0.096, 0.081, joint_torque, -0.02, 3.23, 0.35, -1.22, 0.06, -0.2, 0.06, robot_mode, normal, 
17/05/2022 16:45:46:565, robot_pos, 1652802233355, 642.2, 25.9, 223.27, 2.47, 0.03, 3.11, circuit_pos, 641.95, 25.88, 223.34, 2.47, 0.03, 3.11, tool_force, -0.77, 0.73, 5.47, actual_rep, 1, curr_step, 65, track_size, 105, robot_vel, 0.01, joints_pos, 12.53, 53.22, -17.15, -74.38, 17.64, 52.43, 30.17, tool_torque, 0.022, -0.095, 0.081, joint_torque, -0.01, 3.25, 0.35, -1.22, 0.06, -0.19, 0.06, robot_mode, normal, 
17/05/2022 16:45:46:720, robot_pos, 1652802233503, 642.2, 25.91, 223.27, 2.47, 0.03, 3.11, circuit_pos, 641.95, 25.88, 223.34, 2.47, 0.03, 3.11, tool_force, -0.75, 0.73, 5.48, actual_rep, 1, curr_step, 62, track_size, 105, robot_vel, 0.0, joints_pos, 12.53, 53.22, -17.15, -74.38, 17.64, 52.43, 30.17, tool_torque, 0.022, -0.095, 0.081, joint_torque, -0.01, 3.25, 0.36, -1.22, 0.06, -0.19, 0.06, robot_mode, normal, 
17/05/2022 16:45:46:878, robot_pos, 1652802233651, 642.2, 25.9, 223.27, 2.47, 0.03, 3.11, circuit_pos, 641.95, 25.88, 223.34, 2.47, 0.03, 3.11, tool_force, -0.75, 0.72, 5.46, actual_rep, 1, curr_step, 59, track_size, 105, robot_vel, 0.0, joints_pos, 12.53, 53.22, -17.15, -74.38, 17.64, 52.43, 30.17, tool_torque, 0.022, -0.094, 0.08, joint_torque, -0.02, 3.24, 0.35, -1.22, 0.06, -0.19, 0.06, robot_mode, normal, 
17/05/2022 16:45:47:014, robot_pos, 1652802233799, 642.2, 25.9, 223.26, 2.47, 0.03, 3.11, circuit_pos, 641.95, 25.88, 223.34, 2.47, 0.03, 3.11, tool_force, -0.75, 0.71, 5.47, actual_rep, 1, curr_step, 57, track_size, 105, robot_vel, 0.01, joints_pos, 12.53, 53.22, -17.15, -74.38, 17.64, 52.43, 30.17, tool_torque, 0.017, -0.095, 0.08, joint_torque, -0.01, 3.24, 0.35, -1.22, 0.06, -0.19, 0.06, robot_mode, normal, 
17/05/2022 16:45:47:176, robot_pos, 1652802233955, 642.2, 25.9, 223.26, 2.47, 0.03, 3.11, circuit_pos, 641.95, 25.88, 223.34, 2.47, 0.03, 3.11, tool_force, -0.76, 0.72, 5.49, actual_rep, 1, curr_step, 54, track_size, 105, robot_vel, 0.0, joints_pos, 12.53, 53.22, -17.15, -74.38, 17.64, 52.43, 30.17, tool_torque, 0.021, -0.093, 0.081, joint_torque, -0.02, 3.25, 0.35, -1.23, 0.06, -0.19, 0.06, robot_mode, normal, 
17/05/2022 16:45:47:326, robot_pos, 1652802234103, 642.2, 25.91, 223.26, 2.47, 0.03, 3.11, circuit_pos, 641.97, 25.96, 223.27, 2.47, 0.03, 3.11, tool_force, -0.76, 0.71, 5.48, actual_rep, 1, curr_step, 51, track_size, 105, robot_vel, 0.02, joints_pos, 12.53, 53.22, -17.15, -74.38, 17.64, 52.43, 30.17, tool_torque, 0.0090, -0.084, 0.076, joint_torque, -0.05, 3.24, 0.35, -1.23, 0.06, -0.19, 0.06, robot_mode, normal, 
17/05/2022 16:45:47:488, robot_pos, 1652802234262, 642.17, 25.97, 223.24, 2.47, 0.03, 3.11, circuit_pos, 641.74, 25.8, 223.69, 2.47, 0.03, 3.11, tool_force, -0.91, 0.55, 5.35, actual_rep, 1, curr_step, 49, track_size, 105, robot_vel, 0.6, joints_pos, 12.54, 53.22, -17.15, -74.39, 17.64, 52.43, 30.17, tool_torque, -0.035, -0.068, 0.054, joint_torque, -0.12, 3.23, 0.33, -1.21, 0.06, -0.21, 0.04, robot_mode, normal, 
17/05/2022 16:45:47:678, robot_pos, 1652802234410, 642.08, 25.79, 223.87, 2.47, 0.03, 3.11, circuit_pos, 641.73, 25.85, 223.21, 2.47, 0.03, 3.11, tool_force, -0.71, 0.81, 5.16, actual_rep, 1, curr_step, 46, track_size, 105, robot_vel, 5.22, joints_pos, 12.54, 53.15, -17.17, -74.43, 17.64, 52.43, 30.16, tool_torque, -0.01, -0.146, 0.093, joint_torque, 0.0, 2.95, 0.34, -1.05, 0.06, -0.25, 0.08, robot_mode, normal, 
17/05/2022 16:45:47:789, robot_pos, 1652802234559, 641.91, 25.84, 222.69, 2.47, 0.03, 3.11, circuit_pos, 641.51, 25.84, 222.24, 2.47, 0.03, 3.11, tool_force, -1.26, 1.1, 4.92, actual_rep, 1, curr_step, 44, track_size, 105, robot_vel, 9.49, joints_pos, 12.54, 53.23, -17.14, -74.46, 17.64, 52.32, 30.16, tool_torque, 0.215, 0.102, 0.103, joint_torque, -0.05, 3.07, 0.25, -1.05, 0.06, -0.01, 0.06, robot_mode, normal, 
17/05/2022 16:45:47:979, robot_pos, 1652802234711, 642.08, 25.99, 222.45, 2.47, 0.03, 3.11, circuit_pos, 642.1, 26.61, 222.75, 2.47, 0.03, 3.11, tool_force, -1.16, 0.82, 5.35, actual_rep, 1, curr_step, 41, track_size, 105, robot_vel, 2.21, joints_pos, 12.54, 53.27, -17.14, -74.41, 17.66, 52.32, 30.16, tool_torque, 0.117, -0.01, 0.109, joint_torque, -0.16, 3.22, 0.22, -1.22, 0.05, -0.12, 0.08, robot_mode, normal, 
17/05/2022 16:45:48:096, robot_pos, 1652802234864, 642.5, 27.82, 222.61, 2.47, 0.03, 3.11, circuit_pos, 643.02, 30.84, 222.42, 2.47, 0.03, 3.11, tool_force, -0.32, -0.11, 4.97, actual_rep, 1, curr_step, 38, track_size, 105, robot_vel, 11.8, joints_pos, 12.64, 53.3, -17.07, -74.31, 17.66, 52.36, 30.29, tool_torque, -0.149, -0.139, -0.053, joint_torque, -0.16, 2.83, 0.19, -1.24, 0.05, -0.21, -0.1, robot_mode, normal, 
17/05/2022 16:45:48:407, robot_pos, 1652802235164, 643.68, 37.09, 222.35, 2.47, 0.04, 3.11, circuit_pos, 643.73, 48.42, 222.67, 2.47, 0.04, 3.11, tool_force, -1.04, 0.37, 5.0, actual_rep, 1, curr_step, 33, track_size, 105, robot_vel, 45.53, joints_pos, 13.46, 53.42, -16.95, -74.09, 17.07, 52.02, 31.59, tool_torque, -0.096, 0.246, -0.126, joint_torque, -0.26, 2.98, 0.25, -1.23, 0.15, 0.02, -0.18, robot_mode, normal, 
17/05/2022 16:45:48:562, robot_pos, 1652802235313, 643.73, 42.56, 222.52, 2.47, 0.04, 3.11, circuit_pos, 643.62, 53.43, 222.91, 2.46, 0.04, 3.11, tool_force, -1.29, -0.12, 5.22, actual_rep, 1, curr_step, 32, track_size, 105, robot_vel, 35.67, joints_pos, 13.93, 53.44, -16.93, -74.02, 17.07, 52.03, 32.16, tool_torque, -0.224, 0.226, -0.147, joint_torque, -0.6, 3.18, 0.11, -1.32, 0.11, -0.06, -0.19, robot_mode, normal, 
17/05/2022 16:45:48:706, robot_pos, 1652802235462, 643.78, 48.44, 222.62, 2.47, 0.04, 3.11, circuit_pos, 643.62, 53.43, 222.91, 2.46, 0.04, 3.11, tool_force, -1.47, -0.52, 5.56, actual_rep, 1, curr_step, 32, track_size, 105, robot_vel, 41.19, joints_pos, 14.44, 53.49, -16.95, -73.92, 17.07, 52.08, 32.92, tool_torque, -0.384, 0.152, -0.189, joint_torque, -0.46, 3.17, 0.36, -1.31, 0.12, -0.19, -0.2, robot_mode, normal, 
17/05/2022 16:45:48:859, robot_pos, 1652802235612, 643.86, 54.26, 222.78, 2.46, 0.04, 3.11, circuit_pos, 643.07, 64.99, 223.13, 2.45, 0.05, 3.11, tool_force, -2.21, -0.74, 5.15, actual_rep, 1, curr_step, 30, track_size, 105, robot_vel, 40.03, joints_pos, 15.01, 53.51, -16.99, -73.86, 16.84, 51.96, 34.05, tool_torque, -0.379, 0.438, -0.204, joint_torque, -0.79, 3.12, 0.31, -1.32, 0.14, 0.01, -0.2, robot_mode, normal, 
17/05/2022 16:45:49:007, robot_pos, 1652802235761, 643.65, 60.12, 222.94, 2.45, 0.05, 3.11, circuit_pos, 642.68, 71.63, 223.04, 2.44, 0.05, 3.12, tool_force, -1.57, 0.05, 5.29, actual_rep, 1, curr_step, 29, track_size, 105, robot_vel, 38.19, joints_pos, 15.56, 53.5, -16.99, -73.85, 16.64, 51.81, 34.95, tool_torque, -0.263, 0.447, -0.183, joint_torque, -0.58, 3.11, 0.37, -1.29, 0.15, 0.05, -0.18, robot_mode, normal, 
17/05/2022 16:45:49:203, robot_pos, 1652802235919, 643.1, 66.15, 222.99, 2.45, 0.05, 3.11, circuit_pos, 642.68, 71.63, 223.04, 2.44, 0.05, 3.12, tool_force, -1.14, -0.1, 5.36, actual_rep, 1, curr_step, 29, track_size, 105, robot_vel, 37.74, joints_pos, 16.17, 53.52, -16.99, -73.81, 16.24, 51.87, 36.18, tool_torque, -0.345, 0.226, -0.172, joint_torque, -0.46, 3.26, 0.42, -1.39, 0.14, -0.13, -0.18, robot_mode, normal, 
17/05/2022 16:45:49:346, robot_pos, 1652802236101, 642.8, 73.3, 222.75, 2.44, 0.05, 3.12, circuit_pos, 641.8, 84.55, 222.33, 2.42, 0.05, 3.12, tool_force, -0.94, -0.04, 5.76, actual_rep, 1, curr_step, 27, track_size, 105, robot_vel, 38.44, joints_pos, 16.81, 53.63, -16.98, -73.62, 15.94, 52.04, 37.61, tool_torque, -0.385, 0.079, -0.146, joint_torque, -0.41, 3.28, 0.4, -1.33, 0.13, -0.26, -0.16, robot_mode, normal, 
17/05/2022 16:45:49:547, robot_pos, 1652802236251, 642.44, 79.16, 222.5, 2.43, 0.05, 3.12, circuit_pos, 641.8, 84.55, 222.33, 2.42, 0.05, 3.12, tool_force, -0.79, 0.03, 5.68, actual_rep, 1, curr_step, 27, track_size, 105, robot_vel, 39.31, joints_pos, 17.35, 53.7, -16.97, -73.51, 15.79, 52.09, 38.78, tool_torque, -0.363, 0.071, -0.123, joint_torque, -0.42, 3.12, 0.32, -1.29, 0.13, -0.25, -0.13, robot_mode, normal, 
17/05/2022 16:45:49:648, robot_pos, 1652802236401, 642.05, 84.97, 222.12, 2.42, 0.05, 3.12, circuit_pos, 641.44, 91.22, 221.7, 2.41, 0.05, 3.12, tool_force, -0.71, 0.04, 5.64, actual_rep, 1, curr_step, 26, track_size, 105, robot_vel, 38.71, joints_pos, 17.85, 53.79, -16.97, -73.41, 15.69, 52.14, 39.88, tool_torque, -0.328, 0.052, -0.091, joint_torque, -0.4, 3.29, 0.34, -1.36, 0.15, -0.25, -0.11, robot_mode, normal, 
17/05/2022 16:45:49:849, robot_pos, 1652802236551, 641.82, 90.75, 221.65, 2.41, 0.05, 3.12, circuit_pos, 641.14, 97.89, 220.87, 2.4, 0.06, 3.12, tool_force, -1.6, -0.21, 5.63, actual_rep, 1, curr_step, 25, track_size, 105, robot_vel, 49.78, joints_pos, 18.38, 53.9, -16.98, -73.29, 15.49, 52.1, 41.04, tool_torque, -0.276, 0.267, -0.115, joint_torque, -0.5, 3.34, 0.37, -1.36, 0.16, -0.1, -0.12, robot_mode, normal, 
17/05/2022 16:45:49:964, robot_pos, 1652802236707, 641.5, 96.96, 220.96, 2.4, 0.06, 3.12, circuit_pos, 640.88, 105.11, 219.73, 2.39, 0.06, 3.12, tool_force, -0.75, 0.47, 5.2, actual_rep, 1, curr_step, 24, track_size, 105, robot_vel, 39.53, joints_pos, 18.97, 54.01, -16.98, -73.2, 15.24, 51.96, 42.29, tool_torque, -0.108, 0.272, -0.093, joint_torque, -0.29, 3.1, 0.42, -1.33, 0.16, 0.03, -0.11, robot_mode, normal, 
17/05/2022 16:45:50:162, robot_pos, 1652802236857, 641.38, 102.83, 220.11, 2.39, 0.06, 3.12, circuit_pos, 640.63, 112.88, 218.3, 2.37, 0.06, 3.11, tool_force, -1.36, 0.46, 5.24, actual_rep, 1, curr_step, 23, track_size, 105, robot_vel, 38.22, joints_pos, 19.49, 54.16, -16.99, -73.06, 15.16, 51.85, 43.5, tool_torque, -0.135, 0.416, -0.114, joint_torque, -0.58, 3.21, 0.41, -1.28, 0.15, 0.04, -0.11, robot_mode, normal, 
17/05/2022 16:45:50:276, robot_pos, 1652802237010, 641.15, 108.59, 219.15, 2.38, 0.06, 3.11, circuit_pos, 640.44, 120.86, 216.66, 2.36, 0.06, 3.11, tool_force, -1.11, 0.66, 5.23, actual_rep, 1, curr_step, 22, track_size, 105, robot_vel, 38.98, joints_pos, 19.94, 54.28, -16.94, -72.98, 15.26, 51.62, 44.69, tool_torque, 0.049, 0.222, -0.079, joint_torque, -0.35, 3.2, 0.23, -1.34, 0.07, 0.05, -0.11, robot_mode, normal, 
17/05/2022 16:45:50:481, robot_pos, 1652802237157, 640.91, 114.41, 218.07, 2.37, 0.06, 3.11, circuit_pos, 640.44, 120.86, 216.66, 2.36, 0.06, 3.11, tool_force, -1.12, 0.42, 5.23, actual_rep, 1, curr_step, 22, track_size, 105, robot_vel, 38.69, joints_pos, 20.44, 54.45, -16.94, -72.84, 15.29, 51.54, 45.67, tool_torque, 0.034, 0.213, -0.083, joint_torque, -0.28, 3.34, 0.31, -1.35, 0.05, 0.04, -0.11, robot_mode, normal, 
17/05/2022 16:45:50:584, robot_pos, 1652802237307, 640.84, 120.2, 216.96, 2.36, 0.06, 3.11, circuit_pos, 640.38, 129.45, 215.07, 2.35, 0.06, 3.11, tool_force, -0.93, 0.45, 5.23, actual_rep, 1, curr_step, 21, track_size, 105, robot_vel, 46.5, joints_pos, 20.93, 54.66, -16.94, -72.61, 15.31, 51.52, 46.67, tool_torque, 0.0080, 0.187, -0.103, joint_torque, -0.27, 3.16, 0.33, -1.34, 0.05, 0.01, -0.13, robot_mode, normal, 
17/05/2022 16:45:50:761, robot_pos, 1652802237457, 640.75, 126.07, 215.84, 2.36, 0.06, 3.11, circuit_pos, 640.43, 138.66, 213.47, 2.34, 0.06, 3.11, tool_force, -0.92, 0.61, 5.57, actual_rep, 1, curr_step, 20, track_size, 105, robot_vel, 39.61, joints_pos, 21.41, 54.88, -16.95, -72.38, 15.31, 51.52, 47.59, tool_torque, -0.044, 0.159, -0.132, joint_torque, -0.22, 3.07, 0.35, -1.21, 0.06, -0.04, -0.15, robot_mode, normal, 
17/05/2022 16:45:50:892, robot_pos, 1652802237606, 640.66, 131.87, 214.74, 2.35, 0.06, 3.11, circuit_pos, 640.43, 138.66, 213.47, 2.34, 0.06, 3.11, tool_force, -0.98, 0.2, 5.43, actual_rep, 1, curr_step, 20, track_size, 105, robot_vel, 38.61, joints_pos, 21.9, 55.1, -16.96, -72.12, 15.31, 51.55, 48.52, tool_torque, -0.175, 0.189, -0.138, joint_torque, -0.41, 3.18, 0.36, -1.34, 0.07, -0.11, -0.14, robot_mode, normal, 
17/05/2022 16:45:51:045, robot_pos, 1652802237754, 640.62, 137.6, 213.67, 2.34, 0.06, 3.11, circuit_pos, 640.37, 148.02, 211.62, 2.33, 0.06, 3.11, tool_force, -0.49, 0.24, 5.79, actual_rep, 1, curr_step, 19, track_size, 105, robot_vel, 39.67, joints_pos, 22.36, 55.33, -16.96, -71.85, 15.3, 51.58, 49.43, tool_torque, -0.277, 0.081, -0.12, joint_torque, -0.33, 3.14, 0.37, -1.34, 0.08, -0.2, -0.13, robot_mode, normal, 
17/05/2022 16:45:51:179, robot_pos, 1652802237914, 640.57, 143.7, 212.5, 2.34, 0.06, 3.11, circuit_pos, 640.16, 157.72, 209.42, 2.32, 0.06, 3.1, tool_force, -0.92, -0.13, 5.42, actual_rep, 1, curr_step, 18, track_size, 105, robot_vel, 40.06, joints_pos, 22.87, 55.61, -16.96, -71.52, 15.26, 51.65, 50.42, tool_torque, -0.358, 0.151, -0.102, joint_torque, -0.64, 3.22, 0.27, -1.36, 0.12, -0.23, -0.1, robot_mode, normal, 
17/05/2022 16:45:51:340, robot_pos, 1652802238066, 640.56, 149.73, 211.29, 2.33, 0.06, 3.11, circuit_pos, 640.16, 157.72, 209.42, 2.32, 0.06, 3.1, tool_force, -0.74, 0.55, 5.06, actual_rep, 1, curr_step, 18, track_size, 105, robot_vel, 41.14, joints_pos, 23.31, 55.84, -16.92, -71.25, 15.35, 51.58, 51.24, tool_torque, 0.02, 0.074, -0.065, joint_torque, -0.23, 3.26, 0.25, -1.33, 0.06, -0.03, -0.11, robot_mode, normal, 
17/05/2022 16:45:51:492, robot_pos, 1652802238213, 640.34, 155.55, 209.95, 2.32, 0.06, 3.1, circuit_pos, 639.41, 167.91, 206.55, 2.32, 0.05, 3.1, tool_force, -0.87, 0.5, 5.28, actual_rep, 1, curr_step, 17, track_size, 105, robot_vel, 38.7, joints_pos, 23.77, 56.07, -16.91, -71.03, 15.54, 51.48, 51.88, tool_torque, 0.039, 0.114, -0.07, joint_torque, -0.36, 3.26, 0.17, -1.36, 0.03, -0.01, -0.11, robot_mode, normal, 
17/05/2022 16:45:51:644, robot_pos, 1652802238371, 640.02, 161.61, 208.38, 2.32, 0.05, 3.1, circuit_pos, 639.41, 167.91, 206.55, 2.32, 0.05, 3.1, tool_force, -0.47, 0.26, 5.53, actual_rep, 1, curr_step, 17, track_size, 105, robot_vel, 38.3, joints_pos, 24.18, 56.35, -16.89, -70.73, 15.83, 51.57, 52.32, tool_torque, -0.163, -0.066, -0.072, joint_torque, -0.24, 3.19, 0.24, -1.3, 0.03, -0.21, -0.11, robot_mode, normal, 
17/05/2022 16:45:51:793, robot_pos, 1652802238523, 639.48, 167.51, 206.56, 2.32, 0.05, 3.1, circuit_pos, 637.96, 178.86, 203.01, 2.32, 0.05, 3.1, tool_force, -0.72, 0.13, 5.5, actual_rep, 1, curr_step, 16, track_size, 105, robot_vel, 39.07, joints_pos, 24.63, 56.63, -16.88, -70.47, 15.97, 51.59, 52.82, tool_torque, -0.153, -0.0040, -0.057, joint_torque, -0.46, 3.12, 0.17, -1.31, 0.03, -0.19, -0.07, robot_mode, normal, 
17/05/2022 16:45:51:948, robot_pos, 1652802238672, 638.85, 173.3, 204.82, 2.32, 0.05, 3.1, circuit_pos, 636.39, 189.18, 199.82, 2.32, 0.05, 3.1, tool_force, -0.94, 0.18, 5.58, actual_rep, 1, curr_step, 15, track_size, 105, robot_vel, 39.02, joints_pos, 25.1, 56.91, -16.88, -70.23, 16.08, 51.59, 53.33, tool_torque, -0.173, 0.083, -0.069, joint_torque, -0.67, 3.38, 0.1, -1.39, 0.02, -0.19, -0.08, robot_mode, normal, 
17/05/2022 16:45:52:093, robot_pos, 1652802238820, 638.11, 179.12, 203.05, 2.32, 0.05, 3.1, circuit_pos, 636.39, 189.18, 199.82, 2.32, 0.05, 3.1, tool_force, -0.69, 0.32, 5.57, actual_rep, 1, curr_step, 15, track_size, 105, robot_vel, 42.24, joints_pos, 25.56, 57.17, -16.88, -70.0, 16.14, 51.59, 53.83, tool_torque, -0.131, -0.054, -0.037, joint_torque, -0.15, 3.19, 0.28, -1.31, 0.03, -0.18, -0.07, robot_mode, normal, 
17/05/2022 16:45:52:297, robot_pos, 1652802238974, 637.28, 185.07, 201.25, 2.32, 0.05, 3.1, circuit_pos, 634.33, 200.45, 196.38, 2.32, 0.05, 3.1, tool_force, -0.4, 0.3, 5.12, actual_rep, 1, curr_step, 14, track_size, 105, robot_vel, 42.82, joints_pos, 26.06, 57.44, -16.88, -69.78, 16.19, 51.57, 54.36, tool_torque, -0.115, 0.039, -0.063, joint_torque, -0.33, 3.35, 0.27, -1.41, 0.02, -0.13, -0.08, robot_mode, normal, 
17/05/2022 16:45:52:395, robot_pos, 1652802239118, 636.34, 190.66, 199.58, 2.32, 0.05, 3.1, circuit_pos, 634.33, 200.45, 196.38, 2.32, 0.05, 3.1, tool_force, -0.56, 0.37, 5.27, actual_rep, 1, curr_step, 14, track_size, 105, robot_vel, 40.95, joints_pos, 26.52, 57.69, -16.88, -69.58, 16.22, 51.55, 54.87, tool_torque, -0.027, 0.059, -0.053, joint_torque, -0.24, 3.37, 0.33, -1.38, 0.03, -0.07, -0.07, robot_mode, normal, 
17/05/2022 16:45:52:550, robot_pos, 1652802239269, 635.38, 196.52, 197.81, 2.32, 0.05, 3.1, circuit_pos, 632.1, 210.88, 193.45, 2.32, 0.04, 3.1, tool_force, -0.81, 0.54, 5.32, actual_rep, 1, curr_step, 13, track_size, 105, robot_vel, 41.49, joints_pos, 27.01, 57.95, -16.89, -69.36, 16.27, 51.54, 55.38, tool_torque, 0.0040, 0.106, -0.064, joint_torque, -0.3, 3.37, 0.33, -1.35, 0.03, -0.06, -0.08, robot_mode, normal, 
17/05/2022 16:45:52:744, robot_pos, 1652802239423, 634.13, 202.51, 196.03, 2.32, 0.05, 3.1, circuit_pos, 632.1, 210.88, 193.45, 2.32, 0.04, 3.1, tool_force, -0.34, 0.3, 5.4, actual_rep, 1, curr_step, 13, track_size, 105, robot_vel, 39.88, joints_pos, 27.47, 58.2, -16.88, -69.15, 16.53, 51.59, 55.75, tool_torque, -0.151, -0.0050, -0.047, joint_torque, -0.49, 3.35, 0.17, -1.37, 0.02, -0.2, -0.06, robot_mode, normal, 
17/05/2022 16:45:52:879, robot_pos, 1652802239579, 632.98, 208.57, 194.36, 2.32, 0.04, 3.1, circuit_pos, 630.39, 221.32, 191.06, 2.32, 0.04, 3.1, tool_force, -0.31, 0.03, 5.49, actual_rep, 1, curr_step, 12, track_size, 105, robot_vel, 42.61, joints_pos, 27.94, 58.47, -16.87, -68.9, 16.71, 51.67, 56.18, tool_torque, -0.181, -0.124, -0.033, joint_torque, -0.08, 3.33, 0.34, -1.35, 0.03, -0.24, -0.07, robot_mode, normal, 
17/05/2022 16:45:53:059, robot_pos, 1652802239726, 631.98, 214.32, 192.92, 2.32, 0.04, 3.1, circuit_pos, 630.39, 221.32, 191.06, 2.32, 0.04, 3.1, tool_force, -0.46, 0.03, 5.28, actual_rep, 1, curr_step, 12, track_size, 105, robot_vel, 38.68, joints_pos, 28.4, 58.72, -16.87, -68.64, 16.79, 51.73, 56.67, tool_torque, -0.205, -0.076, -0.027, joint_torque, -0.17, 3.27, 0.3, -1.35, 0.03, -0.24, -0.05, robot_mode, normal, 
17/05/2022 16:45:53:176, robot_pos, 1652802239882, 631.01, 220.51, 191.57, 2.32, 0.04, 3.1, circuit_pos, 628.59, 232.71, 188.61, 2.33, 0.04, 3.09, tool_force, -0.58, 0.3, 5.57, actual_rep, 1, curr_step, 11, track_size, 105, robot_vel, 40.1, joints_pos, 28.88, 58.97, -16.87, -68.37, 16.93, 51.73, 57.01, tool_torque, -0.141, 0.027, -0.029, joint_torque, -0.36, 3.16, 0.25, -1.3, 0.04, -0.15, -0.04, robot_mode, normal, 
17/05/2022 16:45:53:378, robot_pos, 1652802240024, 630.06, 226.02, 190.3, 2.33, 0.04, 3.09, circuit_pos, 628.59, 232.71, 188.61, 2.33, 0.04, 3.09, tool_force, -0.51, 0.69, 5.06, actual_rep, 1, curr_step, 11, track_size, 105, robot_vel, 38.76, joints_pos, 29.32, 59.15, -16.87, -68.22, 17.1, 51.55, 57.19, tool_torque, 0.124, 0.045, 0.0040, joint_torque, -0.18, 3.36, 0.27, -1.37, 0.03, 0.03, -0.03, robot_mode, normal, 
17/05/2022 16:45:53:479, robot_pos, 1652802240172, 629.16, 231.69, 189.09, 2.33, 0.04, 3.09, circuit_pos, 626.63, 243.06, 186.58, 2.33, 0.04, 3.08, tool_force, -1.24, 0.52, 5.03, actual_rep, 1, curr_step, 10, track_size, 105, robot_vel, 40.06, joints_pos, 29.76, 59.35, -16.87, -68.03, 17.3, 51.35, 57.44, tool_torque, 0.145, 0.108, -0.016, joint_torque, -0.3, 3.59, 0.26, -1.46, 0.03, 0.06, -0.05, robot_mode, normal, 
17/05/2022 16:45:53:680, robot_pos, 1652802240323, 628.08, 237.6, 187.94, 2.33, 0.04, 3.09, circuit_pos, 626.63, 243.06, 186.58, 2.33, 0.04, 3.08, tool_force, -0.66, 0.81, 5.42, actual_rep, 1, curr_step, 10, track_size, 105, robot_vel, 38.42, joints_pos, 30.23, 59.52, -16.87, -67.89, 17.49, 51.09, 57.76, tool_torque, 0.162, 0.129, -0.014, joint_torque, -0.35, 3.38, 0.24, -1.36, 0.02, 0.06, -0.04, robot_mode, normal, 
17/05/2022 16:45:53:780, robot_pos, 1652802240471, 626.87, 243.29, 186.78, 2.33, 0.04, 3.08, circuit_pos, 623.62, 255.02, 184.25, 2.32, 0.04, 3.07, tool_force, -1.02, 0.66, 4.94, actual_rep, 1, curr_step, 9, track_size, 105, robot_vel, 50.0, joints_pos, 30.7, 59.68, -16.87, -67.79, 17.68, 50.83, 58.26, tool_torque, 0.126, 0.171, -0.025, joint_torque, -0.56, 3.26, 0.15, -1.38, 0.02, 0.07, -0.04, robot_mode, normal, 
17/05/2022 16:45:53:991, robot_pos, 1652802240626, 625.43, 249.37, 185.59, 2.32, 0.04, 3.08, circuit_pos, 619.77, 266.36, 181.83, 2.32, 0.04, 3.07, tool_force, -0.81, 0.63, 4.89, actual_rep, 1, curr_step, 8, track_size, 105, robot_vel, 38.3, joints_pos, 31.21, 59.83, -16.87, -67.69, 17.86, 50.51, 58.85, tool_torque, 0.164, 0.117, -0.022, joint_torque, -0.3, 3.31, 0.26, -1.34, 0.02, 0.08, -0.05, robot_mode, normal, 
17/05/2022 16:45:54:088, robot_pos, 1652802240775, 623.68, 255.25, 184.39, 2.32, 0.04, 3.07, circuit_pos, 619.77, 266.36, 181.83, 2.32, 0.04, 3.07, tool_force, -0.91, 0.47, 4.89, actual_rep, 1, curr_step, 8, track_size, 105, robot_vel, 38.74, joints_pos, 31.71, 59.98, -16.88, -67.6, 17.93, 50.36, 59.4, tool_torque, 0.078, 0.232, -0.059, joint_torque, -0.57, 3.17, 0.23, -1.35, 0.03, 0.07, -0.06, robot_mode, normal, 
17/05/2022 16:45:54:296, robot_pos, 1652802240926, 621.94, 261.08, 183.16, 2.32, 0.04, 3.07, circuit_pos, 615.82, 276.53, 179.45, 2.31, 0.04, 3.07, tool_force, -0.52, 0.66, 5.19, actual_rep, 1, curr_step, 7, track_size, 105, robot_vel, 43.47, joints_pos, 32.21, 60.15, -16.88, -67.46, 17.99, 50.25, 59.96, tool_torque, 0.128, 0.126, -0.054, joint_torque, -0.2, 3.37, 0.35, -1.36, 0.03, 0.06, -0.07, robot_mode, normal, 
17/05/2022 16:45:54:395, robot_pos, 1652802241073, 619.86, 266.79, 181.85, 2.32, 0.04, 3.07, circuit_pos, 615.82, 276.53, 179.45, 2.31, 0.04, 3.07, tool_force, -0.47, 0.68, 5.05, actual_rep, 1, curr_step, 7, track_size, 105, robot_vel, 42.07, joints_pos, 32.73, 60.31, -16.89, -67.37, 18.0, 50.17, 60.72, tool_torque, 0.074, 0.176, -0.07, joint_torque, -0.23, 3.25, 0.38, -1.32, 0.03, 0.04, -0.08, robot_mode, normal, 
17/05/2022 16:45:54:529, robot_pos, 1652802241225, 617.76, 272.63, 180.51, 2.31, 0.04, 3.07, circuit_pos, 611.58, 285.59, 176.99, 2.31, 0.03, 3.07, tool_force, -0.64, 0.51, 5.02, actual_rep, 1, curr_step, 6, track_size, 105, robot_vel, 41.73, joints_pos, 33.26, 60.48, -16.9, -67.27, 18.0, 50.08, 61.49, tool_torque, 0.046, 0.168, -0.083, joint_torque, -0.19, 3.24, 0.42, -1.32, 0.03, 0.03, -0.09, robot_mode, normal, 
17/05/2022 16:45:54:679, robot_pos, 1652802241371, 615.21, 278.41, 179.07, 2.31, 0.04, 3.07, circuit_pos, 611.58, 285.59, 176.99, 2.31, 0.03, 3.07, tool_force, -0.73, 0.49, 5.18, actual_rep, 1, curr_step, 6, track_size, 105, robot_vel, 44.63, joints_pos, 33.75, 60.63, -16.87, -67.21, 18.24, 50.08, 61.95, tool_torque, 0.055, 0.177, -0.078, joint_torque, -0.46, 3.39, 0.24, -1.37, 0.01, 0.01, -0.09, robot_mode, normal, 
17/05/2022 16:45:54:890, robot_pos, 1652802241526, 612.52, 284.25, 177.38, 2.31, 0.03, 3.07, circuit_pos, 607.73, 292.91, 174.49, 2.31, 0.03, 3.07, tool_force, -0.92, 0.33, 4.94, actual_rep, 1, curr_step, 5, track_size, 105, robot_vel, 44.52, joints_pos, 34.24, 60.8, -16.85, -67.15, 18.43, 50.05, 62.42, tool_torque, 0.041, 0.156, -0.07, joint_torque, -0.44, 3.19, 0.2, -1.37, 0.02, 0.04, -0.09, robot_mode, normal, 
17/05/2022 16:45:55:021, robot_pos, 1652802241672, 609.64, 290.12, 175.58, 2.31, 0.03, 3.07, circuit_pos, 604.57, 298.62, 172.15, 2.3, 0.03, 3.08, tool_force, -0.68, 0.6, 4.9, actual_rep, 1, curr_step, 4, track_size, 105, robot_vel, 45.15, joints_pos, 34.8, 60.96, -16.85, -67.14, 18.52, 49.96, 62.97, tool_torque, 0.079, 0.169, -0.073, joint_torque, -0.35, 3.13, 0.25, -1.3, 0.02, 0.04, -0.09, robot_mode, normal, 
17/05/2022 16:45:55:160, robot_pos, 1652802241823, 606.41, 295.75, 173.32, 2.3, 0.03, 3.08, circuit_pos, 602.07, 302.87, 170.1, 2.31, 0.03, 3.08, tool_force, -0.76, -0.13, 5.55, actual_rep, 1, curr_step, 3, track_size, 105, robot_vel, 53.22, joints_pos, 35.38, 61.2, -16.91, -67.05, 18.49, 50.08, 63.98, tool_torque, -0.279, 0.107, -0.099, joint_torque, -0.09, 3.14, 0.54, -1.26, 0.08, -0.21, -0.1, robot_mode, normal, 
17/05/2022 16:45:55:327, robot_pos, 1652802241980, 603.0, 302.0, 170.56, 2.31, 0.03, 3.08, circuit_pos, 598.84, 308.03, 167.24, 2.32, 0.04, 3.09, tool_force, -0.34, 0.41, 5.5, actual_rep, 1, curr_step, 1, track_size, 105, robot_vel, 49.1, joints_pos, 36.02, 61.48, -16.91, -66.98, 18.31, 50.03, 64.28, tool_torque, -0.11, 0.158, 0.025, joint_torque, -0.28, 3.29, 0.47, -1.3, 0.12, -0.08, 0.04, robot_mode, normal, 
17/05/2022 16:45:55:480, robot_pos, 1652802242134, 599.17, 307.7, 167.5, 2.32, 0.04, 3.09, circuit_pos, 598.32, 308.8, 166.77, 2.32, 0.04, 3.09, tool_force, -1.13, -0.2, 5.08, actual_rep, 1, curr_step, 0, track_size, 105, robot_vel, 54.41, joints_pos, 36.73, 61.78, -16.94, -66.92, 17.55, 50.13, 64.99, tool_torque, -0.321, 0.312, -0.112, joint_torque, -0.39, 3.15, 0.57, -1.33, 0.15, -0.18, -0.09, robot_mode, normal, 
17/05/2022 16:45:55:595, robot_pos, 1652802242281, 599.18, 308.07, 167.21, 2.32, 0.04, 3.09, circuit_pos, 598.32, 308.8, 166.77, 2.32, 0.04, 3.09, tool_force, -0.85, -0.02, 5.19, actual_rep, 1, curr_step, 0, track_size, 105, robot_vel, 5.87, joints_pos, 36.83, 61.86, -17.11, -66.83, 17.67, 50.24, 64.98, tool_torque, -0.234, 0.07, 0.087, joint_torque, -0.53, 3.08, 0.34, -1.3, 0.04, -0.22, 0.16, robot_mode, normal, 
17/05/2022 16:45:55:774, robot_pos, 1652802242446, 599.09, 308.15, 167.16, 2.32, 0.04, 3.09, circuit_pos, 598.32, 308.8, 166.77, 2.32, 0.04, 3.09, tool_force, -0.01, 0.99, 5.51, actual_rep, 1, curr_step, 0, track_size, 105, robot_vel, 1.1, joints_pos, 36.83, 61.86, -17.09, -66.84, 17.68, 50.23, 64.96, tool_torque, -0.0010, -0.112, 0.179, joint_torque, 0.0, 3.34, 0.5, -1.21, 0.06, -0.16, 0.19, robot_mode, normal, 
17/05/2022 16:45:55:948, robot_pos, 1652802242596, 599.06, 308.17, 167.17, 2.32, 0.04, 3.09, circuit_pos, 598.32, 308.8, 166.77, 2.32, 0.04, 3.09, tool_force, -0.01, 0.94, 5.38, actual_rep, 1, curr_step, 0, track_size, 105, robot_vel, 0.49, joints_pos, 36.83, 61.86, -17.08, -66.84, 17.66, 50.23, 64.98, tool_torque, -0.0040, -0.094, 0.154, joint_torque, -0.04, 3.31, 0.43, -1.22, 0.08, -0.15, 0.15, robot_mode, normal, 
17/05/2022 16:45:56:065, robot_pos, 1652802242747, 599.05, 308.18, 167.18, 2.32, 0.04, 3.09, circuit_pos, 598.32, 308.8, 166.77, 2.32, 0.04, 3.09, tool_force, 0.13, 0.92, 5.32, actual_rep, 1, curr_step, 0, track_size, 105, robot_vel, 0.1, joints_pos, 36.83, 61.85, -17.08, -66.84, 17.65, 50.22, 64.98, tool_torque, 0.0090, -0.116, 0.16, joint_torque, 0.02, 3.29, 0.43, -1.21, 0.09, -0.14, 0.15, robot_mode, normal, 
17/05/2022 16:45:56:380, robot_pos, 1652802243060, 599.04, 308.18, 167.18, 2.32, 0.04, 3.09, circuit_pos, 598.32, 308.8, 166.77, 2.32, 0.04, 3.09, tool_force, 0.03, 0.95, 5.39, actual_rep, 2, curr_step, 0, track_size, 105, robot_vel, 0.02, joints_pos, 36.83, 61.85, -17.08, -66.84, 17.65, 50.22, 64.98, tool_torque, 0.0090, -0.093, 0.157, joint_torque, -0.05, 3.31, 0.41, -1.22, 0.09, -0.14, 0.15, robot_mode, normal, 
