24/05/2022 17:29:31: File Created!
24/05/2022 17:29:31:708, robot_pos, 1653409654068, 612.91, 280.94, 203.73, 2.36, -0.03, 3.07, circuit_pos, 614.15, 276.57, 203.47, 2.36, -0.03, 3.07, tool_force, -0.96, 1.45, -0.4, actual_rep, 1, curr_step, 1, track_size, 99, robot_vel, 32.0, joints_pos, 32.81, 58.48, -16.02, -66.97, 20.74, 54.05, 57.47, tool_torque, 0.041, 0.124, 0.084, joint_torque, -0.42, -0.4, -0.15, 0.57, 0.04, -0.13, 0.12, robot_mode, impedance, 
24/05/2022 17:29:31:861, robot_pos, 1653409654202, 612.98, 280.97, 203.84, 2.36, -0.03, 3.07, circuit_pos, 614.15, 276.57, 203.47, 2.36, -0.03, 3.07, tool_force, -0.69, 1.23, -0.46, actual_rep, 1, curr_step, 1, track_size, 99, robot_vel, 32.0, joints_pos, 32.81, 58.47, -16.02, -66.95, 20.73, 54.05, 57.47, tool_torque, 0.024, 0.058, 0.086, joint_torque, -0.28, -0.47, -0.13, 0.53, 0.04, -0.13, 0.11, robot_mode, impedance, 
24/05/2022 17:29:32:003, robot_pos, 1653409654356, 613.44, 280.0, 203.79, 2.36, -0.03, 3.07, circuit_pos, 615.8, 269.32, 202.82, 2.35, -0.02, 3.08, tool_force, 0.37, 1.16, 7.43, actual_rep, 1, curr_step, 2, track_size, 99, robot_vel, 10.87, joints_pos, 32.73, 58.48, -16.06, -66.96, 20.73, 54.05, 57.43, tool_torque, 0.117, -0.183, 0.185, joint_torque, 0.97, 4.52, 0.97, -1.78, 0.04, -0.12, 0.24, robot_mode, impedance, 
24/05/2022 17:29:32:119, robot_pos, 1653409654500, 614.92, 274.21, 203.29, 2.35, -0.03, 3.07, circuit_pos, 617.23, 260.65, 201.8, 2.34, -0.01, 3.09, tool_force, -0.5, 1.33, 7.17, actual_rep, 1, curr_step, 3, track_size, 99, robot_vel, 51.51, joints_pos, 32.44, 58.48, -16.31, -67.11, 20.59, 54.12, 57.28, tool_torque, 0.128, -0.154, 0.266, joint_torque, 0.29, 4.77, 0.71, -1.85, 0.05, -0.15, 0.27, robot_mode, impedance, 
24/05/2022 17:29:32:269, robot_pos, 1653409654651, 615.95, 268.59, 202.74, 2.35, -0.02, 3.08, circuit_pos, 617.23, 260.65, 201.8, 2.34, -0.01, 3.09, tool_force, -0.03, 1.46, 7.45, actual_rep, 1, curr_step, 3, track_size, 99, robot_vel, 37.51, joints_pos, 32.2, 58.45, -16.52, -67.32, 20.17, 54.13, 57.48, tool_torque, 0.12, -0.081, 0.076, joint_torque, 0.39, 4.76, 0.74, -1.84, 0.06, -0.1, 0.05, robot_mode, impedance, 
24/05/2022 17:29:32:416, robot_pos, 1653409654797, 616.88, 262.86, 202.16, 2.34, -0.01, 3.09, circuit_pos, 618.61, 250.37, 200.73, 2.34, -0.01, 3.1, tool_force, -0.02, 1.75, 7.68, actual_rep, 1, curr_step, 4, track_size, 99, robot_vel, 44.18, joints_pos, 31.89, 58.4, -16.63, -67.56, 19.75, 54.13, 57.57, tool_torque, 0.191, -0.157, 0.145, joint_torque, 0.57, 4.9, 0.8, -1.84, 0.05, -0.11, 0.12, robot_mode, impedance, 
24/05/2022 17:29:32:572, robot_pos, 1653409654948, 617.74, 256.97, 201.6, 2.34, -0.01, 3.09, circuit_pos, 618.61, 250.37, 200.73, 2.34, -0.01, 3.1, tool_force, 0.14, 1.74, 7.56, actual_rep, 1, curr_step, 4, track_size, 99, robot_vel, 39.65, joints_pos, 31.44, 58.33, -16.61, -67.77, 19.45, 54.23, 57.36, tool_torque, 0.233, -0.253, 0.317, joint_torque, 0.29, 4.97, 0.6, -1.91, 0.04, -0.12, 0.31, robot_mode, impedance, 
24/05/2022 17:29:32:731, robot_pos, 1653409655094, 618.66, 251.31, 201.05, 2.34, -0.01, 3.1, circuit_pos, 619.55, 239.35, 199.74, 2.33, 0.0, 3.1, tool_force, -0.25, 2.2, 7.78, actual_rep, 1, curr_step, 5, track_size, 99, robot_vel, 38.3, joints_pos, 31.01, 58.25, -16.57, -68.04, 19.1, 54.13, 57.28, tool_torque, 0.395, -0.215, 0.361, joint_torque, 0.21, 4.72, 0.5, -1.8, 0.05, -0.02, 0.33, robot_mode, impedance, 
24/05/2022 17:29:32:873, robot_pos, 1653409655244, 619.08, 245.52, 200.56, 2.33, 0.0, 3.1, circuit_pos, 619.55, 239.35, 199.74, 2.33, 0.0, 3.1, tool_force, -0.23, 2.29, 7.29, actual_rep, 1, curr_step, 5, track_size, 99, robot_vel, 39.02, joints_pos, 30.63, 58.08, -16.56, -68.47, 18.81, 53.85, 57.21, tool_torque, 0.466, -0.154, 0.372, joint_torque, 0.22, 5.11, 0.55, -1.97, 0.07, 0.07, 0.34, robot_mode, impedance, 
24/05/2022 17:29:33:025, robot_pos, 1653409655391, 619.54, 239.75, 200.07, 2.33, 0.0, 3.1, circuit_pos, 619.98, 227.9, 199.03, 2.32, 0.0, 3.11, tool_force, 0.28, 1.92, 7.09, actual_rep, 1, curr_step, 6, track_size, 99, robot_vel, 40.03, joints_pos, 30.23, 57.94, -16.56, -68.84, 18.6, 53.72, 57.09, tool_torque, 0.431, -0.273, 0.384, joint_torque, 0.51, 4.82, 0.63, -1.87, 0.07, 0.04, 0.34, robot_mode, impedance, 
24/05/2022 17:29:33:173, robot_pos, 1653409655542, 619.87, 233.94, 199.68, 2.32, 0.0, 3.11, circuit_pos, 619.98, 227.9, 199.03, 2.32, 0.0, 3.11, tool_force, 0.43, 2.3, 7.33, actual_rep, 1, curr_step, 6, track_size, 99, robot_vel, 44.08, joints_pos, 29.83, 57.81, -16.56, -69.16, 18.4, 53.69, 57.0, tool_torque, 0.467, -0.332, 0.385, joint_torque, 0.65, 4.94, 0.7, -1.89, 0.06, 0.03, 0.34, robot_mode, impedance, 
24/05/2022 17:29:33:363, robot_pos, 1653409655691, 620.0, 228.22, 199.35, 2.32, 0.0, 3.11, circuit_pos, 619.92, 216.18, 198.76, 2.31, 0.0, 3.12, tool_force, 0.62, 2.02, 7.45, actual_rep, 1, curr_step, 7, track_size, 99, robot_vel, 40.03, joints_pos, 29.43, 57.67, -16.57, -69.52, 18.21, 53.68, 56.89, tool_torque, 0.401, -0.297, 0.38, joint_torque, 0.58, 4.85, 0.71, -1.92, 0.07, 0.01, 0.34, robot_mode, impedance, 
24/05/2022 17:29:33:473, robot_pos, 1653409655840, 619.92, 222.58, 199.13, 2.31, 0.0, 3.12, circuit_pos, 619.92, 216.18, 198.76, 2.31, 0.0, 3.12, tool_force, 1.78, 2.13, 7.79, actual_rep, 1, curr_step, 7, track_size, 99, robot_vel, 37.33, joints_pos, 29.04, 57.51, -16.56, -69.88, 18.03, 53.69, 56.81, tool_torque, 0.42, -0.355, 0.397, joint_torque, 1.3, 4.88, 1.2, -1.94, 0.15, 0.06, 0.36, robot_mode, impedance, 
24/05/2022 17:29:33:625, robot_pos, 1653409655989, 619.9, 216.74, 199.05, 2.31, 0.0, 3.12, circuit_pos, 619.33, 204.63, 198.88, 2.3, 0.01, 3.13, tool_force, 1.55, 2.41, 7.46, actual_rep, 1, curr_step, 8, track_size, 99, robot_vel, 39.1, joints_pos, 28.65, 57.34, -16.57, -70.25, 17.7, 53.68, 56.78, tool_torque, 0.372, -0.268, 0.306, joint_torque, 1.31, 4.88, 1.29, -1.89, 0.15, 0.05, 0.27, robot_mode, impedance, 
24/05/2022 17:29:33:772, robot_pos, 1653409656138, 619.74, 211.17, 198.98, 2.3, 0.01, 3.13, circuit_pos, 619.33, 204.63, 198.88, 2.3, 0.01, 3.13, tool_force, 1.87, 3.33, 7.75, actual_rep, 1, curr_step, 8, track_size, 99, robot_vel, 39.2, joints_pos, 28.32, 57.16, -16.6, -70.65, 17.35, 53.59, 56.81, tool_torque, 0.37, -0.125, 0.163, joint_torque, 1.79, 4.86, 1.74, -1.61, 0.23, 0.03, 0.14, robot_mode, impedance, 
24/05/2022 17:29:33:927, robot_pos, 1653409656287, 619.63, 207.55, 199.43, 2.3, 0.01, 3.13, circuit_pos, 618.07, 193.54, 199.34, 2.3, 0.0, 3.14, tool_force, 1.93, 3.62, 6.95, actual_rep, 1, curr_step, 9, track_size, 99, robot_vel, 31.31, joints_pos, 28.05, 57.0, -16.55, -70.88, 17.05, 53.66, 56.89, tool_torque, 0.305, -0.292, 0.179, joint_torque, 1.87, 4.2, 1.45, -1.17, 0.23, -0.15, 0.13, robot_mode, impedance, 
24/05/2022 17:29:34:074, robot_pos, 1653409656436, 619.66, 203.2, 199.73, 2.3, 0.01, 3.14, circuit_pos, 618.07, 193.54, 199.34, 2.3, 0.0, 3.14, tool_force, 2.79, 4.11, 6.62, actual_rep, 1, curr_step, 9, track_size, 99, robot_vel, 25.86, joints_pos, 27.73, 56.92, -16.57, -70.98, 16.88, 54.02, 56.78, tool_torque, 0.36, -0.499, 0.33, joint_torque, 2.45, 3.94, 1.77, -0.97, 0.24, -0.19, 0.29, robot_mode, impedance, 
24/05/2022 17:29:34:224, robot_pos, 1653409656584, 620.41, 198.32, 201.14, 2.3, 0.01, 3.14, circuit_pos, 616.29, 182.76, 200.06, 2.3, 0.0, -3.14, tool_force, 1.63, 5.06, 0.72, actual_rep, 1, curr_step, 10, track_size, 99, robot_vel, 36.03, joints_pos, 27.34, 56.77, -16.63, -71.04, 16.81, 54.37, 56.54, tool_torque, 0.297, -0.513, 0.405, joint_torque, 2.08, -0.57, 0.94, 1.68, 0.23, -0.45, 0.39, robot_mode, impedance, 
24/05/2022 17:29:34:374, robot_pos, 1653409656733, 623.01, 194.38, 206.56, 2.3, 0.01, 3.14, circuit_pos, 616.29, 182.76, 200.06, 2.3, 0.0, -3.14, tool_force, -1.97, 6.87, -11.43, actual_rep, 1, curr_step, 10, track_size, 99, robot_vel, 49.05, joints_pos, 26.91, 56.42, -16.65, -70.75, 16.64, 54.95, 56.21, tool_torque, 0.011, -0.255, 0.29, joint_torque, 0.43, -8.5, -0.98, 6.37, 0.18, -1.01, 0.31, robot_mode, impedance, 
24/05/2022 17:29:34:525, robot_pos, 1653409656882, 623.87, 186.94, 208.26, 2.3, 0.0, -3.14, circuit_pos, 616.29, 182.76, 200.06, 2.3, 0.0, -3.14, tool_force, -3.7, 6.35, -11.45, actual_rep, 1, curr_step, 10, track_size, 99, robot_vel, 53.64, joints_pos, 26.3, 56.18, -16.65, -70.97, 16.48, 55.21, 55.67, tool_torque, 0.131, -0.089, 0.31, joint_torque, -1.13, -8.45, -2.02, 6.04, -0.01, -0.85, 0.35, robot_mode, impedance, 
24/05/2022 17:29:34:674, robot_pos, 1653409657031, 624.66, 184.26, 210.14, 2.3, 0.0, 3.14, circuit_pos, 616.29, 182.76, 200.06, 2.3, 0.0, -3.14, tool_force, -3.25, 6.46, -17.97, actual_rep, 1, curr_step, 10, track_size, 99, robot_vel, 28.77, joints_pos, 25.84, 55.92, -16.33, -71.05, 16.46, 55.17, 55.36, tool_torque, 0.185, -0.273, 0.382, joint_torque, -0.67, -12.46, -2.48, 8.16, 0.1, -0.92, 0.35, robot_mode, impedance, 
24/05/2022 17:29:34:825, robot_pos, 1653409657179, 625.65, 182.38, 211.44, 2.3, 0.0, 3.14, circuit_pos, 616.29, 182.76, 200.06, 2.3, 0.0, -3.14, tool_force, -6.56, 5.93, -19.63, actual_rep, 1, curr_step, 10, track_size, 99, robot_vel, 16.63, joints_pos, 25.67, 55.85, -16.34, -70.97, 16.3, 55.26, 55.36, tool_torque, -0.016, -0.124, 0.457, joint_torque, -2.65, -13.6, -3.88, 8.8, 0.0, -1.18, 0.44, robot_mode, impedance, 
24/05/2022 17:29:34:980, robot_pos, 1653409657330, 626.62, 180.83, 212.77, 2.29, 0.0, 3.14, circuit_pos, 616.29, 182.76, 200.06, 2.3, 0.0, -3.14, tool_force, -6.2, 4.13, -23.89, actual_rep, 1, curr_step, 10, track_size, 99, robot_vel, 17.79, joints_pos, 25.54, 55.81, -16.4, -70.82, 16.27, 55.5, 55.34, tool_torque, -0.17, -0.247, 0.606, joint_torque, -2.93, -16.4, -4.38, 9.68, -0.03, -1.14, 0.62, robot_mode, impedance, 
24/05/2022 17:29:35:129, robot_pos, 1653409657477, 625.8, 180.68, 214.34, 2.29, 0.0, -3.14, circuit_pos, 616.29, 182.76, 200.06, 2.3, 0.0, -3.14, tool_force, -2.87, 0.66, -29.33, actual_rep, 1, curr_step, 10, track_size, 99, robot_vel, 13.02, joints_pos, 25.54, 55.58, -16.35, -71.0, 16.22, 55.63, 55.34, tool_torque, -0.405, -0.403, 0.61, joint_torque, -2.12, -19.67, -4.27, 10.18, 0.05, -0.83, 0.61, robot_mode, impedance, 
24/05/2022 17:29:35:282, robot_pos, 1653409657627, 622.22, 181.5, 214.68, 2.3, 0.0, -3.14, circuit_pos, 616.29, 182.76, 200.06, 2.3, 0.0, -3.14, tool_force, -2.09, -0.67, -27.51, actual_rep, 1, curr_step, 10, track_size, 99, robot_vel, 29.54, joints_pos, 25.7, 55.14, -16.22, -71.81, 16.11, 55.21, 55.39, tool_torque, -0.409, -0.163, 0.46, joint_torque, -1.86, -17.83, -3.61, 8.82, 0.08, -0.49, 0.49, robot_mode, impedance, 
24/05/2022 17:29:35:426, robot_pos, 1653409657774, 618.54, 180.57, 213.07, 2.29, 0.0, -3.14, circuit_pos, 616.29, 182.76, 200.06, 2.3, 0.0, -3.14, tool_force, -2.11, -1.55, -22.59, actual_rep, 1, curr_step, 10, track_size, 99, robot_vel, 32.08, joints_pos, 25.83, 54.82, -16.21, -72.73, 16.1, 54.58, 55.39, tool_torque, -0.257, -0.165, 0.541, joint_torque, -1.92, -14.75, -3.31, 6.95, 0.04, -0.28, 0.57, robot_mode, impedance, 
24/05/2022 17:29:35:580, robot_pos, 1653409657926, 616.11, 180.14, 212.15, 2.29, 0.0, 3.14, circuit_pos, 616.29, 182.76, 200.06, 2.3, 0.0, -3.14, tool_force, -1.94, -2.71, -20.27, actual_rep, 1, curr_step, 10, track_size, 99, robot_vel, 19.79, joints_pos, 25.9, 54.6, -16.17, -73.34, 16.1, 54.16, 55.38, tool_torque, -0.284, -0.219, 0.589, joint_torque, -2.54, -12.76, -3.51, 5.65, -0.08, -0.24, 0.64, robot_mode, impedance, 
24/05/2022 17:29:35:728, robot_pos, 1653409658072, 616.1, 178.06, 211.47, 2.29, 0.01, 3.14, circuit_pos, 616.29, 182.76, 200.06, 2.3, 0.0, -3.14, tool_force, -4.8, -1.34, -19.77, actual_rep, 1, curr_step, 10, track_size, 99, robot_vel, 20.35, joints_pos, 25.82, 54.58, -16.26, -73.53, 16.06, 53.87, 55.21, tool_torque, -0.257, -0.143, 0.564, joint_torque, -3.7, -12.94, -4.29, 6.45, -0.25, -0.58, 0.64, robot_mode, impedance, 
24/05/2022 17:29:35:878, robot_pos, 1653409658222, 617.84, 177.13, 211.48, 2.29, 0.01, 3.14, circuit_pos, 616.29, 182.76, 200.06, 2.3, 0.0, -3.14, tool_force, -6.16, -0.01, -17.57, actual_rep, 1, curr_step, 10, track_size, 99, robot_vel, 20.19, joints_pos, 25.63, 54.73, -16.22, -73.2, 16.07, 54.0, 55.06, tool_torque, -0.284, -0.299, 0.536, joint_torque, -4.11, -11.66, -4.65, 6.26, -0.32, -0.88, 0.56, robot_mode, impedance, 
24/05/2022 17:29:36:031, robot_pos, 1653409658370, 619.85, 177.54, 210.87, 2.3, 0.0, 3.14, circuit_pos, 616.29, 182.76, 200.06, 2.3, 0.0, -3.14, tool_force, -5.54, 1.92, -16.9, actual_rep, 1, curr_step, 10, track_size, 99, robot_vel, 20.35, joints_pos, 25.5, 55.02, -16.14, -72.71, 16.12, 54.18, 55.0, tool_torque, -0.208, -0.346, 0.473, joint_torque, -3.17, -11.49, -4.02, 6.73, -0.21, -0.99, 0.47, robot_mode, impedance, 
24/05/2022 17:29:36:182, robot_pos, 1653409658520, 620.75, 179.31, 210.42, 2.3, 0.0, 3.14, circuit_pos, 616.29, 182.76, 200.06, 2.3, 0.0, -3.14, tool_force, -3.82, 1.86, -16.64, actual_rep, 1, curr_step, 10, track_size, 99, robot_vel, 16.35, joints_pos, 25.54, 55.23, -16.08, -72.36, 16.16, 54.39, 55.04, tool_torque, -0.271, -0.312, 0.315, joint_torque, -1.99, -11.06, -3.05, 6.34, -0.12, -0.86, 0.31, robot_mode, impedance, 
24/05/2022 17:29:36:334, robot_pos, 1653409658668, 620.91, 180.2, 209.68, 2.3, 0.0, 3.14, circuit_pos, 616.29, 182.76, 200.06, 2.3, 0.0, -3.14, tool_force, -3.79, 1.38, -14.7, actual_rep, 1, curr_step, 10, track_size, 99, robot_vel, 6.51, joints_pos, 25.6, 55.36, -16.09, -72.23, 16.18, 54.46, 55.1, tool_torque, -0.334, -0.126, 0.225, joint_torque, -2.0, -9.93, -2.71, 5.68, -0.06, -0.77, 0.25, robot_mode, impedance, 
24/05/2022 17:29:36:481, robot_pos, 1653409658818, 621.36, 180.7, 209.49, 2.3, 0.0, 3.14, circuit_pos, 616.29, 182.76, 200.06, 2.3, 0.0, -3.14, tool_force, -4.45, 2.99, -14.16, actual_rep, 1, curr_step, 10, track_size, 99, robot_vel, 4.53, joints_pos, 25.62, 55.43, -16.1, -72.11, 16.25, 54.46, 55.1, tool_torque, -0.268, -0.02, 0.212, joint_torque, -1.98, -9.85, -2.58, 6.06, -0.02, -0.86, 0.25, robot_mode, impedance, 
24/05/2022 17:29:36:636, robot_pos, 1653409658966, 621.54, 181.46, 209.09, 2.3, 0.0, 3.14, circuit_pos, 616.29, 182.76, 200.06, 2.3, 0.0, -3.14, tool_force, -2.79, 2.9, -13.66, actual_rep, 1, curr_step, 10, track_size, 99, robot_vel, 5.52, joints_pos, 25.65, 55.52, -16.08, -72.0, 16.26, 54.51, 55.11, tool_torque, -0.298, -0.164, 0.142, joint_torque, -0.98, -9.55, -1.97, 5.85, 0.02, -0.84, 0.15, robot_mode, impedance, 
24/05/2022 17:29:36:785, robot_pos, 1653409659115, 621.87, 182.16, 209.12, 2.3, 0.0, 3.14, circuit_pos, 616.29, 182.76, 200.06, 2.3, 0.0, -3.14, tool_force, -3.57, 3.45, -13.6, actual_rep, 1, curr_step, 10, track_size, 99, robot_vel, 6.17, joints_pos, 25.68, 55.57, -16.07, -71.88, 16.26, 54.57, 55.13, tool_torque, -0.307, -0.069, 0.073, joint_torque, -1.23, -9.54, -2.08, 6.1, 0.0, -0.92, 0.1, robot_mode, impedance, 
24/05/2022 17:29:36:936, robot_pos, 1653409659264, 622.17, 182.25, 208.96, 2.3, 0.0, 3.14, circuit_pos, 616.29, 182.76, 200.06, 2.3, 0.0, -3.14, tool_force, -3.74, 3.43, -13.27, actual_rep, 1, curr_step, 10, track_size, 99, robot_vel, 2.08, joints_pos, 25.68, 55.63, -16.08, -71.8, 16.26, 54.6, 55.14, tool_torque, -0.298, -0.033, 0.061, joint_torque, -1.33, -9.36, -2.1, 5.98, -0.01, -0.9, 0.09, robot_mode, impedance, 
24/05/2022 17:29:37:092, robot_pos, 1653409659415, 622.42, 182.32, 209.13, 2.3, 0.0, 3.14, circuit_pos, 616.29, 182.76, 200.06, 2.3, 0.0, -3.14, tool_force, -3.69, 3.51, -13.83, actual_rep, 1, curr_step, 10, track_size, 99, robot_vel, 2.6, joints_pos, 25.68, 55.65, -16.09, -71.74, 16.26, 54.65, 55.15, tool_torque, -0.323, -0.067, 0.064, joint_torque, -1.26, -9.84, -2.11, 6.24, -0.01, -0.94, 0.09, robot_mode, impedance, 
24/05/2022 17:29:37:240, robot_pos, 1653409659563, 622.5, 182.35, 209.22, 2.3, 0.0, 3.14, circuit_pos, 616.29, 182.76, 200.06, 2.3, 0.0, -3.14, tool_force, -3.74, 3.45, -13.98, actual_rep, 1, curr_step, 10, track_size, 99, robot_vel, 0.47, joints_pos, 25.67, 55.65, -16.09, -71.72, 16.26, 54.67, 55.16, tool_torque, -0.306, -0.062, 0.078, joint_torque, -1.32, -9.84, -2.16, 6.21, -0.01, -0.91, 0.1, robot_mode, impedance, 
24/05/2022 17:29:37:392, robot_pos, 1653409659714, 622.54, 182.38, 209.23, 2.3, 0.0, 3.14, circuit_pos, 616.29, 182.76, 200.06, 2.3, 0.0, -3.14, tool_force, -3.46, 3.56, -14.09, actual_rep, 1, curr_step, 10, track_size, 99, robot_vel, 1.07, joints_pos, 25.68, 55.65, -16.09, -71.71, 16.26, 54.68, 55.16, tool_torque, -0.294, -0.098, 0.084, joint_torque, -1.16, -9.91, -2.1, 6.27, 0.0, -0.92, 0.1, robot_mode, impedance, 
24/05/2022 17:29:37:539, robot_pos, 1653409659861, 622.55, 182.34, 209.2, 2.3, 0.0, 3.14, circuit_pos, 616.29, 182.76, 200.06, 2.3, 0.0, -3.14, tool_force, -4.47, 3.51, -13.66, actual_rep, 1, curr_step, 10, track_size, 99, robot_vel, 0.55, joints_pos, 25.67, 55.66, -16.1, -71.71, 16.26, 54.68, 55.16, tool_torque, -0.253, -0.046, 0.083, joint_torque, -1.69, -9.63, -2.43, 6.14, -0.08, -0.92, 0.11, robot_mode, impedance, 
24/05/2022 17:29:37:693, robot_pos, 1653409660011, 622.72, 181.95, 209.25, 2.3, 0.0, 3.14, circuit_pos, 616.29, 182.76, 200.06, 2.3, 0.0, -3.14, tool_force, -3.66, 3.16, -14.52, actual_rep, 1, curr_step, 10, track_size, 99, robot_vel, 3.6, joints_pos, 25.67, 55.66, -16.14, -71.7, 16.24, 54.68, 55.16, tool_torque, -0.305, -0.16, 0.096, joint_torque, -1.36, -10.22, -2.29, 6.32, -0.09, -0.93, 0.13, robot_mode, impedance, 
24/05/2022 17:29:37:852, robot_pos, 1653409660165, 622.7, 182.11, 209.3, 2.3, 0.0, 3.14, circuit_pos, 616.29, 182.76, 200.06, 2.3, 0.0, -3.14, tool_force, -3.71, 3.4, -14.4, actual_rep, 1, curr_step, 10, track_size, 99, robot_vel, 1.08, joints_pos, 25.67, 55.66, -16.12, -71.69, 16.23, 54.7, 55.16, tool_torque, -0.276, -0.166, 0.084, joint_torque, -1.32, -10.07, -2.31, 6.33, -0.08, -0.94, 0.1, robot_mode, impedance, 
24/05/2022 17:29:38:000, robot_pos, 1653409660315, 622.68, 182.2, 209.29, 2.3, 0.0, 3.14, circuit_pos, 616.29, 182.76, 200.06, 2.3, 0.0, -3.14, tool_force, -3.81, 3.59, -13.99, actual_rep, 1, curr_step, 10, track_size, 99, robot_vel, 1.06, joints_pos, 25.67, 55.66, -16.11, -71.68, 16.23, 54.7, 55.16, tool_torque, -0.248, -0.12, 0.084, joint_torque, -1.33, -9.71, -2.25, 6.2, -0.05, -0.93, 0.1, robot_mode, impedance, 
24/05/2022 17:29:38:186, robot_pos, 1653409660465, 622.67, 182.27, 209.23, 2.3, 0.0, 3.14, circuit_pos, 616.29, 182.76, 200.06, 2.3, 0.0, -3.14, tool_force, -3.55, 3.69, -13.85, actual_rep, 1, curr_step, 10, track_size, 99, robot_vel, 0.72, joints_pos, 25.67, 55.67, -16.1, -71.68, 16.23, 54.69, 55.17, tool_torque, -0.247, -0.144, 0.098, joint_torque, -1.13, -9.73, -2.14, 6.2, -0.02, -0.92, 0.1, robot_mode, impedance, 
24/05/2022 17:29:38:300, robot_pos, 1653409660615, 622.61, 182.31, 208.92, 2.3, 0.0, 3.14, circuit_pos, 616.29, 182.76, 200.06, 2.3, 0.0, -3.14, tool_force, -3.75, 3.64, -13.09, actual_rep, 1, curr_step, 10, track_size, 99, robot_vel, 2.54, joints_pos, 25.67, 55.7, -16.09, -71.68, 16.23, 54.69, 55.18, tool_torque, -0.246, -0.097, 0.099, joint_torque, -1.28, -9.24, -2.14, 5.96, -0.01, -0.9, 0.11, robot_mode, impedance, 
24/05/2022 17:29:38:449, robot_pos, 1653409660763, 622.71, 182.44, 208.91, 2.3, 0.0, 3.14, circuit_pos, 616.29, 182.76, 200.06, 2.3, 0.0, -3.14, tool_force, -3.52, 3.56, -13.21, actual_rep, 1, curr_step, 10, track_size, 99, robot_vel, 0.8, joints_pos, 25.68, 55.71, -16.09, -71.65, 16.23, 54.69, 55.19, tool_torque, -0.269, -0.102, 0.07, joint_torque, -1.14, -9.34, -2.04, 6.0, -0.02, -0.91, 0.08, robot_mode, impedance, 
24/05/2022 17:29:38:602, robot_pos, 1653409660911, 622.7, 182.54, 208.87, 2.3, 0.0, 3.14, circuit_pos, 616.29, 182.76, 200.06, 2.3, 0.0, -3.14, tool_force, -3.4, 3.81, -13.27, actual_rep, 1, curr_step, 10, track_size, 99, robot_vel, 0.79, joints_pos, 25.68, 55.71, -16.09, -71.65, 16.23, 54.69, 55.19, tool_torque, -0.255, -0.124, 0.057, joint_torque, -1.0, -9.41, -1.93, 6.09, -0.04, -0.92, 0.08, robot_mode, impedance, 
24/05/2022 17:29:38:750, robot_pos, 1653409661060, 622.67, 182.71, 208.85, 2.3, 0.0, 3.14, circuit_pos, 616.29, 182.76, 200.06, 2.3, 0.0, -3.14, tool_force, -3.57, 3.93, -12.99, actual_rep, 1, curr_step, 10, track_size, 99, robot_vel, 1.59, joints_pos, 25.69, 55.72, -16.08, -71.64, 16.23, 54.69, 55.19, tool_torque, -0.239, -0.096, 0.037, joint_torque, -1.02, -9.27, -1.93, 6.04, -0.04, -0.91, 0.06, robot_mode, impedance, 
24/05/2022 17:29:38:900, robot_pos, 1653409661211, 622.68, 182.7, 208.54, 2.3, 0.0, 3.14, circuit_pos, 616.29, 182.76, 200.06, 2.3, 0.0, -3.14, tool_force, -4.12, 4.19, -11.65, actual_rep, 1, curr_step, 10, track_size, 99, robot_vel, 1.11, joints_pos, 25.69, 55.75, -16.08, -71.63, 16.23, 54.68, 55.19, tool_torque, -0.181, -0.027, 0.032, joint_torque, -1.3, -8.27, -1.98, 5.66, -0.06, -0.9, 0.05, robot_mode, impedance, 
24/05/2022 17:29:39:049, robot_pos, 1653409661359, 623.24, 181.79, 208.03, 2.3, 0.0, 3.14, circuit_pos, 616.29, 182.76, 200.06, 2.3, 0.0, -3.14, tool_force, -6.11, 4.19, -10.79, actual_rep, 1, curr_step, 10, track_size, 99, robot_vel, 7.96, joints_pos, 25.65, 55.84, -16.16, -71.56, 16.23, 54.67, 55.19, tool_torque, -0.126, 0.036, 0.069, joint_torque, -2.62, -7.85, -2.89, 5.53, -0.21, -0.98, 0.09, robot_mode, impedance, 
24/05/2022 17:29:39:203, robot_pos, 1653409661510, 625.04, 179.14, 207.96, 2.3, 0.0, 3.14, circuit_pos, 616.29, 182.76, 200.06, 2.3, 0.0, -3.14, tool_force, -9.72, 3.64, -10.06, actual_rep, 1, curr_step, 10, track_size, 99, robot_vel, 19.74, joints_pos, 25.44, 55.98, -16.28, -71.33, 16.25, 54.75, 55.07, tool_torque, -0.219, 0.108, 0.311, joint_torque, -5.25, -7.35, -4.56, 5.25, -0.36, -1.2, 0.36, robot_mode, impedance, 
24/05/2022 17:29:39:351, robot_pos, 1653409661660, 625.87, 176.22, 207.95, 2.29, 0.0, -3.14, circuit_pos, 616.29, 182.76, 200.06, 2.3, 0.0, -3.14, tool_force, -7.35, -1.06, -13.34, actual_rep, 1, curr_step, 10, track_size, 99, robot_vel, 25.31, joints_pos, 25.17, 56.02, -16.3, -71.25, 16.29, 54.96, 54.9, tool_torque, -0.334, -0.352, 0.596, joint_torque, -5.11, -9.08, -4.92, 4.69, -0.48, -0.87, 0.64, robot_mode, impedance, 
24/05/2022 17:29:39:503, robot_pos, 1653409661809, 623.37, 177.22, 210.16, 2.3, 0.0, -3.14, circuit_pos, 616.29, 182.76, 200.06, 2.3, 0.0, -3.14, tool_force, -1.97, -4.37, -18.76, actual_rep, 1, curr_step, 10, track_size, 99, robot_vel, 18.9, joints_pos, 25.22, 55.56, -16.11, -71.75, 16.28, 55.04, 54.92, tool_torque, -0.528, -0.601, 0.638, joint_torque, -2.9, -12.19, -3.9, 4.85, -0.22, -0.42, 0.65, robot_mode, impedance, 
24/05/2022 17:29:39:653, robot_pos, 1653409661957, 618.04, 176.14, 208.38, 2.29, 0.0, -3.14, circuit_pos, 616.29, 182.76, 200.06, 2.3, 0.0, -3.14, tool_force, -3.85, -7.4, -12.28, actual_rep, 1, curr_step, 10, track_size, 99, robot_vel, 44.26, joints_pos, 25.47, 55.06, -16.15, -73.12, 16.13, 54.08, 55.0, tool_torque, -0.562, -0.05, 0.564, joint_torque, -4.98, -7.28, -4.36, 1.7, -0.3, 0.01, 0.61, robot_mode, impedance, 
24/05/2022 17:29:39:806, robot_pos, 1653409662109, 614.53, 174.23, 207.47, 2.29, 0.0, 3.14, circuit_pos, 616.29, 182.76, 200.06, 2.3, 0.0, -3.14, tool_force, -3.32, -6.45, -9.96, actual_rep, 1, curr_step, 10, track_size, 99, robot_vel, 35.03, joints_pos, 25.5, 54.64, -16.12, -74.1, 16.19, 53.35, 54.85, tool_torque, -0.321, -0.216, 0.728, joint_torque, -4.42, -5.89, -3.91, 1.27, -0.31, 0.0, 0.79, robot_mode, impedance, 
24/05/2022 17:29:39:959, robot_pos, 1653409662257, 612.65, 174.34, 206.38, 2.29, 0.0, 3.14, circuit_pos, 616.29, 182.76, 200.06, 2.3, 0.0, -3.14, tool_force, -2.78, -5.88, -5.23, actual_rep, 1, curr_step, 10, track_size, 99, robot_vel, 18.05, joints_pos, 25.5, 54.54, -15.98, -74.49, 16.2, 53.09, 54.79, tool_torque, -0.132, -0.121, 0.714, joint_torque, -3.89, -2.52, -3.08, -0.28, -0.21, 0.18, 0.76, robot_mode, impedance, 
24/05/2022 17:29:40:107, robot_pos, 1653409662406, 611.61, 175.41, 205.35, 2.29, 0.0, 3.14, circuit_pos, 616.29, 182.76, 200.06, 2.3, 0.0, -3.14, tool_force, -0.67, -7.34, -4.7, actual_rep, 1, curr_step, 10, track_size, 99, robot_vel, 14.43, joints_pos, 25.58, 54.54, -15.91, -74.64, 16.2, 52.95, 54.79, tool_torque, -0.295, -0.319, 0.57, joint_torque, -2.96, -2.38, -2.46, -0.93, -0.28, 0.27, 0.61, robot_mode, impedance, 
24/05/2022 17:29:40:263, robot_pos, 1653409662558, 611.06, 176.39, 204.26, 2.3, 0.0, 3.14, circuit_pos, 616.29, 182.76, 200.06, 2.3, 0.0, -3.14, tool_force, -1.22, -4.21, -0.32, actual_rep, 1, curr_step, 10, track_size, 99, robot_vel, 8.97, joints_pos, 25.68, 54.6, -15.89, -74.73, 16.2, 52.74, 54.79, tool_torque, -0.145, -0.062, 0.383, joint_torque, -2.28, 0.23, -1.53, -1.28, -0.14, 0.17, 0.4, robot_mode, impedance, 
24/05/2022 17:29:40:433, robot_pos, 1653409662706, 612.21, 178.29, 202.7, 2.3, 0.0, 3.14, circuit_pos, 616.29, 182.76, 200.06, 2.3, 0.0, -3.14, tool_force, -2.0, -0.46, 4.28, actual_rep, 1, curr_step, 10, track_size, 99, robot_vel, 20.71, joints_pos, 25.73, 54.91, -15.83, -74.38, 16.31, 52.68, 54.79, tool_torque, 0.0080, 0.123, 0.186, joint_torque, -1.53, 3.38, -0.5, -1.6, -0.05, -0.09, 0.21, robot_mode, impedance, 
24/05/2022 17:29:40:560, robot_pos, 1653409662858, 614.11, 179.2, 200.95, 2.3, 0.0, -3.14, circuit_pos, 613.82, 173.02, 200.94, 2.3, 0.0, -3.13, tool_force, -0.61, 1.15, 7.53, actual_rep, 1, curr_step, 11, track_size, 99, robot_vel, 32.96, joints_pos, 25.71, 55.39, -15.88, -73.72, 16.34, 53.18, 54.85, tool_torque, 0.032, -0.066, 0.138, joint_torque, 0.0, 4.71, 0.69, -2.01, 0.02, -0.14, 0.16, robot_mode, impedance, 
24/05/2022 17:29:40:713, robot_pos, 1653409663005, 615.11, 175.64, 201.04, 2.3, 0.0, -3.13, circuit_pos, 610.26, 162.17, 202.23, 2.31, -0.01, -3.13, tool_force, -0.1, 1.44, 7.68, actual_rep, 1, curr_step, 12, track_size, 99, robot_vel, 28.31, joints_pos, 25.59, 55.51, -16.19, -73.54, 16.26, 53.66, 54.59, tool_torque, 0.103, -0.143, 0.315, joint_torque, 0.03, 4.62, 0.7, -1.84, 0.04, -0.18, 0.37, robot_mode, impedance, 
24/05/2022 17:29:40:863, robot_pos, 1653409663154, 614.55, 171.25, 201.39, 2.3, 0.0, -3.13, circuit_pos, 610.26, 162.17, 202.23, 2.31, -0.01, -3.13, tool_force, 0.99, 1.69, 7.51, actual_rep, 1, curr_step, 12, track_size, 99, robot_vel, 33.02, joints_pos, 25.26, 55.35, -16.22, -73.82, 16.27, 53.84, 54.04, tool_torque, 0.26, -0.327, 0.439, joint_torque, 0.64, 4.46, 0.86, -1.97, 0.08, -0.05, 0.45, robot_mode, impedance, 
24/05/2022 17:29:41:011, robot_pos, 1653409663302, 613.72, 167.17, 205.39, 2.3, -0.01, -3.13, circuit_pos, 610.26, 162.17, 202.23, 2.31, -0.01, -3.13, tool_force, 1.99, 3.3, -6.38, actual_rep, 1, curr_step, 12, track_size, 99, robot_vel, 35.72, joints_pos, 24.94, 54.73, -16.23, -74.28, 16.45, 54.0, 53.4, tool_torque, 0.135, -0.268, 0.576, joint_torque, 1.5, -4.93, 0.34, 3.26, 0.44, -0.28, 0.6, robot_mode, impedance, 
24/05/2022 17:29:41:161, robot_pos, 1653409663452, 613.13, 165.84, 212.25, 2.31, -0.01, -3.13, circuit_pos, 610.26, 162.17, 202.23, 2.31, -0.01, -3.13, tool_force, 2.64, 3.14, -19.29, actual_rep, 1, curr_step, 12, track_size, 99, robot_vel, 56.53, joints_pos, 24.79, 53.99, -16.18, -74.55, 16.49, 54.4, 53.07, tool_torque, -0.125, -0.39, 0.472, joint_torque, 1.8, -12.74, -0.63, 6.98, 0.52, -0.42, 0.44, robot_mode, impedance, 
24/05/2022 17:29:41:314, robot_pos, 1653409663603, 610.82, 164.73, 211.96, 2.31, -0.01, -3.13, circuit_pos, 610.26, 162.17, 202.23, 2.31, -0.01, -3.13, tool_force, 3.03, 0.32, -16.86, actual_rep, 1, curr_step, 12, track_size, 99, robot_vel, 20.25, joints_pos, 24.81, 53.76, -16.16, -75.07, 16.37, 54.27, 53.04, tool_torque, -0.099, -0.06, 0.437, joint_torque, 1.26, -10.52, -0.42, 5.04, 0.51, 0.09, 0.45, robot_mode, impedance, 
24/05/2022 17:29:41:463, robot_pos, 1653409663752, 609.68, 166.07, 213.21, 2.31, -0.01, -3.13, circuit_pos, 610.26, 162.17, 202.23, 2.31, -0.01, -3.13, tool_force, 3.96, 2.62, -19.36, actual_rep, 1, curr_step, 12, track_size, 99, robot_vel, 14.05, joints_pos, 24.91, 53.54, -16.08, -75.26, 16.37, 54.21, 53.05, tool_torque, -0.064, -0.074, 0.4, joint_torque, 2.77, -12.42, 0.44, 6.66, 0.78, -0.05, 0.37, robot_mode, impedance, 
24/05/2022 17:29:41:614, robot_pos, 1653409663902, 607.29, 169.51, 212.23, 2.31, -0.01, -3.13, circuit_pos, 610.26, 162.17, 202.23, 2.31, -0.01, -3.13, tool_force, 6.85, 1.12, -14.5, actual_rep, 1, curr_step, 12, track_size, 99, robot_vel, 35.65, joints_pos, 25.18, 53.49, -15.93, -75.52, 16.4, 54.16, 53.34, tool_torque, -0.135, 0.112, 0.242, joint_torque, 3.67, -8.98, 1.76, 4.09, 0.89, 0.41, 0.24, robot_mode, impedance, 
24/05/2022 17:29:41:764, robot_pos, 1653409664052, 604.89, 167.84, 210.08, 2.31, -0.01, -3.13, circuit_pos, 610.26, 162.17, 202.23, 2.31, -0.01, -3.13, tool_force, 6.39, -3.14, -9.68, actual_rep, 1, curr_step, 12, track_size, 99, robot_vel, 28.12, joints_pos, 25.33, 53.42, -16.14, -76.12, 16.37, 53.75, 53.31, tool_torque, -0.217, 0.17, 0.214, joint_torque, 2.39, -5.67, 1.4, 1.14, 0.57, 0.77, 0.27, robot_mode, impedance, 
24/05/2022 17:29:41:918, robot_pos, 1653409664202, 602.85, 165.81, 209.11, 2.31, -0.01, -3.13, circuit_pos, 610.26, 162.17, 202.23, 2.31, -0.01, -3.13, tool_force, 6.01, -4.41, -8.14, actual_rep, 1, curr_step, 12, track_size, 99, robot_vel, 21.3, joints_pos, 25.31, 53.22, -16.19, -76.73, 16.37, 53.28, 53.14, tool_torque, -0.054, -0.077, 0.389, joint_torque, 1.63, -4.26, 0.74, 0.22, 0.35, 0.79, 0.42, robot_mode, impedance, 
24/05/2022 17:29:42:065, robot_pos, 1653409664351, 603.0, 162.5, 208.69, 2.31, -0.01, -3.13, circuit_pos, 610.26, 162.17, 202.23, 2.31, -0.01, -3.13, tool_force, 0.05, -2.59, -5.27, actual_rep, 1, curr_step, 12, track_size, 99, robot_vel, 22.9, joints_pos, 25.15, 53.14, -16.32, -76.99, 16.35, 52.89, 52.86, tool_torque, 0.093, 0.043, 0.358, joint_torque, -1.14, -2.92, -1.18, 0.58, -0.01, 0.34, 0.38, robot_mode, impedance, 
24/05/2022 17:29:42:215, robot_pos, 1653409664501, 605.54, 160.46, 208.69, 2.31, 0.0, -3.13, circuit_pos, 610.26, 162.17, 202.23, 2.31, -0.01, -3.13, tool_force, -1.08, -0.48, -6.84, actual_rep, 1, curr_step, 12, track_size, 99, robot_vel, 29.92, joints_pos, 24.86, 53.32, -16.29, -76.62, 16.37, 52.89, 52.61, tool_torque, -0.023, -0.228, 0.332, joint_torque, -1.17, -4.14, -1.61, 2.02, -0.04, -0.21, 0.32, robot_mode, impedance, 
24/05/2022 17:29:42:368, robot_pos, 1653409664651, 608.7, 160.36, 208.61, 2.31, -0.01, -3.13, circuit_pos, 610.26, 162.17, 202.23, 2.31, -0.01, -3.13, tool_force, -1.98, 1.22, -5.88, actual_rep, 1, curr_step, 12, track_size, 99, robot_vel, 22.14, joints_pos, 24.64, 53.69, -16.24, -75.87, 16.44, 53.36, 52.52, tool_torque, 0.022, -0.307, 0.304, joint_torque, -0.96, -4.04, -1.56, 2.6, -0.05, -0.45, 0.27, robot_mode, impedance, 
24/05/2022 17:29:42:517, robot_pos, 1653409664799, 610.7, 163.75, 208.97, 2.31, -0.01, -3.13, circuit_pos, 610.26, 162.17, 202.23, 2.31, -0.01, -3.13, tool_force, 4.77, 2.61, -8.81, actual_rep, 1, curr_step, 12, track_size, 99, robot_vel, 26.39, joints_pos, 24.64, 53.98, -16.03, -75.15, 16.53, 53.93, 52.58, tool_torque, -0.104, -0.454, 0.175, joint_torque, 3.49, -5.87, 1.56, 3.37, 0.51, -0.21, 0.14, robot_mode, impedance, 
24/05/2022 17:29:42:672, robot_pos, 1653409664950, 608.87, 167.85, 208.13, 2.31, -0.02, -3.13, circuit_pos, 610.26, 162.17, 202.23, 2.31, -0.01, -3.13, tool_force, 6.26, 0.01, -6.06, actual_rep, 1, curr_step, 12, track_size, 99, robot_vel, 39.07, joints_pos, 24.98, 54.02, -15.96, -75.23, 16.54, 54.03, 53.01, tool_torque, -0.153, -0.0080, 0.064, joint_torque, 3.29, -3.65, 2.08, 1.28, 0.57, 0.37, 0.07, robot_mode, impedance, 
24/05/2022 17:29:42:835, robot_pos, 1653409665114, 607.64, 165.92, 208.1, 2.31, -0.01, -3.13, circuit_pos, 610.26, 162.17, 202.23, 2.31, -0.01, -3.13, tool_force, 1.37, -1.32, -6.91, actual_rep, 1, curr_step, 12, track_size, 99, robot_vel, 16.31, joints_pos, 25.17, 53.83, -16.33, -75.7, 16.54, 53.6, 53.02, tool_torque, -0.061, 0.135, 0.085, joint_torque, 0.14, -3.94, -0.24, 1.55, 0.11, 0.19, 0.13, robot_mode, impedance, 
24/05/2022 17:29:42:988, robot_pos, 1653409665266, 608.66, 162.35, 208.56, 2.31, -0.01, -3.13, circuit_pos, 610.26, 162.17, 202.23, 2.31, -0.01, -3.13, tool_force, -1.74, 1.42, -5.64, actual_rep, 1, curr_step, 12, track_size, 99, robot_vel, 23.8, joints_pos, 24.97, 53.79, -16.49, -75.74, 16.54, 53.51, 52.67, tool_torque, 0.132, -0.0040, 0.201, joint_torque, -0.67, -3.57, -0.98, 2.25, -0.02, -0.17, 0.23, robot_mode, impedance, 
24/05/2022 17:29:43:135, robot_pos, 1653409665415, 608.18, 164.27, 207.46, 2.31, -0.01, -3.13, circuit_pos, 606.79, 153.9, 203.36, 2.32, -0.02, -3.13, tool_force, 6.2, 0.48, -4.48, actual_rep, 1, curr_step, 13, track_size, 99, robot_vel, 25.37, joints_pos, 24.84, 53.89, -16.08, -75.63, 16.55, 53.69, 52.6, tool_torque, -0.025, -0.433, 0.165, joint_torque, 3.91, -2.99, 2.26, 1.11, 0.49, 0.22, 0.13, robot_mode, impedance, 
24/05/2022 17:29:43:317, robot_pos, 1653409665565, 604.16, 165.16, 207.8, 2.32, -0.02, -3.12, circuit_pos, 606.79, 153.9, 203.36, 2.32, -0.02, -3.13, tool_force, 10.78, -0.01, -4.55, actual_rep, 1, curr_step, 13, track_size, 99, robot_vel, 29.02, joints_pos, 24.95, 53.53, -15.96, -76.28, 16.55, 53.86, 52.38, tool_torque, 0.076, -0.385, 0.303, joint_torque, 5.48, -2.41, 3.7, 0.03, 0.69, 0.67, 0.34, robot_mode, impedance, 
24/05/2022 17:29:43:434, robot_pos, 1653409665713, 602.13, 159.4, 208.8, 2.32, -0.01, -3.13, circuit_pos, 606.79, 153.9, 203.36, 2.32, -0.02, -3.13, tool_force, 1.19, 0.74, -4.55, actual_rep, 1, curr_step, 13, track_size, 99, robot_vel, 44.83, joints_pos, 24.84, 52.99, -16.3, -77.28, 16.69, 52.98, 51.71, tool_torque, 0.198, -0.104, 0.294, joint_torque, 0.41, -2.91, -0.14, 1.6, 0.06, 0.02, 0.33, robot_mode, impedance, 
24/05/2022 17:29:43:589, robot_pos, 1653409665865, 604.79, 155.91, 209.43, 2.32, -0.01, -3.14, circuit_pos, 606.79, 153.9, 203.36, 2.32, -0.02, -3.13, tool_force, -1.7, 5.79, -4.42, actual_rep, 1, curr_step, 13, track_size, 99, robot_vel, 37.26, joints_pos, 24.45, 53.07, -16.34, -76.99, 16.96, 52.99, 51.11, tool_torque, 0.199, -0.198, 0.265, joint_torque, 0.43, -3.32, -0.29, 3.64, 0.18, -0.72, 0.28, robot_mode, impedance, 
24/05/2022 17:29:43:735, robot_pos, 1653409666015, 608.06, 159.27, 208.71, 2.32, -0.02, -3.13, circuit_pos, 606.79, 153.9, 203.36, 2.32, -0.02, -3.13, tool_force, 4.63, 8.6, -3.85, actual_rep, 1, curr_step, 13, track_size, 99, robot_vel, 33.24, joints_pos, 24.3, 53.64, -16.02, -75.9, 17.06, 53.78, 51.18, tool_torque, 0.305, -0.528, 0.195, joint_torque, 5.25, -3.1, 2.97, 3.62, 0.72, -0.51, 0.11, robot_mode, impedance, 
24/05/2022 17:29:43:890, robot_pos, 1653409666165, 607.22, 164.92, 208.19, 2.32, -0.03, -3.13, circuit_pos, 606.79, 153.9, 203.36, 2.32, -0.02, -3.13, tool_force, 10.73, 2.12, -5.18, actual_rep, 1, curr_step, 13, track_size, 99, robot_vel, 35.16, joints_pos, 24.64, 53.83, -15.86, -75.57, 16.99, 54.33, 51.79, tool_torque, -0.175, -0.215, 0.107, joint_torque, 6.62, -3.71, 4.41, 1.51, 1.02, 0.41, 0.1, robot_mode, impedance, 
24/05/2022 17:29:44:038, robot_pos, 1653409666316, 603.9, 164.93, 208.3, 2.32, -0.02, -3.13, circuit_pos, 606.79, 153.9, 203.36, 2.32, -0.02, -3.13, tool_force, 9.05, -0.52, -4.46, actual_rep, 1, curr_step, 13, track_size, 99, robot_vel, 22.15, joints_pos, 25.03, 53.47, -16.13, -76.35, 16.82, 53.89, 52.0, tool_torque, -0.047, -0.0020, 0.056, joint_torque, 4.63, -2.75, 3.24, 0.58, 0.68, 0.64, 0.09, robot_mode, impedance, 
24/05/2022 17:29:44:188, robot_pos, 1653409666466, 604.54, 159.62, 208.14, 2.32, -0.01, -3.13, circuit_pos, 606.79, 153.9, 203.36, 2.32, -0.02, -3.13, tool_force, -2.02, 6.27, -0.7, actual_rep, 1, curr_step, 13, track_size, 99, robot_vel, 41.68, joints_pos, 24.89, 53.34, -16.49, -76.75, 16.8, 53.14, 51.6, tool_torque, 0.305, 0.166, 0.15, joint_torque, 0.38, -1.0, 0.32, 2.33, 0.18, -0.47, 0.21, robot_mode, impedance, 
24/05/2022 17:29:44:338, robot_pos, 1653409666618, 607.61, 159.4, 207.75, 2.32, -0.02, -3.13, circuit_pos, 606.79, 153.9, 203.36, 2.32, -0.02, -3.13, tool_force, 2.42, 7.85, -1.32, actual_rep, 1, curr_step, 13, track_size, 99, robot_vel, 25.25, joints_pos, 24.51, 53.69, -16.25, -76.03, 17.05, 53.58, 51.32, tool_torque, 0.321, -0.489, 0.214, joint_torque, 3.71, -1.5, 2.08, 2.81, 0.47, -0.59, 0.16, robot_mode, impedance, 
24/05/2022 17:29:44:493, robot_pos, 1653409666768, 606.66, 165.53, 206.84, 2.32, -0.03, -3.13, circuit_pos, 606.79, 153.9, 203.36, 2.32, -0.02, -3.13, tool_force, 13.75, 3.62, -2.28, actual_rep, 1, curr_step, 13, track_size, 99, robot_vel, 51.45, joints_pos, 24.68, 53.89, -15.8, -75.67, 17.06, 54.12, 51.75, tool_torque, -0.0050, -0.476, 0.019, joint_torque, 8.81, -1.86, 6.03, 0.89, 1.11, 0.44, -0.02, robot_mode, impedance, 
24/05/2022 17:29:44:642, robot_pos, 1653409666918, 606.67, 164.61, 207.82, 2.32, -0.01, -3.13, circuit_pos, 606.79, 153.9, 203.36, 2.32, -0.02, -3.13, tool_force, -0.46, 5.48, -1.86, actual_rep, 1, curr_step, 13, track_size, 99, robot_vel, 33.42, joints_pos, 25.04, 53.75, -16.3, -75.9, 16.71, 53.67, 52.11, tool_torque, 0.095, 0.274, 0.034, joint_torque, 1.15, -1.59, 0.86, 2.46, 0.37, -0.42, 0.06, robot_mode, impedance, 
24/05/2022 17:29:44:794, robot_pos, 1653409667070, 608.43, 159.08, 206.31, 2.32, -0.01, -3.13, circuit_pos, 606.79, 153.9, 203.36, 2.32, -0.02, -3.13, tool_force, -0.79, 4.86, 3.55, actual_rep, 1, curr_step, 13, track_size, 99, robot_vel, 28.58, joints_pos, 24.65, 54.0, -16.53, -75.76, 16.96, 53.77, 51.52, tool_torque, 0.28, -0.207, 0.207, joint_torque, 0.8, 2.01, 0.69, 0.42, 0.05, -0.44, 0.23, robot_mode, impedance, 
24/05/2022 17:29:44:944, robot_pos, 1653409667221, 607.53, 152.73, 203.43, 2.32, -0.02, -3.12, circuit_pos, 603.97, 146.3, 204.51, 2.33, -0.02, -3.13, tool_force, -2.67, 2.49, 7.91, actual_rep, 1, curr_step, 14, track_size, 99, robot_vel, 32.61, joints_pos, 24.17, 54.03, -16.58, -76.25, 17.14, 53.52, 50.49, tool_torque, 0.374, 0.153, 0.37, joint_torque, -1.17, 5.25, 0.01, -1.74, -0.06, -0.12, 0.43, robot_mode, normal, 
24/05/2022 17:29:45:108, robot_pos, 1653409667371, 604.3, 145.78, 204.59, 2.33, -0.02, -3.13, circuit_pos, 601.01, 139.35, 205.37, 2.34, -0.02, -3.14, tool_force, -1.0, 2.18, 7.19, actual_rep, 1, curr_step, 15, track_size, 99, robot_vel, 53.24, joints_pos, 23.65, 53.27, -16.46, -77.55, 17.37, 52.68, 49.13, tool_torque, 0.584, -0.266, 0.45, joint_torque, 0.0, 4.78, 0.24, -1.84, -0.03, -0.01, 0.41, robot_mode, normal, 
24/05/2022 17:29:45:243, robot_pos, 1653409667520, 601.82, 140.31, 205.2, 2.33, -0.02, -3.14, circuit_pos, 597.41, 132.91, 205.91, 2.34, -0.01, 3.14, tool_force, -0.59, 1.92, 7.36, actual_rep, 1, curr_step, 16, track_size, 99, robot_vel, 45.32, joints_pos, 23.24, 52.75, -16.37, -78.47, 17.44, 52.04, 48.25, tool_torque, 0.608, -0.177, 0.416, joint_torque, 0.03, 4.51, 0.25, -1.57, -0.02, 0.03, 0.38, robot_mode, normal, 
24/05/2022 17:29:45:400, robot_pos, 1653409667672, 598.53, 134.58, 205.73, 2.34, -0.01, -3.14, circuit_pos, 593.12, 127.86, 206.25, 2.35, -0.01, 3.13, tool_force, -1.1, 3.14, 7.34, actual_rep, 1, curr_step, 17, track_size, 99, robot_vel, 46.73, joints_pos, 22.98, 52.11, -16.42, -79.7, 17.35, 51.09, 47.45, tool_torque, 0.631, -0.18, 0.444, joint_torque, 0.21, 4.81, 0.48, -1.65, 0.02, 0.04, 0.41, robot_mode, normal, 
24/05/2022 17:29:45:545, robot_pos, 1653409667821, 593.8, 128.79, 206.12, 2.35, -0.01, 3.14, circuit_pos, 588.4, 123.46, 206.41, 2.35, -0.01, 3.13, tool_force, -0.4, 2.5, 7.1, actual_rep, 1, curr_step, 18, track_size, 99, robot_vel, 46.69, joints_pos, 22.65, 51.34, -16.38, -81.2, 17.62, 50.02, 46.31, tool_torque, 0.656, -0.292, 0.438, joint_torque, 0.27, 4.36, 0.29, -1.58, -0.03, 0.04, 0.39, robot_mode, normal, 
24/05/2022 17:29:45:700, robot_pos, 1653409667971, 587.9, 123.47, 206.55, 2.35, -0.01, 3.13, circuit_pos, 582.86, 118.76, 206.76, 2.35, -0.02, 3.13, tool_force, -0.03, 2.5, 7.22, actual_rep, 1, curr_step, 19, track_size, 99, robot_vel, 54.17, joints_pos, 22.37, 50.53, -16.33, -82.73, 17.83, 49.27, 45.43, tool_torque, 0.733, -0.349, 0.444, joint_torque, 0.55, 4.52, 0.45, -1.65, -0.02, 0.03, 0.38, robot_mode, normal, 
24/05/2022 17:29:45:847, robot_pos, 1653409668119, 582.43, 118.46, 206.93, 2.35, -0.02, 3.13, circuit_pos, 577.4, 114.29, 207.37, 2.35, -0.02, 3.12, tool_force, -0.92, 2.52, 7.27, actual_rep, 1, curr_step, 20, track_size, 99, robot_vel, 56.74, joints_pos, 22.05, 49.81, -16.3, -84.12, 18.32, 48.65, 44.5, tool_torque, 0.681, -0.227, 0.417, joint_torque, 0.07, 4.28, 0.21, -1.43, -0.04, 0.01, 0.38, robot_mode, normal, 
24/05/2022 17:29:46:039, robot_pos, 1653409668270, 576.47, 113.74, 207.74, 2.35, -0.02, 3.12, circuit_pos, 566.75, 106.83, 209.31, 2.35, -0.02, 3.12, tool_force, -0.02, 2.41, 6.77, actual_rep, 1, curr_step, 22, track_size, 99, robot_vel, 51.44, joints_pos, 21.84, 48.98, -16.3, -85.65, 18.63, 47.82, 43.64, tool_torque, 0.682, -0.245, 0.398, joint_torque, 0.16, 3.97, 0.27, -1.51, -0.03, 0.04, 0.36, robot_mode, normal, 
24/05/2022 17:29:46:150, robot_pos, 1653409668418, 570.75, 109.73, 208.57, 2.35, -0.02, 3.12, circuit_pos, 561.73, 103.94, 210.6, 2.35, -0.01, 3.12, tool_force, -0.51, 3.12, 7.55, actual_rep, 1, curr_step, 23, track_size, 99, robot_vel, 62.83, joints_pos, 21.7, 48.23, -16.33, -87.0, 18.71, 47.22, 43.2, tool_torque, 0.763, -0.276, 0.43, joint_torque, 0.38, 4.76, 0.47, -1.6, -0.03, 0.04, 0.38, robot_mode, normal, 
24/05/2022 17:29:46:306, robot_pos, 1653409668570, 564.9, 105.96, 209.79, 2.35, -0.01, 3.12, circuit_pos, 556.83, 101.58, 211.93, 2.35, -0.01, 3.11, tool_force, -0.83, 1.72, 7.33, actual_rep, 1, curr_step, 24, track_size, 99, robot_vel, 49.86, joints_pos, 21.7, 47.42, -16.42, -88.43, 18.54, 46.37, 42.94, tool_torque, 0.46, -0.05, 0.337, joint_torque, -0.06, 4.4, 0.39, -1.94, 0.04, 0.13, 0.33, robot_mode, normal, 
24/05/2022 17:29:46:453, robot_pos, 1653409668719, 560.37, 102.77, 211.6, 2.35, -0.01, 3.12, circuit_pos, 552.75, 100.33, 213.06, 2.35, -0.01, 3.11, tool_force, -14.57, 11.62, 11.59, actual_rep, 1, curr_step, 25, track_size, 99, robot_vel, 39.29, joints_pos, 21.61, 46.64, -16.46, -89.62, 18.57, 45.54, 42.55, tool_torque, 0.973, 0.904, 0.434, joint_torque, -3.89, 5.49, -2.6, 2.52, 0.18, -1.08, 0.33, robot_mode, normal, 
24/05/2022 17:29:46:603, robot_pos, 1653409668869, 555.97, 101.38, 211.93, 2.35, -0.02, 3.11, circuit_pos, 547.94, 99.45, 214.4, 2.35, -0.02, 3.11, tool_force, -5.62, 10.49, 9.93, actual_rep, 1, curr_step, 26, track_size, 99, robot_vel, 29.38, joints_pos, 21.37, 46.15, -16.21, -90.46, 19.0, 45.45, 41.99, tool_torque, 1.153, 0.027, 0.459, joint_torque, 1.36, 4.8, 1.33, 0.99, 0.31, -0.43, 0.38, robot_mode, normal, 
24/05/2022 17:29:46:752, robot_pos, 1653409669018, 548.81, 101.66, 215.33, 2.35, -0.02, 3.11, circuit_pos, 541.87, 99.37, 215.93, 2.35, -0.02, 3.11, tool_force, 0.53, 13.23, 3.72, actual_rep, 1, curr_step, 27, track_size, 99, robot_vel, 59.05, joints_pos, 21.58, 45.06, -16.11, -91.91, 18.82, 44.96, 42.08, tool_torque, 0.726, 0.258, 0.14, joint_torque, 4.35, 1.05, 3.95, 2.92, 0.67, -0.35, 0.21, robot_mode, normal, 
24/05/2022 17:29:46:901, robot_pos, 1653409669170, 542.21, 102.87, 216.77, 2.35, -0.02, 3.11, circuit_pos, 533.09, 100.96, 218.68, 2.35, -0.03, 3.11, tool_force, 8.1, 13.86, 4.48, actual_rep, 1, curr_step, 29, track_size, 99, robot_vel, 46.69, joints_pos, 21.83, 44.31, -15.99, -93.08, 18.73, 44.66, 42.22, tool_torque, 0.774, -0.259, 0.151, joint_torque, 7.58, 1.88, 6.46, 1.97, 0.9, -0.12, 0.17, robot_mode, normal, 
24/05/2022 17:29:47:055, robot_pos, 1653409669322, 536.77, 102.81, 218.17, 2.35, -0.03, 3.11, circuit_pos, 523.37, 106.24, 223.12, 2.35, -0.04, 3.1, tool_force, -1.24, 11.07, 8.94, actual_rep, 1, curr_step, 32, track_size, 99, robot_vel, 34.85, joints_pos, 21.95, 43.68, -15.98, -94.03, 18.96, 44.58, 42.05, tool_torque, 0.916, -0.017, 0.306, joint_torque, 1.83, 4.35, 1.84, 0.97, 0.21, -0.48, 0.33, robot_mode, normal, 
24/05/2022 17:29:47:203, robot_pos, 1653409669471, 530.58, 103.9, 220.32, 2.35, -0.04, 3.11, circuit_pos, 518.08, 110.8, 225.78, 2.36, -0.05, 3.1, tool_force, -1.85, 2.76, 7.75, actual_rep, 1, curr_step, 34, track_size, 99, robot_vel, 45.62, joints_pos, 22.0, 42.82, -15.78, -95.21, 19.58, 44.34, 41.45, tool_torque, 0.626, 0.029, 0.311, joint_torque, 0.01, 4.55, 0.44, -1.42, -0.04, 0.06, 0.32, robot_mode, normal, 
24/05/2022 17:29:47:358, robot_pos, 1653409669623, 524.52, 107.58, 222.93, 2.36, -0.04, 3.1, circuit_pos, 508.92, 119.92, 228.16, 2.37, -0.06, 3.1, tool_force, -2.02, 1.67, 7.33, actual_rep, 1, curr_step, 37, track_size, 99, robot_vel, 52.84, joints_pos, 22.34, 42.02, -15.53, -96.18, 19.68, 44.16, 41.44, tool_torque, 0.438, 0.141, 0.187, joint_torque, -0.36, 4.36, 0.21, -1.44, -0.05, 0.05, 0.2, robot_mode, normal, 
24/05/2022 17:29:47:509, robot_pos, 1653409669771, 518.76, 112.24, 224.81, 2.36, -0.05, 3.1, circuit_pos, 508.92, 119.92, 228.16, 2.37, -0.06, 3.1, tool_force, -2.85, 1.78, 7.94, actual_rep, 1, curr_step, 37, track_size, 99, robot_vel, 50.61, joints_pos, 22.88, 41.36, -15.43, -97.03, 19.92, 44.15, 41.45, tool_torque, 0.421, 0.226, 0.159, joint_torque, -0.46, 4.21, 0.19, -1.16, -0.06, 0.0, 0.19, robot_mode, normal, 
24/05/2022 17:29:47:656, robot_pos, 1653409669922, 512.91, 117.02, 226.75, 2.37, -0.06, 3.1, circuit_pos, 508.92, 119.92, 228.16, 2.37, -0.06, 3.1, tool_force, -2.46, 1.82, 8.07, actual_rep, 1, curr_step, 37, track_size, 99, robot_vel, 52.63, joints_pos, 23.48, 40.74, -15.41, -97.83, 20.19, 44.17, 41.44, tool_torque, 0.326, 0.14, 0.185, joint_torque, -0.48, 4.07, 0.19, -1.38, -0.06, -0.04, 0.24, robot_mode, normal, 
24/05/2022 17:29:47:808, robot_pos, 1653409670072, 507.04, 122.31, 227.94, 2.37, -0.06, 3.1, circuit_pos, 501.06, 127.92, 228.67, 2.38, -0.07, 3.1, tool_force, -2.61, 2.0, 7.61, actual_rep, 1, curr_step, 39, track_size, 99, robot_vel, 51.82, joints_pos, 24.19, 40.19, -15.4, -98.65, 20.46, 44.01, 41.6, tool_torque, 0.33, 0.329, 0.022, joint_torque, -0.45, 4.14, 0.2, -1.4, -0.05, 0.05, 0.03, robot_mode, normal, 
24/05/2022 17:29:47:959, robot_pos, 1653409670225, 501.69, 128.2, 228.62, 2.38, -0.07, 3.1, circuit_pos, 497.75, 131.87, 229.05, 2.38, -0.06, 3.1, tool_force, -1.87, 1.54, 7.53, actual_rep, 1, curr_step, 40, track_size, 99, robot_vel, 56.41, joints_pos, 24.91, 39.79, -15.39, -99.27, 20.83, 44.06, 41.46, tool_torque, 0.269, 0.122, 0.121, joint_torque, -0.24, 3.85, 0.31, -1.26, -0.05, -0.05, 0.15, robot_mode, normal, 
24/05/2022 17:29:48:113, robot_pos, 1653409670374, 497.1, 134.02, 229.04, 2.38, -0.06, 3.1, circuit_pos, 491.33, 140.66, 229.82, 2.38, -0.06, 3.09, tool_force, -1.96, 1.83, 7.29, actual_rep, 1, curr_step, 42, track_size, 99, robot_vel, 49.33, joints_pos, 25.85, 39.41, -15.48, -99.92, 20.67, 43.5, 42.23, tool_torque, 0.139, 0.478, -0.088, joint_torque, -0.26, 3.95, 0.45, -1.2, 0.02, 0.08, -0.06, robot_mode, normal, 
24/05/2022 17:29:48:258, robot_pos, 1653409670525, 492.91, 139.81, 229.67, 2.38, -0.06, 3.09, circuit_pos, 488.14, 145.72, 230.36, 2.37, -0.06, 3.09, tool_force, -2.91, 2.28, 8.2, actual_rep, 1, curr_step, 43, track_size, 99, robot_vel, 43.46, joints_pos, 26.63, 39.02, -15.5, -100.55, 21.02, 42.95, 42.68, tool_torque, 0.267, 0.456, -0.087, joint_torque, -0.22, 4.01, 0.5, -1.26, -0.04, 0.11, -0.06, robot_mode, normal, 
24/05/2022 17:29:48:447, robot_pos, 1653409670675, 489.28, 145.46, 230.3, 2.37, -0.06, 3.09, circuit_pos, 485.37, 150.81, 230.98, 2.37, -0.06, 3.09, tool_force, -3.08, 1.14, 7.61, actual_rep, 1, curr_step, 44, track_size, 99, robot_vel, 40.2, joints_pos, 27.37, 38.74, -15.51, -100.96, 21.12, 42.66, 43.54, tool_torque, 0.137, 0.536, -0.115, joint_torque, -0.4, 3.7, 0.4, -1.2, -0.05, 0.11, -0.08, robot_mode, normal, 
24/05/2022 17:29:48:565, robot_pos, 1653409670826, 486.3, 151.36, 230.92, 2.37, -0.06, 3.09, circuit_pos, 483.04, 156.04, 231.64, 2.37, -0.06, 3.09, tool_force, -3.03, 1.86, 8.2, actual_rep, 1, curr_step, 45, track_size, 99, robot_vel, 43.51, joints_pos, 28.14, 38.54, -15.52, -101.2, 21.13, 42.51, 44.38, tool_torque, 0.2, 0.597, -0.139, joint_torque, -0.42, 4.23, 0.51, -1.23, -0.05, 0.1, -0.08, robot_mode, normal, 
24/05/2022 17:29:48:711, robot_pos, 1653409670974, 483.82, 157.13, 231.68, 2.37, -0.06, 3.09, circuit_pos, 480.96, 161.51, 232.39, 2.37, -0.06, 3.08, tool_force, -2.77, 1.73, 7.77, actual_rep, 1, curr_step, 46, track_size, 99, robot_vel, 41.79, joints_pos, 28.83, 38.34, -15.52, -101.42, 21.32, 42.26, 44.91, tool_torque, 0.252, 0.473, -0.104, joint_torque, -0.38, 4.23, 0.44, -1.38, -0.07, 0.12, -0.07, robot_mode, normal, 
24/05/2022 17:29:48:864, robot_pos, 1653409671126, 481.51, 162.91, 232.43, 2.37, -0.06, 3.08, circuit_pos, 477.2, 172.62, 233.55, 2.37, -0.06, 3.08, tool_force, -3.01, 1.56, 7.75, actual_rep, 1, curr_step, 48, track_size, 99, robot_vel, 45.19, joints_pos, 29.51, 38.16, -15.51, -101.61, 21.54, 41.99, 45.41, tool_torque, 0.195, 0.495, -0.119, joint_torque, -0.46, 3.91, 0.29, -1.17, -0.06, 0.07, -0.09, robot_mode, normal, 
24/05/2022 17:29:49:055, robot_pos, 1653409671276, 479.49, 168.71, 232.98, 2.37, -0.06, 3.08, circuit_pos, 475.44, 178.11, 233.97, 2.37, -0.06, 3.08, tool_force, -2.86, 1.9, 8.18, actual_rep, 1, curr_step, 49, track_size, 99, robot_vel, 43.25, joints_pos, 30.21, 38.08, -15.52, -101.64, 21.56, 41.94, 46.09, tool_torque, 0.221, 0.528, -0.137, joint_torque, -0.44, 4.14, 0.38, -1.25, -0.06, 0.09, -0.1, robot_mode, normal, 
24/05/2022 17:29:49:164, robot_pos, 1653409671428, 477.53, 174.43, 233.52, 2.37, -0.06, 3.08, circuit_pos, 474.0, 183.53, 234.35, 2.37, -0.06, 3.08, tool_force, -2.95, 1.37, 8.02, actual_rep, 1, curr_step, 50, track_size, 99, robot_vel, 39.31, joints_pos, 30.9, 38.01, -15.53, -101.65, 21.58, 41.91, 46.75, tool_torque, 0.15, 0.514, -0.158, joint_torque, -0.33, 4.04, 0.49, -1.33, -0.05, 0.09, -0.13, robot_mode, normal, 
