08/06/2022 11:37:26: File Created!
08/06/2022 11:37:26:584, robot_pos, 1654684520080, 613.84, -94.19, 298.78, 2.34, 0.01, 3.1, circuit_pos, 614.3, -90.51, 297.41, 2.34, 0.0, 3.1, tool_force, -1.09, -1.76, 29.27, actual_rep, 1, curr_step, 1, track_size, 72, robot_vel, 56.94, joints_pos, 3.12, 44.74, -19.4, -77.79, 17.83, 58.51, 25.92, tool_torque, 0.172, 0.146, 0.081, joint_torque, 0.12, 4.96, 0.65, -2.07, 0.09, -0.06, 0.03, robot_mode, sine_overlay, 
08/06/2022 11:37:26:691, robot_pos, 1654684520217, 613.79, -94.21, 297.63, 2.34, 0.01, 3.1, circuit_pos, 614.3, -90.51, 297.41, 2.34, 0.0, 3.1, tool_force, 0.11, -2.73, 28.49, actual_rep, 1, curr_step, 1, track_size, 72, robot_vel, 56.94, joints_pos, 3.12, 44.84, -19.41, -77.8, 17.83, 58.38, 25.92, tool_torque, 0.182, 0.285, 0.064, joint_torque, -0.04, 5.53, 0.7, -2.19, 0.1, -0.05, 0.02, robot_mode, sine_overlay, 
08/06/2022 11:37:26:888, robot_pos, 1654684520369, 614.11, -93.44, 296.91, 2.34, 0.01, 3.1, circuit_pos, 615.03, -85.14, 296.67, 2.36, 0.0, 3.09, tool_force, 2.52, 0.32, 0.66, actual_rep, 1, curr_step, 2, track_size, 72, robot_vel, 0.52, joints_pos, 3.17, 44.94, -19.38, -77.75, 17.92, 58.51, 25.94, tool_torque, -0.647, 0.568, -0.021, joint_torque, 1.26, -13.24, -0.5, 7.44, 0.93, 0.04, -0.03, robot_mode, sine_overlay, 
08/06/2022 11:37:26:973, robot_pos, 1654684520530, 615.19, -87.32, 295.74, 2.35, 0.0, 3.1, circuit_pos, 616.23, -78.75, 296.86, 2.37, 0.0, 3.09, tool_force, -0.57, -1.66, 0.26, actual_rep, 1, curr_step, 3, track_size, 72, robot_vel, 42.11, joints_pos, 3.46, 45.08, -19.1, -77.61, 18.21, 58.76, 25.47, tool_torque, -0.451, 0.12, 0.096, joint_torque, -0.87, -13.31, -2.32, 7.87, 0.34, -0.46, 0.13, robot_mode, sine_overlay, 
08/06/2022 11:37:27:106, robot_pos, 1654684520667, 616.03, -82.3, 295.58, 2.36, 0.0, 3.09, circuit_pos, 617.78, -71.85, 297.69, 2.37, -0.01, 3.09, tool_force, -0.44, -0.6, -0.19, actual_rep, 1, curr_step, 4, track_size, 72, robot_vel, 35.93, joints_pos, 3.79, 45.06, -18.94, -77.65, 18.34, 58.63, 25.31, tool_torque, -0.258, 0.467, 0.106, joint_torque, 0.11, -13.23, -1.47, 7.7, 0.55, -0.04, 0.1, robot_mode, sine_overlay, 
08/06/2022 11:37:27:272, robot_pos, 1654684520819, 616.86, -76.5, 295.87, 2.37, -0.01, 3.09, circuit_pos, 619.15, -64.3, 298.91, 2.37, -0.01, 3.09, tool_force, 0.2, -2.13, 0.08, actual_rep, 1, curr_step, 5, track_size, 72, robot_vel, 45.15, joints_pos, 4.24, 45.06, -18.88, -77.57, 18.6, 58.85, 25.51, tool_torque, -0.515, 0.186, -0.109, joint_torque, -0.63, -13.32, -2.16, 7.63, 0.33, -0.39, -0.11, robot_mode, sine_overlay, 
08/06/2022 11:37:27:407, robot_pos, 1654684520970, 618.01, -70.59, 296.39, 2.37, -0.01, 3.09, circuit_pos, 619.15, -64.3, 298.91, 2.37, -0.01, 3.09, tool_force, -0.47, -2.35, 0.01, actual_rep, 1, curr_step, 5, track_size, 72, robot_vel, 40.31, joints_pos, 4.74, 45.1, -18.89, -77.41, 18.69, 59.05, 25.92, tool_torque, -0.615, 0.093, -0.178, joint_torque, -0.49, -13.38, -1.78, 7.82, 0.44, -0.45, -0.16, robot_mode, sine_overlay, 
08/06/2022 11:37:27:598, robot_pos, 1654684521127, 619.06, -64.56, 297.09, 2.37, -0.01, 3.09, circuit_pos, 620.04, -56.04, 300.07, 2.37, -0.01, 3.09, tool_force, -0.37, -2.37, 0.46, actual_rep, 1, curr_step, 6, track_size, 72, robot_vel, 40.87, joints_pos, 5.3, 45.1, -18.91, -77.3, 18.74, 59.19, 26.44, tool_torque, -0.536, 0.197, -0.188, joint_torque, -0.58, -13.15, -1.85, 7.42, 0.36, -0.21, -0.16, robot_mode, sine_overlay, 
08/06/2022 11:37:27:710, robot_pos, 1654684521270, 619.71, -59.02, 297.81, 2.37, -0.01, 3.09, circuit_pos, 620.58, -46.71, 300.66, 2.36, -0.01, 3.09, tool_force, -1.44, -2.19, 0.38, actual_rep, 1, curr_step, 7, track_size, 72, robot_vel, 41.52, joints_pos, 5.82, 45.07, -18.94, -77.25, 18.75, 59.29, 26.96, tool_torque, -0.62, 0.092, -0.221, joint_torque, -0.68, -13.16, -1.84, 7.75, 0.36, -0.43, -0.19, robot_mode, sine_overlay, 
08/06/2022 11:37:27:901, robot_pos, 1654684521422, 620.25, -53.18, 298.27, 2.37, -0.01, 3.09, circuit_pos, 620.58, -46.71, 300.66, 2.36, -0.01, 3.09, tool_force, -1.27, -2.27, 0.14, actual_rep, 1, curr_step, 7, track_size, 72, robot_vel, 38.52, joints_pos, 6.37, 45.02, -18.95, -77.25, 18.75, 59.3, 27.76, tool_torque, -0.592, 0.209, -0.225, joint_torque, -0.54, -13.19, -1.75, 7.75, 0.41, -0.35, -0.2, robot_mode, sine_overlay, 
08/06/2022 11:37:28:013, robot_pos, 1654684521571, 620.53, -47.39, 298.56, 2.36, -0.01, 3.09, circuit_pos, 621.1, -36.42, 300.61, 2.35, -0.02, 3.09, tool_force, -0.96, -1.48, 0.48, actual_rep, 1, curr_step, 8, track_size, 72, robot_vel, 37.63, joints_pos, 6.9, 45.0, -18.96, -77.25, 18.77, 59.4, 28.55, tool_torque, -0.646, 0.164, -0.233, joint_torque, -0.27, -13.24, -1.59, 7.95, 0.48, -0.46, -0.21, robot_mode, sine_overlay, 
08/06/2022 11:37:28:205, robot_pos, 1654684521721, 620.86, -41.64, 298.75, 2.36, -0.02, 3.09, circuit_pos, 621.3, -26.89, 300.2, 2.34, -0.02, 3.09, tool_force, -0.86, -2.32, 0.57, actual_rep, 1, curr_step, 9, track_size, 72, robot_vel, 37.48, joints_pos, 7.39, 45.0, -18.94, -77.21, 18.89, 59.56, 29.28, tool_torque, -0.601, 0.207, -0.222, joint_torque, -0.7, -13.01, -1.87, 7.48, 0.36, -0.29, -0.19, robot_mode, sine_overlay, 
08/06/2022 11:37:28:314, robot_pos, 1654684521871, 621.18, -35.87, 298.65, 2.35, -0.02, 3.09, circuit_pos, 621.3, -26.89, 300.2, 2.34, -0.02, 3.09, tool_force, -0.83, -2.15, 0.2, actual_rep, 1, curr_step, 9, track_size, 72, robot_vel, 38.3, joints_pos, 7.91, 45.01, -18.93, -77.2, 18.93, 59.61, 30.15, tool_torque, -0.542, 0.181, -0.211, joint_torque, -0.54, -13.19, -1.88, 7.67, 0.38, -0.32, -0.2, robot_mode, sine_overlay, 
08/06/2022 11:37:28:509, robot_pos, 1654684522020, 621.42, -30.04, 298.55, 2.35, -0.02, 3.09, circuit_pos, 621.41, -16.2, 299.67, 2.34, -0.02, 3.09, tool_force, -0.6, -1.84, 0.35, actual_rep, 1, curr_step, 10, track_size, 72, robot_vel, 38.4, joints_pos, 8.44, 45.02, -18.94, -77.21, 18.96, 59.63, 30.92, tool_torque, -0.578, 0.285, -0.231, joint_torque, -0.62, -13.11, -1.8, 7.65, 0.4, -0.3, -0.2, robot_mode, sine_overlay, 
08/06/2022 11:37:28:647, robot_pos, 1654684522169, 621.59, -24.29, 298.36, 2.34, -0.02, 3.09, circuit_pos, 621.41, -16.2, 299.67, 2.34, -0.02, 3.09, tool_force, -0.76, -1.43, 0.24, actual_rep, 1, curr_step, 10, track_size, 72, robot_vel, 39.14, joints_pos, 8.98, 45.03, -18.94, -77.23, 18.98, 59.6, 31.55, tool_torque, -0.472, 0.365, -0.233, joint_torque, -0.47, -13.1, -1.72, 7.76, 0.37, -0.27, -0.21, robot_mode, sine_overlay, 
08/06/2022 11:37:28:808, robot_pos, 1654684522319, 621.69, -18.47, 298.17, 2.34, -0.02, 3.09, circuit_pos, 621.4, -3.17, 299.31, 2.33, -0.02, 3.09, tool_force, -1.66, -1.63, -0.05, actual_rep, 1, curr_step, 11, track_size, 72, robot_vel, 38.5, joints_pos, 9.51, 45.03, -18.95, -77.26, 19.0, 59.57, 32.22, tool_torque, -0.435, 0.458, -0.238, joint_torque, -0.46, -13.2, -1.61, 7.83, 0.44, -0.15, -0.21, robot_mode, sine_overlay, 
08/06/2022 11:37:28:920, robot_pos, 1654684522469, 621.78, -12.62, 298.03, 2.34, -0.02, 3.09, circuit_pos, 621.4, -3.17, 299.31, 2.33, -0.02, 3.09, tool_force, -1.32, -1.24, -0.08, actual_rep, 1, curr_step, 11, track_size, 72, robot_vel, 37.27, joints_pos, 10.06, 45.03, -18.95, -77.29, 19.0, 59.52, 32.95, tool_torque, -0.355, 0.5, -0.23, joint_torque, -0.4, -13.11, -1.63, 7.75, 0.42, -0.08, -0.21, robot_mode, sine_overlay, 
08/06/2022 11:37:29:111, robot_pos, 1654684522615, 621.81, -6.9, 297.86, 2.33, -0.02, 3.09, circuit_pos, 621.31, 7.17, 299.27, 2.33, -0.02, 3.09, tool_force, -1.43, -1.25, -0.05, actual_rep, 1, curr_step, 12, track_size, 72, robot_vel, 39.73, joints_pos, 10.59, 45.03, -18.96, -77.32, 19.0, 59.47, 33.63, tool_torque, -0.391, 0.53, -0.25, joint_torque, -0.84, -13.22, -1.93, 7.92, 0.35, -0.19, -0.22, robot_mode, sine_overlay, 
08/06/2022 11:37:29:220, robot_pos, 1654684522766, 621.85, -1.1, 297.79, 2.33, -0.02, 3.09, circuit_pos, 621.31, 7.17, 299.27, 2.33, -0.02, 3.09, tool_force, -1.11, -0.73, -0.11, actual_rep, 1, curr_step, 12, track_size, 72, robot_vel, 35.56, joints_pos, 11.13, 45.03, -18.96, -77.34, 19.0, 59.43, 34.24, tool_torque, -0.341, 0.522, -0.224, joint_torque, -0.22, -13.17, -1.57, 7.87, 0.45, -0.09, -0.21, robot_mode, sine_overlay, 
08/06/2022 11:37:29:424, robot_pos, 1654684522912, 621.84, 4.65, 297.76, 2.33, -0.02, 3.09, circuit_pos, 621.22, 18.66, 299.53, 2.33, -0.02, 3.09, tool_force, -1.54, -0.85, 0.1, actual_rep, 1, curr_step, 13, track_size, 72, robot_vel, 40.09, joints_pos, 11.66, 45.02, -18.96, -77.35, 19.0, 59.4, 34.83, tool_torque, -0.37, 0.57, -0.232, joint_torque, -0.33, -13.12, -1.51, 7.93, 0.49, -0.15, -0.2, robot_mode, sine_overlay, 
08/06/2022 11:37:29:522, robot_pos, 1654684523065, 621.81, 10.53, 297.8, 2.33, -0.02, 3.09, circuit_pos, 621.22, 18.66, 299.53, 2.33, -0.02, 3.09, tool_force, -1.16, -0.95, -0.17, actual_rep, 1, curr_step, 13, track_size, 72, robot_vel, 38.39, joints_pos, 12.21, 45.02, -18.97, -77.35, 19.0, 59.36, 35.4, tool_torque, -0.319, 0.572, -0.216, joint_torque, -0.32, -13.13, -1.53, 7.84, 0.48, -0.09, -0.19, robot_mode, sine_overlay, 
08/06/2022 11:37:29:710, robot_pos, 1654684523215, 621.75, 16.41, 297.95, 2.33, -0.02, 3.09, circuit_pos, 621.3, 29.46, 300.25, 2.32, -0.02, 3.09, tool_force, -1.67, -1.29, 0.1, actual_rep, 1, curr_step, 14, track_size, 72, robot_vel, 40.33, joints_pos, 12.77, 45.01, -18.98, -77.35, 19.0, 59.34, 36.06, tool_torque, -0.381, 0.557, -0.218, joint_torque, -0.63, -13.02, -1.67, 7.73, 0.44, -0.11, -0.19, robot_mode, sine_overlay, 
08/06/2022 11:37:29:829, robot_pos, 1654684523365, 621.7, 22.18, 298.21, 2.33, -0.02, 3.09, circuit_pos, 621.3, 29.46, 300.25, 2.32, -0.02, 3.09, tool_force, -1.17, -1.27, -0.07, actual_rep, 1, curr_step, 14, track_size, 72, robot_vel, 40.27, joints_pos, 13.3, 44.99, -18.99, -77.33, 18.98, 59.32, 36.83, tool_torque, -0.404, 0.492, -0.202, joint_torque, -0.51, -13.25, -1.69, 7.85, 0.47, -0.18, -0.18, robot_mode, sine_overlay, 
08/06/2022 11:37:29:982, robot_pos, 1654684523512, 621.75, 28.22, 298.63, 2.32, -0.02, 3.09, circuit_pos, 621.5, 39.55, 301.39, 2.31, -0.02, 3.09, tool_force, -1.42, -1.69, 0.3, actual_rep, 1, curr_step, 15, track_size, 72, robot_vel, 41.86, joints_pos, 13.87, 44.98, -18.99, -77.28, 18.95, 59.32, 37.69, tool_torque, -0.472, 0.512, -0.182, joint_torque, -0.88, -13.02, -1.86, 7.64, 0.43, -0.19, -0.14, robot_mode, sine_overlay, 
08/06/2022 11:37:30:131, robot_pos, 1654684523662, 621.75, 33.81, 299.08, 2.32, -0.02, 3.09, circuit_pos, 621.5, 39.55, 301.39, 2.31, -0.02, 3.09, tool_force, -0.83, -1.41, 0.14, actual_rep, 1, curr_step, 15, track_size, 72, robot_vel, 39.62, joints_pos, 14.38, 44.97, -18.99, -77.23, 18.92, 59.34, 38.52, tool_torque, -0.522, 0.407, -0.182, joint_torque, -0.49, -13.21, -1.7, 7.76, 0.49, -0.27, -0.16, robot_mode, sine_overlay, 
08/06/2022 11:37:30:328, robot_pos, 1654684523809, 621.82, 39.55, 299.72, 2.31, -0.02, 3.09, circuit_pos, 621.68, 48.29, 302.56, 2.3, -0.02, 3.09, tool_force, -0.62, -1.78, 0.31, actual_rep, 1, curr_step, 16, track_size, 72, robot_vel, 38.45, joints_pos, 14.9, 44.95, -19.0, -77.14, 18.89, 59.37, 39.4, tool_torque, -0.557, 0.397, -0.182, joint_torque, -0.38, -13.15, -1.59, 7.62, 0.52, -0.27, -0.15, robot_mode, sine_overlay, 
08/06/2022 11:37:30:470, robot_pos, 1654684523959, 621.89, 46.39, 300.53, 2.3, -0.02, 3.09, circuit_pos, 621.78, 57.42, 303.83, 2.3, -0.01, 3.09, tool_force, -0.74, -1.56, 0.49, actual_rep, 1, curr_step, 17, track_size, 72, robot_vel, 40.3, joints_pos, 15.54, 44.94, -19.0, -77.02, 18.79, 59.4, 40.43, tool_torque, -0.58, 0.339, -0.177, joint_torque, -0.32, -13.29, -1.58, 7.96, 0.55, -0.44, -0.16, robot_mode, sine_overlay, 
08/06/2022 11:37:30:633, robot_pos, 1654684524107, 621.98, 51.15, 301.2, 2.3, -0.02, 3.09, circuit_pos, 621.78, 57.42, 303.83, 2.3, -0.01, 3.09, tool_force, -1.52, -1.09, 0.35, actual_rep, 1, curr_step, 17, track_size, 72, robot_vel, 42.43, joints_pos, 16.01, 44.91, -19.02, -76.97, 18.61, 59.32, 41.09, tool_torque, -0.505, 0.434, -0.189, joint_torque, -0.44, -13.33, -1.66, 7.98, 0.49, -0.35, -0.16, robot_mode, sine_overlay, 
08/06/2022 11:37:30:737, robot_pos, 1654684524259, 622.02, 57.1, 301.98, 2.3, -0.01, 3.09, circuit_pos, 621.7, 64.77, 304.79, 2.29, -0.01, 3.09, tool_force, -1.34, -2.03, 0.06, actual_rep, 1, curr_step, 18, track_size, 72, robot_vel, 38.47, joints_pos, 16.58, 44.89, -19.03, -76.89, 18.46, 59.27, 41.97, tool_torque, -0.395, 0.389, -0.179, joint_torque, -0.79, -13.24, -1.99, 7.72, 0.38, -0.25, -0.16, robot_mode, sine_overlay, 
08/06/2022 11:37:30:929, robot_pos, 1654684524425, 621.99, 63.57, 302.8, 2.29, -0.01, 3.09, circuit_pos, 621.58, 73.04, 305.87, 2.28, -0.01, 3.09, tool_force, -0.81, -1.37, 0.4, actual_rep, 1, curr_step, 19, track_size, 72, robot_vel, 45.63, joints_pos, 17.19, 44.87, -19.04, -76.78, 18.34, 59.27, 43.05, tool_torque, -0.493, 0.461, -0.186, joint_torque, -0.38, -13.13, -1.65, 7.7, 0.46, -0.29, -0.16, robot_mode, sine_overlay, 
08/06/2022 11:37:31:050, robot_pos, 1654684524575, 621.89, 69.34, 303.52, 2.29, -0.01, 3.09, circuit_pos, 621.28, 81.29, 306.83, 2.28, -0.01, 3.09, tool_force, -0.6, -1.9, 0.22, actual_rep, 1, curr_step, 20, track_size, 72, robot_vel, 46.56, joints_pos, 17.72, 44.86, -19.04, -76.67, 18.27, 59.3, 44.04, tool_torque, -0.53, 0.341, -0.18, joint_torque, -0.73, -13.33, -1.95, 7.72, 0.37, -0.38, -0.15, robot_mode, sine_overlay, 
08/06/2022 11:37:31:205, robot_pos, 1654684524723, 621.72, 75.1, 304.25, 2.28, -0.01, 3.09, circuit_pos, 621.28, 81.29, 306.83, 2.28, -0.01, 3.09, tool_force, -0.39, -1.51, 0.52, actual_rep, 1, curr_step, 20, track_size, 72, robot_vel, 43.53, joints_pos, 18.23, 44.86, -19.04, -76.55, 18.2, 59.37, 44.73, tool_torque, -0.61, 0.379, -0.187, joint_torque, -0.53, -13.21, -1.7, 7.75, 0.46, -0.44, -0.15, robot_mode, sine_overlay, 
08/06/2022 11:37:31:354, robot_pos, 1654684524872, 621.5, 80.98, 304.91, 2.28, -0.01, 3.09, circuit_pos, 620.78, 89.35, 307.67, 2.27, -0.01, 3.09, tool_force, -0.66, -1.49, 0.47, actual_rep, 1, curr_step, 21, track_size, 72, robot_vel, 39.13, joints_pos, 18.75, 44.86, -19.02, -76.43, 18.14, 59.43, 45.55, tool_torque, -0.54, 0.281, -0.155, joint_torque, -0.43, -13.23, -1.72, 7.72, 0.46, -0.41, -0.15, robot_mode, sine_overlay, 
08/06/2022 11:37:31:500, robot_pos, 1654684525023, 621.16, 86.81, 305.57, 2.27, -0.01, 3.09, circuit_pos, 620.25, 96.98, 308.51, 2.27, -0.02, 3.08, tool_force, -1.16, -1.71, 0.49, actual_rep, 1, curr_step, 22, track_size, 72, robot_vel, 38.65, joints_pos, 19.28, 44.86, -19.02, -76.32, 18.1, 59.51, 46.4, tool_torque, -0.585, 0.215, -0.159, joint_torque, -0.68, -13.3, -1.98, 7.92, 0.39, -0.59, -0.15, robot_mode, sine_overlay, 
08/06/2022 11:37:31:655, robot_pos, 1654684525173, 620.94, 92.68, 306.18, 2.27, -0.02, 3.08, circuit_pos, 619.96, 103.53, 309.26, 2.26, -0.02, 3.08, tool_force, 0.17, -1.48, 0.32, actual_rep, 1, curr_step, 23, track_size, 72, robot_vel, 40.39, joints_pos, 19.68, 44.85, -18.96, -76.22, 18.55, 59.55, 46.79, tool_torque, -0.442, 0.117, -0.13, joint_torque, -0.77, -13.52, -2.22, 7.79, 0.28, -0.46, -0.12, robot_mode, sine_overlay, 
08/06/2022 11:37:31:834, robot_pos, 1654684525320, 620.53, 97.1, 306.81, 2.27, -0.02, 3.08, circuit_pos, 619.96, 103.53, 309.26, 2.26, -0.02, 3.08, tool_force, -0.69, -1.22, 0.82, actual_rep, 1, curr_step, 23, track_size, 72, robot_vel, 39.75, joints_pos, 20.05, 44.82, -19.02, -76.2, 18.87, 59.57, 47.05, tool_torque, -0.24, -0.184, -0.088, joint_torque, -0.62, -13.18, -2.36, 7.98, 0.04, -0.66, -0.09, robot_mode, sine_overlay, 
08/06/2022 11:37:31:955, robot_pos, 1654684525453, 621.16, 97.31, 309.25, 2.27, -0.02, 3.08, circuit_pos, 619.96, 103.53, 309.26, 2.26, -0.02, 3.08, tool_force, -0.14, 1.51, 7.33, actual_rep, 1, curr_step, 23, track_size, 72, robot_vel, 4.52, joints_pos, 20.11, 44.69, -19.14, -76.01, 19.01, 59.78, 47.05, tool_torque, -0.258, 0.603, -0.079, joint_torque, 0.25, -9.95, -0.61, 6.5, 0.59, -0.26, -0.03, robot_mode, sine_overlay, 
08/06/2022 11:37:32:105, robot_pos, 1654684525602, 621.22, 102.33, 316.72, 2.26, -0.02, 3.08, circuit_pos, 619.96, 103.53, 309.26, 2.26, -0.02, 3.08, tool_force, -1.09, -0.53, 2.25, actual_rep, 1, curr_step, 23, track_size, 72, robot_vel, 71.18, joints_pos, 20.42, 44.26, -18.99, -75.53, 18.64, 60.67, 48.3, tool_torque, -0.391, 0.445, -0.132, joint_torque, -0.8, -12.21, -1.88, 7.4, 0.44, -0.39, -0.13, robot_mode, sine_overlay, 
08/06/2022 11:37:32:259, robot_pos, 1654684525751, 620.74, 103.64, 315.96, 2.26, -0.02, 3.08, circuit_pos, 619.96, 103.53, 309.26, 2.26, -0.02, 3.08, tool_force, -0.34, -0.65, -0.55, actual_rep, 1, curr_step, 23, track_size, 72, robot_vel, 18.72, joints_pos, 20.61, 44.29, -19.05, -75.61, 18.52, 60.55, 48.57, tool_torque, -0.424, 0.412, -0.051, joint_torque, -0.29, -13.79, -1.59, 8.3, 0.55, -0.39, -0.01, robot_mode, sine_overlay, 
08/06/2022 11:37:32:446, robot_pos, 1654684525899, 621.27, 103.71, 317.89, 2.26, -0.02, 3.08, circuit_pos, 619.96, 103.53, 309.26, 2.26, -0.02, 3.08, tool_force, -0.03, -0.2, -0.07, actual_rep, 1, curr_step, 23, track_size, 72, robot_vel, 6.82, joints_pos, 20.6, 44.21, -19.09, -75.44, 18.61, 60.77, 48.52, tool_torque, -0.413, 0.188, 0.037, joint_torque, -0.27, -13.67, -1.66, 8.22, 0.44, -0.49, 0.08, robot_mode, sine_overlay, 
08/06/2022 11:37:32:560, robot_pos, 1654684526050, 621.4, 103.24, 323.4, 2.26, -0.02, 3.08, circuit_pos, 619.96, 103.53, 309.26, 2.26, -0.02, 3.08, tool_force, 0.17, -1.11, 0.87, actual_rep, 1, curr_step, 23, track_size, 72, robot_vel, 38.8, joints_pos, 20.59, 43.83, -19.18, -75.2, 18.49, 61.41, 48.57, tool_torque, -0.585, 0.264, -0.071, joint_torque, -0.19, -13.33, -1.48, 7.9, 0.55, -0.51, -0.04, robot_mode, sine_overlay, 
08/06/2022 11:37:32:708, robot_pos, 1654684526198, 620.88, 103.0, 326.31, 2.26, -0.02, 3.08, circuit_pos, 619.96, 103.53, 309.26, 2.26, -0.02, 3.08, tool_force, 0.3, -0.67, 1.06, actual_rep, 1, curr_step, 23, track_size, 72, robot_vel, 13.75, joints_pos, 20.59, 43.56, -19.17, -75.23, 18.36, 61.6, 48.62, tool_torque, -0.501, 0.277, -0.091, joint_torque, 0.01, -13.0, -1.38, 7.99, 0.57, -0.5, -0.08, robot_mode, sine_overlay, 
08/06/2022 11:37:32:866, robot_pos, 1654684526351, 620.3, 103.08, 323.97, 2.26, -0.02, 3.08, circuit_pos, 619.96, 103.53, 309.26, 2.26, -0.02, 3.08, tool_force, -0.48, 0.01, 0.63, actual_rep, 1, curr_step, 23, track_size, 72, robot_vel, 19.63, joints_pos, 20.59, 43.67, -19.11, -75.42, 18.36, 61.35, 48.63, tool_torque, -0.183, 0.343, -0.01, joint_torque, -0.18, -13.27, -1.7, 8.22, 0.52, -0.32, -0.02, robot_mode, sine_overlay, 
08/06/2022 11:37:33:058, robot_pos, 1654684526497, 620.39, 103.61, 318.27, 2.26, -0.02, 3.08, circuit_pos, 619.96, 103.53, 309.26, 2.26, -0.02, 3.08, tool_force, -0.89, -0.06, -0.17, actual_rep, 1, curr_step, 23, track_size, 72, robot_vel, 42.69, joints_pos, 20.59, 44.09, -19.01, -75.6, 18.47, 60.75, 48.63, tool_torque, -0.045, 0.28, 0.066, joint_torque, -0.46, -13.4, -2.02, 8.09, 0.38, -0.21, 0.05, robot_mode, sine_overlay, 
08/06/2022 11:37:33:163, robot_pos, 1654684526648, 620.87, 103.9, 313.94, 2.26, -0.02, 3.08, circuit_pos, 619.88, 109.67, 310.15, 2.26, -0.02, 3.08, tool_force, 0.01, 0.01, -1.07, actual_rep, 1, curr_step, 24, track_size, 72, robot_vel, 30.55, joints_pos, 20.59, 44.48, -19.0, -75.63, 18.63, 60.41, 48.54, tool_torque, -0.035, 0.265, 0.166, joint_torque, -0.1, -13.7, -1.79, 8.36, 0.48, -0.27, 0.17, robot_mode, sine_overlay, 
08/06/2022 11:37:33:360, robot_pos, 1654684526797, 621.44, 108.1, 315.13, 2.26, -0.02, 3.08, circuit_pos, 619.88, 109.67, 310.15, 2.26, -0.02, 3.08, tool_force, 0.21, -1.13, -0.6, actual_rep, 1, curr_step, 24, track_size, 72, robot_vel, 25.15, joints_pos, 20.82, 44.5, -18.86, -75.32, 18.71, 60.6, 48.85, tool_torque, -0.44, 0.139, -0.045, joint_torque, -0.3, -13.92, -1.93, 8.16, 0.47, -0.47, -0.07, robot_mode, sine_overlay, 
08/06/2022 11:37:33:466, robot_pos, 1654684526946, 621.64, 109.54, 320.49, 2.26, -0.02, 3.08, circuit_pos, 619.88, 109.67, 310.15, 2.26, -0.02, 3.08, tool_force, -1.05, -1.23, 0.4, actual_rep, 1, curr_step, 24, track_size, 72, robot_vel, 38.4, joints_pos, 21.17, 44.22, -19.24, -75.03, 18.58, 61.19, 49.11, tool_torque, -0.679, 0.527, -0.162, joint_torque, -0.73, -13.52, -1.63, 8.09, 0.58, -0.51, -0.09, robot_mode, sine_overlay, 
08/06/2022 11:37:33:664, robot_pos, 1654684527095, 621.15, 109.32, 325.77, 2.26, -0.02, 3.08, circuit_pos, 619.88, 109.67, 310.15, 2.26, -0.02, 3.08, tool_force, -0.49, -1.09, 0.75, actual_rep, 1, curr_step, 24, track_size, 72, robot_vel, 33.52, joints_pos, 21.19, 43.78, -19.31, -74.95, 18.5, 61.68, 49.14, tool_torque, -0.616, 0.291, -0.118, joint_torque, -0.53, -13.16, -1.67, 8.02, 0.5, -0.61, -0.08, robot_mode, sine_overlay, 
08/06/2022 11:37:33:768, robot_pos, 1654684527243, 620.5, 109.19, 326.93, 2.26, -0.02, 3.08, circuit_pos, 619.88, 109.67, 310.15, 2.26, -0.02, 3.08, tool_force, 0.16, -0.75, 0.28, actual_rep, 1, curr_step, 24, track_size, 72, robot_vel, 4.33, joints_pos, 21.18, 43.62, -19.26, -75.04, 18.39, 61.76, 49.19, tool_torque, -0.447, 0.23, -0.056, joint_torque, -0.15, -13.26, -1.67, 8.15, 0.53, -0.5, -0.06, robot_mode, sine_overlay, 
08/06/2022 11:37:33:970, robot_pos, 1654684527396, 620.19, 109.37, 322.92, 2.26, -0.02, 3.08, circuit_pos, 619.88, 109.67, 310.15, 2.26, -0.02, 3.08, tool_force, -0.8, 0.22, 0.42, actual_rep, 1, curr_step, 24, track_size, 72, robot_vel, 33.9, joints_pos, 21.17, 43.87, -19.16, -75.26, 18.39, 61.28, 49.2, tool_torque, -0.073, 0.427, 0.022, joint_torque, -0.34, -13.01, -1.82, 8.2, 0.5, -0.29, 0.0, robot_mode, sine_overlay, 
08/06/2022 11:37:34:222, robot_pos, 1654684527695, 621.11, 110.88, 314.6, 2.26, -0.02, 3.08, circuit_pos, 619.73, 115.25, 310.98, 2.26, -0.02, 3.07, tool_force, 0.6, 1.34, -1.12, actual_rep, 1, curr_step, 25, track_size, 72, robot_vel, 14.38, joints_pos, 21.2, 44.58, -19.05, -75.33, 18.74, 60.49, 49.12, tool_torque, -0.349, 0.462, 0.13, joint_torque, 0.06, -13.87, -1.41, 8.64, 0.82, -0.42, 0.13, robot_mode, sine_overlay, 
08/06/2022 11:37:34:375, robot_pos, 1654684527844, 621.78, 115.61, 318.0, 2.26, -0.02, 3.07, circuit_pos, 619.73, 115.25, 310.98, 2.26, -0.02, 3.07, tool_force, -1.08, -1.61, -0.03, actual_rep, 1, curr_step, 25, track_size, 72, robot_vel, 45.8, joints_pos, 21.47, 44.37, -18.97, -75.11, 19.02, 60.47, 49.34, tool_torque, -0.0090, 0.108, -0.052, joint_torque, -0.92, -13.2, -2.38, 7.67, 0.12, -0.21, -0.06, robot_mode, sine_overlay, 
08/06/2022 11:37:34:520, robot_pos, 1654684527993, 621.25, 115.06, 323.66, 2.26, -0.02, 3.07, circuit_pos, 619.73, 115.25, 310.98, 2.26, -0.02, 3.07, tool_force, 0.15, -0.62, 0.42, actual_rep, 1, curr_step, 25, track_size, 72, robot_vel, 40.07, joints_pos, 21.6, 43.92, -19.22, -75.04, 18.95, 61.0, 49.37, tool_torque, -0.735, 0.254, -0.083, joint_torque, -0.41, -13.55, -1.58, 8.2, 0.54, -0.71, -0.03, robot_mode, sine_overlay, 
08/06/2022 11:37:34:674, robot_pos, 1654684528143, 620.7, 114.71, 327.8, 2.26, -0.02, 3.07, circuit_pos, 619.73, 115.25, 310.98, 2.26, -0.02, 3.07, tool_force, 0.07, -0.5, 0.87, actual_rep, 1, curr_step, 25, track_size, 72, robot_vel, 24.18, joints_pos, 21.59, 43.55, -19.22, -75.02, 18.76, 61.32, 49.47, tool_torque, -0.568, 0.301, -0.082, joint_torque, -0.14, -12.98, -1.42, 7.97, 0.59, -0.58, -0.06, robot_mode, sine_overlay, 
08/06/2022 11:37:34:868, robot_pos, 1654684528291, 620.17, 114.73, 326.83, 2.26, -0.02, 3.07, circuit_pos, 619.73, 115.25, 310.98, 2.26, -0.02, 3.07, tool_force, -0.61, -0.07, 0.03, actual_rep, 1, curr_step, 25, track_size, 72, robot_vel, 8.64, joints_pos, 21.59, 43.55, -19.16, -75.17, 18.73, 61.18, 49.49, tool_torque, -0.277, 0.412, -0.033, joint_torque, -0.41, -13.29, -1.75, 8.02, 0.53, -0.28, -0.03, robot_mode, sine_overlay, 
08/06/2022 11:37:34:979, robot_pos, 1654684528440, 620.06, 115.12, 321.47, 2.26, -0.02, 3.07, circuit_pos, 619.73, 115.25, 310.98, 2.26, -0.02, 3.07, tool_force, -0.14, 0.36, -0.52, actual_rep, 1, curr_step, 25, track_size, 72, robot_vel, 37.62, joints_pos, 21.59, 43.93, -19.06, -75.38, 18.78, 60.64, 49.48, tool_torque, -0.193, 0.326, 0.048, joint_torque, -0.12, -13.79, -1.76, 8.48, 0.56, -0.35, 0.03, robot_mode, sine_overlay, 
08/06/2022 11:37:35:123, robot_pos, 1654684528589, 620.56, 115.6, 316.43, 2.26, -0.02, 3.07, circuit_pos, 619.73, 115.25, 310.98, 2.26, -0.02, 3.07, tool_force, -0.28, 0.49, -0.79, actual_rep, 1, curr_step, 25, track_size, 72, robot_vel, 37.15, joints_pos, 21.59, 44.37, -19.01, -75.42, 18.93, 60.2, 49.44, tool_torque, -0.034, 0.302, 0.141, joint_torque, -0.29, -13.63, -1.89, 8.4, 0.49, -0.29, 0.13, robot_mode, sine_overlay, 
08/06/2022 11:37:35:277, robot_pos, 1654684528737, 621.15, 117.97, 315.98, 2.26, -0.02, 3.07, circuit_pos, 619.61, 120.68, 311.81, 2.26, -0.02, 3.07, tool_force, -0.75, -0.12, -0.4, actual_rep, 1, curr_step, 26, track_size, 72, robot_vel, 13.16, joints_pos, 21.68, 44.49, -18.9, -75.23, 19.07, 60.21, 49.51, tool_torque, -0.389, 0.436, 0.026, joint_torque, -0.52, -13.89, -1.84, 8.49, 0.63, -0.49, 0.01, robot_mode, sine_overlay, 
08/06/2022 11:37:35:444, robot_pos, 1654684528889, 621.4, 120.77, 321.4, 2.26, -0.02, 3.07, circuit_pos, 619.61, 120.68, 311.81, 2.26, -0.02, 3.07, tool_force, -0.66, -1.21, -0.14, actual_rep, 1, curr_step, 26, track_size, 72, robot_vel, 49.62, joints_pos, 22.04, 44.22, -19.11, -74.85, 18.82, 60.83, 49.99, tool_torque, -0.759, 0.388, -0.16, joint_torque, -0.72, -13.84, -1.71, 8.16, 0.55, -0.57, -0.1, robot_mode, sine_overlay, 
08/06/2022 11:37:35:577, robot_pos, 1654684529036, 621.04, 120.5, 326.42, 2.26, -0.02, 3.07, circuit_pos, 619.61, 120.68, 311.81, 2.26, -0.02, 3.07, tool_force, -0.56, -0.32, 1.05, actual_rep, 1, curr_step, 26, track_size, 72, robot_vel, 42.12, joints_pos, 22.04, 43.81, -19.18, -74.77, 18.81, 61.29, 49.99, tool_torque, -0.579, 0.3, -0.072, joint_torque, -0.56, -12.9, -1.61, 7.89, 0.48, -0.58, -0.02, robot_mode, sine_overlay, 
08/06/2022 11:37:35:725, robot_pos, 1654684529186, 620.45, 120.1, 328.81, 2.26, -0.02, 3.07, circuit_pos, 619.61, 120.68, 311.81, 2.26, -0.02, 3.07, tool_force, -0.13, -0.72, 0.84, actual_rep, 1, curr_step, 26, track_size, 72, robot_vel, 22.12, joints_pos, 22.04, 43.57, -19.18, -74.82, 18.69, 61.46, 50.02, tool_torque, -0.57, 0.324, -0.103, joint_torque, -0.28, -13.32, -1.56, 8.04, 0.57, -0.52, -0.08, robot_mode, sine_overlay, 
08/06/2022 11:37:35:888, robot_pos, 1654684529333, 619.9, 120.2, 326.09, 2.26, -0.02, 3.07, circuit_pos, 619.61, 120.68, 311.81, 2.26, -0.02, 3.07, tool_force, -0.41, 0.4, 0.04, actual_rep, 1, curr_step, 26, track_size, 72, robot_vel, 25.29, joints_pos, 22.03, 43.7, -19.1, -75.03, 18.69, 61.16, 50.02, tool_torque, -0.284, 0.333, -0.02, joint_torque, -0.22, -13.49, -1.75, 8.51, 0.56, -0.49, -0.03, robot_mode, sine_overlay, 
08/06/2022 11:37:36:042, robot_pos, 1654684529501, 620.12, 120.81, 319.58, 2.26, -0.02, 3.07, circuit_pos, 619.61, 120.68, 311.81, 2.26, -0.02, 3.07, tool_force, -0.61, 0.31, -0.59, actual_rep, 1, curr_step, 26, track_size, 72, robot_vel, 41.35, joints_pos, 22.03, 44.2, -19.0, -75.2, 18.81, 60.52, 50.02, tool_torque, -0.063, 0.298, 0.079, joint_torque, -0.48, -13.69, -2.04, 8.42, 0.44, -0.36, 0.07, robot_mode, sine_overlay, 
08/06/2022 11:37:36:222, robot_pos, 1654684529650, 620.69, 121.2, 316.2, 2.26, -0.02, 3.07, circuit_pos, 619.45, 126.37, 312.42, 2.25, -0.02, 3.07, tool_force, 0.63, 0.95, -0.92, actual_rep, 1, curr_step, 27, track_size, 72, robot_vel, 21.94, joints_pos, 22.04, 44.52, -18.99, -75.16, 18.94, 60.26, 49.97, tool_torque, -0.2, 0.25, 0.145, joint_torque, 0.45, -14.08, -1.36, 8.63, 0.69, -0.35, 0.12, robot_mode, sine_overlay, 
08/06/2022 11:37:36:347, robot_pos, 1654684529799, 621.16, 125.94, 318.42, 2.25, -0.02, 3.07, circuit_pos, 619.45, 126.37, 312.42, 2.25, -0.02, 3.07, tool_force, -1.51, -1.29, -0.13, actual_rep, 1, curr_step, 27, track_size, 72, robot_vel, 38.82, joints_pos, 22.34, 44.49, -18.91, -74.83, 18.97, 60.5, 50.86, tool_torque, -0.476, 0.195, -0.128, joint_torque, -1.51, -13.65, -2.72, 8.04, 0.24, -0.56, -0.14, robot_mode, sine_overlay, 
08/06/2022 11:37:36:493, robot_pos, 1654684529947, 621.15, 126.35, 324.18, 2.25, -0.02, 3.07, circuit_pos, 619.45, 126.37, 312.42, 2.25, -0.02, 3.07, tool_force, -0.44, -0.09, 1.15, actual_rep, 1, curr_step, 27, track_size, 72, robot_vel, 37.45, joints_pos, 22.58, 44.13, -19.21, -74.57, 18.75, 61.14, 51.15, tool_torque, -0.647, 0.406, -0.104, joint_torque, -0.32, -13.23, -1.38, 8.13, 0.61, -0.63, -0.04, robot_mode, sine_overlay, 
08/06/2022 11:37:36:646, robot_pos, 1654684530097, 620.57, 126.02, 328.77, 2.25, -0.02, 3.07, circuit_pos, 619.45, 126.37, 312.42, 2.25, -0.02, 3.07, tool_force, 0.18, -0.55, 0.82, actual_rep, 1, curr_step, 27, track_size, 72, robot_vel, 25.96, joints_pos, 22.56, 43.72, -19.23, -74.56, 18.72, 61.51, 51.15, tool_torque, -0.601, 0.207, -0.061, joint_torque, -0.2, -13.49, -1.56, 8.1, 0.52, -0.59, -0.03, robot_mode, sine_overlay, 
08/06/2022 11:37:36:842, robot_pos, 1654684530248, 619.97, 125.89, 328.74, 2.25, -0.02, 3.07, circuit_pos, 619.45, 126.37, 312.42, 2.25, -0.02, 3.07, tool_force, -1.13, 1.29, 1.44, actual_rep, 1, curr_step, 27, track_size, 72, robot_vel, 7.8, joints_pos, 22.56, 43.66, -19.19, -74.69, 18.65, 61.46, 51.18, tool_torque, -0.336, 0.347, -0.041, joint_torque, -0.35, -12.88, -1.7, 8.3, 0.53, -0.53, -0.04, robot_mode, sine_overlay, 
08/06/2022 11:37:36:953, robot_pos, 1654684530398, 619.76, 126.18, 323.9, 2.25, -0.02, 3.07, circuit_pos, 619.45, 126.37, 312.42, 2.25, -0.02, 3.07, tool_force, -0.09, 0.24, -0.28, actual_rep, 1, curr_step, 27, track_size, 72, robot_vel, 36.62, joints_pos, 22.56, 43.98, -19.09, -74.91, 18.66, 60.94, 51.18, tool_torque, -0.163, 0.351, 0.029, joint_torque, -0.16, -13.64, -1.76, 8.41, 0.55, -0.4, 0.01, robot_mode, sine_overlay, 
08/06/2022 11:37:37:128, robot_pos, 1654684530547, 620.16, 126.69, 318.43, 2.25, -0.02, 3.07, circuit_pos, 619.45, 126.37, 312.42, 2.25, -0.02, 3.07, tool_force, -0.26, 0.83, -0.69, actual_rep, 1, curr_step, 27, track_size, 72, robot_vel, 41.74, joints_pos, 22.56, 44.42, -19.04, -74.99, 18.82, 60.45, 51.13, tool_torque, -0.097, 0.216, 0.154, joint_torque, -0.23, -13.94, -1.93, 8.55, 0.48, -0.36, 0.15, robot_mode, sine_overlay, 
08/06/2022 11:37:37:257, robot_pos, 1654684530698, 620.71, 128.25, 317.0, 2.25, -0.02, 3.07, circuit_pos, 619.15, 132.12, 312.83, 2.25, -0.02, 3.07, tool_force, -0.67, 0.44, -0.37, actual_rep, 1, curr_step, 28, track_size, 72, robot_vel, 23.01, joints_pos, 22.61, 44.61, -18.95, -74.86, 18.94, 60.34, 51.14, tool_torque, -0.367, 0.525, 0.074, joint_torque, -0.49, -13.82, -1.72, 8.34, 0.68, -0.36, 0.08, robot_mode, sine_overlay, 
08/06/2022 11:37:37:446, robot_pos, 1654684530846, 620.92, 132.42, 320.73, 2.25, -0.02, 3.07, circuit_pos, 619.15, 132.12, 312.83, 2.25, -0.02, 3.07, tool_force, -0.18, -0.73, 0.18, actual_rep, 1, curr_step, 28, track_size, 72, robot_vel, 54.19, joints_pos, 22.96, 44.48, -19.0, -74.48, 18.76, 60.84, 51.67, tool_torque, -0.493, 0.045, -0.102, joint_torque, -0.47, -14.07, -2.03, 8.28, 0.36, -0.6, -0.1, robot_mode, sine_overlay, 
08/06/2022 11:37:37:554, robot_pos, 1654684530998, 620.69, 132.01, 326.73, 2.25, -0.02, 3.07, circuit_pos, 619.15, 132.12, 312.83, 2.25, -0.02, 3.07, tool_force, 0.19, -0.95, 0.51, actual_rep, 1, curr_step, 28, track_size, 72, robot_vel, 39.0, joints_pos, 23.04, 44.03, -19.19, -74.33, 18.73, 61.41, 51.71, tool_torque, -0.659, 0.3, -0.057, joint_torque, -0.42, -13.5, -1.56, 8.08, 0.52, -0.62, 0.0, robot_mode, sine_overlay, 
08/06/2022 11:37:37:703, robot_pos, 1654684531146, 620.09, 131.59, 329.83, 2.25, -0.02, 3.07, circuit_pos, 619.15, 132.12, 312.83, 2.25, -0.02, 3.07, tool_force, -0.8, 0.33, 1.4, actual_rep, 1, curr_step, 28, track_size, 72, robot_vel, 15.66, joints_pos, 23.03, 43.73, -19.2, -74.37, 18.61, 61.65, 51.74, tool_torque, -0.556, 0.354, -0.1, joint_torque, -0.4, -13.04, -1.57, 8.15, 0.56, -0.63, -0.07, robot_mode, sine_overlay, 
08/06/2022 11:37:37:858, robot_pos, 1654684531297, 619.54, 131.67, 327.76, 2.25, -0.02, 3.07, circuit_pos, 619.15, 132.12, 312.83, 2.25, -0.02, 3.07, tool_force, -0.38, 0.14, 0.43, actual_rep, 1, curr_step, 28, track_size, 72, robot_vel, 20.85, joints_pos, 23.02, 43.82, -19.12, -74.55, 18.59, 61.42, 51.75, tool_torque, -0.259, 0.325, -0.019, joint_torque, -0.29, -13.6, -1.82, 8.3, 0.52, -0.4, -0.04, robot_mode, sine_overlay, 
08/06/2022 11:37:38:058, robot_pos, 1654684531445, 619.58, 132.17, 322.1, 2.25, -0.02, 3.07, circuit_pos, 619.15, 132.12, 312.83, 2.25, -0.02, 3.07, tool_force, -0.38, 0.67, -0.47, actual_rep, 1, curr_step, 28, track_size, 72, robot_vel, 41.16, joints_pos, 23.02, 44.23, -19.01, -74.75, 18.68, 60.81, 51.74, tool_torque, -0.093, 0.272, 0.067, joint_torque, -0.38, -13.6, -1.96, 8.53, 0.45, -0.44, 0.05, robot_mode, sine_overlay, 
08/06/2022 11:37:38:161, robot_pos, 1654684531596, 620.12, 132.51, 317.62, 2.25, -0.02, 3.07, circuit_pos, 618.9, 137.78, 313.01, 2.25, -0.02, 3.07, tool_force, -0.58, 0.67, -0.74, actual_rep, 1, curr_step, 29, track_size, 72, robot_vel, 29.48, joints_pos, 23.03, 44.62, -19.0, -74.76, 18.83, 60.46, 51.69, tool_torque, -0.087, 0.242, 0.165, joint_torque, -0.37, -13.88, -1.98, 8.44, 0.46, -0.33, 0.17, robot_mode, sine_overlay, 
08/06/2022 11:37:38:358, robot_pos, 1654684531743, 620.48, 136.23, 318.15, 2.25, -0.02, 3.07, circuit_pos, 618.9, 137.78, 313.01, 2.25, -0.02, 3.07, tool_force, 0.26, -0.38, -0.38, actual_rep, 1, curr_step, 29, track_size, 72, robot_vel, 33.0, joints_pos, 23.21, 44.68, -18.85, -74.5, 18.9, 60.57, 51.93, tool_torque, -0.501, 0.19, -0.055, joint_torque, -0.43, -14.32, -2.03, 8.52, 0.49, -0.61, -0.07, robot_mode, sine_overlay, 
08/06/2022 11:37:38:459, robot_pos, 1654684531893, 620.71, 137.93, 323.15, 2.25, -0.02, 3.07, circuit_pos, 618.9, 137.78, 313.01, 2.25, -0.02, 3.07, tool_force, -0.75, -1.02, -0.2, actual_rep, 1, curr_step, 29, track_size, 72, robot_vel, 38.47, joints_pos, 23.51, 44.43, -19.13, -74.17, 18.69, 61.16, 52.27, tool_torque, -0.679, 0.402, -0.137, joint_torque, -0.65, -13.7, -1.66, 8.09, 0.53, -0.56, -0.07, robot_mode, sine_overlay, 
08/06/2022 11:37:38:637, robot_pos, 1654684532045, 620.22, 137.54, 328.58, 2.25, -0.02, 3.07, circuit_pos, 618.9, 137.78, 313.01, 2.25, -0.02, 3.07, tool_force, -0.4, -0.38, 1.43, actual_rep, 1, curr_step, 29, track_size, 72, robot_vel, 34.25, joints_pos, 23.51, 43.99, -19.19, -74.11, 18.68, 61.62, 52.27, tool_torque, -0.585, 0.282, -0.065, joint_torque, -0.43, -13.21, -1.59, 8.05, 0.5, -0.61, -0.02, robot_mode, sine_overlay, 
08/06/2022 11:37:38:771, robot_pos, 1654684532196, 619.58, 137.27, 329.75, 2.25, -0.02, 3.07, circuit_pos, 618.9, 137.78, 313.01, 2.25, -0.02, 3.07, tool_force, -0.13, -0.26, 0.38, actual_rep, 1, curr_step, 29, track_size, 72, robot_vel, 4.33, joints_pos, 23.51, 43.83, -19.17, -74.21, 18.58, 61.7, 52.29, tool_torque, -0.491, 0.35, -0.091, joint_torque, -0.29, -13.47, -1.61, 8.23, 0.56, -0.53, -0.07, robot_mode, sine_overlay, 
08/06/2022 11:37:38:934, robot_pos, 1654684532345, 619.25, 137.44, 326.0, 2.25, -0.02, 3.07, circuit_pos, 618.9, 137.78, 313.01, 2.25, -0.02, 3.07, tool_force, -0.7, 0.51, 0.27, actual_rep, 1, curr_step, 29, track_size, 72, robot_vel, 30.78, joints_pos, 23.51, 44.05, -19.09, -74.42, 18.58, 61.27, 52.29, tool_torque, -0.182, 0.405, -0.012, joint_torque, -0.55, -13.41, -1.95, 8.26, 0.49, -0.39, -0.02, robot_mode, sine_overlay, 
08/06/2022 11:37:39:073, robot_pos, 1654684532494, 619.49, 137.96, 320.05, 2.25, -0.02, 3.07, circuit_pos, 618.9, 137.78, 313.01, 2.25, -0.02, 3.07, tool_force, -0.42, 0.63, -0.94, actual_rep, 1, curr_step, 29, track_size, 72, robot_vel, 39.84, joints_pos, 23.51, 44.51, -19.01, -74.56, 18.71, 60.71, 52.27, tool_torque, -0.103, 0.244, 0.096, joint_torque, -0.32, -14.06, -1.99, 8.55, 0.46, -0.35, 0.09, robot_mode, sine_overlay, 
08/06/2022 11:37:39:218, robot_pos, 1654684532647, 620.05, 138.71, 317.34, 2.25, -0.02, 3.07, circuit_pos, 618.68, 143.43, 313.21, 2.25, -0.02, 3.07, tool_force, 0.76, 0.99, -0.9, actual_rep, 1, curr_step, 30, track_size, 72, robot_vel, 17.28, joints_pos, 23.54, 44.79, -18.98, -74.49, 18.86, 60.52, 52.22, tool_torque, -0.285, 0.39, 0.134, joint_torque, 0.21, -14.22, -1.42, 8.7, 0.75, -0.41, 0.13, robot_mode, sine_overlay, 
08/06/2022 11:37:39:369, robot_pos, 1654684532796, 620.36, 143.62, 319.92, 2.25, -0.02, 3.07, circuit_pos, 618.68, 143.43, 313.21, 2.25, -0.02, 3.07, tool_force, -2.07, -0.92, 0.5, actual_rep, 1, curr_step, 30, track_size, 72, robot_vel, 41.47, joints_pos, 23.85, 44.74, -18.9, -74.12, 18.79, 60.83, 52.68, tool_torque, -0.405, 0.158, -0.118, joint_torque, -1.6, -13.5, -2.74, 8.03, 0.13, -0.61, -0.11, robot_mode, sine_overlay, 
08/06/2022 11:37:39:572, robot_pos, 1654684532947, 620.37, 143.39, 325.93, 2.25, -0.02, 3.07, circuit_pos, 618.68, 143.43, 313.21, 2.25, -0.02, 3.07, tool_force, 0.09, -0.97, 0.46, actual_rep, 1, curr_step, 30, track_size, 72, robot_vel, 43.89, joints_pos, 23.98, 44.35, -19.15, -73.88, 18.68, 61.5, 52.81, tool_torque, -0.728, 0.339, -0.072, joint_torque, -0.41, -13.93, -1.53, 8.2, 0.56, -0.62, 0.0, robot_mode, sine_overlay, 
08/06/2022 11:37:39:668, robot_pos, 1654684533095, 619.77, 142.94, 329.92, 2.25, -0.02, 3.07, circuit_pos, 618.68, 143.43, 313.21, 2.25, -0.02, 3.07, tool_force, -0.32, -0.11, 1.2, actual_rep, 1, curr_step, 30, track_size, 72, robot_vel, 26.04, joints_pos, 23.97, 43.99, -19.18, -73.89, 18.58, 61.8, 52.82, tool_torque, -0.596, 0.339, -0.093, joint_torque, -0.31, -13.45, -1.52, 8.31, 0.58, -0.68, -0.06, robot_mode, sine_overlay, 
08/06/2022 11:37:39:824, robot_pos, 1654684533248, 619.21, 142.96, 329.04, 2.25, -0.02, 3.07, circuit_pos, 618.68, 143.43, 313.21, 2.25, -0.02, 3.07, tool_force, -0.5, -0.13, 0.07, actual_rep, 1, curr_step, 30, track_size, 72, robot_vel, 9.43, joints_pos, 23.97, 43.98, -19.12, -74.05, 18.55, 61.65, 52.84, tool_torque, -0.258, 0.392, -0.052, joint_torque, -0.43, -13.41, -1.82, 8.09, 0.5, -0.32, -0.06, robot_mode, sine_overlay, 
08/06/2022 11:37:39:970, robot_pos, 1654684533395, 619.03, 143.31, 323.78, 2.25, -0.02, 3.07, circuit_pos, 618.68, 143.43, 313.21, 2.25, -0.02, 3.07, tool_force, -0.58, 0.77, -0.21, actual_rep, 1, curr_step, 30, track_size, 72, robot_vel, 38.61, joints_pos, 23.97, 44.35, -19.02, -74.26, 18.59, 61.11, 52.84, tool_torque, -0.186, 0.314, 0.045, joint_torque, -0.31, -13.71, -1.87, 8.55, 0.52, -0.42, 0.03, robot_mode, sine_overlay, 
08/06/2022 11:37:40:120, robot_pos, 1654684533545, 619.55, 143.72, 318.64, 2.25, -0.02, 3.07, circuit_pos, 618.68, 143.43, 313.21, 2.25, -0.02, 3.07, tool_force, -0.31, 0.54, -0.85, actual_rep, 1, curr_step, 30, track_size, 72, robot_vel, 35.18, joints_pos, 23.97, 44.78, -18.99, -74.31, 18.75, 60.68, 52.79, tool_torque, -0.075, 0.279, 0.152, joint_torque, -0.33, -13.9, -1.9, 8.4, 0.48, -0.31, 0.15, robot_mode, sine_overlay, 
08/06/2022 11:37:40:273, robot_pos, 1654684533694, 620.41, 146.36, 318.01, 2.24, -0.02, 3.06, circuit_pos, 618.69, 148.48, 313.26, 2.24, -0.02, 3.06, tool_force, -0.47, -0.07, -0.66, actual_rep, 1, curr_step, 31, track_size, 72, robot_vel, 17.26, joints_pos, 24.05, 44.9, -18.86, -74.16, 19.1, 60.4, 53.16, tool_torque, -0.262, 0.49, -0.059, joint_torque, -0.33, -14.24, -1.81, 8.55, 0.58, -0.35, -0.07, robot_mode, sine_overlay, 
08/06/2022 11:37:40:425, robot_pos, 1654684533845, 620.55, 148.64, 321.94, 2.24, -0.02, 3.06, circuit_pos, 618.69, 148.48, 313.26, 2.24, -0.02, 3.06, tool_force, -0.41, -0.66, 0.08, actual_rep, 1, curr_step, 31, track_size, 72, robot_vel, 33.77, joints_pos, 24.36, 44.66, -19.08, -73.99, 19.08, 60.6, 53.53, tool_torque, -0.679, 0.243, -0.126, joint_torque, -0.33, -14.2, -1.62, 8.53, 0.57, -0.75, -0.1, robot_mode, sine_overlay, 
08/06/2022 11:37:40:575, robot_pos, 1654684533994, 620.08, 148.24, 327.89, 2.24, -0.02, 3.06, circuit_pos, 618.69, 148.48, 313.26, 2.24, -0.02, 3.06, tool_force, -0.42, -0.68, 1.16, actual_rep, 1, curr_step, 31, track_size, 72, robot_vel, 41.47, joints_pos, 24.38, 44.15, -19.18, -73.93, 19.04, 61.09, 53.56, tool_torque, -0.56, 0.354, -0.115, joint_torque, -0.6, -13.05, -1.65, 7.9, 0.48, -0.6, -0.07, robot_mode, sine_overlay, 
08/06/2022 11:37:40:724, robot_pos, 1654684534145, 619.48, 147.89, 330.25, 2.24, -0.02, 3.06, circuit_pos, 618.69, 148.48, 313.26, 2.24, -0.02, 3.06, tool_force, -0.27, -0.13, 0.85, actual_rep, 1, curr_step, 31, track_size, 72, robot_vel, 27.09, joints_pos, 24.38, 43.92, -19.17, -73.98, 18.9, 61.26, 53.62, tool_torque, -0.585, 0.349, -0.108, joint_torque, -0.34, -13.37, -1.6, 8.22, 0.59, -0.64, -0.09, robot_mode, sine_overlay, 
08/06/2022 11:37:40:883, robot_pos, 1654684534293, 618.99, 147.99, 327.5, 2.24, -0.02, 3.06, circuit_pos, 618.69, 148.48, 313.26, 2.24, -0.02, 3.06, tool_force, -0.12, 0.58, -0.33, actual_rep, 1, curr_step, 31, track_size, 72, robot_vel, 23.09, joints_pos, 24.38, 44.07, -19.09, -74.19, 18.9, 60.92, 53.63, tool_torque, -0.272, 0.349, -0.018, joint_torque, -0.17, -13.34, -1.67, 8.42, 0.59, -0.51, -0.04, robot_mode, sine_overlay, 
08/06/2022 11:37:41:028, robot_pos, 1654684534444, 619.18, 148.58, 321.7, 2.24, -0.02, 3.06, circuit_pos, 618.69, 148.48, 313.26, 2.24, -0.02, 3.06, tool_force, -0.83, 0.96, -0.49, actual_rep, 1, curr_step, 31, track_size, 72, robot_vel, 41.09, joints_pos, 24.38, 44.5, -19.0, -74.33, 19.01, 60.37, 53.63, tool_torque, -0.117, 0.282, 0.048, joint_torque, -0.54, -13.89, -2.11, 8.58, 0.43, -0.43, 0.03, robot_mode, sine_overlay, 
08/06/2022 11:37:41:178, robot_pos, 1654684534595, 619.79, 148.96, 317.77, 2.24, -0.02, 3.06, circuit_pos, 618.64, 153.34, 313.12, 2.24, -0.02, 3.06, tool_force, 0.26, 0.64, -0.92, actual_rep, 1, curr_step, 32, track_size, 72, robot_vel, 23.82, joints_pos, 24.39, 44.87, -18.99, -74.31, 19.16, 60.08, 53.56, tool_torque, -0.146, 0.216, 0.155, joint_torque, 0.04, -14.34, -1.71, 8.66, 0.56, -0.4, 0.16, robot_mode, sine_overlay, 
08/06/2022 11:37:41:328, robot_pos, 1654684534744, 620.32, 153.06, 318.76, 2.24, -0.02, 3.06, circuit_pos, 618.01, 166.56, 311.61, 2.22, -0.01, 3.06, tool_force, -0.49, -0.67, -0.54, actual_rep, 1, curr_step, 35, track_size, 72, robot_vel, 37.87, joints_pos, 24.65, 44.92, -18.9, -74.01, 19.11, 60.09, 54.22, tool_torque, -0.397, 0.297, -0.084, joint_torque, -0.86, -13.99, -2.28, 8.08, 0.39, -0.44, -0.1, robot_mode, sine_overlay, 
08/06/2022 11:37:41:477, robot_pos, 1654684534893, 620.1, 158.84, 323.43, 2.23, -0.02, 3.06, circuit_pos, 617.74, 172.36, 310.59, 2.21, -0.01, 3.06, tool_force, -0.29, -0.36, 0.57, actual_rep, 1, curr_step, 37, track_size, 72, robot_vel, 54.0, joints_pos, 25.21, 44.73, -18.97, -73.59, 18.65, 60.57, 55.37, tool_torque, -0.692, 0.322, -0.151, joint_torque, -0.48, -13.89, -1.76, 8.4, 0.52, -0.78, -0.13, robot_mode, sine_overlay, 
08/06/2022 11:37:41:628, robot_pos, 1654684535041, 619.09, 163.93, 327.53, 2.22, -0.01, 3.06, circuit_pos, 617.3, 174.03, 309.36, 2.21, -0.01, 3.07, tool_force, 0.04, -0.45, 1.14, actual_rep, 1, curr_step, 39, track_size, 72, robot_vel, 42.19, joints_pos, 25.74, 44.49, -19.02, -73.35, 18.31, 60.98, 56.52, tool_torque, -0.751, 0.32, -0.159, joint_torque, -0.24, -13.56, -1.53, 8.24, 0.59, -0.78, -0.14, robot_mode, sine_overlay, 
08/06/2022 11:37:41:779, robot_pos, 1654684535192, 617.77, 169.49, 326.66, 2.21, -0.01, 3.06, circuit_pos, 617.53, 172.87, 309.29, 2.21, -0.01, 3.07, tool_force, -0.38, -1.01, 0.69, actual_rep, 1, curr_step, 42, track_size, 72, robot_vel, 37.94, joints_pos, 26.28, 44.63, -19.0, -73.26, 17.98, 61.06, 57.7, tool_torque, -0.677, 0.328, -0.143, joint_torque, -0.28, -13.87, -1.68, 8.34, 0.54, -0.74, -0.13, robot_mode, sine_overlay, 
08/06/2022 11:37:41:931, robot_pos, 1654684535342, 617.68, 173.11, 321.33, 2.21, -0.01, 3.07, circuit_pos, 617.51, 173.25, 310.15, 2.21, -0.01, 3.07, tool_force, 0.0, -0.65, -0.49, actual_rep, 1, curr_step, 44, track_size, 72, robot_vel, 49.5, joints_pos, 26.65, 45.18, -19.06, -73.18, 17.84, 60.73, 58.31, tool_torque, -0.287, 0.351, -0.132, joint_torque, -0.39, -14.21, -1.85, 8.28, 0.34, -0.38, -0.1, robot_mode, sine_overlay, 
08/06/2022 11:37:42:086, robot_pos, 1654684535494, 618.1, 173.72, 316.85, 2.21, -0.01, 3.07, circuit_pos, 617.62, 173.49, 309.59, 2.21, -0.01, 3.07, tool_force, -0.56, 0.09, -0.31, actual_rep, 1, curr_step, 47, track_size, 72, robot_vel, 30.59, joints_pos, 26.66, 45.58, -19.05, -73.2, 18.09, 60.39, 58.26, tool_torque, -0.117, 0.204, 0.108, joint_torque, -0.63, -13.91, -2.1, 8.43, 0.28, -0.49, 0.14, robot_mode, sine_overlay, 
08/06/2022 11:37:42:236, robot_pos, 1654684535645, 618.77, 174.14, 313.67, 2.21, -0.01, 3.07, circuit_pos, 617.74, 173.65, 309.52, 2.21, -0.01, 3.07, tool_force, 0.35, 0.08, -1.23, actual_rep, 1, curr_step, 49, track_size, 72, robot_vel, 17.72, joints_pos, 26.65, 45.88, -19.02, -73.15, 18.19, 60.13, 58.25, tool_torque, -0.228, 0.082, 0.187, joint_torque, -0.32, -14.5, -2.09, 8.56, 0.36, -0.54, 0.2, robot_mode, sine_overlay, 
08/06/2022 11:37:42:388, robot_pos, 1654684535792, 619.39, 174.03, 316.91, 2.21, -0.01, 3.07, circuit_pos, 617.7, 173.69, 309.5, 2.21, -0.01, 3.07, tool_force, -0.24, -0.51, 0.44, actual_rep, 1, curr_step, 52, track_size, 72, robot_vel, 23.55, joints_pos, 26.64, 45.72, -19.1, -72.9, 18.19, 60.55, 58.25, tool_torque, -0.462, 0.208, 0.089, joint_torque, -0.62, -13.74, -1.9, 8.18, 0.37, -0.67, 0.15, robot_mode, sine_overlay, 
08/06/2022 11:37:42:534, robot_pos, 1654684535943, 619.12, 173.73, 322.77, 2.21, -0.01, 3.07, circuit_pos, 617.72, 173.59, 309.52, 2.21, -0.01, 3.07, tool_force, 0.45, -0.83, 0.75, actual_rep, 1, curr_step, 54, track_size, 72, robot_vel, 37.77, joints_pos, 26.63, 45.27, -19.14, -72.77, 18.06, 61.08, 58.3, tool_torque, -0.601, 0.122, 0.03, joint_torque, -0.18, -13.79, -1.66, 8.17, 0.43, -0.73, 0.06, robot_mode, sine_overlay, 
08/06/2022 11:37:42:688, robot_pos, 1654684536092, 618.55, 173.36, 326.53, 2.21, -0.01, 3.07, circuit_pos, 617.71, 173.62, 309.53, 2.21, -0.01, 3.07, tool_force, 0.01, -0.02, 1.06, actual_rep, 1, curr_step, 57, track_size, 72, robot_vel, 23.29, joints_pos, 26.63, 44.92, -19.14, -72.78, 17.92, 61.36, 58.34, tool_torque, -0.505, 0.165, -0.04, joint_torque, -0.15, -13.37, -1.67, 8.19, 0.43, -0.71, -0.03, robot_mode, sine_overlay, 
08/06/2022 11:37:42:837, robot_pos, 1654684536243, 618.06, 173.29, 325.0, 2.21, -0.01, 3.07, circuit_pos, 617.7, 173.64, 309.53, 2.21, -0.01, 3.07, tool_force, -0.36, 0.13, 0.38, actual_rep, 1, curr_step, 59, track_size, 72, robot_vel, 8.21, joints_pos, 26.63, 44.98, -19.1, -72.94, 17.9, 61.18, 58.34, tool_torque, -0.198, 0.302, -0.0010, joint_torque, -0.33, -13.7, -1.87, 8.24, 0.41, -0.4, 0.0, robot_mode, sine_overlay, 
08/06/2022 11:37:42:989, robot_pos, 1654684536393, 618.04, 173.7, 319.36, 2.21, -0.01, 3.07, circuit_pos, 617.7, 173.64, 309.53, 2.21, -0.01, 3.07, tool_force, -0.35, 0.73, -0.31, actual_rep, 1, curr_step, 62, track_size, 72, robot_vel, 41.42, joints_pos, 26.64, 45.38, -19.02, -73.13, 17.98, 60.63, 58.34, tool_torque, -0.1, 0.225, 0.068, joint_torque, -0.32, -13.82, -1.99, 8.48, 0.38, -0.48, 0.06, robot_mode, sine_overlay, 
08/06/2022 11:37:43:138, robot_pos, 1654684536542, 618.57, 174.05, 314.59, 2.21, -0.01, 3.07, circuit_pos, 617.71, 173.63, 309.53, 2.21, -0.01, 3.07, tool_force, -0.32, 0.85, -0.5, actual_rep, 1, curr_step, 65, track_size, 72, robot_vel, 34.68, joints_pos, 26.64, 45.8, -19.01, -73.15, 18.15, 60.23, 58.28, tool_torque, -0.045, 0.14, 0.185, joint_torque, -0.31, -14.0, -2.04, 8.54, 0.36, -0.45, 0.19, robot_mode, sine_overlay, 
08/06/2022 11:37:43:298, robot_pos, 1654684536694, 619.23, 174.22, 314.41, 2.21, -0.01, 3.07, circuit_pos, 617.71, 173.63, 309.53, 2.21, -0.01, 3.07, tool_force, 0.39, -0.6, -1.03, actual_rep, 1, curr_step, 67, track_size, 72, robot_vel, 10.22, joints_pos, 26.64, 45.89, -19.04, -73.01, 18.18, 60.27, 58.27, tool_torque, -0.304, 0.1, 0.148, joint_torque, -0.2, -14.48, -1.91, 8.31, 0.37, -0.46, 0.17, robot_mode, sine_overlay, 
08/06/2022 11:37:43:443, robot_pos, 1654684536845, 619.45, 174.09, 319.11, 2.21, -0.01, 3.07, circuit_pos, 617.71, 173.63, 309.53, 2.21, -0.01, 3.07, tool_force, 0.19, -0.32, -0.29, actual_rep, 1, curr_step, 70, track_size, 72, robot_vel, 32.56, joints_pos, 26.64, 45.58, -19.13, -72.8, 18.18, 60.78, 58.27, tool_torque, -0.539, 0.061, 0.106, joint_torque, -0.31, -14.02, -1.81, 8.4, 0.37, -0.76, 0.16, robot_mode, sine_overlay, 
08/06/2022 11:37:43:590, robot_pos, 1654684536996, 618.99, 173.55, 324.68, 2.21, -0.01, 3.07, circuit_pos, 617.71, 173.63, 309.53, 2.21, -0.01, 3.07, tool_force, -0.09, -0.17, 1.03, actual_rep, 1, curr_step, 70, track_size, 72, robot_vel, 37.19, joints_pos, 26.64, 45.12, -19.17, -72.73, 17.99, 61.26, 58.32, tool_torque, -0.532, 0.222, 0.0060, joint_torque, -0.27, -13.23, -1.61, 8.11, 0.46, -0.72, 0.04, robot_mode, sine_overlay, 
08/06/2022 11:37:43:748, robot_pos, 1654684537150, 618.37, 173.32, 326.49, 2.21, -0.01, 3.07, circuit_pos, 617.71, 173.63, 309.53, 2.21, -0.01, 3.07, tool_force, -0.02, -0.2, 0.69, actual_rep, 1, curr_step, 68, track_size, 72, robot_vel, 5.05, joints_pos, 26.64, 44.92, -19.15, -72.81, 17.91, 61.39, 58.35, tool_torque, -0.445, 0.24, -0.024, joint_torque, -0.2, -13.61, -1.72, 8.26, 0.46, -0.62, -0.01, robot_mode, sine_overlay, 
08/06/2022 11:37:43:898, robot_pos, 1654684537298, 618.0, 173.38, 323.19, 2.21, -0.01, 3.07, circuit_pos, 617.71, 173.63, 309.53, 2.21, -0.01, 3.07, tool_force, -0.48, 1.01, 0.31, actual_rep, 1, curr_step, 65, track_size, 72, robot_vel, 26.75, joints_pos, 26.64, 45.1, -19.08, -73.01, 17.91, 60.99, 58.35, tool_torque, -0.157, 0.273, 0.053, joint_torque, -0.38, -13.42, -1.92, 8.28, 0.41, -0.47, 0.05, robot_mode, sine_overlay, 
08/06/2022 11:37:44:057, robot_pos, 1654684537453, 618.24, 173.87, 317.05, 2.21, -0.01, 3.07, circuit_pos, 617.7, 173.64, 309.53, 2.21, -0.01, 3.07, tool_force, -0.46, 0.96, -0.65, actual_rep, 1, curr_step, 62, track_size, 72, robot_vel, 40.86, joints_pos, 26.64, 45.59, -19.01, -73.15, 18.05, 60.41, 58.32, tool_torque, -0.058, 0.159, 0.127, joint_torque, -0.3, -13.99, -2.07, 8.54, 0.37, -0.43, 0.12, robot_mode, sine_overlay, 
08/06/2022 11:37:44:200, robot_pos, 1654684537603, 618.82, 174.18, 313.86, 2.21, -0.01, 3.07, circuit_pos, 617.7, 173.64, 309.53, 2.21, -0.01, 3.07, tool_force, 0.22, 0.28, -1.05, actual_rep, 1, curr_step, 60, track_size, 72, robot_vel, 17.9, joints_pos, 26.64, 45.89, -19.01, -73.11, 18.17, 60.2, 58.27, tool_torque, -0.118, 0.089, 0.21, joint_torque, -0.22, -14.27, -2.01, 8.55, 0.37, -0.48, 0.22, robot_mode, sine_overlay, 
08/06/2022 11:37:44:353, robot_pos, 1654684537752, 619.4, 174.21, 315.78, 2.21, -0.01, 3.07, circuit_pos, 617.71, 173.62, 309.53, 2.21, -0.01, 3.07, tool_force, 0.06, 0.22, -0.36, actual_rep, 1, curr_step, 57, track_size, 72, robot_vel, 13.0, joints_pos, 26.64, 45.82, -19.07, -72.92, 18.18, 60.43, 58.27, tool_torque, -0.407, 0.112, 0.132, joint_torque, -0.3, -13.96, -1.83, 8.39, 0.39, -0.67, 0.18, robot_mode, sine_overlay, 
08/06/2022 11:37:44:500, robot_pos, 1654684537902, 619.35, 173.8, 321.55, 2.21, -0.01, 3.07, circuit_pos, 617.73, 173.58, 309.53, 2.21, -0.01, 3.07, tool_force, -0.1, -0.5, 0.46, actual_rep, 1, curr_step, 55, track_size, 72, robot_vel, 41.9, joints_pos, 26.64, 45.39, -19.17, -72.75, 18.12, 61.01, 58.27, tool_torque, -0.54, 0.12, 0.102, joint_torque, -0.47, -13.71, -1.75, 8.07, 0.4, -0.7, 0.16, robot_mode, sine_overlay, 
08/06/2022 11:37:44:718, robot_pos, 1654684538052, 618.78, 173.47, 326.03, 2.21, -0.01, 3.07, circuit_pos, 617.7, 173.69, 309.5, 2.21, -0.01, 3.07, tool_force, -0.14, -0.07, 1.06, actual_rep, 1, curr_step, 52, track_size, 72, robot_vel, 32.12, joints_pos, 26.64, 44.99, -19.17, -72.73, 17.95, 61.36, 58.35, tool_torque, -0.576, 0.208, -0.014, joint_torque, -0.31, -13.74, -1.74, 8.3, 0.46, -0.73, 0.01, robot_mode, sine_overlay, 
08/06/2022 11:37:44:817, robot_pos, 1654684538201, 618.21, 173.24, 325.76, 2.21, -0.01, 3.07, circuit_pos, 617.74, 173.47, 309.51, 2.21, -0.01, 3.07, tool_force, -0.34, 0.92, 0.77, actual_rep, 1, curr_step, 50, track_size, 72, robot_vel, 5.95, joints_pos, 26.64, 44.95, -19.14, -72.88, 17.9, 61.29, 58.35, tool_torque, -0.194, 0.269, 0.024, joint_torque, -0.18, -13.28, -1.77, 8.33, 0.43, -0.49, 0.03, robot_mode, sine_overlay, 
08/06/2022 11:37:45:025, robot_pos, 1654684538352, 618.02, 173.58, 320.83, 2.21, -0.01, 3.07, circuit_pos, 617.62, 173.49, 309.59, 2.21, -0.01, 3.07, tool_force, -0.14, 0.9, -0.29, actual_rep, 1, curr_step, 47, track_size, 72, robot_vel, 39.84, joints_pos, 26.64, 45.3, -19.04, -73.09, 17.94, 60.75, 58.35, tool_torque, -0.127, 0.19, 0.086, joint_torque, -0.07, -13.91, -1.88, 8.5, 0.43, -0.46, 0.06, robot_mode, sine_overlay, 
08/06/2022 11:37:45:125, robot_pos, 1654684538501, 618.45, 173.87, 315.71, 2.21, -0.01, 3.07, circuit_pos, 617.6, 173.44, 310.34, 2.21, -0.01, 3.07, tool_force, 0.16, 0.8, -0.8, actual_rep, 1, curr_step, 45, track_size, 72, robot_vel, 33.4, joints_pos, 26.64, 45.7, -19.02, -73.15, 18.11, 60.33, 58.29, tool_torque, -0.0070, 0.126, 0.194, joint_torque, -0.12, -13.96, -1.94, 8.5, 0.37, -0.4, 0.19, robot_mode, sine_overlay, 
08/06/2022 11:37:45:326, robot_pos, 1654684538653, 618.85, 173.79, 314.65, 2.21, -0.01, 3.07, circuit_pos, 617.53, 172.87, 309.29, 2.21, -0.01, 3.07, tool_force, 0.21, 0.1, -0.88, actual_rep, 1, curr_step, 42, track_size, 72, robot_vel, 6.09, joints_pos, 26.64, 45.83, -19.06, -73.09, 18.16, 60.29, 58.26, tool_torque, -0.18, 0.117, 0.208, joint_torque, -0.29, -14.25, -1.94, 8.43, 0.35, -0.47, 0.24, robot_mode, sine_overlay, 
08/06/2022 11:37:45:425, robot_pos, 1654684538802, 619.21, 173.46, 317.14, 2.21, -0.01, 3.07, circuit_pos, 617.3, 174.03, 309.36, 2.21, -0.01, 3.07, tool_force, 0.9, 0.53, 0.1, actual_rep, 1, curr_step, 39, track_size, 72, robot_vel, 24.8, joints_pos, 26.62, 45.67, -19.12, -72.96, 18.17, 60.55, 58.24, tool_torque, -0.371, 0.068, 0.215, joint_torque, -0.06, -14.04, -1.7, 8.65, 0.46, -0.78, 0.26, robot_mode, sine_overlay, 
08/06/2022 11:37:45:625, robot_pos, 1654684538953, 618.97, 173.94, 323.78, 2.21, -0.01, 3.07, circuit_pos, 617.74, 172.36, 310.59, 2.21, -0.01, 3.06, tool_force, 0.47, -0.65, 0.66, actual_rep, 1, curr_step, 37, track_size, 72, robot_vel, 45.51, joints_pos, 26.66, 45.18, -19.15, -72.74, 17.98, 61.2, 58.35, tool_torque, -0.431, -0.021, 0.022, joint_torque, 0.15, -13.73, -1.6, 8.27, 0.36, -0.73, 0.04, robot_mode, sine_overlay, 
08/06/2022 11:37:45:705, robot_pos, 1654684539103, 618.95, 171.72, 327.89, 2.21, -0.01, 3.06, circuit_pos, 618.26, 162.37, 312.13, 2.22, -0.01, 3.06, tool_force, -0.14, -0.81, 0.32, actual_rep, 1, curr_step, 34, track_size, 72, robot_vel, 37.72, joints_pos, 26.53, 44.73, -19.21, -72.93, 18.02, 61.09, 57.82, tool_torque, 0.107, -0.011, 0.29, joint_torque, -0.62, -13.3, -2.13, 7.8, 0.1, -0.29, 0.35, robot_mode, sine_overlay, 
08/06/2022 11:37:45:859, robot_pos, 1654684539254, 618.38, 165.69, 326.41, 2.22, -0.01, 3.06, circuit_pos, 618.64, 153.34, 313.12, 2.24, -0.02, 3.06, tool_force, 0.45, 0.82, -0.18, actual_rep, 1, curr_step, 32, track_size, 72, robot_vel, 40.82, joints_pos, 26.11, 44.56, -19.28, -73.52, 18.2, 60.67, 56.93, tool_torque, -0.032, -0.036, 0.392, joint_torque, 0.13, -13.5, -1.67, 8.25, 0.42, -0.42, 0.42, robot_mode, sine_overlay, 
08/06/2022 11:37:46:007, robot_pos, 1654684539402, 618.24, 160.43, 321.31, 2.23, -0.01, 3.06, circuit_pos, 618.68, 143.43, 313.21, 2.25, -0.02, 3.07, tool_force, -0.16, 1.25, -0.21, actual_rep, 1, curr_step, 30, track_size, 72, robot_vel, 51.84, joints_pos, 25.66, 44.76, -19.25, -74.0, 18.57, 60.2, 55.73, tool_torque, 0.093, -0.104, 0.419, joint_torque, -0.16, -13.73, -2.1, 8.56, 0.33, -0.49, 0.41, robot_mode, sine_overlay, 
08/06/2022 11:37:46:158, robot_pos, 1654684539552, 619.14, 155.11, 317.25, 2.23, -0.01, 3.06, circuit_pos, 618.68, 143.43, 313.21, 2.25, -0.02, 3.07, tool_force, 0.69, 1.35, -1.02, actual_rep, 1, curr_step, 30, track_size, 72, robot_vel, 48.11, joints_pos, 25.16, 45.06, -19.26, -74.12, 18.79, 60.09, 54.68, tool_torque, -0.036, -0.175, 0.408, joint_torque, 0.36, -14.18, -1.8, 8.72, 0.45, -0.53, 0.4, robot_mode, sine_overlay, 
08/06/2022 11:37:46:330, robot_pos, 1654684539722, 620.03, 148.64, 318.42, 2.24, -0.02, 3.07, circuit_pos, 618.68, 143.43, 313.21, 2.25, -0.02, 3.07, tool_force, 0.94, 0.59, -0.16, actual_rep, 1, curr_step, 30, track_size, 72, robot_vel, 44.16, joints_pos, 24.58, 44.96, -19.32, -74.08, 18.9, 60.55, 53.52, tool_torque, -0.246, -0.134, 0.349, joint_torque, 0.24, -13.89, -1.66, 8.65, 0.45, -0.76, 0.38, robot_mode, sine_overlay, 
08/06/2022 11:37:46:486, robot_pos, 1654684539871, 620.22, 143.65, 324.38, 2.25, -0.02, 3.07, circuit_pos, 618.68, 143.43, 313.21, 2.25, -0.02, 3.07, tool_force, 1.0, 0.18, 0.71, actual_rep, 1, curr_step, 30, track_size, 72, robot_vel, 49.92, joints_pos, 24.11, 44.46, -19.33, -73.97, 18.9, 61.33, 52.81, tool_torque, -0.543, 0.053, 0.33, joint_torque, 0.28, -13.78, -1.37, 8.41, 0.73, -0.73, 0.36, robot_mode, sine_overlay, 
08/06/2022 11:37:46:631, robot_pos, 1654684540023, 619.76, 143.32, 329.22, 2.25, -0.02, 3.07, circuit_pos, 618.68, 143.43, 313.21, 2.25, -0.02, 3.07, tool_force, 0.65, -0.28, 0.66, actual_rep, 1, curr_step, 30, track_size, 72, robot_vel, 27.08, joints_pos, 24.1, 44.06, -19.33, -73.91, 18.72, 61.73, 52.8, tool_torque, -0.417, -0.064, 0.229, joint_torque, -0.05, -13.13, -1.67, 8.07, 0.53, -0.65, 0.22, robot_mode, sine_overlay, 
08/06/2022 11:37:46:784, robot_pos, 1654684540175, 619.11, 143.29, 329.83, 2.25, -0.02, 3.07, circuit_pos, 618.68, 143.43, 313.21, 2.25, -0.02, 3.07, tool_force, 0.02, 0.36, 1.27, actual_rep, 1, curr_step, 30, track_size, 72, robot_vel, 4.57, joints_pos, 24.13, 43.96, -19.32, -74.01, 18.61, 61.79, 52.9, tool_torque, -0.289, 0.138, 0.11, joint_torque, -0.11, -13.03, -1.7, 8.26, 0.52, -0.64, 0.1, robot_mode, sine_overlay, 
08/06/2022 11:37:46:934, robot_pos, 1654684540325, 618.89, 143.54, 325.5, 2.25, -0.02, 3.07, circuit_pos, 618.68, 143.43, 313.21, 2.25, -0.02, 3.07, tool_force, 0.24, 0.66, 0.05, actual_rep, 1, curr_step, 30, track_size, 72, robot_vel, 33.1, joints_pos, 24.13, 44.23, -19.23, -74.22, 18.61, 61.28, 52.9, tool_torque, -0.023, 0.2, 0.181, joint_torque, 0.04, -13.44, -1.77, 8.38, 0.52, -0.37, 0.15, robot_mode, sine_overlay, 
08/06/2022 11:37:47:082, robot_pos, 1654684540475, 619.28, 143.98, 319.77, 2.25, -0.02, 3.07, circuit_pos, 618.68, 143.43, 313.21, 2.25, -0.02, 3.07, tool_force, 0.02, 1.21, -0.52, actual_rep, 1, curr_step, 30, track_size, 72, robot_vel, 38.15, joints_pos, 24.13, 44.7, -19.18, -74.32, 18.78, 60.78, 52.83, tool_torque, 0.016, 0.091, 0.273, joint_torque, -0.07, -13.7, -1.94, 8.53, 0.47, -0.39, 0.25, robot_mode, sine_overlay, 
08/06/2022 11:37:47:241, robot_pos, 1654684540627, 619.88, 143.78, 317.52, 2.25, -0.02, 3.07, circuit_pos, 618.9, 137.78, 313.01, 2.25, -0.02, 3.07, tool_force, -0.76, -0.2, -0.94, actual_rep, 1, curr_step, 29, track_size, 72, robot_vel, 14.82, joints_pos, 24.12, 44.93, -19.24, -74.28, 18.87, 60.62, 52.77, tool_torque, 0.027, -0.133, 0.324, joint_torque, -0.64, -13.81, -2.42, 8.26, 0.18, -0.43, 0.33, robot_mode, sine_overlay, 
08/06/2022 11:37:47:435, robot_pos, 1654684540793, 620.63, 138.43, 320.94, 2.25, -0.02, 3.07, circuit_pos, 618.9, 137.78, 313.01, 2.25, -0.02, 3.07, tool_force, 1.92, -0.2, -0.53, actual_rep, 1, curr_step, 29, track_size, 72, robot_vel, 42.46, joints_pos, 23.8, 44.65, -19.52, -74.26, 19.08, 60.98, 52.19, tool_torque, -0.456, 0.084, 0.329, joint_torque, 0.09, -14.07, -1.57, 8.35, 0.62, -0.56, 0.38, robot_mode, sine_overlay, 
08/06/2022 11:37:47:549, robot_pos, 1654684540944, 620.22, 137.96, 326.87, 2.25, -0.02, 3.07, circuit_pos, 618.9, 137.78, 313.01, 2.25, -0.02, 3.07, tool_force, 1.06, -0.06, 0.88, actual_rep, 1, curr_step, 29, track_size, 72, robot_vel, 38.31, joints_pos, 23.73, 44.15, -19.45, -74.15, 18.82, 61.49, 52.27, tool_torque, -0.36, -0.083, 0.21, joint_torque, 0.22, -13.15, -1.72, 8.14, 0.58, -0.65, 0.14, robot_mode, sine_overlay, 
08/06/2022 11:37:47:700, robot_pos, 1654684541094, 619.67, 137.67, 330.11, 2.25, -0.02, 3.07, circuit_pos, 618.9, 137.78, 313.01, 2.25, -0.02, 3.07, tool_force, 0.67, -0.43, 0.85, actual_rep, 1, curr_step, 29, track_size, 72, robot_vel, 32.0, joints_pos, 23.73, 43.85, -19.46, -74.17, 18.71, 61.75, 52.31, tool_torque, -0.374, -0.0090, 0.098, joint_torque, 0.11, -13.0, -1.74, 8.0, 0.52, -0.59, 0.05, robot_mode, sine_overlay, 
08/06/2022 11:37:47:851, robot_pos, 1654684541245, 619.13, 137.66, 328.14, 2.25, -0.02, 3.07, circuit_pos, 618.9, 137.78, 313.01, 2.25, -0.02, 3.07, tool_force, 0.24, 0.49, 0.22, actual_rep, 1, curr_step, 29, track_size, 72, robot_vel, 19.89, joints_pos, 23.75, 43.94, -19.43, -74.34, 18.7, 61.54, 52.31, tool_torque, -0.132, 0.126, 0.158, joint_torque, 0.08, -13.38, -1.77, 8.31, 0.54, -0.4, 0.11, robot_mode, sine_overlay, 
08/06/2022 11:37:48:032, robot_pos, 1654684541394, 619.17, 138.22, 322.43, 2.25, -0.02, 3.07, circuit_pos, 618.9, 137.78, 313.01, 2.25, -0.02, 3.07, tool_force, 0.04, 0.99, -0.58, actual_rep, 1, curr_step, 29, track_size, 72, robot_vel, 40.92, joints_pos, 23.75, 44.36, -19.34, -74.54, 18.81, 60.92, 52.3, tool_torque, 0.0080, 0.061, 0.192, joint_torque, -0.03, -13.61, -2.01, 8.55, 0.43, -0.44, 0.15, robot_mode, sine_overlay, 
08/06/2022 11:37:48:154, robot_pos, 1654684541546, 619.72, 138.56, 317.89, 2.25, -0.02, 3.07, circuit_pos, 619.15, 132.12, 312.83, 2.25, -0.02, 3.07, tool_force, 0.37, 0.96, -0.67, actual_rep, 1, curr_step, 28, track_size, 72, robot_vel, 29.65, joints_pos, 23.75, 44.76, -19.33, -74.56, 18.97, 60.57, 52.21, tool_torque, 0.019, -0.0020, 0.314, joint_torque, 0.06, -14.19, -2.0, 8.59, 0.46, -0.37, 0.29, robot_mode, sine_overlay, 
08/06/2022 11:37:48:306, robot_pos, 1654684541695, 620.5, 135.7, 318.04, 2.25, -0.02, 3.07, circuit_pos, 619.15, 132.12, 312.83, 2.25, -0.02, 3.07, tool_force, 1.27, -0.84, -1.02, actual_rep, 1, curr_step, 28, track_size, 72, robot_vel, 28.3, joints_pos, 23.63, 44.79, -19.57, -74.52, 19.0, 60.64, 51.95, tool_torque, -0.102, -0.124, 0.363, joint_torque, 0.12, -13.79, -1.8, 8.1, 0.41, -0.44, 0.38, robot_mode, sine_overlay, 
08/06/2022 11:37:48:455, robot_pos, 1654684541847, 620.77, 132.61, 323.03, 2.25, -0.02, 3.07, circuit_pos, 619.15, 132.12, 312.83, 2.25, -0.02, 3.07, tool_force, 0.88, 0.47, 0.72, actual_rep, 1, curr_step, 28, track_size, 72, robot_vel, 43.86, joints_pos, 23.31, 44.37, -19.55, -74.44, 19.16, 61.1, 51.59, tool_torque, -0.24, -0.209, 0.355, joint_torque, 0.33, -13.54, -1.78, 8.34, 0.5, -0.64, 0.32, robot_mode, sine_overlay, 
08/06/2022 11:37:48:609, robot_pos, 1654684542003, 620.23, 132.18, 328.56, 2.25, -0.02, 3.07, circuit_pos, 619.15, 132.12, 312.83, 2.25, -0.02, 3.07, tool_force, 0.95, -0.27, 0.82, actual_rep, 1, curr_step, 28, track_size, 72, robot_vel, 36.09, joints_pos, 23.3, 43.9, -19.54, -74.36, 18.83, 61.59, 51.72, tool_torque, -0.44, -0.093, 0.164, joint_torque, 0.26, -13.36, -1.74, 8.14, 0.58, -0.66, 0.11, robot_mode, sine_overlay, 
08/06/2022 11:37:48:772, robot_pos, 1654684542165, 619.56, 131.92, 329.62, 2.25, -0.02, 3.07, circuit_pos, 619.15, 132.12, 312.83, 2.25, -0.02, 3.07, tool_force, 0.39, 0.58, 1.02, actual_rep, 1, curr_step, 28, track_size, 72, robot_vel, 6.26, joints_pos, 23.31, 43.75, -19.54, -74.46, 18.77, 61.66, 51.74, tool_torque, -0.276, 0.044, 0.129, joint_torque, 0.12, -12.96, -1.76, 8.25, 0.56, -0.62, 0.08, robot_mode, sine_overlay, 
08/06/2022 11:37:48:921, robot_pos, 1654684542317, 619.32, 132.27, 325.37, 2.25, -0.02, 3.07, circuit_pos, 619.15, 132.12, 312.83, 2.25, -0.02, 3.07, tool_force, 0.25, 0.66, -0.4, actual_rep, 1, curr_step, 28, track_size, 72, robot_vel, 34.06, joints_pos, 23.31, 44.02, -19.45, -74.68, 18.78, 61.16, 51.73, tool_torque, -0.033, 0.117, 0.172, joint_torque, 0.05, -13.55, -1.94, 8.38, 0.5, -0.37, 0.11, robot_mode, sine_overlay, 
08/06/2022 11:37:49:092, robot_pos, 1654684542479, 619.71, 132.77, 319.25, 2.25, -0.02, 3.07, circuit_pos, 619.15, 132.12, 312.83, 2.25, -0.02, 3.07, tool_force, 0.35, 0.87, -0.88, actual_rep, 1, curr_step, 28, track_size, 72, robot_vel, 37.35, joints_pos, 23.31, 44.51, -19.39, -74.79, 18.97, 60.62, 51.68, tool_torque, 0.064, 0.025, 0.274, joint_torque, 0.05, -13.99, -2.06, 8.53, 0.45, -0.34, 0.22, robot_mode, sine_overlay, 
08/06/2022 11:37:49:259, robot_pos, 1654684542648, 620.46, 131.64, 317.19, 2.25, -0.02, 3.07, circuit_pos, 619.45, 126.37, 312.42, 2.25, -0.02, 3.07, tool_force, 0.49, 0.59, -0.43, actual_rep, 1, curr_step, 27, track_size, 72, robot_vel, 14.18, joints_pos, 23.27, 44.74, -19.51, -74.75, 19.05, 60.47, 51.51, tool_torque, 0.162, -0.368, 0.363, joint_torque, 0.58, -13.66, -1.87, 8.33, 0.25, -0.41, 0.32, robot_mode, sine_overlay, 
08/06/2022 11:37:49:704, robot_pos, 1654684542995, 620.62, 126.42, 327.87, 2.25, -0.02, 3.07, circuit_pos, 619.45, 126.37, 312.42, 2.25, -0.02, 3.07, tool_force, 0.89, -0.24, 0.6, actual_rep, 1, curr_step, 27, track_size, 72, robot_vel, 36.14, joints_pos, 22.82, 43.85, -19.57, -74.55, 18.87, 61.49, 51.15, tool_torque, -0.436, -0.087, 0.18, joint_torque, 0.21, -13.36, -1.79, 8.18, 0.59, -0.64, 0.12, robot_mode, sine_overlay, 
08/06/2022 11:37:49:806, robot_pos, 1654684543147, 619.98, 126.16, 329.38, 2.25, -0.02, 3.07, circuit_pos, 619.45, 126.37, 312.42, 2.25, -0.02, 3.07, tool_force, 0.63, -0.04, 0.29, actual_rep, 1, curr_step, 27, track_size, 72, robot_vel, 18.62, joints_pos, 22.82, 43.67, -19.57, -74.64, 18.82, 61.58, 51.16, tool_torque, -0.31, -0.0030, 0.136, joint_torque, 0.22, -13.45, -1.78, 8.26, 0.57, -0.52, 0.08, robot_mode, sine_overlay, 
08/06/2022 11:37:50:008, robot_pos, 1654684543299, 619.63, 126.44, 325.76, 2.25, -0.02, 3.07, circuit_pos, 619.45, 126.37, 312.42, 2.25, -0.02, 3.07, tool_force, -0.16, 0.75, 0.19, actual_rep, 1, curr_step, 27, track_size, 72, robot_vel, 19.95, joints_pos, 22.84, 43.89, -19.5, -74.85, 18.82, 61.17, 51.16, tool_torque, -0.05, 0.148, 0.172, joint_torque, -0.13, -13.57, -2.03, 8.46, 0.51, -0.43, 0.12, robot_mode, sine_overlay, 
08/06/2022 11:37:50:139, robot_pos, 1654684543465, 619.93, 126.97, 319.31, 2.25, -0.02, 3.07, circuit_pos, 619.45, 126.37, 312.42, 2.25, -0.02, 3.07, tool_force, 0.08, 0.93, -0.68, actual_rep, 1, curr_step, 27, track_size, 72, robot_vel, 38.96, joints_pos, 22.84, 44.4, -19.42, -75.0, 18.99, 60.56, 51.11, tool_torque, 0.042, 0.055, 0.269, joint_torque, 0.0, -13.76, -2.04, 8.55, 0.47, -0.39, 0.22, robot_mode, sine_overlay, 
08/06/2022 11:37:50:342, robot_pos, 1654684543632, 620.61, 126.43, 316.72, 2.25, -0.02, 3.07, circuit_pos, 619.61, 120.68, 311.81, 2.26, -0.02, 3.07, tool_force, 0.56, 0.28, -0.79, actual_rep, 1, curr_step, 26, track_size, 72, robot_vel, 17.17, joints_pos, 22.8, 44.66, -19.48, -74.96, 19.09, 60.38, 50.85, tool_torque, 0.153, -0.316, 0.4, joint_torque, -0.1, -13.79, -2.34, 8.35, 0.18, -0.45, 0.37, robot_mode, sine_overlay, 
08/06/2022 11:37:50:565, robot_pos, 1654684543799, 621.29, 121.17, 320.02, 2.26, -0.02, 3.07, circuit_pos, 619.61, 120.68, 311.81, 2.26, -0.02, 3.07, tool_force, 1.1, -0.47, -0.41, actual_rep, 1, curr_step, 26, track_size, 72, robot_vel, 48.14, joints_pos, 22.37, 44.39, -19.62, -74.92, 19.3, 60.76, 49.88, tool_torque, -0.416, 0.0040, 0.338, joint_torque, -0.02, -14.01, -1.77, 8.33, 0.62, -0.57, 0.35, robot_mode, sine_overlay, 
08/06/2022 11:37:50:650, robot_pos, 1654684543969, 620.89, 120.77, 326.55, 2.26, -0.02, 3.07, circuit_pos, 619.61, 120.68, 311.81, 2.26, -0.02, 3.07, tool_force, 0.64, -0.18, 0.68, actual_rep, 1, curr_step, 26, track_size, 72, robot_vel, 38.36, joints_pos, 22.31, 43.85, -19.55, -74.77, 18.96, 61.34, 50.01, tool_torque, -0.383, -0.023, 0.155, joint_torque, 0.02, -13.15, -1.86, 8.03, 0.56, -0.6, 0.1, robot_mode, sine_overlay, 
08/06/2022 11:37:50:865, robot_pos, 1654684544120, 620.25, 120.49, 328.93, 2.26, -0.02, 3.07, circuit_pos, 619.61, 120.68, 311.81, 2.26, -0.02, 3.07, tool_force, 0.74, -0.11, 0.66, actual_rep, 1, curr_step, 26, track_size, 72, robot_vel, 15.87, joints_pos, 22.32, 43.6, -19.55, -74.83, 18.87, 61.52, 50.02, tool_torque, -0.349, -0.024, 0.116, joint_torque, 0.2, -13.14, -1.76, 8.05, 0.56, -0.54, 0.06, robot_mode, sine_overlay, 
08/06/2022 11:37:50:926, robot_pos, 1654684544269, 619.79, 120.65, 326.13, 2.26, -0.02, 3.07, circuit_pos, 619.61, 120.68, 311.81, 2.26, -0.02, 3.07, tool_force, 0.6, 0.74, -0.11, actual_rep, 1, curr_step, 26, track_size, 72, robot_vel, 15.14, joints_pos, 22.34, 43.75, -19.51, -75.03, 18.87, 61.19, 50.02, tool_torque, -0.099, 0.086, 0.182, joint_torque, 0.22, -13.47, -1.81, 8.28, 0.55, -0.36, 0.12, robot_mode, sine_overlay, 
08/06/2022 11:37:51:175, robot_pos, 1654684544423, 619.94, 121.17, 320.11, 2.26, -0.02, 3.07, circuit_pos, 619.61, 120.68, 311.81, 2.26, -0.02, 3.07, tool_force, -0.25, 0.99, -0.48, actual_rep, 1, curr_step, 26, track_size, 72, robot_vel, 40.65, joints_pos, 22.34, 44.2, -19.42, -75.2, 19.01, 60.6, 49.99, tool_torque, 0.055, 0.07, 0.226, joint_torque, -0.18, -13.43, -2.14, 8.37, 0.42, -0.37, 0.18, robot_mode, sine_overlay, 
08/06/2022 11:37:51:202, robot_pos, 1654684544584, 620.55, 121.46, 316.23, 2.26, -0.02, 3.07, circuit_pos, 619.73, 115.25, 310.98, 2.26, -0.02, 3.07, tool_force, -0.38, -0.24, -0.97, actual_rep, 1, curr_step, 25, track_size, 72, robot_vel, 20.95, joints_pos, 22.34, 44.57, -19.42, -75.19, 19.16, 60.3, 49.9, tool_torque, 0.032, 0.016, 0.303, joint_torque, -0.99, -13.82, -2.69, 8.19, 0.22, -0.35, 0.3, robot_mode, sine_overlay, 
08/06/2022 11:37:51:469, robot_pos, 1654684544751, 621.35, 116.27, 317.64, 2.26, -0.02, 3.07, circuit_pos, 619.73, 115.25, 310.98, 2.26, -0.02, 3.07, tool_force, 1.31, 1.75, -0.05, actual_rep, 1, curr_step, 25, track_size, 72, robot_vel, 42.05, joints_pos, 22.01, 44.47, -19.68, -75.17, 19.31, 60.49, 49.37, tool_torque, -0.401, 0.093, 0.324, joint_torque, 0.55, -13.94, -1.26, 8.69, 0.74, -0.63, 0.36, robot_mode, sine_overlay, 
08/06/2022 11:37:51:641, robot_pos, 1654684544921, 621.22, 115.38, 324.08, 2.26, -0.02, 3.07, circuit_pos, 619.73, 115.25, 310.98, 2.26, -0.02, 3.07, tool_force, 1.13, -0.23, 0.66, actual_rep, 1, curr_step, 25, track_size, 72, robot_vel, 41.98, joints_pos, 21.85, 43.94, -19.57, -75.01, 19.09, 61.08, 49.4, tool_torque, -0.375, -0.088, 0.195, joint_torque, 0.25, -13.25, -1.75, 8.12, 0.59, -0.62, 0.13, robot_mode, sine_overlay, 
08/06/2022 11:37:51:742, robot_pos, 1654684545100, 620.49, 115.01, 328.1, 2.26, -0.02, 3.07, circuit_pos, 619.73, 115.25, 310.98, 2.26, -0.02, 3.07, tool_force, 0.54, -0.23, 1.19, actual_rep, 1, curr_step, 25, track_size, 72, robot_vel, 18.71, joints_pos, 21.85, 43.56, -19.57, -75.05, 18.91, 61.37, 49.45, tool_torque, -0.355, 0.01, 0.1, joint_torque, 0.12, -12.96, -1.75, 7.95, 0.56, -0.53, 0.04, robot_mode, sine_overlay, 
08/06/2022 11:37:51:964, robot_pos, 1654684545275, 619.9, 115.19, 325.12, 2.26, -0.02, 3.07, circuit_pos, 619.73, 115.25, 310.98, 2.26, -0.02, 3.07, tool_force, 0.13, 0.78, 0.06, actual_rep, 1, curr_step, 25, track_size, 72, robot_vel, 13.9, joints_pos, 21.87, 43.71, -19.5, -75.27, 18.92, 61.04, 49.45, tool_torque, -0.09, 0.128, 0.136, joint_torque, 0.05, -13.27, -1.88, 8.41, 0.54, -0.45, 0.07, robot_mode, sine_overlay, 
08/06/2022 11:37:52:055, robot_pos, 1654684545447, 620.19, 115.71, 318.43, 2.26, -0.02, 3.07, circuit_pos, 619.73, 115.25, 310.98, 2.26, -0.02, 3.07, tool_force, -0.04, 0.99, -0.53, actual_rep, 1, curr_step, 25, track_size, 72, robot_vel, 38.58, joints_pos, 21.87, 44.23, -19.42, -75.43, 19.08, 60.39, 49.39, tool_torque, 0.062, 0.089, 0.238, joint_torque, 0.04, -13.61, -1.98, 8.44, 0.48, -0.31, 0.19, robot_mode, sine_overlay, 
08/06/2022 11:37:52:301, robot_pos, 1654684545624, 620.8, 115.34, 315.17, 2.26, -0.02, 3.07, circuit_pos, 619.88, 109.67, 310.15, 2.26, -0.02, 3.08, tool_force, -0.12, -0.29, -0.55, actual_rep, 1, curr_step, 24, track_size, 72, robot_vel, 16.09, joints_pos, 21.85, 44.56, -19.48, -75.4, 19.19, 60.21, 49.32, tool_torque, 0.081, -0.216, 0.288, joint_torque, -0.53, -13.66, -2.56, 7.95, 0.09, -0.3, 0.27, robot_mode, sine_overlay, 
08/06/2022 11:37:52:409, robot_pos, 1654684545788, 621.38, 110.19, 318.0, 2.26, -0.02, 3.08, circuit_pos, 619.88, 109.67, 310.15, 2.26, -0.02, 3.08, tool_force, 0.77, 0.38, 0.14, actual_rep, 1, curr_step, 24, track_size, 72, robot_vel, 43.37, joints_pos, 21.56, 44.44, -19.75, -75.15, 19.03, 60.99, 48.99, tool_torque, -0.504, 0.169, 0.285, joint_torque, 0.13, -13.43, -1.48, 8.2, 0.76, -0.56, 0.29, robot_mode, sine_overlay, 
08/06/2022 11:37:52:584, robot_pos, 1654684545969, 621.22, 109.76, 324.97, 2.26, -0.02, 3.08, circuit_pos, 619.88, 109.67, 310.15, 2.26, -0.02, 3.08, tool_force, 1.12, -0.62, 0.73, actual_rep, 1, curr_step, 24, track_size, 72, robot_vel, 38.69, joints_pos, 21.46, 43.91, -19.67, -74.94, 18.7, 61.66, 49.13, tool_torque, -0.403, -0.108, 0.165, joint_torque, 0.33, -13.26, -1.75, 7.99, 0.58, -0.54, 0.09, robot_mode, sine_overlay, 
08/06/2022 11:37:52:750, robot_pos, 1654684546137, 620.46, 109.49, 327.12, 2.26, -0.02, 3.08, circuit_pos, 619.88, 109.67, 310.15, 2.26, -0.02, 3.08, tool_force, 0.73, -0.14, 0.42, actual_rep, 1, curr_step, 24, track_size, 72, robot_vel, 8.68, joints_pos, 21.47, 43.66, -19.66, -75.04, 18.61, 61.8, 49.16, tool_torque, -0.262, 0.0080, 0.124, joint_torque, 0.23, -13.21, -1.82, 8.06, 0.54, -0.43, 0.05, robot_mode, sine_overlay, 
08/06/2022 11:37:52:934, robot_pos, 1654684546285, 620.04, 109.74, 323.58, 2.26, -0.02, 3.08, circuit_pos, 619.88, 109.67, 310.15, 2.26, -0.02, 3.08, tool_force, -0.13, 0.55, 0.15, actual_rep, 1, curr_step, 24, track_size, 72, robot_vel, 22.74, joints_pos, 21.47, 43.86, -19.57, -75.25, 18.61, 61.38, 49.16, tool_torque, -0.014, 0.092, 0.162, joint_torque, -0.05, -13.12, -2.06, 8.17, 0.45, -0.35, 0.09, robot_mode, sine_overlay, 
08/06/2022 11:37:53:072, robot_pos, 1654684546456, 620.28, 110.28, 317.03, 2.26, -0.02, 3.08, circuit_pos, 619.88, 109.67, 310.15, 2.26, -0.02, 3.08, tool_force, 0.25, 0.59, -0.73, actual_rep, 1, curr_step, 24, track_size, 72, robot_vel, 35.77, joints_pos, 21.47, 44.38, -19.48, -75.42, 18.76, 60.76, 49.11, tool_torque, 0.083, 0.013, 0.232, joint_torque, 0.08, -13.71, -2.09, 8.5, 0.43, -0.35, 0.16, robot_mode, sine_overlay, 
08/06/2022 11:37:53:257, robot_pos, 1654684546608, 620.87, 109.87, 314.39, 2.26, -0.02, 3.08, circuit_pos, 619.96, 103.53, 309.26, 2.26, -0.02, 3.08, tool_force, -0.17, -0.38, -0.69, actual_rep, 1, curr_step, 23, track_size, 72, robot_vel, 13.3, joints_pos, 21.45, 44.64, -19.54, -75.39, 18.87, 60.57, 49.02, tool_torque, 0.162, -0.238, 0.291, joint_torque, -0.31, -13.58, -2.43, 8.18, 0.14, -0.36, 0.25, robot_mode, sine_overlay, 
08/06/2022 11:37:53:374, robot_pos, 1654684546756, 621.57, 104.53, 316.29, 2.26, -0.02, 3.08, circuit_pos, 619.96, 103.53, 309.26, 2.26, -0.02, 3.08, tool_force, 2.05, 0.86, -0.41, actual_rep, 1, curr_step, 23, track_size, 72, robot_vel, 40.98, joints_pos, 21.09, 44.49, -19.77, -75.38, 19.05, 60.78, 48.43, tool_torque, -0.217, -0.047, 0.359, joint_torque, 1.25, -13.5, -0.88, 8.23, 0.71, -0.38, 0.36, robot_mode, sine_overlay, 
08/06/2022 11:37:53:565, robot_pos, 1654684546907, 621.45, 103.69, 322.22, 2.26, -0.02, 3.08, circuit_pos, 619.96, 103.53, 309.26, 2.26, -0.02, 3.08, tool_force, 1.07, -0.28, 0.33, actual_rep, 1, curr_step, 23, track_size, 72, robot_vel, 38.74, joints_pos, 20.91, 44.0, -19.63, -75.22, 18.82, 61.35, 48.44, tool_torque, -0.294, -0.225, 0.254, joint_torque, 0.3, -13.08, -1.86, 7.91, 0.53, -0.52, 0.17, robot_mode, sine_overlay, 
08/06/2022 11:37:53:674, robot_pos, 1654684547054, 620.88, 103.45, 326.21, 2.26, -0.02, 3.08, circuit_pos, 619.96, 103.53, 309.26, 2.26, -0.02, 3.08, tool_force, 0.66, -0.75, 0.7, actual_rep, 1, curr_step, 23, track_size, 72, robot_vel, 22.0, joints_pos, 20.91, 43.64, -19.63, -75.21, 18.65, 61.67, 48.54, tool_torque, -0.315, -0.061, 0.099, joint_torque, 0.03, -13.06, -1.95, 7.92, 0.48, -0.52, 0.03, robot_mode, sine_overlay, 
08/06/2022 11:37:53:866, robot_pos, 1654684547205, 620.31, 103.38, 325.07, 2.26, -0.02, 3.08, circuit_pos, 619.96, 103.53, 309.26, 2.26, -0.02, 3.08, tool_force, 0.27, -0.12, 0.06, actual_rep, 1, curr_step, 23, track_size, 72, robot_vel, 12.73, joints_pos, 20.91, 43.66, -19.59, -75.37, 18.63, 61.51, 48.55, tool_torque, -0.043, 0.152, 0.131, joint_torque, 0.08, -13.12, -1.9, 8.07, 0.5, -0.29, 0.06, robot_mode, sine_overlay, 
08/06/2022 11:37:53:973, robot_pos, 1654684547354, 620.2, 103.79, 319.7, 2.26, -0.02, 3.08, circuit_pos, 619.96, 103.53, 309.26, 2.26, -0.02, 3.08, tool_force, 0.31, 0.31, -0.71, actual_rep, 1, curr_step, 23, track_size, 72, robot_vel, 38.93, joints_pos, 20.92, 44.04, -19.49, -75.58, 18.69, 60.93, 48.55, tool_torque, -0.013, 0.079, 0.18, joint_torque, 0.09, -13.69, -2.02, 8.51, 0.48, -0.36, 0.11, robot_mode, sine_overlay, 
08/06/2022 11:37:54:168, robot_pos, 1654684547506, 620.62, 104.2, 314.6, 2.26, -0.02, 3.08, circuit_pos, 619.96, 103.53, 309.26, 2.26, -0.02, 3.08, tool_force, 0.15, 0.66, -0.75, actual_rep, 1, curr_step, 23, track_size, 72, robot_vel, 31.59, joints_pos, 20.92, 44.46, -19.46, -75.65, 18.85, 60.5, 48.49, tool_torque, 0.112, 0.049, 0.269, joint_torque, 0.0, -13.47, -2.07, 8.22, 0.41, -0.26, 0.21, robot_mode, sine_overlay, 
08/06/2022 11:37:54:280, robot_pos, 1654684547656, 621.32, 101.84, 313.74, 2.26, -0.02, 3.08, circuit_pos, 620.25, 96.98, 308.51, 2.27, -0.02, 3.08, tool_force, 1.36, -0.64, -1.24, actual_rep, 1, curr_step, 22, track_size, 72, robot_vel, 21.47, joints_pos, 20.81, 44.58, -19.64, -75.61, 18.89, 60.45, 47.96, tool_torque, 0.052, -0.218, 0.342, joint_torque, 0.09, -13.96, -2.07, 8.06, 0.26, -0.27, 0.34, robot_mode, sine_overlay, 
08/06/2022 11:37:54:471, robot_pos, 1654684547806, 621.83, 97.24, 317.68, 2.27, -0.02, 3.08, circuit_pos, 620.25, 96.98, 308.51, 2.27, -0.02, 3.08, tool_force, 0.27, -0.19, -0.13, actual_rep, 1, curr_step, 22, track_size, 72, robot_vel, 39.74, joints_pos, 20.36, 44.27, -19.66, -75.51, 19.09, 60.92, 47.19, tool_torque, -0.447, 0.086, 0.283, joint_torque, -0.34, -13.51, -1.87, 8.13, 0.59, -0.56, 0.3, robot_mode, sine_overlay, 
08/06/2022 11:37:54:581, robot_pos, 1654684547956, 621.58, 96.92, 323.43, 2.27, -0.02, 3.08, circuit_pos, 620.25, 96.98, 308.51, 2.27, -0.02, 3.08, tool_force, 0.87, -0.99, 0.78, actual_rep, 1, curr_step, 22, track_size, 72, robot_vel, 37.93, joints_pos, 20.29, 43.8, -19.57, -75.37, 18.73, 61.43, 47.32, tool_torque, -0.321, -0.015, 0.128, joint_torque, 0.1, -13.26, -1.87, 7.84, 0.55, -0.44, 0.06, robot_mode, sine_overlay, 
08/06/2022 11:37:54:768, robot_pos, 1654684548106, 620.93, 96.71, 325.56, 2.27, -0.02, 3.08, circuit_pos, 620.25, 96.98, 308.51, 2.27, -0.02, 3.08, tool_force, 0.43, -0.37, 0.66, actual_rep, 1, curr_step, 22, track_size, 72, robot_vel, 11.0, joints_pos, 20.29, 43.57, -19.57, -75.44, 18.66, 61.58, 47.32, tool_torque, -0.27, 0.029, 0.084, joint_torque, 0.07, -12.96, -1.85, 7.96, 0.52, -0.45, 0.01, robot_mode, sine_overlay, 
08/06/2022 11:37:54:884, robot_pos, 1654684548254, 620.47, 96.88, 322.58, 2.27, -0.02, 3.08, circuit_pos, 620.25, 96.98, 308.51, 2.27, -0.02, 3.08, tool_force, -0.32, 0.55, 0.04, actual_rep, 1, curr_step, 22, track_size, 72, robot_vel, 23.49, joints_pos, 20.31, 43.74, -19.53, -75.64, 18.66, 61.24, 47.32, tool_torque, -0.09, 0.133, 0.127, joint_torque, -0.11, -13.14, -1.99, 8.18, 0.49, -0.33, 0.07, robot_mode, sine_overlay, 
08/06/2022 11:37:55:035, robot_pos, 1654684548407, 620.62, 97.4, 316.55, 2.27, -0.02, 3.08, circuit_pos, 620.25, 96.98, 308.51, 2.27, -0.02, 3.08, tool_force, 0.17, -0.01, -0.81, actual_rep, 1, curr_step, 22, track_size, 72, robot_vel, 40.77, joints_pos, 20.31, 44.19, -19.44, -75.81, 18.8, 60.64, 47.29, tool_torque, 0.082, 0.105, 0.185, joint_torque, -0.06, -13.66, -2.13, 8.28, 0.41, -0.24, 0.13, robot_mode, sine_overlay, 
08/06/2022 11:37:55:189, robot_pos, 1654684548555, 621.13, 97.57, 312.97, 2.27, -0.02, 3.08, circuit_pos, 620.78, 89.35, 307.67, 2.27, -0.01, 3.09, tool_force, -0.5, 0.05, -0.67, actual_rep, 1, curr_step, 21, track_size, 72, robot_vel, 17.77, joints_pos, 20.31, 44.53, -19.44, -75.81, 18.94, 60.35, 47.22, tool_torque, 0.029, 0.081, 0.238, joint_torque, -1.29, -13.62, -2.9, 8.1, 0.13, -0.31, 0.23, robot_mode, sine_overlay, 
08/06/2022 11:37:55:386, robot_pos, 1654684548704, 621.95, 92.09, 313.76, 2.27, -0.01, 3.09, circuit_pos, 620.78, 89.35, 307.67, 2.27, -0.01, 3.09, tool_force, 0.62, 0.3, 0.18, actual_rep, 1, curr_step, 21, track_size, 72, robot_vel, 32.0, joints_pos, 20.17, 44.55, -19.87, -75.72, 18.54, 60.53, 47.02, tool_torque, -0.363, 0.125, 0.28, joint_torque, 0.35, -13.62, -1.41, 8.23, 0.62, -0.47, 0.31, robot_mode, sine_overlay, 
08/06/2022 11:37:55:484, robot_pos, 1654684548850, 622.38, 89.78, 319.12, 2.27, -0.01, 3.09, circuit_pos, 620.78, 89.35, 307.67, 2.27, -0.01, 3.09, tool_force, 0.8, -0.54, 0.47, actual_rep, 1, curr_step, 21, track_size, 72, robot_vel, 45.34, joints_pos, 19.9, 44.17, -19.78, -75.47, 18.21, 61.13, 46.96, tool_torque, -0.251, -0.182, 0.254, joint_torque, 0.32, -13.03, -1.84, 7.92, 0.44, -0.52, 0.2, robot_mode, sine_overlay, 
08/06/2022 11:37:55:681, robot_pos, 1654684549000, 621.89, 89.32, 323.96, 2.27, -0.01, 3.09, circuit_pos, 620.78, 89.35, 307.67, 2.27, -0.01, 3.09, tool_force, 0.77, -0.77, 1.08, actual_rep, 1, curr_step, 21, track_size, 72, robot_vel, 36.18, joints_pos, 19.83, 43.73, -19.69, -75.43, 17.89, 61.52, 47.12, tool_torque, -0.299, -0.123, 0.116, joint_torque, 0.28, -13.08, -1.87, 7.91, 0.45, -0.49, 0.03, robot_mode, sine_overlay, 
08/06/2022 11:37:55:785, robot_pos, 1654684549149, 621.22, 89.21, 324.24, 2.27, -0.01, 3.09, circuit_pos, 620.78, 89.35, 307.67, 2.27, -0.01, 3.09, tool_force, -0.53, 0.49, 1.0, actual_rep, 1, curr_step, 21, track_size, 72, robot_vel, 7.82, joints_pos, 19.83, 43.64, -19.66, -75.55, 17.81, 61.5, 47.15, tool_torque, -0.128, 0.0, 0.101, joint_torque, 0.04, -12.76, -2.0, 8.24, 0.42, -0.55, 0.02, robot_mode, sine_overlay, 
08/06/2022 11:37:55:984, robot_pos, 1654684549299, 620.96, 89.47, 319.6, 2.27, -0.01, 3.09, circuit_pos, 620.78, 89.35, 307.67, 2.27, -0.01, 3.09, tool_force, -0.13, 0.06, -0.21, actual_rep, 1, curr_step, 21, track_size, 72, robot_vel, 37.32, joints_pos, 19.83, 43.93, -19.56, -75.78, 17.83, 60.98, 47.15, tool_torque, 0.077, 0.059, 0.154, joint_torque, 0.21, -13.14, -1.93, 7.99, 0.41, -0.17, 0.07, robot_mode, sine_overlay, 
08/06/2022 11:37:56:088, robot_pos, 1654684549447, 621.24, 89.82, 314.0, 2.27, -0.01, 3.09, circuit_pos, 620.78, 89.35, 307.67, 2.27, -0.01, 3.09, tool_force, -0.11, 0.42, -0.94, actual_rep, 1, curr_step, 21, track_size, 72, robot_vel, 40.25, joints_pos, 19.83, 44.39, -19.51, -75.9, 18.01, 60.46, 47.09, tool_torque, 0.115, -0.017, 0.233, joint_torque, 0.16, -13.71, -2.09, 8.45, 0.38, -0.3, 0.16, robot_mode, sine_overlay, 
08/06/2022 11:37:56:288, robot_pos, 1654684549597, 621.9, 88.36, 311.87, 2.27, -0.01, 3.09, circuit_pos, 621.28, 81.29, 306.83, 2.28, -0.01, 3.09, tool_force, 0.6, -0.15, -0.96, actual_rep, 1, curr_step, 20, track_size, 72, robot_vel, 18.35, joints_pos, 19.74, 44.61, -19.62, -75.87, 18.1, 60.32, 46.73, tool_torque, 0.23, -0.384, 0.352, joint_torque, 0.32, -13.68, -2.18, 8.19, 0.11, -0.34, 0.31, robot_mode, sine_overlay, 
08/06/2022 11:37:56:392, robot_pos, 1654684549746, 622.81, 82.3, 314.58, 2.28, -0.01, 3.09, circuit_pos, 621.28, 81.29, 306.83, 2.28, -0.01, 3.09, tool_force, 2.12, -0.06, -0.25, actual_rep, 1, curr_step, 20, track_size, 72, robot_vel, 45.68, joints_pos, 19.23, 44.42, -19.74, -75.76, 18.25, 60.65, 45.72, tool_torque, -0.11, -0.185, 0.343, joint_torque, 1.13, -13.63, -1.18, 7.97, 0.51, -0.35, 0.34, robot_mode, sine_overlay, 
08/06/2022 11:37:56:595, robot_pos, 1654684549896, 622.79, 81.33, 320.34, 2.28, -0.01, 3.09, circuit_pos, 621.28, 81.29, 306.83, 2.28, -0.01, 3.09, tool_force, 0.68, -0.96, 0.12, actual_rep, 1, curr_step, 20, track_size, 72, robot_vel, 42.69, joints_pos, 19.0, 43.96, -19.55, -75.58, 18.01, 61.22, 45.67, tool_torque, -0.185, -0.322, 0.264, joint_torque, 0.12, -13.08, -2.1, 7.89, 0.36, -0.53, 0.18, robot_mode, sine_overlay, 
08/06/2022 11:37:56:696, robot_pos, 1654684550045, 622.23, 81.13, 323.92, 2.28, -0.01, 3.09, circuit_pos, 621.28, 81.29, 306.83, 2.28, -0.01, 3.09, tool_force, -0.02, -0.68, 1.16, actual_rep, 1, curr_step, 20, track_size, 72, robot_vel, 22.83, joints_pos, 19.01, 43.63, -19.55, -75.58, 17.82, 61.48, 45.82, tool_torque, -0.225, -0.06, 0.11, joint_torque, -0.05, -12.66, -1.97, 7.81, 0.39, -0.47, 0.04, robot_mode, sine_overlay, 
08/06/2022 11:37:56:900, robot_pos, 1654684550196, 621.62, 81.1, 322.14, 2.28, -0.01, 3.09, circuit_pos, 621.28, 81.29, 306.83, 2.28, -0.01, 3.09, tool_force, 0.12, -0.76, 0.05, actual_rep, 1, curr_step, 20, track_size, 72, robot_vel, 13.6, joints_pos, 19.03, 43.69, -19.53, -75.78, 17.81, 61.27, 45.82, tool_torque, -0.015, 0.139, 0.122, joint_torque, -0.08, -13.16, -2.04, 7.98, 0.4, -0.26, 0.06, robot_mode, sine_overlay, 
08/06/2022 11:37:57:000, robot_pos, 1654684550346, 621.55, 81.54, 316.46, 2.28, -0.01, 3.09, circuit_pos, 621.28, 81.29, 306.83, 2.28, -0.01, 3.09, tool_force, -0.56, 0.4, -0.45, actual_rep, 1, curr_step, 20, track_size, 72, robot_vel, 39.25, joints_pos, 19.03, 44.09, -19.44, -75.99, 17.93, 60.66, 45.81, tool_torque, 0.088, 0.016, 0.174, joint_torque, 0.02, -13.14, -2.09, 8.07, 0.33, -0.22, 0.1, robot_mode, sine_overlay, 
08/06/2022 11:37:57:202, robot_pos, 1654684550497, 622.04, 81.8, 311.76, 2.28, -0.01, 3.09, circuit_pos, 621.58, 73.04, 305.87, 2.28, -0.01, 3.09, tool_force, -0.19, -0.3, -1.02, actual_rep, 1, curr_step, 19, track_size, 72, robot_vel, 24.7, joints_pos, 19.03, 44.51, -19.43, -76.02, 18.1, 60.29, 45.71, tool_torque, 0.124, 0.047, 0.268, joint_torque, -0.29, -13.67, -2.33, 8.23, 0.26, -0.26, 0.24, robot_mode, sine_overlay, 
08/06/2022 11:37:57:305, robot_pos, 1654684550645, 622.75, 77.73, 311.39, 2.28, -0.01, 3.09, circuit_pos, 621.58, 73.04, 305.87, 2.28, -0.01, 3.09, tool_force, 0.83, -0.33, -1.28, actual_rep, 1, curr_step, 19, track_size, 72, robot_vel, 19.88, joints_pos, 18.82, 44.58, -19.67, -76.0, 18.15, 60.27, 45.34, tool_torque, -0.032, 0.022, 0.322, joint_torque, 0.36, -13.64, -1.6, 8.03, 0.4, -0.24, 0.35, robot_mode, sine_overlay, 
08/06/2022 11:37:57:476, robot_pos, 1654684550797, 623.22, 73.09, 315.73, 2.28, -0.01, 3.09, circuit_pos, 621.58, 73.04, 305.87, 2.28, -0.01, 3.09, tool_force, 0.52, 0.08, 0.46, actual_rep, 1, curr_step, 19, track_size, 72, robot_vel, 50.11, joints_pos, 18.32, 44.24, -19.64, -75.86, 18.28, 60.75, 44.84, tool_torque, -0.394, 0.146, 0.295, joint_torque, -0.06, -13.36, -1.64, 8.2, 0.59, -0.56, 0.33, robot_mode, sine_overlay, 
08/06/2022 11:37:57:605, robot_pos, 1654684550945, 622.91, 72.87, 321.25, 2.28, -0.01, 3.09, circuit_pos, 621.58, 73.04, 305.87, 2.28, -0.01, 3.09, tool_force, 0.47, -0.9, 0.52, actual_rep, 1, curr_step, 19, track_size, 72, robot_vel, 48.72, joints_pos, 18.25, 43.78, -19.52, -75.74, 17.91, 61.24, 45.0, tool_torque, -0.335, -0.094, 0.115, joint_torque, 0.15, -13.05, -1.87, 7.91, 0.5, -0.51, 0.04, robot_mode, sine_overlay, 
08/06/2022 11:37:57:750, robot_pos, 1654684551096, 622.25, 72.74, 322.82, 2.28, -0.01, 3.09, circuit_pos, 621.58, 73.04, 305.87, 2.28, -0.01, 3.09, tool_force, 0.04, -0.68, 0.25, actual_rep, 1, curr_step, 19, track_size, 72, robot_vel, 5.56, joints_pos, 18.26, 43.59, -19.52, -75.83, 17.84, 61.34, 45.0, tool_torque, -0.26, 0.022, 0.066, joint_torque, 0.03, -13.23, -1.93, 7.96, 0.43, -0.4, 0.01, robot_mode, sine_overlay, 
08/06/2022 11:37:57:911, robot_pos, 1654684551244, 621.84, 72.97, 319.16, 2.28, -0.01, 3.09, circuit_pos, 621.58, 73.04, 305.87, 2.28, -0.01, 3.09, tool_force, -1.04, 0.11, 0.19, actual_rep, 1, curr_step, 19, track_size, 72, robot_vel, 27.89, joints_pos, 18.27, 43.8, -19.45, -76.06, 17.85, 60.9, 45.0, tool_torque, 0.0060, 0.158, 0.106, joint_torque, -0.28, -12.81, -2.14, 7.99, 0.36, -0.26, 0.04, robot_mode, sine_overlay, 
08/06/2022 11:37:58:113, robot_pos, 1654684551395, 622.0, 73.34, 313.35, 2.28, -0.01, 3.09, circuit_pos, 621.58, 73.04, 305.87, 2.28, -0.01, 3.09, tool_force, -0.64, 0.34, -0.64, actual_rep, 1, curr_step, 19, track_size, 72, robot_vel, 36.67, joints_pos, 18.27, 44.25, -19.39, -76.21, 18.01, 60.35, 44.95, tool_torque, 0.108, 0.089, 0.224, joint_torque, -0.07, -13.56, -2.11, 8.34, 0.36, -0.24, 0.17, robot_mode, sine_overlay, 
08/06/2022 11:37:58:213, robot_pos, 1654684551544, 622.57, 73.11, 310.13, 2.28, -0.01, 3.09, circuit_pos, 621.7, 64.77, 304.79, 2.29, -0.01, 3.09, tool_force, -1.15, -0.96, -0.78, actual_rep, 1, curr_step, 18, track_size, 72, robot_vel, 20.16, joints_pos, 18.25, 44.56, -19.43, -76.19, 18.13, 60.1, 44.82, tool_torque, 0.204, -0.066, 0.284, joint_torque, -0.57, -13.52, -2.52, 8.07, 0.06, -0.26, 0.29, robot_mode, sine_overlay, 
08/06/2022 11:37:58:413, robot_pos, 1654684551693, 623.17, 67.48, 311.48, 2.29, -0.01, 3.09, circuit_pos, 621.7, 64.77, 304.79, 2.29, -0.01, 3.09, tool_force, 0.32, -0.06, -0.45, actual_rep, 1, curr_step, 18, track_size, 72, robot_vel, 41.06, joints_pos, 17.87, 44.48, -19.66, -76.15, 18.29, 60.29, 43.77, tool_torque, -0.185, -0.072, 0.3, joint_torque, 0.01, -13.55, -1.8, 8.12, 0.35, -0.44, 0.34, robot_mode, sine_overlay, 
08/06/2022 11:37:58:516, robot_pos, 1654684551840, 623.36, 64.75, 316.9, 2.29, -0.01, 3.09, circuit_pos, 621.7, 64.77, 304.79, 2.29, -0.01, 3.09, tool_force, 1.33, -0.82, 0.4, actual_rep, 1, curr_step, 18, track_size, 72, robot_vel, 42.67, joints_pos, 17.48, 44.04, -19.51, -75.98, 18.24, 60.84, 43.46, tool_torque, -0.107, -0.256, 0.35, joint_torque, 0.36, -13.1, -1.86, 7.63, 0.39, -0.37, 0.28, robot_mode, sine_overlay, 
08/06/2022 11:37:58:720, robot_pos, 1654684551991, 622.8, 64.56, 321.45, 2.29, -0.01, 3.09, circuit_pos, 621.7, 64.77, 304.79, 2.29, -0.01, 3.09, tool_force, 0.37, -0.68, 0.46, actual_rep, 1, curr_step, 18, track_size, 72, robot_vel, 26.81, joints_pos, 17.49, 43.63, -19.49, -75.95, 17.92, 61.21, 43.62, tool_torque, -0.287, -0.136, 0.142, joint_torque, 0.17, -12.99, -1.89, 7.92, 0.46, -0.52, 0.07, robot_mode, sine_overlay, 
08/06/2022 11:37:58:817, robot_pos, 1654684552140, 622.18, 64.5, 320.97, 2.29, -0.01, 3.09, circuit_pos, 621.7, 64.77, 304.79, 2.29, -0.01, 3.09, tool_force, -0.68, 0.01, 0.51, actual_rep, 1, curr_step, 18, track_size, 72, robot_vel, 8.17, joints_pos, 17.51, 43.61, -19.49, -76.1, 17.9, 61.09, 43.63, tool_torque, -0.092, 0.113, 0.099, joint_torque, -0.09, -12.98, -1.95, 7.97, 0.41, -0.26, 0.05, robot_mode, sine_overlay, 
08/06/2022 11:37:59:020, robot_pos, 1654684552292, 621.91, 64.91, 315.76, 2.29, -0.01, 3.09, circuit_pos, 621.7, 64.77, 304.79, 2.29, -0.01, 3.09, tool_force, -0.62, 0.17, -0.36, actual_rep, 1, curr_step, 18, track_size, 72, robot_vel, 38.31, joints_pos, 17.54, 43.96, -19.42, -76.34, 17.97, 60.56, 43.62, tool_torque, 0.024, 0.097, 0.151, joint_torque, 0.0, -13.26, -2.01, 8.17, 0.38, -0.25, 0.09, robot_mode, sine_overlay, 
08/06/2022 11:37:59:109, robot_pos, 1654684552439, 622.35, 65.21, 310.59, 2.29, -0.01, 3.09, circuit_pos, 621.7, 64.77, 304.79, 2.29, -0.01, 3.09, tool_force, -0.39, 0.22, -1.0, actual_rep, 1, curr_step, 18, track_size, 72, robot_vel, 34.33, joints_pos, 17.54, 44.4, -19.39, -76.4, 18.16, 60.09, 43.53, tool_torque, 0.139, 0.088, 0.251, joint_torque, -0.06, -13.53, -2.1, 8.21, 0.34, -0.2, 0.21, robot_mode, sine_overlay, 
08/06/2022 11:37:59:323, robot_pos, 1654684552591, 622.91, 62.82, 309.01, 2.29, -0.01, 3.09, circuit_pos, 621.78, 57.42, 303.83, 2.3, -0.01, 3.09, tool_force, 0.29, -0.17, -0.49, actual_rep, 1, curr_step, 17, track_size, 72, robot_vel, 24.3, joints_pos, 17.42, 44.58, -19.55, -76.38, 18.21, 59.98, 43.03, tool_torque, 0.145, -0.192, 0.335, joint_torque, -0.01, -13.4, -2.09, 8.12, 0.19, -0.36, 0.33, robot_mode, sine_overlay, 
08/06/2022 11:37:59:429, robot_pos, 1654684552740, 623.39, 57.6, 312.18, 2.3, -0.01, 3.09, circuit_pos, 621.78, 57.42, 303.83, 2.3, -0.01, 3.09, tool_force, 0.68, -0.38, -0.44, actual_rep, 1, curr_step, 17, track_size, 72, robot_vel, 41.62, joints_pos, 16.93, 44.34, -19.62, -76.27, 18.42, 60.39, 42.16, tool_torque, -0.39, 0.117, 0.282, joint_torque, 0.04, -13.54, -1.51, 7.97, 0.61, -0.4, 0.32, robot_mode, sine_overlay, 
08/06/2022 11:37:59:626, robot_pos, 1654684552887, 623.26, 57.28, 318.07, 2.3, -0.01, 3.09, circuit_pos, 621.78, 57.42, 303.83, 2.3, -0.01, 3.09, tool_force, 0.6, -0.65, 0.95, actual_rep, 1, curr_step, 17, track_size, 72, robot_vel, 39.41, joints_pos, 16.82, 43.87, -19.5, -76.11, 18.1, 60.92, 42.28, tool_torque, -0.278, -0.099, 0.149, joint_torque, 0.18, -12.94, -1.84, 7.93, 0.48, -0.5, 0.08, robot_mode, sine_overlay, 
08/06/2022 11:37:59:732, robot_pos, 1654684553038, 622.63, 57.15, 320.94, 2.3, -0.01, 3.09, circuit_pos, 621.78, 57.42, 303.83, 2.3, -0.01, 3.09, tool_force, -0.08, -0.98, 0.79, actual_rep, 1, curr_step, 17, track_size, 72, robot_vel, 16.13, joints_pos, 16.83, 43.58, -19.49, -76.15, 17.97, 61.13, 42.32, tool_torque, -0.263, -0.0010, 0.075, joint_torque, -0.12, -12.73, -1.94, 7.71, 0.41, -0.42, 0.02, robot_mode, sine_overlay, 
08/06/2022 11:37:59:913, robot_pos, 1654684553187, 622.05, 57.25, 318.54, 2.3, -0.01, 3.09, circuit_pos, 621.78, 57.42, 303.83, 2.3, -0.01, 3.09, tool_force, -0.26, -0.25, -0.06, actual_rep, 1, curr_step, 17, track_size, 72, robot_vel, 16.43, joints_pos, 16.85, 43.69, -19.45, -76.35, 17.97, 60.86, 42.32, tool_torque, -0.042, 0.09, 0.144, joint_torque, 0.01, -12.99, -1.95, 8.04, 0.42, -0.31, 0.08, robot_mode, sine_overlay, 
08/06/2022 11:38:00:060, robot_pos, 1654684553338, 622.13, 57.72, 312.65, 2.3, -0.01, 3.09, circuit_pos, 621.78, 57.42, 303.83, 2.3, -0.01, 3.09, tool_force, -0.85, 0.28, -0.58, actual_rep, 1, curr_step, 17, track_size, 72, robot_vel, 42.23, joints_pos, 16.85, 44.13, -19.37, -76.54, 18.1, 60.25, 42.27, tool_torque, 0.106, 0.081, 0.186, joint_torque, -0.13, -13.33, -2.17, 8.3, 0.34, -0.25, 0.14, robot_mode, sine_overlay, 
08/06/2022 11:38:00:167, robot_pos, 1654684553487, 622.62, 57.9, 308.48, 2.3, -0.01, 3.09, circuit_pos, 621.68, 48.29, 302.56, 2.3, -0.02, 3.09, tool_force, -0.53, -0.06, -0.95, actual_rep, 1, curr_step, 16, track_size, 72, robot_vel, 32.09, joints_pos, 16.85, 44.51, -19.36, -76.55, 18.27, 59.92, 42.2, tool_torque, 0.088, 0.066, 0.262, joint_torque, -0.33, -13.54, -2.28, 8.07, 0.28, -0.2, 0.23, robot_mode, sine_overlay, 
08/06/2022 11:38:00:369, robot_pos, 1654684553637, 622.89, 53.55, 308.59, 2.3, -0.01, 3.09, circuit_pos, 621.68, 48.29, 302.56, 2.3, -0.02, 3.09, tool_force, 0.49, -0.14, -0.31, actual_rep, 1, curr_step, 16, track_size, 72, robot_vel, 27.09, joints_pos, 16.56, 44.56, -19.61, -76.5, 18.59, 60.17, 41.64, tool_torque, -0.17, -0.12, 0.293, joint_torque, 0.2, -13.42, -1.7, 8.04, 0.38, -0.42, 0.32, robot_mode, sine_overlay, 
08/06/2022 11:38:00:465, robot_pos, 1654684553785, 623.26, 48.19, 313.14, 2.3, -0.02, 3.09, circuit_pos, 621.68, 48.29, 302.56, 2.3, -0.02, 3.09, tool_force, 0.46, -0.07, 0.34, actual_rep, 1, curr_step, 16, track_size, 72, robot_vel, 50.93, joints_pos, 15.96, 44.25, -19.59, -76.26, 18.85, 60.94, 40.99, tool_torque, -0.444, 0.166, 0.273, joint_torque, -0.24, -13.14, -1.61, 7.94, 0.67, -0.45, 0.31, robot_mode, sine_overlay, 
08/06/2022 11:38:00:670, robot_pos, 1654684553935, 623.08, 47.86, 318.32, 2.3, -0.02, 3.09, circuit_pos, 621.68, 48.29, 302.56, 2.3, -0.02, 3.09, tool_force, 0.81, -0.63, 1.03, actual_rep, 1, curr_step, 16, track_size, 72, robot_vel, 37.61, joints_pos, 15.83, 43.83, -19.43, -76.13, 18.52, 61.4, 41.15, tool_torque, -0.288, 0.0090, 0.126, joint_torque, 0.22, -12.86, -1.7, 7.68, 0.55, -0.34, 0.06, robot_mode, sine_overlay, 
08/06/2022 11:38:00:771, robot_pos, 1654684554082, 622.35, 47.89, 319.35, 2.3, -0.02, 3.09, circuit_pos, 621.68, 48.29, 302.56, 2.3, -0.02, 3.09, tool_force, 0.13, -0.81, 0.04, actual_rep, 1, curr_step, 16, track_size, 72, robot_vel, 5.79, joints_pos, 15.85, 43.67, -19.43, -76.24, 18.45, 61.46, 41.16, tool_torque, -0.217, 0.107, 0.101, joint_torque, -0.14, -12.77, -1.89, 7.83, 0.48, -0.36, 0.05, robot_mode, sine_overlay, 
