08/06/2022 15:19:58: File Created!
08/06/2022 15:19:58:009, robot_pos, 1654697871549, 599.7, -166.99, 324.52, 2.36, 0.03, 3.09, circuit_pos, 599.59, -167.21, 324.59, 2.36, 0.03, 3.09, tool_force, -2.36, 2.25, -21.44, actual_rep, 1, curr_step, 1, track_size, 143, robot_vel, 20.38, joints_pos, -4.5, 42.55, -18.23, -77.05, 16.32, 59.94, 18.92, tool_torque, -0.072, -0.048, 0.074, joint_torque, 0.1, -13.28, -1.84, 8.28, 0.33, -0.43, 0.01, robot_mode, sine_overlay, 
08/06/2022 15:19:58:131, robot_pos, 1654697871685, 600.16, -167.07, 328.3, 2.36, 0.03, 3.09, circuit_pos, 599.59, -167.21, 324.59, 2.36, 0.03, 3.09, tool_force, -2.48, 2.17, -18.49, actual_rep, 1, curr_step, 1, track_size, 143, robot_vel, 20.38, joints_pos, -4.5, 42.35, -18.28, -76.79, 16.32, 60.43, 18.93, tool_torque, -0.178, -0.558, 0.013, joint_torque, 0.3, -13.91, -1.82, 8.22, 0.22, -0.44, -0.02, robot_mode, sine_overlay, 
08/06/2022 15:19:58:409, robot_pos, 1654697871984, 600.12, -167.53, 329.46, 2.36, 0.03, 3.09, circuit_pos, 600.85, -167.7, 328.62, 2.37, 0.04, 3.1, tool_force, -2.72, 1.85, -20.52, actual_rep, 1, curr_step, 4, track_size, 143, robot_vel, 7.23, joints_pos, -4.48, 42.27, -18.36, -76.76, 16.27, 60.44, 18.88, tool_torque, -0.211, -0.148, 0.058, joint_torque, -0.43, -12.98, -2.0, 8.08, 0.17, -0.58, 0.08, robot_mode, sine_overlay, 
08/06/2022 15:19:58:563, robot_pos, 1654697872134, 601.0, -167.69, 333.19, 2.37, 0.04, 3.1, circuit_pos, 601.99, -167.58, 335.63, 2.38, 0.05, 3.11, tool_force, -2.73, 1.4, -20.71, actual_rep, 1, curr_step, 6, track_size, 143, robot_vel, 32.96, joints_pos, -4.31, 42.1, -18.42, -76.43, 15.31, 60.73, 19.1, tool_torque, -0.428, -0.062, -0.156, joint_torque, -0.03, -12.92, -1.48, 7.84, 0.24, -0.51, -0.16, robot_mode, sine_overlay, 
08/06/2022 15:19:58:710, robot_pos, 1654697872288, 602.01, -167.8, 338.42, 2.37, 0.04, 3.11, circuit_pos, 604.29, -166.68, 347.89, 2.39, 0.07, -3.13, tool_force, -3.96, 0.57, -20.1, actual_rep, 1, curr_step, 9, track_size, 143, robot_vel, 28.84, joints_pos, -4.18, 41.89, -18.46, -75.93, 14.39, 61.36, 19.46, tool_torque, -0.387, -0.088, -0.226, joint_torque, -0.64, -12.65, -1.96, 8.05, 0.09, -0.63, -0.22, robot_mode, sine_overlay, 
08/06/2022 15:19:58:857, robot_pos, 1654697872436, 602.92, -167.15, 344.26, 2.38, 0.05, 3.13, circuit_pos, 605.71, -164.8, 355.32, 2.4, 0.08, -3.1, tool_force, -2.73, 0.16, -21.0, actual_rep, 1, curr_step, 11, track_size, 143, robot_vel, 39.26, joints_pos, -3.87, 41.58, -18.49, -75.52, 12.91, 61.82, 20.18, tool_torque, -0.431, -0.344, -0.214, joint_torque, -0.22, -13.58, -1.85, 8.46, 0.08, -0.77, -0.22, robot_mode, sine_overlay, 
08/06/2022 15:19:59:010, robot_pos, 1654697872588, 603.98, -166.13, 350.3, 2.39, 0.06, -3.13, circuit_pos, 607.17, -161.73, 364.27, 2.4, 0.09, -3.07, tool_force, -3.2, -0.05, -20.52, actual_rep, 1, curr_step, 13, track_size, 143, robot_vel, 39.91, joints_pos, -3.5, 41.32, -18.54, -75.03, 11.35, 62.48, 21.03, tool_torque, -0.358, -0.263, -0.239, joint_torque, -0.44, -13.16, -1.98, 8.39, -0.1, -0.77, -0.22, robot_mode, sine_overlay, 
08/06/2022 15:19:59:164, robot_pos, 1654697872738, 604.98, -164.94, 355.94, 2.39, 0.07, -3.11, circuit_pos, 607.17, -161.73, 364.27, 2.4, 0.09, -3.07, tool_force, -3.09, -0.97, -20.5, actual_rep, 1, curr_step, 13, track_size, 143, robot_vel, 40.32, joints_pos, -3.13, 41.08, -18.57, -74.54, 9.76, 63.12, 21.89, tool_torque, -0.366, -0.216, -0.253, joint_torque, -0.18, -13.02, -1.75, 8.25, -0.12, -0.7, -0.23, robot_mode, sine_overlay, 
08/06/2022 15:19:59:312, robot_pos, 1654697872890, 606.01, -163.6, 361.79, 2.39, 0.08, -3.09, circuit_pos, 608.07, -159.76, 369.0, 2.4, 0.09, -3.05, tool_force, -3.6, -1.64, -20.45, actual_rep, 1, curr_step, 14, track_size, 143, robot_vel, 41.44, joints_pos, -2.77, 40.85, -18.58, -74.03, 8.2, 63.84, 22.76, tool_torque, -0.275, -0.126, -0.261, joint_torque, -0.5, -13.08, -2.01, 8.2, -0.27, -0.57, -0.24, robot_mode, sine_overlay, 
08/06/2022 15:19:59:465, robot_pos, 1654697873038, 607.12, -161.89, 367.59, 2.4, 0.09, -3.07, circuit_pos, 609.05, -157.6, 373.96, 2.4, 0.1, -3.03, tool_force, -4.19, -1.95, -19.87, actual_rep, 1, curr_step, 15, track_size, 143, robot_vel, 41.34, joints_pos, -2.4, 40.7, -18.58, -73.41, 6.67, 64.79, 23.72, tool_torque, -0.204, -0.224, -0.251, joint_torque, -0.79, -12.97, -2.33, 8.28, -0.5, -0.6, -0.22, robot_mode, sine_overlay, 
08/06/2022 15:19:59:614, robot_pos, 1654697873189, 608.35, -159.7, 373.39, 2.4, 0.1, -3.05, circuit_pos, 610.7, -153.31, 382.76, 2.4, 0.11, -3.0, tool_force, -4.17, -1.72, -20.36, actual_rep, 1, curr_step, 17, track_size, 143, robot_vel, 45.88, joints_pos, -1.96, 40.52, -18.58, -72.84, 5.03, 65.62, 24.83, tool_torque, -0.051, -0.278, -0.239, joint_torque, -0.23, -12.85, -2.08, 8.3, -0.55, -0.58, -0.23, robot_mode, sine_overlay, 
08/06/2022 15:19:59:764, robot_pos, 1654697873340, 609.22, -157.2, 379.16, 2.4, 0.1, -3.03, circuit_pos, 610.7, -153.31, 382.76, 2.4, 0.11, -3.0, tool_force, -5.08, -1.99, -20.45, actual_rep, 1, curr_step, 17, track_size, 143, robot_vel, 50.01, joints_pos, -1.52, 40.33, -18.58, -72.32, 3.6, 66.55, 25.82, tool_torque, -0.0020, -0.352, -0.251, joint_torque, -0.66, -12.72, -2.42, 8.26, -0.79, -0.66, -0.23, robot_mode, sine_overlay, 
08/06/2022 15:19:59:931, robot_pos, 1654697873506, 610.55, -154.28, 385.62, 2.4, 0.11, -3.0, circuit_pos, 611.62, -150.79, 387.66, 2.39, 0.12, -2.98, tool_force, -4.49, -2.94, -20.82, actual_rep, 1, curr_step, 18, track_size, 143, robot_vel, 47.46, joints_pos, -0.99, 40.18, -18.59, -71.64, 1.82, 67.64, 27.3, tool_torque, 0.112, -0.313, -0.261, joint_torque, -0.5, -12.82, -2.42, 8.35, -0.95, -0.52, -0.24, robot_mode, sine_overlay, 
08/06/2022 15:20:00:114, robot_pos, 1654697873673, 611.87, -151.15, 392.05, 2.39, 0.12, -2.98, circuit_pos, 613.81, -145.58, 397.5, 2.39, 0.14, -2.95, tool_force, -5.44, -3.9, -20.14, actual_rep, 1, curr_step, 20, track_size, 143, robot_vel, 45.36, joints_pos, -0.48, 40.0, -18.59, -71.03, 0.31, 68.56, 28.58, tool_torque, 0.31, -0.447, -0.266, joint_torque, -0.7, -12.87, -2.68, 8.6, -1.21, -0.56, -0.26, robot_mode, sine_overlay, 
08/06/2022 15:20:00:245, robot_pos, 1654697873813, 613.05, -148.28, 397.44, 2.39, 0.14, -2.96, circuit_pos, 614.75, -143.33, 402.14, 2.4, 0.15, -2.94, tool_force, -5.4, -3.77, -20.58, actual_rep, 1, curr_step, 21, track_size, 143, robot_vel, 50.61, joints_pos, 0.01, 39.83, -18.58, -70.53, -1.12, 69.28, 29.65, tool_torque, 0.351, -0.481, -0.229, joint_torque, -0.49, -12.8, -2.67, 8.42, -1.25, -0.48, -0.23, robot_mode, sine_overlay, 
08/06/2022 15:20:00:404, robot_pos, 1654697873973, 614.32, -145.32, 403.63, 2.4, 0.15, -2.95, circuit_pos, 615.82, -140.88, 406.9, 2.4, 0.16, -2.93, tool_force, -5.56, -3.68, -20.07, actual_rep, 1, curr_step, 22, track_size, 143, robot_vel, 42.88, joints_pos, 0.46, 39.61, -18.58, -70.06, -2.35, 69.89, 30.38, tool_torque, 0.467, -0.435, -0.228, joint_torque, -0.59, -12.6, -2.82, 8.56, -1.41, -0.53, -0.22, robot_mode, sine_overlay, 
08/06/2022 15:20:00:549, robot_pos, 1654697874121, 615.6, -142.73, 409.42, 2.4, 0.16, -2.93, circuit_pos, 617.52, -136.77, 415.79, 2.4, 0.19, -2.9, tool_force, -6.5, -4.9, -20.05, actual_rep, 1, curr_step, 24, track_size, 143, robot_vel, 60.89, joints_pos, 0.96, 39.41, -18.6, -69.61, -3.91, 70.37, 31.37, tool_torque, 0.423, -0.514, -0.245, joint_torque, -0.79, -12.95, -2.91, 8.69, -1.57, -0.56, -0.22, robot_mode, sine_overlay, 
08/06/2022 15:20:00:702, robot_pos, 1654697874272, 616.6, -139.54, 415.2, 2.4, 0.18, -2.91, circuit_pos, 618.41, -130.96, 427.83, 2.41, 0.23, -2.86, tool_force, -6.74, -4.57, -19.54, actual_rep, 1, curr_step, 27, track_size, 143, robot_vel, 42.22, joints_pos, 1.52, 39.16, -18.6, -69.3, -5.45, 70.75, 32.34, tool_torque, 0.799, -0.66, -0.219, joint_torque, -0.56, -12.66, -3.05, 8.73, -1.91, -0.56, -0.22, robot_mode, sine_overlay, 
08/06/2022 15:20:00:852, robot_pos, 1654697874420, 617.23, -136.73, 420.92, 2.41, 0.2, -2.89, circuit_pos, 619.16, -127.3, 435.32, 2.42, 0.26, -2.83, tool_force, -6.37, -5.01, -20.09, actual_rep, 1, curr_step, 29, track_size, 143, robot_vel, 44.89, joints_pos, 2.09, 38.88, -18.62, -69.04, -7.2, 71.12, 33.36, tool_torque, 0.786, -0.832, -0.205, joint_torque, -0.46, -13.07, -3.19, 8.99, -2.09, -0.63, -0.21, robot_mode, sine_overlay, 
08/06/2022 15:20:01:003, robot_pos, 1654697874573, 617.91, -134.09, 426.8, 2.41, 0.22, -2.87, circuit_pos, 619.74, -125.04, 439.88, 2.43, 0.27, -2.81, tool_force, -7.24, -5.75, -19.61, actual_rep, 1, curr_step, 30, track_size, 143, robot_vel, 41.92, joints_pos, 2.64, 38.61, -18.65, -68.78, -8.9, 71.46, 34.31, tool_torque, 0.771, -0.727, -0.236, joint_torque, -0.41, -12.95, -3.04, 8.89, -2.15, -0.52, -0.21, robot_mode, sine_overlay, 
08/06/2022 15:20:01:156, robot_pos, 1654697874721, 618.65, -131.24, 432.71, 2.42, 0.24, -2.84, circuit_pos, 619.74, -125.04, 439.88, 2.43, 0.27, -2.81, tool_force, -7.76, -5.74, -19.32, actual_rep, 1, curr_step, 30, track_size, 143, robot_vel, 44.47, joints_pos, 3.19, 38.38, -18.64, -68.46, -10.69, 71.91, 35.19, tool_torque, 0.919, -0.784, -0.221, joint_torque, -0.4, -12.32, -3.09, 8.71, -2.26, -0.51, -0.22, robot_mode, sine_overlay, 
08/06/2022 15:20:01:311, robot_pos, 1654697874873, 619.33, -128.38, 438.57, 2.43, 0.26, -2.82, circuit_pos, 620.28, -122.66, 444.57, 2.44, 0.29, -2.79, tool_force, -8.84, -6.47, -18.74, actual_rep, 1, curr_step, 31, track_size, 143, robot_vel, 41.16, joints_pos, 3.75, 38.15, -18.64, -68.14, -12.5, 72.37, 36.07, tool_torque, 0.933, -0.906, -0.213, joint_torque, -0.68, -12.55, -3.33, 9.01, -2.51, -0.63, -0.2, robot_mode, sine_overlay, 
08/06/2022 15:20:01:454, robot_pos, 1654697875020, 619.97, -125.47, 444.22, 2.44, 0.28, -2.8, circuit_pos, 620.63, -120.19, 449.21, 2.45, 0.3, -2.77, tool_force, -8.06, -6.48, -18.98, actual_rep, 1, curr_step, 32, track_size, 143, robot_vel, 45.09, joints_pos, 4.33, 37.93, -18.64, -67.92, -14.39, 72.72, 36.9, tool_torque, 1.049, -0.898, -0.202, joint_torque, -0.42, -12.4, -3.25, 8.77, -2.63, -0.46, -0.19, robot_mode, sine_overlay, 
08/06/2022 15:20:01:611, robot_pos, 1654697875170, 620.33, -122.55, 450.02, 2.45, 0.3, -2.77, circuit_pos, 620.73, -117.54, 453.61, 2.45, 0.31, -2.75, tool_force, -8.69, -7.72, -18.57, actual_rep, 1, curr_step, 33, track_size, 143, robot_vel, 42.21, joints_pos, 4.87, 37.71, -18.64, -67.6, -16.11, 73.34, 37.59, tool_torque, 1.124, -0.987, -0.187, joint_torque, -0.53, -12.4, -3.4, 8.85, -2.78, -0.45, -0.18, robot_mode, sine_overlay, 
08/06/2022 15:20:01:757, robot_pos, 1654697875317, 620.79, -118.84, 455.73, 2.45, 0.31, -2.75, circuit_pos, 620.98, -108.42, 463.87, 2.46, 0.34, -2.71, tool_force, -9.15, -7.19, -18.3, actual_rep, 1, curr_step, 36, track_size, 143, robot_vel, 46.2, joints_pos, 5.41, 37.56, -18.6, -67.22, -17.61, 74.1, 38.27, tool_torque, 1.441, -1.13, -0.154, joint_torque, -0.39, -12.25, -3.69, 8.92, -3.14, -0.41, -0.17, robot_mode, sine_overlay, 
08/06/2022 15:20:01:911, robot_pos, 1654697875468, 621.21, -113.8, 461.53, 2.46, 0.33, -2.72, circuit_pos, 622.9, -96.75, 470.76, 2.48, 0.37, -2.67, tool_force, -9.4, -7.38, -18.07, actual_rep, 1, curr_step, 39, track_size, 143, robot_vel, 51.52, joints_pos, 6.2, 37.4, -18.58, -66.9, -19.65, 74.93, 39.42, tool_torque, 1.402, -1.158, -0.163, joint_torque, -0.42, -12.31, -3.74, 8.72, -3.19, -0.24, -0.18, robot_mode, sine_overlay, 
08/06/2022 15:20:02:057, robot_pos, 1654697875617, 621.85, -107.9, 466.06, 2.47, 0.35, -2.7, circuit_pos, 624.75, -88.59, 475.5, 2.49, 0.39, -2.64, tool_force, -10.1, -8.54, -17.41, actual_rep, 1, curr_step, 41, track_size, 143, robot_vel, 49.17, joints_pos, 6.99, 37.33, -18.62, -66.63, -21.22, 75.61, 40.39, tool_torque, 1.403, -1.259, -0.187, joint_torque, -1.02, -12.56, -4.03, 8.97, -3.5, -0.31, -0.17, robot_mode, sine_overlay, 
08/06/2022 15:20:02:357, robot_pos, 1654697875915, 623.54, -96.39, 474.59, 2.48, 0.38, -2.65, circuit_pos, 624.75, -88.59, 475.5, 2.49, 0.39, -2.64, tool_force, -10.43, -8.86, -17.2, actual_rep, 1, curr_step, 41, track_size, 143, robot_vel, 46.19, joints_pos, 8.46, 37.36, -18.58, -65.86, -24.34, 77.28, 42.26, tool_torque, 1.6, -1.349, -0.16, joint_torque, -0.95, -12.21, -4.22, 8.76, -3.79, -0.14, -0.15, robot_mode, sine_overlay, 
08/06/2022 15:20:02:565, robot_pos, 1654697876067, 624.27, -92.6, 477.29, 2.48, 0.38, -2.64, circuit_pos, 624.75, -88.59, 475.5, 2.49, 0.39, -2.64, tool_force, -9.19, -9.56, -17.07, actual_rep, 1, curr_step, 41, track_size, 143, robot_vel, 30.47, joints_pos, 8.9, 37.43, -18.66, -65.5, -24.89, 77.93, 42.67, tool_torque, 1.604, -1.755, -0.059, joint_torque, -1.2, -12.74, -4.59, 9.29, -4.42, -0.35, 0.01, robot_mode, sine_overlay, 
08/06/2022 15:20:02:665, robot_pos, 1654697876199, 625.39, -92.41, 483.46, 2.49, 0.39, -2.64, circuit_pos, 625.57, -84.03, 478.79, 2.49, 0.4, -2.62, tool_force, -9.41, -8.69, -16.88, actual_rep, 1, curr_step, 42, track_size, 143, robot_vel, 35.03, joints_pos, 9.03, 37.38, -18.9, -64.73, -25.0, 78.49, 42.23, tool_torque, 1.586, -1.181, 0.142, joint_torque, -0.99, -12.22, -3.81, 8.3, -3.57, 0.01, 0.23, robot_mode, sine_overlay, 
08/06/2022 15:20:02:814, robot_pos, 1654697876350, 627.06, -85.45, 486.56, 2.5, 0.41, -2.61, circuit_pos, 625.57, -84.03, 478.79, 2.49, 0.4, -2.62, tool_force, -9.43, -10.15, -17.14, actual_rep, 1, curr_step, 42, track_size, 143, robot_vel, 47.8, joints_pos, 9.8, 37.59, -18.8, -64.24, -26.56, 79.27, 43.13, tool_torque, 1.547, -1.619, -0.103, joint_torque, 0.13, -12.94, -3.97, 8.77, -3.92, 0.06, -0.11, robot_mode, sine_overlay, 
08/06/2022 15:20:03:001, robot_pos, 1654697876500, 628.87, -81.08, 487.44, 2.5, 0.41, -2.61, circuit_pos, 625.57, -84.03, 478.79, 2.49, 0.4, -2.62, tool_force, -10.85, -9.47, -15.88, actual_rep, 1, curr_step, 42, track_size, 143, robot_vel, 24.67, joints_pos, 10.19, 37.91, -18.85, -63.7, -26.81, 79.89, 43.54, tool_torque, 2.049, -1.543, -0.036, joint_torque, -1.01, -11.47, -4.42, 8.33, -4.29, 0.06, -0.01, robot_mode, sine_overlay, 
08/06/2022 15:20:03:112, robot_pos, 1654697876652, 629.7, -81.53, 487.03, 2.49, 0.41, -2.61, circuit_pos, 625.57, -84.03, 478.79, 2.49, 0.4, -2.62, tool_force, -9.74, -9.76, -16.9, actual_rep, 1, curr_step, 42, track_size, 143, robot_vel, 5.05, joints_pos, 10.12, 38.08, -18.89, -63.47, -26.67, 80.0, 43.47, tool_torque, 2.017, -1.781, 0.115, joint_torque, -0.22, -12.49, -4.21, 8.82, -4.33, 0.01, 0.13, robot_mode, sine_overlay, 
08/06/2022 15:20:03:263, robot_pos, 1654697876802, 628.95, -83.12, 488.69, 2.49, 0.41, -2.61, circuit_pos, 625.57, -84.03, 478.79, 2.49, 0.4, -2.62, tool_force, -9.54, -8.98, -16.71, actual_rep, 1, curr_step, 42, track_size, 143, robot_vel, 18.0, joints_pos, 10.03, 37.95, -18.97, -63.46, -26.7, 80.13, 43.3, tool_torque, 2.119, -1.719, 0.233, joint_torque, -0.11, -12.39, -4.18, 8.76, -4.31, 0.14, 0.25, robot_mode, sine_overlay, 
08/06/2022 15:20:03:413, robot_pos, 1654697876952, 626.29, -85.78, 491.14, 2.49, 0.41, -2.61, circuit_pos, 625.57, -84.03, 478.79, 2.49, 0.4, -2.62, tool_force, -10.14, -8.08, -17.24, actual_rep, 1, curr_step, 42, track_size, 143, robot_vel, 31.17, joints_pos, 9.9, 37.49, -19.03, -63.84, -26.77, 80.08, 43.07, tool_torque, 2.162, -1.602, 0.289, joint_torque, 0.19, -12.17, -3.98, 9.02, -4.21, 0.11, 0.3, robot_mode, sine_overlay, 
08/06/2022 15:20:03:566, robot_pos, 1654697877104, 623.69, -87.56, 492.71, 2.49, 0.41, -2.61, circuit_pos, 625.57, -84.03, 478.79, 2.49, 0.4, -2.62, tool_force, -10.08, -8.17, -17.86, actual_rep, 1, curr_step, 42, track_size, 143, robot_vel, 21.12, joints_pos, 9.82, 37.02, -19.03, -64.36, -26.86, 79.89, 42.96, tool_torque, 2.234, -1.533, 0.291, joint_torque, 0.31, -11.93, -3.92, 8.94, -4.14, 0.15, 0.28, robot_mode, sine_overlay, 
08/06/2022 15:20:03:723, robot_pos, 1654697877259, 622.72, -87.51, 492.59, 2.49, 0.41, -2.61, circuit_pos, 625.57, -84.03, 478.79, 2.49, 0.4, -2.62, tool_force, -10.48, -8.51, -17.83, actual_rep, 1, curr_step, 42, track_size, 143, robot_vel, 6.08, joints_pos, 9.85, 36.83, -18.99, -64.66, -26.9, 79.68, 42.97, tool_torque, 2.166, -1.486, 0.191, joint_torque, 0.13, -12.23, -4.06, 9.07, -4.13, 0.16, 0.17, robot_mode, sine_overlay, 
08/06/2022 15:20:03:867, robot_pos, 1654697877407, 623.82, -85.56, 490.93, 2.49, 0.41, -2.61, circuit_pos, 625.57, -84.03, 478.79, 2.49, 0.4, -2.62, tool_force, -11.39, -8.74, -17.05, actual_rep, 1, curr_step, 42, track_size, 143, robot_vel, 16.69, joints_pos, 9.95, 37.01, -18.89, -64.6, -26.9, 79.59, 43.18, tool_torque, 2.136, -1.437, 0.013, joint_torque, -0.44, -11.97, -4.36, 8.93, -4.19, 0.1, -0.02, robot_mode, sine_overlay, 
08/06/2022 15:20:04:018, robot_pos, 1654697877557, 626.66, -82.69, 488.38, 2.5, 0.41, -2.61, circuit_pos, 625.57, -84.03, 478.79, 2.49, 0.4, -2.62, tool_force, -11.26, -9.27, -16.52, actual_rep, 1, curr_step, 42, track_size, 143, robot_vel, 33.78, joints_pos, 10.1, 37.53, -18.82, -64.15, -26.84, 79.68, 43.42, tool_torque, 1.986, -1.57, -0.057, joint_torque, -0.69, -12.42, -4.56, 9.03, -4.3, -0.03, -0.08, robot_mode, sine_overlay, 
08/06/2022 15:20:04:033, robot_pos, 1654697877570, 626.98, -82.46, 488.16, 2.5, 0.41, -2.61, circuit_pos, 625.57, -84.03, 478.79, 2.49, 0.4, -2.62, tool_force, -11.29, -9.32, -16.82, actual_rep, 1, curr_step, 42, track_size, 143, robot_vel, 33.78, joints_pos, 10.11, 37.58, -18.81, -64.1, -26.82, 79.68, 43.44, tool_torque, 2.02, -1.614, -0.055, joint_torque, -0.59, -11.97, -4.46, 8.81, -4.28, -0.03, -0.08, robot_mode, sine_overlay, 
08/06/2022 15:20:04:168, robot_pos, 1654697877707, 629.93, -80.53, 486.37, 2.5, 0.41, -2.61, circuit_pos, 625.57, -84.03, 478.79, 2.49, 0.4, -2.62, tool_force, -10.73, -9.92, -16.72, actual_rep, 1, curr_step, 42, track_size, 143, robot_vel, 25.78, joints_pos, 10.17, 38.09, -18.8, -63.53, -26.69, 79.86, 43.53, tool_torque, 2.027, -1.597, -0.081, joint_torque, -0.73, -12.51, -4.62, 8.77, -4.35, 0.14, -0.09, robot_mode, sine_overlay, 
08/06/2022 15:20:04:319, robot_pos, 1654697877855, 631.81, -79.7, 485.73, 2.49, 0.41, -2.61, circuit_pos, 625.57, -84.03, 478.79, 2.49, 0.4, -2.62, tool_force, -11.05, -9.39, -16.02, actual_rep, 1, curr_step, 42, track_size, 143, robot_vel, 16.51, joints_pos, 10.18, 38.45, -18.82, -63.06, -26.62, 80.13, 43.55, tool_torque, 2.066, -1.627, -0.026, joint_torque, -0.86, -12.08, -4.6, 8.65, -4.39, 0.06, -0.02, robot_mode, sine_overlay, 
08/06/2022 15:20:04:469, robot_pos, 1654697878005, 631.61, -80.9, 486.71, 2.49, 0.41, -2.61, circuit_pos, 625.57, -84.03, 478.79, 2.49, 0.4, -2.62, tool_force, -10.03, -9.46, -16.85, actual_rep, 1, curr_step, 42, track_size, 143, robot_vel, 7.08, joints_pos, 10.11, 38.42, -18.9, -62.97, -26.61, 80.26, 43.44, tool_torque, 2.104, -1.711, 0.141, joint_torque, -0.4, -12.44, -4.42, 8.76, -4.38, 0.14, 0.16, robot_mode, sine_overlay, 
08/06/2022 15:20:04:622, robot_pos, 1654697878153, 629.29, -83.51, 489.15, 2.49, 0.41, -2.61, circuit_pos, 625.57, -84.03, 478.79, 2.49, 0.4, -2.62, tool_force, -10.14, -8.55, -17.16, actual_rep, 1, curr_step, 42, track_size, 143, robot_vel, 28.98, joints_pos, 9.98, 38.03, -19.0, -63.26, -26.62, 80.29, 43.19, tool_torque, 2.216, -1.657, 0.264, joint_torque, -0.03, -12.01, -4.12, 8.93, -4.31, 0.04, 0.28, robot_mode, sine_overlay, 
08/06/2022 15:20:04:779, robot_pos, 1654697878302, 626.09, -86.17, 491.52, 2.49, 0.41, -2.61, circuit_pos, 625.57, -84.03, 478.79, 2.49, 0.4, -2.62, tool_force, -9.84, -8.45, -17.8, actual_rep, 1, curr_step, 42, track_size, 143, robot_vel, 32.98, joints_pos, 9.87, 37.45, -19.05, -63.85, -26.75, 80.1, 43.01, tool_torque, 2.226, -1.552, 0.285, joint_torque, 0.37, -12.03, -3.89, 8.76, -4.16, 0.22, 0.28, robot_mode, sine_overlay, 
08/06/2022 15:20:04:921, robot_pos, 1654697878452, 623.42, -87.67, 492.82, 2.49, 0.41, -2.61, circuit_pos, 625.57, -84.03, 478.79, 2.49, 0.4, -2.62, tool_force, -10.74, -7.58, -17.6, actual_rep, 1, curr_step, 42, track_size, 143, robot_vel, 21.63, joints_pos, 9.83, 36.97, -19.05, -64.42, -26.86, 79.85, 42.96, tool_torque, 2.212, -1.509, 0.262, joint_torque, 0.19, -11.94, -3.95, 9.05, -4.16, 0.09, 0.25, robot_mode, sine_overlay, 
08/06/2022 15:20:05:073, robot_pos, 1654697878600, 622.74, -87.36, 492.51, 2.49, 0.41, -2.61, circuit_pos, 625.57, -84.03, 478.79, 2.49, 0.4, -2.62, tool_force, -10.33, -8.5, -17.99, actual_rep, 1, curr_step, 42, track_size, 143, robot_vel, 6.24, joints_pos, 9.86, 36.84, -18.98, -64.66, -26.9, 79.67, 43.0, tool_torque, 2.193, -1.482, 0.168, joint_torque, 0.22, -11.92, -4.0, 8.95, -4.09, 0.13, 0.13, robot_mode, sine_overlay, 
08/06/2022 15:20:05:225, robot_pos, 1654697878751, 624.17, -85.16, 490.55, 2.5, 0.41, -2.61, circuit_pos, 625.57, -84.03, 478.79, 2.49, 0.4, -2.62, tool_force, -11.41, -8.26, -16.7, actual_rep, 1, curr_step, 42, track_size, 143, robot_vel, 25.0, joints_pos, 9.98, 37.08, -18.89, -64.55, -26.9, 79.59, 43.22, tool_torque, 2.14, -1.442, -0.0030, joint_torque, -0.22, -12.13, -4.29, 9.05, -4.2, 0.09, -0.04, robot_mode, sine_overlay, 
08/06/2022 15:20:05:533, robot_pos, 1654697879054, 630.41, -80.21, 486.1, 2.5, 0.41, -2.61, circuit_pos, 625.57, -84.03, 478.79, 2.49, 0.4, -2.62, tool_force, -10.9, -9.55, -16.46, actual_rep, 1, curr_step, 42, track_size, 143, robot_vel, 29.21, joints_pos, 10.19, 38.19, -18.81, -63.41, -26.66, 79.94, 43.54, tool_torque, 2.065, -1.606, -0.069, joint_torque, -0.65, -12.34, -4.54, 8.89, -4.36, 0.01, -0.08, robot_mode, sine_overlay, 
08/06/2022 15:20:05:715, robot_pos, 1654697879202, 631.94, -79.79, 485.78, 2.49, 0.41, -2.61, circuit_pos, 625.57, -84.03, 478.79, 2.49, 0.4, -2.62, tool_force, -10.54, -9.53, -16.49, actual_rep, 1, curr_step, 42, track_size, 143, robot_vel, 9.37, joints_pos, 10.18, 38.47, -18.84, -63.02, -26.61, 80.15, 43.55, tool_torque, 2.067, -1.656, -0.0010, joint_torque, -0.63, -12.38, -4.52, 8.67, -4.38, 0.13, 0.01, robot_mode, sine_overlay, 
08/06/2022 15:20:05:830, robot_pos, 1654697879350, 631.34, -81.29, 487.11, 2.49, 0.41, -2.61, circuit_pos, 625.57, -84.03, 478.79, 2.49, 0.4, -2.62, tool_force, -10.42, -8.74, -16.65, actual_rep, 1, curr_step, 42, track_size, 143, robot_vel, 14.78, joints_pos, 10.09, 38.38, -18.93, -62.99, -26.6, 80.28, 43.39, tool_torque, 2.189, -1.648, 0.179, joint_torque, -0.42, -11.78, -4.33, 8.61, -4.34, 0.08, 0.2, robot_mode, sine_overlay, 
08/06/2022 15:20:05:992, robot_pos, 1654697879501, 628.78, -83.97, 489.6, 2.49, 0.41, -2.61, circuit_pos, 625.57, -84.03, 478.79, 2.49, 0.4, -2.62, tool_force, -10.33, -8.45, -17.49, actual_rep, 1, curr_step, 42, track_size, 143, robot_vel, 31.09, joints_pos, 9.97, 37.94, -19.02, -63.35, -26.64, 80.27, 43.15, tool_torque, 2.141, -1.732, 0.269, joint_torque, 0.03, -12.18, -4.13, 8.83, -4.29, 0.1, 0.28, robot_mode, sine_overlay, 
08/06/2022 15:20:06:135, robot_pos, 1654697879648, 625.47, -86.55, 491.89, 2.49, 0.41, -2.61, circuit_pos, 625.57, -84.03, 478.79, 2.49, 0.4, -2.62, tool_force, -10.57, -7.78, -17.52, actual_rep, 1, curr_step, 42, track_size, 143, robot_vel, 32.09, joints_pos, 9.86, 37.34, -19.06, -63.98, -26.77, 80.06, 42.99, tool_torque, 2.226, -1.517, 0.266, joint_torque, 0.08, -12.11, -4.03, 9.09, -4.22, 0.08, 0.27, robot_mode, sine_overlay, 
08/06/2022 15:20:06:289, robot_pos, 1654697879802, 623.11, -87.76, 492.89, 2.49, 0.41, -2.61, circuit_pos, 625.57, -84.03, 478.79, 2.49, 0.4, -2.62, tool_force, -10.15, -8.07, -17.67, actual_rep, 1, curr_step, 42, track_size, 143, robot_vel, 15.25, joints_pos, 9.84, 36.91, -19.05, -64.51, -26.87, 79.79, 42.95, tool_torque, 2.22, -1.508, 0.251, joint_torque, 0.21, -11.86, -3.95, 8.9, -4.13, 0.17, 0.24, robot_mode, sine_overlay, 
08/06/2022 15:20:06:439, robot_pos, 1654697879952, 622.89, -86.98, 492.24, 2.49, 0.41, -2.61, circuit_pos, 625.57, -84.03, 478.79, 2.49, 0.4, -2.62, tool_force, -11.39, -7.95, -17.12, actual_rep, 1, curr_step, 42, track_size, 143, robot_vel, 9.12, joints_pos, 9.88, 36.86, -18.96, -64.66, -26.89, 79.65, 43.04, tool_torque, 2.158, -1.405, 0.1, joint_torque, -0.3, -12.01, -4.28, 9.04, -4.16, 0.1, 0.07, robot_mode, sine_overlay, 
08/06/2022 15:20:06:593, robot_pos, 1654697880103, 624.79, -84.5, 490.01, 2.5, 0.41, -2.61, circuit_pos, 625.57, -84.03, 478.79, 2.49, 0.4, -2.62, tool_force, -10.89, -9.17, -17.38, actual_rep, 1, curr_step, 42, track_size, 143, robot_vel, 21.29, joints_pos, 10.02, 37.18, -18.88, -64.46, -26.89, 79.59, 43.27, tool_torque, 2.098, -1.515, -0.015, joint_torque, -0.28, -12.41, -4.36, 9.03, -4.23, 0.11, -0.05, robot_mode, sine_overlay, 
08/06/2022 15:20:06:740, robot_pos, 1654697880250, 627.96, -81.76, 487.48, 2.5, 0.41, -2.61, circuit_pos, 625.57, -84.03, 478.79, 2.49, 0.4, -2.62, tool_force, -10.78, -9.65, -16.6, actual_rep, 1, curr_step, 42, track_size, 143, robot_vel, 33.75, joints_pos, 10.14, 37.74, -18.82, -63.93, -26.76, 79.7, 43.49, tool_torque, 2.065, -1.589, -0.058, joint_torque, -0.63, -12.69, -4.62, 8.99, -4.35, 0.11, -0.08, robot_mode, sine_overlay, 
08/06/2022 15:20:06:894, robot_pos, 1654697880401, 630.84, -79.96, 485.92, 2.5, 0.41, -2.61, circuit_pos, 625.57, -84.03, 478.79, 2.49, 0.4, -2.62, tool_force, -11.48, -9.5, -16.38, actual_rep, 1, curr_step, 42, track_size, 143, robot_vel, 22.14, joints_pos, 10.2, 38.27, -18.82, -63.32, -26.65, 79.97, 43.55, tool_torque, 2.029, -1.607, -0.078, joint_torque, -0.96, -12.36, -4.68, 8.66, -4.38, 0.09, -0.08, robot_mode, sine_overlay, 
08/06/2022 15:20:07:045, robot_pos, 1654697880548, 631.96, -79.92, 485.89, 2.49, 0.41, -2.61, circuit_pos, 625.57, -84.03, 478.79, 2.49, 0.4, -2.62, tool_force, -10.1, -9.92, -16.7, actual_rep, 1, curr_step, 42, track_size, 143, robot_vel, 6.09, joints_pos, 10.18, 38.48, -18.87, -62.99, -26.6, 80.18, 43.55, tool_torque, 2.067, -1.668, 0.021, joint_torque, -0.68, -12.34, -4.55, 8.59, -4.38, 0.14, 0.03, robot_mode, sine_overlay, 
08/06/2022 15:20:07:190, robot_pos, 1654697880698, 630.98, -81.78, 487.51, 2.49, 0.41, -2.61, circuit_pos, 625.57, -84.03, 478.79, 2.49, 0.4, -2.62, tool_force, -10.21, -8.61, -16.64, actual_rep, 1, curr_step, 42, track_size, 143, robot_vel, 20.58, joints_pos, 10.07, 38.32, -18.95, -63.03, -26.6, 80.29, 43.35, tool_torque, 2.169, -1.696, 0.212, joint_torque, -0.23, -12.33, -4.3, 8.84, -4.35, 0.09, 0.23, robot_mode, sine_overlay, 
08/06/2022 15:20:07:349, robot_pos, 1654697880847, 628.11, -84.58, 490.19, 2.49, 0.41, -2.61, circuit_pos, 625.57, -84.03, 478.79, 2.49, 0.4, -2.62, tool_force, -9.97, -8.72, -17.67, actual_rep, 1, curr_step, 42, track_size, 143, robot_vel, 32.63, joints_pos, 9.95, 37.8, -19.05, -63.47, -26.67, 80.23, 43.1, tool_torque, 2.243, -1.59, 0.273, joint_torque, 0.12, -12.08, -4.03, 8.85, -4.24, 0.21, 0.28, robot_mode, sine_overlay, 
08/06/2022 15:20:07:496, robot_pos, 1654697880998, 624.89, -86.96, 492.18, 2.49, 0.41, -2.61, circuit_pos, 625.57, -84.03, 478.79, 2.49, 0.4, -2.62, tool_force, -10.76, -8.03, -17.68, actual_rep, 1, curr_step, 42, track_size, 143, robot_vel, 32.48, joints_pos, 9.86, 37.25, -19.07, -64.09, -26.8, 80.0, 42.96, tool_torque, 2.222, -1.512, 0.268, joint_torque, 0.02, -11.9, -4.05, 8.96, -4.19, 0.13, 0.27, robot_mode, sine_overlay, 
08/06/2022 15:20:07:646, robot_pos, 1654697881146, 622.9, -87.76, 492.9, 2.49, 0.41, -2.61, circuit_pos, 625.57, -84.03, 478.79, 2.49, 0.4, -2.62, tool_force, -10.15, -8.11, -17.63, actual_rep, 1, curr_step, 42, track_size, 143, robot_vel, 16.68, joints_pos, 9.85, 36.88, -19.05, -64.56, -26.87, 79.77, 42.95, tool_torque, 2.252, -1.498, 0.238, joint_torque, 0.25, -11.6, -3.94, 8.8, -4.1, 0.16, 0.21, robot_mode, sine_overlay, 
08/06/2022 15:20:07:948, robot_pos, 1654697881444, 625.25, -84.03, 489.62, 2.5, 0.41, -2.61, circuit_pos, 625.57, -84.03, 478.79, 2.49, 0.4, -2.62, tool_force, -10.91, -9.19, -16.94, actual_rep, 1, curr_step, 42, track_size, 143, robot_vel, 24.33, joints_pos, 10.05, 37.26, -18.87, -64.4, -26.88, 79.59, 43.31, tool_torque, 2.079, -1.499, -0.024, joint_torque, -0.49, -12.43, -4.45, 8.94, -4.23, 0.15, -0.05, robot_mode, sine_overlay, 
08/06/2022 15:20:08:104, robot_pos, 1654697881594, 628.46, -81.38, 487.14, 2.5, 0.41, -2.61, circuit_pos, 625.57, -84.03, 478.79, 2.49, 0.4, -2.62, tool_force, -11.15, -9.43, -16.25, actual_rep, 1, curr_step, 42, track_size, 143, robot_vel, 30.68, joints_pos, 10.16, 37.85, -18.83, -63.83, -26.73, 79.75, 43.5, tool_torque, 2.095, -1.539, -0.055, joint_torque, -0.96, -12.18, -4.72, 8.88, -4.36, 0.08, -0.07, robot_mode, sine_overlay, 
08/06/2022 15:20:08:248, robot_pos, 1654697881742, 631.16, -79.82, 485.79, 2.5, 0.41, -2.61, circuit_pos, 625.57, -84.03, 478.79, 2.49, 0.4, -2.62, tool_force, -10.74, -9.88, -16.57, actual_rep, 1, curr_step, 42, track_size, 143, robot_vel, 19.05, joints_pos, 10.2, 38.33, -18.83, -63.25, -26.64, 80.01, 43.56, tool_torque, 2.025, -1.649, -0.069, joint_torque, -0.68, -12.71, -4.61, 8.93, -4.4, 0.06, -0.07, robot_mode, sine_overlay, 
08/06/2022 15:20:08:408, robot_pos, 1654697881895, 631.89, -80.14, 486.04, 2.49, 0.41, -2.61, circuit_pos, 625.57, -84.03, 478.79, 2.49, 0.4, -2.62, tool_force, -10.42, -9.61, -16.72, actual_rep, 1, curr_step, 42, track_size, 143, robot_vel, 5.94, joints_pos, 10.16, 38.48, -18.88, -62.98, -26.6, 80.21, 43.5, tool_torque, 2.077, -1.701, 0.065, joint_torque, -0.64, -12.36, -4.53, 8.79, -4.41, 0.05, 0.08, robot_mode, sine_overlay, 
08/06/2022 15:20:08:556, robot_pos, 1654697882043, 630.59, -82.23, 487.93, 2.49, 0.41, -2.61, circuit_pos, 625.57, -84.03, 478.79, 2.49, 0.4, -2.62, tool_force, -9.8, -8.77, -17.1, actual_rep, 1, curr_step, 42, track_size, 143, robot_vel, 24.06, joints_pos, 10.05, 38.25, -18.98, -63.09, -26.6, 80.29, 43.3, tool_torque, 2.156, -1.681, 0.229, joint_torque, -0.22, -12.24, -4.26, 8.85, -4.33, 0.11, 0.24, robot_mode, sine_overlay, 
08/06/2022 15:20:08:746, robot_pos, 1654697882197, 627.47, -85.08, 490.66, 2.49, 0.41, -2.61, circuit_pos, 625.57, -84.03, 478.79, 2.49, 0.4, -2.62, tool_force, -9.94, -8.39, -17.38, actual_rep, 1, curr_step, 42, track_size, 143, robot_vel, 35.78, joints_pos, 9.93, 37.69, -19.06, -63.59, -26.69, 80.21, 43.06, tool_torque, 2.211, -1.525, 0.265, joint_torque, 0.03, -12.18, -4.06, 8.87, -4.21, 0.2, 0.28, robot_mode, sine_overlay, 
08/06/2022 15:20:08:853, robot_pos, 1654697882342, 624.42, -87.27, 492.44, 2.49, 0.41, -2.61, circuit_pos, 625.57, -84.03, 478.79, 2.49, 0.4, -2.62, tool_force, -9.92, -8.1, -17.79, actual_rep, 1, curr_step, 42, track_size, 143, robot_vel, 29.05, joints_pos, 9.85, 37.15, -19.08, -64.2, -26.82, 79.96, 42.95, tool_torque, 2.213, -1.521, 0.268, joint_torque, 0.4, -12.19, -3.87, 9.11, -4.15, 0.13, 0.26, robot_mode, sine_overlay, 
08/06/2022 15:20:09:008, robot_pos, 1654697882492, 622.76, -87.71, 492.85, 2.49, 0.41, -2.61, circuit_pos, 625.57, -84.03, 478.79, 2.49, 0.4, -2.62, tool_force, -10.55, -8.01, -17.72, actual_rep, 1, curr_step, 42, track_size, 143, robot_vel, 8.29, joints_pos, 9.85, 36.85, -19.03, -64.61, -26.88, 79.73, 42.95, tool_torque, 2.199, -1.527, 0.217, joint_torque, 0.21, -11.89, -4.02, 9.03, -4.13, 0.07, 0.19, robot_mode, sine_overlay, 
08/06/2022 15:20:09:159, robot_pos, 1654697882640, 623.35, -86.38, 491.56, 2.49, 0.41, -2.61, circuit_pos, 625.57, -84.03, 478.79, 2.49, 0.4, -2.62, tool_force, -10.56, -8.66, -17.46, actual_rep, 1, curr_step, 42, track_size, 143, robot_vel, 16.98, joints_pos, 9.89, 36.93, -18.9, -64.64, -26.89, 79.6, 43.09, tool_torque, 2.191, -1.483, 0.077, joint_torque, 0.14, -12.03, -4.15, 8.89, -4.1, 0.17, 0.02, robot_mode, sine_overlay, 
08/06/2022 15:20:09:310, robot_pos, 1654697882789, 625.79, -83.56, 489.21, 2.5, 0.41, -2.61, circuit_pos, 625.57, -84.03, 478.79, 2.49, 0.4, -2.62, tool_force, -10.5, -8.95, -17.09, actual_rep, 1, curr_step, 42, track_size, 143, robot_vel, 33.45, joints_pos, 10.08, 37.37, -18.86, -64.3, -26.88, 79.61, 43.38, tool_torque, 2.125, -1.44, -0.027, joint_torque, -0.37, -12.01, -4.36, 8.7, -4.18, 0.2, -0.06, robot_mode, sine_overlay, 
08/06/2022 15:20:09:459, robot_pos, 1654697882938, 628.99, -81.01, 486.8, 2.5, 0.41, -2.61, circuit_pos, 625.57, -84.03, 478.79, 2.49, 0.4, -2.62, tool_force, -11.27, -9.29, -16.16, actual_rep, 1, curr_step, 42, track_size, 143, robot_vel, 33.28, joints_pos, 10.18, 37.94, -18.83, -63.72, -26.71, 79.79, 43.51, tool_torque, 2.033, -1.591, -0.06, joint_torque, -0.77, -12.07, -4.54, 8.73, -4.32, 0.02, -0.07, robot_mode, sine_overlay, 
08/06/2022 15:20:09:620, robot_pos, 1654697883088, 631.45, -79.7, 485.71, 2.49, 0.41, -2.61, circuit_pos, 625.57, -84.03, 478.79, 2.49, 0.4, -2.62, tool_force, -10.56, -9.79, -16.71, actual_rep, 1, curr_step, 42, track_size, 143, robot_vel, 20.79, joints_pos, 10.21, 38.39, -18.84, -63.16, -26.62, 80.07, 43.56, tool_torque, 2.017, -1.65, -0.044, joint_torque, -0.93, -12.46, -4.73, 8.65, -4.4, 0.11, -0.04, robot_mode, sine_overlay, 
08/06/2022 15:20:09:763, robot_pos, 1654697883235, 631.81, -80.37, 486.24, 2.49, 0.41, -2.61, circuit_pos, 625.57, -84.03, 478.79, 2.49, 0.4, -2.62, tool_force, -10.08, -9.82, -16.97, actual_rep, 1, curr_step, 42, track_size, 143, robot_vel, 7.89, joints_pos, 10.15, 38.46, -18.9, -62.98, -26.6, 80.22, 43.47, tool_torque, 2.043, -1.766, 0.1, joint_torque, -0.42, -12.35, -4.42, 8.72, -4.38, 0.06, 0.12, robot_mode, sine_overlay, 
08/06/2022 15:20:09:922, robot_pos, 1654697883389, 630.07, -82.77, 488.45, 2.49, 0.41, -2.61, circuit_pos, 625.57, -84.03, 478.79, 2.49, 0.4, -2.62, tool_force, -10.16, -8.88, -17.26, actual_rep, 1, curr_step, 42, track_size, 143, robot_vel, 24.62, joints_pos, 10.03, 38.16, -19.0, -63.16, -26.6, 80.29, 43.25, tool_torque, 2.178, -1.667, 0.246, joint_torque, -0.04, -12.15, -4.16, 8.85, -4.3, 0.11, 0.26, robot_mode, sine_overlay, 
08/06/2022 15:20:10:068, robot_pos, 1654697883539, 626.89, -85.53, 491.02, 2.49, 0.41, -2.61, circuit_pos, 625.57, -84.03, 478.79, 2.49, 0.4, -2.62, tool_force, -10.43, -7.74, -17.14, actual_rep, 1, curr_step, 42, track_size, 143, robot_vel, 33.69, joints_pos, 9.92, 37.59, -19.08, -63.7, -26.7, 80.17, 43.03, tool_torque, 2.166, -1.55, 0.264, joint_torque, 0.15, -12.12, -3.96, 9.03, -4.2, 0.1, 0.28, robot_mode, sine_overlay, 
08/06/2022 15:20:10:219, robot_pos, 1654697883688, 623.98, -87.49, 492.64, 2.49, 0.41, -2.61, circuit_pos, 625.57, -84.03, 478.79, 2.49, 0.4, -2.62, tool_force, -10.17, -7.94, -17.75, actual_rep, 1, curr_step, 42, track_size, 143, robot_vel, 24.66, joints_pos, 9.85, 37.08, -19.08, -64.29, -26.83, 79.91, 42.94, tool_torque, 2.208, -1.501, 0.259, joint_torque, 0.34, -11.99, -3.88, 9.06, -4.12, 0.11, 0.25, robot_mode, sine_overlay, 
08/06/2022 15:20:10:369, robot_pos, 1654697883836, 622.74, -87.61, 492.74, 2.49, 0.41, -2.61, circuit_pos, 625.57, -84.03, 478.79, 2.49, 0.4, -2.62, tool_force, -10.7, -8.07, -17.33, actual_rep, 1, curr_step, 42, track_size, 143, robot_vel, 6.8, joints_pos, 9.85, 36.84, -19.01, -64.63, -26.88, 79.69, 42.94, tool_torque, 2.231, -1.475, 0.205, joint_torque, -0.06, -11.8, -4.19, 8.86, -4.14, 0.16, 0.17, robot_mode, sine_overlay, 
08/06/2022 15:20:10:518, robot_pos, 1654697883983, 623.63, -85.88, 491.18, 2.49, 0.41, -2.61, circuit_pos, 625.57, -84.03, 478.79, 2.49, 0.4, -2.62, tool_force, -10.48, -9.29, -18.04, actual_rep, 1, curr_step, 42, track_size, 143, robot_vel, 18.69, joints_pos, 9.93, 36.98, -18.91, -64.61, -26.89, 79.6, 43.15, tool_torque, 2.117, -1.494, 0.033, joint_torque, -0.16, -12.17, -4.3, 8.96, -4.17, 0.13, -0.01, robot_mode, sine_overlay, 
08/06/2022 15:20:10:672, robot_pos, 1654697884133, 626.38, -82.95, 488.64, 2.5, 0.41, -2.61, circuit_pos, 625.57, -84.03, 478.79, 2.49, 0.4, -2.62, tool_force, -10.7, -9.25, -16.58, actual_rep, 1, curr_step, 42, track_size, 143, robot_vel, 34.03, joints_pos, 10.1, 37.47, -18.85, -64.21, -26.85, 79.65, 43.41, tool_torque, 2.118, -1.466, -0.028, joint_torque, -0.45, -11.81, -4.36, 8.74, -4.19, 0.08, -0.06, robot_mode, sine_overlay, 
08/06/2022 15:20:10:822, robot_pos, 1654697884281, 629.56, -80.69, 486.52, 2.5, 0.41, -2.61, circuit_pos, 625.57, -84.03, 478.79, 2.49, 0.4, -2.62, tool_force, -11.23, -9.94, -16.97, actual_rep, 1, curr_step, 42, track_size, 143, robot_vel, 29.14, joints_pos, 10.19, 38.03, -18.83, -63.61, -26.69, 79.83, 43.53, tool_torque, 1.997, -1.641, -0.059, joint_torque, -0.68, -12.36, -4.54, 8.77, -4.32, 0.06, -0.07, robot_mode, sine_overlay, 
08/06/2022 15:20:10:971, robot_pos, 1654697884432, 631.68, -79.65, 485.7, 2.49, 0.41, -2.61, circuit_pos, 625.57, -84.03, 478.79, 2.49, 0.4, -2.62, tool_force, -10.71, -9.99, -16.39, actual_rep, 1, curr_step, 42, track_size, 143, robot_vel, 14.95, joints_pos, 10.2, 38.43, -18.84, -63.1, -26.62, 80.1, 43.56, tool_torque, 2.049, -1.639, -0.029, joint_torque, -0.9, -12.52, -4.71, 8.75, -4.42, 0.09, -0.02, robot_mode, sine_overlay, 
08/06/2022 15:20:11:120, robot_pos, 1654697884579, 631.69, -80.7, 486.51, 2.49, 0.41, -2.61, circuit_pos, 625.57, -84.03, 478.79, 2.49, 0.4, -2.62, tool_force, -10.09, -9.32, -16.89, actual_rep, 1, curr_step, 42, track_size, 143, robot_vel, 11.04, joints_pos, 10.13, 38.44, -18.91, -62.98, -26.6, 80.24, 43.45, tool_torque, 2.145, -1.724, 0.138, joint_torque, -0.29, -12.07, -4.33, 8.63, -4.35, 0.11, 0.15, robot_mode, sine_overlay, 
08/06/2022 15:20:11:273, robot_pos, 1654697884729, 629.66, -83.16, 488.81, 2.49, 0.41, -2.61, circuit_pos, 625.57, -84.03, 478.79, 2.49, 0.4, -2.62, tool_force, -10.25, -8.11, -17.07, actual_rep, 1, curr_step, 42, track_size, 143, robot_vel, 28.02, joints_pos, 10.01, 38.09, -19.01, -63.22, -26.6, 80.29, 43.22, tool_torque, 2.233, -1.63, 0.249, joint_torque, -0.04, -11.94, -4.13, 8.83, -4.29, 0.12, 0.26, robot_mode, sine_overlay, 
08/06/2022 15:20:11:422, robot_pos, 1654697884876, 626.45, -85.89, 491.32, 2.49, 0.41, -2.61, circuit_pos, 625.57, -84.03, 478.79, 2.49, 0.4, -2.62, tool_force, -10.32, -8.09, -17.4, actual_rep, 1, curr_step, 42, track_size, 143, robot_vel, 32.21, joints_pos, 9.9, 37.51, -19.08, -63.79, -26.72, 80.12, 43.01, tool_torque, 2.228, -1.552, 0.27, joint_torque, 0.25, -11.82, -3.91, 8.85, -4.18, 0.17, 0.27, robot_mode, sine_overlay, 
08/06/2022 15:20:11:577, robot_pos, 1654697885027, 623.63, -87.62, 492.78, 2.49, 0.41, -2.61, circuit_pos, 625.57, -84.03, 478.79, 2.49, 0.4, -2.62, tool_force, -10.31, -7.97, -17.58, actual_rep, 1, curr_step, 42, track_size, 143, robot_vel, 22.31, joints_pos, 9.85, 37.01, -19.08, -64.37, -26.84, 79.88, 42.94, tool_torque, 2.235, -1.485, 0.255, joint_torque, 0.19, -11.69, -3.94, 8.84, -4.11, 0.14, 0.24, robot_mode, sine_overlay, 
08/06/2022 15:20:11:727, robot_pos, 1654697885176, 622.75, -87.5, 492.59, 2.49, 0.41, -2.61, circuit_pos, 625.57, -84.03, 478.79, 2.49, 0.4, -2.62, tool_force, -10.28, -8.59, -17.9, actual_rep, 1, curr_step, 42, track_size, 143, robot_vel, 5.27, joints_pos, 9.85, 36.84, -18.99, -64.65, -26.89, 79.68, 42.96, tool_torque, 2.227, -1.542, 0.196, joint_torque, 0.35, -12.16, -4.06, 9.04, -4.12, 0.15, 0.14, robot_mode, sine_overlay, 
08/06/2022 15:20:11:876, robot_pos, 1654697885327, 623.94, -85.45, 490.82, 2.49, 0.41, -2.61, circuit_pos, 625.57, -84.03, 478.79, 2.49, 0.4, -2.62, tool_force, -11.33, -8.75, -16.92, actual_rep, 1, curr_step, 42, track_size, 143, robot_vel, 24.17, joints_pos, 9.96, 37.04, -18.9, -64.58, -26.89, 79.59, 43.2, tool_torque, 2.168, -1.417, 0.014, joint_torque, -0.5, -11.65, -4.38, 8.67, -4.16, 0.11, -0.02, robot_mode, sine_overlay, 
08/06/2022 15:20:12:029, robot_pos, 1654697885475, 626.84, -82.51, 488.21, 2.5, 0.41, -2.61, circuit_pos, 625.57, -84.03, 478.79, 2.49, 0.4, -2.62, tool_force, -11.14, -9.34, -16.97, actual_rep, 1, curr_step, 42, track_size, 143, robot_vel, 34.96, joints_pos, 10.12, 37.56, -18.84, -64.13, -26.82, 79.67, 43.43, tool_torque, 1.999, -1.598, -0.038, joint_torque, -0.61, -12.41, -4.52, 8.85, -4.27, -0.02, -0.06, robot_mode, sine_overlay, 
08/06/2022 15:20:12:178, robot_pos, 1654697885625, 630.04, -80.4, 486.3, 2.5, 0.41, -2.61, circuit_pos, 625.57, -84.03, 478.79, 2.49, 0.4, -2.62, tool_force, -10.83, -10.1, -16.75, actual_rep, 1, curr_step, 42, track_size, 143, robot_vel, 26.53, joints_pos, 10.19, 38.12, -18.83, -63.5, -26.67, 79.88, 43.54, tool_torque, 2.052, -1.593, -0.058, joint_torque, -0.74, -12.4, -4.61, 8.7, -4.34, 0.14, -0.07, robot_mode, sine_overlay, 
08/06/2022 15:20:12:330, robot_pos, 1654697885773, 631.82, -79.7, 485.72, 2.49, 0.41, -2.61, circuit_pos, 625.57, -84.03, 478.79, 2.49, 0.4, -2.62, tool_force, -10.96, -9.3, -16.27, actual_rep, 1, curr_step, 42, track_size, 143, robot_vel, 9.79, joints_pos, 10.2, 38.46, -18.85, -63.05, -26.61, 80.13, 43.56, tool_torque, 2.076, -1.659, -0.0030, joint_torque, -0.7, -12.38, -4.59, 8.81, -4.4, 0.05, 0.0, robot_mode, sine_overlay, 
08/06/2022 15:20:12:479, robot_pos, 1654697885922, 631.52, -81.02, 486.82, 2.49, 0.41, -2.61, circuit_pos, 625.57, -84.03, 478.79, 2.49, 0.4, -2.62, tool_force, -10.14, -9.2, -16.91, actual_rep, 1, curr_step, 42, track_size, 143, robot_vel, 16.19, joints_pos, 10.11, 38.4, -18.93, -62.98, -26.6, 80.26, 43.42, tool_torque, 2.171, -1.687, 0.166, joint_torque, -0.35, -12.32, -4.41, 8.81, -4.38, 0.13, 0.18, robot_mode, sine_overlay, 
08/06/2022 15:20:12:629, robot_pos, 1654697886070, 629.16, -83.6, 489.24, 2.49, 0.41, -2.61, circuit_pos, 625.57, -84.03, 478.79, 2.49, 0.4, -2.62, tool_force, -10.2, -8.53, -17.36, actual_rep, 1, curr_step, 42, track_size, 143, robot_vel, 29.96, joints_pos, 9.99, 38.01, -19.03, -63.29, -26.62, 80.29, 43.18, tool_torque, 2.209, -1.678, 0.258, joint_torque, 0.07, -12.14, -4.13, 8.9, -4.31, 0.09, 0.27, robot_mode, sine_overlay, 
08/06/2022 15:20:12:782, robot_pos, 1654697886220, 625.92, -86.28, 491.65, 2.49, 0.41, -2.61, circuit_pos, 625.57, -84.03, 478.79, 2.49, 0.4, -2.62, tool_force, -9.96, -8.38, -17.9, actual_rep, 1, curr_step, 42, track_size, 143, robot_vel, 28.67, joints_pos, 9.88, 37.41, -19.08, -63.89, -26.74, 80.09, 42.99, tool_torque, 2.288, -1.521, 0.269, joint_torque, 0.28, -11.74, -3.91, 8.81, -4.17, 0.2, 0.27, robot_mode, sine_overlay, 
08/06/2022 15:20:12:930, robot_pos, 1654697886369, 623.33, -87.72, 492.86, 2.49, 0.41, -2.61, circuit_pos, 625.57, -84.03, 478.79, 2.49, 0.4, -2.62, tool_force, -10.49, -7.81, -17.5, actual_rep, 1, curr_step, 42, track_size, 143, robot_vel, 28.33, joints_pos, 9.85, 36.96, -19.07, -64.44, -26.85, 79.83, 42.94, tool_torque, 2.206, -1.519, 0.252, joint_torque, 0.21, -11.95, -3.96, 9.08, -4.15, 0.07, 0.24, robot_mode, sine_overlay, 
08/06/2022 15:20:13:087, robot_pos, 1654697886520, 622.79, -87.29, 492.45, 2.49, 0.41, -2.61, circuit_pos, 625.57, -84.03, 478.79, 2.49, 0.4, -2.62, tool_force, -10.39, -7.72, -17.74, actual_rep, 1, curr_step, 42, track_size, 143, robot_vel, 6.84, joints_pos, 9.85, 36.84, -18.97, -64.66, -26.89, 79.67, 43.01, tool_torque, 2.269, -1.498, 0.15, joint_torque, 0.36, -11.55, -3.95, 8.96, -4.08, 0.07, 0.1, robot_mode, sine_overlay, 
08/06/2022 15:20:13:233, robot_pos, 1654697886669, 624.34, -85.03, 490.41, 2.5, 0.41, -2.61, circuit_pos, 625.57, -84.03, 478.79, 2.49, 0.4, -2.62, tool_force, -11.15, -8.66, -17.44, actual_rep, 1, curr_step, 42, track_size, 143, robot_vel, 19.53, joints_pos, 9.99, 37.11, -18.89, -64.52, -26.89, 79.59, 43.23, tool_torque, 2.127, -1.516, 0.01, joint_torque, -0.09, -12.16, -4.26, 8.96, -4.18, 0.1, -0.03, robot_mode, sine_overlay, 
08/06/2022 15:20:13:389, robot_pos, 1654697886818, 627.41, -82.11, 487.82, 2.5, 0.41, -2.61, circuit_pos, 625.57, -84.03, 478.79, 2.49, 0.4, -2.62, tool_force, -11.16, -9.29, -16.4, actual_rep, 1, curr_step, 42, track_size, 143, robot_vel, 34.97, joints_pos, 10.14, 37.65, -18.84, -64.04, -26.79, 79.68, 43.47, tool_torque, 2.023, -1.604, -0.048, joint_torque, -0.73, -12.3, -4.64, 8.89, -4.34, 0.05, -0.07, robot_mode, sine_overlay, 
08/06/2022 15:20:13:534, robot_pos, 1654697886965, 630.41, -80.17, 486.1, 2.5, 0.41, -2.61, circuit_pos, 625.57, -84.03, 478.79, 2.49, 0.4, -2.62, tool_force, -10.8, -9.54, -16.56, actual_rep, 1, curr_step, 42, track_size, 143, robot_vel, 27.62, joints_pos, 10.2, 38.2, -18.83, -63.41, -26.66, 79.93, 43.54, tool_torque, 2.057, -1.611, -0.056, joint_torque, -0.64, -12.42, -4.55, 8.91, -4.36, 0.02, -0.07, robot_mode, sine_overlay, 
08/06/2022 15:20:13:687, robot_pos, 1654697887114, 631.93, -79.77, 485.78, 2.49, 0.41, -2.61, circuit_pos, 625.57, -84.03, 478.79, 2.49, 0.4, -2.62, tool_force, -10.46, -9.71, -16.56, actual_rep, 1, curr_step, 42, track_size, 143, robot_vel, 18.24, joints_pos, 10.19, 38.47, -18.86, -63.02, -26.6, 80.15, 43.56, tool_torque, 2.077, -1.669, 0.01, joint_torque, -0.62, -12.46, -4.55, 8.69, -4.39, 0.14, 0.02, robot_mode, sine_overlay, 
08/06/2022 15:20:13:841, robot_pos, 1654697887264, 631.26, -81.38, 487.2, 2.49, 0.41, -2.61, circuit_pos, 625.57, -84.03, 478.79, 2.49, 0.4, -2.62, tool_force, -10.45, -8.51, -16.34, actual_rep, 1, curr_step, 42, track_size, 143, robot_vel, 10.72, joints_pos, 10.09, 38.37, -18.94, -63.0, -26.6, 80.28, 43.37, tool_torque, 2.19, -1.658, 0.192, joint_torque, -0.42, -12.05, -4.38, 8.77, -4.36, 0.08, 0.21, robot_mode, sine_overlay, 
08/06/2022 15:20:13:985, robot_pos, 1654697887413, 628.68, -84.04, 489.69, 2.49, 0.41, -2.61, circuit_pos, 625.57, -84.03, 478.79, 2.49, 0.4, -2.62, tool_force, -10.06, -8.59, -17.35, actual_rep, 1, curr_step, 42, track_size, 143, robot_vel, 32.17, joints_pos, 9.97, 37.92, -19.04, -63.36, -26.64, 80.27, 43.13, tool_torque, 2.185, -1.695, 0.264, joint_torque, 0.0, -12.16, -4.15, 8.92, -4.31, 0.09, 0.27, robot_mode, sine_overlay, 
08/06/2022 15:20:14:139, robot_pos, 1654697887560, 625.35, -86.64, 491.95, 2.49, 0.41, -2.61, circuit_pos, 625.57, -84.03, 478.79, 2.49, 0.4, -2.62, tool_force, -10.73, -8.02, -17.8, actual_rep, 1, curr_step, 42, track_size, 143, robot_vel, 35.89, joints_pos, 9.87, 37.33, -19.08, -63.99, -26.76, 80.06, 42.97, tool_torque, 2.23, -1.533, 0.265, joint_torque, 0.08, -11.88, -4.03, 9.02, -4.22, 0.1, 0.27, robot_mode, sine_overlay, 
08/06/2022 15:20:14:288, robot_pos, 1654697887711, 623.13, -87.77, 492.9, 2.49, 0.41, -2.61, circuit_pos, 625.57, -84.03, 478.79, 2.49, 0.4, -2.62, tool_force, -10.17, -7.86, -17.49, actual_rep, 1, curr_step, 42, track_size, 143, robot_vel, 26.2, joints_pos, 9.85, 36.92, -19.07, -64.5, -26.85, 79.8, 42.94, tool_torque, 2.214, -1.512, 0.246, joint_torque, 0.23, -11.96, -3.97, 8.93, -4.13, 0.16, 0.23, robot_mode, sine_overlay, 
08/06/2022 15:20:14:439, robot_pos, 1654697887861, 622.91, -87.02, 492.24, 2.49, 0.41, -2.61, circuit_pos, 625.57, -84.03, 478.79, 2.49, 0.4, -2.62, tool_force, -11.34, -8.0, -17.09, actual_rep, 1, curr_step, 42, track_size, 143, robot_vel, 9.67, joints_pos, 9.87, 36.86, -18.96, -64.65, -26.89, 79.65, 43.03, tool_torque, 2.179, -1.437, 0.112, joint_torque, -0.22, -12.08, -4.33, 9.07, -4.17, 0.1, 0.07, robot_mode, sine_overlay, 
08/06/2022 15:20:14:588, robot_pos, 1654697888009, 624.73, -84.56, 490.07, 2.5, 0.41, -2.61, circuit_pos, 625.57, -84.03, 478.79, 2.49, 0.4, -2.62, tool_force, -10.73, -9.17, -17.51, actual_rep, 1, curr_step, 42, track_size, 143, robot_vel, 23.31, joints_pos, 10.02, 37.17, -18.89, -64.47, -26.88, 79.59, 43.27, tool_torque, 2.091, -1.529, -0.0070, joint_torque, -0.26, -12.43, -4.37, 9.05, -4.24, 0.1, -0.04, robot_mode, sine_overlay, 
08/06/2022 15:20:14:740, robot_pos, 1654697888158, 627.93, -81.73, 487.47, 2.5, 0.41, -2.61, circuit_pos, 625.57, -84.03, 478.79, 2.49, 0.4, -2.62, tool_force, -10.84, -9.58, -16.81, actual_rep, 1, curr_step, 42, track_size, 143, robot_vel, 33.28, joints_pos, 10.15, 37.74, -18.83, -63.94, -26.76, 79.7, 43.49, tool_torque, 2.067, -1.596, -0.052, joint_torque, -0.75, -12.6, -4.68, 9.0, -4.37, 0.11, -0.07, robot_mode, sine_overlay, 
08/06/2022 15:20:14:895, robot_pos, 1654697888308, 630.8, -79.97, 485.94, 2.5, 0.41, -2.61, circuit_pos, 625.57, -84.03, 478.79, 2.49, 0.4, -2.62, tool_force, -11.41, -9.43, -16.51, actual_rep, 1, curr_step, 42, track_size, 143, robot_vel, 30.91, joints_pos, 10.2, 38.27, -18.83, -63.32, -26.65, 79.97, 43.55, tool_torque, 2.04, -1.617, -0.065, joint_torque, -0.87, -12.23, -4.63, 8.6, -4.36, 0.1, -0.07, robot_mode, sine_overlay, 
08/06/2022 15:20:15:046, robot_pos, 1654697888459, 631.95, -79.92, 485.9, 2.49, 0.41, -2.61, circuit_pos, 625.57, -84.03, 478.79, 2.49, 0.4, -2.62, tool_force, -10.0, -9.86, -16.82, actual_rep, 1, curr_step, 42, track_size, 143, robot_vel, 13.84, joints_pos, 10.18, 38.48, -18.87, -62.99, -26.6, 80.19, 43.54, tool_torque, 2.082, -1.676, 0.033, joint_torque, -0.61, -12.33, -4.52, 8.62, -4.38, 0.14, 0.04, robot_mode, sine_overlay, 
08/06/2022 15:20:15:201, robot_pos, 1654697888610, 630.93, -81.84, 487.57, 2.49, 0.41, -2.61, circuit_pos, 625.57, -84.03, 478.79, 2.49, 0.4, -2.62, tool_force, -10.12, -8.59, -16.77, actual_rep, 1, curr_step, 42, track_size, 143, robot_vel, 14.3, joints_pos, 10.07, 38.31, -18.96, -63.04, -26.6, 80.29, 43.34, tool_torque, 2.149, -1.709, 0.217, joint_torque, -0.08, -12.29, -4.25, 8.85, -4.34, 0.08, 0.23, robot_mode, sine_overlay, 
08/06/2022 15:20:15:351, robot_pos, 1654697888758, 628.1, -84.6, 490.25, 2.49, 0.41, -2.61, circuit_pos, 625.57, -84.03, 478.79, 2.49, 0.4, -2.62, tool_force, -9.99, -8.89, -17.88, actual_rep, 1, curr_step, 42, track_size, 143, robot_vel, 33.75, joints_pos, 9.95, 37.8, -19.06, -63.48, -26.67, 80.23, 43.1, tool_torque, 2.223, -1.589, 0.267, joint_torque, 0.12, -12.23, -4.07, 8.84, -4.24, 0.22, 0.27, robot_mode, sine_overlay, 
08/06/2022 15:20:15:499, robot_pos, 1654697888908, 624.89, -86.98, 492.2, 2.49, 0.41, -2.61, circuit_pos, 625.57, -84.03, 478.79, 2.49, 0.4, -2.62, tool_force, -10.79, -7.89, -17.51, actual_rep, 1, curr_step, 42, track_size, 143, robot_vel, 32.87, joints_pos, 9.86, 37.24, -19.08, -64.09, -26.79, 80.01, 42.96, tool_torque, 2.244, -1.501, 0.263, joint_torque, 0.02, -11.76, -4.03, 8.89, -4.18, 0.13, 0.26, robot_mode, sine_overlay, 
08/06/2022 15:20:15:650, robot_pos, 1654697889056, 622.9, -87.77, 492.9, 2.49, 0.41, -2.61, circuit_pos, 625.57, -84.03, 478.79, 2.49, 0.4, -2.62, tool_force, -10.16, -7.84, -17.38, actual_rep, 1, curr_step, 42, track_size, 143, robot_vel, 20.06, joints_pos, 9.85, 36.88, -19.05, -64.56, -26.87, 79.76, 42.94, tool_torque, 2.264, -1.488, 0.234, joint_torque, 0.24, -11.69, -3.97, 8.9, -4.14, 0.12, 0.2, robot_mode, sine_overlay, 
08/06/2022 15:20:15:800, robot_pos, 1654697889205, 623.1, -86.75, 491.95, 2.49, 0.41, -2.61, circuit_pos, 625.57, -84.03, 478.79, 2.49, 0.4, -2.62, tool_force, -10.84, -9.05, -17.57, actual_rep, 1, curr_step, 42, track_size, 143, robot_vel, 6.96, joints_pos, 9.88, 36.89, -18.93, -64.65, -26.89, 79.62, 43.05, tool_torque, 2.15, -1.462, 0.091, joint_torque, -0.11, -11.92, -4.23, 8.9, -4.11, 0.13, 0.04, robot_mode, sine_overlay, 
08/06/2022 15:20:15:949, robot_pos, 1654697889355, 625.32, -84.0, 489.59, 2.5, 0.41, -2.61, circuit_pos, 625.57, -84.03, 478.79, 2.49, 0.4, -2.62, tool_force, -10.84, -9.37, -17.1, actual_rep, 1, curr_step, 42, track_size, 143, robot_vel, 29.25, joints_pos, 10.05, 37.28, -18.87, -64.38, -26.88, 79.59, 43.32, tool_torque, 2.057, -1.528, -0.019, joint_torque, -0.42, -12.42, -4.4, 8.95, -4.22, 0.12, -0.05, robot_mode, sine_overlay, 
08/06/2022 15:20:16:106, robot_pos, 1654697889505, 628.5, -81.33, 487.11, 2.5, 0.41, -2.61, circuit_pos, 625.57, -84.03, 478.79, 2.49, 0.4, -2.62, tool_force, -11.03, -9.49, -16.26, actual_rep, 1, curr_step, 42, track_size, 143, robot_vel, 39.85, joints_pos, 10.16, 37.85, -18.83, -63.82, -26.74, 79.75, 43.5, tool_torque, 2.086, -1.552, -0.054, joint_torque, -0.85, -12.2, -4.65, 8.78, -4.35, 0.1, -0.07, robot_mode, sine_overlay, 
08/06/2022 15:20:16:253, robot_pos, 1654697889655, 631.21, -79.79, 485.78, 2.5, 0.41, -2.61, circuit_pos, 625.57, -84.03, 478.79, 2.49, 0.4, -2.62, tool_force, -10.68, -10.05, -16.64, actual_rep, 1, curr_step, 42, track_size, 143, robot_vel, 18.29, joints_pos, 10.2, 38.33, -18.83, -63.23, -26.64, 80.02, 43.56, tool_torque, 2.015, -1.652, -0.058, joint_torque, -0.65, -12.71, -4.6, 8.88, -4.39, 0.07, -0.06, robot_mode, sine_overlay, 
08/06/2022 15:20:16:412, robot_pos, 1654697889808, 631.88, -80.17, 486.08, 2.49, 0.41, -2.61, circuit_pos, 625.57, -84.03, 478.79, 2.49, 0.4, -2.62, tool_force, -10.49, -9.37, -16.5, actual_rep, 1, curr_step, 42, track_size, 143, robot_vel, 9.39, joints_pos, 10.16, 38.48, -18.89, -62.98, -26.6, 80.22, 43.49, tool_torque, 2.069, -1.715, 0.078, joint_torque, -0.61, -12.64, -4.54, 8.92, -4.42, 0.05, 0.1, robot_mode, sine_overlay, 
08/06/2022 15:20:16:565, robot_pos, 1654697889953, 630.54, -82.29, 487.98, 2.49, 0.41, -2.61, circuit_pos, 625.57, -84.03, 478.79, 2.49, 0.4, -2.62, tool_force, -9.94, -8.53, -17.02, actual_rep, 1, curr_step, 42, track_size, 143, robot_vel, 26.02, joints_pos, 10.05, 38.24, -18.98, -63.09, -26.6, 80.29, 43.29, tool_torque, 2.161, -1.681, 0.234, joint_torque, -0.21, -12.32, -4.29, 8.85, -4.33, 0.12, 0.25, robot_mode, sine_overlay, 
08/06/2022 15:20:16:711, robot_pos, 1654697890105, 627.49, -85.08, 490.65, 2.49, 0.41, -2.61, circuit_pos, 625.57, -84.03, 478.79, 2.49, 0.4, -2.62, tool_force, -9.93, -8.35, -17.5, actual_rep, 1, curr_step, 42, track_size, 143, robot_vel, 31.97, joints_pos, 9.93, 37.7, -19.07, -63.58, -26.69, 80.21, 43.06, tool_torque, 2.229, -1.521, 0.263, joint_torque, 0.12, -12.21, -4.01, 8.96, -4.21, 0.19, 0.27, robot_mode, sine_overlay, 
08/06/2022 15:20:16:860, robot_pos, 1654697890252, 624.42, -87.28, 492.43, 2.49, 0.41, -2.61, circuit_pos, 625.57, -84.03, 478.79, 2.49, 0.4, -2.62, tool_force, -10.0, -8.14, -17.76, actual_rep, 1, curr_step, 42, track_size, 143, robot_vel, 30.58, joints_pos, 9.85, 37.15, -19.08, -64.2, -26.82, 79.96, 42.94, tool_torque, 2.214, -1.52, 0.264, joint_torque, 0.37, -12.18, -3.9, 9.12, -4.15, 0.13, 0.26, robot_mode, sine_overlay, 
08/06/2022 15:20:17:010, robot_pos, 1654697890401, 622.76, -87.71, 492.85, 2.49, 0.41, -2.61, circuit_pos, 625.57, -84.03, 478.79, 2.49, 0.4, -2.62, tool_force, -10.6, -7.85, -17.5, actual_rep, 1, curr_step, 42, track_size, 143, robot_vel, 18.5, joints_pos, 9.85, 36.85, -19.03, -64.61, -26.88, 79.73, 42.94, tool_torque, 2.212, -1.52, 0.212, joint_torque, 0.18, -11.82, -4.03, 9.0, -4.13, 0.07, 0.18, robot_mode, sine_overlay, 
08/06/2022 15:20:17:167, robot_pos, 1654697890557, 623.42, -86.27, 491.44, 2.49, 0.41, -2.61, circuit_pos, 625.57, -84.03, 478.79, 2.49, 0.4, -2.62, tool_force, -10.35, -8.46, -17.43, actual_rep, 1, curr_step, 42, track_size, 143, robot_vel, 19.23, joints_pos, 9.9, 36.94, -18.9, -64.64, -26.89, 79.6, 43.11, tool_torque, 2.2, -1.495, 0.062, joint_torque, 0.2, -12.18, -4.13, 8.99, -4.13, 0.16, 0.01, robot_mode, sine_overlay, 
08/06/2022 15:20:17:319, robot_pos, 1654697890705, 625.97, -83.39, 489.0, 2.5, 0.41, -2.61, circuit_pos, 625.57, -84.03, 478.79, 2.49, 0.4, -2.62, tool_force, -10.7, -9.27, -16.99, actual_rep, 1, curr_step, 42, track_size, 143, robot_vel, 27.97, joints_pos, 10.08, 37.39, -18.85, -64.28, -26.87, 79.62, 43.39, tool_torque, 2.099, -1.451, -0.032, joint_torque, -0.48, -12.23, -4.42, 8.75, -4.19, 0.19, -0.06, robot_mode, sine_overlay, 
08/06/2022 15:20:17:471, robot_pos, 1654697890857, 629.18, -80.92, 486.69, 2.5, 0.41, -2.61, circuit_pos, 625.57, -84.03, 478.79, 2.49, 0.4, -2.62, tool_force, -11.33, -9.39, -16.31, actual_rep, 1, curr_step, 42, track_size, 143, robot_vel, 27.73, joints_pos, 10.17, 37.97, -18.83, -63.68, -26.71, 79.81, 43.52, tool_torque, 1.972, -1.66, -0.059, joint_torque, -0.64, -12.7, -4.56, 9.11, -4.37, -0.06, -0.07, robot_mode, sine_overlay, 
08/06/2022 15:20:17:620, robot_pos, 1654697891006, 631.55, -79.66, 485.71, 2.49, 0.41, -2.61, circuit_pos, 625.57, -84.03, 478.79, 2.49, 0.4, -2.62, tool_force, -10.55, -10.15, -16.84, actual_rep, 1, curr_step, 42, track_size, 143, robot_vel, 24.31, joints_pos, 10.2, 38.4, -18.83, -63.14, -26.62, 80.07, 43.56, tool_torque, 2.026, -1.656, -0.045, joint_torque, -0.83, -12.55, -4.69, 8.63, -4.39, 0.12, -0.04, robot_mode, sine_overlay, 
08/06/2022 15:20:17:768, robot_pos, 1654697891154, 631.8, -80.47, 486.33, 2.49, 0.41, -2.61, circuit_pos, 625.57, -84.03, 478.79, 2.49, 0.4, -2.62, tool_force, -10.1, -9.5, -16.66, actual_rep, 1, curr_step, 42, track_size, 143, robot_vel, 10.63, joints_pos, 10.14, 38.46, -18.9, -62.97, -26.6, 80.23, 43.47, tool_torque, 2.092, -1.744, 0.119, joint_torque, -0.31, -12.33, -4.35, 8.73, -4.36, 0.08, 0.13, robot_mode, sine_overlay, 
08/06/2022 15:20:17:978, robot_pos, 1654697891318, 629.72, -83.1, 488.77, 2.49, 0.41, -2.61, circuit_pos, 625.57, -84.03, 478.79, 2.49, 0.4, -2.62, tool_force, -10.11, -8.29, -17.11, actual_rep, 1, curr_step, 42, track_size, 143, robot_vel, 20.49, joints_pos, 10.01, 38.1, -19.01, -63.2, -26.61, 80.29, 43.22, tool_torque, 2.239, -1.621, 0.247, joint_torque, 0.01, -11.97, -4.11, 8.83, -4.29, 0.11, 0.26, robot_mode, sine_overlay, 
08/06/2022 15:20:18:070, robot_pos, 1654697891452, 626.84, -85.56, 491.07, 2.49, 0.41, -2.61, circuit_pos, 625.57, -84.03, 478.79, 2.49, 0.4, -2.62, tool_force, -10.35, -7.58, -17.04, actual_rep, 1, curr_step, 42, track_size, 143, robot_vel, 34.7, joints_pos, 9.92, 37.6, -19.07, -63.7, -26.71, 80.17, 43.02, tool_torque, 2.158, -1.539, 0.257, joint_torque, 0.03, -12.02, -4.0, 8.97, -4.21, 0.1, 0.27, robot_mode, sine_overlay, 
08/06/2022 15:20:18:224, robot_pos, 1654697891602, 623.94, -87.51, 492.67, 2.49, 0.41, -2.61, circuit_pos, 625.57, -84.03, 478.79, 2.49, 0.4, -2.62, tool_force, -10.19, -8.3, -18.04, actual_rep, 1, curr_step, 42, track_size, 143, robot_vel, 29.02, joints_pos, 9.84, 37.07, -19.08, -64.3, -26.84, 79.9, 42.94, tool_torque, 2.187, -1.52, 0.254, joint_torque, 0.29, -11.93, -3.91, 8.95, -4.12, 0.14, 0.24, robot_mode, sine_overlay, 
08/06/2022 15:20:18:373, robot_pos, 1654697891752, 622.74, -87.6, 492.72, 2.49, 0.41, -2.61, circuit_pos, 625.57, -84.03, 478.79, 2.49, 0.4, -2.62, tool_force, -10.74, -7.96, -17.18, actual_rep, 1, curr_step, 42, track_size, 143, robot_vel, 12.25, joints_pos, 9.85, 36.84, -19.01, -64.64, -26.88, 79.69, 42.94, tool_torque, 2.238, -1.464, 0.199, joint_torque, -0.06, -11.84, -4.2, 8.91, -4.15, 0.15, 0.17, robot_mode, sine_overlay, 
08/06/2022 15:20:18:554, robot_pos, 1654697891901, 623.67, -85.8, 491.11, 2.49, 0.41, -2.61, circuit_pos, 625.57, -84.03, 478.79, 2.49, 0.4, -2.62, tool_force, -10.56, -9.17, -17.84, actual_rep, 1, curr_step, 42, track_size, 143, robot_vel, 15.09, joints_pos, 9.94, 36.99, -18.91, -64.61, -26.89, 79.6, 43.16, tool_torque, 2.122, -1.479, 0.027, joint_torque, -0.28, -12.26, -4.36, 9.0, -4.2, 0.13, -0.01, robot_mode, sine_overlay, 
08/06/2022 15:20:18:677, robot_pos, 1654697892051, 626.46, -82.89, 488.56, 2.5, 0.41, -2.61, circuit_pos, 625.57, -84.03, 478.79, 2.49, 0.4, -2.62, tool_force, -10.95, -8.95, -16.42, actual_rep, 1, curr_step, 42, track_size, 143, robot_vel, 30.18, joints_pos, 10.11, 37.48, -18.85, -64.2, -26.85, 79.65, 43.41, tool_torque, 2.091, -1.468, -0.033, joint_torque, -0.51, -11.98, -4.38, 8.78, -4.2, 0.05, -0.06, robot_mode, sine_overlay, 
08/06/2022 15:20:18:824, robot_pos, 1654697892199, 629.64, -80.65, 486.49, 2.5, 0.41, -2.61, circuit_pos, 625.57, -84.03, 478.79, 2.49, 0.4, -2.62, tool_force, -11.06, -9.62, -16.6, actual_rep, 1, curr_step, 42, track_size, 143, robot_vel, 38.32, joints_pos, 10.18, 38.05, -18.83, -63.59, -26.69, 79.83, 43.53, tool_torque, 2.004, -1.626, -0.061, joint_torque, -0.72, -12.32, -4.57, 8.69, -4.33, 0.09, -0.07, robot_mode, sine_overlay, 
08/06/2022 15:20:18:975, robot_pos, 1654697892352, 631.71, -79.65, 485.7, 2.49, 0.41, -2.61, circuit_pos, 625.57, -84.03, 478.79, 2.49, 0.4, -2.62, tool_force, -10.87, -10.13, -16.6, actual_rep, 1, curr_step, 42, track_size, 143, robot_vel, 21.49, joints_pos, 10.2, 38.43, -18.84, -63.09, -26.62, 80.11, 43.56, tool_torque, 2.055, -1.635, -0.022, joint_torque, -0.96, -12.38, -4.72, 8.67, -4.4, 0.08, -0.01, robot_mode, sine_overlay, 
08/06/2022 15:20:19:168, robot_pos, 1654697892498, 631.67, -80.75, 486.56, 2.49, 0.41, -2.61, circuit_pos, 625.57, -84.03, 478.79, 2.49, 0.4, -2.62, tool_force, -10.0, -9.21, -16.81, actual_rep, 1, curr_step, 42, track_size, 143, robot_vel, 7.12, joints_pos, 10.13, 38.44, -18.91, -62.98, -26.6, 80.24, 43.45, tool_torque, 2.15, -1.716, 0.143, joint_torque, -0.27, -12.22, -4.34, 8.71, -4.36, 0.11, 0.15, robot_mode, sine_overlay, 
08/06/2022 15:20:19:276, robot_pos, 1654697892648, 629.58, -83.24, 488.87, 2.49, 0.41, -2.61, circuit_pos, 625.57, -84.03, 478.79, 2.49, 0.4, -2.62, tool_force, -10.3, -8.34, -17.22, actual_rep, 1, curr_step, 42, track_size, 143, robot_vel, 25.93, joints_pos, 10.01, 38.07, -19.01, -63.23, -26.61, 80.29, 43.21, tool_torque, 2.233, -1.65, 0.251, joint_torque, 0.05, -12.12, -4.13, 8.87, -4.31, 0.13, 0.26, robot_mode, sine_overlay, 
08/06/2022 15:20:19:431, robot_pos, 1654697892796, 626.35, -85.97, 491.39, 2.49, 0.41, -2.61, circuit_pos, 625.57, -84.03, 478.79, 2.49, 0.4, -2.62, tool_force, -10.21, -7.86, -17.39, actual_rep, 1, curr_step, 42, track_size, 143, robot_vel, 37.02, joints_pos, 9.89, 37.49, -19.08, -63.81, -26.72, 80.11, 43.0, tool_torque, 2.218, -1.539, 0.261, joint_torque, 0.19, -12.0, -3.96, 8.86, -4.2, 0.21, 0.27, robot_mode, sine_overlay, 
08/06/2022 15:20:19:615, robot_pos, 1654697892947, 623.6, -87.63, 492.79, 2.49, 0.41, -2.61, circuit_pos, 625.57, -84.03, 478.79, 2.49, 0.4, -2.62, tool_force, -10.29, -8.1, -17.57, actual_rep, 1, curr_step, 42, track_size, 143, robot_vel, 23.22, joints_pos, 9.84, 37.01, -19.07, -64.37, -26.84, 79.87, 42.94, tool_torque, 2.214, -1.488, 0.249, joint_torque, 0.13, -11.77, -3.98, 8.86, -4.13, 0.14, 0.24, robot_mode, sine_overlay, 
08/06/2022 15:20:19:730, robot_pos, 1654697893094, 622.75, -87.45, 492.59, 2.49, 0.41, -2.61, circuit_pos, 625.57, -84.03, 478.79, 2.49, 0.4, -2.62, tool_force, -10.32, -8.55, -17.78, actual_rep, 1, curr_step, 42, track_size, 143, robot_vel, 7.92, joints_pos, 9.86, 36.84, -19.0, -64.65, -26.89, 79.68, 42.97, tool_torque, 2.204, -1.498, 0.175, joint_torque, 0.16, -12.18, -4.1, 9.04, -4.14, 0.16, 0.14, robot_mode, sine_overlay, 
08/06/2022 15:20:19:879, robot_pos, 1654697893245, 623.94, -85.39, 490.78, 2.5, 0.41, -2.61, circuit_pos, 625.57, -84.03, 478.79, 2.49, 0.4, -2.62, tool_force, -11.49, -8.56, -16.74, actual_rep, 1, curr_step, 42, track_size, 143, robot_vel, 16.42, joints_pos, 9.98, 37.04, -18.92, -64.58, -26.88, 79.59, 43.2, tool_torque, 2.144, -1.415, 0.0060, joint_torque, -0.45, -11.63, -4.33, 8.79, -4.17, 0.1, -0.02, robot_mode, sine_overlay, 
08/06/2022 15:20:20:034, robot_pos, 1654697893392, 626.87, -82.53, 488.17, 2.5, 0.41, -2.61, circuit_pos, 625.57, -84.03, 478.79, 2.49, 0.4, -2.62, tool_force, -11.02, -9.12, -16.59, actual_rep, 1, curr_step, 42, track_size, 143, robot_vel, 34.05, joints_pos, 10.12, 37.59, -18.83, -64.09, -26.81, 79.67, 43.45, tool_torque, 2.03, -1.591, -0.043, joint_torque, -0.67, -11.99, -4.5, 8.8, -4.28, -0.02, -0.06, robot_mode, sine_overlay, 
08/06/2022 15:20:20:194, robot_pos, 1654697893558, 630.29, -80.26, 486.17, 2.5, 0.41, -2.61, circuit_pos, 625.57, -84.03, 478.79, 2.49, 0.4, -2.62, tool_force, -10.58, -9.84, -16.66, actual_rep, 1, curr_step, 42, track_size, 143, robot_vel, 25.02, joints_pos, 10.19, 38.16, -18.82, -63.44, -26.67, 79.91, 43.55, tool_torque, 2.051, -1.623, -0.058, joint_torque, -0.64, -12.24, -4.53, 8.7, -4.33, 0.09, -0.07, robot_mode, sine_overlay, 
08/06/2022 15:20:20:343, robot_pos, 1654697893708, 631.9, -79.75, 485.76, 2.49, 0.41, -2.61, circuit_pos, 625.57, -84.03, 478.79, 2.49, 0.4, -2.62, tool_force, -10.64, -9.53, -16.53, actual_rep, 1, curr_step, 42, track_size, 143, robot_vel, 17.18, joints_pos, 10.19, 38.47, -18.85, -63.03, -26.61, 80.14, 43.56, tool_torque, 2.068, -1.676, 0.0050, joint_torque, -0.59, -12.37, -4.52, 8.72, -4.38, 0.12, 0.01, robot_mode, sine_overlay, 
08/06/2022 15:20:20:575, robot_pos, 1654697893860, 631.32, -81.32, 487.12, 2.49, 0.41, -2.61, circuit_pos, 625.57, -84.03, 478.79, 2.49, 0.4, -2.62, tool_force, -10.34, -8.63, -16.49, actual_rep, 1, curr_step, 42, track_size, 143, robot_vel, 18.34, joints_pos, 10.09, 38.37, -18.93, -63.0, -26.6, 80.28, 43.39, tool_torque, 2.214, -1.655, 0.189, joint_torque, -0.31, -11.82, -4.29, 8.63, -4.35, 0.09, 0.2, robot_mode, sine_overlay, 
08/06/2022 15:20:20:681, robot_pos, 1654697894011, 628.76, -83.95, 489.59, 2.49, 0.41, -2.61, circuit_pos, 625.57, -84.03, 478.79, 2.49, 0.4, -2.62, tool_force, -10.29, -8.44, -17.57, actual_rep, 1, curr_step, 42, track_size, 143, robot_vel, 31.33, joints_pos, 9.97, 37.94, -19.03, -63.35, -26.63, 80.27, 43.14, tool_torque, 2.192, -1.693, 0.263, joint_torque, 0.04, -11.98, -4.1, 8.84, -4.29, 0.07, 0.27, robot_mode, sine_overlay, 
08/06/2022 15:20:20:806, robot_pos, 1654697894167, 625.39, -86.62, 491.93, 2.49, 0.41, -2.61, circuit_pos, 625.57, -84.03, 478.79, 2.49, 0.4, -2.62, tool_force, -10.46, -7.75, -17.72, actual_rep, 1, curr_step, 42, track_size, 143, robot_vel, 28.34, joints_pos, 9.87, 37.34, -19.07, -63.98, -26.76, 80.05, 42.97, tool_torque, 2.242, -1.516, 0.261, joint_torque, 0.08, -11.73, -3.99, 8.87, -4.18, 0.11, 0.26, robot_mode, sine_overlay, 
08/06/2022 15:20:20:963, robot_pos, 1654697894317, 623.11, -87.77, 492.9, 2.49, 0.41, -2.61, circuit_pos, 625.57, -84.03, 478.79, 2.49, 0.4, -2.62, tool_force, -10.08, -7.91, -17.62, actual_rep, 1, curr_step, 42, track_size, 143, robot_vel, 17.11, joints_pos, 9.84, 36.92, -19.06, -64.5, -26.86, 79.8, 42.94, tool_torque, 2.214, -1.515, 0.243, joint_torque, 0.29, -11.86, -3.97, 8.91, -4.14, 0.16, 0.23, robot_mode, sine_overlay, 
08/06/2022 15:20:21:261, robot_pos, 1654697894620, 624.81, -84.46, 489.99, 2.5, 0.41, -2.61, circuit_pos, 625.57, -84.03, 478.79, 2.49, 0.4, -2.62, tool_force, -10.88, -9.23, -17.42, actual_rep, 1, curr_step, 42, track_size, 143, robot_vel, 19.4, joints_pos, 10.03, 37.19, -18.89, -64.46, -26.88, 79.59, 43.28, tool_torque, 2.081, -1.519, -0.011, joint_torque, -0.35, -12.23, -4.37, 8.9, -4.22, 0.11, -0.04, robot_mode, sine_overlay, 
08/06/2022 15:20:21:413, robot_pos, 1654697894771, 628.06, -81.68, 487.4, 2.5, 0.41, -2.61, circuit_pos, 625.57, -84.03, 478.79, 2.49, 0.4, -2.62, tool_force, -10.88, -9.46, -16.59, actual_rep, 1, curr_step, 42, track_size, 143, robot_vel, 33.94, joints_pos, 10.14, 37.76, -18.82, -63.92, -26.76, 79.71, 43.49, tool_torque, 2.056, -1.589, -0.05, joint_torque, -0.68, -12.67, -4.65, 8.92, -4.37, 0.11, -0.07, robot_mode, sine_overlay, 
08/06/2022 15:20:21:563, robot_pos, 1654697894920, 630.89, -79.93, 485.91, 2.5, 0.41, -2.61, circuit_pos, 625.57, -84.03, 478.79, 2.49, 0.4, -2.62, tool_force, -11.06, -9.73, -16.31, actual_rep, 1, curr_step, 42, track_size, 143, robot_vel, 23.24, joints_pos, 10.2, 38.28, -18.82, -63.3, -26.65, 79.98, 43.56, tool_torque, 2.055, -1.602, -0.064, joint_torque, -0.88, -12.18, -4.63, 8.64, -4.36, 0.08, -0.07, robot_mode, sine_overlay, 
08/06/2022 15:20:21:713, robot_pos, 1654697895069, 631.94, -79.94, 485.91, 2.49, 0.41, -2.61, circuit_pos, 625.57, -84.03, 478.79, 2.49, 0.4, -2.62, tool_force, -10.13, -10.0, -16.66, actual_rep, 1, curr_step, 42, track_size, 143, robot_vel, 5.77, joints_pos, 10.17, 38.48, -18.86, -63.0, -26.61, 80.19, 43.54, tool_torque, 2.074, -1.673, 0.031, joint_torque, -0.68, -12.33, -4.55, 8.62, -4.39, 0.13, 0.05, robot_mode, sine_overlay, 
08/06/2022 15:20:21:868, robot_pos, 1654697895220, 630.91, -81.84, 487.56, 2.49, 0.41, -2.61, circuit_pos, 625.57, -84.03, 478.79, 2.49, 0.4, -2.62, tool_force, -10.07, -8.93, -17.02, actual_rep, 1, curr_step, 42, track_size, 143, robot_vel, 21.02, joints_pos, 10.06, 38.3, -18.96, -63.05, -26.61, 80.29, 43.34, tool_torque, 2.149, -1.707, 0.217, joint_torque, -0.2, -12.28, -4.29, 8.86, -4.33, 0.08, 0.23, robot_mode, sine_overlay, 
