08/06/2022 15:45:57: File Created!
08/06/2022 15:45:57:267, robot_pos, 1654699431173, 599.98, -167.31, 328.89, 2.36, 0.03, 3.09, circuit_pos, 599.59, -167.21, 324.59, 2.36, 0.03, 3.09, tool_force, -1.3, 1.78, -21.75, actual_rep, 1, curr_step, 1, track_size, 143, robot_vel, 39.16, joints_pos, -6.36, 41.92, -15.27, -76.8, 13.89, 60.1, 20.43, tool_torque, 0.04, -0.096, 0.01, joint_torque, 0.29, -13.43, -1.43, 8.05, 0.17, -0.29, -0.04, robot_mode, normal, 
08/06/2022 15:45:57:309, robot_pos, 1654699431307, 600.04, -167.84, 329.86, 2.36, 0.03, 3.09, circuit_pos, 599.59, -167.21, 324.59, 2.36, 0.03, 3.09, tool_force, -1.41, -4.69, -28.02, actual_rep, 1, curr_step, 1, track_size, 143, robot_vel, 39.16, joints_pos, -6.39, 41.84, -15.31, -76.76, 13.89, 60.11, 20.43, tool_torque, 0.419, -0.916, 0.187, joint_torque, -2.24, -13.25, -3.77, 7.25, -0.67, -0.53, 0.11, robot_mode, normal, 
08/06/2022 15:45:57:508, robot_pos, 1654699431490, 599.67, -168.09, 328.41, 2.36, 0.03, 3.09, circuit_pos, 600.19, -167.61, 326.23, 2.37, 0.04, 3.1, tool_force, -5.5, 0.18, -18.46, actual_rep, 1, curr_step, 3, track_size, 143, robot_vel, 32.44, joints_pos, -6.35, 41.93, -15.37, -76.88, 13.85, 59.88, 20.37, tool_torque, 0.109, -0.276, 0.14, joint_torque, -2.42, -11.02, -3.23, 7.12, -0.47, -0.74, 0.14, robot_mode, normal, 
08/06/2022 15:45:57:636, robot_pos, 1654699431661, 601.2, -168.37, 331.71, 2.37, 0.04, 3.1, circuit_pos, 601.99, -167.58, 335.63, 2.38, 0.05, 3.11, tool_force, -5.5, -1.21, -12.64, actual_rep, 1, curr_step, 6, track_size, 143, robot_vel, 37.91, joints_pos, -6.17, 41.86, -15.45, -76.43, 12.95, 60.23, 20.48, tool_torque, 0.035, -0.268, -0.209, joint_torque, -2.4, -7.31, -2.62, 5.51, -0.64, -0.93, -0.18, robot_mode, normal, 
08/06/2022 15:45:57:989, robot_pos, 1654699432020, 603.64, -167.62, 343.65, 2.38, 0.06, 3.14, circuit_pos, 606.45, -163.34, 359.53, 2.4, 0.08, -3.09, tool_force, -5.68, -1.17, -8.55, actual_rep, 1, curr_step, 12, track_size, 143, robot_vel, 38.13, joints_pos, -5.63, 41.35, -15.48, -75.38, 10.02, 61.48, 21.72, tool_torque, -0.089, -0.733, -0.765, joint_torque, -1.01, -5.72, -1.52, 4.78, -0.85, -1.28, -0.74, robot_mode, normal, 
08/06/2022 15:45:58:149, robot_pos, 1654699432173, 604.5, -166.42, 349.63, 2.39, 0.07, -3.13, circuit_pos, 607.17, -161.73, 364.27, 2.4, 0.09, -3.07, tool_force, -4.6, -2.23, -8.71, actual_rep, 1, curr_step, 13, track_size, 143, robot_vel, 47.08, joints_pos, -5.28, 41.08, -15.49, -74.92, 8.5, 62.21, 22.6, tool_torque, -0.033, -0.392, -0.603, joint_torque, -2.2, -5.74, -2.26, 4.31, -0.98, -0.88, -0.54, robot_mode, normal, 
08/06/2022 15:45:58:368, robot_pos, 1654699432323, 605.38, -164.99, 355.46, 2.39, 0.08, -3.11, circuit_pos, 607.17, -161.73, 364.27, 2.4, 0.09, -3.07, tool_force, -4.6, -2.65, -8.52, actual_rep, 1, curr_step, 13, track_size, 143, robot_vel, 44.98, joints_pos, -4.9, 40.8, -15.5, -74.48, 6.94, 62.87, 23.51, tool_torque, -0.092, -0.583, -0.402, joint_torque, -2.07, -6.01, -2.13, 4.24, -0.85, -0.93, -0.35, robot_mode, normal, 
08/06/2022 15:45:58:490, robot_pos, 1654699432505, 606.47, -163.63, 362.39, 2.4, 0.09, -3.08, circuit_pos, 608.07, -159.76, 369.0, 2.4, 0.09, -3.05, tool_force, -5.0, -3.75, -7.33, actual_rep, 1, curr_step, 14, track_size, 143, robot_vel, 39.98, joints_pos, -4.47, 40.53, -15.5, -73.87, 4.98, 63.78, 24.61, tool_torque, 0.373, -0.756, -0.303, joint_torque, -2.79, -4.99, -3.0, 3.66, -1.4, -0.88, -0.26, robot_mode, normal, 
08/06/2022 15:45:58:669, robot_pos, 1654699432656, 607.7, -161.76, 368.0, 2.4, 0.09, -3.06, circuit_pos, 609.05, -157.6, 373.96, 2.4, 0.1, -3.03, tool_force, -5.21, -3.6, -6.09, actual_rep, 1, curr_step, 15, track_size, 143, robot_vel, 41.5, joints_pos, -4.07, 40.43, -15.5, -73.21, 3.45, 64.86, 25.61, tool_torque, 0.52, -0.845, -0.189, joint_torque, -2.83, -4.35, -3.11, 3.37, -1.51, -0.89, -0.16, robot_mode, normal, 
08/06/2022 15:45:58:812, robot_pos, 1654699432671, 607.84, -161.54, 368.56, 2.4, 0.09, -3.05, circuit_pos, 609.05, -157.6, 373.96, 2.4, 0.1, -3.03, tool_force, -5.04, -3.99, -5.67, actual_rep, 1, curr_step, 15, track_size, 143, robot_vel, 41.5, joints_pos, -4.02, 40.42, -15.5, -73.14, 3.26, 64.97, 25.73, tool_torque, 0.433, -0.811, -0.199, joint_torque, -3.43, -4.56, -3.46, 3.47, -1.58, -0.96, -0.15, robot_mode, normal, 
08/06/2022 15:45:59:064, robot_pos, 1654699432807, 608.99, -159.25, 373.93, 2.4, 0.1, -3.03, circuit_pos, 610.7, -153.31, 382.76, 2.4, 0.11, -3.0, tool_force, -5.18, -3.38, -5.36, actual_rep, 1, curr_step, 17, track_size, 143, robot_vel, 41.81, joints_pos, -3.57, 40.23, -15.5, -72.67, 1.81, 65.68, 26.78, tool_torque, 0.577, -0.802, -0.14, joint_torque, -2.87, -4.41, -3.17, 3.48, -1.58, -0.79, -0.1, robot_mode, normal, 
08/06/2022 15:45:59:535, robot_pos, 1654699433295, 612.58, -150.08, 392.67, 2.39, 0.13, -2.97, circuit_pos, 613.81, -145.58, 397.5, 2.39, 0.14, -2.95, tool_force, -5.04, -3.61, -5.37, actual_rep, 1, curr_step, 20, track_size, 143, robot_vel, 40.92, joints_pos, -2.02, 39.7, -15.52, -70.89, -2.76, 68.71, 30.62, tool_torque, 0.513, -0.734, -0.13, joint_torque, -2.66, -3.9, -2.79, 2.99, -1.48, -0.7, -0.1, robot_mode, normal, 
08/06/2022 15:45:59:592, robot_pos, 1654699433443, 613.96, -146.78, 398.44, 2.4, 0.14, -2.95, circuit_pos, 614.75, -143.33, 402.14, 2.4, 0.15, -2.94, tool_force, -5.13, -2.42, -4.52, actual_rep, 1, curr_step, 21, track_size, 143, robot_vel, 55.42, joints_pos, -1.49, 39.54, -15.51, -70.38, -4.18, 69.44, 31.55, tool_torque, 0.684, -0.707, -0.084, joint_torque, -2.03, -3.75, -2.48, 3.2, -1.5, -0.67, -0.07, robot_mode, normal, 
08/06/2022 15:45:59:769, robot_pos, 1654699433594, 615.08, -143.97, 404.27, 2.4, 0.16, -2.94, circuit_pos, 616.77, -138.75, 411.48, 2.4, 0.18, -2.91, tool_force, -5.06, -3.08, -4.66, actual_rep, 1, curr_step, 23, track_size, 143, robot_vel, 42.5, joints_pos, -1.07, 39.31, -15.5, -69.94, -5.28, 70.03, 32.2, tool_torque, 0.629, -0.757, -0.097, joint_torque, -1.95, -3.95, -2.44, 3.22, -1.53, -0.66, -0.08, robot_mode, normal, 
08/06/2022 15:45:59:897, robot_pos, 1654699433749, 616.31, -141.24, 409.73, 2.4, 0.18, -2.91, circuit_pos, 617.52, -136.77, 415.79, 2.4, 0.19, -2.9, tool_force, -5.3, -3.13, -5.22, actual_rep, 1, curr_step, 24, track_size, 143, robot_vel, 43.59, joints_pos, -0.5, 39.1, -15.5, -69.61, -7.05, 70.39, 33.36, tool_torque, 0.53, -0.564, -0.141, joint_torque, -1.95, -3.67, -2.15, 2.89, -1.36, -0.43, -0.12, robot_mode, normal, 
08/06/2022 15:46:00:099, robot_pos, 1654699433907, 617.19, -138.36, 415.98, 2.41, 0.19, -2.9, circuit_pos, 618.41, -130.96, 427.83, 2.41, 0.23, -2.86, tool_force, -4.93, -3.09, -5.07, actual_rep, 1, curr_step, 27, track_size, 143, robot_vel, 43.23, joints_pos, 0.01, 38.81, -15.53, -69.27, -8.4, 70.83, 34.17, tool_torque, 0.669, -0.65, -0.155, joint_torque, -1.78, -4.03, -2.3, 3.13, -1.59, -0.43, -0.13, robot_mode, normal, 
08/06/2022 15:46:00:340, robot_pos, 1654699434062, 617.78, -135.08, 422.04, 2.41, 0.21, -2.87, circuit_pos, 619.74, -125.04, 439.88, 2.43, 0.27, -2.81, tool_force, -4.29, -2.12, -5.78, actual_rep, 1, curr_step, 30, track_size, 143, robot_vel, 44.45, joints_pos, 0.68, 38.51, -15.55, -69.05, -10.45, 71.24, 35.36, tool_torque, 0.697, -0.751, -0.158, joint_torque, -1.33, -4.23, -2.07, 3.27, -1.57, -0.46, -0.14, robot_mode, normal, 
08/06/2022 15:46:00:601, robot_pos, 1654699434607, 620.08, -124.58, 442.99, 2.44, 0.29, -2.79, circuit_pos, 620.63, -120.19, 449.21, 2.45, 0.3, -2.77, tool_force, -3.82, -2.73, -5.63, actual_rep, 1, curr_step, 32, track_size, 143, robot_vel, 42.51, joints_pos, 2.74, 37.63, -15.55, -68.1, -16.91, 72.83, 38.4, tool_torque, 0.646, -0.51, -0.188, joint_torque, -0.56, -3.76, -1.39, 3.01, -1.4, -0.29, -0.17, robot_mode, normal, 
08/06/2022 15:46:00:729, robot_pos, 1654699434760, 620.4, -121.44, 449.03, 2.45, 0.3, -2.77, circuit_pos, 620.73, -117.54, 453.61, 2.45, 0.31, -2.75, tool_force, -4.64, -1.7, -5.36, actual_rep, 1, curr_step, 33, track_size, 143, robot_vel, 40.92, joints_pos, 3.28, 37.43, -15.55, -67.74, -18.54, 73.57, 39.07, tool_torque, 0.587, -0.533, -0.174, joint_torque, -0.6, -4.02, -1.42, 3.19, -1.39, -0.28, -0.15, robot_mode, normal, 
08/06/2022 15:46:00:910, robot_pos, 1654699434909, 620.91, -117.71, 454.7, 2.46, 0.31, -2.75, circuit_pos, 620.98, -108.42, 463.87, 2.46, 0.34, -2.71, tool_force, -4.2, -2.11, -5.34, actual_rep, 1, curr_step, 36, track_size, 143, robot_vel, 46.97, joints_pos, 3.82, 37.28, -15.52, -67.34, -19.94, 74.39, 39.66, tool_torque, 0.782, -0.555, -0.14, joint_torque, -0.43, -3.94, -1.53, 3.17, -1.49, -0.21, -0.15, robot_mode, normal, 
08/06/2022 15:46:00:997, robot_pos, 1654699435057, 621.27, -112.33, 460.43, 2.46, 0.33, -2.72, circuit_pos, 622.07, -100.74, 468.58, 2.47, 0.36, -2.68, tool_force, -4.54, -1.24, -5.4, actual_rep, 1, curr_step, 38, track_size, 143, robot_vel, 50.97, joints_pos, 4.61, 37.13, -15.49, -67.03, -21.88, 75.26, 40.75, tool_torque, 0.718, -0.564, -0.165, joint_torque, -0.24, -3.75, -1.36, 3.15, -1.45, -0.23, -0.17, robot_mode, normal, 
08/06/2022 15:46:01:233, robot_pos, 1654699435228, 621.99, -105.57, 465.14, 2.47, 0.35, -2.69, circuit_pos, 624.75, -88.59, 475.5, 2.49, 0.39, -2.64, tool_force, -4.3, -1.44, -5.04, actual_rep, 1, curr_step, 41, track_size, 143, robot_vel, 47.48, joints_pos, 5.53, 37.05, -15.51, -66.76, -23.73, 76.04, 41.92, tool_torque, 0.557, -0.536, -0.195, joint_torque, 0.06, -3.44, -0.9, 2.86, -1.29, -0.22, -0.17, robot_mode, normal, 
08/06/2022 15:46:01:320, robot_pos, 1654699435378, 622.99, -99.84, 469.09, 2.48, 0.37, -2.67, circuit_pos, 625.57, -84.03, 478.79, 2.49, 0.4, -2.62, tool_force, -3.94, -2.06, -5.35, actual_rep, 1, curr_step, 42, track_size, 143, robot_vel, 43.73, joints_pos, 6.24, 37.07, -15.49, -66.39, -25.11, 76.82, 42.76, tool_torque, 0.626, -0.581, -0.186, joint_torque, 0.46, -3.57, -0.81, 2.94, -1.3, -0.19, -0.19, robot_mode, normal, 
08/06/2022 15:46:01:519, robot_pos, 1654699435549, 624.24, -93.13, 473.6, 2.48, 0.38, -2.65, circuit_pos, 625.57, -84.03, 478.79, 2.49, 0.4, -2.62, tool_force, -3.77, -0.96, -5.18, actual_rep, 1, curr_step, 42, track_size, 143, robot_vel, 50.6, joints_pos, 7.06, 37.17, -15.47, -65.87, -26.68, 77.86, 43.75, tool_torque, 0.655, -0.586, -0.183, joint_torque, 0.41, -3.31, -0.85, 2.75, -1.31, -0.16, -0.19, robot_mode, normal, 
08/06/2022 15:46:01:630, robot_pos, 1654699435700, 625.2, -87.3, 477.53, 2.49, 0.4, -2.63, circuit_pos, 626.15, -80.01, 481.82, 2.5, 0.41, -2.6, tool_force, -3.6, -1.24, -5.07, actual_rep, 1, curr_step, 43, track_size, 143, robot_vel, 49.83, joints_pos, 7.77, 37.25, -15.46, -65.42, -27.99, 78.76, 44.49, tool_torque, 0.662, -0.581, -0.193, joint_torque, 0.68, -3.18, -0.64, 2.8, -1.3, -0.18, -0.2, robot_mode, normal, 
08/06/2022 15:46:02:210, robot_pos, 1654699436197, 627.87, -68.0, 489.42, 2.51, 0.44, -2.55, circuit_pos, 628.49, -61.56, 491.32, 2.52, 0.45, -2.53, tool_force, -3.43, -0.59, -4.5, actual_rep, 1, curr_step, 47, track_size, 143, robot_vel, 44.74, joints_pos, 10.06, 37.68, -15.44, -63.92, -32.32, 81.91, 46.84, tool_torque, 0.604, -0.563, -0.204, joint_torque, 0.77, -2.61, -0.47, 2.44, -1.29, -0.16, -0.2, robot_mode, normal, 
08/06/2022 15:46:02:378, robot_pos, 1654699436346, 628.54, -62.03, 491.35, 2.52, 0.45, -2.53, circuit_pos, 629.42, -51.93, 493.4, 2.52, 0.46, -2.5, tool_force, -3.83, -0.09, -4.36, actual_rep, 1, curr_step, 49, track_size, 143, robot_vel, 43.78, joints_pos, 10.71, 37.93, -15.39, -63.51, -33.55, 82.99, 47.46, tool_torque, 0.645, -0.573, -0.192, joint_torque, 0.86, -2.2, -0.43, 2.38, -1.21, -0.28, -0.21, robot_mode, normal, 
08/06/2022 15:46:02:480, robot_pos, 1654699436499, 629.42, -56.38, 493.04, 2.52, 0.46, -2.51, circuit_pos, 630.73, -40.19, 498.69, 2.53, 0.47, -2.46, tool_force, -4.35, -0.3, -4.42, actual_rep, 1, curr_step, 52, track_size, 143, robot_vel, 39.01, joints_pos, 11.26, 38.25, -15.39, -62.95, -34.24, 84.05, 47.96, tool_torque, 0.68, -0.589, -0.187, joint_torque, 0.99, -2.33, -0.39, 2.44, -1.26, -0.2, -0.19, robot_mode, normal, 
08/06/2022 15:46:02:678, robot_pos, 1654699436647, 630.16, -50.47, 495.58, 2.53, 0.46, -2.49, circuit_pos, 633.49, -29.29, 506.13, 2.55, 0.5, -2.41, tool_force, -4.1, 0.4, -3.87, actual_rep, 1, curr_step, 55, track_size, 143, robot_vel, 44.4, joints_pos, 11.89, 38.52, -15.39, -62.38, -35.24, 85.19, 48.44, tool_torque, 0.563, -0.48, -0.198, joint_torque, 1.19, -1.51, -0.02, 2.1, -1.03, -0.31, -0.2, robot_mode, normal, 
08/06/2022 15:46:02:781, robot_pos, 1654699436798, 631.25, -44.65, 498.43, 2.53, 0.47, -2.47, circuit_pos, 635.6, -22.16, 509.46, 2.57, 0.51, -2.38, tool_force, -3.47, 0.89, -3.44, actual_rep, 1, curr_step, 57, track_size, 143, robot_vel, 49.52, joints_pos, 12.48, 38.82, -15.39, -61.77, -36.3, 86.22, 48.84, tool_torque, 0.589, -0.578, -0.196, joint_torque, 0.94, -1.46, -0.22, 2.11, -1.16, -0.39, -0.2, robot_mode, normal, 
08/06/2022 15:46:02:987, robot_pos, 1654699436947, 632.63, -38.88, 501.26, 2.55, 0.48, -2.44, circuit_pos, 639.1, -10.6, 514.23, 2.59, 0.53, -2.33, tool_force, -3.87, 0.91, -3.46, actual_rep, 1, curr_step, 60, track_size, 143, robot_vel, 38.95, joints_pos, 13.09, 39.18, -15.39, -61.1, -37.47, 87.23, 49.15, tool_torque, 0.574, -0.58, -0.195, joint_torque, 0.88, -1.51, -0.25, 2.05, -1.14, -0.37, -0.19, robot_mode, normal, 
08/06/2022 15:46:03:088, robot_pos, 1654699437097, 634.03, -33.06, 503.86, 2.55, 0.5, -2.42, circuit_pos, 641.24, -2.44, 516.4, 2.61, 0.55, -2.29, tool_force, -4.11, 0.91, -3.23, actual_rep, 1, curr_step, 62, track_size, 143, robot_vel, 43.69, joints_pos, 13.67, 39.56, -15.39, -60.4, -38.63, 88.27, 49.47, tool_torque, 0.52, -0.561, -0.205, joint_torque, 0.81, -1.12, -0.19, 1.76, -1.09, -0.38, -0.2, robot_mode, normal, 
08/06/2022 15:46:03:266, robot_pos, 1654699437247, 635.54, -27.28, 506.05, 2.57, 0.51, -2.39, circuit_pos, 645.17, 8.9, 516.09, 2.64, 0.56, -2.25, tool_force, -3.9, 0.14, -3.49, actual_rep, 1, curr_step, 65, track_size, 143, robot_vel, 43.95, joints_pos, 14.25, 39.98, -15.39, -59.73, -39.78, 89.23, 49.75, tool_torque, 0.544, -0.612, -0.223, joint_torque, 0.91, -1.39, -0.16, 1.81, -1.14, -0.37, -0.22, robot_mode, normal, 
08/06/2022 15:46:03:420, robot_pos, 1654699437397, 637.11, -21.47, 507.65, 2.58, 0.52, -2.37, circuit_pos, 647.54, 16.19, 515.65, 2.65, 0.57, -2.23, tool_force, -3.96, 0.99, -3.01, actual_rep, 1, curr_step, 67, track_size, 143, robot_vel, 41.56, joints_pos, 14.81, 40.45, -15.39, -59.07, -40.87, 90.15, 49.99, tool_torque, 0.63, -0.567, -0.216, joint_torque, 0.63, -1.34, -0.37, 1.86, -1.23, -0.32, -0.21, robot_mode, normal, 
08/06/2022 15:46:03:567, robot_pos, 1654699437546, 638.84, -15.78, 508.92, 2.59, 0.53, -2.35, circuit_pos, 651.83, 25.43, 517.24, 2.67, 0.59, -2.2, tool_force, -4.73, -0.58, -3.57, actual_rep, 1, curr_step, 70, track_size, 143, robot_vel, 40.81, joints_pos, 15.33, 40.91, -15.4, -58.4, -41.86, 90.98, 50.22, tool_torque, 0.636, -0.722, -0.207, joint_torque, 0.79, -1.31, -0.48, 1.83, -1.38, -0.32, -0.21, robot_mode, impedance, 
08/06/2022 15:46:03:718, robot_pos, 1654699437695, 641.44, -10.55, 511.47, 2.6, 0.54, -2.32, circuit_pos, 654.62, 31.97, 518.58, 2.7, 0.6, -2.19, tool_force, -3.88, 0.56, -3.34, actual_rep, 1, curr_step, 72, track_size, 143, robot_vel, 43.1, joints_pos, 15.83, 41.49, -15.41, -57.47, -43.18, 91.81, 50.24, tool_torque, 0.702, -0.597, -0.199, joint_torque, 1.0, -1.21, -0.27, 1.7, -1.27, -0.17, -0.18, robot_mode, impedance, 
08/06/2022 15:46:03:873, robot_pos, 1654699437844, 644.19, -5.28, 513.17, 2.62, 0.55, -2.3, circuit_pos, 658.01, 42.87, 519.2, 2.73, 0.62, -2.17, tool_force, -3.42, -0.19, -2.66, actual_rep, 1, curr_step, 75, track_size, 143, robot_vel, 41.7, joints_pos, 16.23, 42.06, -15.41, -56.54, -44.07, 92.51, 50.24, tool_torque, 0.73, -0.546, -0.123, joint_torque, 0.32, -0.71, -0.57, 1.29, -1.27, -0.09, -0.11, robot_mode, impedance, 
08/06/2022 15:46:04:022, robot_pos, 1654699437998, 646.76, 0.47, 514.44, 2.63, 0.56, -2.29, circuit_pos, 659.55, 48.96, 519.73, 2.75, 0.63, -2.14, tool_force, -3.73, -0.31, -3.31, actual_rep, 1, curr_step, 77, track_size, 143, robot_vel, 43.03, joints_pos, 16.7, 42.61, -15.4, -55.71, -44.96, 93.09, 50.24, tool_torque, 0.795, -0.639, -0.133, joint_torque, 0.78, -1.3, -0.51, 1.61, -1.39, -0.08, -0.13, robot_mode, impedance, 
08/06/2022 15:46:04:174, robot_pos, 1654699438145, 648.81, 6.03, 515.49, 2.65, 0.57, -2.27, circuit_pos, 660.0, 56.14, 520.23, 2.79, 0.64, -2.08, tool_force, -3.92, -0.1, -2.81, actual_rep, 1, curr_step, 80, track_size, 143, robot_vel, 40.24, joints_pos, 17.17, 43.08, -15.4, -55.05, -45.88, 93.6, 50.25, tool_torque, 0.846, -0.592, -0.202, joint_torque, 0.48, -1.17, -0.66, 1.41, -1.35, -0.02, -0.2, robot_mode, impedance, 
08/06/2022 15:46:04:323, robot_pos, 1654699438296, 650.5, 11.72, 516.54, 2.66, 0.58, -2.24, circuit_pos, 659.68, 61.64, 519.72, 2.82, 0.64, -2.04, tool_force, -3.93, -0.27, -2.68, actual_rep, 1, curr_step, 82, track_size, 143, robot_vel, 40.06, joints_pos, 17.68, 43.53, -15.41, -54.46, -46.97, 94.14, 50.29, tool_torque, 0.837, -0.589, -0.221, joint_torque, 0.2, -1.05, -0.78, 1.28, -1.4, 0.0, -0.21, robot_mode, impedance, 
08/06/2022 15:46:04:474, robot_pos, 1654699438445, 651.26, 18.22, 516.15, 2.67, 0.58, -2.22, circuit_pos, 659.42, 73.57, 517.48, 2.86, 0.65, -1.98, tool_force, -6.97, -1.76, -2.6, actual_rep, 1, curr_step, 85, track_size, 143, robot_vel, 42.8, joints_pos, 18.25, 43.95, -15.36, -54.12, -47.85, 94.78, 50.62, tool_torque, 1.177, -0.888, -0.211, joint_torque, -0.97, -1.49, -1.9, 1.95, -2.2, -0.16, -0.2, robot_mode, normal, 
08/06/2022 15:46:04:613, robot_pos, 1654699438596, 651.22, 24.37, 515.49, 2.7, 0.59, -2.2, circuit_pos, 659.1, 82.11, 514.6, 2.89, 0.65, -1.95, tool_force, -7.65, -1.06, -3.26, actual_rep, 1, curr_step, 87, track_size, 143, robot_vel, 40.95, joints_pos, 18.92, 44.13, -15.4, -54.26, -49.07, 94.97, 50.9, tool_torque, 0.747, -1.178, -0.23, joint_torque, 0.63, -2.49, -1.03, 2.95, -2.16, -0.76, -0.23, robot_mode, normal, 
08/06/2022 15:46:04:808, robot_pos, 1654699438748, 652.17, 30.07, 515.87, 2.72, 0.6, -2.17, circuit_pos, 658.08, 93.47, 511.58, 2.92, 0.65, -1.9, tool_force, -13.76, 1.18, -3.39, actual_rep, 1, curr_step, 90, track_size, 143, robot_vel, 39.12, joints_pos, 19.47, 44.45, -15.4, -54.03, -50.24, 95.25, 50.97, tool_torque, 0.681, -1.93, -0.25, joint_torque, -0.45, -3.11, -1.85, 4.55, -3.26, -1.96, -0.22, robot_mode, normal, 
08/06/2022 15:46:04:908, robot_pos, 1654699438900, 654.27, 35.91, 515.32, 2.74, 0.61, -2.15, circuit_pos, 657.74, 99.82, 510.37, 2.93, 0.65, -1.88, tool_force, -18.23, 6.85, -2.57, actual_rep, 1, curr_step, 92, track_size, 143, robot_vel, 41.36, joints_pos, 19.96, 45.0, -15.38, -53.53, -51.36, 95.53, 50.97, tool_torque, -0.369, -3.048, -0.275, joint_torque, 0.84, -1.33, -0.6, 5.49, -3.3, -4.47, -0.28, robot_mode, normal, 
08/06/2022 15:46:05:108, robot_pos, 1654699439047, 655.96, 41.59, 514.56, 2.76, 0.62, -2.13, circuit_pos, 656.95, 109.87, 509.86, 2.95, 0.66, -1.85, tool_force, -20.95, 11.83, -1.39, actual_rep, 1, curr_step, 95, track_size, 143, robot_vel, 42.49, joints_pos, 20.41, 45.53, -15.36, -53.04, -52.28, 95.95, 50.97, tool_torque, -1.035, -3.481, -0.378, joint_torque, 1.4, 0.58, 0.35, 5.54, -3.07, -5.83, -0.38, robot_mode, normal, 
08/06/2022 15:46:05:214, robot_pos, 1654699439199, 657.23, 47.4, 513.91, 2.78, 0.62, -2.1, circuit_pos, 656.21, 115.6, 509.16, 2.95, 0.66, -1.84, tool_force, -23.14, 15.58, -1.23, actual_rep, 1, curr_step, 97, track_size, 143, robot_vel, 38.65, joints_pos, 20.95, 46.08, -15.36, -52.54, -53.37, 96.52, 50.96, tool_torque, -1.511, -3.813, -0.496, joint_torque, 1.72, 1.77, 0.89, 5.61, -2.97, -6.86, -0.5, robot_mode, normal, 
08/06/2022 15:46:05:414, robot_pos, 1654699439348, 657.39, 53.08, 513.76, 2.79, 0.63, -2.08, circuit_pos, 655.22, 123.87, 509.4, 2.95, 0.66, -1.84, tool_force, -20.92, 11.34, -0.52, actual_rep, 1, curr_step, 100, track_size, 143, robot_vel, 37.57, joints_pos, 21.36, 46.43, -15.36, -52.23, -54.08, 97.18, 51.01, tool_torque, -0.871, -3.354, -0.488, joint_torque, 0.43, 0.41, -0.3, 4.92, -3.16, -5.35, -0.48, robot_mode, normal, 
08/06/2022 15:46:05:513, robot_pos, 1654699439500, 655.69, 58.88, 514.73, 2.8, 0.63, -2.06, circuit_pos, 655.16, 128.94, 509.13, 2.95, 0.66, -1.83, tool_force, -14.22, -2.13, -2.01, actual_rep, 1, curr_step, 102, track_size, 143, robot_vel, 38.59, joints_pos, 21.92, 46.61, -15.37, -52.12, -54.98, 98.24, 51.12, tool_torque, 1.064, -2.357, -0.2, joint_torque, -0.96, -4.54, -3.01, 4.41, -3.97, -1.44, -0.19, robot_mode, normal, 
08/06/2022 15:46:05:700, robot_pos, 1654699439648, 654.38, 64.7, 514.58, 2.81, 0.63, -2.04, circuit_pos, 655.58, 135.88, 507.0, 2.97, 0.66, -1.8, tool_force, -11.26, -5.38, -2.69, actual_rep, 1, curr_step, 105, track_size, 143, robot_vel, 42.76, joints_pos, 22.48, 46.78, -15.38, -52.13, -55.73, 98.92, 51.29, tool_torque, 1.792, -1.746, -0.124, joint_torque, -1.28, -5.49, -3.61, 3.95, -3.99, -0.03, -0.11, robot_mode, normal, 
08/06/2022 15:46:05:821, robot_pos, 1654699439798, 653.87, 70.44, 514.36, 2.82, 0.64, -2.02, circuit_pos, 655.78, 138.59, 506.18, 2.98, 0.66, -1.79, tool_force, -10.2, -7.66, -2.27, actual_rep, 1, curr_step, 107, track_size, 143, robot_vel, 39.97, joints_pos, 22.99, 47.06, -15.4, -51.97, -56.5, 99.51, 51.37, tool_torque, 2.033, -1.671, -0.06, joint_torque, -1.85, -6.27, -4.14, 3.79, -4.14, 0.5, -0.05, robot_mode, normal, 
08/06/2022 15:46:05:986, robot_pos, 1654699439948, 653.83, 76.19, 513.88, 2.84, 0.64, -2.0, circuit_pos, 656.39, 141.31, 506.04, 2.98, 0.67, -1.77, tool_force, -9.39, -7.94, -2.5, actual_rep, 1, curr_step, 110, track_size, 143, robot_vel, 37.41, joints_pos, 23.47, 47.44, -15.4, -51.66, -57.28, 100.13, 51.42, tool_torque, 2.107, -1.591, -0.044, joint_torque, -1.53, -6.17, -4.05, 3.5, -4.05, 0.75, -0.03, robot_mode, normal, 
08/06/2022 15:46:06:138, robot_pos, 1654699440100, 653.93, 81.99, 513.38, 2.85, 0.64, -1.98, circuit_pos, 656.41, 141.21, 506.25, 2.98, 0.67, -1.77, tool_force, -8.96, -7.86, -2.26, actual_rep, 1, curr_step, 112, track_size, 143, robot_vel, 40.24, joints_pos, 23.92, 47.87, -15.4, -51.29, -58.05, 100.79, 51.45, tool_torque, 2.15, -1.45, -0.021, joint_torque, -1.46, -6.26, -4.0, 3.42, -3.94, 0.94, -0.01, robot_mode, normal, 
08/06/2022 15:46:06:291, robot_pos, 1654699440249, 654.16, 87.86, 512.84, 2.86, 0.65, -1.96, circuit_pos, 656.3, 140.68, 507.61, 2.98, 0.67, -1.78, tool_force, -8.21, -7.8, -1.39, actual_rep, 1, curr_step, 115, track_size, 143, robot_vel, 41.92, joints_pos, 24.38, 48.32, -15.4, -50.87, -58.81, 101.43, 51.45, tool_torque, 2.039, -1.445, 0.015, joint_torque, -1.72, -6.06, -4.01, 3.24, -3.84, 0.86, 0.03, robot_mode, normal, 
08/06/2022 15:46:06:442, robot_pos, 1654699440399, 654.36, 93.58, 512.42, 2.88, 0.65, -1.94, circuit_pos, 656.34, 140.78, 507.35, 2.98, 0.67, -1.77, tool_force, -7.95, -7.34, -1.54, actual_rep, 1, curr_step, 118, track_size, 143, robot_vel, 36.39, joints_pos, 24.81, 48.74, -15.4, -50.47, -59.57, 102.02, 51.44, tool_torque, 2.021, -1.496, 0.114, joint_torque, -1.38, -5.52, -3.81, 3.05, -3.76, 0.8, 0.13, robot_mode, normal, 
08/06/2022 15:46:06:589, robot_pos, 1654699440553, 654.61, 99.41, 512.08, 2.89, 0.66, -1.91, circuit_pos, 656.41, 140.76, 507.05, 2.98, 0.67, -1.77, tool_force, -8.11, -7.45, -0.39, actual_rep, 1, curr_step, 120, track_size, 143, robot_vel, 39.92, joints_pos, 25.24, 49.22, -15.4, -49.99, -60.41, 102.69, 51.35, tool_torque, 2.023, -1.463, 0.2, joint_torque, -2.15, -5.84, -4.15, 3.08, -3.83, 0.8, 0.22, robot_mode, normal, 
08/06/2022 15:46:06:743, robot_pos, 1654699440701, 654.87, 105.19, 511.61, 2.9, 0.66, -1.89, circuit_pos, 656.48, 140.63, 506.8, 2.98, 0.67, -1.77, tool_force, -7.7, -7.69, -0.54, actual_rep, 1, curr_step, 123, track_size, 143, robot_vel, 40.15, joints_pos, 25.66, 49.72, -15.4, -49.48, -61.23, 103.37, 51.25, tool_torque, 2.028, -1.557, 0.27, joint_torque, -1.39, -5.57, -3.88, 2.99, -3.8, 0.8, 0.28, robot_mode, normal, 
08/06/2022 15:46:06:891, robot_pos, 1654699440851, 655.1, 110.94, 511.15, 2.92, 0.66, -1.87, circuit_pos, 656.48, 140.63, 506.79, 2.98, 0.67, -1.77, tool_force, -7.31, -7.55, -0.49, actual_rep, 1, curr_step, 126, track_size, 143, robot_vel, 39.96, joints_pos, 26.07, 50.21, -15.4, -48.98, -62.05, 104.05, 51.12, tool_torque, 2.032, -1.447, 0.297, joint_torque, -1.85, -5.66, -4.11, 2.9, -3.77, 0.93, 0.31, robot_mode, normal, 
08/06/2022 15:46:07:042, robot_pos, 1654699441000, 655.25, 116.72, 510.66, 2.93, 0.66, -1.85, circuit_pos, 656.49, 140.63, 506.77, 2.98, 0.67, -1.77, tool_force, -6.41, -8.54, 0.35, actual_rep, 1, curr_step, 128, track_size, 143, robot_vel, 39.04, joints_pos, 26.47, 50.72, -15.4, -48.46, -62.87, 104.74, 50.95, tool_torque, 2.075, -1.35, 0.304, joint_torque, -2.3, -5.93, -4.24, 2.68, -3.7, 1.08, 0.32, robot_mode, normal, 
08/06/2022 15:46:07:195, robot_pos, 1654699441151, 655.45, 122.49, 510.12, 2.94, 0.67, -1.83, circuit_pos, 656.49, 140.63, 506.77, 2.98, 0.67, -1.77, tool_force, -6.21, -8.11, 0.96, actual_rep, 1, curr_step, 130, track_size, 143, robot_vel, 36.51, joints_pos, 26.87, 51.23, -15.41, -47.93, -63.69, 105.4, 50.77, tool_torque, 2.004, -1.284, 0.305, joint_torque, -2.06, -5.59, -3.97, 2.44, -3.5, 1.1, 0.32, robot_mode, normal, 
08/06/2022 15:46:07:334, robot_pos, 1654699441301, 655.74, 128.18, 509.5, 2.96, 0.67, -1.8, circuit_pos, 656.49, 140.63, 506.77, 2.98, 0.67, -1.77, tool_force, -5.57, -6.94, 1.38, actual_rep, 1, curr_step, 133, track_size, 143, robot_vel, 38.71, joints_pos, 27.25, 51.77, -15.41, -47.36, -64.52, 106.05, 50.55, tool_torque, 1.821, -1.233, 0.309, joint_torque, -1.99, -4.96, -3.71, 2.13, -3.22, 0.89, 0.32, robot_mode, normal, 
08/06/2022 15:46:07:536, robot_pos, 1654699441454, 656.1, 134.02, 508.88, 2.97, 0.67, -1.78, circuit_pos, 656.49, 140.63, 506.76, 2.98, 0.67, -1.77, tool_force, -5.53, -5.96, 1.99, actual_rep, 1, curr_step, 136, track_size, 143, robot_vel, 37.95, joints_pos, 27.62, 52.33, -15.42, -46.75, -65.36, 106.71, 50.28, tool_torque, 1.763, -1.179, 0.307, joint_torque, -2.08, -4.37, -3.49, 1.92, -3.05, 0.72, 0.32, robot_mode, normal, 
08/06/2022 15:46:07:663, robot_pos, 1654699441642, 656.63, 140.34, 508.15, 2.98, 0.67, -1.76, circuit_pos, 656.49, 140.63, 506.76, 2.98, 0.67, -1.77, tool_force, -4.65, -6.19, 2.18, actual_rep, 1, curr_step, 139, track_size, 143, robot_vel, 38.41, joints_pos, 27.99, 52.99, -15.42, -45.96, -66.15, 107.44, 49.95, tool_torque, 1.749, -1.302, 0.316, joint_torque, -1.79, -4.03, -3.42, 1.82, -3.06, 0.66, 0.32, robot_mode, normal, 
08/06/2022 15:46:07:971, robot_pos, 1654699441942, 656.82, 140.2, 508.25, 2.98, 0.67, -1.76, circuit_pos, 656.49, 140.63, 506.76, 2.98, 0.67, -1.77, tool_force, -5.97, -4.69, 1.01, actual_rep, 1, curr_step, 141, track_size, 143, robot_vel, 1.74, joints_pos, 27.97, 53.02, -15.45, -45.9, -66.11, 107.43, 49.88, tool_torque, 1.904, -1.006, 0.241, joint_torque, -2.11, -3.67, -3.45, 1.72, -2.92, 0.78, 0.25, robot_mode, normal, 
08/06/2022 15:46:08:273, robot_pos, 1654699442245, 656.77, 140.2, 508.24, 2.98, 0.67, -1.76, circuit_pos, 656.49, 140.63, 506.76, 2.98, 0.67, -1.77, tool_force, -5.95, -5.0, 0.94, actual_rep, 1, curr_step, 136, track_size, 143, robot_vel, 0.17, joints_pos, 27.97, 53.01, -15.44, -45.92, -66.11, 107.43, 49.9, tool_torque, 1.852, -1.054, 0.2, joint_torque, -1.95, -3.81, -3.44, 1.76, -2.9, 0.73, 0.2, robot_mode, normal, 
08/06/2022 15:46:08:437, robot_pos, 1654699442397, 656.78, 140.21, 508.23, 2.98, 0.67, -1.76, circuit_pos, 656.49, 140.63, 506.77, 2.98, 0.67, -1.77, tool_force, -6.05, -4.82, 0.87, actual_rep, 1, curr_step, 133, track_size, 143, robot_vel, 0.07, joints_pos, 27.97, 53.01, -15.44, -45.92, -66.11, 107.42, 49.9, tool_torque, 1.851, -1.058, 0.204, joint_torque, -1.92, -3.72, -3.4, 1.76, -2.9, 0.71, 0.2, robot_mode, normal, 
08/06/2022 15:46:08:588, robot_pos, 1654699442546, 656.78, 140.21, 508.23, 2.98, 0.67, -1.76, circuit_pos, 656.49, 140.63, 506.77, 2.98, 0.67, -1.77, tool_force, -5.96, -4.73, 0.93, actual_rep, 1, curr_step, 130, track_size, 143, robot_vel, 0.08, joints_pos, 27.97, 53.01, -15.44, -45.92, -66.11, 107.42, 49.9, tool_torque, 1.846, -1.062, 0.203, joint_torque, -1.95, -3.64, -3.4, 1.71, -2.89, 0.7, 0.2, robot_mode, normal, 
08/06/2022 15:46:08:740, robot_pos, 1654699442696, 656.79, 140.2, 508.21, 2.98, 0.67, -1.76, circuit_pos, 656.49, 140.63, 506.77, 2.98, 0.67, -1.77, tool_force, -5.97, -4.65, 0.98, actual_rep, 1, curr_step, 128, track_size, 143, robot_vel, 0.09, joints_pos, 27.97, 53.01, -15.44, -45.92, -66.11, 107.42, 49.9, tool_torque, 1.818, -1.052, 0.199, joint_torque, -1.98, -3.62, -3.37, 1.7, -2.86, 0.68, 0.2, robot_mode, normal, 
08/06/2022 15:46:08:893, robot_pos, 1654699442847, 656.79, 140.2, 508.21, 2.98, 0.67, -1.76, circuit_pos, 656.48, 140.63, 506.79, 2.98, 0.67, -1.77, tool_force, -6.0, -4.78, 1.0, actual_rep, 1, curr_step, 126, track_size, 143, robot_vel, 0.07, joints_pos, 27.97, 53.01, -15.44, -45.92, -66.11, 107.42, 49.9, tool_torque, 1.818, -1.078, 0.191, joint_torque, -1.96, -3.68, -3.4, 1.72, -2.88, 0.67, 0.19, robot_mode, normal, 
08/06/2022 15:46:09:041, robot_pos, 1654699442998, 656.79, 140.2, 508.21, 2.98, 0.67, -1.76, circuit_pos, 656.48, 140.63, 506.8, 2.98, 0.67, -1.77, tool_force, -5.99, -4.74, 1.0, actual_rep, 1, curr_step, 123, track_size, 143, robot_vel, 0.05, joints_pos, 27.97, 53.01, -15.44, -45.92, -66.11, 107.42, 49.9, tool_torque, 1.817, -1.081, 0.195, joint_torque, -1.97, -3.67, -3.39, 1.71, -2.88, 0.66, 0.2, robot_mode, normal, 
08/06/2022 15:46:09:190, robot_pos, 1654699443150, 656.79, 140.2, 508.22, 2.98, 0.67, -1.76, circuit_pos, 656.41, 140.76, 507.05, 2.98, 0.67, -1.77, tool_force, -6.03, -4.71, 1.06, actual_rep, 1, curr_step, 120, track_size, 143, robot_vel, 0.12, joints_pos, 27.97, 53.01, -15.44, -45.92, -66.11, 107.42, 49.9, tool_torque, 1.816, -1.091, 0.2, joint_torque, -2.03, -3.66, -3.4, 1.71, -2.9, 0.65, 0.2, robot_mode, normal, 
08/06/2022 15:46:09:342, robot_pos, 1654699443299, 656.76, 140.3, 508.59, 2.98, 0.67, -1.76, circuit_pos, 656.34, 140.78, 507.35, 2.98, 0.67, -1.77, tool_force, -6.0, -4.75, 1.55, actual_rep, 1, curr_step, 118, track_size, 143, robot_vel, 3.77, joints_pos, 27.98, 52.99, -15.44, -45.89, -66.11, 107.43, 49.88, tool_torque, 1.722, -1.124, 0.246, joint_torque, -2.18, -3.77, -3.42, 1.73, -2.9, 0.59, 0.25, robot_mode, normal, 
08/06/2022 15:46:09:646, robot_pos, 1654699443602, 656.56, 140.34, 510.01, 2.99, 0.67, -1.77, circuit_pos, 656.31, 141.0, 506.79, 2.98, 0.67, -1.78, tool_force, -11.38, -10.48, -0.81, actual_rep, 1, curr_step, 113, track_size, 143, robot_vel, 2.81, joints_pos, 28.02, 52.75, -15.39, -46.05, -66.06, 107.08, 49.83, tool_torque, 2.779, -1.757, 0.292, joint_torque, -1.73, -8.18, -5.27, 4.28, -4.98, 1.07, 0.3, robot_mode, normal, 
08/06/2022 15:46:09:795, robot_pos, 1654699443754, 656.42, 140.91, 509.38, 2.99, 0.67, -1.76, circuit_pos, 656.39, 141.31, 506.04, 2.98, 0.67, -1.77, tool_force, -11.89, -10.63, -1.45, actual_rep, 1, curr_step, 110, track_size, 143, robot_vel, 5.13, joints_pos, 28.07, 52.9, -15.46, -45.99, -66.28, 107.35, 49.87, tool_torque, 2.442, -1.961, 0.268, joint_torque, -0.94, -8.48, -4.7, 4.6, -4.97, 0.66, 0.29, robot_mode, normal, 
08/06/2022 15:46:10:202, robot_pos, 1654699444057, 656.99, 138.89, 509.21, 2.99, 0.66, -1.78, circuit_pos, 655.58, 135.88, 507.0, 2.97, 0.66, -1.8, tool_force, -10.89, -8.51, -3.4, actual_rep, 1, curr_step, 105, track_size, 143, robot_vel, 13.55, joints_pos, 27.94, 52.57, -15.43, -46.3, -65.48, 106.5, 49.54, tool_torque, 2.976, -1.802, 0.38, joint_torque, -0.28, -7.06, -4.76, 4.12, -4.89, 1.03, 0.36, robot_mode, normal, 
08/06/2022 15:46:10:313, robot_pos, 1654699444207, 655.71, 135.6, 509.68, 2.98, 0.66, -1.79, circuit_pos, 655.16, 128.94, 509.13, 2.95, 0.66, -1.83, tool_force, -8.89, -8.7, -1.97, actual_rep, 1, curr_step, 102, track_size, 143, robot_vel, 26.78, joints_pos, 27.84, 52.07, -15.53, -46.97, -64.9, 106.14, 49.84, tool_torque, 2.582, -1.667, 0.075, joint_torque, -0.75, -6.37, -4.31, 3.36, -4.39, 1.06, 0.07, robot_mode, normal, 
08/06/2022 15:46:10:501, robot_pos, 1654699444358, 655.76, 130.4, 510.97, 2.96, 0.66, -1.81, circuit_pos, 655.22, 123.87, 509.4, 2.95, 0.66, -1.84, tool_force, -9.47, -8.39, -1.75, actual_rep, 1, curr_step, 100, track_size, 143, robot_vel, 36.71, joints_pos, 27.42, 51.72, -15.59, -47.1, -63.99, 105.88, 49.93, tool_torque, 2.896, -1.543, 0.04, joint_torque, -1.74, -6.32, -4.8, 3.21, -4.52, 1.26, 0.04, robot_mode, normal, 
08/06/2022 15:46:10:603, robot_pos, 1654699444510, 655.8, 124.48, 511.49, 2.96, 0.66, -1.82, circuit_pos, 656.21, 115.6, 509.16, 2.95, 0.66, -1.84, tool_force, -8.9, -10.03, -1.77, actual_rep, 1, curr_step, 97, track_size, 143, robot_vel, 38.29, joints_pos, 27.1, 51.21, -15.6, -47.86, -63.83, 105.07, 50.15, tool_torque, 2.912, -1.64, -0.017, joint_torque, -1.37, -7.51, -5.03, 3.49, -4.71, 1.57, -0.02, robot_mode, normal, 
08/06/2022 15:46:10:805, robot_pos, 1654699444663, 655.94, 118.56, 512.02, 2.96, 0.66, -1.82, circuit_pos, 656.95, 109.87, 509.86, 2.95, 0.66, -1.85, tool_force, -10.27, -10.49, -2.5, actual_rep, 1, curr_step, 95, track_size, 143, robot_vel, 39.37, joints_pos, 26.76, 50.77, -15.66, -48.54, -63.8, 104.35, 50.29, tool_torque, 2.993, -1.74, -0.0090, joint_torque, -0.99, -7.71, -4.94, 4.0, -4.97, 1.36, 0.0, robot_mode, normal, 
08/06/2022 15:46:10:911, robot_pos, 1654699444824, 656.76, 112.77, 512.89, 2.96, 0.66, -1.83, circuit_pos, 657.74, 99.82, 510.37, 2.93, 0.65, -1.88, tool_force, -11.81, -10.68, -5.26, actual_rep, 1, curr_step, 92, track_size, 143, robot_vel, 37.91, joints_pos, 26.36, 50.38, -15.66, -48.96, -63.5, 103.52, 50.18, tool_torque, 3.115, -2.038, 0.177, joint_torque, 1.06, -8.26, -4.5, 5.21, -5.41, 1.21, 0.17, robot_mode, normal, 
08/06/2022 15:46:11:130, robot_pos, 1654699444963, 657.35, 107.32, 513.95, 2.95, 0.66, -1.84, circuit_pos, 658.08, 93.47, 511.58, 2.92, 0.65, -1.9, tool_force, -12.81, -15.17, -5.38, actual_rep, 1, curr_step, 90, track_size, 143, robot_vel, 41.93, joints_pos, 25.96, 50.03, -15.67, -49.27, -63.18, 102.9, 50.08, tool_torque, 3.407, -2.432, 0.243, joint_torque, 0.24, -11.48, -5.97, 6.53, -6.57, 1.49, 0.25, robot_mode, normal, 
08/06/2022 15:46:11:212, robot_pos, 1654699445114, 657.83, 101.76, 514.7, 2.94, 0.66, -1.86, circuit_pos, 658.61, 86.29, 513.32, 2.9, 0.65, -1.93, tool_force, -13.8, -13.91, -6.31, actual_rep, 1, curr_step, 88, track_size, 143, robot_vel, 36.85, joints_pos, 25.54, 49.66, -15.66, -49.57, -62.59, 102.26, 50.11, tool_torque, 3.635, -2.322, 0.172, joint_torque, 0.28, -10.26, -5.76, 6.17, -6.38, 1.43, 0.17, robot_mode, normal, 
08/06/2022 15:46:11:415, robot_pos, 1654699445266, 658.23, 95.83, 515.97, 2.93, 0.65, -1.88, circuit_pos, 659.42, 73.57, 517.48, 2.86, 0.65, -1.98, tool_force, -13.95, -14.66, -7.0, actual_rep, 1, curr_step, 85, track_size, 143, robot_vel, 41.82, joints_pos, 25.06, 49.27, -15.66, -49.78, -61.85, 101.66, 50.13, tool_torque, 3.659, -2.499, 0.152, joint_torque, 0.47, -11.4, -6.02, 6.7, -6.71, 1.43, 0.14, robot_mode, normal, 
08/06/2022 15:46:11:517, robot_pos, 1654699445417, 658.69, 90.06, 517.39, 2.91, 0.65, -1.9, circuit_pos, 659.48, 65.34, 519.23, 2.83, 0.64, -2.02, tool_force, -14.77, -14.13, -6.96, actual_rep, 1, curr_step, 83, track_size, 143, robot_vel, 38.88, joints_pos, 24.56, 48.92, -15.66, -49.87, -61.08, 101.15, 50.17, tool_torque, 3.675, -2.452, 0.093, joint_torque, 0.03, -11.2, -6.09, 6.67, -6.67, 1.47, 0.09, robot_mode, normal, 
08/06/2022 15:46:11:717, robot_pos, 1654699445569, 658.99, 84.22, 518.63, 2.89, 0.65, -1.93, circuit_pos, 659.84, 58.58, 520.08, 2.8, 0.64, -2.06, tool_force, -14.1, -13.49, -7.58, actual_rep, 1, curr_step, 81, track_size, 143, robot_vel, 39.18, joints_pos, 24.07, 48.56, -15.65, -49.98, -60.14, 100.66, 50.17, tool_torque, 3.567, -2.487, 0.128, joint_torque, 0.22, -11.16, -5.87, 6.78, -6.62, 1.31, 0.12, robot_mode, normal, 
08/06/2022 15:46:11:821, robot_pos, 1654699445719, 659.34, 78.51, 520.02, 2.87, 0.65, -1.96, circuit_pos, 659.97, 51.55, 520.16, 2.76, 0.63, -2.13, tool_force, -15.04, -14.53, -7.68, actual_rep, 1, curr_step, 78, track_size, 143, robot_vel, 39.53, joints_pos, 23.53, 48.2, -15.63, -50.01, -59.04, 100.13, 50.21, tool_torque, 3.675, -2.541, 0.061, joint_torque, 0.21, -11.55, -6.11, 7.05, -6.78, 1.37, 0.04, robot_mode, normal, 
08/06/2022 15:46:12:019, robot_pos, 1654699445871, 659.54, 72.64, 520.9, 2.85, 0.65, -1.99, circuit_pos, 658.89, 46.2, 519.39, 2.74, 0.62, -2.16, tool_force, -15.16, -14.24, -8.04, actual_rep, 1, curr_step, 76, track_size, 143, robot_vel, 38.69, joints_pos, 23.0, 47.81, -15.62, -50.09, -57.72, 99.55, 50.28, tool_torque, 3.668, -2.484, 0.017, joint_torque, 0.17, -11.87, -6.14, 7.16, -6.71, 1.36, 0.0, robot_mode, normal, 
08/06/2022 15:46:12:123, robot_pos, 1654699446022, 659.3, 66.72, 521.43, 2.83, 0.64, -2.03, circuit_pos, 656.05, 35.97, 519.02, 2.71, 0.61, -2.18, tool_force, -15.07, -13.92, -9.16, actual_rep, 1, curr_step, 73, track_size, 143, robot_vel, 39.64, joints_pos, 22.47, 47.38, -15.61, -50.3, -56.38, 99.0, 50.33, tool_torque, 3.66, -2.514, 0.032, joint_torque, 0.36, -11.4, -5.91, 7.27, -6.7, 1.21, 0.01, robot_mode, normal, 
08/06/2022 15:46:12:325, robot_pos, 1654699446173, 658.65, 61.01, 521.69, 2.8, 0.64, -2.05, circuit_pos, 651.83, 25.43, 517.24, 2.67, 0.59, -2.2, tool_force, -15.2, -13.03, -9.6, actual_rep, 1, curr_step, 70, track_size, 143, robot_vel, 36.63, joints_pos, 21.98, 46.97, -15.62, -50.6, -55.26, 98.6, 50.39, tool_torque, 3.696, -2.438, 0.0020, joint_torque, 0.14, -11.66, -5.99, 7.31, -6.69, 1.34, -0.01, robot_mode, normal, 
08/06/2022 15:46:12:477, robot_pos, 1654699446323, 657.65, 55.23, 521.59, 2.78, 0.63, -2.08, circuit_pos, 648.86, 19.39, 515.9, 2.65, 0.58, -2.22, tool_force, -15.23, -13.21, -9.52, actual_rep, 1, curr_step, 68, track_size, 143, robot_vel, 39.44, joints_pos, 21.49, 46.6, -15.64, -50.93, -54.24, 98.34, 50.42, tool_torque, 3.547, -2.413, 0.0, joint_torque, -0.21, -12.04, -6.03, 7.39, -6.66, 1.37, -0.01, robot_mode, normal, 
08/06/2022 15:46:12:628, robot_pos, 1654699446475, 656.31, 49.46, 521.4, 2.76, 0.62, -2.1, circuit_pos, 645.17, 8.9, 516.09, 2.64, 0.56, -2.25, tool_force, -15.11, -13.57, -10.06, actual_rep, 1, curr_step, 65, track_size, 143, robot_vel, 40.69, joints_pos, 21.01, 46.17, -15.64, -51.38, -53.22, 98.05, 50.44, tool_torque, 3.524, -2.424, 0.016, joint_torque, -0.1, -11.56, -5.83, 7.26, -6.55, 1.28, 0.01, robot_mode, normal, 
08/06/2022 15:46:12:750, robot_pos, 1654699446623, 654.82, 43.64, 521.33, 2.74, 0.62, -2.12, circuit_pos, 642.38, 1.41, 516.69, 2.62, 0.55, -2.28, tool_force, -14.5, -12.93, -10.87, actual_rep, 1, curr_step, 63, track_size, 143, robot_vel, 39.92, joints_pos, 20.56, 45.7, -15.64, -51.9, -52.3, 97.67, 50.45, tool_torque, 3.459, -2.391, 0.039, joint_torque, 0.18, -11.93, -5.66, 7.48, -6.49, 1.32, 0.03, robot_mode, normal, 
08/06/2022 15:46:12:934, robot_pos, 1654699446775, 653.15, 37.72, 521.25, 2.73, 0.61, -2.14, circuit_pos, 639.1, -10.6, 514.23, 2.59, 0.53, -2.33, tool_force, -14.63, -13.44, -10.72, actual_rep, 1, curr_step, 60, track_size, 143, robot_vel, 40.91, joints_pos, 20.08, 45.17, -15.64, -52.5, -51.33, 97.19, 50.46, tool_torque, 3.444, -2.379, 0.017, joint_torque, 0.3, -11.61, -5.5, 7.46, -6.39, 1.26, 0.01, robot_mode, normal, 
08/06/2022 15:46:13:036, robot_pos, 1654699446941, 651.43, 31.47, 520.77, 2.71, 0.6, -2.16, circuit_pos, 635.6, -22.16, 509.46, 2.57, 0.51, -2.38, tool_force, -14.25, -12.61, -11.3, actual_rep, 1, curr_step, 57, track_size, 143, robot_vel, 41.62, joints_pos, 19.57, 44.6, -15.63, -53.17, -50.21, 96.57, 50.47, tool_torque, 3.443, -2.366, 0.053, joint_torque, 0.56, -11.65, -5.37, 7.65, -6.37, 1.23, 0.04, robot_mode, normal, 
08/06/2022 15:46:13:236, robot_pos, 1654699447094, 649.78, 25.55, 519.9, 2.69, 0.59, -2.19, circuit_pos, 632.38, -32.96, 503.88, 2.54, 0.49, -2.43, tool_force, -14.35, -13.14, -11.72, actual_rep, 1, curr_step, 54, track_size, 143, robot_vel, 40.24, joints_pos, 19.1, 44.07, -15.63, -53.86, -49.16, 95.9, 50.51, tool_torque, 3.441, -2.327, 0.0040, joint_torque, 0.44, -11.82, -5.41, 7.72, -6.33, 1.26, -0.02, robot_mode, normal, 
08/06/2022 15:46:13:340, robot_pos, 1654699447247, 648.14, 19.7, 518.7, 2.68, 0.58, -2.21, circuit_pos, 630.73, -40.19, 498.69, 2.53, 0.47, -2.46, tool_force, -14.01, -12.32, -11.93, actual_rep, 1, curr_step, 52, track_size, 143, robot_vel, 41.51, joints_pos, 18.61, 43.55, -15.62, -54.58, -48.07, 95.17, 50.54, tool_torque, 3.406, -2.224, 0.0060, joint_torque, 0.16, -11.63, -5.41, 7.62, -6.23, 1.35, -0.01, robot_mode, normal, 
08/06/2022 15:46:13:578, robot_pos, 1654699447396, 646.59, 13.89, 517.1, 2.66, 0.57, -2.24, circuit_pos, 629.42, -51.93, 493.4, 2.52, 0.46, -2.5, tool_force, -13.98, -12.24, -12.22, actual_rep, 1, curr_step, 49, track_size, 143, robot_vel, 40.85, joints_pos, 18.11, 43.04, -15.62, -55.32, -46.95, 94.36, 50.56, tool_torque, 3.381, -2.152, 0.0050, joint_torque, -0.05, -11.33, -5.36, 7.51, -6.09, 1.32, -0.01, robot_mode, normal, 
08/06/2022 15:46:13:850, robot_pos, 1654699447697, 643.83, 2.33, 513.78, 2.63, 0.56, -2.29, circuit_pos, 627.97, -66.32, 489.84, 2.51, 0.44, -2.55, tool_force, -13.26, -12.22, -13.12, actual_rep, 1, curr_step, 46, track_size, 143, robot_vel, 39.22, joints_pos, 17.12, 42.09, -15.62, -56.73, -44.89, 92.64, 50.53, tool_torque, 3.219, -2.161, 0.15, joint_torque, 0.24, -11.85, -5.14, 8.01, -5.97, 1.17, 0.13, robot_mode, normal, 
08/06/2022 15:46:13:948, robot_pos, 1654699447848, 642.55, -3.5, 512.12, 2.62, 0.55, -2.31, circuit_pos, 627.97, -66.32, 489.84, 2.51, 0.44, -2.55, tool_force, -12.94, -11.46, -13.48, actual_rep, 1, curr_step, 46, track_size, 143, robot_vel, 39.89, joints_pos, 16.61, 41.66, -15.62, -57.38, -43.88, 91.76, 50.45, tool_torque, 3.224, -2.116, 0.217, joint_torque, 0.23, -11.63, -5.01, 7.9, -5.86, 1.21, 0.21, robot_mode, normal, 
08/06/2022 15:46:14:147, robot_pos, 1654699447997, 641.23, -9.3, 510.44, 2.61, 0.54, -2.33, circuit_pos, 627.97, -66.32, 489.84, 2.51, 0.44, -2.55, tool_force, -12.57, -11.67, -13.9, actual_rep, 1, curr_step, 46, track_size, 143, robot_vel, 41.8, joints_pos, 16.08, 41.22, -15.62, -58.04, -42.85, 90.87, 50.32, tool_torque, 3.179, -2.17, 0.281, joint_torque, 0.26, -11.71, -5.02, 8.04, -5.85, 1.14, 0.26, robot_mode, normal, 
08/06/2022 15:46:14:248, robot_pos, 1654699448147, 639.93, -15.05, 508.83, 2.6, 0.53, -2.35, circuit_pos, 627.97, -66.32, 489.84, 2.51, 0.44, -2.55, tool_force, -12.41, -11.27, -13.95, actual_rep, 1, curr_step, 46, track_size, 143, robot_vel, 43.74, joints_pos, 15.54, 40.8, -15.61, -58.65, -41.82, 89.99, 50.15, tool_torque, 3.111, -2.107, 0.283, joint_torque, 0.1, -11.78, -4.99, 8.15, -5.74, 1.11, 0.27, robot_mode, normal, 
08/06/2022 15:46:14:451, robot_pos, 1654699448296, 638.68, -20.9, 507.2, 2.59, 0.52, -2.38, circuit_pos, 627.97, -66.32, 489.84, 2.51, 0.44, -2.55, tool_force, -12.72, -11.13, -14.72, actual_rep, 1, curr_step, 46, track_size, 143, robot_vel, 40.66, joints_pos, 14.98, 40.4, -15.61, -59.24, -40.8, 89.14, 49.93, tool_torque, 3.08, -2.094, 0.302, joint_torque, 0.36, -11.68, -4.76, 8.22, -5.59, 1.03, 0.28, robot_mode, normal, 
08/06/2022 15:46:14:552, robot_pos, 1654699448447, 637.4, -26.65, 505.58, 2.58, 0.51, -2.4, circuit_pos, 627.97, -66.32, 489.84, 2.51, 0.44, -2.55, tool_force, -12.32, -11.32, -15.06, actual_rep, 1, curr_step, 46, track_size, 143, robot_vel, 39.85, joints_pos, 14.41, 40.0, -15.61, -59.82, -39.76, 88.28, 49.66, tool_torque, 3.047, -2.033, 0.3, joint_torque, 0.1, -11.8, -4.85, 8.29, -5.53, 0.99, 0.28, robot_mode, normal, 
08/06/2022 15:46:14:755, robot_pos, 1654699448597, 636.12, -32.53, 503.91, 2.57, 0.5, -2.42, circuit_pos, 627.97, -66.32, 489.84, 2.51, 0.44, -2.55, tool_force, -12.17, -9.8, -15.39, actual_rep, 1, curr_step, 46, track_size, 143, robot_vel, 49.44, joints_pos, 13.83, 39.63, -15.61, -60.37, -38.72, 87.43, 49.35, tool_torque, 3.003, -1.991, 0.306, joint_torque, 0.26, -11.49, -4.63, 8.23, -5.4, 0.97, 0.29, robot_mode, normal, 
08/06/2022 15:46:14:854, robot_pos, 1654699448746, 634.88, -38.31, 502.3, 2.56, 0.49, -2.44, circuit_pos, 627.97, -66.32, 489.84, 2.51, 0.44, -2.55, tool_force, -11.8, -10.18, -15.46, actual_rep, 1, curr_step, 46, track_size, 143, robot_vel, 41.46, joints_pos, 13.24, 39.28, -15.61, -60.89, -37.66, 86.6, 48.99, tool_torque, 2.909, -1.942, 0.318, joint_torque, 0.36, -11.65, -4.47, 8.38, -5.25, 0.85, 0.3, robot_mode, normal, 
08/06/2022 15:46:15:063, robot_pos, 1654699448894, 633.58, -44.07, 500.67, 2.55, 0.48, -2.46, circuit_pos, 627.97, -66.32, 489.84, 2.51, 0.44, -2.55, tool_force, -11.65, -10.36, -15.21, actual_rep, 1, curr_step, 46, track_size, 143, robot_vel, 54.7, joints_pos, 12.65, 38.93, -15.61, -61.4, -36.62, 85.79, 48.62, tool_torque, 2.833, -1.889, 0.319, joint_torque, -0.25, -12.01, -4.71, 8.44, -5.2, 0.86, 0.31, robot_mode, normal, 
08/06/2022 15:46:15:203, robot_pos, 1654699449047, 632.29, -49.93, 499.03, 2.54, 0.47, -2.49, circuit_pos, 627.97, -66.32, 489.84, 2.51, 0.44, -2.55, tool_force, -11.7, -9.77, -16.3, actual_rep, 1, curr_step, 46, track_size, 143, robot_vel, 40.13, joints_pos, 12.03, 38.6, -15.61, -61.89, -35.53, 84.98, 48.17, tool_torque, 2.798, -1.866, 0.312, joint_torque, -0.06, -12.09, -4.65, 8.59, -5.14, 0.83, 0.3, robot_mode, normal, 
08/06/2022 15:46:15:361, robot_pos, 1654699449197, 631.04, -55.81, 497.37, 2.53, 0.46, -2.51, circuit_pos, 627.97, -66.32, 489.84, 2.51, 0.44, -2.55, tool_force, -11.63, -9.77, -16.07, actual_rep, 1, curr_step, 46, track_size, 143, robot_vel, 41.59, joints_pos, 11.39, 38.3, -15.6, -62.36, -34.42, 84.18, 47.68, tool_torque, 2.734, -1.791, 0.32, joint_torque, -0.33, -12.06, -4.63, 8.62, -5.02, 0.77, 0.31, robot_mode, normal, 
08/06/2022 15:46:15:472, robot_pos, 1654699449346, 629.76, -61.47, 495.79, 2.52, 0.45, -2.53, circuit_pos, 627.97, -66.32, 489.84, 2.51, 0.44, -2.55, tool_force, -11.1, -9.13, -16.89, actual_rep, 1, curr_step, 46, track_size, 143, robot_vel, 42.18, joints_pos, 10.78, 38.01, -15.6, -62.79, -33.38, 83.44, 47.19, tool_torque, 2.707, -1.771, 0.31, joint_torque, 0.06, -11.91, -4.39, 8.59, -4.88, 0.67, 0.29, robot_mode, normal, 
08/06/2022 15:46:15:669, robot_pos, 1654699449496, 628.63, -66.77, 494.25, 2.51, 0.44, -2.54, circuit_pos, 627.39, -70.85, 487.74, 2.51, 0.44, -2.56, tool_force, -12.38, -9.1, -16.63, actual_rep, 1, curr_step, 45, track_size, 143, robot_vel, 42.7, joints_pos, 10.24, 37.76, -15.59, -63.23, -32.65, 82.7, 46.76, tool_torque, 2.333, -1.627, 0.269, joint_torque, -0.77, -12.4, -4.55, 8.88, -4.69, 0.5, 0.27, robot_mode, normal, 
08/06/2022 15:46:15:766, robot_pos, 1654699449647, 628.09, -70.53, 492.16, 2.51, 0.45, -2.55, circuit_pos, 626.7, -75.57, 484.88, 2.5, 0.42, -2.58, tool_force, -10.98, -7.91, -17.28, actual_rep, 1, curr_step, 44, track_size, 143, robot_vel, 37.1, joints_pos, 9.93, 37.59, -15.63, -63.74, -32.38, 81.8, 46.64, tool_torque, 2.599, -1.601, 0.276, joint_torque, -0.1, -11.62, -4.17, 8.46, -4.64, 0.7, 0.28, robot_mode, normal, 
08/06/2022 15:46:15:971, robot_pos, 1654699449797, 627.34, -73.02, 490.46, 2.51, 0.43, -2.56, circuit_pos, 626.7, -75.57, 484.88, 2.5, 0.42, -2.58, tool_force, -10.27, -7.86, -17.4, actual_rep, 1, curr_step, 44, track_size, 143, robot_vel, 23.25, joints_pos, 9.54, 37.51, -15.54, -63.91, -31.53, 81.6, 46.25, tool_torque, 2.739, -1.83, 0.354, joint_torque, 0.48, -11.77, -4.14, 8.74, -4.74, 0.52, 0.32, robot_mode, normal, 
08/06/2022 15:46:16:071, robot_pos, 1654699449945, 627.33, -76.5, 488.9, 2.5, 0.42, -2.57, circuit_pos, 626.15, -80.01, 481.82, 2.5, 0.41, -2.6, tool_force, -9.84, -8.8, -17.54, actual_rep, 1, curr_step, 43, track_size, 143, robot_vel, 23.52, joints_pos, 9.12, 37.52, -15.55, -63.96, -30.79, 81.23, 45.66, tool_torque, 2.472, -1.574, 0.317, joint_torque, 0.38, -12.27, -3.98, 8.61, -4.36, 0.66, 0.29, robot_mode, normal, 
08/06/2022 15:46:16:271, robot_pos, 1654699450094, 626.98, -79.39, 486.78, 2.5, 0.42, -2.59, circuit_pos, 626.15, -80.01, 481.82, 2.5, 0.41, -2.6, tool_force, -11.09, -8.15, -17.64, actual_rep, 1, curr_step, 43, track_size, 143, robot_vel, 23.27, joints_pos, 8.76, 37.41, -15.6, -64.24, -29.83, 80.56, 45.09, tool_torque, 2.573, -1.66, 0.333, joint_torque, -0.33, -12.36, -4.37, 8.85, -4.6, 0.57, 0.33, robot_mode, normal, 
08/06/2022 15:46:16:373, robot_pos, 1654699450245, 626.51, -81.34, 485.08, 2.5, 0.41, -2.59, circuit_pos, 625.57, -84.03, 478.79, 2.49, 0.4, -2.62, tool_force, -10.52, -8.37, -18.04, actual_rep, 1, curr_step, 42, track_size, 143, robot_vel, 19.49, joints_pos, 8.6, 37.36, -15.6, -64.56, -29.75, 80.12, 45.05, tool_torque, 2.353, -1.567, 0.092, joint_torque, 0.48, -12.34, -3.75, 8.97, -4.29, 0.36, 0.07, robot_mode, normal, 
08/06/2022 15:46:16:580, robot_pos, 1654699450393, 626.16, -83.8, 483.65, 2.49, 0.41, -2.61, circuit_pos, 624.75, -88.59, 475.5, 2.49, 0.39, -2.64, tool_force, -10.81, -8.73, -17.62, actual_rep, 1, curr_step, 41, track_size, 143, robot_vel, 21.85, joints_pos, 8.2, 37.3, -15.59, -64.64, -28.66, 79.8, 44.71, tool_torque, 2.384, -1.575, 0.277, joint_torque, -0.62, -12.6, -4.42, 8.95, -4.42, 0.4, 0.28, robot_mode, normal, 
08/06/2022 15:46:16:676, robot_pos, 1654699450545, 625.91, -86.01, 481.27, 2.49, 0.4, -2.62, circuit_pos, 624.75, -88.59, 475.5, 2.49, 0.39, -2.64, tool_force, -9.69, -7.54, -18.28, actual_rep, 1, curr_step, 41, track_size, 143, robot_vel, 21.84, joints_pos, 7.96, 37.24, -15.58, -64.99, -28.23, 79.16, 44.41, tool_torque, 2.503, -1.555, 0.33, joint_torque, 0.41, -12.29, -3.86, 8.93, -4.23, 0.39, 0.31, robot_mode, normal, 
08/06/2022 15:46:16:880, robot_pos, 1654699450694, 625.14, -89.29, 479.81, 2.49, 0.39, -2.63, circuit_pos, 622.9, -96.75, 470.76, 2.48, 0.37, -2.67, tool_force, -10.13, -8.34, -17.88, actual_rep, 1, curr_step, 39, track_size, 143, robot_vel, 31.4, joints_pos, 7.58, 37.09, -15.59, -65.3, -27.5, 78.59, 43.88, tool_torque, 2.302, -1.32, 0.243, joint_torque, -0.45, -12.23, -4.09, 8.85, -4.1, 0.38, 0.23, robot_mode, normal, 
08/06/2022 15:46:16:981, robot_pos, 1654699450844, 624.3, -92.89, 476.98, 2.49, 0.38, -2.64, circuit_pos, 621.4, -104.73, 466.4, 2.47, 0.35, -2.69, tool_force, -9.72, -6.25, -18.23, actual_rep, 1, curr_step, 37, track_size, 143, robot_vel, 33.95, joints_pos, 7.15, 37.07, -15.62, -65.6, -26.65, 78.11, 43.44, tool_torque, 2.348, -1.565, 0.287, joint_torque, 0.62, -11.66, -3.38, 8.73, -3.98, 0.19, 0.27, robot_mode, normal, 
08/06/2022 15:46:17:189, robot_pos, 1654699450993, 623.22, -99.1, 473.92, 2.47, 0.37, -2.67, circuit_pos, 620.81, -111.67, 460.93, 2.46, 0.33, -2.72, tool_force, -10.25, -8.09, -18.0, actual_rep, 1, curr_step, 35, track_size, 143, robot_vel, 47.59, joints_pos, 6.28, 37.0, -15.59, -65.84, -24.87, 77.5, 42.49, tool_torque, 2.022, -1.437, 0.275, joint_torque, -0.68, -12.73, -4.12, 9.13, -3.93, 0.07, 0.27, robot_mode, normal, 
08/06/2022 15:46:17:283, robot_pos, 1654699451148, 622.48, -104.95, 469.23, 2.47, 0.35, -2.7, circuit_pos, 620.63, -120.19, 449.21, 2.45, 0.3, -2.77, tool_force, -8.65, -6.64, -18.95, actual_rep, 1, curr_step, 32, track_size, 143, robot_vel, 50.53, joints_pos, 5.47, 37.02, -15.53, -66.19, -23.23, 76.68, 41.61, tool_torque, 2.186, -1.394, 0.333, joint_torque, 0.6, -12.15, -3.42, 9.12, -3.64, -0.06, 0.29, robot_mode, normal, 
08/06/2022 15:46:17:485, robot_pos, 1654699451295, 622.12, -110.58, 463.38, 2.46, 0.33, -2.72, circuit_pos, 620.63, -120.19, 449.21, 2.45, 0.3, -2.77, tool_force, -8.14, -6.48, -19.68, actual_rep, 1, curr_step, 32, track_size, 143, robot_vel, 54.51, joints_pos, 4.66, 37.14, -15.51, -66.55, -21.4, 75.75, 40.58, tool_torque, 2.091, -1.328, 0.322, joint_torque, 0.27, -12.93, -3.63, 9.22, -3.48, 0.04, 0.28, robot_mode, normal, 
08/06/2022 15:46:17:585, robot_pos, 1654699451444, 621.58, -116.09, 457.71, 2.45, 0.31, -2.75, circuit_pos, 620.63, -120.19, 449.21, 2.45, 0.3, -2.77, tool_force, -8.56, -6.42, -19.38, actual_rep, 1, curr_step, 32, track_size, 143, robot_vel, 56.34, joints_pos, 3.85, 37.26, -15.51, -66.92, -19.47, 74.82, 39.49, tool_torque, 2.012, -1.274, 0.335, joint_torque, 0.26, -13.01, -3.58, 9.27, -3.33, -0.02, 0.28, robot_mode, normal, 
08/06/2022 15:46:17:787, robot_pos, 1654699451593, 621.29, -120.72, 453.4, 2.45, 0.3, -2.76, circuit_pos, 620.28, -122.66, 444.57, 2.44, 0.29, -2.79, tool_force, -9.95, -5.94, -19.3, actual_rep, 1, curr_step, 31, track_size, 143, robot_vel, 62.42, joints_pos, 3.3, 37.37, -15.5, -67.23, -18.69, 74.08, 38.87, tool_torque, 1.808, -0.864, 0.211, joint_torque, -0.77, -12.57, -3.86, 9.25, -3.13, -0.09, 0.18, robot_mode, normal, 
08/06/2022 15:46:17:917, robot_pos, 1654699451743, 620.92, -121.26, 450.76, 2.44, 0.3, -2.77, circuit_pos, 620.28, -122.66, 444.57, 2.44, 0.29, -2.79, tool_force, -9.33, -4.12, -18.85, actual_rep, 1, curr_step, 31, track_size, 143, robot_vel, 10.0, joints_pos, 3.17, 37.4, -15.51, -67.51, -18.05, 73.67, 38.86, tool_torque, 2.03, -0.959, 0.176, joint_torque, 0.11, -11.86, -3.39, 9.07, -3.13, -0.18, 0.15, robot_mode, normal, 
08/06/2022 15:46:18:094, robot_pos, 1654699451891, 620.66, -123.06, 448.54, 2.44, 0.29, -2.78, circuit_pos, 619.74, -125.04, 439.88, 2.43, 0.27, -2.81, tool_force, -7.57, -6.33, -20.47, actual_rep, 1, curr_step, 30, track_size, 143, robot_vel, 24.27, joints_pos, 2.92, 37.48, -15.54, -67.62, -17.39, 73.44, 38.56, tool_torque, 1.563, -1.126, 0.177, joint_torque, 0.01, -13.38, -3.37, 9.34, -2.95, -0.26, 0.15, robot_mode, normal, 
08/06/2022 15:46:18:194, robot_pos, 1654699452042, 620.4, -123.62, 446.07, 2.44, 0.28, -2.8, circuit_pos, 619.74, -125.04, 439.88, 2.43, 0.27, -2.81, tool_force, -7.32, -4.89, -20.21, actual_rep, 1, curr_step, 30, track_size, 143, robot_vel, 18.63, joints_pos, 2.71, 37.57, -15.54, -67.72, -16.48, 73.33, 38.26, tool_torque, 1.834, -1.187, 0.26, joint_torque, 0.78, -12.72, -3.0, 9.11, -2.89, -0.17, 0.21, robot_mode, normal, 
08/06/2022 15:46:18:400, robot_pos, 1654699452219, 620.27, -125.55, 443.3, 2.43, 0.27, -2.81, circuit_pos, 619.16, -127.3, 435.32, 2.42, 0.26, -2.83, tool_force, -6.84, -5.32, -20.59, actual_rep, 1, curr_step, 29, track_size, 143, robot_vel, 18.44, joints_pos, 2.4, 37.72, -15.54, -67.79, -15.67, 73.14, 37.96, tool_torque, 1.645, -1.007, 0.134, joint_torque, 0.76, -13.02, -2.88, 9.08, -2.66, -0.1, 0.06, robot_mode, normal, 
08/06/2022 15:46:18:503, robot_pos, 1654699452368, 619.81, -126.72, 440.65, 2.42, 0.26, -2.82, circuit_pos, 619.16, -127.3, 435.32, 2.42, 0.26, -2.83, tool_force, -7.71, -5.0, -20.22, actual_rep, 1, curr_step, 29, track_size, 143, robot_vel, 20.32, joints_pos, 2.13, 37.74, -15.56, -68.0, -14.57, 72.8, 37.69, tool_torque, 1.761, -1.067, 0.254, joint_torque, 0.08, -12.87, -3.34, 9.1, -2.82, -0.12, 0.22, robot_mode, normal, 
08/06/2022 15:46:18:707, robot_pos, 1654699452518, 619.42, -127.94, 437.95, 2.42, 0.26, -2.82, circuit_pos, 618.12, -133.17, 423.36, 2.41, 0.22, -2.87, tool_force, -6.38, -4.38, -21.02, actual_rep, 1, curr_step, 26, track_size, 143, robot_vel, 20.4, joints_pos, 1.99, 37.86, -15.57, -68.2, -14.38, 72.57, 37.54, tool_torque, 1.505, -1.087, 0.242, joint_torque, 0.98, -12.96, -2.61, 9.08, -2.45, -0.22, 0.19, robot_mode, normal, 
08/06/2022 15:46:18:807, robot_pos, 1654699452665, 618.97, -130.27, 432.71, 2.42, 0.24, -2.85, circuit_pos, 617.52, -136.77, 415.79, 2.4, 0.19, -2.9, tool_force, -6.92, -3.41, -20.05, actual_rep, 1, curr_step, 24, track_size, 143, robot_vel, 43.89, joints_pos, 1.45, 38.07, -15.53, -68.42, -12.48, 72.18, 36.56, tool_torque, 1.524, -0.733, 0.251, joint_torque, 0.15, -12.86, -3.09, 8.98, -2.44, -0.09, 0.24, robot_mode, normal, 
08/06/2022 15:46:19:009, robot_pos, 1654699452817, 618.57, -133.43, 427.07, 2.41, 0.21, -2.87, circuit_pos, 615.82, -140.88, 406.9, 2.4, 0.16, -2.93, tool_force, -6.29, -4.24, -20.8, actual_rep, 1, curr_step, 22, track_size, 143, robot_vel, 42.77, joints_pos, 0.7, 38.37, -15.42, -68.52, -10.4, 71.97, 35.44, tool_torque, 1.43, -0.758, 0.275, joint_torque, -0.07, -13.12, -3.18, 9.08, -2.2, -0.18, 0.22, robot_mode, normal, 
08/06/2022 15:46:19:109, robot_pos, 1654699452965, 617.79, -135.93, 421.3, 2.4, 0.19, -2.9, circuit_pos, 615.82, -140.88, 406.9, 2.4, 0.16, -2.93, tool_force, -6.19, -3.71, -21.33, actual_rep, 1, curr_step, 22, track_size, 143, robot_vel, 43.49, joints_pos, 0.12, 38.62, -15.37, -68.81, -8.59, 71.58, 34.4, tool_torque, 1.391, -0.702, 0.261, joint_torque, 0.13, -12.93, -2.92, 8.91, -1.99, -0.18, 0.2, robot_mode, normal, 
08/06/2022 15:46:19:311, robot_pos, 1654699453116, 617.01, -138.55, 415.49, 2.4, 0.17, -2.92, circuit_pos, 615.82, -140.88, 406.9, 2.4, 0.16, -2.93, tool_force, -5.6, -2.8, -21.61, actual_rep, 1, curr_step, 22, track_size, 143, robot_vel, 44.41, joints_pos, -0.43, 38.89, -15.37, -69.07, -6.81, 71.27, 33.33, tool_torque, 1.283, -0.694, 0.234, joint_torque, 0.11, -13.25, -2.91, 9.02, -1.88, -0.24, 0.18, robot_mode, normal, 
08/06/2022 15:46:19:413, robot_pos, 1654699453264, 616.48, -141.41, 410.95, 2.4, 0.16, -2.93, circuit_pos, 614.75, -143.33, 402.14, 2.4, 0.15, -2.94, tool_force, -6.93, -2.72, -20.83, actual_rep, 1, curr_step, 21, track_size, 143, robot_vel, 43.63, joints_pos, -0.81, 39.14, -15.41, -69.28, -5.94, 70.92, 32.63, tool_torque, 1.183, -0.334, 0.212, joint_torque, -0.34, -12.64, -2.81, 8.94, -1.7, -0.2, 0.19, robot_mode, normal, 
08/06/2022 15:46:19:615, robot_pos, 1654699453414, 615.58, -142.37, 407.62, 2.4, 0.15, -2.93, circuit_pos, 614.75, -143.33, 402.14, 2.4, 0.15, -2.94, tool_force, -6.17, -1.8, -20.62, actual_rep, 1, curr_step, 21, track_size, 143, robot_vel, 19.54, joints_pos, -0.97, 39.2, -15.45, -69.64, -5.31, 70.54, 32.23, tool_torque, 1.394, -0.413, 0.236, joint_torque, 0.13, -12.42, -2.65, 8.76, -1.76, -0.17, 0.2, robot_mode, normal, 
08/06/2022 15:46:19:715, robot_pos, 1654699453563, 614.96, -144.13, 404.5, 2.4, 0.15, -2.94, circuit_pos, 613.81, -145.58, 397.5, 2.39, 0.14, -2.95, tool_force, -3.36, -3.02, -22.23, actual_rep, 1, curr_step, 20, track_size, 143, robot_vel, 24.05, joints_pos, -1.17, 39.36, -15.51, -69.83, -4.8, 70.33, 31.99, tool_torque, 0.968, -0.437, 0.042, joint_torque, 0.89, -13.47, -2.02, 8.7, -1.4, -0.03, -0.01, robot_mode, normal, 
08/06/2022 15:46:19:917, robot_pos, 1654699453713, 614.38, -145.99, 401.53, 2.39, 0.14, -2.95, circuit_pos, 612.68, -148.32, 392.56, 2.39, 0.13, -2.97, tool_force, -6.51, -2.62, -21.2, actual_rep, 1, curr_step, 19, track_size, 143, robot_vel, 27.38, joints_pos, -1.45, 39.51, -15.53, -69.97, -4.09, 70.14, 31.79, tool_torque, 0.969, -0.372, 0.165, joint_torque, -0.28, -13.03, -2.6, 8.95, -1.52, -0.26, 0.17, robot_mode, normal, 
08/06/2022 15:46:20:020, robot_pos, 1654699453864, 613.71, -146.9, 398.65, 2.39, 0.14, -2.96, circuit_pos, 612.68, -148.32, 392.56, 2.39, 0.13, -2.97, tool_force, -4.25, -1.27, -21.68, actual_rep, 1, curr_step, 19, track_size, 143, robot_vel, 21.55, joints_pos, -1.68, 39.54, -15.5, -70.31, -3.34, 69.69, 31.3, tool_torque, 1.163, -0.556, 0.233, joint_torque, 0.84, -13.08, -2.2, 8.9, -1.46, -0.23, 0.18, robot_mode, normal, 
08/06/2022 15:46:20:219, robot_pos, 1654699454014, 612.92, -149.05, 395.73, 2.39, 0.13, -2.97, circuit_pos, 611.62, -150.79, 387.66, 2.39, 0.12, -2.98, tool_force, -4.48, -1.87, -21.48, actual_rep, 1, curr_step, 18, track_size, 143, robot_vel, 27.75, joints_pos, -1.98, 39.62, -15.49, -70.59, -2.71, 69.26, 30.75, tool_torque, 0.896, -0.337, 0.213, joint_torque, 0.28, -13.12, -2.27, 8.81, -1.22, -0.25, 0.18, robot_mode, normal, 
08/06/2022 15:46:20:351, robot_pos, 1654699454163, 612.24, -150.61, 392.35, 2.39, 0.12, -2.98, circuit_pos, 610.7, -153.31, 382.76, 2.4, 0.11, -3.0, tool_force, -4.63, -2.65, -22.46, actual_rep, 1, curr_step, 17, track_size, 143, robot_vel, 28.75, joints_pos, -2.25, 39.77, -15.52, -70.81, -1.86, 68.99, 30.15, tool_torque, 0.992, -0.521, 0.214, joint_torque, -0.14, -13.86, -2.73, 9.05, -1.44, -0.22, 0.18, robot_mode, normal, 
08/06/2022 15:46:20:523, robot_pos, 1654699454315, 611.94, -151.55, 389.85, 2.39, 0.12, -2.98, circuit_pos, 610.7, -153.31, 382.76, 2.4, 0.11, -3.0, tool_force, -3.49, -1.2, -21.72, actual_rep, 1, curr_step, 17, track_size, 143, robot_vel, 14.46, joints_pos, -2.37, 39.83, -15.5, -71.08, -1.58, 68.5, 29.65, tool_torque, 0.99, -0.339, 0.244, joint_torque, 0.83, -13.13, -1.97, 8.71, -1.1, -0.12, 0.2, robot_mode, normal, 
08/06/2022 15:46:20:624, robot_pos, 1654699454463, 611.21, -153.53, 387.35, 2.4, 0.11, -3.0, circuit_pos, 609.87, -155.68, 378.02, 2.4, 0.11, -3.02, tool_force, -5.25, -2.18, -21.43, actual_rep, 1, curr_step, 16, track_size, 143, robot_vel, 21.22, joints_pos, -2.76, 39.88, -15.5, -71.31, -0.37, 68.12, 28.48, tool_torque, 0.907, -0.311, 0.213, joint_torque, -0.34, -12.92, -2.62, 8.68, -1.22, -0.28, 0.19, robot_mode, normal, 
08/06/2022 15:46:20:827, robot_pos, 1654699454614, 610.95, -154.4, 383.95, 2.4, 0.11, -3.01, circuit_pos, 609.87, -155.68, 378.02, 2.4, 0.11, -3.02, tool_force, -3.48, -0.46, -22.17, actual_rep, 1, curr_step, 16, track_size, 143, robot_vel, 22.68, joints_pos, -2.93, 39.91, -15.46, -71.75, 0.18, 67.25, 28.16, tool_torque, 1.012, -0.439, 0.244, joint_torque, 0.74, -13.62, -2.26, 8.89, -1.12, -0.21, 0.18, robot_mode, normal, 
08/06/2022 15:46:20:922, robot_pos, 1654699454763, 609.97, -156.39, 381.14, 2.4, 0.11, -3.02, circuit_pos, 608.07, -159.76, 369.0, 2.4, 0.09, -3.05, tool_force, -4.71, -0.4, -20.82, actual_rep, 1, curr_step, 14, track_size, 143, robot_vel, 29.31, joints_pos, -3.17, 39.93, -15.5, -72.14, 0.79, 66.63, 27.6, tool_torque, 0.743, -0.24, 0.207, joint_torque, 0.36, -12.92, -2.0, 8.72, -0.85, -0.33, 0.17, robot_mode, normal, 
08/06/2022 15:46:21:126, robot_pos, 1654699454913, 609.15, -157.92, 376.48, 2.4, 0.1, -3.04, circuit_pos, 608.07, -159.76, 369.0, 2.4, 0.09, -3.05, tool_force, -4.0, -0.34, -21.89, actual_rep, 1, curr_step, 14, track_size, 143, robot_vel, 38.05, joints_pos, -3.57, 40.14, -15.49, -72.44, 2.27, 66.26, 26.62, tool_torque, 0.835, -0.373, 0.221, joint_torque, 0.3, -13.46, -2.23, 8.9, -0.9, -0.39, 0.17, robot_mode, normal, 
08/06/2022 15:46:21:234, robot_pos, 1654699455062, 608.76, -160.26, 372.74, 2.4, 0.09, -3.05, circuit_pos, 607.17, -161.73, 364.27, 2.4, 0.09, -3.07, tool_force, -5.3, 0.35, -20.97, actual_rep, 1, curr_step, 13, track_size, 143, robot_vel, 36.18, joints_pos, -3.96, 40.34, -15.45, -72.64, 3.13, 65.8, 25.88, tool_torque, 0.681, -0.077, 0.189, joint_torque, 0.17, -12.78, -2.05, 9.0, -0.65, -0.52, 0.13, robot_mode, normal, 
08/06/2022 15:46:21:534, robot_pos, 1654699455365, 607.38, -162.05, 366.98, 2.4, 0.09, -3.07, circuit_pos, 606.45, -163.34, 359.53, 2.4, 0.08, -3.09, tool_force, -2.45, 0.52, -21.64, actual_rep, 1, curr_step, 12, track_size, 143, robot_vel, 26.68, joints_pos, -4.29, 40.36, -15.47, -73.49, 4.5, 64.41, 24.89, tool_torque, 0.557, -0.18, 0.186, joint_torque, 0.88, -13.4, -1.56, 8.71, -0.42, -0.35, 0.13, robot_mode, normal, 
08/06/2022 15:46:21:738, robot_pos, 1654699455516, 606.99, -163.32, 364.27, 2.4, 0.08, -3.09, circuit_pos, 605.71, -164.8, 355.32, 2.4, 0.08, -3.1, tool_force, -4.26, -0.51, -22.06, actual_rep, 1, curr_step, 11, track_size, 143, robot_vel, 19.42, joints_pos, -4.63, 40.51, -15.48, -73.62, 5.84, 64.21, 23.95, tool_torque, 0.546, -0.204, 0.176, joint_torque, -0.58, -13.35, -2.5, 8.69, -0.64, -0.42, 0.15, robot_mode, normal, 
08/06/2022 15:46:21:836, robot_pos, 1654699455665, 606.53, -164.06, 360.36, 2.4, 0.08, -3.1, circuit_pos, 603.46, -167.34, 343.89, 2.38, 0.06, 3.14, tool_force, -3.69, 2.03, -21.01, actual_rep, 1, curr_step, 8, track_size, 143, robot_vel, 30.41, joints_pos, -4.77, 40.64, -15.45, -74.02, 6.33, 63.49, 23.77, tool_torque, 0.636, -0.173, 0.196, joint_torque, 0.94, -12.97, -1.51, 8.71, -0.32, -0.39, 0.12, robot_mode, normal, 
08/06/2022 15:46:22:042, robot_pos, 1654699455818, 605.16, -165.62, 354.45, 2.39, 0.07, -3.12, circuit_pos, 601.99, -167.58, 335.63, 2.38, 0.05, 3.11, tool_force, -3.08, 1.39, -22.18, actual_rep, 1, curr_step, 6, track_size, 143, robot_vel, 39.91, joints_pos, -5.26, 40.84, -15.39, -74.58, 8.25, 62.77, 22.75, tool_torque, 0.377, -0.18, 0.216, joint_torque, 0.22, -13.47, -1.92, 8.76, -0.19, -0.48, 0.15, robot_mode, normal, 
08/06/2022 15:46:22:144, robot_pos, 1654699455965, 604.29, -166.25, 348.75, 2.38, 0.06, -3.14, circuit_pos, 600.19, -167.61, 326.23, 2.37, 0.04, 3.1, tool_force, -3.52, 1.63, -21.92, actual_rep, 1, curr_step, 3, track_size, 143, robot_vel, 44.99, joints_pos, -5.56, 41.09, -15.33, -75.04, 9.55, 62.12, 22.16, tool_torque, 0.36, -0.22, 0.23, joint_torque, 0.16, -13.59, -1.97, 8.73, -0.1, -0.44, 0.15, robot_mode, normal, 
08/06/2022 15:46:22:347, robot_pos, 1654699456117, 603.14, -166.48, 342.92, 2.38, 0.05, 3.13, circuit_pos, 599.59, -167.21, 324.59, 2.36, 0.03, 3.09, tool_force, -3.36, 2.79, -21.38, actual_rep, 1, curr_step, 1, track_size, 143, robot_vel, 40.16, joints_pos, -5.76, 41.34, -15.34, -75.55, 10.77, 61.52, 21.69, tool_torque, 0.324, -0.136, 0.221, joint_torque, 0.46, -13.42, -1.65, 8.73, 0.01, -0.47, 0.15, robot_mode, normal, 
08/06/2022 15:46:22:444, robot_pos, 1654699456265, 601.96, -166.78, 337.16, 2.37, 0.04, 3.11, circuit_pos, 599.69, -167.03, 324.58, 2.36, 0.03, 3.09, tool_force, -2.48, 2.35, -21.69, actual_rep, 1, curr_step, 0, track_size, 143, robot_vel, 39.2, joints_pos, -5.99, 41.6, -15.36, -76.04, 12.11, 60.99, 21.17, tool_torque, 0.255, -0.091, 0.209, joint_torque, 0.47, -13.43, -1.5, 8.64, 0.16, -0.44, 0.15, robot_mode, normal, 
08/06/2022 15:46:22:647, robot_pos, 1654699456415, 600.8, -167.01, 331.28, 2.36, 0.03, 3.1, circuit_pos, 599.69, -167.03, 324.58, 2.36, 0.03, 3.09, tool_force, -2.62, 2.81, -21.57, actual_rep, 2, curr_step, 0, track_size, 143, robot_vel, 40.93, joints_pos, -6.22, 41.87, -15.35, -76.51, 13.47, 60.45, 20.62, tool_torque, 0.227, -0.029, 0.23, joint_torque, 0.24, -13.41, -1.65, 8.5, 0.21, -0.36, 0.16, robot_mode, normal, 
08/06/2022 15:46:23:059, robot_pos, 1654699456572, 600.23, -167.47, 328.97, 2.36, 0.03, 3.09, circuit_pos, 599.69, -167.03, 324.58, 2.36, 0.03, 3.09, tool_force, -1.21, 1.79, -22.43, actual_rep, 2, curr_step, 0, track_size, 143, robot_vel, 27.78, joints_pos, -6.3, 41.95, -15.4, -76.74, 14.01, 60.15, 20.33, tool_torque, -0.203, 0.022, 0.06, joint_torque, 0.01, -14.04, -1.41, 8.21, 0.32, -0.26, 0.05, robot_mode, normal, 
08/06/2022 15:46:23:905, robot_pos, 1654699456715, 599.95, -167.34, 328.88, 2.36, 0.03, 3.09, circuit_pos, 599.69, -167.03, 324.58, 2.36, 0.03, 3.09, tool_force, -2.79, 2.27, -21.23, actual_rep, 2, curr_step, 0, track_size, 143, robot_vel, 27.78, joints_pos, -6.28, 41.93, -15.42, -76.8, 14.01, 60.11, 20.35, tool_torque, -0.239, 0.084, 0.0020, joint_torque, 0.0, -13.3, -1.29, 8.42, 0.34, -0.44, 0.0, robot_mode, normal, 
