08/06/2022 11:38:18: File Created!
08/06/2022 11:38:18:569, robot_pos, 1654684571872, 613.84, -94.19, 298.75, 2.34, 0.01, 3.1, circuit_pos, 614.3, -90.51, 297.41, 2.34, 0.0, 3.1, tool_force, -1.33, -0.67, -0.2, actual_rep, 1, curr_step, 1, track_size, 72, robot_vel, 17.4, joints_pos, 3.1, 44.74, -19.38, -77.79, 17.81, 58.51, 25.93, tool_torque, 0.026, 0.064, 0.111, joint_torque, 0.09, -13.12, -2.05, 7.99, 0.32, -0.27, 0.04, robot_mode, sine_overlay, 
08/06/2022 11:38:18:674, robot_pos, 1654684572007, 614.37, -94.29, 302.52, 2.34, 0.01, 3.1, circuit_pos, 614.3, -90.51, 297.41, 2.34, 0.0, 3.1, tool_force, -0.46, -1.32, 2.28, actual_rep, 1, curr_step, 1, track_size, 72, robot_vel, 17.4, joints_pos, 3.1, 44.52, -19.45, -77.54, 17.81, 58.99, 25.94, tool_torque, -0.241, -0.392, 0.041, joint_torque, 0.2, -13.39, -1.96, 7.64, 0.26, -0.49, 0.0, robot_mode, sine_overlay, 
08/06/2022 11:38:18:875, robot_pos, 1654684572183, 614.4, -90.77, 302.02, 2.34, 0.0, 3.1, circuit_pos, 615.03, -85.14, 296.67, 2.36, 0.0, 3.09, tool_force, -1.97, -0.17, 0.89, actual_rep, 1, curr_step, 2, track_size, 72, robot_vel, 14.5, joints_pos, 3.28, 44.6, -19.19, -77.45, 17.97, 59.35, 25.91, tool_torque, -0.087, -0.17, 0.079, joint_torque, -0.34, -13.12, -2.34, 7.76, 0.17, -0.45, 0.04, robot_mode, sine_overlay, 
08/06/2022 11:38:18:977, robot_pos, 1654684572307, 615.5, -86.3, 301.29, 2.36, 0.0, 3.09, circuit_pos, 616.23, -78.75, 296.86, 2.37, 0.0, 3.09, tool_force, -2.16, -0.88, 0.71, actual_rep, 1, curr_step, 3, track_size, 72, robot_vel, 56.86, joints_pos, 3.47, 44.63, -19.05, -77.48, 18.29, 59.19, 25.36, tool_torque, 0.026, 0.214, 0.163, joint_torque, -0.56, -12.79, -2.29, 7.87, 0.23, -0.22, 0.15, robot_mode, sine_overlay, 
08/06/2022 11:38:19:156, robot_pos, 1654684572459, 616.17, -80.72, 301.22, 2.37, 0.0, 3.09, circuit_pos, 617.78, -71.85, 297.69, 2.37, -0.01, 3.09, tool_force, -0.29, -1.51, -1.26, actual_rep, 1, curr_step, 4, track_size, 72, robot_vel, 40.03, joints_pos, 3.95, 44.58, -19.01, -77.55, 18.45, 59.09, 25.22, tool_torque, -0.312, 0.13, 0.069, joint_torque, -0.54, -13.84, -2.13, 7.96, 0.37, -0.24, 0.06, robot_mode, sine_overlay, 
08/06/2022 11:38:19:282, robot_pos, 1654684572607, 617.12, -74.83, 301.73, 2.37, -0.01, 3.09, circuit_pos, 619.15, -64.3, 298.91, 2.37, -0.01, 3.09, tool_force, -0.43, -1.48, 0.37, actual_rep, 1, curr_step, 5, track_size, 72, robot_vel, 40.97, joints_pos, 4.45, 44.64, -19.01, -77.37, 18.61, 59.47, 25.59, tool_torque, -0.416, 0.038, -0.124, joint_torque, -0.31, -13.12, -1.91, 7.9, 0.38, -0.45, -0.14, robot_mode, sine_overlay, 
08/06/2022 11:38:19:465, robot_pos, 1654684572762, 618.42, -69.01, 302.31, 2.37, -0.01, 3.09, circuit_pos, 619.15, -64.3, 298.91, 2.37, -0.01, 3.09, tool_force, -0.1, -2.08, 0.14, actual_rep, 1, curr_step, 5, track_size, 72, robot_vel, 47.8, joints_pos, 4.94, 44.69, -19.01, -77.18, 18.66, 59.68, 26.05, tool_torque, -0.618, 0.085, -0.181, joint_torque, -0.41, -13.4, -1.82, 7.67, 0.42, -0.34, -0.17, robot_mode, sine_overlay, 
08/06/2022 11:38:19:575, robot_pos, 1654684572905, 619.23, -63.41, 303.01, 2.37, -0.01, 3.09, circuit_pos, 620.04, -56.04, 300.07, 2.37, -0.01, 3.09, tool_force, -0.72, -2.29, 0.37, actual_rep, 1, curr_step, 6, track_size, 72, robot_vel, 41.27, joints_pos, 5.45, 44.67, -19.03, -77.11, 18.67, 59.8, 26.58, tool_torque, -0.664, 0.089, -0.204, joint_torque, -0.42, -13.25, -1.67, 7.76, 0.44, -0.42, -0.18, robot_mode, sine_overlay, 
08/06/2022 11:38:19:730, robot_pos, 1654684573055, 619.84, -57.64, 303.8, 2.37, -0.01, 3.09, circuit_pos, 620.58, -46.71, 300.66, 2.36, -0.01, 3.09, tool_force, -1.5, -2.17, 0.88, actual_rep, 1, curr_step, 7, track_size, 72, robot_vel, 41.74, joints_pos, 6.0, 44.61, -19.05, -77.08, 18.66, 59.87, 27.21, tool_torque, -0.637, 0.227, -0.231, joint_torque, -0.71, -12.8, -1.77, 7.64, 0.41, -0.39, -0.2, robot_mode, sine_overlay, 
08/06/2022 11:38:19:879, robot_pos, 1654684573204, 620.35, -51.8, 304.26, 2.37, -0.01, 3.09, circuit_pos, 620.58, -46.71, 300.66, 2.36, -0.01, 3.09, tool_force, -0.8, -2.11, 0.36, actual_rep, 1, curr_step, 7, track_size, 72, robot_vel, 43.54, joints_pos, 6.54, 44.57, -19.06, -77.08, 18.65, 59.88, 27.99, tool_torque, -0.682, 0.17, -0.237, joint_torque, -0.49, -13.31, -1.7, 7.79, 0.45, -0.39, -0.2, robot_mode, sine_overlay, 
08/06/2022 11:38:20:031, robot_pos, 1654684573356, 620.64, -45.93, 304.52, 2.36, -0.01, 3.09, circuit_pos, 621.1, -36.42, 300.61, 2.35, -0.02, 3.09, tool_force, -0.58, -2.02, 0.36, actual_rep, 1, curr_step, 8, track_size, 72, robot_vel, 40.22, joints_pos, 7.08, 44.55, -19.06, -77.07, 18.66, 59.99, 28.84, tool_torque, -0.595, 0.181, -0.196, joint_torque, -0.4, -13.11, -1.7, 7.66, 0.45, -0.34, -0.19, robot_mode, sine_overlay, 
08/06/2022 11:38:20:181, robot_pos, 1654684573504, 620.91, -40.22, 304.68, 2.35, -0.02, 3.09, circuit_pos, 621.3, -26.89, 300.2, 2.34, -0.02, 3.09, tool_force, -0.94, -1.88, 0.76, actual_rep, 1, curr_step, 9, track_size, 72, robot_vel, 43.04, joints_pos, 7.55, 44.56, -19.05, -77.02, 18.81, 60.2, 29.58, tool_torque, -0.588, 0.123, -0.199, joint_torque, -0.53, -12.91, -1.8, 7.65, 0.42, -0.43, -0.19, robot_mode, sine_overlay, 
08/06/2022 11:38:20:331, robot_pos, 1654684573652, 621.28, -34.37, 304.55, 2.35, -0.02, 3.09, circuit_pos, 621.3, -26.89, 300.2, 2.34, -0.02, 3.09, tool_force, -0.67, -2.02, 0.31, actual_rep, 1, curr_step, 9, track_size, 72, robot_vel, 43.49, joints_pos, 8.08, 44.58, -19.05, -77.01, 18.85, 60.23, 30.43, tool_torque, -0.584, 0.217, -0.205, joint_torque, -0.61, -13.17, -1.82, 7.71, 0.4, -0.35, -0.18, robot_mode, sine_overlay, 
08/06/2022 11:38:20:482, robot_pos, 1654684573800, 621.51, -28.64, 304.45, 2.34, -0.02, 3.09, circuit_pos, 621.41, -16.2, 299.67, 2.34, -0.02, 3.09, tool_force, -0.86, -1.64, 0.25, actual_rep, 1, curr_step, 10, track_size, 72, robot_vel, 40.14, joints_pos, 8.61, 44.59, -19.05, -77.02, 18.88, 60.24, 31.29, tool_torque, -0.479, 0.227, -0.184, joint_torque, -0.4, -13.14, -1.76, 7.8, 0.42, -0.31, -0.18, robot_mode, sine_overlay, 
08/06/2022 11:38:20:634, robot_pos, 1654684573949, 621.68, -22.82, 304.25, 2.34, -0.02, 3.09, circuit_pos, 621.41, -16.2, 299.67, 2.34, -0.02, 3.09, tool_force, -1.24, -1.54, 0.13, actual_rep, 1, curr_step, 10, track_size, 72, robot_vel, 40.64, joints_pos, 9.15, 44.59, -19.05, -77.04, 18.88, 60.22, 31.85, tool_torque, -0.445, 0.365, -0.193, joint_torque, -0.51, -13.13, -1.74, 7.79, 0.42, -0.2, -0.17, robot_mode, sine_overlay, 
08/06/2022 11:38:20:783, robot_pos, 1654684574098, 621.78, -17.02, 304.03, 2.34, -0.02, 3.09, circuit_pos, 621.4, -3.17, 299.31, 2.33, -0.02, 3.09, tool_force, -1.31, -1.32, 0.03, actual_rep, 1, curr_step, 11, track_size, 72, robot_vel, 36.15, joints_pos, 9.69, 44.6, -19.05, -77.07, 18.9, 60.17, 32.51, tool_torque, -0.387, 0.445, -0.197, joint_torque, -0.63, -13.14, -1.84, 7.86, 0.42, -0.16, -0.18, robot_mode, sine_overlay, 
08/06/2022 11:38:20:938, robot_pos, 1654684574248, 621.85, -11.24, 303.84, 2.34, -0.02, 3.09, circuit_pos, 621.4, -3.17, 299.31, 2.33, -0.02, 3.09, tool_force, -1.14, -0.81, -0.01, actual_rep, 1, curr_step, 11, track_size, 72, robot_vel, 40.99, joints_pos, 10.23, 44.6, -19.06, -77.11, 18.9, 60.11, 33.24, tool_torque, -0.355, 0.481, -0.2, joint_torque, -0.41, -13.1, -1.68, 7.85, 0.43, -0.13, -0.18, robot_mode, sine_overlay, 
08/06/2022 11:38:21:087, robot_pos, 1654684574395, 621.88, -5.39, 303.7, 2.33, -0.02, 3.09, circuit_pos, 621.31, 7.17, 299.27, 2.33, -0.02, 3.09, tool_force, -1.32, -0.82, 0.08, actual_rep, 1, curr_step, 12, track_size, 72, robot_vel, 37.18, joints_pos, 10.78, 44.59, -19.06, -77.13, 18.9, 60.06, 33.93, tool_torque, -0.339, 0.52, -0.196, joint_torque, -0.41, -13.0, -1.62, 7.86, 0.45, -0.14, -0.18, robot_mode, sine_overlay, 
08/06/2022 11:38:21:259, robot_pos, 1654684574566, 621.86, 1.15, 303.61, 2.33, -0.02, 3.09, circuit_pos, 621.31, 7.17, 299.27, 2.33, -0.02, 3.09, tool_force, -1.57, -0.94, -0.03, actual_rep, 1, curr_step, 12, track_size, 72, robot_vel, 38.65, joints_pos, 11.4, 44.59, -19.06, -77.16, 18.9, 60.0, 34.63, tool_torque, -0.365, 0.511, -0.207, joint_torque, -0.52, -13.12, -1.74, 7.95, 0.43, -0.19, -0.19, robot_mode, sine_overlay, 
08/06/2022 11:38:21:410, robot_pos, 1654684574717, 621.84, 7.08, 303.63, 2.33, -0.02, 3.09, circuit_pos, 621.22, 18.66, 299.53, 2.33, -0.02, 3.09, tool_force, -1.3, -0.83, -0.03, actual_rep, 1, curr_step, 13, track_size, 72, robot_vel, 37.78, joints_pos, 11.94, 44.58, -19.07, -77.17, 18.9, 59.97, 35.18, tool_torque, -0.355, 0.525, -0.202, joint_torque, -0.57, -13.14, -1.75, 7.93, 0.44, -0.16, -0.18, robot_mode, sine_overlay, 
08/06/2022 11:38:21:742, robot_pos, 1654684575014, 621.74, 18.59, 303.89, 2.33, -0.02, 3.09, circuit_pos, 621.3, 29.46, 300.25, 2.32, -0.02, 3.09, tool_force, -1.33, -1.12, 0.14, actual_rep, 1, curr_step, 14, track_size, 72, robot_vel, 37.56, joints_pos, 13.01, 44.56, -19.07, -77.17, 18.88, 59.92, 36.41, tool_torque, -0.372, 0.519, -0.177, joint_torque, -0.51, -13.06, -1.74, 7.83, 0.47, -0.16, -0.17, robot_mode, sine_overlay, 
08/06/2022 11:38:21:857, robot_pos, 1654684575163, 621.7, 24.42, 304.18, 2.32, -0.02, 3.09, circuit_pos, 621.3, 29.46, 300.25, 2.32, -0.02, 3.09, tool_force, -0.94, -1.12, 0.02, actual_rep, 1, curr_step, 14, track_size, 72, robot_vel, 40.36, joints_pos, 13.55, 44.54, -19.07, -77.14, 18.85, 59.91, 37.23, tool_torque, -0.39, 0.456, -0.152, joint_torque, -0.46, -13.16, -1.72, 7.82, 0.47, -0.18, -0.14, robot_mode, sine_overlay, 
08/06/2022 11:38:22:024, robot_pos, 1654684575314, 621.76, 30.17, 304.63, 2.32, -0.02, 3.09, circuit_pos, 621.5, 39.55, 301.39, 2.31, -0.02, 3.09, tool_force, -0.78, -1.35, 0.14, actual_rep, 1, curr_step, 15, track_size, 72, robot_vel, 36.51, joints_pos, 14.07, 44.53, -19.08, -77.09, 18.83, 59.91, 38.05, tool_torque, -0.465, 0.455, -0.153, joint_torque, -0.55, -13.17, -1.72, 7.76, 0.49, -0.22, -0.13, robot_mode, sine_overlay, 
08/06/2022 11:38:22:160, robot_pos, 1654684575461, 621.78, 35.9, 305.15, 2.31, -0.02, 3.09, circuit_pos, 621.68, 48.29, 302.56, 2.3, -0.02, 3.09, tool_force, -0.6, -1.4, 0.19, actual_rep, 1, curr_step, 16, track_size, 72, robot_vel, 39.81, joints_pos, 14.6, 44.52, -19.08, -77.02, 18.79, 59.93, 38.93, tool_torque, -0.514, 0.386, -0.166, joint_torque, -0.61, -13.2, -1.79, 7.76, 0.47, -0.29, -0.14, robot_mode, sine_overlay, 
08/06/2022 11:38:22:348, robot_pos, 1654684575611, 621.85, 41.7, 305.83, 2.31, -0.02, 3.09, circuit_pos, 621.68, 48.29, 302.56, 2.3, -0.02, 3.09, tool_force, -0.72, -1.66, 0.42, actual_rep, 1, curr_step, 16, track_size, 72, robot_vel, 38.26, joints_pos, 15.13, 44.51, -19.08, -76.93, 18.76, 59.97, 39.85, tool_torque, -0.555, 0.326, -0.15, joint_torque, -0.54, -13.1, -1.71, 7.74, 0.51, -0.35, -0.14, robot_mode, sine_overlay, 
08/06/2022 11:38:22:461, robot_pos, 1654684575760, 621.93, 47.47, 306.52, 2.3, -0.02, 3.09, circuit_pos, 621.78, 57.42, 303.83, 2.3, -0.01, 3.09, tool_force, -1.32, -2.25, 0.47, actual_rep, 1, curr_step, 17, track_size, 72, robot_vel, 39.66, joints_pos, 15.66, 44.51, -19.09, -76.82, 18.71, 60.02, 40.79, tool_torque, -0.57, 0.322, -0.18, joint_torque, -1.28, -13.09, -2.23, 7.6, 0.29, -0.41, -0.14, robot_mode, sine_overlay, 
08/06/2022 11:38:22:651, robot_pos, 1654684575891, 622.09, 48.0, 307.76, 2.3, -0.02, 3.09, circuit_pos, 621.78, 57.42, 303.83, 2.3, -0.01, 3.09, tool_force, -0.12, -0.84, 1.37, actual_rep, 1, curr_step, 17, track_size, 72, robot_vel, 3.08, joints_pos, 15.83, 44.44, -19.28, -76.76, 18.72, 60.09, 40.92, tool_torque, -0.568, 0.398, -0.036, joint_torque, 0.34, -12.11, -0.84, 7.89, 0.77, -0.54, 0.0, robot_mode, sine_overlay, 
08/06/2022 11:38:22:766, robot_pos, 1654684576039, 622.94, 51.93, 314.22, 2.3, -0.02, 3.09, circuit_pos, 621.78, 57.42, 303.83, 2.3, -0.01, 3.09, tool_force, -2.18, -1.33, 2.17, actual_rep, 1, curr_step, 17, track_size, 72, robot_vel, 57.29, joints_pos, 16.06, 44.06, -19.12, -76.33, 18.38, 60.72, 41.47, tool_torque, -0.382, 0.396, -0.117, joint_torque, -0.66, -12.36, -1.87, 7.72, 0.48, -0.44, -0.12, robot_mode, sine_overlay, 
08/06/2022 11:38:22:956, robot_pos, 1654684576189, 622.66, 57.48, 311.73, 2.3, -0.01, 3.09, circuit_pos, 621.78, 57.42, 303.83, 2.3, -0.01, 3.09, tool_force, -1.36, -1.75, -0.84, actual_rep, 1, curr_step, 17, track_size, 72, robot_vel, 41.09, joints_pos, 16.58, 44.21, -19.01, -76.46, 17.97, 60.17, 42.25, tool_torque, -0.096, 0.299, -0.101, joint_torque, -0.91, -13.28, -2.38, 7.6, 0.14, -0.07, -0.11, robot_mode, sine_overlay, 
08/06/2022 11:38:23:105, robot_pos, 1654684576363, 622.76, 57.63, 310.68, 2.3, -0.01, 3.09, circuit_pos, 621.78, 57.42, 303.83, 2.3, -0.01, 3.09, tool_force, -1.49, -0.42, 0.24, actual_rep, 1, curr_step, 17, track_size, 72, robot_vel, 6.12, joints_pos, 16.69, 44.32, -19.17, -76.46, 18.13, 60.11, 42.22, tool_torque, -0.148, 0.346, 0.034, joint_torque, -0.6, -12.97, -1.82, 7.97, 0.3, -0.29, 0.1, robot_mode, sine_overlay, 
08/06/2022 11:38:23:271, robot_pos, 1654684576510, 623.05, 57.54, 311.5, 2.3, -0.01, 3.09, circuit_pos, 621.78, 57.42, 303.83, 2.3, -0.01, 3.09, tool_force, -0.21, -0.6, -0.27, actual_rep, 1, curr_step, 17, track_size, 72, robot_vel, 9.55, joints_pos, 16.67, 44.29, -19.17, -76.37, 18.13, 60.22, 42.21, tool_torque, -0.365, 0.127, 0.032, joint_torque, -0.11, -13.64, -1.65, 8.27, 0.41, -0.5, 0.07, robot_mode, sine_overlay, 
08/06/2022 11:38:23:422, robot_pos, 1654684576664, 623.19, 57.25, 315.62, 2.3, -0.01, 3.09, circuit_pos, 621.78, 57.42, 303.83, 2.3, -0.01, 3.09, tool_force, 0.11, -1.22, 0.54, actual_rep, 1, curr_step, 17, track_size, 72, robot_vel, 28.76, joints_pos, 16.65, 44.0, -19.22, -76.22, 18.05, 60.63, 42.21, tool_torque, -0.418, 0.153, 0.014, joint_torque, -0.14, -13.21, -1.58, 7.88, 0.43, -0.44, 0.05, robot_mode, sine_overlay, 
08/06/2022 11:38:23:574, robot_pos, 1654684576810, 622.84, 57.05, 319.53, 2.3, -0.01, 3.09, circuit_pos, 621.78, 57.42, 303.83, 2.3, -0.01, 3.09, tool_force, 0.09, -1.42, 0.64, actual_rep, 1, curr_step, 17, track_size, 72, robot_vel, 26.93, joints_pos, 16.65, 43.66, -19.24, -76.17, 17.92, 60.97, 42.29, tool_torque, -0.503, 0.162, -0.074, joint_torque, -0.23, -12.88, -1.58, 7.77, 0.43, -0.49, -0.05, robot_mode, sine_overlay, 
08/06/2022 11:38:23:774, robot_pos, 1654684576961, 622.48, 56.87, 321.2, 2.3, -0.01, 3.09, circuit_pos, 621.78, 57.42, 303.83, 2.3, -0.01, 3.09, tool_force, -0.25, -1.02, 0.58, actual_rep, 1, curr_step, 17, track_size, 72, robot_vel, 10.11, joints_pos, 16.65, 43.5, -19.25, -76.19, 17.84, 61.1, 42.32, tool_torque, -0.477, 0.177, -0.062, joint_torque, -0.17, -13.09, -1.61, 7.9, 0.46, -0.44, -0.05, robot_mode, sine_overlay, 
08/06/2022 11:38:23:874, robot_pos, 1654684577109, 622.17, 56.95, 319.8, 2.3, -0.01, 3.09, circuit_pos, 621.78, 57.42, 303.83, 2.3, -0.01, 3.09, tool_force, -0.37, -0.93, -0.13, actual_rep, 1, curr_step, 17, track_size, 72, robot_vel, 9.7, joints_pos, 16.66, 43.58, -19.22, -76.29, 17.84, 60.96, 42.32, tool_torque, -0.222, 0.332, -0.032, joint_torque, -0.21, -13.13, -1.69, 7.97, 0.42, -0.27, -0.03, robot_mode, sine_overlay, 
08/06/2022 11:38:24:076, robot_pos, 1654684577259, 622.26, 57.26, 315.57, 2.3, -0.01, 3.09, circuit_pos, 621.78, 57.42, 303.83, 2.3, -0.01, 3.09, tool_force, -0.97, -0.19, -0.31, actual_rep, 1, curr_step, 17, track_size, 72, robot_vel, 29.88, joints_pos, 16.67, 43.9, -19.17, -76.41, 17.93, 60.55, 42.32, tool_torque, -0.11, 0.284, 0.03, joint_torque, -0.34, -13.41, -1.91, 8.14, 0.35, -0.23, 0.03, robot_mode, sine_overlay, 
08/06/2022 11:38:24:176, robot_pos, 1654684577408, 622.53, 57.55, 310.96, 2.3, -0.01, 3.09, circuit_pos, 621.78, 57.42, 303.83, 2.3, -0.01, 3.09, tool_force, -1.04, -0.15, -0.94, actual_rep, 1, curr_step, 17, track_size, 72, robot_vel, 30.76, joints_pos, 16.67, 44.28, -19.14, -76.49, 18.06, 60.13, 42.27, tool_torque, -0.076, 0.244, 0.113, joint_torque, -0.43, -13.5, -2.02, 8.25, 0.34, -0.3, 0.13, robot_mode, sine_overlay, 
08/06/2022 11:38:24:293, robot_pos, 1654684577556, 622.92, 58.36, 308.15, 2.3, -0.01, 3.09, circuit_pos, 621.7, 64.77, 304.79, 2.29, -0.01, 3.09, tool_force, -0.42, 0.27, -0.52, actual_rep, 1, curr_step, 18, track_size, 72, robot_vel, 20.63, joints_pos, 16.7, 44.54, -19.09, -76.49, 18.21, 59.89, 42.27, tool_torque, -0.287, 0.528, 0.059, joint_torque, -0.04, -13.62, -1.44, 8.2, 0.66, -0.18, 0.07, robot_mode, sine_overlay, 
08/06/2022 11:38:24:459, robot_pos, 1654684577709, 623.21, 64.1, 308.89, 2.29, -0.01, 3.09, circuit_pos, 621.58, 73.04, 305.87, 2.28, -0.01, 3.09, tool_force, -0.87, -2.09, -0.25, actual_rep, 1, curr_step, 19, track_size, 72, robot_vel, 40.06, joints_pos, 17.13, 44.54, -18.99, -76.32, 18.17, 59.94, 43.28, tool_torque, -0.41, 0.342, -0.117, joint_torque, -0.73, -13.47, -2.02, 7.91, 0.43, -0.35, -0.12, robot_mode, sine_overlay, 
08/06/2022 11:38:24:596, robot_pos, 1654684577855, 623.21, 69.74, 312.83, 2.29, -0.01, 3.09, circuit_pos, 621.58, 73.04, 305.87, 2.28, -0.01, 3.09, tool_force, -0.66, -1.51, 0.16, actual_rep, 1, curr_step, 19, track_size, 72, robot_vel, 44.92, joints_pos, 17.67, 44.32, -19.04, -76.06, 17.98, 60.34, 44.34, tool_torque, -0.53, 0.244, -0.138, joint_torque, -0.59, -13.48, -1.91, 7.87, 0.39, -0.44, -0.12, robot_mode, sine_overlay, 
08/06/2022 11:38:24:746, robot_pos, 1654684578005, 622.92, 73.13, 318.1, 2.28, -0.01, 3.09, circuit_pos, 621.58, 73.04, 305.87, 2.28, -0.01, 3.09, tool_force, -0.6, -1.82, 0.39, actual_rep, 1, curr_step, 19, track_size, 72, robot_vel, 47.64, joints_pos, 18.1, 43.97, -19.23, -75.85, 17.77, 60.87, 45.0, tool_torque, -0.528, 0.108, -0.144, joint_torque, -0.64, -13.41, -1.94, 7.95, 0.27, -0.57, -0.1, robot_mode, sine_overlay, 
08/06/2022 11:38:24:894, robot_pos, 1654684578152, 622.52, 72.72, 321.98, 2.28, -0.01, 3.09, circuit_pos, 621.58, 73.04, 305.87, 2.28, -0.01, 3.09, tool_force, -0.12, -0.99, 0.75, actual_rep, 1, curr_step, 19, track_size, 72, robot_vel, 28.96, joints_pos, 18.12, 43.64, -19.32, -75.82, 17.77, 61.22, 45.03, tool_torque, -0.489, 0.14, -0.019, joint_torque, -0.2, -13.04, -1.56, 7.86, 0.41, -0.52, 0.03, robot_mode, sine_overlay, 
08/06/2022 11:38:25:082, robot_pos, 1654684578303, 622.24, 72.57, 323.21, 2.28, -0.01, 3.09, circuit_pos, 621.58, 73.04, 305.87, 2.28, -0.01, 3.09, tool_force, -0.37, -0.98, 0.42, actual_rep, 1, curr_step, 19, track_size, 72, robot_vel, 3.75, joints_pos, 18.11, 43.52, -19.32, -75.84, 17.76, 61.32, 45.03, tool_torque, -0.425, 0.2, -0.0020, joint_torque, -0.3, -13.26, -1.67, 8.03, 0.44, -0.45, 0.03, robot_mode, sine_overlay, 
08/06/2022 11:38:25:196, robot_pos, 1654684578452, 621.94, 72.69, 321.35, 2.28, -0.01, 3.09, circuit_pos, 621.58, 73.04, 305.87, 2.28, -0.01, 3.09, tool_force, -0.91, -0.02, 0.26, actual_rep, 1, curr_step, 19, track_size, 72, robot_vel, 16.63, joints_pos, 18.11, 43.63, -19.27, -75.95, 17.75, 61.15, 45.03, tool_torque, -0.213, 0.295, 0.018, joint_torque, -0.39, -13.19, -1.86, 8.27, 0.41, -0.42, 0.03, robot_mode, sine_overlay, 
08/06/2022 11:38:25:388, robot_pos, 1654684578602, 622.08, 72.95, 316.95, 2.28, -0.01, 3.09, circuit_pos, 621.58, 73.04, 305.87, 2.28, -0.01, 3.09, tool_force, -0.73, -0.2, -0.29, actual_rep, 1, curr_step, 19, track_size, 72, robot_vel, 29.98, joints_pos, 18.1, 43.96, -19.2, -76.08, 17.8, 60.7, 45.03, tool_torque, -0.091, 0.293, 0.048, joint_torque, -0.24, -13.26, -1.87, 8.16, 0.39, -0.24, 0.04, robot_mode, sine_overlay, 
08/06/2022 11:38:25:501, robot_pos, 1654684578751, 622.34, 73.18, 312.48, 2.28, -0.01, 3.09, circuit_pos, 621.58, 73.04, 305.87, 2.28, -0.01, 3.09, tool_force, -0.59, -0.04, -0.5, actual_rep, 1, curr_step, 19, track_size, 72, robot_vel, 28.9, joints_pos, 18.1, 44.33, -19.18, -76.17, 17.96, 60.28, 44.95, tool_torque, 0.022, 0.245, 0.156, joint_torque, -0.2, -13.3, -1.88, 8.17, 0.37, -0.23, 0.16, robot_mode, sine_overlay, 
08/06/2022 11:38:25:688, robot_pos, 1654684578901, 622.67, 74.63, 310.06, 2.28, -0.01, 3.09, circuit_pos, 621.28, 81.29, 306.83, 2.28, -0.01, 3.09, tool_force, -0.59, -0.28, -0.69, actual_rep, 1, curr_step, 20, track_size, 72, robot_vel, 18.64, joints_pos, 18.14, 44.55, -19.06, -76.14, 18.1, 60.09, 44.95, tool_torque, -0.273, 0.514, 0.077, joint_torque, -0.52, -13.51, -1.81, 8.16, 0.55, -0.26, 0.1, robot_mode, sine_overlay, 
08/06/2022 11:38:25:804, robot_pos, 1654684579051, 622.78, 80.34, 311.2, 2.28, -0.01, 3.09, circuit_pos, 620.78, 89.35, 307.67, 2.27, -0.01, 3.09, tool_force, -0.61, -0.32, 0.63, actual_rep, 1, curr_step, 21, track_size, 72, robot_vel, 38.27, joints_pos, 18.56, 44.53, -18.94, -75.93, 17.96, 60.22, 45.68, tool_torque, -0.471, 0.292, -0.097, joint_torque, -0.36, -13.28, -1.82, 8.2, 0.51, -0.56, -0.1, robot_mode, sine_overlay, 
08/06/2022 11:38:25:992, robot_pos, 1654684579201, 622.6, 86.05, 315.75, 2.27, -0.01, 3.09, circuit_pos, 620.78, 89.35, 307.67, 2.27, -0.01, 3.09, tool_force, -0.71, -1.73, 0.34, actual_rep, 1, curr_step, 21, track_size, 72, robot_vel, 50.25, joints_pos, 19.13, 44.26, -19.01, -75.67, 17.8, 60.67, 46.65, tool_torque, -0.521, 0.335, -0.141, joint_torque, -0.49, -13.13, -1.74, 7.89, 0.44, -0.49, -0.11, robot_mode, sine_overlay, 
08/06/2022 11:38:26:105, robot_pos, 1654684579349, 622.11, 89.39, 320.63, 2.27, -0.01, 3.09, circuit_pos, 620.78, 89.35, 307.67, 2.27, -0.01, 3.09, tool_force, 0.08, -1.19, 0.35, actual_rep, 1, curr_step, 21, track_size, 72, robot_vel, 48.65, joints_pos, 19.55, 43.93, -19.21, -75.5, 17.61, 61.14, 47.22, tool_torque, -0.507, 0.089, -0.113, joint_torque, -0.13, -13.36, -1.59, 8.04, 0.35, -0.58, -0.08, robot_mode, sine_overlay, 
08/06/2022 11:38:26:291, robot_pos, 1654684579501, 621.66, 89.08, 324.23, 2.27, -0.01, 3.09, circuit_pos, 620.78, 89.35, 307.67, 2.27, -0.01, 3.09, tool_force, -0.54, -0.62, 1.35, actual_rep, 1, curr_step, 21, track_size, 72, robot_vel, 20.62, joints_pos, 19.58, 43.61, -19.31, -75.48, 17.62, 61.47, 47.24, tool_torque, -0.489, 0.143, -0.043, joint_torque, -0.27, -13.08, -1.62, 8.1, 0.39, -0.59, 0.0, robot_mode, sine_overlay, 
08/06/2022 11:38:26:403, robot_pos, 1654684579650, 621.38, 88.95, 324.94, 2.27, -0.01, 3.09, circuit_pos, 620.78, 89.35, 307.67, 2.27, -0.01, 3.09, tool_force, -0.09, -0.78, 0.3, actual_rep, 1, curr_step, 21, track_size, 72, robot_vel, 1.86, joints_pos, 19.57, 43.54, -19.31, -75.51, 17.62, 61.54, 47.23, tool_torque, -0.351, 0.217, 0.018, joint_torque, -0.16, -12.94, -1.57, 7.92, 0.42, -0.43, 0.05, robot_mode, sine_overlay, 
08/06/2022 11:38:26:594, robot_pos, 1654684579802, 621.2, 89.08, 322.42, 2.27, -0.01, 3.09, circuit_pos, 620.78, 89.35, 307.67, 2.27, -0.01, 3.09, tool_force, -1.03, -0.06, 0.27, actual_rep, 1, curr_step, 21, track_size, 72, robot_vel, 20.01, joints_pos, 19.57, 43.7, -19.25, -75.64, 17.62, 61.26, 47.23, tool_torque, -0.085, 0.294, 0.057, joint_torque, -0.28, -13.13, -1.8, 8.12, 0.4, -0.26, 0.05, robot_mode, sine_overlay, 
08/06/2022 11:38:26:709, robot_pos, 1654684579950, 621.31, 89.37, 317.97, 2.27, -0.01, 3.09, circuit_pos, 620.78, 89.35, 307.67, 2.27, -0.01, 3.09, tool_force, -0.64, -0.16, -0.39, actual_rep, 1, curr_step, 21, track_size, 72, robot_vel, 32.92, joints_pos, 19.57, 44.04, -19.2, -75.76, 17.71, 60.84, 47.2, tool_torque, -0.074, 0.218, 0.092, joint_torque, -0.26, -13.55, -1.93, 8.27, 0.35, -0.29, 0.09, robot_mode, sine_overlay, 
08/06/2022 11:38:26:899, robot_pos, 1654684580101, 621.63, 89.51, 313.61, 2.27, -0.01, 3.09, circuit_pos, 620.78, 89.35, 307.67, 2.27, -0.01, 3.09, tool_force, -0.41, -0.03, -0.95, actual_rep, 1, curr_step, 21, track_size, 72, robot_vel, 29.41, joints_pos, 19.57, 44.41, -19.19, -75.84, 17.87, 60.44, 47.12, tool_torque, -0.028, 0.216, 0.165, joint_torque, -0.19, -13.65, -1.88, 8.29, 0.38, -0.26, 0.17, robot_mode, sine_overlay, 
08/06/2022 11:38:27:056, robot_pos, 1654684580251, 621.89, 92.15, 311.89, 2.27, -0.02, 3.09, circuit_pos, 619.96, 103.53, 309.26, 2.26, -0.02, 3.08, tool_force, -1.13, 0.17, -0.31, actual_rep, 1, curr_step, 23, track_size, 72, robot_vel, 16.73, joints_pos, 19.62, 44.57, -18.98, -75.78, 18.29, 60.3, 47.1, tool_torque, -0.093, 0.028, 0.165, joint_torque, -0.06, -13.81, -2.19, 8.05, 0.24, -0.31, 0.12, robot_mode, sine_overlay, 
08/06/2022 11:38:27:189, robot_pos, 1654684580401, 621.89, 97.5, 313.53, 2.27, -0.02, 3.08, circuit_pos, 619.96, 103.53, 309.26, 2.26, -0.02, 3.08, tool_force, -0.63, -0.9, -0.07, actual_rep, 1, curr_step, 23, track_size, 72, robot_vel, 43.37, joints_pos, 19.92, 44.48, -18.87, -75.62, 18.55, 60.42, 47.55, tool_torque, -0.425, 0.255, -0.089, joint_torque, -0.58, -13.78, -2.0, 8.25, 0.44, -0.5, -0.09, robot_mode, sine_overlay, 
08/06/2022 11:38:27:313, robot_pos, 1654684580550, 621.59, 103.02, 318.22, 2.26, -0.02, 3.08, circuit_pos, 619.96, 103.53, 309.26, 2.26, -0.02, 3.08, tool_force, -1.52, -2.08, 0.06, actual_rep, 1, curr_step, 23, track_size, 72, robot_vel, 51.19, joints_pos, 20.43, 44.19, -18.93, -75.37, 18.52, 60.84, 48.47, tool_torque, -0.511, 0.242, -0.144, joint_torque, -1.61, -13.16, -2.57, 7.64, 0.15, -0.49, -0.1, robot_mode, sine_overlay, 
08/06/2022 11:38:27:463, robot_pos, 1654684580697, 621.21, 103.2, 322.97, 2.26, -0.02, 3.08, circuit_pos, 619.96, 103.53, 309.26, 2.26, -0.02, 3.08, tool_force, -0.56, -0.52, 0.92, actual_rep, 1, curr_step, 23, track_size, 72, robot_vel, 33.08, joints_pos, 20.66, 43.86, -19.26, -75.26, 18.48, 61.33, 48.58, tool_torque, -0.656, 0.452, -0.121, joint_torque, -0.49, -13.31, -1.45, 8.08, 0.55, -0.55, -0.03, robot_mode, sine_overlay, 
08/06/2022 11:38:27:613, robot_pos, 1654684580850, 620.84, 103.08, 326.13, 2.26, -0.02, 3.08, circuit_pos, 619.96, 103.53, 309.26, 2.26, -0.02, 3.08, tool_force, -0.1, -0.96, 0.8, actual_rep, 1, curr_step, 23, track_size, 72, robot_vel, 21.2, joints_pos, 20.65, 43.58, -19.28, -75.24, 18.48, 61.59, 48.58, tool_torque, -0.574, 0.248, -0.049, joint_torque, -0.46, -13.13, -1.61, 7.93, 0.46, -0.56, 0.01, robot_mode, sine_overlay, 
08/06/2022 11:38:27:807, robot_pos, 1654684580996, 620.51, 103.0, 326.36, 2.26, -0.02, 3.08, circuit_pos, 619.96, 103.53, 309.26, 2.26, -0.02, 3.08, tool_force, -0.53, -0.11, 1.0, actual_rep, 1, curr_step, 23, track_size, 72, robot_vel, 4.54, joints_pos, 20.65, 43.54, -19.26, -75.29, 18.43, 61.63, 48.59, tool_torque, -0.396, 0.364, -0.067, joint_torque, -0.45, -12.92, -1.67, 8.16, 0.5, -0.53, -0.04, robot_mode, sine_overlay, 
08/06/2022 11:38:27:915, robot_pos, 1654684581148, 620.41, 103.12, 323.41, 2.26, -0.02, 3.08, circuit_pos, 619.96, 103.53, 309.26, 2.26, -0.02, 3.08, tool_force, -0.6, -0.08, -0.19, actual_rep, 1, curr_step, 23, track_size, 72, robot_vel, 23.59, joints_pos, 20.65, 43.74, -19.2, -75.42, 18.44, 61.31, 48.59, tool_torque, -0.182, 0.406, 0.0, joint_torque, -0.34, -13.35, -1.76, 8.16, 0.5, -0.23, 0.0, robot_mode, sine_overlay, 
08/06/2022 11:38:28:111, robot_pos, 1654684581298, 620.58, 103.53, 318.75, 2.26, -0.02, 3.08, circuit_pos, 619.96, 103.53, 309.26, 2.26, -0.02, 3.08, tool_force, -0.41, 0.14, -0.3, actual_rep, 1, curr_step, 23, track_size, 72, robot_vel, 31.92, joints_pos, 20.65, 44.1, -19.14, -75.54, 18.55, 60.86, 48.58, tool_torque, -0.103, 0.288, 0.077, joint_torque, -0.26, -13.34, -1.81, 8.19, 0.44, -0.28, 0.08, robot_mode, sine_overlay, 
08/06/2022 11:38:28:215, robot_pos, 1654684581448, 620.91, 103.81, 314.74, 2.26, -0.02, 3.08, circuit_pos, 619.96, 103.53, 309.26, 2.26, -0.02, 3.08, tool_force, -0.29, 0.2, -0.87, actual_rep, 1, curr_step, 23, track_size, 72, robot_vel, 25.91, joints_pos, 20.65, 44.44, -19.12, -75.59, 18.68, 60.51, 48.5, tool_torque, -0.035, 0.294, 0.162, joint_torque, -0.33, -13.58, -1.88, 8.24, 0.43, -0.26, 0.18, robot_mode, sine_overlay, 
08/06/2022 11:38:28:411, robot_pos, 1654684581597, 621.23, 106.34, 313.55, 2.26, -0.02, 3.08, circuit_pos, 619.73, 115.25, 310.98, 2.26, -0.02, 3.07, tool_force, -0.48, 0.18, -0.36, actual_rep, 1, curr_step, 25, track_size, 72, robot_vel, 21.46, joints_pos, 20.75, 44.58, -18.96, -75.48, 18.8, 60.41, 48.62, tool_torque, -0.273, 0.379, 0.039, joint_torque, -0.03, -13.64, -1.6, 8.32, 0.62, -0.35, 0.01, robot_mode, sine_overlay, 
08/06/2022 11:38:28:517, robot_pos, 1654684581748, 621.62, 112.26, 315.95, 2.26, -0.02, 3.07, circuit_pos, 619.73, 115.25, 310.98, 2.26, -0.02, 3.07, tool_force, -0.61, -0.59, 0.15, actual_rep, 1, curr_step, 25, track_size, 72, robot_vel, 41.59, joints_pos, 21.2, 44.49, -18.91, -75.23, 18.79, 60.44, 49.17, tool_torque, -0.322, 0.33, -0.067, joint_torque, -0.33, -13.25, -1.79, 8.02, 0.51, -0.39, -0.09, robot_mode, sine_overlay, 
08/06/2022 11:38:28:724, robot_pos, 1654684581898, 621.25, 115.46, 320.9, 2.26, -0.02, 3.07, circuit_pos, 619.73, 115.25, 310.98, 2.26, -0.02, 3.07, tool_force, -0.13, -0.92, 0.38, actual_rep, 1, curr_step, 25, track_size, 72, robot_vel, 48.5, joints_pos, 21.58, 44.12, -19.1, -75.12, 18.82, 60.72, 49.47, tool_torque, -0.445, 0.073, -0.088, joint_torque, -0.5, -13.41, -1.9, 8.03, 0.28, -0.6, -0.05, robot_mode, sine_overlay, 
08/06/2022 11:38:28:823, robot_pos, 1654684582048, 620.86, 115.05, 325.43, 2.26, -0.02, 3.07, circuit_pos, 619.73, 115.25, 310.98, 2.26, -0.02, 3.07, tool_force, 0.19, -0.39, 0.65, actual_rep, 1, curr_step, 25, track_size, 72, robot_vel, 29.06, joints_pos, 21.62, 43.74, -19.22, -75.07, 18.86, 61.11, 49.46, tool_torque, -0.515, 0.217, 0.016, joint_torque, -0.35, -13.15, -1.55, 8.06, 0.47, -0.62, 0.08, robot_mode, sine_overlay, 
08/06/2022 11:38:29:024, robot_pos, 1654684582198, 620.5, 114.71, 328.13, 2.26, -0.02, 3.07, circuit_pos, 619.73, 115.25, 310.98, 2.26, -0.02, 3.07, tool_force, -0.2, 0.01, 1.12, actual_rep, 1, curr_step, 25, track_size, 72, robot_vel, 16.31, joints_pos, 21.62, 43.5, -19.25, -75.05, 18.77, 61.34, 49.46, tool_torque, -0.587, 0.265, -0.022, joint_torque, -0.24, -13.31, -1.49, 8.21, 0.58, -0.62, 0.02, robot_mode, sine_overlay, 
08/06/2022 11:38:29:127, robot_pos, 1654684582349, 620.18, 114.67, 327.76, 2.26, -0.02, 3.07, circuit_pos, 619.73, 115.25, 310.98, 2.26, -0.02, 3.07, tool_force, -0.64, 0.26, 0.34, actual_rep, 1, curr_step, 25, track_size, 72, robot_vel, 6.14, joints_pos, 21.62, 43.5, -19.23, -75.13, 18.76, 61.3, 49.47, tool_torque, -0.448, 0.326, -0.03, joint_torque, -0.37, -13.4, -1.67, 8.34, 0.55, -0.51, -0.01, robot_mode, sine_overlay, 
08/06/2022 11:38:29:327, robot_pos, 1654684582500, 620.17, 114.87, 324.37, 2.26, -0.02, 3.07, circuit_pos, 619.73, 115.25, 310.98, 2.26, -0.02, 3.07, tool_force, -0.3, 0.36, -0.15, actual_rep, 1, curr_step, 25, track_size, 72, robot_vel, 25.04, joints_pos, 21.62, 43.75, -19.17, -75.25, 18.77, 60.96, 49.47, tool_torque, -0.225, 0.4, 0.022, joint_torque, -0.15, -13.57, -1.62, 8.34, 0.57, -0.33, 0.03, robot_mode, sine_overlay, 
08/06/2022 11:38:29:429, robot_pos, 1654684582652, 620.42, 115.32, 319.62, 2.26, -0.02, 3.07, circuit_pos, 619.73, 115.25, 310.98, 2.26, -0.02, 3.07, tool_force, -0.62, 0.54, -0.25, actual_rep, 1, curr_step, 25, track_size, 72, robot_vel, 32.58, joints_pos, 21.62, 44.12, -19.11, -75.35, 18.89, 60.51, 49.44, tool_torque, -0.131, 0.331, 0.097, joint_torque, -0.43, -13.64, -1.89, 8.45, 0.47, -0.36, 0.11, robot_mode, sine_overlay, 
08/06/2022 11:38:29:623, robot_pos, 1654684582801, 620.83, 115.6, 315.97, 2.26, -0.02, 3.07, circuit_pos, 619.73, 115.25, 310.98, 2.26, -0.02, 3.07, tool_force, -0.53, 0.45, -0.48, actual_rep, 1, curr_step, 25, track_size, 72, robot_vel, 26.14, joints_pos, 21.62, 44.45, -19.09, -75.38, 19.03, 60.2, 49.38, tool_torque, -0.048, 0.326, 0.167, joint_torque, -0.48, -13.51, -1.91, 8.21, 0.44, -0.27, 0.19, robot_mode, sine_overlay, 
08/06/2022 11:38:29:731, robot_pos, 1654684582951, 621.12, 118.53, 315.41, 2.26, -0.02, 3.07, circuit_pos, 619.45, 126.37, 312.42, 2.25, -0.02, 3.07, tool_force, -0.35, 0.34, -0.17, actual_rep, 1, curr_step, 27, track_size, 72, robot_vel, 12.45, joints_pos, 21.74, 44.54, -18.93, -75.24, 19.12, 60.13, 49.56, tool_torque, -0.306, 0.357, 0.015, joint_torque, -0.28, -13.61, -1.73, 8.18, 0.57, -0.36, -0.01, robot_mode, sine_overlay, 
08/06/2022 11:38:29:894, robot_pos, 1654684583100, 621.14, 124.13, 318.09, 2.25, -0.02, 3.07, circuit_pos, 619.45, 126.37, 312.42, 2.25, -0.02, 3.07, tool_force, -0.23, -0.35, 0.2, actual_rep, 1, curr_step, 27, track_size, 72, robot_vel, 47.48, joints_pos, 22.23, 44.47, -18.93, -74.9, 18.92, 60.47, 50.63, tool_torque, -0.639, 0.351, -0.124, joint_torque, -0.31, -13.75, -1.65, 8.3, 0.62, -0.61, -0.12, robot_mode, sine_overlay, 
08/06/2022 11:38:30:040, robot_pos, 1654684583250, 620.98, 126.53, 323.13, 2.25, -0.02, 3.07, circuit_pos, 619.45, 126.37, 312.42, 2.25, -0.02, 3.07, tool_force, -0.37, -1.28, 0.05, actual_rep, 1, curr_step, 27, track_size, 72, robot_vel, 42.43, joints_pos, 22.61, 44.19, -19.22, -74.65, 18.76, 61.0, 51.14, tool_torque, -0.659, 0.332, -0.128, joint_torque, -0.63, -13.26, -1.64, 7.87, 0.47, -0.55, -0.07, robot_mode, sine_overlay, 
08/06/2022 11:38:30:181, robot_pos, 1654684583401, 620.6, 126.21, 327.45, 2.25, -0.02, 3.07, circuit_pos, 619.45, 126.37, 312.42, 2.25, -0.02, 3.07, tool_force, -0.08, -0.46, 0.76, actual_rep, 1, curr_step, 27, track_size, 72, robot_vel, 26.71, joints_pos, 22.62, 43.82, -19.29, -74.6, 18.79, 61.39, 51.14, tool_torque, -0.54, 0.194, -0.0010, joint_torque, -0.3, -13.37, -1.57, 8.04, 0.48, -0.59, 0.05, robot_mode, sine_overlay, 
08/06/2022 11:38:30:341, robot_pos, 1654684583553, 620.23, 125.86, 329.71, 2.25, -0.02, 3.07, circuit_pos, 619.45, 126.37, 312.42, 2.25, -0.02, 3.07, tool_force, -0.02, -0.19, 0.75, actual_rep, 1, curr_step, 27, track_size, 72, robot_vel, 12.04, joints_pos, 22.61, 43.62, -19.31, -74.6, 18.7, 61.57, 51.15, tool_torque, -0.563, 0.275, -0.049, joint_torque, -0.18, -13.35, -1.52, 8.18, 0.58, -0.6, -0.03, robot_mode, sine_overlay, 
08/06/2022 11:38:30:543, robot_pos, 1654684583704, 619.92, 125.89, 328.86, 2.25, -0.02, 3.07, circuit_pos, 619.45, 126.37, 312.42, 2.25, -0.02, 3.07, tool_force, -0.33, 0.13, 0.4, actual_rep, 1, curr_step, 27, track_size, 72, robot_vel, 2.24, joints_pos, 22.61, 43.65, -19.28, -74.69, 18.7, 61.48, 51.15, tool_torque, -0.336, 0.346, -0.017, joint_torque, -0.27, -13.21, -1.65, 8.13, 0.55, -0.4, -0.01, robot_mode, sine_overlay, 
08/06/2022 11:38:30:647, robot_pos, 1654684583855, 619.87, 126.14, 325.1, 2.25, -0.02, 3.07, circuit_pos, 619.45, 126.37, 312.42, 2.25, -0.02, 3.07, tool_force, -0.57, 0.66, 0.03, actual_rep, 1, curr_step, 27, track_size, 72, robot_vel, 27.75, joints_pos, 22.61, 43.92, -19.21, -74.83, 18.71, 61.11, 51.15, tool_torque, -0.232, 0.346, 0.021, joint_torque, -0.32, -13.5, -1.8, 8.43, 0.53, -0.43, 0.02, robot_mode, sine_overlay, 
08/06/2022 11:38:30:847, robot_pos, 1654684584005, 620.17, 126.53, 320.39, 2.25, -0.02, 3.07, circuit_pos, 619.45, 126.37, 312.42, 2.25, -0.02, 3.07, tool_force, -0.33, 0.41, -0.41, actual_rep, 1, curr_step, 27, track_size, 72, robot_vel, 31.4, joints_pos, 22.61, 44.3, -19.16, -74.92, 18.85, 60.66, 51.12, tool_torque, -0.112, 0.275, 0.139, joint_torque, -0.35, -13.64, -1.89, 8.38, 0.47, -0.34, 0.15, robot_mode, sine_overlay, 
08/06/2022 11:38:30:949, robot_pos, 1654684584155, 620.53, 126.85, 317.05, 2.25, -0.02, 3.07, circuit_pos, 619.15, 132.12, 312.83, 2.25, -0.02, 3.07, tool_force, -0.15, 0.59, -0.64, actual_rep, 1, curr_step, 28, track_size, 72, robot_vel, 19.8, joints_pos, 22.61, 44.59, -19.13, -74.94, 18.96, 60.4, 51.08, tool_torque, -0.091, 0.201, 0.208, joint_torque, -0.19, -13.9, -1.85, 8.52, 0.5, -0.39, 0.21, robot_mode, sine_overlay, 
08/06/2022 11:38:31:148, robot_pos, 1654684584307, 620.69, 131.08, 316.86, 2.25, -0.02, 3.07, circuit_pos, 618.9, 137.78, 313.01, 2.25, -0.02, 3.07, tool_force, 0.2, -0.7, -0.65, actual_rep, 1, curr_step, 29, track_size, 72, robot_vel, 39.78, joints_pos, 22.82, 44.67, -18.94, -74.77, 19.04, 60.35, 51.37, tool_torque, -0.329, 0.244, -0.024, joint_torque, -0.54, -13.95, -2.13, 8.09, 0.42, -0.38, -0.05, robot_mode, sine_overlay, 
08/06/2022 11:38:31:248, robot_pos, 1654684584458, 620.61, 136.79, 319.73, 2.25, -0.02, 3.07, circuit_pos, 618.9, 137.78, 313.01, 2.25, -0.02, 3.07, tool_force, -1.07, -0.53, 0.11, actual_rep, 1, curr_step, 29, track_size, 72, robot_vel, 44.09, joints_pos, 23.31, 44.61, -18.95, -74.4, 18.84, 60.74, 52.02, tool_torque, -0.629, 0.323, -0.115, joint_torque, -0.93, -13.83, -2.14, 8.29, 0.46, -0.64, -0.1, robot_mode, sine_overlay, 
08/06/2022 11:38:31:454, robot_pos, 1654684584610, 620.44, 137.76, 324.48, 2.25, -0.02, 3.07, circuit_pos, 618.9, 137.78, 313.01, 2.25, -0.02, 3.07, tool_force, -0.44, -0.9, 0.59, actual_rep, 1, curr_step, 29, track_size, 72, robot_vel, 37.29, joints_pos, 23.59, 44.32, -19.26, -74.2, 18.72, 61.27, 52.25, tool_torque, -0.685, 0.482, -0.114, joint_torque, -0.71, -13.72, -1.63, 8.27, 0.56, -0.63, -0.02, robot_mode, sine_overlay, 
08/06/2022 11:38:31:547, robot_pos, 1654684584761, 619.98, 137.57, 328.61, 2.25, -0.02, 3.07, circuit_pos, 618.9, 137.78, 313.01, 2.25, -0.02, 3.07, tool_force, -0.16, -0.66, 0.28, actual_rep, 1, curr_step, 29, track_size, 72, robot_vel, 26.31, joints_pos, 23.59, 43.97, -19.29, -74.17, 18.73, 61.6, 52.25, tool_torque, -0.617, 0.181, -0.0040, joint_torque, -0.43, -13.59, -1.69, 8.23, 0.48, -0.66, 0.05, robot_mode, sine_overlay, 
08/06/2022 11:38:31:757, robot_pos, 1654684584914, 619.62, 137.29, 330.37, 2.25, -0.02, 3.07, circuit_pos, 618.9, 137.78, 313.01, 2.25, -0.02, 3.07, tool_force, -0.24, -0.04, 0.95, actual_rep, 1, curr_step, 29, track_size, 72, robot_vel, 7.93, joints_pos, 23.58, 43.8, -19.3, -74.18, 18.66, 61.76, 52.26, tool_torque, -0.538, 0.29, -0.047, joint_torque, -0.33, -13.25, -1.61, 8.19, 0.55, -0.63, -0.02, robot_mode, sine_overlay, 
08/06/2022 11:38:31:857, robot_pos, 1654684585064, 619.32, 137.33, 328.94, 2.25, -0.02, 3.07, circuit_pos, 618.9, 137.78, 313.01, 2.25, -0.02, 3.07, tool_force, -0.04, 0.07, 0.08, actual_rep, 1, curr_step, 29, track_size, 72, robot_vel, 12.14, joints_pos, 23.58, 43.87, -19.26, -74.28, 18.65, 61.63, 52.26, tool_torque, -0.291, 0.345, -0.017, joint_torque, -0.14, -13.46, -1.63, 8.4, 0.56, -0.48, -0.02, robot_mode, sine_overlay, 
08/06/2022 11:38:32:058, robot_pos, 1654684585216, 619.42, 137.64, 324.78, 2.25, -0.02, 3.07, circuit_pos, 618.9, 137.78, 313.01, 2.25, -0.02, 3.07, tool_force, -0.4, 0.37, -0.38, actual_rep, 1, curr_step, 29, track_size, 72, robot_vel, 29.82, joints_pos, 23.58, 44.18, -19.19, -74.42, 18.7, 61.19, 52.26, tool_torque, -0.185, 0.344, 0.037, joint_torque, -0.33, -13.69, -1.83, 8.36, 0.5, -0.34, 0.04, robot_mode, sine_overlay, 
08/06/2022 11:38:32:162, robot_pos, 1654684585365, 619.7, 138.03, 320.19, 2.25, -0.02, 3.07, circuit_pos, 618.9, 137.78, 313.01, 2.25, -0.02, 3.07, tool_force, -0.4, 0.48, -0.65, actual_rep, 1, curr_step, 29, track_size, 72, robot_vel, 31.25, joints_pos, 23.58, 44.55, -19.14, -74.51, 18.82, 60.77, 52.21, tool_torque, -0.096, 0.242, 0.151, joint_torque, -0.37, -13.72, -1.94, 8.41, 0.45, -0.37, 0.15, robot_mode, sine_overlay, 
08/06/2022 11:38:32:335, robot_pos, 1654684585515, 620.06, 138.42, 317.28, 2.25, -0.02, 3.07, circuit_pos, 618.68, 143.43, 313.21, 2.25, -0.02, 3.07, tool_force, 1.01, 0.92, -0.62, actual_rep, 1, curr_step, 30, track_size, 72, robot_vel, 18.71, joints_pos, 23.59, 44.81, -19.12, -74.51, 18.93, 60.54, 52.19, tool_torque, -0.11, 0.253, 0.204, joint_torque, 0.59, -13.84, -1.25, 8.47, 0.71, -0.33, 0.19, robot_mode, sine_overlay, 
08/06/2022 11:38:32:461, robot_pos, 1654684585666, 620.26, 143.45, 317.66, 2.25, -0.02, 3.07, circuit_pos, 618.69, 148.48, 313.26, 2.24, -0.02, 3.06, tool_force, -0.72, -0.21, -0.41, actual_rep, 1, curr_step, 31, track_size, 72, robot_vel, 33.93, joints_pos, 23.85, 44.88, -18.92, -74.26, 19.0, 60.51, 52.68, tool_torque, -0.371, 0.304, -0.078, joint_torque, -0.82, -13.86, -2.17, 8.45, 0.45, -0.56, -0.09, robot_mode, sine_overlay, 
08/06/2022 11:38:32:602, robot_pos, 1654684585814, 620.65, 148.74, 320.81, 2.24, -0.02, 3.06, circuit_pos, 618.69, 148.48, 313.26, 2.24, -0.02, 3.06, tool_force, -1.76, -0.83, 0.55, actual_rep, 1, curr_step, 31, track_size, 72, robot_vel, 41.04, joints_pos, 24.29, 44.74, -18.95, -74.01, 19.04, 60.47, 53.59, tool_torque, -0.211, 0.249, -0.108, joint_torque, -1.25, -13.48, -2.47, 7.9, 0.16, -0.35, -0.09, robot_mode, sine_overlay, 
08/06/2022 11:38:32:770, robot_pos, 1654684585968, 620.08, 148.33, 325.69, 2.24, -0.02, 3.06, circuit_pos, 618.69, 148.48, 313.26, 2.24, -0.02, 3.06, tool_force, -0.32, 0.11, 0.67, actual_rep, 1, curr_step, 31, track_size, 72, robot_vel, 32.67, joints_pos, 24.45, 44.34, -19.25, -73.99, 19.08, 60.9, 53.6, tool_torque, -0.7, 0.346, -0.058, joint_torque, -0.49, -13.54, -1.54, 8.31, 0.52, -0.77, 0.03, robot_mode, sine_overlay, 
08/06/2022 11:38:32:969, robot_pos, 1654684586118, 619.63, 148.07, 329.39, 2.24, -0.02, 3.06, circuit_pos, 618.69, 148.48, 313.26, 2.24, -0.02, 3.06, tool_force, 0.39, -0.64, 0.48, actual_rep, 1, curr_step, 31, track_size, 72, robot_vel, 23.42, joints_pos, 24.45, 44.01, -19.27, -73.98, 19.02, 61.19, 53.59, tool_torque, -0.578, 0.345, -0.024, joint_torque, -0.34, -13.4, -1.5, 8.09, 0.57, -0.62, 0.03, robot_mode, sine_overlay, 
08/06/2022 11:38:33:069, robot_pos, 1654684586268, 619.31, 147.92, 330.62, 2.24, -0.02, 3.06, circuit_pos, 618.69, 148.48, 313.26, 2.24, -0.02, 3.06, tool_force, -0.29, 0.1, 0.55, actual_rep, 1, curr_step, 31, track_size, 72, robot_vel, 4.94, joints_pos, 24.45, 43.89, -19.27, -73.99, 18.97, 61.3, 53.6, tool_torque, -0.554, 0.34, -0.069, joint_torque, -0.34, -13.51, -1.6, 8.28, 0.57, -0.62, -0.04, robot_mode, sine_overlay, 
08/06/2022 11:38:33:272, robot_pos, 1654684586418, 619.07, 148.02, 328.69, 2.24, -0.02, 3.06, circuit_pos, 618.69, 148.48, 313.26, 2.24, -0.02, 3.06, tool_force, -0.62, 0.9, 0.45, actual_rep, 1, curr_step, 31, track_size, 72, robot_vel, 16.12, joints_pos, 24.45, 44.0, -19.22, -74.11, 18.96, 61.09, 53.6, tool_torque, -0.333, 0.384, -0.032, joint_torque, -0.44, -13.74, -1.8, 8.52, 0.54, -0.51, -0.02, robot_mode, sine_overlay, 
08/06/2022 11:38:33:373, robot_pos, 1654684586571, 619.19, 148.39, 324.31, 2.24, -0.02, 3.06, circuit_pos, 618.69, 148.48, 313.26, 2.24, -0.02, 3.06, tool_force, -0.52, 0.81, -0.06, actual_rep, 1, curr_step, 31, track_size, 72, robot_vel, 30.05, joints_pos, 24.45, 44.33, -19.15, -74.23, 19.04, 60.66, 53.6, tool_torque, -0.184, 0.332, 0.04, joint_torque, -0.39, -13.59, -1.87, 8.45, 0.49, -0.46, 0.04, robot_mode, sine_overlay, 
08/06/2022 11:38:33:575, robot_pos, 1654684586719, 619.59, 148.76, 319.88, 2.24, -0.02, 3.06, circuit_pos, 618.69, 148.48, 313.26, 2.24, -0.02, 3.06, tool_force, -0.09, 0.88, -0.62, actual_rep, 1, curr_step, 31, track_size, 72, robot_vel, 29.9, joints_pos, 24.45, 44.7, -19.12, -74.29, 19.16, 60.27, 53.56, tool_torque, -0.087, 0.279, 0.129, joint_torque, -0.28, -13.84, -1.85, 8.55, 0.48, -0.43, 0.14, robot_mode, sine_overlay, 
08/06/2022 11:38:33:678, robot_pos, 1654684586872, 619.95, 149.39, 317.35, 2.24, -0.02, 3.06, circuit_pos, 618.5, 157.93, 312.71, 2.23, -0.01, 3.06, tool_force, 1.16, 1.22, -0.71, actual_rep, 1, curr_step, 33, track_size, 72, robot_vel, 15.99, joints_pos, 24.47, 44.94, -19.09, -74.27, 19.27, 60.08, 53.53, tool_torque, -0.298, 0.418, 0.134, joint_torque, 0.3, -14.09, -1.26, 8.68, 0.81, -0.46, 0.15, robot_mode, sine_overlay, 
08/06/2022 11:38:33:880, robot_pos, 1654684587023, 620.26, 154.54, 317.95, 2.23, -0.02, 3.06, circuit_pos, 618.01, 166.56, 311.61, 2.22, -0.01, 3.06, tool_force, -0.83, 0.9, 0.57, actual_rep, 1, curr_step, 35, track_size, 72, robot_vel, 36.47, joints_pos, 24.86, 45.03, -18.99, -73.98, 19.06, 59.99, 54.48, tool_torque, -0.482, 0.393, -0.096, joint_torque, -0.8, -13.22, -2.03, 8.17, 0.5, -0.65, -0.09, robot_mode, sine_overlay, 
08/06/2022 11:38:33:962, robot_pos, 1654684587175, 620.66, 159.41, 322.24, 2.22, -0.01, 3.06, circuit_pos, 618.01, 166.56, 311.61, 2.22, -0.01, 3.06, tool_force, -0.8, -1.25, 1.03, actual_rep, 1, curr_step, 35, track_size, 72, robot_vel, 47.37, joints_pos, 25.37, 44.9, -19.1, -73.52, 18.63, 60.38, 55.83, tool_torque, -0.584, 0.414, -0.141, joint_torque, -0.43, -13.44, -1.6, 7.98, 0.53, -0.57, -0.11, robot_mode, sine_overlay, 
08/06/2022 11:38:34:183, robot_pos, 1654684587327, 619.86, 162.49, 322.27, 2.22, -0.01, 3.06, circuit_pos, 618.01, 166.56, 311.61, 2.22, -0.01, 3.06, tool_force, -1.15, 0.0, 0.07, actual_rep, 1, curr_step, 35, track_size, 72, robot_vel, 26.79, joints_pos, 25.71, 44.9, -19.16, -73.54, 18.42, 60.32, 56.39, tool_torque, -0.423, 0.403, -0.146, joint_torque, -1.0, -13.77, -2.12, 8.36, 0.32, -0.62, -0.09, robot_mode, sine_overlay, 
08/06/2022 11:38:34:282, robot_pos, 1654684587460, 619.91, 162.61, 324.24, 2.22, -0.01, 3.06, circuit_pos, 617.91, 169.87, 311.16, 2.22, -0.01, 3.06, tool_force, -0.92, 2.74, 4.02, actual_rep, 1, curr_step, 36, track_size, 72, robot_vel, 5.62, joints_pos, 25.74, 44.74, -19.2, -73.49, 18.48, 60.44, 56.39, tool_torque, -0.128, 0.488, -0.022, joint_torque, -0.02, -13.53, -1.36, 8.57, 0.49, -0.5, 0.03, robot_mode, normal, 
08/06/2022 11:38:34:482, robot_pos, 1654684587609, 618.88, 166.28, 320.32, 2.22, -0.01, 3.06, circuit_pos, 617.47, 173.7, 309.87, 2.21, -0.01, 3.07, tool_force, -1.17, 2.56, 1.28, actual_rep, 1, curr_step, 38, track_size, 72, robot_vel, 58.51, joints_pos, 26.1, 45.04, -19.2, -73.65, 18.59, 60.03, 56.78, tool_torque, -0.302, 0.663, -0.155, joint_torque, -0.13, -12.87, -1.24, 8.25, 0.57, -0.57, -0.1, robot_mode, normal, 
08/06/2022 11:38:34:583, robot_pos, 1654684587761, 618.17, 171.8, 315.19, 2.21, -0.01, 3.07, circuit_pos, 617.59, 172.67, 309.2, 2.21, -0.01, 3.07, tool_force, -0.8, -0.59, -0.28, actual_rep, 1, curr_step, 41, track_size, 72, robot_vel, 46.65, joints_pos, 26.61, 45.61, -19.21, -73.46, 18.41, 60.01, 57.72, tool_torque, -0.482, 0.303, -0.123, joint_torque, -0.76, -13.76, -2.05, 8.18, 0.32, -0.54, -0.09, robot_mode, normal, 
08/06/2022 11:38:34:778, robot_pos, 1654684587911, 618.36, 172.94, 313.76, 2.21, -0.01, 3.07, circuit_pos, 617.58, 173.1, 309.72, 2.21, -0.01, 3.07, tool_force, -0.86, -0.75, -0.34, actual_rep, 1, curr_step, 43, track_size, 72, robot_vel, 10.51, joints_pos, 26.71, 45.83, -19.26, -73.29, 18.36, 60.17, 57.97, tool_torque, -0.59, 0.357, -0.105, joint_torque, -0.55, -14.27, -1.85, 8.18, 0.41, -0.59, -0.05, robot_mode, normal, 
08/06/2022 11:38:34:891, robot_pos, 1654684588061, 618.05, 173.31, 314.55, 2.21, -0.01, 3.07, circuit_pos, 617.63, 173.42, 309.99, 2.21, -0.01, 3.07, tool_force, -0.11, -0.35, -0.29, actual_rep, 1, curr_step, 46, track_size, 72, robot_vel, 1.49, joints_pos, 26.72, 45.73, -19.21, -73.34, 18.37, 60.16, 58.0, tool_torque, -0.42, 0.337, -0.073, joint_torque, -0.49, -13.77, -1.89, 8.24, 0.42, -0.57, -0.05, robot_mode, normal, 
08/06/2022 11:38:35:052, robot_pos, 1654684588213, 618.0, 173.46, 313.74, 2.21, -0.01, 3.07, circuit_pos, 617.74, 173.65, 309.52, 2.21, -0.01, 3.07, tool_force, -1.26, 1.26, 0.91, actual_rep, 1, curr_step, 49, track_size, 72, robot_vel, 8.52, joints_pos, 26.73, 45.78, -19.19, -73.36, 18.36, 60.08, 58.02, tool_torque, -0.336, 0.375, -0.073, joint_torque, -0.61, -13.87, -2.04, 8.34, 0.43, -0.53, -0.07, robot_mode, normal, 
08/06/2022 11:38:35:195, robot_pos, 1654684588362, 618.16, 173.52, 313.75, 2.21, -0.01, 3.07, circuit_pos, 617.75, 173.46, 309.48, 2.21, -0.01, 3.07, tool_force, -0.17, -0.27, 0.06, actual_rep, 1, curr_step, 51, track_size, 72, robot_vel, 2.05, joints_pos, 26.73, 45.81, -19.2, -73.32, 18.36, 60.11, 58.03, tool_torque, -0.433, 0.258, -0.041, joint_torque, -0.24, -14.0, -1.83, 8.34, 0.46, -0.58, -0.03, robot_mode, normal, 
08/06/2022 11:38:35:592, robot_pos, 1654684588664, 618.14, 173.58, 313.77, 2.21, -0.01, 3.07, circuit_pos, 617.72, 173.6, 309.54, 2.21, -0.01, 3.07, tool_force, -0.28, -0.01, 0.13, actual_rep, 1, curr_step, 56, track_size, 72, robot_vel, 0.51, joints_pos, 26.74, 45.8, -19.2, -73.32, 18.36, 60.11, 58.04, tool_torque, -0.373, 0.272, -0.028, joint_torque, -0.28, -13.77, -1.83, 8.28, 0.44, -0.57, -0.02, robot_mode, normal, 
08/06/2022 11:38:35:701, robot_pos, 1654684588815, 618.14, 173.58, 313.78, 2.21, -0.01, 3.07, circuit_pos, 617.7, 173.64, 309.53, 2.21, -0.01, 3.07, tool_force, -0.38, -0.06, 0.14, actual_rep, 1, curr_step, 58, track_size, 72, robot_vel, 0.18, joints_pos, 26.74, 45.8, -19.2, -73.32, 18.36, 60.11, 58.04, tool_torque, -0.389, 0.292, -0.033, joint_torque, -0.38, -13.8, -1.87, 8.29, 0.44, -0.58, -0.02, robot_mode, normal, 
08/06/2022 11:38:35:863, robot_pos, 1654684588965, 618.13, 173.6, 313.79, 2.21, -0.01, 3.07, circuit_pos, 617.7, 173.64, 309.53, 2.21, -0.01, 3.07, tool_force, -0.47, -0.05, 0.06, actual_rep, 1, curr_step, 61, track_size, 72, robot_vel, 0.2, joints_pos, 26.74, 45.8, -19.2, -73.32, 18.36, 60.11, 58.04, tool_torque, -0.394, 0.314, -0.043, joint_torque, -0.43, -13.84, -1.88, 8.31, 0.43, -0.58, -0.03, robot_mode, normal, 
08/06/2022 11:38:36:005, robot_pos, 1654684589117, 618.13, 173.6, 313.79, 2.21, -0.01, 3.07, circuit_pos, 617.71, 173.64, 309.53, 2.21, -0.01, 3.07, tool_force, -0.5, -0.04, 0.09, actual_rep, 1, curr_step, 63, track_size, 72, robot_vel, 0.03, joints_pos, 26.74, 45.8, -19.2, -73.32, 18.36, 60.11, 58.04, tool_torque, -0.39, 0.319, -0.045, joint_torque, -0.44, -13.81, -1.89, 8.31, 0.43, -0.58, -0.03, robot_mode, normal, 
08/06/2022 11:38:36:134, robot_pos, 1654684589268, 618.13, 173.6, 313.79, 2.21, -0.01, 3.07, circuit_pos, 617.71, 173.63, 309.53, 2.21, -0.01, 3.07, tool_force, -0.47, -0.01, 0.15, actual_rep, 1, curr_step, 66, track_size, 72, robot_vel, 0.01, joints_pos, 26.74, 45.8, -19.2, -73.32, 18.36, 60.11, 58.04, tool_torque, -0.383, 0.31, -0.041, joint_torque, -0.41, -13.78, -1.87, 8.29, 0.43, -0.58, -0.03, robot_mode, normal, 
08/06/2022 11:38:36:307, robot_pos, 1654684589422, 618.13, 173.6, 313.79, 2.21, -0.01, 3.07, circuit_pos, 617.71, 173.63, 309.53, 2.21, -0.01, 3.07, tool_force, -0.43, 0.0, 0.12, actual_rep, 1, curr_step, 69, track_size, 72, robot_vel, 0.02, joints_pos, 26.74, 45.8, -19.2, -73.32, 18.36, 60.11, 58.04, tool_torque, -0.383, 0.305, -0.039, joint_torque, -0.39, -13.8, -1.87, 8.3, 0.43, -0.58, -0.02, robot_mode, normal, 
08/06/2022 11:38:36:407, robot_pos, 1654684589573, 618.13, 173.6, 313.79, 2.21, -0.01, 3.07, circuit_pos, 617.71, 173.63, 309.53, 2.21, -0.01, 3.07, tool_force, -0.46, 0.01, 0.14, actual_rep, 1, curr_step, 71, track_size, 72, robot_vel, 0.0, joints_pos, 26.74, 45.8, -19.2, -73.32, 18.36, 60.11, 58.04, tool_torque, -0.38, 0.308, -0.037, joint_torque, -0.41, -13.78, -1.88, 8.29, 0.44, -0.58, -0.02, robot_mode, normal, 
08/06/2022 11:38:36:609, robot_pos, 1654684589724, 618.13, 173.6, 313.79, 2.21, -0.01, 3.07, circuit_pos, 617.71, 173.63, 309.53, 2.21, -0.01, 3.07, tool_force, -0.46, 0.02, 0.13, actual_rep, 1, curr_step, 70, track_size, 72, robot_vel, 0.01, joints_pos, 26.74, 45.8, -19.2, -73.32, 18.36, 60.11, 58.04, tool_torque, -0.378, 0.311, -0.038, joint_torque, -0.41, -13.78, -1.88, 8.29, 0.43, -0.57, -0.02, robot_mode, normal, 
08/06/2022 11:38:36:711, robot_pos, 1654684589873, 618.13, 173.6, 313.79, 2.21, -0.01, 3.07, circuit_pos, 617.71, 173.63, 309.53, 2.21, -0.01, 3.07, tool_force, -0.45, 0.01, 0.13, actual_rep, 1, curr_step, 67, track_size, 72, robot_vel, 0.01, joints_pos, 26.74, 45.8, -19.2, -73.32, 18.36, 60.11, 58.04, tool_torque, -0.378, 0.31, -0.036, joint_torque, -0.41, -13.78, -1.88, 8.3, 0.44, -0.57, -0.02, robot_mode, normal, 
08/06/2022 11:38:36:913, robot_pos, 1654684590024, 618.13, 173.6, 313.79, 2.21, -0.01, 3.07, circuit_pos, 617.71, 173.64, 309.53, 2.21, -0.01, 3.07, tool_force, -0.46, 0.03, 0.13, actual_rep, 1, curr_step, 64, track_size, 72, robot_vel, 0.01, joints_pos, 26.74, 45.8, -19.2, -73.32, 18.36, 60.11, 58.04, tool_torque, -0.376, 0.309, -0.035, joint_torque, -0.4, -13.78, -1.88, 8.3, 0.44, -0.57, -0.02, robot_mode, normal, 
08/06/2022 11:38:37:106, robot_pos, 1654684590175, 618.13, 173.61, 313.79, 2.21, -0.01, 3.07, circuit_pos, 617.7, 173.64, 309.53, 2.21, -0.01, 3.07, tool_force, -0.5, 0.0, 0.14, actual_rep, 1, curr_step, 62, track_size, 72, robot_vel, 0.04, joints_pos, 26.74, 45.8, -19.2, -73.32, 18.36, 60.11, 58.04, tool_torque, -0.382, 0.318, -0.038, joint_torque, -0.43, -13.78, -1.88, 8.29, 0.43, -0.57, -0.02, robot_mode, normal, 
08/06/2022 11:38:37:217, robot_pos, 1654684590324, 618.13, 173.61, 313.79, 2.21, -0.01, 3.07, circuit_pos, 617.7, 173.64, 309.53, 2.21, -0.01, 3.07, tool_force, -0.49, 0.03, 0.13, actual_rep, 1, curr_step, 59, track_size, 72, robot_vel, 0.02, joints_pos, 26.74, 45.8, -19.2, -73.32, 18.36, 60.11, 58.04, tool_torque, -0.38, 0.318, -0.038, joint_torque, -0.42, -13.79, -1.87, 8.31, 0.43, -0.57, -0.02, robot_mode, normal, 
08/06/2022 11:38:37:407, robot_pos, 1654684590476, 618.13, 173.61, 313.79, 2.21, -0.01, 3.07, circuit_pos, 617.72, 173.6, 309.54, 2.21, -0.01, 3.07, tool_force, -0.46, 0.02, 0.13, actual_rep, 1, curr_step, 56, track_size, 72, robot_vel, 0.01, joints_pos, 26.74, 45.8, -19.2, -73.32, 18.36, 60.11, 58.04, tool_torque, -0.376, 0.304, -0.034, joint_torque, -0.4, -13.78, -1.87, 8.3, 0.43, -0.57, -0.02, robot_mode, normal, 
08/06/2022 11:38:37:489, robot_pos, 1654684590627, 618.13, 173.59, 313.79, 2.21, -0.01, 3.07, circuit_pos, 617.72, 173.59, 309.52, 2.21, -0.01, 3.07, tool_force, -0.31, 0.01, 0.1, actual_rep, 1, curr_step, 54, track_size, 72, robot_vel, 0.12, joints_pos, 26.74, 45.8, -19.2, -73.32, 18.36, 60.11, 58.04, tool_torque, -0.369, 0.274, -0.022, joint_torque, -0.34, -13.78, -1.88, 8.29, 0.44, -0.57, -0.02, robot_mode, normal, 
08/06/2022 11:38:37:711, robot_pos, 1654684590778, 618.12, 173.62, 313.79, 2.21, -0.01, 3.07, circuit_pos, 617.75, 173.46, 309.48, 2.21, -0.01, 3.07, tool_force, -0.5, 0.03, 0.13, actual_rep, 1, curr_step, 51, track_size, 72, robot_vel, 0.35, joints_pos, 26.74, 45.8, -19.2, -73.32, 18.36, 60.11, 58.04, tool_torque, -0.375, 0.326, -0.044, joint_torque, -0.42, -13.78, -1.87, 8.3, 0.44, -0.57, -0.03, robot_mode, normal, 
08/06/2022 11:38:37:763, robot_pos, 1654684590930, 618.14, 173.5, 313.76, 2.21, -0.01, 3.07, circuit_pos, 617.74, 173.65, 309.52, 2.21, -0.01, 3.07, tool_force, -0.09, 0.27, 0.06, actual_rep, 1, curr_step, 49, track_size, 72, robot_vel, 1.29, joints_pos, 26.73, 45.8, -19.2, -73.33, 18.35, 60.1, 58.04, tool_torque, -0.333, 0.265, 0.017, joint_torque, -0.22, -13.8, -1.8, 8.34, 0.46, -0.56, 0.02, robot_mode, normal, 
08/06/2022 11:38:38:010, robot_pos, 1654684591080, 618.12, 173.61, 313.77, 2.21, -0.01, 3.07, circuit_pos, 617.62, 173.49, 309.59, 2.21, -0.01, 3.07, tool_force, -0.46, -0.08, 0.07, actual_rep, 1, curr_step, 47, track_size, 72, robot_vel, 1.17, joints_pos, 26.74, 45.8, -19.2, -73.33, 18.36, 60.1, 58.04, tool_torque, -0.375, 0.31, -0.036, joint_torque, -0.43, -13.81, -1.88, 8.29, 0.42, -0.57, -0.02, robot_mode, normal, 
08/06/2022 11:38:38:034, robot_pos, 1654684591231, 618.06, 173.47, 314.42, 2.21, -0.01, 3.07, circuit_pos, 617.51, 173.25, 310.15, 2.21, -0.01, 3.07, tool_force, -0.49, -0.14, 0.28, actual_rep, 1, curr_step, 44, track_size, 72, robot_vel, 7.45, joints_pos, 26.73, 45.74, -19.2, -73.33, 18.33, 60.16, 58.04, tool_torque, -0.46, 0.242, -0.012, joint_torque, -0.48, -13.83, -1.97, 8.33, 0.44, -0.68, -0.01, robot_mode, normal, 
08/06/2022 11:38:38:303, robot_pos, 1654684591382, 617.87, 173.14, 314.04, 2.21, -0.01, 3.07, circuit_pos, 617.53, 172.87, 309.29, 2.21, -0.01, 3.07, tool_force, -0.27, 0.05, -0.36, actual_rep, 1, curr_step, 42, track_size, 72, robot_vel, 7.43, joints_pos, 26.72, 45.73, -19.2, -73.41, 18.32, 60.07, 58.04, tool_torque, -0.224, 0.303, 0.043, joint_torque, -0.5, -13.73, -2.0, 8.27, 0.41, -0.48, 0.05, robot_mode, normal, 
08/06/2022 11:38:38:432, robot_pos, 1654684591535, 617.95, 172.9, 313.49, 2.21, -0.01, 3.07, circuit_pos, 617.3, 174.03, 309.36, 2.21, -0.01, 3.07, tool_force, 0.5, 0.44, -0.08, actual_rep, 1, curr_step, 39, track_size, 72, robot_vel, 4.09, joints_pos, 26.7, 45.78, -19.2, -73.41, 18.32, 60.05, 58.02, tool_torque, -0.286, 0.229, 0.098, joint_torque, -0.07, -13.87, -1.75, 8.32, 0.48, -0.52, 0.1, robot_mode, normal, 
08/06/2022 11:38:38:576, robot_pos, 1654684591684, 617.87, 173.94, 313.96, 2.21, -0.01, 3.07, circuit_pos, 617.74, 172.36, 310.59, 2.21, -0.01, 3.06, tool_force, 0.37, 0.13, 0.43, actual_rep, 1, curr_step, 37, track_size, 72, robot_vel, 8.67, joints_pos, 26.81, 45.78, -19.26, -73.35, 18.36, 60.11, 58.09, tool_torque, -0.333, -0.067, -0.0040, joint_torque, 0.26, -13.9, -1.68, 8.49, 0.28, -0.72, 0.01, robot_mode, normal, 
08/06/2022 11:38:38:736, robot_pos, 1654684591836, 618.32, 171.37, 314.82, 2.21, -0.01, 3.06, circuit_pos, 618.26, 162.37, 312.13, 2.22, -0.01, 3.06, tool_force, 0.27, 0.43, -0.63, actual_rep, 1, curr_step, 34, track_size, 72, robot_vel, 15.7, joints_pos, 26.65, 45.57, -19.34, -73.61, 18.57, 59.69, 57.41, tool_torque, 0.127, -0.174, 0.361, joint_torque, -0.46, -13.53, -2.21, 8.08, 0.1, -0.38, 0.41, robot_mode, normal, 
08/06/2022 11:38:38:845, robot_pos, 1654684591986, 618.36, 165.47, 315.82, 2.22, -0.01, 3.06, circuit_pos, 618.64, 153.34, 313.12, 2.24, -0.02, 3.06, tool_force, 1.03, 1.37, 0.25, actual_rep, 1, curr_step, 32, track_size, 72, robot_vel, 38.18, joints_pos, 26.19, 45.31, -19.4, -73.94, 18.71, 59.64, 56.49, tool_torque, 0.0, -0.152, 0.425, joint_torque, 0.34, -13.68, -1.72, 8.51, 0.39, -0.58, 0.44, robot_mode, normal, 
08/06/2022 11:38:39:036, robot_pos, 1654684592137, 618.61, 159.7, 316.29, 2.23, -0.01, 3.06, circuit_pos, 618.68, 143.43, 313.21, 2.25, -0.02, 3.07, tool_force, 0.53, 1.09, 0.07, actual_rep, 1, curr_step, 30, track_size, 72, robot_vel, 38.62, joints_pos, 25.67, 45.15, -19.4, -74.14, 18.91, 59.78, 55.38, tool_torque, -0.17, -0.23, 0.414, joint_torque, 0.21, -13.57, -1.79, 8.53, 0.41, -0.72, 0.43, robot_mode, normal, 
08/06/2022 11:38:39:142, robot_pos, 1654684592287, 618.8, 154.05, 316.68, 2.23, -0.01, 3.06, circuit_pos, 618.68, 143.43, 313.21, 2.25, -0.02, 3.07, tool_force, 0.69, 1.19, 0.21, actual_rep, 1, curr_step, 30, track_size, 72, robot_vel, 39.32, joints_pos, 25.16, 45.04, -19.4, -74.27, 18.95, 60.03, 54.4, tool_torque, -0.15, -0.239, 0.407, joint_torque, 0.21, -13.63, -1.84, 8.47, 0.39, -0.67, 0.42, robot_mode, normal, 
08/06/2022 11:38:39:341, robot_pos, 1654684592440, 619.01, 148.07, 317.07, 2.24, -0.02, 3.07, circuit_pos, 618.68, 143.43, 313.21, 2.25, -0.02, 3.07, tool_force, 0.97, 1.01, 0.04, actual_rep, 1, curr_step, 30, track_size, 72, robot_vel, 38.78, joints_pos, 24.64, 44.93, -19.4, -74.4, 19.01, 60.31, 53.35, tool_torque, -0.095, -0.13, 0.377, joint_torque, 0.12, -13.56, -1.79, 8.4, 0.4, -0.6, 0.39, robot_mode, normal, 
08/06/2022 11:38:39:440, robot_pos, 1654684592590, 619.23, 142.28, 317.25, 2.25, -0.02, 3.07, circuit_pos, 618.9, 137.78, 313.01, 2.25, -0.02, 3.07, tool_force, 0.69, 1.24, 0.23, actual_rep, 1, curr_step, 29, track_size, 72, robot_vel, 46.0, joints_pos, 24.14, 44.82, -19.4, -74.56, 19.02, 60.43, 52.57, tool_torque, -0.085, -0.096, 0.365, joint_torque, 0.09, -13.51, -1.79, 8.44, 0.41, -0.58, 0.38, robot_mode, normal, 
08/06/2022 11:38:39:641, robot_pos, 1654684592741, 619.42, 136.51, 317.25, 2.25, -0.02, 3.07, circuit_pos, 619.15, 132.12, 312.83, 2.25, -0.02, 3.07, tool_force, 0.69, 1.46, 0.26, actual_rep, 1, curr_step, 28, track_size, 72, robot_vel, 38.26, joints_pos, 23.64, 44.7, -19.4, -74.77, 19.04, 60.43, 51.94, tool_torque, -0.033, -0.08, 0.391, joint_torque, 0.18, -13.37, -1.68, 8.38, 0.45, -0.52, 0.41, robot_mode, normal, 
08/06/2022 11:38:39:823, robot_pos, 1654684592891, 619.69, 130.67, 317.02, 2.25, -0.02, 3.07, circuit_pos, 619.45, 126.37, 312.42, 2.25, -0.02, 3.07, tool_force, 0.6, 1.35, 0.03, actual_rep, 1, curr_step, 27, track_size, 72, robot_vel, 43.15, joints_pos, 23.14, 44.61, -19.4, -74.98, 19.06, 60.37, 51.37, tool_torque, 0.05, -0.028, 0.363, joint_torque, 0.24, -13.3, -1.64, 8.35, 0.44, -0.43, 0.37, robot_mode, normal, 
08/06/2022 11:38:39:927, robot_pos, 1654684593042, 619.95, 124.9, 316.62, 2.25, -0.02, 3.07, circuit_pos, 619.61, 120.68, 311.81, 2.26, -0.02, 3.07, tool_force, 0.43, 1.54, 0.03, actual_rep, 1, curr_step, 26, track_size, 72, robot_vel, 38.15, joints_pos, 22.63, 44.54, -19.4, -75.18, 19.1, 60.32, 50.54, tool_torque, 0.119, 0.018, 0.393, joint_torque, 0.18, -13.25, -1.7, 8.31, 0.43, -0.38, 0.4, robot_mode, normal, 
08/06/2022 11:38:40:124, robot_pos, 1654684593191, 620.14, 119.03, 315.92, 2.26, -0.02, 3.07, circuit_pos, 619.73, 115.25, 310.98, 2.26, -0.02, 3.07, tool_force, 0.55, 1.13, -0.39, actual_rep, 1, curr_step, 25, track_size, 72, robot_vel, 43.68, joints_pos, 22.13, 44.48, -19.4, -75.4, 19.17, 60.22, 49.65, tool_torque, 0.096, 0.0030, 0.377, joint_torque, 0.08, -13.5, -1.8, 8.36, 0.41, -0.37, 0.39, robot_mode, normal, 
08/06/2022 11:38:40:201, robot_pos, 1654684593342, 620.17, 113.17, 315.08, 2.26, -0.02, 3.07, circuit_pos, 619.88, 109.67, 310.15, 2.26, -0.02, 3.08, tool_force, 0.48, 0.68, -0.29, actual_rep, 1, curr_step, 24, track_size, 72, robot_vel, 39.43, joints_pos, 21.65, 44.45, -19.43, -75.59, 19.14, 60.23, 49.08, tool_torque, 0.016, -0.016, 0.344, joint_torque, 0.04, -13.18, -1.73, 8.03, 0.38, -0.37, 0.36, robot_mode, normal, 
08/06/2022 11:38:40:426, robot_pos, 1654684593491, 620.39, 107.58, 314.29, 2.26, -0.02, 3.08, circuit_pos, 619.96, 103.53, 309.26, 2.26, -0.02, 3.08, tool_force, 0.87, 0.77, -0.1, actual_rep, 1, curr_step, 23, track_size, 72, robot_vel, 48.83, joints_pos, 21.2, 44.51, -19.46, -75.62, 18.91, 60.43, 48.73, tool_torque, -0.028, -0.091, 0.382, joint_torque, 0.56, -13.39, -1.49, 8.25, 0.5, -0.41, 0.38, robot_mode, normal, 
08/06/2022 11:38:40:468, robot_pos, 1654684593642, 620.64, 101.66, 313.5, 2.26, -0.02, 3.08, circuit_pos, 620.25, 96.98, 308.51, 2.27, -0.02, 3.08, tool_force, 0.54, 1.51, 0.14, actual_rep, 1, curr_step, 22, track_size, 72, robot_vel, 42.87, joints_pos, 20.69, 44.5, -19.46, -75.77, 18.92, 60.39, 47.93, tool_torque, 0.038, 0.085, 0.357, joint_torque, 0.09, -13.26, -1.74, 8.35, 0.47, -0.39, 0.37, robot_mode, normal, 
08/06/2022 11:38:40:728, robot_pos, 1654684593791, 620.87, 95.75, 312.83, 2.27, -0.02, 3.08, circuit_pos, 620.78, 89.35, 307.67, 2.27, -0.01, 3.09, tool_force, 0.06, 0.35, -0.54, actual_rep, 1, curr_step, 21, track_size, 72, robot_vel, 47.88, joints_pos, 20.17, 44.47, -19.47, -75.92, 18.91, 60.33, 47.08, tool_torque, 0.098, 0.019, 0.336, joint_torque, -0.21, -13.38, -2.04, 8.15, 0.31, -0.3, 0.34, robot_mode, normal, 
08/06/2022 11:38:40:758, robot_pos, 1654684593942, 621.15, 90.1, 312.25, 2.27, -0.01, 3.09, circuit_pos, 621.28, 81.29, 306.83, 2.28, -0.01, 3.09, tool_force, 0.2, 0.99, -0.32, actual_rep, 1, curr_step, 20, track_size, 72, robot_vel, 40.07, joints_pos, 19.87, 44.5, -19.57, -75.99, 18.22, 60.29, 46.9, tool_torque, 0.056, 0.094, 0.313, joint_torque, 0.38, -13.3, -1.55, 8.29, 0.47, -0.3, 0.32, robot_mode, normal, 
08/06/2022 11:38:41:011, robot_pos, 1654684594092, 621.55, 84.14, 311.6, 2.28, -0.01, 3.09, circuit_pos, 621.28, 81.29, 306.83, 2.28, -0.01, 3.09, tool_force, -0.06, 0.8, -0.32, actual_rep, 1, curr_step, 20, track_size, 72, robot_vel, 42.07, joints_pos, 19.33, 44.51, -19.56, -76.08, 18.21, 60.25, 46.01, tool_torque, 0.125, 0.073, 0.354, joint_torque, -0.03, -13.25, -1.93, 8.18, 0.35, -0.29, 0.36, robot_mode, normal, 
08/06/2022 11:38:41:161, robot_pos, 1654684594241, 621.86, 78.42, 310.94, 2.28, -0.01, 3.09, circuit_pos, 621.58, 73.04, 305.87, 2.28, -0.01, 3.09, tool_force, 0.09, 0.9, -0.38, actual_rep, 1, curr_step, 19, track_size, 72, robot_vel, 40.67, joints_pos, 18.81, 44.51, -19.54, -76.19, 18.23, 60.18, 45.29, tool_torque, 0.19, 0.0060, 0.394, joint_torque, 0.22, -13.24, -1.82, 8.2, 0.37, -0.25, 0.38, robot_mode, normal, 
08/06/2022 11:38:41:282, robot_pos, 1654684594391, 622.07, 72.63, 310.23, 2.28, -0.01, 3.09, circuit_pos, 621.7, 64.77, 304.79, 2.29, -0.01, 3.09, tool_force, -0.38, 0.65, -0.19, actual_rep, 1, curr_step, 18, track_size, 72, robot_vel, 45.74, joints_pos, 18.29, 44.51, -19.54, -76.31, 18.25, 60.1, 44.59, tool_torque, 0.156, 0.045, 0.364, joint_torque, -0.06, -13.27, -1.98, 8.24, 0.33, -0.29, 0.36, robot_mode, normal, 
08/06/2022 11:38:41:462, robot_pos, 1654684594540, 622.22, 66.88, 309.51, 2.29, -0.01, 3.09, circuit_pos, 621.78, 57.42, 303.83, 2.3, -0.01, 3.09, tool_force, -0.21, 1.01, -0.41, actual_rep, 1, curr_step, 17, track_size, 72, robot_vel, 39.32, joints_pos, 17.77, 44.5, -19.53, -76.43, 18.3, 60.02, 43.67, tool_torque, 0.17, 0.02, 0.352, joint_torque, 0.17, -13.25, -1.86, 8.22, 0.33, -0.27, 0.34, robot_mode, normal, 
08/06/2022 11:38:41:560, robot_pos, 1654684594690, 622.3, 60.98, 308.78, 2.29, -0.01, 3.09, circuit_pos, 621.78, 57.42, 303.83, 2.3, -0.01, 3.09, tool_force, -0.11, 1.04, -0.21, actual_rep, 1, curr_step, 17, track_size, 72, robot_vel, 43.28, joints_pos, 17.23, 44.5, -19.52, -76.56, 18.35, 59.95, 42.67, tool_torque, 0.207, 0.045, 0.349, joint_torque, 0.3, -13.11, -1.81, 8.16, 0.36, -0.24, 0.33, robot_mode, normal, 
08/06/2022 11:38:41:766, robot_pos, 1654684594844, 622.17, 55.12, 307.94, 2.3, -0.01, 3.09, circuit_pos, 621.68, 48.29, 302.56, 2.3, -0.02, 3.09, tool_force, -0.08, 0.28, -0.29, actual_rep, 1, curr_step, 16, track_size, 72, robot_vel, 39.4, joints_pos, 16.65, 44.51, -19.5, -76.69, 18.54, 59.96, 41.74, tool_torque, 0.145, -0.135, 0.361, joint_torque, 0.26, -13.26, -1.88, 8.27, 0.33, -0.41, 0.33, robot_mode, normal, 
08/06/2022 11:38:41:869, robot_pos, 1654684594991, 622.19, 49.34, 307.15, 2.3, -0.02, 3.09, circuit_pos, 621.5, 39.55, 301.39, 2.31, -0.02, 3.09, tool_force, -0.07, 0.35, -0.19, actual_rep, 1, curr_step, 15, track_size, 72, robot_vel, 47.05, joints_pos, 16.08, 44.56, -19.49, -76.73, 18.81, 60.09, 41.0, tool_torque, 0.045, -0.136, 0.337, joint_torque, -0.05, -13.19, -2.08, 8.11, 0.29, -0.42, 0.32, robot_mode, normal, 
08/06/2022 11:38:42:066, robot_pos, 1654684595142, 622.13, 43.51, 306.38, 2.3, -0.02, 3.09, circuit_pos, 621.5, 39.55, 301.39, 2.31, -0.02, 3.09, tool_force, 0.23, 0.55, -0.26, actual_rep, 1, curr_step, 15, track_size, 72, robot_vel, 40.88, joints_pos, 15.53, 44.58, -19.48, -76.82, 18.88, 60.1, 40.07, tool_torque, 0.087, -0.09, 0.336, joint_torque, 0.45, -13.22, -1.73, 8.16, 0.4, -0.34, 0.3, robot_mode, normal, 
08/06/2022 11:38:42:200, robot_pos, 1654684595290, 622.05, 37.68, 305.68, 2.31, -0.02, 3.09, circuit_pos, 621.3, 29.46, 300.25, 2.32, -0.02, 3.09, tool_force, -0.02, 0.59, -0.13, actual_rep, 1, curr_step, 14, track_size, 72, robot_vel, 40.25, joints_pos, 15.0, 44.59, -19.49, -76.91, 18.95, 60.08, 39.15, tool_torque, 0.106, 0.049, 0.311, joint_torque, 0.16, -13.09, -1.8, 8.07, 0.39, -0.27, 0.3, robot_mode, normal, 
08/06/2022 11:38:42:367, robot_pos, 1654684595442, 621.92, 31.81, 305.0, 2.32, -0.02, 3.09, circuit_pos, 621.22, 18.66, 299.53, 2.33, -0.02, 3.09, tool_force, -0.18, 0.45, -0.49, actual_rep, 1, curr_step, 13, track_size, 72, robot_vel, 37.85, joints_pos, 14.48, 44.6, -19.5, -77.01, 19.01, 60.03, 38.21, tool_torque, 0.077, 0.079, 0.286, joint_torque, 0.04, -13.32, -1.81, 8.16, 0.38, -0.24, 0.29, robot_mode, normal, 
08/06/2022 11:38:42:541, robot_pos, 1654684595590, 621.87, 26.11, 304.57, 2.32, -0.02, 3.09, circuit_pos, 621.22, 18.66, 299.53, 2.33, -0.02, 3.09, tool_force, -0.33, 0.52, -0.28, actual_rep, 1, curr_step, 13, track_size, 72, robot_vel, 46.84, joints_pos, 13.95, 44.61, -19.5, -77.07, 19.04, 60.02, 37.36, tool_torque, 0.109, 0.123, 0.298, joint_torque, 0.19, -13.13, -1.7, 8.07, 0.4, -0.2, 0.3, robot_mode, normal, 
08/06/2022 11:38:42:636, robot_pos, 1654684595741, 621.84, 20.21, 304.14, 2.33, -0.02, 3.09, circuit_pos, 621.31, 7.17, 299.27, 2.33, -0.02, 3.09, tool_force, -0.13, 0.46, -0.4, actual_rep, 1, curr_step, 12, track_size, 72, robot_vel, 36.6, joints_pos, 13.41, 44.62, -19.5, -77.12, 19.08, 60.01, 36.5, tool_torque, 0.1, 0.126, 0.279, joint_torque, 0.24, -13.12, -1.71, 8.04, 0.42, -0.19, 0.27, robot_mode, normal, 
08/06/2022 11:38:42:839, robot_pos, 1654684595889, 621.83, 14.43, 303.93, 2.33, -0.02, 3.09, circuit_pos, 621.31, 7.17, 299.27, 2.33, -0.02, 3.09, tool_force, -0.6, 0.28, -0.26, actual_rep, 1, curr_step, 12, track_size, 72, robot_vel, 44.87, joints_pos, 12.88, 44.63, -19.5, -77.15, 19.09, 60.01, 35.91, tool_torque, 0.048, 0.185, 0.247, joint_torque, -0.13, -13.12, -1.88, 8.05, 0.38, -0.21, 0.25, robot_mode, normal, 
08/06/2022 11:38:42:908, robot_pos, 1654684596039, 621.85, 8.64, 303.74, 2.33, -0.02, 3.09, circuit_pos, 621.4, -3.17, 299.31, 2.33, -0.02, 3.09, tool_force, -0.25, 0.4, -0.2, actual_rep, 1, curr_step, 11, track_size, 72, robot_vel, 39.03, joints_pos, 12.35, 44.64, -19.5, -77.17, 19.12, 60.01, 35.31, tool_torque, 0.057, 0.108, 0.264, joint_torque, 0.21, -13.19, -1.71, 8.04, 0.41, -0.22, 0.26, robot_mode, normal, 
08/06/2022 11:38:43:143, robot_pos, 1654684596189, 621.84, 2.87, 303.68, 2.33, -0.02, 3.09, circuit_pos, 621.4, -3.17, 299.31, 2.33, -0.02, 3.09, tool_force, -0.09, 0.41, -0.06, actual_rep, 1, curr_step, 11, track_size, 72, robot_vel, 37.22, joints_pos, 11.8, 44.64, -19.51, -77.18, 19.13, 60.02, 34.73, tool_torque, -0.0030, 0.121, 0.235, joint_torque, 0.07, -13.12, -1.74, 7.99, 0.41, -0.24, 0.24, robot_mode, normal, 
08/06/2022 11:38:43:184, robot_pos, 1654684596337, 621.81, -2.89, 303.67, 2.33, -0.02, 3.09, circuit_pos, 621.41, -16.2, 299.67, 2.34, -0.02, 3.09, tool_force, -0.33, -0.5, -0.03, actual_rep, 1, curr_step, 10, track_size, 72, robot_vel, 43.99, joints_pos, 11.28, 44.64, -19.51, -77.17, 19.15, 60.05, 34.08, tool_torque, -0.082, 0.0070, 0.245, joint_torque, 0.09, -13.15, -1.77, 7.9, 0.41, -0.3, 0.25, robot_mode, normal, 
08/06/2022 11:38:43:444, robot_pos, 1654684596486, 621.75, -8.67, 303.74, 2.33, -0.02, 3.09, circuit_pos, 621.41, -16.2, 299.67, 2.34, -0.02, 3.09, tool_force, 0.18, -0.57, 0.01, actual_rep, 1, curr_step, 10, track_size, 72, robot_vel, 41.37, joints_pos, 10.75, 44.64, -19.51, -77.16, 19.16, 60.08, 33.36, tool_torque, -0.156, -0.016, 0.209, joint_torque, 0.03, -13.15, -1.74, 7.81, 0.4, -0.31, 0.22, robot_mode, normal, 
08/06/2022 11:38:43:487, robot_pos, 1654684596635, 621.68, -14.44, 303.9, 2.34, -0.02, 3.09, circuit_pos, 621.3, -26.89, 300.2, 2.34, -0.02, 3.09, tool_force, 0.48, -0.68, 0.11, actual_rep, 1, curr_step, 9, track_size, 72, robot_vel, 40.25, joints_pos, 10.2, 44.64, -19.51, -77.13, 19.18, 60.14, 32.68, tool_torque, -0.161, -0.071, 0.243, joint_torque, -0.11, -13.14, -1.89, 7.73, 0.38, -0.34, 0.25, robot_mode, normal, 
08/06/2022 11:38:43:719, robot_pos, 1654684596796, 621.59, -20.65, 304.14, 2.34, -0.02, 3.09, circuit_pos, 621.3, -26.89, 300.2, 2.34, -0.02, 3.09, tool_force, 0.42, -0.84, 0.17, actual_rep, 1, curr_step, 9, track_size, 72, robot_vel, 40.75, joints_pos, 9.63, 44.64, -19.52, -77.09, 19.18, 60.21, 32.05, tool_torque, -0.185, -0.07, 0.232, joint_torque, -0.01, -13.12, -1.76, 7.74, 0.41, -0.35, 0.25, robot_mode, normal, 
08/06/2022 11:38:43:890, robot_pos, 1654684596943, 621.48, -26.35, 304.4, 2.34, -0.02, 3.09, circuit_pos, 621.1, -36.42, 300.61, 2.35, -0.02, 3.09, tool_force, 0.37, -0.77, 0.26, actual_rep, 1, curr_step, 8, track_size, 72, robot_vel, 45.04, joints_pos, 9.1, 44.65, -19.52, -77.04, 19.18, 60.3, 31.34, tool_torque, -0.194, -0.08, 0.219, joint_torque, 0.03, -13.11, -1.81, 7.76, 0.41, -0.37, 0.22, robot_mode, normal, 
08/06/2022 11:38:43:994, robot_pos, 1654684597094, 621.41, -32.14, 304.6, 2.35, -0.02, 3.09, circuit_pos, 621.1, -36.42, 300.61, 2.35, -0.02, 3.09, tool_force, 0.94, -1.08, -0.01, actual_rep, 1, curr_step, 8, track_size, 72, robot_vel, 39.84, joints_pos, 8.56, 44.67, -19.51, -76.97, 19.18, 60.38, 30.58, tool_torque, -0.179, -0.092, 0.223, joint_torque, 0.09, -13.22, -1.79, 7.59, 0.4, -0.27, 0.22, robot_mode, normal, 
08/06/2022 11:38:44:194, robot_pos, 1654684597244, 621.34, -38.07, 304.74, 2.35, -0.02, 3.09, circuit_pos, 620.58, -46.71, 300.66, 2.36, -0.01, 3.09, tool_force, 0.48, -0.78, 0.0, actual_rep, 1, curr_step, 7, track_size, 72, robot_vel, 40.24, joints_pos, 8.02, 44.67, -19.53, -76.94, 19.13, 60.34, 29.73, tool_torque, -0.124, 0.138, 0.203, joint_torque, -0.09, -13.1, -1.81, 7.67, 0.42, -0.16, 0.21, robot_mode, normal, 
08/06/2022 11:38:44:299, robot_pos, 1654684597407, 621.13, -44.29, 304.82, 2.36, -0.01, 3.09, circuit_pos, 620.04, -56.04, 300.07, 2.37, -0.01, 3.09, tool_force, -0.14, -0.47, -0.05, actual_rep, 1, curr_step, 6, track_size, 72, robot_vel, 41.92, joints_pos, 7.52, 44.67, -19.57, -76.95, 18.99, 60.2, 28.9, tool_torque, -0.127, 0.225, 0.19, joint_torque, -0.01, -13.07, -1.7, 7.71, 0.46, -0.11, 0.2, robot_mode, normal, 
08/06/2022 11:38:44:502, robot_pos, 1654684597544, 620.76, -49.69, 304.7, 2.36, -0.01, 3.09, circuit_pos, 620.04, -56.04, 300.07, 2.37, -0.01, 3.09, tool_force, -0.55, -0.65, -0.07, actual_rep, 1, curr_step, 6, track_size, 72, robot_vel, 40.25, joints_pos, 7.02, 44.67, -19.56, -76.95, 18.98, 60.15, 28.11, tool_torque, -0.106, 0.146, 0.211, joint_torque, 0.01, -13.14, -1.75, 7.84, 0.48, -0.18, 0.2, robot_mode, normal, 
08/06/2022 11:38:44:600, robot_pos, 1654684597695, 620.35, -55.44, 304.31, 2.37, -0.01, 3.09, circuit_pos, 619.15, -64.3, 298.91, 2.37, -0.01, 3.09, tool_force, 0.3, -0.41, -0.27, actual_rep, 1, curr_step, 5, track_size, 72, robot_vel, 38.73, joints_pos, 6.49, 44.71, -19.56, -76.95, 18.98, 60.12, 27.32, tool_torque, -0.065, 0.068, 0.219, joint_torque, 0.38, -13.08, -1.62, 7.77, 0.47, -0.18, 0.19, robot_mode, normal, 
08/06/2022 11:38:44:802, robot_pos, 1654684597844, 619.86, -61.27, 303.68, 2.37, -0.01, 3.09, circuit_pos, 619.15, -64.3, 298.91, 2.37, -0.01, 3.09, tool_force, -0.06, -0.59, -0.28, actual_rep, 1, curr_step, 5, track_size, 72, robot_vel, 41.08, joints_pos, 5.95, 44.77, -19.56, -76.95, 18.99, 60.08, 26.69, tool_torque, -0.103, 0.107, 0.188, joint_torque, 0.23, -13.25, -1.7, 7.83, 0.45, -0.17, 0.17, robot_mode, normal, 
08/06/2022 11:38:44:960, robot_pos, 1654684597994, 619.14, -67.02, 302.85, 2.37, -0.01, 3.09, circuit_pos, 617.78, -71.85, 297.69, 2.37, -0.01, 3.09, tool_force, -0.23, -0.51, -0.26, actual_rep, 1, curr_step, 4, track_size, 72, robot_vel, 40.19, joints_pos, 5.4, 44.83, -19.55, -76.99, 19.02, 60.01, 26.09, tool_torque, -0.0020, 0.14, 0.202, joint_torque, 0.25, -13.17, -1.71, 7.8, 0.43, -0.11, 0.18, robot_mode, normal, 
08/06/2022 11:38:45:075, robot_pos, 1654684598142, 618.32, -72.88, 302.06, 2.37, -0.01, 3.09, circuit_pos, 616.23, -78.75, 296.86, 2.37, 0.0, 3.09, tool_force, -0.66, -0.07, -0.27, actual_rep, 1, curr_step, 3, track_size, 72, robot_vel, 39.74, joints_pos, 4.89, 44.84, -19.56, -77.1, 19.04, 59.8, 25.51, tool_torque, 0.015, 0.196, 0.165, joint_torque, 0.2, -13.23, -1.75, 7.82, 0.39, -0.04, 0.16, robot_mode, normal, 
08/06/2022 11:38:45:261, robot_pos, 1654684598293, 617.04, -78.62, 301.41, 2.37, 0.0, 3.09, circuit_pos, 615.03, -85.14, 296.67, 2.36, 0.0, 3.09, tool_force, -0.42, 0.22, -0.52, actual_rep, 1, curr_step, 2, track_size, 72, robot_vel, 41.21, joints_pos, 4.48, 44.77, -19.65, -77.37, 18.9, 59.37, 25.07, tool_torque, 0.0010, 0.289, 0.189, joint_torque, 0.65, -13.21, -1.39, 7.96, 0.54, -0.05, 0.16, robot_mode, normal, 
08/06/2022 11:38:45:347, robot_pos, 1654684598443, 615.91, -84.32, 301.16, 2.36, 0.0, 3.09, circuit_pos, 614.3, -90.51, 297.41, 2.34, 0.0, 3.1, tool_force, -0.25, 0.61, -0.62, actual_rep, 1, curr_step, 1, track_size, 72, robot_vel, 42.32, joints_pos, 4.0, 44.73, -19.68, -77.49, 18.9, 59.23, 25.0, tool_torque, -0.027, 0.259, 0.147, joint_torque, 0.46, -13.24, -1.52, 8.01, 0.5, -0.11, 0.12, robot_mode, normal, 
08/06/2022 11:38:45:563, robot_pos, 1654684598593, 614.92, -89.34, 301.46, 2.34, 0.0, 3.1, circuit_pos, 613.86, -94.17, 298.82, 2.34, 0.01, 3.1, tool_force, -0.17, -0.97, 0.23, actual_rep, 1, curr_step, 0, track_size, 72, robot_vel, 34.35, joints_pos, 3.65, 44.72, -19.78, -77.46, 18.53, 59.38, 25.79, tool_torque, -0.432, 0.128, -0.122, joint_torque, 0.57, -12.99, -1.31, 7.73, 0.56, -0.27, -0.16, robot_mode, normal, 
08/06/2022 11:38:45:619, robot_pos, 1654684598741, 614.68, -90.36, 301.6, 2.34, 0.0, 3.1, circuit_pos, 613.86, -94.17, 298.82, 2.34, 0.01, 3.1, tool_force, 0.1, -1.12, 0.21, actual_rep, 1, curr_step, 0, track_size, 72, robot_vel, 1.79, joints_pos, 3.5, 44.71, -19.66, -77.43, 18.35, 59.46, 25.94, tool_torque, -0.035, -0.188, -0.028, joint_torque, 0.45, -12.95, -2.0, 7.7, 0.29, -0.34, -0.15, robot_mode, normal, 
08/06/2022 11:38:45:865, robot_pos, 1654684598896, 614.64, -90.54, 301.66, 2.34, 0.0, 3.1, circuit_pos, 613.86, -94.17, 298.82, 2.34, 0.01, 3.1, tool_force, -0.41, -1.33, 0.04, actual_rep, 1, curr_step, 0, track_size, 72, robot_vel, 1.3, joints_pos, 3.5, 44.7, -19.66, -77.43, 18.28, 59.45, 26.0, tool_torque, -0.197, -0.025, -0.025, joint_torque, 0.15, -13.07, -1.95, 7.78, 0.37, -0.31, -0.1, robot_mode, normal, 
08/06/2022 11:38:45:912, robot_pos, 1654684599043, 614.62, -90.56, 301.65, 2.34, 0.0, 3.1, circuit_pos, 613.86, -94.17, 298.82, 2.34, 0.01, 3.1, tool_force, -0.64, -1.27, 0.12, actual_rep, 1, curr_step, 0, track_size, 72, robot_vel, 0.09, joints_pos, 3.5, 44.7, -19.67, -77.43, 18.28, 59.45, 26.0, tool_torque, -0.19, 0.015, -0.031, joint_torque, 0.1, -13.01, -1.96, 7.78, 0.38, -0.3, -0.11, robot_mode, normal, 
08/06/2022 11:38:46:160, robot_pos, 1654684599194, 614.62, -90.57, 301.65, 2.34, 0.0, 3.1, circuit_pos, 613.86, -94.17, 298.82, 2.34, 0.01, 3.1, tool_force, -0.69, -1.31, 0.14, actual_rep, 1, curr_step, 0, track_size, 72, robot_vel, 0.03, joints_pos, 3.5, 44.7, -19.67, -77.43, 18.28, 59.45, 26.0, tool_torque, -0.2, 0.019, -0.035, joint_torque, 0.07, -13.03, -1.97, 7.8, 0.38, -0.31, -0.11, robot_mode, normal, 
08/06/2022 11:38:46:433, robot_pos, 1654684599495, 614.62, -90.57, 301.65, 2.34, 0.0, 3.1, circuit_pos, 613.86, -94.17, 298.82, 2.34, 0.01, 3.1, tool_force, -0.7, -1.29, 0.14, actual_rep, 1, curr_step, 0, track_size, 72, robot_vel, 0.01, joints_pos, 3.5, 44.7, -19.67, -77.43, 18.28, 59.45, 26.0, tool_torque, -0.2, 0.018, -0.038, joint_torque, 0.08, -13.06, -1.96, 7.81, 0.38, -0.31, -0.11, robot_mode, normal, 
08/06/2022 11:38:46:719, robot_pos, 1654684599797, 615.41, -86.42, 301.2, 2.36, 0.0, 3.09, circuit_pos, 616.23, -78.75, 296.86, 2.37, 0.0, 3.09, tool_force, -0.81, -0.06, -0.24, actual_rep, 2, curr_step, 3, track_size, 72, robot_vel, 28.66, joints_pos, 3.57, 44.65, -19.22, -77.5, 18.37, 59.2, 25.34, tool_torque, -0.077, 0.347, 0.149, joint_torque, 0.11, -13.12, -1.67, 7.87, 0.51, -0.05, 0.12, robot_mode, normal, 
08/06/2022 11:38:46:921, robot_pos, 1654684599943, 616.26, -80.78, 301.21, 2.37, 0.0, 3.09, circuit_pos, 617.78, -71.85, 297.69, 2.37, -0.01, 3.09, tool_force, -1.76, -0.53, 0.0, actual_rep, 2, curr_step, 4, track_size, 72, robot_vel, 38.51, joints_pos, 3.91, 44.61, -18.97, -77.51, 18.34, 59.13, 25.29, tool_torque, -0.13, 0.374, 0.078, joint_torque, -0.33, -13.03, -1.92, 7.95, 0.46, -0.16, 0.04, robot_mode, normal, 
08/06/2022 11:38:47:023, robot_pos, 1654684600095, 617.17, -74.79, 301.69, 2.37, -0.01, 3.09, circuit_pos, 619.15, -64.3, 298.91, 2.37, -0.01, 3.09, tool_force, -0.92, -1.91, 0.34, actual_rep, 2, curr_step, 5, track_size, 72, robot_vel, 39.54, joints_pos, 4.35, 44.63, -18.88, -77.36, 18.49, 59.46, 25.65, tool_torque, -0.478, 0.087, -0.136, joint_torque, -0.9, -13.11, -2.3, 7.75, 0.31, -0.43, -0.14, robot_mode, normal, 
08/06/2022 11:38:47:322, robot_pos, 1654684600395, 619.24, -63.32, 303.04, 2.37, -0.01, 3.09, circuit_pos, 620.04, -56.04, 300.07, 2.37, -0.01, 3.09, tool_force, -1.12, -2.05, 0.71, actual_rep, 2, curr_step, 6, track_size, 72, robot_vel, 37.78, joints_pos, 5.38, 44.64, -18.89, -77.1, 18.55, 59.79, 26.66, tool_torque, -0.609, 0.126, -0.196, joint_torque, -0.61, -13.04, -1.82, 7.75, 0.41, -0.44, -0.18, robot_mode, normal, 
08/06/2022 11:38:47:515, robot_pos, 1654684600540, 619.87, -57.64, 303.79, 2.37, -0.01, 3.09, circuit_pos, 620.58, -46.71, 300.66, 2.36, -0.01, 3.09, tool_force, -0.71, -1.98, 0.48, actual_rep, 2, curr_step, 7, track_size, 72, robot_vel, 40.51, joints_pos, 5.91, 44.6, -18.91, -77.07, 18.55, 59.86, 27.29, tool_torque, -0.619, 0.182, -0.228, joint_torque, -0.64, -13.01, -1.83, 7.65, 0.4, -0.38, -0.2, robot_mode, normal, 
08/06/2022 11:38:47:681, robot_pos, 1654684600697, 620.39, -51.59, 304.29, 2.36, -0.01, 3.09, circuit_pos, 620.58, -46.71, 300.66, 2.36, -0.01, 3.09, tool_force, -1.06, -2.12, 0.35, actual_rep, 2, curr_step, 7, track_size, 72, robot_vel, 42.87, joints_pos, 6.47, 44.55, -18.92, -77.07, 18.53, 59.87, 28.11, tool_torque, -0.644, 0.22, -0.237, joint_torque, -0.61, -13.14, -1.74, 7.78, 0.44, -0.38, -0.21, robot_mode, normal, 
08/06/2022 11:38:47:787, robot_pos, 1654684600840, 620.64, -46.03, 304.53, 2.36, -0.01, 3.09, circuit_pos, 621.1, -36.42, 300.61, 2.35, -0.02, 3.09, tool_force, -1.11, -2.05, 0.39, actual_rep, 2, curr_step, 8, track_size, 72, robot_vel, 37.48, joints_pos, 6.98, 44.53, -18.92, -77.07, 18.54, 59.97, 28.91, tool_torque, -0.626, 0.216, -0.217, joint_torque, -0.59, -13.08, -1.81, 7.68, 0.44, -0.34, -0.2, robot_mode, normal, 
