08/06/2022 15:20:43: File Created!
08/06/2022 15:20:43:625, robot_pos, 1654697916935, 599.68, -167.05, 324.53, 2.36, 0.03, 3.09, circuit_pos, 599.59, -167.21, 324.59, 2.36, 0.03, 3.09, tool_force, -2.43, 2.21, -21.41, actual_rep, 1, curr_step, 1, track_size, 143, robot_vel, 21.02, joints_pos, -4.05, 42.65, -18.97, -77.05, 16.89, 60.03, 18.57, tool_torque, -0.162, 0.0030, 0.063, joint_torque, 0.04, -13.27, -1.78, 8.26, 0.35, -0.42, 0.04, robot_mode, sine_overlay, 
08/06/2022 15:20:43:756, robot_pos, 1654697917068, 600.15, -167.14, 328.25, 2.36, 0.03, 3.09, circuit_pos, 599.59, -167.21, 324.59, 2.36, 0.03, 3.09, tool_force, -3.53, 2.51, -18.41, actual_rep, 1, curr_step, 1, track_size, 143, robot_vel, 21.02, joints_pos, -4.05, 42.46, -19.04, -76.79, 16.89, 60.52, 18.57, tool_torque, -0.526, -0.667, -0.014, joint_torque, 0.16, -15.28, -1.82, 8.09, 0.36, -0.43, 0.0, robot_mode, sine_overlay, 
08/06/2022 15:20:43:886, robot_pos, 1654697917220, 599.96, -167.21, 328.5, 2.36, 0.03, 3.09, circuit_pos, 599.67, -167.41, 324.98, 2.36, 0.03, 3.09, tool_force, -1.65, 2.02, -22.06, actual_rep, 1, curr_step, 2, track_size, 143, robot_vel, 1.95, joints_pos, -4.04, 42.4, -19.04, -76.85, 16.89, 60.43, 18.57, tool_torque, -0.298, -0.132, 0.0090, joint_torque, 0.13, -13.81, -1.67, 8.45, 0.33, -0.52, 0.01, robot_mode, sine_overlay, 
08/06/2022 15:20:44:031, robot_pos, 1654697917366, 600.09, -167.6, 329.43, 2.36, 0.03, 3.09, circuit_pos, 600.85, -167.7, 328.62, 2.37, 0.04, 3.1, tool_force, -2.5, 2.02, -20.8, actual_rep, 1, curr_step, 4, track_size, 143, robot_vel, 9.29, joints_pos, -4.04, 42.37, -19.09, -76.76, 16.83, 60.54, 18.53, tool_torque, -0.197, -0.203, 0.096, joint_torque, -0.07, -13.01, -1.79, 8.39, 0.29, -0.74, 0.11, robot_mode, sine_overlay, 
08/06/2022 15:20:44:185, robot_pos, 1654697917518, 601.06, -167.79, 334.25, 2.37, 0.04, 3.1, circuit_pos, 602.73, -167.48, 339.73, 2.38, 0.05, 3.12, tool_force, -0.91, 0.79, -21.41, actual_rep, 1, curr_step, 7, track_size, 143, robot_vel, 29.97, joints_pos, -3.86, 42.16, -19.14, -76.33, 15.68, 61.01, 18.86, tool_torque, -0.645, -0.172, -0.216, joint_torque, -0.04, -13.8, -1.51, 8.18, 0.33, -0.63, -0.18, robot_mode, sine_overlay, 
08/06/2022 15:20:44:373, robot_pos, 1654697917668, 602.05, -167.84, 339.5, 2.38, 0.05, 3.11, circuit_pos, 604.29, -166.68, 347.89, 2.39, 0.07, -3.13, tool_force, -2.91, 0.35, -20.62, actual_rep, 1, curr_step, 9, track_size, 143, robot_vel, 36.47, joints_pos, -3.74, 41.91, -19.15, -75.89, 14.79, 61.5, 19.0, tool_torque, -0.43, -0.242, -0.197, joint_torque, -0.51, -13.05, -1.98, 8.27, 0.06, -0.76, -0.18, robot_mode, sine_overlay, 
08/06/2022 15:20:44:487, robot_pos, 1654697917819, 602.93, -167.42, 345.28, 2.38, 0.06, 3.13, circuit_pos, 606.45, -163.34, 359.53, 2.4, 0.08, -3.09, tool_force, -5.27, -2.7, -19.92, actual_rep, 1, curr_step, 12, track_size, 143, robot_vel, 39.76, joints_pos, -3.4, 41.63, -19.22, -75.46, 13.13, 61.95, 19.87, tool_torque, -0.011, -0.568, -0.296, joint_torque, -3.01, -12.55, -4.12, 8.33, -0.84, -1.2, -0.24, robot_mode, sine_overlay, 
08/06/2022 15:20:44:635, robot_pos, 1654697917968, 604.05, -166.84, 351.1, 2.39, 0.07, -3.13, circuit_pos, 607.17, -161.73, 364.27, 2.4, 0.09, -3.07, tool_force, -6.85, -3.72, -19.69, actual_rep, 1, curr_step, 13, track_size, 143, robot_vel, 40.82, joints_pos, -3.06, 41.39, -19.28, -74.95, 11.51, 62.55, 20.84, tool_torque, 0.058, -0.675, -0.031, joint_torque, -3.38, -12.79, -4.49, 8.53, -0.98, -1.3, 0.02, robot_mode, sine_overlay, 
08/06/2022 15:20:44:787, robot_pos, 1654697918120, 605.6, -165.87, 356.63, 2.39, 0.08, -3.11, circuit_pos, 607.17, -161.73, 364.27, 2.4, 0.09, -3.07, tool_force, -9.28, -2.71, -17.12, actual_rep, 1, curr_step, 13, track_size, 143, robot_vel, 39.79, joints_pos, -2.7, 41.22, -19.31, -74.39, 9.94, 63.1, 21.74, tool_torque, 0.082, -1.248, 0.114, joint_torque, -3.76, -11.76, -4.94, 8.74, -1.23, -2.1, 0.15, robot_mode, sine_overlay, 
08/06/2022 15:20:44:943, robot_pos, 1654697918269, 606.95, -164.4, 361.1, 2.39, 0.09, -3.09, circuit_pos, 608.07, -159.76, 369.0, 2.4, 0.09, -3.05, tool_force, -8.4, -0.45, -10.87, actual_rep, 1, curr_step, 14, track_size, 143, robot_vel, 40.71, joints_pos, -2.34, 41.1, -19.31, -73.9, 8.45, 63.67, 22.59, tool_torque, -0.115, -1.184, 0.232, joint_torque, -2.3, -7.55, -3.05, 6.43, -0.64, -1.95, 0.24, robot_mode, sine_overlay, 
08/06/2022 15:20:45:089, robot_pos, 1654697918420, 607.75, -162.16, 366.08, 2.4, 0.09, -3.07, circuit_pos, 609.05, -157.6, 373.96, 2.4, 0.1, -3.03, tool_force, -6.18, -0.54, -7.04, actual_rep, 1, curr_step, 15, track_size, 143, robot_vel, 35.57, joints_pos, -1.93, 40.97, -19.32, -73.36, 6.97, 64.65, 23.51, tool_torque, -0.069, -0.969, -0.046, joint_torque, -1.75, -5.12, -2.18, 4.71, -0.73, -1.61, -0.02, robot_mode, sine_overlay, 
08/06/2022 15:20:45:244, robot_pos, 1654697918570, 608.94, -159.88, 371.1, 2.4, 0.1, -3.04, circuit_pos, 609.87, -155.68, 378.02, 2.4, 0.11, -3.02, tool_force, -5.44, -0.27, -3.31, actual_rep, 1, curr_step, 16, track_size, 143, robot_vel, 45.94, joints_pos, -1.46, 40.85, -19.33, -72.84, 5.25, 65.43, 24.67, tool_torque, -0.012, -1.024, -0.122, joint_torque, -1.2, -2.82, -1.55, 3.37, -0.75, -1.57, -0.1, robot_mode, sine_overlay, 
08/06/2022 15:20:45:399, robot_pos, 1654697918720, 609.87, -157.33, 376.49, 2.4, 0.11, -3.02, circuit_pos, 610.7, -153.31, 382.76, 2.4, 0.11, -3.0, tool_force, -5.72, 0.21, -1.81, actual_rep, 1, curr_step, 17, track_size, 143, robot_vel, 41.27, joints_pos, -1.02, 40.64, -19.32, -72.4, 3.87, 66.15, 25.68, tool_torque, 0.046, -1.024, -0.133, joint_torque, -1.59, -1.6, -1.65, 2.61, -0.89, -1.5, -0.11, robot_mode, sine_overlay, 
08/06/2022 15:20:45:542, robot_pos, 1654697918870, 611.04, -154.8, 382.23, 2.4, 0.12, -3.0, circuit_pos, 611.62, -150.79, 387.66, 2.39, 0.12, -2.98, tool_force, -5.27, -0.9, -1.45, actual_rep, 1, curr_step, 18, track_size, 143, robot_vel, 55.29, joints_pos, -0.57, 40.53, -19.32, -71.76, 2.32, 67.21, 26.95, tool_torque, 0.299, -0.998, -0.205, joint_torque, -1.75, -1.24, -1.87, 2.24, -1.15, -1.35, -0.18, robot_mode, sine_overlay, 
08/06/2022 15:20:45:694, robot_pos, 1654697919021, 612.25, -151.77, 387.94, 2.39, 0.13, -2.98, circuit_pos, 612.68, -148.32, 392.56, 2.39, 0.13, -2.97, tool_force, -5.09, -0.48, -1.11, actual_rep, 1, curr_step, 19, track_size, 143, robot_vel, 45.39, joints_pos, -0.08, 40.38, -19.32, -71.19, 0.8, 68.11, 28.33, tool_torque, 0.465, -0.99, -0.222, joint_torque, -1.34, -1.02, -1.67, 2.16, -1.23, -1.23, -0.22, robot_mode, sine_overlay, 
08/06/2022 15:20:45:843, robot_pos, 1654697919171, 613.32, -149.03, 393.61, 2.39, 0.14, -2.96, circuit_pos, 613.81, -145.58, 397.5, 2.39, 0.14, -2.95, tool_force, -5.64, -1.53, -0.15, actual_rep, 1, curr_step, 20, track_size, 143, robot_vel, 37.23, joints_pos, 0.39, 40.18, -19.32, -70.73, -0.62, 68.8, 29.44, tool_torque, 0.367, -0.953, -0.231, joint_torque, -1.95, -0.81, -1.9, 1.87, -1.28, -1.18, -0.22, robot_mode, sine_overlay, 
08/06/2022 15:20:45:994, robot_pos, 1654697919321, 614.68, -145.94, 399.27, 2.4, 0.15, -2.94, circuit_pos, 615.82, -140.88, 406.9, 2.4, 0.16, -2.93, tool_force, -6.37, -0.41, 0.56, actual_rep, 1, curr_step, 22, track_size, 143, robot_vel, 44.15, joints_pos, 0.84, 39.99, -19.29, -70.25, -1.88, 69.39, 30.2, tool_torque, 0.457, -1.001, -0.182, joint_torque, -2.31, -0.1, -2.16, 1.69, -1.38, -1.28, -0.17, robot_mode, sine_overlay, 
08/06/2022 15:20:46:144, robot_pos, 1654697919470, 615.91, -143.19, 404.93, 2.4, 0.16, -2.93, circuit_pos, 616.77, -138.75, 411.48, 2.4, 0.18, -2.91, tool_force, -6.22, -1.05, 0.33, actual_rep, 1, curr_step, 23, track_size, 143, robot_vel, 44.13, joints_pos, 1.27, 39.78, -19.29, -69.82, -3.01, 69.91, 30.91, tool_torque, 0.557, -1.187, -0.164, joint_torque, -2.06, -0.5, -2.25, 1.78, -1.52, -1.26, -0.18, robot_mode, sine_overlay, 
08/06/2022 15:20:46:291, robot_pos, 1654697919620, 617.0, -140.66, 409.72, 2.4, 0.18, -2.91, circuit_pos, 618.0, -134.84, 419.67, 2.41, 0.2, -2.89, tool_force, -6.13, 0.0, 0.91, actual_rep, 1, curr_step, 25, track_size, 143, robot_vel, 41.94, joints_pos, 1.8, 39.6, -19.31, -69.53, -4.71, 70.18, 32.04, tool_torque, 0.432, -0.928, -0.229, joint_torque, -1.55, -0.08, -1.6, 1.5, -1.25, -1.1, -0.22, robot_mode, sine_overlay, 
08/06/2022 15:20:46:447, robot_pos, 1654697919768, 617.89, -138.11, 415.48, 2.41, 0.2, -2.9, circuit_pos, 618.41, -130.96, 427.83, 2.41, 0.23, -2.86, tool_force, -6.08, -0.58, 1.24, actual_rep, 1, curr_step, 27, track_size, 143, robot_vel, 38.55, joints_pos, 2.25, 39.34, -19.32, -69.21, -6.01, 70.55, 32.77, tool_torque, 0.562, -0.996, -0.23, joint_torque, -1.79, 0.14, -1.74, 1.6, -1.41, -1.23, -0.23, robot_mode, sine_overlay, 
08/06/2022 15:20:46:594, robot_pos, 1654697919920, 618.46, -135.09, 421.22, 2.41, 0.22, -2.87, circuit_pos, 619.74, -125.04, 439.88, 2.43, 0.27, -2.81, tool_force, -5.24, -0.07, 1.21, actual_rep, 1, curr_step, 30, track_size, 143, robot_vel, 43.02, joints_pos, 2.88, 39.04, -19.32, -69.01, -8.03, 70.86, 33.94, tool_torque, 0.47, -1.016, -0.26, joint_torque, -1.43, 0.05, -1.5, 1.44, -1.37, -1.12, -0.24, robot_mode, sine_overlay, 
08/06/2022 15:20:46:745, robot_pos, 1654697920069, 618.98, -132.42, 427.0, 2.42, 0.24, -2.85, circuit_pos, 619.74, -125.04, 439.88, 2.43, 0.27, -2.81, tool_force, -5.72, 0.33, 1.4, actual_rep, 1, curr_step, 30, track_size, 143, robot_vel, 42.85, joints_pos, 3.41, 38.77, -19.32, -68.77, -9.72, 71.21, 34.79, tool_torque, 0.425, -0.938, -0.275, joint_torque, -1.44, -0.11, -1.49, 1.58, -1.33, -1.14, -0.25, robot_mode, sine_overlay, 
08/06/2022 15:20:46:897, robot_pos, 1654697920219, 619.7, -129.58, 432.71, 2.43, 0.25, -2.83, circuit_pos, 619.74, -125.04, 439.88, 2.43, 0.27, -2.81, tool_force, -5.86, 0.4, 1.82, actual_rep, 1, curr_step, 30, track_size, 143, robot_vel, 41.68, joints_pos, 3.96, 38.54, -19.32, -68.46, -11.46, 71.67, 35.67, tool_torque, 0.382, -0.862, -0.275, joint_torque, -1.55, 0.41, -1.39, 1.25, -1.27, -1.08, -0.25, robot_mode, sine_overlay, 
08/06/2022 15:20:47:046, robot_pos, 1654697920368, 620.43, -126.72, 438.32, 2.43, 0.27, -2.81, circuit_pos, 620.28, -122.66, 444.57, 2.44, 0.29, -2.79, tool_force, -5.24, 0.97, 2.15, actual_rep, 1, curr_step, 31, track_size, 143, robot_vel, 41.34, joints_pos, 4.47, 38.34, -19.31, -68.17, -13.08, 72.08, 36.44, tool_torque, 0.438, -0.897, -0.277, joint_torque, -1.47, 0.45, -1.36, 1.24, -1.33, -1.05, -0.25, robot_mode, sine_overlay, 
08/06/2022 15:20:47:201, robot_pos, 1654697920522, 620.86, -123.94, 443.38, 2.44, 0.29, -2.79, circuit_pos, 620.63, -120.19, 449.21, 2.45, 0.3, -2.77, tool_force, -5.61, 0.96, 2.23, actual_rep, 1, curr_step, 32, track_size, 143, robot_vel, 35.21, joints_pos, 4.99, 38.11, -19.29, -67.99, -14.78, 72.41, 37.16, tool_torque, 0.502, -0.902, -0.214, joint_torque, -1.48, 0.7, -1.44, 1.17, -1.27, -1.06, -0.21, robot_mode, sine_overlay, 
08/06/2022 15:20:47:347, robot_pos, 1654697920670, 621.21, -121.24, 448.78, 2.45, 0.31, -2.76, circuit_pos, 620.73, -117.54, 453.61, 2.45, 0.31, -2.75, tool_force, -5.38, 1.44, 1.94, actual_rep, 1, curr_step, 33, track_size, 143, robot_vel, 40.36, joints_pos, 5.48, 37.95, -19.29, -67.65, -16.39, 73.09, 37.84, tool_torque, 0.392, -0.875, -0.213, joint_torque, -1.18, 0.46, -1.18, 1.25, -1.19, -1.06, -0.2, robot_mode, sine_overlay, 
08/06/2022 15:20:47:500, robot_pos, 1654697920822, 621.58, -117.42, 454.41, 2.46, 0.32, -2.74, circuit_pos, 620.98, -108.42, 463.87, 2.46, 0.34, -2.71, tool_force, -5.33, 0.81, 2.1, actual_rep, 1, curr_step, 36, track_size, 143, robot_vel, 40.26, joints_pos, 6.03, 37.78, -19.27, -67.29, -17.77, 73.85, 38.4, tool_torque, 0.502, -0.888, -0.204, joint_torque, -1.31, 1.08, -1.24, 0.93, -1.23, -1.05, -0.21, robot_mode, sine_overlay, 
08/06/2022 15:20:47:651, robot_pos, 1654697920972, 621.88, -112.07, 460.02, 2.47, 0.34, -2.71, circuit_pos, 622.07, -100.74, 468.58, 2.47, 0.36, -2.68, tool_force, -4.27, 2.4, 1.99, actual_rep, 1, curr_step, 38, track_size, 143, robot_vel, 61.18, joints_pos, 6.82, 37.63, -19.22, -67.0, -19.84, 74.72, 39.61, tool_torque, 0.516, -0.952, -0.19, joint_torque, -0.3, 1.33, -0.65, 0.83, -1.06, -1.05, -0.22, robot_mode, sine_overlay, 
08/06/2022 15:20:47:804, robot_pos, 1654697921123, 622.46, -106.19, 463.87, 2.47, 0.35, -2.69, circuit_pos, 624.75, -88.59, 475.5, 2.49, 0.39, -2.64, tool_force, -4.67, 2.42, 2.46, actual_rep, 1, curr_step, 41, track_size, 143, robot_vel, 45.37, joints_pos, 7.6, 37.55, -19.23, -66.81, -21.38, 75.3, 40.63, tool_torque, 0.469, -0.837, -0.229, joint_torque, -1.16, 1.14, -1.07, 0.93, -1.21, -1.05, -0.23, robot_mode, sine_overlay, 
08/06/2022 15:20:47:954, robot_pos, 1654697921273, 623.42, -100.46, 467.78, 2.48, 0.37, -2.67, circuit_pos, 625.57, -84.03, 478.79, 2.49, 0.4, -2.62, tool_force, -4.26, 2.23, 2.32, actual_rep, 1, curr_step, 42, track_size, 143, robot_vel, 53.65, joints_pos, 8.32, 37.57, -19.22, -66.44, -22.78, 76.05, 41.54, tool_torque, 0.282, -0.841, -0.232, joint_torque, -1.09, 1.16, -0.92, 0.58, -1.05, -0.95, -0.22, robot_mode, sine_overlay, 
08/06/2022 15:20:48:104, robot_pos, 1654697921423, 624.53, -94.71, 471.48, 2.48, 0.38, -2.65, circuit_pos, 625.57, -84.03, 478.79, 2.49, 0.4, -2.62, tool_force, -4.52, 2.43, 3.17, actual_rep, 1, curr_step, 42, track_size, 143, robot_vel, 57.31, joints_pos, 9.0, 37.65, -19.21, -66.0, -24.07, 76.87, 42.38, tool_torque, 0.353, -0.843, -0.227, joint_torque, -0.71, 1.78, -0.6, 0.5, -0.95, -1.07, -0.24, robot_mode, sine_overlay, 
08/06/2022 15:20:48:260, robot_pos, 1654697921575, 625.6, -88.83, 475.25, 2.49, 0.4, -2.63, circuit_pos, 625.57, -84.03, 478.79, 2.49, 0.4, -2.62, tool_force, -4.2, 3.12, 3.23, actual_rep, 1, curr_step, 42, track_size, 143, robot_vel, 50.83, joints_pos, 9.7, 37.74, -19.21, -65.56, -25.41, 77.73, 43.18, tool_torque, 0.301, -0.822, -0.244, joint_torque, -0.74, 2.08, -0.51, 0.19, -0.86, -1.05, -0.25, robot_mode, sine_overlay, 
08/06/2022 15:20:48:409, robot_pos, 1654697921727, 626.55, -83.53, 478.91, 2.5, 0.41, -2.61, circuit_pos, 626.7, -75.57, 484.88, 2.5, 0.42, -2.58, tool_force, -4.1, 3.49, 3.94, actual_rep, 1, curr_step, 44, track_size, 143, robot_vel, 48.4, joints_pos, 10.36, 37.84, -19.2, -65.12, -26.79, 78.57, 43.82, tool_torque, 0.136, -0.734, -0.263, joint_torque, -0.89, 2.37, -0.35, 0.04, -0.73, -1.11, -0.25, robot_mode, sine_overlay, 
08/06/2022 15:20:48:558, robot_pos, 1654697921875, 627.23, -78.11, 482.54, 2.5, 0.42, -2.58, circuit_pos, 627.39, -70.85, 487.74, 2.51, 0.44, -2.56, tool_force, -3.38, 4.22, 4.32, actual_rep, 1, curr_step, 45, track_size, 143, robot_vel, 47.27, joints_pos, 10.98, 37.99, -19.18, -64.64, -28.12, 79.61, 44.61, tool_torque, 0.122, -0.676, -0.281, joint_torque, -0.15, 3.2, 0.27, -0.31, -0.43, -1.15, -0.29, robot_mode, sine_overlay, 
08/06/2022 15:20:48:741, robot_pos, 1654697922012, 627.88, -75.73, 484.13, 2.5, 0.42, -2.58, circuit_pos, 627.39, -70.85, 487.74, 2.51, 0.44, -2.56, tool_force, -5.76, 6.66, 5.78, actual_rep, 1, curr_step, 45, track_size, 143, robot_vel, 33.82, joints_pos, 11.17, 38.14, -19.21, -64.25, -28.29, 80.17, 44.82, tool_torque, 0.325, -0.61, -0.098, joint_torque, -0.76, 4.28, 0.23, -0.1, -0.59, -1.44, -0.06, robot_mode, sine_overlay, 
08/06/2022 15:20:48:859, robot_pos, 1654697922155, 628.76, -75.22, 483.43, 2.51, 0.43, -2.57, circuit_pos, 627.39, -70.85, 487.74, 2.51, 0.44, -2.56, tool_force, -5.77, 6.23, 4.24, actual_rep, 1, curr_step, 45, track_size, 143, robot_vel, 10.24, joints_pos, 11.28, 38.24, -19.19, -64.25, -28.67, 79.99, 45.02, tool_torque, 0.586, -0.324, -0.272, joint_torque, -0.32, 3.74, 0.23, -0.24, -0.55, -0.89, -0.28, robot_mode, sine_overlay, 
08/06/2022 15:20:49:010, robot_pos, 1654697922306, 628.58, -69.89, 484.81, 2.51, 0.44, -2.55, circuit_pos, 627.97, -66.32, 489.84, 2.51, 0.44, -2.55, tool_force, -3.24, 3.9, 3.45, actual_rep, 1, curr_step, 46, track_size, 143, robot_vel, 32.21, joints_pos, 11.91, 38.25, -19.09, -64.25, -29.86, 80.59, 45.86, tool_torque, -0.016, -0.623, -0.32, joint_torque, -0.26, 2.25, 0.08, -0.1, -0.47, -1.07, -0.32, robot_mode, sine_overlay, 
08/06/2022 15:20:49:158, robot_pos, 1654697922454, 628.23, -63.57, 486.3, 2.52, 0.45, -2.54, circuit_pos, 628.49, -61.56, 491.32, 2.52, 0.45, -2.53, tool_force, -3.66, 4.72, 3.73, actual_rep, 1, curr_step, 47, track_size, 143, robot_vel, 46.97, joints_pos, 12.57, 38.26, -19.11, -64.2, -30.61, 81.22, 46.44, tool_torque, -0.031, -0.725, -0.274, joint_torque, -0.7, 2.92, 0.03, -0.21, -0.5, -1.28, -0.26, robot_mode, sine_overlay, 
08/06/2022 15:20:49:314, robot_pos, 1654697922608, 628.08, -58.09, 487.38, 2.52, 0.45, -2.52, circuit_pos, 629.84, -47.34, 494.75, 2.52, 0.46, -2.49, tool_force, -4.14, 6.24, 4.57, actual_rep, 1, curr_step, 50, track_size, 143, robot_vel, 39.28, joints_pos, 13.22, 38.43, -19.13, -64.02, -31.68, 82.08, 47.05, tool_torque, -0.138, -0.821, -0.255, joint_torque, -0.42, 3.27, 0.36, -0.05, -0.51, -1.55, -0.23, robot_mode, sine_overlay, 
08/06/2022 15:20:49:460, robot_pos, 1654697922757, 630.39, -54.6, 490.59, 2.53, 0.46, -2.5, circuit_pos, 631.5, -36.59, 501.27, 2.54, 0.48, -2.44, tool_force, -3.05, 5.51, 3.99, actual_rep, 1, curr_step, 53, track_size, 143, robot_vel, 39.56, joints_pos, 13.51, 38.87, -19.15, -63.01, -32.39, 83.16, 47.21, tool_torque, -0.113, -0.657, -0.277, joint_torque, -0.17, 3.48, 0.67, -0.51, -0.32, -1.29, -0.24, robot_mode, sine_overlay, 
08/06/2022 15:20:49:611, robot_pos, 1654697922906, 634.18, -51.17, 495.31, 2.53, 0.47, -2.48, circuit_pos, 633.49, -29.29, 506.13, 2.55, 0.5, -2.41, tool_force, -2.44, 6.43, 4.77, actual_rep, 1, curr_step, 55, track_size, 143, robot_vel, 48.9, joints_pos, 13.72, 39.54, -19.13, -61.49, -33.25, 84.52, 47.19, tool_torque, -0.085, -0.492, -0.22, joint_torque, -0.46, 4.11, 0.63, -1.09, -0.12, -1.15, -0.19, robot_mode, sine_overlay, 
08/06/2022 15:20:49:770, robot_pos, 1654697923058, 637.92, -46.81, 499.37, 2.54, 0.48, -2.46, circuit_pos, 636.86, -18.2, 511.18, 2.58, 0.52, -2.36, tool_force, -1.84, 6.0, 4.95, actual_rep, 1, curr_step, 58, track_size, 143, robot_vel, 49.52, joints_pos, 14.01, 40.26, -19.09, -60.0, -34.24, 85.9, 47.18, tool_torque, -0.113, -0.554, -0.203, joint_torque, 0.05, 3.49, 0.73, -0.74, -0.05, -1.18, -0.2, robot_mode, sine_overlay, 
08/06/2022 15:20:49:914, robot_pos, 1654697923209, 640.14, -40.45, 501.77, 2.55, 0.49, -2.43, circuit_pos, 639.1, -10.6, 514.23, 2.59, 0.53, -2.33, tool_force, -2.09, 6.82, 4.44, actual_rep, 1, curr_step, 60, track_size, 143, robot_vel, 47.75, joints_pos, 14.56, 40.8, -19.08, -59.08, -35.3, 87.09, 47.41, tool_torque, -0.01, -0.485, -0.35, joint_torque, 0.09, 4.6, 0.83, -1.33, 0.09, -1.15, -0.37, robot_mode, sine_overlay, 
08/06/2022 15:20:50:075, robot_pos, 1654697923361, 640.12, -32.58, 502.36, 2.56, 0.5, -2.41, circuit_pos, 642.38, 1.41, 516.69, 2.62, 0.55, -2.28, tool_force, -2.89, 7.16, 4.76, actual_rep, 1, curr_step, 63, track_size, 143, robot_vel, 51.45, joints_pos, 15.37, 41.06, -19.09, -58.89, -36.46, 88.02, 48.14, tool_torque, -0.145, -0.415, -0.349, joint_torque, -0.63, 4.61, 0.63, -1.28, 0.09, -1.33, -0.35, robot_mode, sine_overlay, 
08/06/2022 15:20:50:215, robot_pos, 1654697923510, 638.77, -24.16, 501.74, 2.57, 0.51, -2.39, circuit_pos, 645.17, 8.9, 516.09, 2.64, 0.56, -2.25, tool_force, -3.34, 8.1, 4.42, actual_rep, 1, curr_step, 65, track_size, 143, robot_vel, 52.64, joints_pos, 16.32, 41.14, -19.1, -59.21, -37.66, 88.69, 49.04, tool_torque, -0.149, -0.456, -0.308, joint_torque, -0.76, 4.56, 0.54, -0.95, -0.03, -1.48, -0.3, robot_mode, sine_overlay, 
08/06/2022 15:20:50:368, robot_pos, 1654697923660, 637.32, -16.76, 501.05, 2.58, 0.52, -2.36, circuit_pos, 648.86, 19.39, 515.9, 2.65, 0.58, -2.22, tool_force, -4.31, 8.35, 4.6, actual_rep, 1, curr_step, 68, track_size, 143, robot_vel, 53.97, joints_pos, 17.19, 41.17, -19.12, -59.57, -38.74, 89.17, 49.8, tool_torque, -0.179, -0.551, -0.292, joint_torque, -0.57, 4.82, 0.7, -0.95, -0.05, -1.61, -0.29, robot_mode, sine_overlay, 
08/06/2022 15:20:50:522, robot_pos, 1654697923812, 637.42, -11.06, 501.74, 2.59, 0.53, -2.34, circuit_pos, 653.22, 28.6, 517.95, 2.68, 0.6, -2.19, tool_force, -3.37, 8.19, 4.46, actual_rep, 1, curr_step, 71, track_size, 143, robot_vel, 35.6, joints_pos, 17.83, 41.37, -19.15, -59.46, -39.82, 89.68, 50.29, tool_torque, -0.227, -0.529, -0.352, joint_torque, -0.33, 4.97, 1.02, -1.12, 0.06, -1.6, -0.33, robot_mode, sine_overlay, 
08/06/2022 15:20:50:671, robot_pos, 1654697923962, 639.81, -6.87, 504.44, 2.61, 0.54, -2.32, circuit_pos, 656.05, 35.97, 519.02, 2.71, 0.61, -2.18, tool_force, -1.84, 7.17, 4.86, actual_rep, 1, curr_step, 73, track_size, 143, robot_vel, 38.97, joints_pos, 18.17, 41.8, -19.17, -58.62, -40.79, 90.28, 50.34, tool_torque, -0.343, -0.506, -0.292, joint_torque, -0.59, 4.25, 0.87, -1.27, 0.08, -1.37, -0.25, robot_mode, sine_overlay, 
08/06/2022 15:20:50:833, robot_pos, 1654697924114, 644.13, -3.48, 508.12, 2.62, 0.55, -2.31, circuit_pos, 658.89, 46.2, 519.39, 2.74, 0.62, -2.16, tool_force, -1.13, 7.47, 5.27, actual_rep, 1, curr_step, 76, track_size, 143, robot_vel, 41.92, joints_pos, 18.29, 42.49, -19.13, -57.19, -41.69, 90.97, 49.94, tool_torque, -0.134, -0.379, -0.117, joint_torque, -0.83, 4.85, 0.75, -1.57, 0.15, -1.09, -0.09, robot_mode, sine_overlay, 
08/06/2022 15:20:50:973, robot_pos, 1654697924264, 648.36, 1.1, 510.64, 2.63, 0.56, -2.29, circuit_pos, 659.55, 48.96, 519.73, 2.75, 0.63, -2.14, tool_force, -1.51, 5.65, 5.23, actual_rep, 1, curr_step, 77, track_size, 143, robot_vel, 48.42, joints_pos, 18.44, 43.29, -19.03, -55.69, -42.42, 91.86, 49.6, tool_torque, -0.037, -0.378, -0.09, joint_torque, -1.22, 4.21, 0.22, -1.72, 0.12, -0.92, -0.09, robot_mode, sine_overlay, 
08/06/2022 15:20:51:143, robot_pos, 1654697924412, 651.26, 7.28, 511.41, 2.64, 0.57, -2.27, circuit_pos, 659.55, 48.96, 519.73, 2.75, 0.63, -2.14, tool_force, -1.2, 5.95, 4.91, actual_rep, 1, curr_step, 77, track_size, 143, robot_vel, 55.28, joints_pos, 18.87, 43.92, -19.0, -54.78, -43.23, 92.46, 49.58, tool_torque, -0.077, -0.364, -0.168, joint_torque, -1.23, 4.37, 0.29, -1.86, 0.19, -0.91, -0.17, robot_mode, sine_overlay, 
08/06/2022 15:20:51:273, robot_pos, 1654697924562, 652.91, 13.32, 512.06, 2.66, 0.57, -2.25, circuit_pos, 659.55, 48.96, 519.73, 2.75, 0.63, -2.14, tool_force, -0.94, 6.7, 5.11, actual_rep, 1, curr_step, 77, track_size, 143, robot_vel, 50.69, joints_pos, 19.39, 44.34, -19.03, -54.23, -44.02, 92.88, 49.66, tool_torque, -0.123, -0.296, -0.309, joint_torque, -0.9, 4.87, 0.68, -1.93, 0.32, -1.01, -0.31, robot_mode, sine_overlay, 
08/06/2022 15:20:51:423, robot_pos, 1654697924711, 654.03, 19.37, 512.28, 2.67, 0.58, -2.24, circuit_pos, 659.55, 48.96, 519.73, 2.75, 0.63, -2.14, tool_force, -0.89, 7.32, 4.68, actual_rep, 1, curr_step, 77, track_size, 143, robot_vel, 47.8, joints_pos, 19.93, 44.68, -19.05, -53.88, -44.83, 93.22, 49.84, tool_torque, -0.136, -0.29, -0.424, joint_torque, -1.1, 5.0, 0.73, -2.12, 0.35, -1.03, -0.41, robot_mode, sine_overlay, 
08/06/2022 15:20:51:580, robot_pos, 1654697924860, 654.95, 25.71, 512.37, 2.69, 0.59, -2.22, circuit_pos, 659.55, 48.96, 519.73, 2.75, 0.63, -2.14, tool_force, -0.88, 6.67, 5.09, actual_rep, 1, curr_step, 77, track_size, 143, robot_vel, 49.52, joints_pos, 20.49, 45.03, -19.05, -53.55, -45.68, 93.6, 50.04, tool_torque, -0.202, -0.257, -0.444, joint_torque, -1.15, 4.84, 0.68, -2.15, 0.39, -1.02, -0.44, robot_mode, sine_overlay, 
08/06/2022 15:20:51:732, robot_pos, 1654697925013, 655.74, 32.0, 512.45, 2.71, 0.6, -2.2, circuit_pos, 659.55, 48.96, 519.73, 2.75, 0.63, -2.14, tool_force, -0.57, 7.33, 5.08, actual_rep, 1, curr_step, 77, track_size, 143, robot_vel, 47.11, joints_pos, 21.05, 45.36, -19.05, -53.24, -46.55, 93.97, 50.26, tool_torque, -0.176, -0.249, -0.489, joint_torque, -1.11, 5.09, 0.79, -2.25, 0.42, -1.05, -0.48, robot_mode, sine_overlay, 
08/06/2022 15:20:51:881, robot_pos, 1654697925159, 656.42, 38.12, 512.54, 2.72, 0.61, -2.18, circuit_pos, 659.55, 48.96, 519.73, 2.75, 0.63, -2.14, tool_force, -0.7, 6.67, 5.23, actual_rep, 1, curr_step, 77, track_size, 143, robot_vel, 48.35, joints_pos, 21.58, 45.67, -19.06, -52.96, -47.36, 94.31, 50.46, tool_torque, -0.143, -0.258, -0.488, joint_torque, -1.39, 5.26, 0.65, -2.39, 0.45, -1.08, -0.49, robot_mode, sine_overlay, 
08/06/2022 15:20:52:029, robot_pos, 1654697925307, 657.25, 44.07, 512.54, 2.74, 0.62, -2.17, circuit_pos, 659.55, 48.96, 519.73, 2.75, 0.63, -2.14, tool_force, -0.72, 7.28, 5.13, actual_rep, 1, curr_step, 77, track_size, 143, robot_vel, 42.33, joints_pos, 22.09, 46.02, -19.06, -52.62, -48.17, 94.66, 50.62, tool_torque, -0.224, -0.234, -0.516, joint_torque, -1.35, 5.18, 0.76, -2.31, 0.46, -1.08, -0.5, robot_mode, sine_overlay, 
08/06/2022 15:20:52:182, robot_pos, 1654697925459, 657.85, 47.86, 512.47, 2.74, 0.62, -2.16, circuit_pos, 659.55, 48.96, 519.73, 2.75, 0.63, -2.14, tool_force, -0.18, 7.28, 5.46, actual_rep, 1, curr_step, 77, track_size, 143, robot_vel, 43.66, joints_pos, 22.38, 46.29, -19.1, -52.31, -48.47, 94.95, 50.69, tool_torque, -0.185, -0.302, -0.478, joint_torque, -1.3, 5.37, 0.81, -2.49, 0.43, -1.01, -0.46, robot_mode, sine_overlay, 
08/06/2022 15:20:52:254, robot_pos, 1654697925472, 657.85, 47.83, 512.44, 2.74, 0.62, -2.16, circuit_pos, 659.55, 48.96, 519.73, 2.75, 0.63, -2.14, tool_force, -0.32, 7.09, 5.25, actual_rep, 1, curr_step, 77, track_size, 143, robot_vel, 43.66, joints_pos, 22.38, 46.29, -19.11, -52.31, -48.46, 94.95, 50.69, tool_torque, -0.156, -0.264, -0.476, joint_torque, -1.47, 5.3, 0.75, -2.4, 0.39, -1.02, -0.45, robot_mode, sine_overlay, 
08/06/2022 15:20:52:354, robot_pos, 1654697925587, 658.03, 47.28, 512.02, 2.74, 0.62, -2.16, circuit_pos, 659.55, 48.96, 519.73, 2.75, 0.63, -2.14, tool_force, -0.65, 5.53, 3.28, actual_rep, 1, curr_step, 77, track_size, 143, robot_vel, 8.06, joints_pos, 22.35, 46.29, -19.13, -52.37, -48.41, 94.77, 50.69, tool_torque, 0.102, -0.309, -0.402, joint_torque, -0.93, 3.36, 0.3, -1.61, -0.03, -0.55, -0.39, robot_mode, normal, 
08/06/2022 15:20:52:481, robot_pos, 1654697925737, 659.28, 48.92, 515.43, 2.76, 0.63, -2.14, circuit_pos, 660.0, 56.14, 520.23, 2.79, 0.64, -2.08, tool_force, 1.13, 7.98, 4.5, actual_rep, 1, curr_step, 80, track_size, 143, robot_vel, 27.36, joints_pos, 22.45, 46.54, -19.13, -51.69, -49.38, 95.29, 50.4, tool_torque, -0.378, -0.167, -0.236, joint_torque, -0.68, 5.88, 1.49, -2.8, 0.89, -1.01, -0.21, robot_mode, normal, 
08/06/2022 15:20:52:634, robot_pos, 1654697925886, 660.31, 53.21, 516.59, 2.78, 0.64, -2.09, circuit_pos, 659.68, 61.64, 519.72, 2.82, 0.64, -2.04, tool_force, 0.46, 11.19, 4.19, actual_rep, 1, curr_step, 82, track_size, 143, robot_vel, 28.44, joints_pos, 22.86, 47.12, -19.13, -51.22, -51.46, 96.14, 50.35, tool_torque, -0.406, 0.088, -0.266, joint_torque, -0.79, 6.99, 1.84, -2.81, 1.15, -1.28, -0.23, robot_mode, normal, 
08/06/2022 15:20:52:782, robot_pos, 1654697926036, 660.51, 59.12, 517.06, 2.81, 0.64, -2.05, circuit_pos, 659.42, 73.57, 517.48, 2.86, 0.65, -1.98, tool_force, 1.45, 8.35, 4.47, actual_rep, 1, curr_step, 85, track_size, 143, robot_vel, 40.66, joints_pos, 23.4, 47.57, -19.13, -50.93, -53.15, 96.92, 50.15, tool_torque, -0.64, -0.305, -0.192, joint_torque, -0.63, 5.81, 1.54, -2.6, 0.96, -1.32, -0.18, robot_mode, normal, 
08/06/2022 15:20:52:938, robot_pos, 1654697926185, 660.44, 64.79, 516.38, 2.83, 0.65, -2.02, circuit_pos, 658.61, 86.29, 513.32, 2.9, 0.65, -1.93, tool_force, 0.72, 8.74, 4.38, actual_rep, 1, curr_step, 88, track_size, 143, robot_vel, 41.32, joints_pos, 23.92, 47.92, -19.13, -50.82, -54.27, 97.44, 50.15, tool_torque, -0.639, -0.247, -0.192, joint_torque, -0.71, 5.85, 1.6, -2.44, 0.99, -1.45, -0.17, robot_mode, normal, 
08/06/2022 15:20:53:083, robot_pos, 1654697926334, 660.37, 70.48, 515.11, 2.85, 0.65, -2.0, circuit_pos, 658.08, 93.47, 511.58, 2.92, 0.65, -1.9, tool_force, 0.31, 9.38, 4.77, actual_rep, 1, curr_step, 90, track_size, 143, robot_vel, 39.15, joints_pos, 24.42, 48.26, -19.13, -50.74, -55.17, 97.87, 50.15, tool_torque, -0.595, -0.202, -0.186, joint_torque, -1.34, 5.83, 1.32, -2.52, 0.93, -1.38, -0.17, robot_mode, normal, 
08/06/2022 15:20:53:238, robot_pos, 1654697926486, 660.03, 76.32, 513.84, 2.87, 0.65, -1.97, circuit_pos, 657.74, 99.82, 510.37, 2.93, 0.65, -1.88, tool_force, 0.76, 9.33, 4.96, actual_rep, 1, curr_step, 92, track_size, 143, robot_vel, 40.03, joints_pos, 24.94, 48.59, -19.13, -50.69, -56.07, 98.34, 50.16, tool_torque, -0.635, -0.174, -0.196, joint_torque, -1.53, 5.94, 1.32, -2.68, 1.04, -1.44, -0.18, robot_mode, normal, 
08/06/2022 15:20:53:387, robot_pos, 1654697926633, 659.76, 81.97, 512.62, 2.89, 0.65, -1.95, circuit_pos, 657.26, 106.74, 510.11, 2.95, 0.65, -1.86, tool_force, 0.42, 9.91, 5.17, actual_rep, 1, curr_step, 94, track_size, 143, robot_vel, 47.34, joints_pos, 25.41, 48.95, -19.13, -50.54, -56.86, 98.87, 50.17, tool_torque, -0.756, -0.257, -0.148, joint_torque, -1.38, 6.35, 1.54, -2.66, 1.11, -1.64, -0.13, robot_mode, normal, 
08/06/2022 15:20:53:537, robot_pos, 1654697926781, 659.45, 87.72, 511.69, 2.9, 0.65, -1.93, circuit_pos, 656.21, 115.6, 509.16, 2.95, 0.66, -1.84, tool_force, 0.09, 10.36, 5.23, actual_rep, 1, curr_step, 97, track_size, 143, robot_vel, 39.18, joints_pos, 25.88, 49.31, -19.13, -50.33, -57.6, 99.44, 50.17, tool_torque, -0.718, -0.279, -0.164, joint_torque, -1.82, 6.43, 1.35, -2.74, 1.06, -1.66, -0.16, robot_mode, normal, 
08/06/2022 15:20:53:688, robot_pos, 1654697926930, 659.12, 93.39, 510.81, 2.91, 0.65, -1.91, circuit_pos, 655.44, 121.06, 509.19, 2.95, 0.66, -1.84, tool_force, 0.29, 10.22, 5.02, actual_rep, 1, curr_step, 99, track_size, 143, robot_vel, 39.84, joints_pos, 26.31, 49.68, -19.13, -50.06, -58.22, 100.06, 50.21, tool_torque, -0.801, -0.346, -0.22, joint_torque, -1.74, 6.42, 1.42, -2.77, 1.09, -1.77, -0.21, robot_mode, normal, 
08/06/2022 15:20:53:837, robot_pos, 1654697927080, 658.61, 99.18, 510.23, 2.92, 0.66, -1.9, circuit_pos, 655.16, 128.94, 509.13, 2.95, 0.66, -1.83, tool_force, -0.29, 9.95, 5.98, actual_rep, 1, curr_step, 102, track_size, 143, robot_vel, 42.11, joints_pos, 26.75, 50.01, -19.13, -49.75, -58.69, 100.68, 50.22, tool_torque, -0.777, -0.355, -0.209, joint_torque, -2.32, 5.8, 1.04, -2.55, 0.94, -1.77, -0.19, robot_mode, normal, 
08/06/2022 15:20:53:987, robot_pos, 1654697927229, 658.24, 104.9, 509.6, 2.93, 0.66, -1.88, circuit_pos, 655.29, 133.8, 507.77, 2.96, 0.66, -1.81, tool_force, -0.27, 10.06, 5.52, actual_rep, 1, curr_step, 104, track_size, 143, robot_vel, 40.3, joints_pos, 27.17, 50.39, -19.13, -49.36, -59.12, 101.34, 50.22, tool_torque, -0.821, -0.418, -0.17, joint_torque, -2.09, 5.84, 1.1, -2.58, 0.94, -1.78, -0.16, robot_mode, normal, 
08/06/2022 15:20:54:221, robot_pos, 1654697927376, 658.06, 110.64, 508.79, 2.94, 0.66, -1.87, circuit_pos, 655.78, 138.59, 506.18, 2.98, 0.66, -1.79, tool_force, 0.23, 10.51, 5.62, actual_rep, 1, curr_step, 107, track_size, 143, robot_vel, 37.9, joints_pos, 27.57, 50.83, -19.13, -48.93, -59.63, 102.0, 50.15, tool_torque, -0.789, -0.398, -0.059, joint_torque, -2.53, 6.39, 1.15, -2.71, 0.99, -1.88, -0.04, robot_mode, normal, 
08/06/2022 15:20:54:292, robot_pos, 1654697927528, 657.82, 116.42, 507.87, 2.95, 0.66, -1.85, circuit_pos, 656.39, 141.31, 506.04, 2.98, 0.67, -1.77, tool_force, 0.4, 10.7, 5.58, actual_rep, 1, curr_step, 110, track_size, 143, robot_vel, 39.11, joints_pos, 27.97, 51.25, -19.13, -48.54, -60.19, 102.63, 50.1, tool_torque, -0.854, -0.408, -0.01, joint_torque, -2.74, 6.24, 1.04, -2.74, 1.0, -1.91, 0.01, robot_mode, normal, 
08/06/2022 15:20:54:436, robot_pos, 1654697927676, 657.75, 122.16, 507.01, 2.95, 0.66, -1.83, circuit_pos, 656.41, 141.21, 506.25, 2.98, 0.67, -1.77, tool_force, -0.16, 10.5, 5.67, actual_rep, 1, curr_step, 112, track_size, 143, robot_vel, 35.92, joints_pos, 28.33, 51.76, -19.13, -48.0, -60.82, 103.39, 50.07, tool_torque, -0.864, -0.43, -0.0050, joint_torque, -2.81, 6.08, 0.95, -2.64, 0.97, -1.93, 0.01, robot_mode, normal, 
08/06/2022 15:20:54:590, robot_pos, 1654697927826, 657.85, 128.01, 506.33, 2.96, 0.67, -1.81, circuit_pos, 656.3, 140.68, 507.61, 2.98, 0.67, -1.78, tool_force, 0.23, 11.22, 5.92, actual_rep, 1, curr_step, 115, track_size, 143, robot_vel, 39.19, joints_pos, 28.69, 52.3, -19.13, -47.38, -61.43, 104.13, 49.99, tool_torque, -0.936, -0.417, 0.0040, joint_torque, -3.12, 6.26, 1.0, -2.75, 1.05, -2.01, 0.03, robot_mode, normal, 
08/06/2022 15:20:54:738, robot_pos, 1654697927974, 657.79, 133.69, 506.04, 2.97, 0.67, -1.8, circuit_pos, 656.33, 140.69, 507.47, 2.98, 0.67, -1.78, tool_force, 0.58, 10.91, 5.07, actual_rep, 1, curr_step, 117, track_size, 143, robot_vel, 47.08, joints_pos, 29.05, 52.76, -19.13, -46.82, -62.01, 104.8, 49.86, tool_torque, -1.026, -0.492, 0.023, joint_torque, -2.49, 5.96, 1.14, -2.59, 1.06, -2.03, 0.04, robot_mode, normal, 
08/06/2022 15:20:54:890, robot_pos, 1654697928126, 657.66, 138.46, 505.57, 2.98, 0.67, -1.78, circuit_pos, 656.41, 140.76, 507.05, 2.98, 0.67, -1.77, tool_force, 0.66, 11.67, 5.77, actual_rep, 1, curr_step, 120, track_size, 143, robot_vel, 25.03, joints_pos, 29.32, 53.24, -19.13, -46.3, -62.7, 105.54, 49.74, tool_torque, -1.148, -0.519, 0.034, joint_torque, -2.74, 6.31, 1.27, -2.79, 1.22, -2.17, 0.05, robot_mode, normal, 
08/06/2022 15:20:55:040, robot_pos, 1654697928273, 658.06, 140.06, 504.87, 2.98, 0.67, -1.77, circuit_pos, 656.47, 140.63, 506.78, 2.98, 0.67, -1.77, tool_force, 0.45, 11.46, 5.19, actual_rep, 1, curr_step, 122, track_size, 143, robot_vel, 12.25, joints_pos, 29.36, 53.55, -19.13, -45.92, -62.91, 105.94, 49.62, tool_torque, -0.938, -0.523, -0.0020, joint_torque, -2.65, 6.3, 1.1, -2.72, 1.04, -2.05, 0.0, robot_mode, normal, 
08/06/2022 15:20:55:194, robot_pos, 1654697928424, 658.07, 139.91, 504.94, 2.98, 0.67, -1.77, circuit_pos, 656.48, 140.64, 506.77, 2.98, 0.67, -1.77, tool_force, 0.15, 11.28, 4.46, actual_rep, 1, curr_step, 125, track_size, 143, robot_vel, 1.7, joints_pos, 29.34, 53.55, -19.13, -45.91, -62.9, 105.96, 49.61, tool_torque, -0.82, -0.445, -0.023, joint_torque, -2.41, 6.49, 1.18, -2.7, 1.04, -1.98, -0.02, robot_mode, normal, 
08/06/2022 15:20:55:346, robot_pos, 1654697928573, 658.05, 139.93, 504.95, 2.98, 0.67, -1.77, circuit_pos, 656.49, 140.63, 506.77, 2.98, 0.67, -1.77, tool_force, -0.6, 11.55, 4.59, actual_rep, 1, curr_step, 128, track_size, 143, robot_vel, 0.39, joints_pos, 29.34, 53.55, -19.13, -45.91, -62.91, 105.96, 49.61, tool_torque, -0.786, -0.372, -0.054, joint_torque, -2.57, 6.48, 1.15, -2.63, 1.05, -1.98, -0.05, robot_mode, normal, 
08/06/2022 15:20:55:493, robot_pos, 1654697928722, 658.04, 139.92, 504.95, 2.98, 0.67, -1.77, circuit_pos, 656.49, 140.63, 506.77, 2.98, 0.67, -1.77, tool_force, -0.64, 11.42, 4.71, actual_rep, 1, curr_step, 130, track_size, 143, robot_vel, 0.17, joints_pos, 29.34, 53.55, -19.13, -45.92, -62.91, 105.96, 49.61, tool_torque, -0.779, -0.355, -0.065, joint_torque, -2.67, 6.44, 1.11, -2.65, 1.04, -1.96, -0.06, robot_mode, normal, 
08/06/2022 15:20:55:647, robot_pos, 1654697928871, 658.03, 139.91, 504.96, 2.98, 0.67, -1.77, circuit_pos, 656.49, 140.63, 506.77, 2.98, 0.67, -1.77, tool_force, -0.77, 11.48, 4.61, actual_rep, 1, curr_step, 133, track_size, 143, robot_vel, 0.05, joints_pos, 29.34, 53.55, -19.13, -45.92, -62.91, 105.96, 49.61, tool_torque, -0.767, -0.338, -0.068, joint_torque, -2.66, 6.4, 1.12, -2.6, 1.03, -1.95, -0.06, robot_mode, normal, 
08/06/2022 15:20:55:836, robot_pos, 1654697929022, 658.03, 139.91, 504.95, 2.98, 0.67, -1.77, circuit_pos, 656.49, 140.63, 506.76, 2.98, 0.67, -1.77, tool_force, -0.79, 11.43, 4.68, actual_rep, 1, curr_step, 135, track_size, 143, robot_vel, 0.15, joints_pos, 29.34, 53.55, -19.13, -45.92, -62.91, 105.96, 49.61, tool_torque, -0.756, -0.356, -0.072, joint_torque, -2.71, 6.32, 1.06, -2.59, 1.0, -1.94, -0.06, robot_mode, normal, 
08/06/2022 15:20:55:954, robot_pos, 1654697929171, 658.03, 139.91, 504.96, 2.98, 0.67, -1.77, circuit_pos, 656.49, 140.63, 506.76, 2.98, 0.67, -1.77, tool_force, -0.78, 11.42, 4.67, actual_rep, 1, curr_step, 138, track_size, 143, robot_vel, 0.14, joints_pos, 29.34, 53.54, -19.13, -45.92, -62.92, 105.96, 49.61, tool_torque, -0.763, -0.338, -0.07, joint_torque, -2.71, 6.36, 1.08, -2.61, 1.02, -1.94, -0.06, robot_mode, normal, 
08/06/2022 15:20:56:107, robot_pos, 1654697929322, 658.02, 139.91, 504.97, 2.98, 0.67, -1.77, circuit_pos, 656.49, 140.63, 506.76, 2.98, 0.67, -1.77, tool_force, -0.75, 11.33, 4.68, actual_rep, 1, curr_step, 140, track_size, 143, robot_vel, 0.14, joints_pos, 29.34, 53.54, -19.13, -45.92, -62.92, 105.96, 49.61, tool_torque, -0.757, -0.352, -0.072, joint_torque, -2.69, 6.34, 1.08, -2.6, 1.0, -1.94, -0.06, robot_mode, normal, 
08/06/2022 15:20:56:264, robot_pos, 1654697929471, 658.02, 139.91, 504.98, 2.98, 0.67, -1.77, circuit_pos, 656.49, 140.63, 506.76, 2.98, 0.67, -1.77, tool_force, -0.82, 11.31, 4.69, actual_rep, 1, curr_step, 142, track_size, 143, robot_vel, 0.12, joints_pos, 29.34, 53.54, -19.13, -45.93, -62.92, 105.96, 49.61, tool_torque, -0.747, -0.36, -0.066, joint_torque, -2.72, 6.3, 1.04, -2.58, 0.98, -1.93, -0.06, robot_mode, normal, 
08/06/2022 15:20:56:411, robot_pos, 1654697929620, 658.02, 139.9, 505.0, 2.98, 0.67, -1.77, circuit_pos, 656.49, 140.63, 506.76, 2.98, 0.67, -1.77, tool_force, -0.87, 11.24, 4.66, actual_rep, 1, curr_step, 140, track_size, 143, robot_vel, 0.08, joints_pos, 29.34, 53.54, -19.13, -45.93, -62.92, 105.96, 49.61, tool_torque, -0.736, -0.369, -0.058, joint_torque, -2.71, 6.25, 1.02, -2.55, 0.96, -1.93, -0.05, robot_mode, normal, 
08/06/2022 15:20:56:553, robot_pos, 1654697929774, 658.02, 139.9, 504.99, 2.98, 0.67, -1.77, circuit_pos, 656.49, 140.63, 506.76, 2.98, 0.67, -1.77, tool_force, -0.81, 11.17, 4.69, actual_rep, 1, curr_step, 137, track_size, 143, robot_vel, 0.1, joints_pos, 29.34, 53.54, -19.13, -45.93, -62.92, 105.96, 49.61, tool_torque, -0.73, -0.357, -0.074, joint_torque, -2.73, 6.21, 1.01, -2.56, 0.96, -1.9, -0.06, robot_mode, normal, 
08/06/2022 15:20:56:708, robot_pos, 1654697929923, 657.99, 139.91, 504.99, 2.98, 0.67, -1.77, circuit_pos, 656.49, 140.63, 506.76, 2.98, 0.67, -1.77, tool_force, -0.68, 11.28, 4.61, actual_rep, 1, curr_step, 135, track_size, 143, robot_vel, 0.24, joints_pos, 29.35, 53.54, -19.13, -45.93, -62.92, 105.96, 49.6, tool_torque, -0.735, -0.318, -0.094, joint_torque, -2.67, 6.31, 1.08, -2.61, 1.02, -1.88, -0.08, robot_mode, normal, 
08/06/2022 15:20:56:857, robot_pos, 1654697930072, 657.98, 139.93, 504.99, 2.98, 0.67, -1.77, circuit_pos, 656.49, 140.63, 506.77, 2.98, 0.67, -1.77, tool_force, -0.64, 11.27, 4.57, actual_rep, 1, curr_step, 132, track_size, 143, robot_vel, 0.17, joints_pos, 29.35, 53.54, -19.13, -45.93, -62.92, 105.96, 49.6, tool_torque, -0.749, -0.313, -0.107, joint_torque, -2.63, 6.35, 1.12, -2.63, 1.05, -1.89, -0.1, robot_mode, normal, 
08/06/2022 15:20:57:010, robot_pos, 1654697930221, 657.97, 139.93, 504.98, 2.98, 0.67, -1.77, circuit_pos, 656.49, 140.63, 506.77, 2.98, 0.67, -1.77, tool_force, -0.55, 11.23, 4.61, actual_rep, 1, curr_step, 129, track_size, 143, robot_vel, 0.11, joints_pos, 29.35, 53.54, -19.13, -45.93, -62.92, 105.96, 49.6, tool_torque, -0.746, -0.317, -0.116, joint_torque, -2.63, 6.35, 1.12, -2.66, 1.05, -1.87, -0.11, robot_mode, normal, 
08/06/2022 15:20:57:157, robot_pos, 1654697930369, 657.97, 139.93, 504.97, 2.98, 0.67, -1.77, circuit_pos, 656.49, 140.64, 506.77, 2.98, 0.67, -1.77, tool_force, -0.51, 11.22, 4.62, actual_rep, 1, curr_step, 127, track_size, 143, robot_vel, 0.07, joints_pos, 29.35, 53.54, -19.13, -45.94, -62.91, 105.96, 49.6, tool_torque, -0.739, -0.312, -0.119, joint_torque, -2.63, 6.38, 1.12, -2.68, 1.05, -1.86, -0.11, robot_mode, normal, 
08/06/2022 15:20:57:333, robot_pos, 1654697930519, 657.96, 139.93, 504.98, 2.98, 0.67, -1.77, circuit_pos, 656.48, 140.65, 506.78, 2.98, 0.67, -1.77, tool_force, -0.57, 11.35, 4.59, actual_rep, 1, curr_step, 124, track_size, 143, robot_vel, 0.04, joints_pos, 29.35, 53.54, -19.13, -45.94, -62.91, 105.96, 49.6, tool_torque, -0.73, -0.292, -0.119, joint_torque, -2.66, 6.41, 1.12, -2.68, 1.06, -1.86, -0.11, robot_mode, normal, 
08/06/2022 15:20:57:457, robot_pos, 1654697930669, 657.95, 139.93, 504.99, 2.98, 0.67, -1.77, circuit_pos, 656.47, 140.63, 506.78, 2.98, 0.67, -1.77, tool_force, -0.55, 11.27, 4.63, actual_rep, 1, curr_step, 122, track_size, 143, robot_vel, 0.19, joints_pos, 29.35, 53.54, -19.13, -45.94, -62.91, 105.97, 49.6, tool_torque, -0.722, -0.309, -0.117, joint_torque, -2.67, 6.39, 1.11, -2.69, 1.04, -1.86, -0.11, robot_mode, normal, 
08/06/2022 15:20:57:609, robot_pos, 1654697930818, 657.94, 139.96, 505.02, 2.98, 0.67, -1.77, circuit_pos, 656.41, 140.76, 507.05, 2.98, 0.67, -1.77, tool_force, -0.55, 10.79, 4.75, actual_rep, 1, curr_step, 120, track_size, 143, robot_vel, 0.09, joints_pos, 29.35, 53.53, -19.13, -45.94, -62.91, 105.97, 49.6, tool_torque, -0.749, -0.326, -0.112, joint_torque, -2.69, 6.22, 1.07, -2.65, 1.02, -1.85, -0.1, robot_mode, normal, 
08/06/2022 15:20:57:762, robot_pos, 1654697930966, 657.8, 140.05, 505.49, 2.98, 0.67, -1.77, circuit_pos, 656.33, 140.69, 507.47, 2.98, 0.67, -1.78, tool_force, -0.48, 11.16, 4.83, actual_rep, 1, curr_step, 117, track_size, 143, robot_vel, 3.61, joints_pos, 29.36, 53.5, -19.13, -45.93, -62.92, 105.98, 49.57, tool_torque, -0.774, -0.339, -0.058, joint_torque, -2.75, 6.3, 1.08, -2.65, 1.02, -1.89, -0.04, robot_mode, normal, 
08/06/2022 15:20:57:910, robot_pos, 1654697931116, 658.04, 140.07, 505.78, 2.98, 0.67, -1.78, circuit_pos, 656.3, 140.68, 507.61, 2.98, 0.67, -1.78, tool_force, -0.62, 11.42, 4.23, actual_rep, 1, curr_step, 115, track_size, 143, robot_vel, 4.44, joints_pos, 29.37, 53.42, -19.13, -45.94, -62.69, 105.72, 49.56, tool_torque, -0.389, -0.098, -0.098, joint_torque, -2.84, 6.69, 1.02, -2.82, 0.92, -1.5, -0.08, robot_mode, normal, 
08/06/2022 15:20:58:061, robot_pos, 1654697931264, 657.74, 140.16, 505.61, 2.98, 0.67, -1.78, circuit_pos, 656.41, 141.21, 506.25, 2.98, 0.67, -1.77, tool_force, -2.0, 11.2, 3.92, actual_rep, 1, curr_step, 112, track_size, 143, robot_vel, 2.87, joints_pos, 29.41, 53.34, -19.13, -46.08, -62.61, 105.63, 49.63, tool_torque, -0.39, -0.069, -0.226, joint_torque, -2.85, 5.93, 0.87, -2.29, 0.78, -1.56, -0.21, robot_mode, normal, 
08/06/2022 15:20:58:212, robot_pos, 1654697931414, 657.58, 140.46, 504.73, 2.98, 0.67, -1.77, circuit_pos, 656.39, 141.31, 506.04, 2.98, 0.67, -1.77, tool_force, -1.36, 10.27, 4.9, actual_rep, 1, curr_step, 110, track_size, 143, robot_vel, 4.63, joints_pos, 29.42, 53.48, -19.13, -46.06, -62.87, 105.92, 49.68, tool_torque, -0.625, -0.303, -0.265, joint_torque, -2.75, 5.87, 0.9, -2.49, 0.93, -1.79, -0.25, robot_mode, normal, 
08/06/2022 15:20:58:361, robot_pos, 1654697931563, 658.06, 140.23, 504.48, 2.98, 0.67, -1.78, circuit_pos, 655.78, 138.59, 506.18, 2.98, 0.66, -1.79, tool_force, -0.04, 10.4, 3.67, actual_rep, 1, curr_step, 107, track_size, 143, robot_vel, 5.15, joints_pos, 29.37, 53.51, -19.13, -45.96, -62.65, 105.8, 49.59, tool_torque, -0.208, -0.281, -0.152, joint_torque, -2.48, 5.88, 0.65, -2.59, 0.69, -1.35, -0.13, robot_mode, normal, 
08/06/2022 15:20:58:514, robot_pos, 1654697931712, 657.87, 138.14, 504.95, 2.98, 0.66, -1.79, circuit_pos, 655.29, 133.8, 507.77, 2.96, 0.66, -1.81, tool_force, -1.15, 11.1, 2.9, actual_rep, 1, curr_step, 104, track_size, 143, robot_vel, 15.88, joints_pos, 29.33, 53.02, -19.13, -46.53, -62.0, 104.91, 49.33, tool_torque, 0.0040, -0.191, -0.069, joint_torque, -2.1, 5.95, 0.64, -2.34, 0.57, -1.22, -0.08, robot_mode, normal, 
08/06/2022 15:20:58:663, robot_pos, 1654697931862, 656.66, 134.66, 505.9, 2.97, 0.66, -1.81, circuit_pos, 655.16, 128.94, 509.13, 2.95, 0.66, -1.83, tool_force, -1.33, 9.15, 3.17, actual_rep, 1, curr_step, 102, track_size, 143, robot_vel, 28.79, joints_pos, 29.17, 52.55, -19.13, -47.09, -61.61, 104.69, 49.61, tool_torque, -0.147, -0.36, -0.265, joint_torque, -2.28, 5.42, 0.43, -2.21, 0.47, -1.39, -0.27, robot_mode, normal, 
08/06/2022 15:20:58:814, robot_pos, 1654697932012, 656.94, 128.87, 507.22, 2.95, 0.66, -1.83, circuit_pos, 655.44, 121.06, 509.19, 2.95, 0.66, -1.84, tool_force, -1.53, 8.68, 2.63, actual_rep, 1, curr_step, 99, track_size, 143, robot_vel, 38.07, joints_pos, 28.73, 52.14, -19.13, -47.34, -60.84, 104.24, 49.68, tool_torque, -0.041, -0.409, -0.324, joint_torque, -1.27, 5.4, 0.64, -2.21, 0.51, -1.33, -0.35, robot_mode, normal, 
08/06/2022 15:20:58:967, robot_pos, 1654697932161, 656.88, 123.43, 507.41, 2.95, 0.66, -1.83, circuit_pos, 656.21, 115.6, 509.16, 2.95, 0.66, -1.84, tool_force, -0.55, 9.09, 1.8, actual_rep, 1, curr_step, 97, track_size, 143, robot_vel, 34.39, joints_pos, 28.44, 51.65, -19.13, -48.1, -60.69, 103.47, 49.91, tool_torque, 0.049, -0.291, -0.374, joint_torque, -1.07, 5.59, 0.77, -2.19, 0.54, -1.15, -0.39, robot_mode, normal, 
08/06/2022 15:20:59:116, robot_pos, 1654697932308, 657.19, 117.58, 507.77, 2.95, 0.66, -1.84, circuit_pos, 657.26, 106.74, 510.11, 2.95, 0.65, -1.86, tool_force, -0.9, 8.92, 0.94, actual_rep, 1, curr_step, 94, track_size, 143, robot_vel, 41.2, joints_pos, 28.09, 51.28, -19.13, -48.67, -60.67, 102.83, 50.03, tool_torque, -0.023, -0.303, -0.413, joint_torque, -0.31, 5.75, 1.11, -2.3, 0.67, -1.1, -0.44, robot_mode, normal, 
08/06/2022 15:20:59:333, robot_pos, 1654697932459, 657.76, 111.77, 508.09, 2.95, 0.66, -1.85, circuit_pos, 657.74, 99.82, 510.37, 2.93, 0.65, -1.88, tool_force, 0.29, 8.9, 1.52, actual_rep, 1, curr_step, 92, track_size, 143, robot_vel, 39.55, joints_pos, 27.7, 50.86, -19.13, -49.2, -60.29, 101.99, 49.99, tool_torque, 0.117, -0.27, -0.247, joint_torque, -0.67, 5.82, 0.92, -2.36, 0.57, -0.97, -0.26, robot_mode, normal, 
08/06/2022 15:20:59:420, robot_pos, 1654697932609, 658.16, 105.87, 508.59, 2.94, 0.65, -1.86, circuit_pos, 658.08, 93.47, 511.58, 2.92, 0.65, -1.9, tool_force, -0.31, 8.99, 2.4, actual_rep, 1, curr_step, 90, track_size, 143, robot_vel, 38.55, joints_pos, 27.29, 50.47, -19.13, -49.61, -59.79, 101.3, 49.99, tool_torque, 0.178, -0.215, -0.237, joint_torque, -1.41, 5.26, 0.45, -2.31, 0.43, -0.83, -0.24, robot_mode, normal, 
08/06/2022 15:20:59:571, robot_pos, 1654697932761, 658.55, 100.04, 509.5, 2.93, 0.65, -1.88, circuit_pos, 659.1, 82.11, 514.6, 2.89, 0.65, -1.95, tool_force, -0.2, 7.8, 2.65, actual_rep, 1, curr_step, 87, track_size, 143, robot_vel, 38.48, joints_pos, 26.85, 50.08, -19.13, -49.91, -59.13, 100.66, 49.99, tool_torque, 0.177, -0.239, -0.274, joint_torque, -0.87, 5.24, 0.68, -2.21, 0.45, -0.88, -0.29, robot_mode, normal, 
08/06/2022 15:20:59:729, robot_pos, 1654697932909, 658.95, 94.27, 510.77, 2.92, 0.65, -1.9, circuit_pos, 659.4, 69.36, 518.55, 2.85, 0.65, -2.0, tool_force, -0.19, 8.59, 2.82, actual_rep, 1, curr_step, 84, track_size, 143, robot_vel, 40.98, joints_pos, 26.37, 49.69, -19.13, -50.1, -58.39, 100.09, 50.01, tool_torque, 0.235, -0.208, -0.355, joint_torque, -1.0, 5.73, 0.73, -2.42, 0.44, -0.87, -0.37, robot_mode, normal, 
08/06/2022 15:20:59:872, robot_pos, 1654697933058, 659.32, 88.51, 512.13, 2.9, 0.65, -1.93, circuit_pos, 659.68, 61.64, 519.72, 2.82, 0.64, -2.04, tool_force, -0.49, 8.84, 2.57, actual_rep, 1, curr_step, 82, track_size, 143, robot_vel, 39.12, joints_pos, 25.9, 49.35, -19.13, -50.2, -57.61, 99.62, 50.01, tool_torque, 0.282, -0.242, -0.316, joint_torque, -0.79, 5.55, 0.72, -2.22, 0.37, -0.84, -0.33, robot_mode, normal, 
08/06/2022 15:21:00:032, robot_pos, 1654697933207, 659.59, 82.8, 513.38, 2.88, 0.65, -1.95, circuit_pos, 660.09, 53.96, 520.37, 2.78, 0.64, -2.1, tool_force, -0.24, 8.51, 2.46, actual_rep, 1, curr_step, 79, track_size, 143, robot_vel, 38.43, joints_pos, 25.41, 48.97, -19.13, -50.32, -56.64, 99.1, 50.01, tool_torque, 0.35, -0.252, -0.338, joint_torque, -0.75, 5.25, 0.64, -2.24, 0.3, -0.69, -0.35, robot_mode, normal, 
08/06/2022 15:21:00:176, robot_pos, 1654697933356, 659.93, 76.94, 514.45, 2.86, 0.65, -1.98, circuit_pos, 659.55, 48.96, 519.73, 2.75, 0.63, -2.14, tool_force, -0.63, 8.43, 2.5, actual_rep, 1, curr_step, 77, track_size, 143, robot_vel, 39.8, joints_pos, 24.88, 48.61, -19.13, -50.38, -55.43, 98.55, 50.03, tool_torque, 0.525, -0.212, -0.412, joint_torque, -0.81, 5.31, 0.45, -2.25, 0.17, -0.58, -0.43, robot_mode, normal, 
08/06/2022 15:21:00:343, robot_pos, 1654697933518, 659.97, 70.55, 515.21, 2.83, 0.64, -2.02, circuit_pos, 657.05, 39.37, 519.16, 2.72, 0.61, -2.17, tool_force, -0.56, 7.97, 2.37, actual_rep, 1, curr_step, 74, track_size, 143, robot_vel, 38.06, joints_pos, 24.31, 48.15, -19.13, -50.55, -53.98, 97.9, 50.08, tool_torque, 0.488, -0.293, -0.416, joint_torque, -0.56, 5.16, 0.52, -2.1, 0.14, -0.64, -0.44, robot_mode, normal, 
08/06/2022 15:21:00:475, robot_pos, 1654697933654, 659.56, 65.37, 515.66, 2.81, 0.64, -2.05, circuit_pos, 654.62, 31.97, 518.58, 2.7, 0.6, -2.19, tool_force, -1.05, 8.22, 2.69, actual_rep, 1, curr_step, 72, track_size, 143, robot_vel, 41.69, joints_pos, 23.87, 47.77, -19.13, -50.78, -52.95, 97.47, 50.1, tool_torque, 0.435, -0.332, -0.408, joint_torque, -0.6, 5.27, 0.58, -2.09, 0.11, -0.73, -0.42, robot_mode, normal, 
08/06/2022 15:21:00:625, robot_pos, 1654697933805, 658.85, 59.51, 515.8, 2.79, 0.63, -2.07, circuit_pos, 651.83, 25.43, 517.24, 2.67, 0.59, -2.2, tool_force, -1.32, 8.32, 2.45, actual_rep, 1, curr_step, 70, track_size, 143, robot_vel, 36.86, joints_pos, 23.38, 47.38, -19.13, -51.1, -51.9, 97.12, 50.13, tool_torque, 0.55, -0.296, -0.39, joint_torque, -0.58, 5.83, 0.6, -2.25, 0.08, -0.71, -0.4, robot_mode, normal, 
08/06/2022 15:21:00:780, robot_pos, 1654697933954, 657.85, 53.79, 515.69, 2.77, 0.62, -2.09, circuit_pos, 647.54, 16.19, 515.65, 2.65, 0.57, -2.23, tool_force, -1.25, 8.35, 2.28, actual_rep, 1, curr_step, 67, track_size, 143, robot_vel, 37.75, joints_pos, 22.9, 47.0, -19.13, -51.44, -50.89, 96.86, 50.13, tool_torque, 0.601, -0.368, -0.33, joint_torque, -0.44, 5.81, 0.61, -2.14, 0.04, -0.74, -0.35, robot_mode, normal, 
08/06/2022 15:21:00:929, robot_pos, 1654697934102, 656.48, 47.95, 515.55, 2.75, 0.62, -2.11, circuit_pos, 643.74, 5.2, 516.45, 2.63, 0.56, -2.26, tool_force, -1.21, 8.47, 2.33, actual_rep, 1, curr_step, 64, track_size, 143, robot_vel, 38.71, joints_pos, 22.44, 46.56, -19.13, -51.92, -49.95, 96.53, 50.13, tool_torque, 0.515, -0.462, -0.224, joint_torque, -0.41, 5.42, 0.51, -2.01, -0.06, -0.83, -0.23, robot_mode, normal, 
08/06/2022 15:21:01:077, robot_pos, 1654697934253, 654.97, 42.26, 515.47, 2.74, 0.61, -2.13, circuit_pos, 641.24, -2.44, 516.4, 2.61, 0.55, -2.29, tool_force, -1.66, 9.02, 3.02, actual_rep, 1, curr_step, 62, track_size, 143, robot_vel, 40.59, joints_pos, 21.99, 46.07, -19.13, -52.47, -49.05, 96.11, 50.12, tool_torque, 0.53, -0.499, -0.169, joint_torque, -0.44, 5.41, 0.5, -1.81, -0.13, -0.91, -0.18, robot_mode, normal, 
08/06/2022 15:21:01:230, robot_pos, 1654697934403, 653.44, 36.43, 515.39, 2.72, 0.6, -2.16, circuit_pos, 638.07, -14.31, 512.76, 2.59, 0.52, -2.35, tool_force, -1.61, 8.72, 2.45, actual_rep, 1, curr_step, 59, track_size, 143, robot_vel, 39.17, joints_pos, 21.55, 45.57, -19.13, -53.03, -48.13, 95.62, 50.11, tool_torque, 0.539, -0.554, -0.12, joint_torque, -0.18, 5.13, 0.5, -1.52, -0.22, -0.94, -0.13, robot_mode, normal, 
08/06/2022 15:21:01:386, robot_pos, 1654697934552, 651.88, 30.65, 514.87, 2.7, 0.59, -2.18, circuit_pos, 635.6, -22.16, 509.46, 2.57, 0.51, -2.38, tool_force, -1.85, 8.7, 2.5, actual_rep, 1, curr_step, 57, track_size, 143, robot_vel, 41.3, joints_pos, 21.1, 45.04, -19.13, -53.68, -47.14, 95.01, 50.09, tool_torque, 0.608, -0.629, -0.083, joint_torque, -0.04, 5.57, 0.58, -1.67, -0.23, -0.99, -0.11, robot_mode, normal, 
08/06/2022 15:21:01:529, robot_pos, 1654697934699, 650.28, 24.89, 514.11, 2.69, 0.59, -2.2, circuit_pos, 632.38, -32.96, 503.88, 2.54, 0.49, -2.43, tool_force, -1.93, 8.3, 2.43, actual_rep, 1, curr_step, 54, track_size, 143, robot_vel, 42.07, joints_pos, 20.65, 44.53, -19.13, -54.33, -46.13, 94.37, 50.08, tool_torque, 0.587, -0.62, -0.046, joint_torque, -0.21, 5.24, 0.44, -1.49, -0.33, -0.96, -0.06, robot_mode, normal, 
08/06/2022 15:21:01:682, robot_pos, 1654697934849, 648.69, 18.92, 512.93, 2.67, 0.58, -2.23, circuit_pos, 630.73, -40.19, 498.69, 2.53, 0.47, -2.46, tool_force, -1.86, 8.8, 2.73, actual_rep, 1, curr_step, 52, track_size, 143, robot_vel, 45.14, joints_pos, 20.18, 44.02, -19.13, -55.04, -45.08, 93.65, 50.08, tool_torque, 0.593, -0.663, -0.037, joint_torque, -0.15, 4.99, 0.41, -1.32, -0.41, -1.0, -0.04, robot_mode, normal, 
08/06/2022 15:21:01:830, robot_pos, 1654697934997, 647.16, 13.25, 511.41, 2.66, 0.57, -2.25, circuit_pos, 629.84, -47.34, 494.75, 2.52, 0.46, -2.49, tool_force, -2.38, 8.36, 2.69, actual_rep, 1, curr_step, 50, track_size, 143, robot_vel, 41.44, joints_pos, 19.72, 43.53, -19.13, -55.75, -44.03, 92.87, 50.07, tool_torque, 0.598, -0.763, 0.045, joint_torque, 0.15, 4.79, 0.46, -1.12, -0.46, -1.06, 0.03, robot_mode, normal, 
08/06/2022 15:21:02:134, robot_pos, 1654697935297, 644.5, 1.67, 508.12, 2.63, 0.55, -2.3, circuit_pos, 627.97, -66.32, 489.84, 2.51, 0.44, -2.55, tool_force, -2.53, 8.09, 3.52, actual_rep, 1, curr_step, 46, track_size, 143, robot_vel, 43.15, joints_pos, 18.75, 42.62, -19.13, -57.12, -42.03, 91.18, 49.94, tool_torque, 0.674, -0.832, 0.151, joint_torque, -0.4, 4.86, 0.13, -1.11, -0.65, -1.02, 0.15, robot_mode, normal, 
08/06/2022 15:21:02:285, robot_pos, 1654697935448, 643.22, -4.12, 506.52, 2.62, 0.54, -2.32, circuit_pos, 627.97, -66.32, 489.84, 2.51, 0.44, -2.55, tool_force, -2.79, 8.4, 3.67, actual_rep, 1, curr_step, 46, track_size, 143, robot_vel, 37.22, joints_pos, 18.25, 42.18, -19.13, -57.77, -41.05, 90.31, 49.8, tool_torque, 0.721, -0.831, 0.178, joint_torque, -0.39, 4.61, 0.07, -0.95, -0.71, -1.03, 0.17, robot_mode, normal, 
08/06/2022 15:21:02:435, robot_pos, 1654697935596, 641.99, -9.9, 504.87, 2.61, 0.54, -2.34, circuit_pos, 627.97, -66.32, 489.84, 2.51, 0.44, -2.55, tool_force, -2.91, 9.01, 3.27, actual_rep, 1, curr_step, 46, track_size, 143, robot_vel, 43.66, joints_pos, 17.73, 41.76, -19.13, -58.4, -40.04, 89.44, 49.64, tool_torque, 0.734, -0.881, 0.19, joint_torque, -0.02, 4.74, 0.24, -0.84, -0.72, -1.03, 0.19, robot_mode, normal, 
08/06/2022 15:21:02:587, robot_pos, 1654697935749, 640.75, -15.82, 503.2, 2.6, 0.53, -2.36, circuit_pos, 627.97, -66.32, 489.84, 2.51, 0.44, -2.55, tool_force, -3.15, 8.76, 3.3, actual_rep, 1, curr_step, 46, track_size, 143, robot_vel, 48.3, joints_pos, 17.2, 41.36, -19.13, -59.0, -39.03, 88.55, 49.42, tool_torque, 0.716, -0.975, 0.225, joint_torque, -0.05, 4.52, 0.14, -0.77, -0.81, -1.08, 0.22, robot_mode, normal, 
08/06/2022 15:21:02:738, robot_pos, 1654697935898, 639.47, -21.67, 501.61, 2.58, 0.52, -2.39, circuit_pos, 627.97, -66.32, 489.84, 2.51, 0.44, -2.55, tool_force, -3.18, 7.61, 3.35, actual_rep, 1, curr_step, 46, track_size, 143, robot_vel, 44.96, joints_pos, 16.66, 40.96, -19.13, -59.6, -38.03, 87.71, 49.17, tool_torque, 0.728, -0.932, 0.249, joint_torque, -0.26, 4.58, 0.05, -0.69, -0.83, -1.11, 0.25, robot_mode, normal, 
08/06/2022 15:21:02:891, robot_pos, 1654697936048, 638.27, -27.44, 500.11, 2.57, 0.51, -2.41, circuit_pos, 627.97, -66.32, 489.84, 2.51, 0.44, -2.55, tool_force, -3.87, 7.46, 2.61, actual_rep, 1, curr_step, 46, track_size, 143, robot_vel, 40.81, joints_pos, 16.11, 40.58, -19.13, -60.15, -37.02, 86.87, 48.87, tool_torque, 0.811, -1.077, 0.338, joint_torque, 0.13, 3.82, -0.01, -0.04, -1.03, -1.12, 0.34, robot_mode, normal, 
08/06/2022 15:21:03:043, robot_pos, 1654697936196, 636.85, -33.19, 499.72, 2.56, 0.5, -2.43, circuit_pos, 627.97, -66.32, 489.84, 2.51, 0.44, -2.55, tool_force, -6.41, 2.69, -2.48, actual_rep, 1, curr_step, 46, track_size, 143, robot_vel, 50.62, joints_pos, 15.57, 40.18, -19.13, -60.59, -36.11, 86.23, 48.48, tool_torque, 1.318, -1.304, 0.416, joint_torque, -0.01, -0.82, -1.5, 2.53, -2.25, -0.56, 0.41, robot_mode, normal, 
08/06/2022 15:21:03:190, robot_pos, 1654697936347, 635.06, -38.99, 499.97, 2.55, 0.49, -2.45, circuit_pos, 627.97, -66.32, 489.84, 2.51, 0.44, -2.55, tool_force, -8.49, -4.92, -8.26, actual_rep, 1, curr_step, 46, track_size, 143, robot_vel, 47.79, joints_pos, 15.0, 39.71, -19.13, -61.06, -35.22, 85.59, 48.02, tool_torque, 2.098, -1.525, 0.447, joint_torque, -0.44, -6.37, -3.41, 5.25, -3.71, 0.29, 0.46, robot_mode, normal, 
08/06/2022 15:21:03:343, robot_pos, 1654697936496, 633.59, -44.53, 499.36, 2.54, 0.48, -2.47, circuit_pos, 627.97, -66.32, 489.84, 2.51, 0.44, -2.55, tool_force, -9.66, -6.73, -12.93, actual_rep, 1, curr_step, 46, track_size, 143, robot_vel, 44.43, joints_pos, 14.45, 39.33, -19.13, -61.5, -34.23, 84.92, 47.58, tool_torque, 2.326, -1.577, 0.491, joint_torque, 0.32, -9.3, -3.78, 7.1, -4.2, 0.48, 0.49, robot_mode, normal, 
08/06/2022 15:21:03:494, robot_pos, 1654697936648, 632.18, -50.24, 498.58, 2.54, 0.47, -2.49, circuit_pos, 627.97, -66.32, 489.84, 2.51, 0.44, -2.55, tool_force, -10.76, -8.99, -16.3, actual_rep, 1, curr_step, 46, track_size, 143, robot_vel, 43.83, joints_pos, 13.87, 38.96, -19.13, -61.93, -33.21, 84.24, 47.06, tool_torque, 2.615, -1.741, 0.359, joint_torque, 0.82, -11.38, -4.03, 8.76, -4.75, 0.48, 0.36, robot_mode, normal, 
08/06/2022 15:21:03:646, robot_pos, 1654697936795, 630.99, -56.18, 497.18, 2.53, 0.46, -2.51, circuit_pos, 627.97, -66.32, 489.84, 2.51, 0.44, -2.55, tool_force, -11.87, -8.71, -16.15, actual_rep, 1, curr_step, 46, track_size, 143, robot_vel, 42.12, joints_pos, 13.24, 38.65, -19.13, -62.38, -32.18, 83.44, 46.56, tool_torque, 2.66, -1.752, 0.345, joint_torque, 0.11, -11.27, -4.36, 8.41, -4.79, 0.56, 0.35, robot_mode, normal, 
08/06/2022 15:21:03:798, robot_pos, 1654697936946, 629.76, -61.99, 495.57, 2.52, 0.45, -2.53, circuit_pos, 627.97, -66.32, 489.84, 2.51, 0.44, -2.55, tool_force, -11.84, -9.34, -16.32, actual_rep, 1, curr_step, 46, track_size, 143, robot_vel, 41.76, joints_pos, 12.63, 38.37, -19.13, -62.8, -31.11, 82.72, 46.04, tool_torque, 2.645, -1.731, 0.345, joint_torque, -0.07, -11.45, -4.47, 8.67, -4.76, 0.49, 0.34, robot_mode, normal, 
08/06/2022 15:21:03:949, robot_pos, 1654697937093, 628.7, -67.04, 494.13, 2.51, 0.45, -2.54, circuit_pos, 627.39, -70.85, 487.74, 2.51, 0.44, -2.56, tool_force, -12.54, -10.06, -15.9, actual_rep, 1, curr_step, 45, track_size, 143, robot_vel, 42.57, joints_pos, 12.14, 38.13, -19.13, -63.25, -30.47, 81.97, 45.69, tool_torque, 2.278, -1.569, 0.267, joint_torque, -1.1, -12.04, -4.86, 8.66, -4.66, 0.44, 0.3, robot_mode, normal, 
08/06/2022 15:21:04:100, robot_pos, 1654697937244, 628.06, -70.95, 492.0, 2.51, 0.44, -2.55, circuit_pos, 626.7, -75.57, 484.88, 2.5, 0.42, -2.58, tool_force, -11.2, -8.87, -16.81, actual_rep, 1, curr_step, 44, track_size, 143, robot_vel, 25.18, joints_pos, 11.81, 37.94, -19.14, -63.77, -30.18, 81.11, 45.54, tool_torque, 2.559, -1.608, 0.315, joint_torque, -0.65, -11.99, -4.79, 8.65, -4.74, 0.61, 0.34, robot_mode, normal, 
08/06/2022 15:21:04:251, robot_pos, 1654697937391, 627.33, -73.11, 490.27, 2.51, 0.43, -2.56, circuit_pos, 626.7, -75.57, 484.88, 2.5, 0.42, -2.58, tool_force, -11.02, -8.07, -16.74, actual_rep, 1, curr_step, 44, track_size, 143, robot_vel, 17.65, joints_pos, 11.49, 37.88, -19.13, -63.93, -29.28, 80.91, 45.1, tool_torque, 2.707, -1.791, 0.365, joint_torque, 0.09, -11.4, -4.43, 8.79, -4.75, 0.33, 0.36, robot_mode, normal, 
08/06/2022 15:21:04:401, robot_pos, 1654697937542, 627.3, -76.6, 488.72, 2.5, 0.42, -2.57, circuit_pos, 626.15, -80.01, 481.82, 2.5, 0.41, -2.6, tool_force, -9.68, -8.72, -17.31, actual_rep, 1, curr_step, 43, track_size, 143, robot_vel, 26.47, joints_pos, 11.08, 37.89, -19.13, -63.99, -28.55, 80.58, 44.54, tool_torque, 2.408, -1.529, 0.326, joint_torque, 0.12, -11.82, -4.14, 8.6, -4.35, 0.5, 0.34, robot_mode, normal, 
08/06/2022 15:21:04:554, robot_pos, 1654697937693, 626.95, -79.73, 486.61, 2.5, 0.41, -2.59, circuit_pos, 625.57, -84.03, 478.79, 2.49, 0.4, -2.62, tool_force, -10.57, -9.0, -17.81, actual_rep, 1, curr_step, 42, track_size, 143, robot_vel, 22.97, joints_pos, 10.68, 37.77, -19.13, -64.28, -27.6, 79.89, 43.92, tool_torque, 2.447, -1.73, 0.338, joint_torque, -0.05, -12.88, -4.56, 9.26, -4.59, 0.36, 0.34, robot_mode, normal, 
08/06/2022 15:21:04:855, robot_pos, 1654697937993, 626.13, -84.68, 483.11, 2.49, 0.4, -2.61, circuit_pos, 624.75, -88.59, 475.5, 2.49, 0.39, -2.64, tool_force, -10.62, -8.13, -17.8, actual_rep, 1, curr_step, 41, track_size, 143, robot_vel, 23.53, joints_pos, 10.09, 37.67, -19.13, -64.71, -26.4, 79.07, 43.46, tool_torque, 2.222, -1.602, 0.303, joint_torque, 0.03, -12.15, -4.16, 9.07, -4.23, 0.1, 0.3, robot_mode, normal, 
08/06/2022 15:21:05:048, robot_pos, 1654697938142, 625.69, -86.82, 480.82, 2.49, 0.4, -2.63, circuit_pos, 624.75, -88.59, 475.5, 2.49, 0.39, -2.64, tool_force, -10.01, -7.23, -18.25, actual_rep, 1, curr_step, 41, track_size, 143, robot_vel, 24.16, joints_pos, 9.8, 37.56, -19.13, -65.07, -25.6, 78.4, 43.03, tool_torque, 2.485, -1.624, 0.356, joint_torque, 0.12, -12.08, -4.3, 9.17, -4.37, 0.17, 0.35, robot_mode, normal, 
08/06/2022 15:21:05:154, robot_pos, 1654697938292, 624.95, -89.95, 479.18, 2.49, 0.39, -2.63, circuit_pos, 622.9, -96.75, 470.76, 2.48, 0.37, -2.67, tool_force, -10.04, -7.69, -17.81, actual_rep, 1, curr_step, 39, track_size, 143, robot_vel, 29.6, joints_pos, 9.5, 37.48, -19.13, -65.36, -25.27, 77.98, 42.7, tool_torque, 2.238, -1.405, 0.196, joint_torque, 0.14, -11.43, -3.91, 8.71, -3.96, 0.13, 0.18, robot_mode, normal, 
08/06/2022 15:21:05:311, robot_pos, 1654697938443, 624.01, -94.74, 476.08, 2.48, 0.38, -2.65, circuit_pos, 620.98, -108.42, 463.87, 2.46, 0.34, -2.71, tool_force, -9.52, -7.47, -18.28, actual_rep, 1, curr_step, 36, track_size, 143, robot_vel, 50.83, joints_pos, 8.86, 37.41, -19.15, -65.67, -23.82, 77.39, 42.05, tool_torque, 2.373, -1.438, 0.331, joint_torque, 0.24, -12.46, -4.03, 9.18, -4.08, 0.22, 0.34, robot_mode, normal, 
08/06/2022 15:21:05:459, robot_pos, 1654697938592, 623.11, -100.49, 472.81, 2.47, 0.36, -2.68, circuit_pos, 620.7, -114.9, 457.62, 2.46, 0.32, -2.74, tool_force, -9.47, -7.29, -18.03, actual_rep, 1, curr_step, 34, track_size, 143, robot_vel, 44.03, joints_pos, 8.12, 37.38, -19.12, -65.94, -22.41, 76.77, 41.1, tool_torque, 2.262, -1.447, 0.347, joint_torque, 0.54, -12.0, -3.75, 9.04, -3.76, 0.05, 0.31, robot_mode, normal, 
08/06/2022 15:21:05:610, robot_pos, 1654697938741, 622.35, -106.3, 468.09, 2.46, 0.34, -2.7, circuit_pos, 620.63, -120.19, 449.21, 2.45, 0.3, -2.77, tool_force, -9.64, -6.57, -18.8, actual_rep, 1, curr_step, 32, track_size, 143, robot_vel, 50.14, joints_pos, 7.31, 37.41, -19.12, -66.29, -20.58, 75.95, 40.1, tool_torque, 1.971, -1.388, 0.314, joint_torque, 0.01, -12.42, -3.93, 9.16, -3.61, -0.09, 0.31, robot_mode, normal, 
08/06/2022 15:21:05:763, robot_pos, 1654697938891, 621.98, -111.83, 462.25, 2.46, 0.33, -2.73, circuit_pos, 620.63, -120.19, 449.21, 2.45, 0.3, -2.77, tool_force, -8.56, -6.11, -19.25, actual_rep, 1, curr_step, 32, track_size, 143, robot_vel, 56.6, joints_pos, 6.51, 37.54, -19.12, -66.65, -18.65, 75.06, 39.03, tool_torque, 1.988, -1.28, 0.307, joint_torque, 0.17, -12.5, -3.79, 9.22, -3.41, -0.11, 0.29, robot_mode, normal, 
08/06/2022 15:21:05:911, robot_pos, 1654697939041, 621.46, -117.43, 456.41, 2.45, 0.31, -2.76, circuit_pos, 620.63, -120.19, 449.21, 2.45, 0.3, -2.77, tool_force, -8.89, -6.44, -19.55, actual_rep, 1, curr_step, 32, track_size, 143, robot_vel, 65.82, joints_pos, 5.71, 37.67, -19.12, -67.02, -16.78, 74.16, 37.89, tool_torque, 1.891, -1.288, 0.295, joint_torque, -0.24, -12.86, -4.04, 9.3, -3.38, -0.21, 0.28, robot_mode, normal, 
08/06/2022 15:21:06:064, robot_pos, 1654697939190, 621.3, -120.83, 453.33, 2.45, 0.3, -2.76, circuit_pos, 620.28, -122.66, 444.57, 2.44, 0.29, -2.79, tool_force, -10.13, -4.81, -18.46, actual_rep, 1, curr_step, 31, track_size, 143, robot_vel, 46.81, joints_pos, 5.37, 37.78, -19.14, -67.22, -16.32, 73.68, 37.57, tool_torque, 1.777, -0.865, 0.158, joint_torque, -0.12, -11.74, -3.47, 9.0, -2.98, -0.22, 0.15, robot_mode, normal, 
08/06/2022 15:21:06:209, robot_pos, 1654697939341, 620.85, -121.76, 450.04, 2.44, 0.3, -2.78, circuit_pos, 620.28, -122.66, 444.57, 2.44, 0.29, -2.79, tool_force, -8.1, -5.35, -20.28, actual_rep, 1, curr_step, 31, track_size, 143, robot_vel, 23.13, joints_pos, 5.19, 37.82, -19.21, -67.54, -15.36, 73.21, 37.36, tool_torque, 1.773, -1.204, 0.221, joint_torque, 0.09, -12.85, -3.62, 9.31, -3.16, -0.27, 0.23, robot_mode, normal, 
08/06/2022 15:21:06:364, robot_pos, 1654697939492, 620.64, -123.2, 447.9, 2.44, 0.29, -2.78, circuit_pos, 619.74, -125.04, 439.88, 2.43, 0.27, -2.81, tool_force, -8.45, -5.06, -19.42, actual_rep, 1, curr_step, 30, track_size, 143, robot_vel, 16.54, joints_pos, 5.01, 37.91, -19.22, -67.66, -14.97, 73.01, 37.23, tool_torque, 1.666, -1.031, 0.138, joint_torque, 0.26, -12.2, -3.35, 9.05, -2.85, -0.3, 0.11, robot_mode, normal, 
08/06/2022 15:21:06:513, robot_pos, 1654697939640, 620.32, -124.1, 445.55, 2.43, 0.28, -2.8, circuit_pos, 619.74, -125.04, 439.88, 2.43, 0.27, -2.81, tool_force, -7.37, -5.14, -19.91, actual_rep, 1, curr_step, 30, track_size, 143, robot_vel, 17.48, joints_pos, 4.72, 37.99, -19.22, -67.71, -13.69, 72.97, 36.77, tool_torque, 1.713, -1.227, 0.253, joint_torque, 0.21, -12.92, -3.56, 9.25, -2.99, -0.31, 0.25, robot_mode, normal, 
08/06/2022 15:21:06:668, robot_pos, 1654697939795, 620.28, -125.6, 443.08, 2.43, 0.27, -2.81, circuit_pos, 619.16, -127.3, 435.32, 2.42, 0.26, -2.83, tool_force, -6.98, -4.89, -20.29, actual_rep, 1, curr_step, 29, track_size, 143, robot_vel, 19.04, joints_pos, 4.49, 38.13, -19.21, -67.8, -13.22, 72.79, 36.62, tool_torque, 1.585, -0.908, 0.087, joint_torque, 0.57, -12.62, -3.15, 9.03, -2.64, -0.17, 0.05, robot_mode, normal, 
08/06/2022 15:21:06:823, robot_pos, 1654697939945, 619.82, -126.85, 440.49, 2.42, 0.26, -2.82, circuit_pos, 619.16, -127.3, 435.32, 2.42, 0.26, -2.83, tool_force, -7.72, -4.78, -20.29, actual_rep, 1, curr_step, 29, track_size, 143, robot_vel, 18.19, joints_pos, 4.21, 38.16, -19.23, -68.01, -12.08, 72.45, 36.27, tool_torque, 1.674, -1.076, 0.247, joint_torque, -0.09, -12.75, -3.61, 9.1, -2.85, -0.25, 0.24, robot_mode, normal, 
08/06/2022 15:21:06:968, robot_pos, 1654697940095, 619.41, -127.99, 437.83, 2.42, 0.26, -2.82, circuit_pos, 618.12, -133.17, 423.36, 2.41, 0.22, -2.87, tool_force, -6.33, -4.13, -20.8, actual_rep, 1, curr_step, 26, track_size, 143, robot_vel, 17.92, joints_pos, 4.09, 38.28, -19.23, -68.2, -11.91, 72.26, 36.16, tool_torque, 1.436, -1.038, 0.205, joint_torque, 0.74, -12.39, -2.95, 8.83, -2.43, -0.3, 0.17, robot_mode, normal, 
08/06/2022 15:21:07:124, robot_pos, 1654697940245, 618.9, -130.46, 432.37, 2.41, 0.24, -2.85, circuit_pos, 616.77, -138.75, 411.48, 2.4, 0.18, -2.91, tool_force, -6.99, -4.46, -20.04, actual_rep, 1, curr_step, 23, track_size, 143, robot_vel, 41.8, joints_pos, 3.52, 38.49, -19.21, -68.44, -9.93, 71.89, 35.09, tool_torque, 1.484, -0.838, 0.285, joint_torque, 0.03, -13.15, -3.38, 9.25, -2.41, -0.29, 0.27, robot_mode, normal, 
08/06/2022 15:21:07:272, robot_pos, 1654697940397, 618.53, -133.56, 426.79, 2.41, 0.21, -2.87, circuit_pos, 615.82, -140.88, 406.9, 2.4, 0.16, -2.93, tool_force, -5.99, -4.47, -20.96, actual_rep, 1, curr_step, 22, track_size, 143, robot_vel, 41.83, joints_pos, 2.81, 38.79, -19.12, -68.57, -7.91, 71.66, 33.95, tool_torque, 1.37, -0.731, 0.309, joint_torque, -0.03, -13.08, -3.39, 8.92, -2.13, -0.16, 0.27, robot_mode, normal, 
08/06/2022 15:21:07:422, robot_pos, 1654697940544, 617.74, -136.08, 421.06, 2.4, 0.19, -2.9, circuit_pos, 615.82, -140.88, 406.9, 2.4, 0.16, -2.93, tool_force, -6.01, -3.87, -21.21, actual_rep, 1, curr_step, 22, track_size, 143, robot_vel, 41.74, joints_pos, 2.26, 39.03, -19.11, -68.85, -6.06, 71.33, 32.87, tool_torque, 1.286, -0.764, 0.327, joint_torque, 0.29, -12.77, -3.07, 8.88, -1.91, -0.27, 0.27, robot_mode, normal, 
08/06/2022 15:21:07:574, robot_pos, 1654697940696, 616.96, -138.71, 415.08, 2.4, 0.17, -2.92, circuit_pos, 615.82, -140.88, 406.9, 2.4, 0.16, -2.93, tool_force, -5.55, -2.26, -21.07, actual_rep, 1, curr_step, 22, track_size, 143, robot_vel, 40.42, joints_pos, 1.69, 39.31, -19.11, -69.12, -4.16, 71.05, 31.74, tool_torque, 1.275, -0.702, 0.317, joint_torque, 0.19, -12.89, -3.08, 9.0, -1.87, -0.33, 0.28, robot_mode, normal, 
08/06/2022 15:21:07:722, robot_pos, 1654697940843, 616.44, -141.42, 410.91, 2.4, 0.16, -2.93, circuit_pos, 614.75, -143.33, 402.14, 2.4, 0.15, -2.94, tool_force, -6.84, -2.69, -20.62, actual_rep, 1, curr_step, 21, track_size, 143, robot_vel, 44.35, joints_pos, 1.34, 39.55, -19.15, -69.29, -3.37, 70.8, 31.12, tool_torque, 1.13, -0.4, 0.229, joint_torque, -0.5, -12.53, -3.17, 8.97, -1.73, -0.36, 0.23, robot_mode, normal, 
08/06/2022 15:21:07:874, robot_pos, 1654697940995, 615.51, -142.47, 407.38, 2.4, 0.15, -2.93, circuit_pos, 614.75, -143.33, 402.14, 2.4, 0.15, -2.94, tool_force, -6.13, -2.34, -20.76, actual_rep, 1, curr_step, 21, track_size, 143, robot_vel, 34.42, joints_pos, 1.18, 39.63, -19.2, -69.67, -2.68, 70.41, 30.66, tool_torque, 1.319, -0.571, 0.285, joint_torque, 0.01, -12.56, -3.01, 8.84, -1.72, -0.35, 0.26, robot_mode, normal, 
08/06/2022 15:21:08:022, robot_pos, 1654697941143, 614.89, -144.13, 404.44, 2.4, 0.15, -2.94, circuit_pos, 613.81, -145.58, 397.5, 2.39, 0.14, -2.95, tool_force, -3.24, -2.83, -21.86, actual_rep, 1, curr_step, 20, track_size, 143, robot_vel, 25.39, joints_pos, 0.99, 39.78, -19.24, -69.85, -2.21, 70.22, 30.47, tool_torque, 0.931, -0.509, 0.057, joint_torque, 0.8, -13.24, -2.42, 8.75, -1.42, -0.19, 0.02, robot_mode, normal, 
08/06/2022 15:21:08:187, robot_pos, 1654697941297, 614.34, -146.08, 401.43, 2.39, 0.14, -2.95, circuit_pos, 612.68, -148.32, 392.56, 2.39, 0.13, -2.97, tool_force, -6.49, -2.56, -20.99, actual_rep, 1, curr_step, 19, track_size, 143, robot_vel, 24.43, joints_pos, 0.72, 39.95, -19.29, -69.99, -1.47, 70.03, 30.21, tool_torque, 0.956, -0.398, 0.191, joint_torque, -0.4, -12.76, -2.95, 8.79, -1.53, -0.31, 0.21, robot_mode, normal, 
08/06/2022 15:21:08:331, robot_pos, 1654697941451, 613.66, -147.02, 398.47, 2.39, 0.14, -2.96, circuit_pos, 612.68, -148.32, 392.56, 2.39, 0.13, -2.97, tool_force, -4.45, -1.93, -21.79, actual_rep, 1, curr_step, 19, track_size, 143, robot_vel, 23.75, joints_pos, 0.48, 39.98, -19.25, -70.33, -0.63, 69.6, 29.69, tool_torque, 1.137, -0.642, 0.291, joint_torque, 0.56, -13.16, -2.74, 9.0, -1.47, -0.37, 0.24, robot_mode, normal, 
08/06/2022 15:21:08:478, robot_pos, 1654697941598, 612.88, -149.08, 395.59, 2.39, 0.13, -2.97, circuit_pos, 611.62, -150.79, 387.66, 2.39, 0.12, -2.98, tool_force, -4.6, -1.92, -21.27, actual_rep, 1, curr_step, 18, track_size, 143, robot_vel, 26.15, joints_pos, 0.21, 40.06, -19.25, -70.61, -0.07, 69.2, 29.19, tool_torque, 0.926, -0.431, 0.252, joint_torque, 0.42, -12.82, -2.54, 8.73, -1.22, -0.31, 0.21, robot_mode, normal, 
08/06/2022 15:21:08:628, robot_pos, 1654697941747, 612.17, -150.71, 392.22, 2.39, 0.12, -2.98, circuit_pos, 610.7, -153.31, 382.76, 2.4, 0.11, -3.0, tool_force, -4.2, -1.84, -22.25, actual_rep, 1, curr_step, 17, track_size, 143, robot_vel, 26.2, joints_pos, -0.05, 40.21, -19.31, -70.83, 0.81, 68.95, 28.54, tool_torque, 0.975, -0.498, 0.241, joint_torque, -0.05, -13.27, -2.89, 8.97, -1.39, -0.41, 0.24, robot_mode, normal, 
08/06/2022 15:21:08:779, robot_pos, 1654697941898, 611.9, -151.56, 389.54, 2.39, 0.12, -2.98, circuit_pos, 610.7, -153.31, 382.76, 2.4, 0.11, -3.0, tool_force, -3.12, -0.88, -21.8, actual_rep, 1, curr_step, 17, track_size, 143, robot_vel, 17.3, joints_pos, -0.19, 40.29, -19.27, -71.09, 1.2, 68.49, 27.98, tool_torque, 1.071, -0.421, 0.288, joint_torque, 0.88, -13.03, -2.39, 8.74, -1.15, -0.24, 0.23, robot_mode, normal, 
08/06/2022 15:21:08:931, robot_pos, 1654697942050, 611.17, -153.75, 386.95, 2.4, 0.11, -3.0, circuit_pos, 609.87, -155.68, 378.02, 2.4, 0.11, -3.02, tool_force, -4.83, -2.25, -21.71, actual_rep, 1, curr_step, 16, track_size, 143, robot_vel, 24.76, joints_pos, -0.57, 40.34, -19.27, -71.35, 2.31, 68.05, 26.87, tool_torque, 0.825, -0.349, 0.208, joint_torque, -0.37, -13.23, -2.98, 8.86, -1.14, -0.4, 0.18, robot_mode, normal, 
08/06/2022 15:21:09:079, robot_pos, 1654697942199, 610.87, -154.63, 383.61, 2.4, 0.11, -3.01, circuit_pos, 609.87, -155.68, 378.02, 2.4, 0.11, -3.02, tool_force, -3.61, -1.3, -22.27, actual_rep, 1, curr_step, 16, track_size, 143, robot_vel, 22.58, joints_pos, -0.74, 40.36, -19.26, -71.8, 3.07, 67.19, 26.41, tool_torque, 0.989, -0.509, 0.265, joint_torque, 0.39, -13.26, -2.69, 8.74, -1.13, -0.32, 0.21, robot_mode, normal, 
08/06/2022 15:21:09:232, robot_pos, 1654697942350, 609.95, -156.42, 380.83, 2.4, 0.11, -3.02, circuit_pos, 608.07, -159.76, 369.0, 2.4, 0.09, -3.05, tool_force, -3.97, -0.59, -21.19, actual_rep, 1, curr_step, 14, track_size, 143, robot_vel, 31.29, joints_pos, -0.93, 40.4, -19.3, -72.16, 3.53, 66.65, 25.97, tool_torque, 0.764, -0.315, 0.226, joint_torque, 0.88, -12.84, -2.01, 8.63, -0.78, -0.3, 0.19, robot_mode, normal, 
08/06/2022 15:21:09:380, robot_pos, 1654697942499, 609.09, -158.19, 376.18, 2.4, 0.1, -3.04, circuit_pos, 608.07, -159.76, 369.0, 2.4, 0.09, -3.05, tool_force, -3.84, -0.37, -22.24, actual_rep, 1, curr_step, 14, track_size, 143, robot_vel, 38.74, joints_pos, -1.39, 40.6, -19.27, -72.47, 5.19, 66.31, 24.81, tool_torque, 0.825, -0.369, 0.239, joint_torque, 0.36, -13.0, -2.52, 8.61, -0.88, -0.36, 0.2, robot_mode, normal, 
08/06/2022 15:21:09:531, robot_pos, 1654697942649, 608.78, -160.3, 372.48, 2.4, 0.09, -3.05, circuit_pos, 607.17, -161.73, 364.27, 2.4, 0.09, -3.07, tool_force, -5.08, 0.14, -21.81, actual_rep, 1, curr_step, 13, track_size, 143, robot_vel, 37.22, joints_pos, -1.72, 40.8, -19.23, -72.67, 5.89, 65.83, 24.22, tool_torque, 0.653, -0.258, 0.222, joint_torque, 0.2, -13.2, -2.5, 8.8, -0.67, -0.34, 0.16, robot_mode, normal, 
08/06/2022 15:21:09:685, robot_pos, 1654697942800, 607.99, -161.23, 369.32, 2.4, 0.09, -3.07, circuit_pos, 607.17, -161.73, 364.27, 2.4, 0.09, -3.07, tool_force, -4.2, 0.64, -21.37, actual_rep, 1, curr_step, 13, track_size, 143, robot_vel, 21.24, joints_pos, -1.91, 40.78, -19.26, -73.2, 6.94, 65.0, 23.51, tool_torque, 0.812, -0.292, 0.234, joint_torque, 0.31, -12.91, -2.46, 8.69, -0.75, -0.44, 0.19, robot_mode, normal, 
08/06/2022 15:21:09:833, robot_pos, 1654697942951, 607.34, -162.03, 366.92, 2.4, 0.09, -3.07, circuit_pos, 606.45, -163.34, 359.53, 2.4, 0.08, -3.09, tool_force, -2.6, 0.54, -22.14, actual_rep, 1, curr_step, 12, track_size, 143, robot_vel, 23.76, joints_pos, -2.01, 40.82, -19.25, -73.49, 7.25, 64.55, 23.25, tool_torque, 0.531, -0.356, 0.201, joint_torque, 0.93, -13.45, -1.93, 8.8, -0.43, -0.49, 0.15, robot_mode, normal, 
08/06/2022 15:21:09:985, robot_pos, 1654697943104, 606.96, -163.32, 364.39, 2.4, 0.08, -3.09, circuit_pos, 605.71, -164.8, 355.32, 2.4, 0.08, -3.1, tool_force, -4.28, -0.36, -21.54, actual_rep, 1, curr_step, 11, track_size, 143, robot_vel, 19.64, joints_pos, -2.36, 40.96, -19.25, -73.63, 8.59, 64.4, 22.28, tool_torque, 0.595, -0.239, 0.216, joint_torque, -0.64, -13.13, -2.92, 8.61, -0.66, -0.45, 0.19, robot_mode, normal, 
08/06/2022 15:21:10:183, robot_pos, 1654697943251, 606.54, -164.02, 360.47, 2.4, 0.08, -3.1, circuit_pos, 604.29, -166.68, 347.89, 2.39, 0.07, -3.13, tool_force, -3.7, 2.28, -20.87, actual_rep, 1, curr_step, 9, track_size, 143, robot_vel, 28.42, joints_pos, -2.49, 41.11, -19.24, -74.0, 9.15, 63.74, 22.08, tool_torque, 0.632, -0.199, 0.25, joint_torque, 0.75, -12.84, -1.97, 8.7, -0.36, -0.48, 0.2, robot_mode, normal, 
08/06/2022 15:21:10:288, robot_pos, 1654697943403, 605.19, -165.59, 354.68, 2.39, 0.07, -3.12, circuit_pos, 601.99, -167.58, 335.63, 2.38, 0.05, 3.11, tool_force, -2.97, 1.62, -22.07, actual_rep, 1, curr_step, 6, track_size, 143, robot_vel, 46.04, joints_pos, -2.94, 41.3, -19.19, -74.55, 11.0, 63.07, 21.07, tool_torque, 0.342, -0.165, 0.255, joint_torque, 0.36, -13.47, -2.08, 8.81, -0.1, -0.49, 0.21, robot_mode, normal, 
08/06/2022 15:21:10:439, robot_pos, 1654697943552, 604.31, -166.27, 348.96, 2.38, 0.06, -3.14, circuit_pos, 600.19, -167.61, 326.23, 2.37, 0.04, 3.1, tool_force, -3.39, 1.88, -21.86, actual_rep, 1, curr_step, 3, track_size, 143, robot_vel, 39.23, joints_pos, -3.25, 41.56, -19.13, -75.02, 12.4, 62.46, 20.4, tool_torque, 0.367, -0.197, 0.268, joint_torque, 0.24, -13.34, -2.24, 8.56, -0.07, -0.41, 0.19, robot_mode, normal, 
08/06/2022 15:21:10:587, robot_pos, 1654697943703, 603.18, -166.45, 343.18, 2.38, 0.05, 3.13, circuit_pos, 599.59, -167.21, 324.59, 2.36, 0.03, 3.09, tool_force, -3.14, 2.32, -21.12, actual_rep, 1, curr_step, 1, track_size, 143, robot_vel, 39.84, joints_pos, -3.45, 41.79, -19.12, -75.53, 13.59, 61.9, 19.96, tool_torque, 0.347, -0.128, 0.278, joint_torque, 0.22, -13.26, -2.3, 8.75, 0.02, -0.5, 0.2, robot_mode, normal, 
08/06/2022 15:21:10:739, robot_pos, 1654697943852, 601.99, -166.74, 337.4, 2.37, 0.04, 3.11, circuit_pos, 599.69, -167.03, 324.58, 2.36, 0.03, 3.09, tool_force, -2.28, 2.49, -21.62, actual_rep, 1, curr_step, 0, track_size, 143, robot_vel, 39.81, joints_pos, -3.68, 42.06, -19.12, -76.03, 14.99, 61.38, 19.4, tool_torque, 0.249, -0.1, 0.247, joint_torque, 0.17, -13.35, -2.12, 8.51, 0.11, -0.46, 0.19, robot_mode, normal, 
08/06/2022 15:21:10:891, robot_pos, 1654697944004, 600.83, -167.03, 331.56, 2.36, 0.03, 3.1, circuit_pos, 599.69, -167.03, 324.58, 2.36, 0.03, 3.09, tool_force, -2.29, 2.75, -21.63, actual_rep, 2, curr_step, 0, track_size, 143, robot_vel, 39.7, joints_pos, -3.9, 42.34, -19.13, -76.49, 16.35, 60.89, 18.86, tool_torque, 0.2, -0.039, 0.251, joint_torque, 0.32, -13.35, -1.93, 8.54, 0.25, -0.4, 0.19, robot_mode, normal, 
