08/06/2022 15:10:08: File Created!
08/06/2022 15:10:08:496, robot_pos, 1654697284568, 599.68, -167.04, 324.59, 2.36, 0.03, 3.09, circuit_pos, 599.59, -167.21, 324.59, 2.36, 0.03, 3.09, tool_force, 9.62, 13.3, -10.13, actual_rep, 1, curr_step, 1, track_size, 143, robot_vel, 43.66, joints_pos, -4.07, 42.65, -18.94, -77.05, 16.87, 60.05, 18.58, tool_torque, -0.139, -0.267, 0.117, joint_torque, 0.18, -13.2, -1.91, 8.08, 0.37, -0.54, 0.04, robot_mode, normal, 
08/06/2022 15:10:08:628, robot_pos, 1654697284726, 600.05, -167.26, 328.72, 2.36, 0.03, 3.09, circuit_pos, 599.59, -167.21, 324.59, 2.36, 0.03, 3.09, tool_force, 14.31, 11.15, -13.28, actual_rep, 1, curr_step, 1, track_size, 143, robot_vel, 43.66, joints_pos, -4.06, 42.4, -19.02, -76.81, 16.87, 60.52, 18.58, tool_torque, -0.464, -0.489, 0.015, joint_torque, 0.27, -14.34, -1.69, 7.62, 0.4, -0.43, 0.0, robot_mode, normal, 
08/06/2022 15:10:08:806, robot_pos, 1654697284871, 599.98, -167.26, 328.74, 2.36, 0.03, 3.09, circuit_pos, 599.67, -167.41, 324.98, 2.36, 0.03, 3.09, tool_force, 8.73, 13.37, -10.0, actual_rep, 1, curr_step, 2, track_size, 143, robot_vel, 0.36, joints_pos, -4.05, 42.39, -19.04, -76.83, 16.87, 60.48, 18.59, tool_torque, -0.178, 0.031, 0.0, joint_torque, 0.08, -12.93, -1.64, 8.23, 0.37, -0.6, -0.02, robot_mode, normal, 
08/06/2022 15:10:08:896, robot_pos, 1654697284997, 600.03, -167.48, 329.32, 2.36, 0.03, 3.09, circuit_pos, 600.19, -167.61, 326.23, 2.37, 0.04, 3.1, tool_force, 8.56, 13.74, -9.8, actual_rep, 1, curr_step, 3, track_size, 143, robot_vel, 7.45, joints_pos, -4.05, 42.37, -19.07, -76.78, 16.87, 60.54, 18.59, tool_torque, -0.329, -0.152, 0.03, joint_torque, 0.05, -13.09, -1.63, 8.33, 0.38, -0.67, 0.04, robot_mode, normal, 
08/06/2022 15:10:09:050, robot_pos, 1654697285145, 600.91, -167.81, 332.71, 2.37, 0.04, 3.1, circuit_pos, 601.99, -167.58, 335.63, 2.38, 0.05, 3.11, tool_force, 8.33, 11.93, -9.02, actual_rep, 1, curr_step, 6, track_size, 143, robot_vel, 26.97, joints_pos, -3.92, 42.22, -19.11, -76.46, 15.99, 60.79, 18.74, tool_torque, -0.511, 0.065, -0.158, joint_torque, -0.56, -13.18, -1.81, 8.03, 0.29, -0.54, -0.14, robot_mode, normal, 
08/06/2022 15:10:09:212, robot_pos, 1654697285295, 601.86, -167.72, 338.31, 2.38, 0.04, 3.11, circuit_pos, 604.29, -166.68, 347.89, 2.39, 0.07, -3.13, tool_force, 7.78, 11.8, -8.93, actual_rep, 1, curr_step, 9, track_size, 143, robot_vel, 39.01, joints_pos, -3.77, 41.97, -19.13, -75.98, 15.01, 61.41, 18.95, tool_torque, -0.49, -0.031, -0.205, joint_torque, -0.91, -12.94, -2.14, 8.25, 0.11, -0.75, -0.18, robot_mode, normal, 
08/06/2022 15:10:09:350, robot_pos, 1654697285443, 602.91, -167.37, 344.15, 2.38, 0.05, 3.13, circuit_pos, 605.71, -164.8, 355.32, 2.4, 0.08, -3.1, tool_force, 9.06, 11.94, -10.03, actual_rep, 1, curr_step, 11, track_size, 143, robot_vel, 47.49, joints_pos, -3.5, 41.68, -19.15, -75.53, 13.53, 61.86, 19.77, tool_torque, -0.599, -0.155, -0.282, joint_torque, -0.05, -13.24, -1.67, 8.22, 0.18, -0.65, -0.26, robot_mode, normal, 
08/06/2022 15:10:09:507, robot_pos, 1654697285595, 603.9, -166.39, 350.05, 2.39, 0.06, -3.13, circuit_pos, 607.17, -161.73, 364.27, 2.4, 0.09, -3.07, tool_force, 7.86, 11.0, -9.84, actual_rep, 1, curr_step, 13, track_size, 143, robot_vel, 38.82, joints_pos, -3.14, 41.41, -19.2, -75.05, 11.97, 62.48, 20.53, tool_torque, -0.581, -0.188, -0.311, joint_torque, -0.13, -13.24, -1.68, 8.51, 0.08, -0.77, -0.29, robot_mode, normal, 
08/06/2022 15:10:09:651, robot_pos, 1654697285740, 604.95, -165.08, 355.78, 2.39, 0.07, -3.11, circuit_pos, 607.17, -161.73, 364.27, 2.4, 0.09, -3.07, tool_force, 7.23, 10.11, -9.38, actual_rep, 1, curr_step, 13, track_size, 143, robot_vel, 41.94, joints_pos, -2.78, 41.17, -19.22, -74.57, 10.35, 63.13, 21.46, tool_torque, -0.475, -0.163, -0.333, joint_torque, -0.64, -13.02, -2.05, 8.24, -0.17, -0.69, -0.3, robot_mode, normal, 
08/06/2022 15:10:09:807, robot_pos, 1654697285891, 605.97, -163.77, 361.6, 2.4, 0.08, -3.09, circuit_pos, 608.07, -159.76, 369.0, 2.4, 0.09, -3.05, tool_force, 8.13, 9.66, -9.93, actual_rep, 1, curr_step, 14, track_size, 143, robot_vel, 40.87, joints_pos, -2.42, 40.94, -19.22, -74.06, 8.78, 63.83, 22.34, tool_torque, -0.406, -0.151, -0.355, joint_torque, -0.55, -13.41, -2.09, 8.38, -0.29, -0.62, -0.32, robot_mode, normal, 
08/06/2022 15:10:09:993, robot_pos, 1654697286047, 607.16, -161.92, 367.74, 2.4, 0.09, -3.07, circuit_pos, 609.05, -157.6, 373.96, 2.4, 0.1, -3.03, tool_force, 6.67, 8.81, -9.12, actual_rep, 1, curr_step, 15, track_size, 143, robot_vel, 39.13, joints_pos, -2.03, 40.78, -19.22, -73.4, 7.14, 64.85, 23.39, tool_torque, -0.304, -0.176, -0.345, joint_torque, -0.9, -12.98, -2.36, 8.32, -0.49, -0.67, -0.31, robot_mode, normal, 
08/06/2022 15:10:10:130, robot_pos, 1654697286189, 608.3, -159.84, 373.19, 2.4, 0.1, -3.05, circuit_pos, 610.7, -153.31, 382.76, 2.4, 0.11, -3.0, tool_force, 6.45, 9.05, -9.02, actual_rep, 1, curr_step, 17, track_size, 143, robot_vel, 39.51, joints_pos, -1.61, 40.62, -19.22, -72.86, 5.6, 65.63, 24.45, tool_torque, -0.232, -0.286, -0.351, joint_torque, -0.59, -13.21, -2.24, 8.39, -0.57, -0.65, -0.33, robot_mode, normal, 
08/06/2022 15:10:10:260, robot_pos, 1654697286338, 609.22, -157.28, 379.16, 2.4, 0.1, -3.03, circuit_pos, 610.7, -153.31, 382.76, 2.4, 0.11, -3.0, tool_force, 5.85, 9.45, -9.28, actual_rep, 1, curr_step, 17, track_size, 143, robot_vel, 42.57, joints_pos, -1.16, 40.41, -19.22, -72.32, 4.09, 66.57, 25.52, tool_torque, -0.044, -0.279, -0.346, joint_torque, -0.62, -12.41, -2.42, 8.25, -0.76, -0.69, -0.32, robot_mode, normal, 
08/06/2022 15:10:10:416, robot_pos, 1654697286491, 610.41, -154.63, 385.11, 2.4, 0.11, -3.0, circuit_pos, 611.62, -150.79, 387.66, 2.39, 0.12, -2.98, tool_force, 6.17, 8.21, -9.26, actual_rep, 1, curr_step, 18, track_size, 143, robot_vel, 48.02, joints_pos, -0.66, 40.28, -19.23, -71.67, 2.4, 67.6, 26.91, tool_torque, -0.027, -0.309, -0.341, joint_torque, -0.68, -13.18, -2.52, 8.64, -0.91, -0.64, -0.31, robot_mode, normal, 
08/06/2022 15:10:10:558, robot_pos, 1654697286633, 611.62, -151.81, 390.65, 2.39, 0.12, -2.98, circuit_pos, 613.81, -145.58, 397.5, 2.39, 0.14, -2.95, tool_force, 5.75, 8.53, -8.82, actual_rep, 1, curr_step, 20, track_size, 143, robot_vel, 48.33, joints_pos, -0.22, 40.12, -19.23, -71.15, 1.11, 68.38, 28.04, tool_torque, 0.237, -0.309, -0.33, joint_torque, -0.49, -12.55, -2.53, 8.5, -1.13, -0.59, -0.3, robot_mode, normal, 
08/06/2022 15:10:10:711, robot_pos, 1654697286781, 612.76, -148.95, 396.42, 2.39, 0.13, -2.96, circuit_pos, 614.75, -143.33, 402.14, 2.4, 0.15, -2.94, tool_force, 6.01, 7.53, -9.83, actual_rep, 1, curr_step, 21, track_size, 143, robot_vel, 43.37, joints_pos, 0.27, 39.95, -19.23, -70.64, -0.39, 69.15, 29.2, tool_torque, 0.235, -0.473, -0.295, joint_torque, -0.36, -12.72, -2.51, 8.54, -1.19, -0.6, -0.28, robot_mode, normal, 
08/06/2022 15:10:10:859, robot_pos, 1654697286928, 614.04, -146.05, 402.22, 2.4, 0.15, -2.95, circuit_pos, 615.82, -140.88, 406.9, 2.4, 0.16, -2.93, tool_force, 5.76, 7.85, -8.88, actual_rep, 1, curr_step, 22, track_size, 143, robot_vel, 42.18, joints_pos, 0.72, 39.75, -19.23, -70.17, -1.6, 69.74, 29.92, tool_torque, 0.351, -0.345, -0.317, joint_torque, -0.71, -12.77, -2.77, 8.63, -1.41, -0.52, -0.28, robot_mode, normal, 
08/06/2022 15:10:11:015, robot_pos, 1654697287078, 615.31, -143.27, 408.04, 2.4, 0.16, -2.93, circuit_pos, 616.77, -138.75, 411.48, 2.4, 0.18, -2.91, tool_force, 4.99, 6.66, -8.84, actual_rep, 1, curr_step, 23, track_size, 143, robot_vel, 45.92, joints_pos, 1.2, 39.54, -19.23, -69.71, -2.99, 70.26, 30.84, tool_torque, 0.548, -0.572, -0.288, joint_torque, -0.68, -12.87, -3.0, 8.75, -1.65, -0.6, -0.28, robot_mode, normal, 
08/06/2022 15:10:11:161, robot_pos, 1654697287226, 616.46, -140.08, 413.81, 2.4, 0.18, -2.91, circuit_pos, 618.12, -133.17, 423.36, 2.41, 0.22, -2.87, tool_force, 4.91, 7.05, -8.94, actual_rep, 1, curr_step, 26, track_size, 143, robot_vel, 48.82, joints_pos, 1.78, 39.3, -19.23, -69.37, -4.68, 70.63, 31.89, tool_torque, 0.597, -0.659, -0.27, joint_torque, -0.51, -12.78, -3.01, 8.57, -1.82, -0.49, -0.26, robot_mode, normal, 
08/06/2022 15:10:11:319, robot_pos, 1654697287379, 617.1, -137.5, 419.72, 2.41, 0.2, -2.89, circuit_pos, 619.16, -127.3, 435.32, 2.42, 0.26, -2.83, tool_force, 4.83, 6.36, -8.86, actual_rep, 1, curr_step, 29, track_size, 143, robot_vel, 39.2, joints_pos, 2.35, 39.01, -19.28, -69.1, -6.44, 70.98, 32.91, tool_torque, 0.63, -0.662, -0.265, joint_torque, -0.36, -12.62, -2.94, 8.72, -1.88, -0.6, -0.26, robot_mode, normal, 
08/06/2022 15:10:11:463, robot_pos, 1654697287523, 617.69, -134.79, 425.45, 2.41, 0.22, -2.87, circuit_pos, 619.74, -125.04, 439.88, 2.43, 0.27, -2.81, tool_force, 4.04, 6.19, -8.43, actual_rep, 1, curr_step, 30, track_size, 143, robot_vel, 40.79, joints_pos, 2.89, 38.75, -19.31, -68.87, -8.13, 71.31, 33.84, tool_torque, 0.686, -0.746, -0.275, joint_torque, -0.3, -12.73, -2.89, 8.84, -2.02, -0.6, -0.25, robot_mode, normal, 
08/06/2022 15:10:11:615, robot_pos, 1654697287674, 618.44, -131.87, 431.29, 2.42, 0.24, -2.85, circuit_pos, 619.74, -125.04, 439.88, 2.43, 0.27, -2.81, tool_force, 3.41, 6.02, -8.11, actual_rep, 1, curr_step, 30, track_size, 143, robot_vel, 44.56, joints_pos, 3.46, 38.5, -19.31, -68.55, -9.89, 71.74, 34.74, tool_torque, 0.813, -0.774, -0.285, joint_torque, -0.5, -12.53, -3.14, 8.81, -2.27, -0.57, -0.26, robot_mode, normal, 
08/06/2022 15:10:11:762, robot_pos, 1654697287821, 619.12, -129.15, 437.05, 2.43, 0.25, -2.83, circuit_pos, 619.74, -125.04, 439.88, 2.43, 0.27, -2.81, tool_force, 2.89, 5.02, -7.83, actual_rep, 1, curr_step, 30, track_size, 143, robot_vel, 44.05, joints_pos, 3.98, 38.28, -19.31, -68.24, -11.58, 72.19, 35.58, tool_torque, 0.838, -0.904, -0.267, joint_torque, -0.6, -12.84, -3.32, 8.98, -2.44, -0.62, -0.25, robot_mode, normal, 
08/06/2022 15:10:11:916, robot_pos, 1654697287971, 619.88, -126.31, 442.91, 2.43, 0.28, -2.8, circuit_pos, 620.63, -120.19, 449.21, 2.45, 0.3, -2.77, tool_force, 2.93, 5.19, -7.7, actual_rep, 1, curr_step, 32, track_size, 143, robot_vel, 42.6, joints_pos, 4.56, 38.06, -19.31, -67.97, -13.51, 72.54, 36.47, tool_torque, 0.899, -0.941, -0.28, joint_torque, -0.57, -12.77, -3.35, 8.72, -2.61, -0.41, -0.25, robot_mode, normal, 
08/06/2022 15:10:12:070, robot_pos, 1654697288123, 620.24, -123.18, 448.84, 2.44, 0.29, -2.78, circuit_pos, 620.73, -117.54, 453.61, 2.45, 0.31, -2.75, tool_force, 2.56, 4.08, -7.41, actual_rep, 1, curr_step, 33, track_size, 143, robot_vel, 43.29, joints_pos, 5.14, 37.83, -19.31, -67.69, -15.29, 73.08, 37.16, tool_torque, 1.048, -1.022, -0.242, joint_torque, -0.45, -12.45, -3.35, 8.76, -2.77, -0.47, -0.22, robot_mode, normal, 
08/06/2022 15:10:12:220, robot_pos, 1654697288271, 620.77, -119.7, 454.55, 2.45, 0.31, -2.76, circuit_pos, 620.81, -111.67, 460.93, 2.46, 0.33, -2.72, tool_force, 2.91, 4.32, -7.32, actual_rep, 1, curr_step, 35, track_size, 143, robot_vel, 47.33, joints_pos, 5.69, 37.67, -19.29, -67.3, -16.9, 73.84, 37.88, tool_torque, 1.272, -1.06, -0.203, joint_torque, -0.3, -12.53, -3.55, 8.84, -2.97, -0.35, -0.21, robot_mode, normal, 
08/06/2022 15:10:12:371, robot_pos, 1654697288420, 621.01, -115.06, 460.41, 2.46, 0.33, -2.73, circuit_pos, 622.07, -100.74, 468.58, 2.47, 0.36, -2.68, tool_force, 1.19, 3.5, -6.43, actual_rep, 1, curr_step, 38, track_size, 143, robot_vel, 53.57, joints_pos, 6.36, 37.49, -19.25, -66.97, -18.65, 74.65, 38.84, tool_torque, 1.347, -1.248, -0.205, joint_torque, -0.74, -12.5, -4.03, 8.97, -3.34, -0.43, -0.22, robot_mode, normal, 
08/06/2022 15:10:12:524, robot_pos, 1654697288569, 621.65, -108.89, 465.39, 2.47, 0.35, -2.7, circuit_pos, 623.9, -92.5, 473.01, 2.48, 0.38, -2.65, tool_force, 1.35, 3.24, -6.18, actual_rep, 1, curr_step, 40, track_size, 143, robot_vel, 52.17, joints_pos, 7.24, 37.39, -19.26, -66.72, -20.62, 75.37, 40.01, tool_torque, 1.498, -1.228, -0.207, joint_torque, -0.91, -11.85, -4.1, 8.59, -3.48, -0.27, -0.21, robot_mode, normal, 
08/06/2022 15:10:12:673, robot_pos, 1654697288719, 622.46, -103.37, 469.54, 2.47, 0.36, -2.68, circuit_pos, 625.57, -84.03, 478.79, 2.49, 0.4, -2.62, tool_force, 1.47, 3.31, -6.45, actual_rep, 1, curr_step, 42, track_size, 143, robot_vel, 49.4, joints_pos, 7.96, 37.38, -19.28, -66.37, -22.03, 76.11, 40.86, tool_torque, 1.673, -1.371, -0.205, joint_torque, 0.0, -11.74, -3.67, 8.8, -3.59, -0.33, -0.23, robot_mode, normal, 
08/06/2022 15:10:12:829, robot_pos, 1654697288868, 623.4, -97.52, 473.65, 2.48, 0.37, -2.66, circuit_pos, 625.57, -84.03, 478.79, 2.49, 0.4, -2.62, tool_force, 1.12, 2.43, -6.1, actual_rep, 1, curr_step, 42, track_size, 143, robot_vel, 49.89, joints_pos, 8.68, 37.41, -19.25, -65.97, -23.5, 76.93, 41.76, tool_torque, 1.646, -1.485, -0.181, joint_torque, -0.4, -12.16, -4.04, 8.82, -3.82, -0.24, -0.2, robot_mode, normal, 
08/06/2022 15:10:12:976, robot_pos, 1654697289017, 624.43, -91.78, 477.71, 2.49, 0.39, -2.64, circuit_pos, 625.57, -84.03, 478.79, 2.49, 0.4, -2.62, tool_force, 0.34, 1.57, -5.34, actual_rep, 1, curr_step, 42, track_size, 143, robot_vel, 48.08, joints_pos, 9.38, 37.48, -19.25, -65.51, -24.94, 77.8, 42.62, tool_torque, 1.67, -1.48, -0.184, joint_torque, -0.56, -12.23, -4.16, 8.79, -3.92, -0.15, -0.19, robot_mode, normal, 
08/06/2022 15:10:13:138, robot_pos, 1654697289176, 625.52, -85.6, 482.23, 2.5, 0.41, -2.61, circuit_pos, 626.15, -80.01, 481.82, 2.5, 0.41, -2.6, tool_force, 0.21, 1.07, -5.37, actual_rep, 1, curr_step, 43, track_size, 143, robot_vel, 55.77, joints_pos, 10.15, 37.58, -19.26, -65.01, -26.54, 78.76, 43.39, tool_torque, 1.786, -1.592, -0.18, joint_torque, -0.46, -12.23, -4.16, 8.78, -4.12, -0.03, -0.18, robot_mode, normal, 
08/06/2022 15:10:13:287, robot_pos, 1654697289325, 626.19, -79.76, 486.28, 2.5, 0.42, -2.58, circuit_pos, 627.39, -70.85, 487.74, 2.51, 0.44, -2.56, tool_force, 0.01, 1.52, -4.56, actual_rep, 1, curr_step, 45, track_size, 143, robot_vel, 49.68, joints_pos, 10.88, 37.71, -19.26, -64.53, -28.09, 79.83, 44.2, tool_torque, 1.86, -1.619, -0.204, joint_torque, -0.6, -12.03, -4.3, 8.77, -4.32, -0.07, -0.2, robot_mode, normal, 
08/06/2022 15:10:13:438, robot_pos, 1654697289474, 627.3, -73.95, 489.88, 2.51, 0.44, -2.56, circuit_pos, 627.97, -66.32, 489.84, 2.51, 0.44, -2.55, tool_force, 0.17, 1.2, -4.3, actual_rep, 1, curr_step, 46, track_size, 143, robot_vel, 59.23, joints_pos, 11.62, 37.87, -19.26, -64.13, -29.81, 80.63, 45.17, tool_torque, 1.833, -1.482, -0.19, joint_torque, -0.5, -11.75, -4.06, 8.29, -4.2, 0.24, -0.18, robot_mode, normal, 
08/06/2022 15:10:13:615, robot_pos, 1654697289645, 627.97, -67.58, 493.21, 2.52, 0.45, -2.54, circuit_pos, 628.49, -61.56, 491.32, 2.52, 0.45, -2.53, tool_force, -0.38, -0.11, -4.92, actual_rep, 1, curr_step, 47, track_size, 143, robot_vel, 46.34, joints_pos, 12.23, 38.01, -19.24, -63.58, -30.55, 81.67, 45.65, tool_torque, 2.092, -1.784, -0.16, joint_torque, -0.77, -12.15, -4.77, 8.51, -4.69, 0.24, -0.17, robot_mode, normal, 
08/06/2022 15:10:13:742, robot_pos, 1654697289773, 628.42, -62.13, 494.78, 2.52, 0.45, -2.52, circuit_pos, 629.42, -51.93, 493.4, 2.52, 0.46, -2.5, tool_force, -0.33, 0.8, -3.98, actual_rep, 1, curr_step, 49, track_size, 143, robot_vel, 44.02, joints_pos, 12.82, 38.23, -19.21, -63.26, -31.65, 82.6, 46.21, tool_torque, 2.216, -1.787, -0.155, joint_torque, -0.63, -11.72, -4.73, 8.5, -4.79, 0.18, -0.17, robot_mode, sine_overlay, 
08/06/2022 15:10:13:897, robot_pos, 1654697289923, 629.2, -56.92, 496.61, 2.52, 0.46, -2.5, circuit_pos, 629.42, -51.93, 493.4, 2.52, 0.46, -2.5, tool_force, -1.62, 1.41, -2.77, actual_rep, 1, curr_step, 49, track_size, 143, robot_vel, 39.73, joints_pos, 13.28, 38.61, -19.21, -62.57, -32.26, 83.9, 46.5, tool_torque, 2.192, -1.892, -0.124, joint_torque, -0.64, -10.9, -4.57, 8.18, -4.88, 0.12, -0.11, robot_mode, sine_overlay, 
08/06/2022 15:10:14:050, robot_pos, 1654697290060, 630.02, -57.52, 500.13, 2.52, 0.46, -2.5, circuit_pos, 629.84, -47.34, 494.75, 2.52, 0.46, -2.49, tool_force, -0.91, 2.01, -7.0, actual_rep, 1, curr_step, 50, track_size, 143, robot_vel, 11.53, joints_pos, 13.38, 38.66, -19.56, -62.04, -32.24, 84.2, 46.26, tool_torque, 2.567, -1.509, 0.095, joint_torque, 0.08, -12.2, -4.25, 8.71, -4.85, 0.86, 0.17, robot_mode, sine_overlay, 
08/06/2022 15:10:14:201, robot_pos, 1654697290210, 630.24, -52.22, 504.25, 2.53, 0.47, -2.48, circuit_pos, 630.73, -40.19, 498.69, 2.53, 0.47, -2.46, tool_force, -2.3, 0.95, -2.58, actual_rep, 1, curr_step, 52, track_size, 143, robot_vel, 32.77, joints_pos, 14.02, 38.85, -19.76, -61.45, -33.06, 85.34, 46.54, tool_torque, 2.387, -1.907, -0.041, joint_torque, -0.47, -10.96, -4.42, 8.29, -5.0, 0.19, -0.02, robot_mode, sine_overlay, 
08/06/2022 15:10:14:348, robot_pos, 1654697290359, 631.14, -47.92, 505.43, 2.54, 0.48, -2.45, circuit_pos, 633.49, -29.29, 506.13, 2.55, 0.5, -2.41, tool_force, -0.96, -1.1, -3.75, actual_rep, 1, curr_step, 55, track_size, 143, robot_vel, 30.66, joints_pos, 14.51, 39.17, -19.76, -61.07, -34.25, 86.12, 47.0, tool_torque, 2.275, -2.019, -0.129, joint_torque, -0.54, -12.37, -4.81, 8.48, -5.18, 0.41, -0.11, robot_mode, sine_overlay, 
08/06/2022 15:10:14:499, robot_pos, 1654697290508, 632.23, -43.59, 507.88, 2.55, 0.49, -2.43, circuit_pos, 636.86, -18.2, 511.18, 2.58, 0.52, -2.36, tool_force, -1.75, 0.55, -3.34, actual_rep, 1, curr_step, 58, track_size, 143, robot_vel, 35.2, joints_pos, 14.94, 39.45, -19.7, -60.55, -35.43, 86.94, 47.32, tool_torque, 2.56, -1.855, -0.12, joint_torque, -0.33, -11.46, -4.87, 8.34, -5.23, 0.5, -0.13, robot_mode, sine_overlay, 
08/06/2022 15:10:14:651, robot_pos, 1654697290657, 633.67, -36.27, 512.28, 2.56, 0.5, -2.41, circuit_pos, 639.1, -10.6, 514.23, 2.59, 0.53, -2.33, tool_force, -0.98, -0.74, -3.3, actual_rep, 1, curr_step, 60, track_size, 143, robot_vel, 67.9, joints_pos, 15.6, 39.77, -19.63, -59.68, -36.67, 88.13, 47.53, tool_torque, 2.476, -1.982, -0.114, joint_torque, -0.2, -12.02, -4.99, 8.31, -5.3, 0.6, -0.14, robot_mode, sine_overlay, 
08/06/2022 15:10:14:800, robot_pos, 1654697290809, 635.21, -26.17, 518.66, 2.57, 0.51, -2.38, circuit_pos, 642.38, 1.41, 516.69, 2.62, 0.55, -2.28, tool_force, -2.19, -0.31, -2.49, actual_rep, 1, curr_step, 63, track_size, 143, robot_vel, 82.61, joints_pos, 16.47, 40.17, -19.61, -58.42, -37.87, 89.79, 47.72, tool_torque, 2.622, -1.948, -0.109, joint_torque, -0.7, -11.07, -5.16, 7.82, -5.36, 0.58, -0.13, robot_mode, sine_overlay, 
08/06/2022 15:10:14:951, robot_pos, 1654697290957, 637.11, -16.31, 523.61, 2.58, 0.52, -2.36, circuit_pos, 645.17, 8.9, 516.09, 2.64, 0.56, -2.25, tool_force, -2.15, -0.88, -1.46, actual_rep, 1, curr_step, 65, track_size, 143, robot_vel, 70.53, joints_pos, 17.28, 40.71, -19.65, -57.19, -38.98, 91.28, 47.82, tool_torque, 2.574, -2.049, -0.107, joint_torque, -0.55, -11.08, -4.98, 7.75, -5.43, 0.53, -0.1, robot_mode, sine_overlay, 
08/06/2022 15:10:15:102, robot_pos, 1654697291107, 639.18, -9.26, 525.51, 2.59, 0.53, -2.33, circuit_pos, 648.86, 19.39, 515.9, 2.65, 0.58, -2.22, tool_force, -2.04, -1.14, -0.98, actual_rep, 1, curr_step, 68, track_size, 143, robot_vel, 47.8, joints_pos, 17.86, 41.31, -19.68, -56.25, -39.97, 92.31, 47.91, tool_torque, 2.68, -2.062, -0.118, joint_torque, -0.81, -11.18, -5.21, 7.66, -5.62, 0.6, -0.11, robot_mode, sine_overlay, 
08/06/2022 15:10:15:250, robot_pos, 1654697291254, 641.25, -5.77, 524.72, 2.6, 0.54, -2.31, circuit_pos, 651.83, 25.43, 517.24, 2.67, 0.59, -2.2, tool_force, -2.52, -0.57, -0.81, actual_rep, 1, curr_step, 70, track_size, 143, robot_vel, 26.41, joints_pos, 18.16, 41.87, -19.7, -55.75, -40.92, 92.79, 48.15, tool_torque, 2.666, -2.064, -0.155, joint_torque, -0.94, -11.39, -5.3, 7.67, -5.76, 0.68, -0.12, robot_mode, sine_overlay, 
08/06/2022 15:10:15:412, robot_pos, 1654697291406, 643.3, -4.89, 522.33, 2.62, 0.55, -2.29, circuit_pos, 656.05, 35.97, 519.02, 2.71, 0.61, -2.18, tool_force, -2.93, -1.56, -0.68, actual_rep, 1, curr_step, 73, track_size, 143, robot_vel, 20.92, joints_pos, 18.29, 42.37, -19.7, -55.59, -41.92, 92.82, 48.42, tool_torque, 2.744, -2.022, -0.151, joint_torque, -0.92, -11.39, -5.37, 7.69, -5.79, 0.74, -0.12, robot_mode, sine_overlay, 
08/06/2022 15:10:15:553, robot_pos, 1654697291553, 645.19, -4.12, 520.16, 2.63, 0.56, -2.27, circuit_pos, 658.89, 46.2, 519.39, 2.74, 0.62, -2.16, tool_force, -2.85, -1.75, -0.99, actual_rep, 1, curr_step, 76, track_size, 143, robot_vel, 20.26, joints_pos, 18.41, 42.73, -19.68, -55.57, -42.84, 92.59, 48.69, tool_torque, 3.002, -1.913, -0.153, joint_torque, -0.71, -11.62, -5.53, 7.62, -5.86, 1.13, -0.14, robot_mode, sine_overlay, 
08/06/2022 15:10:15:711, robot_pos, 1654697291704, 646.7, -1.29, 519.34, 2.64, 0.57, -2.26, circuit_pos, 659.97, 51.55, 520.16, 2.76, 0.63, -2.13, tool_force, -2.88, -2.21, -1.08, actual_rep, 1, curr_step, 78, track_size, 143, robot_vel, 22.25, joints_pos, 18.71, 43.02, -19.65, -55.46, -43.78, 92.54, 48.93, tool_torque, 2.993, -2.059, -0.112, joint_torque, -0.52, -11.82, -5.65, 7.57, -5.91, 1.08, -0.11, robot_mode, sine_overlay, 
08/06/2022 15:10:15:855, robot_pos, 1654697291854, 647.84, 5.27, 520.86, 2.66, 0.58, -2.24, circuit_pos, 659.84, 58.58, 520.08, 2.8, 0.64, -2.06, tool_force, -2.87, -2.39, -0.08, actual_rep, 1, curr_step, 81, track_size, 143, robot_vel, 51.39, joints_pos, 19.32, 43.33, -19.64, -55.02, -44.85, 93.01, 49.1, tool_torque, 2.889, -2.244, -0.104, joint_torque, -0.69, -11.93, -5.8, 7.82, -6.05, 0.84, -0.11, robot_mode, sine_overlay, 
08/06/2022 15:10:16:158, robot_pos, 1654697292152, 650.11, 26.56, 527.33, 2.7, 0.6, -2.19, circuit_pos, 659.35, 78.03, 516.06, 2.87, 0.65, -1.96, tool_force, -2.44, -2.25, 1.45, actual_rep, 1, curr_step, 86, track_size, 143, robot_vel, 78.31, joints_pos, 21.05, 44.3, -19.64, -53.13, -47.06, 95.2, 49.04, tool_torque, 3.009, -2.415, 0.156, joint_torque, -0.45, -11.36, -5.77, 7.4, -6.14, 0.85, 0.15, robot_mode, sine_overlay, 
08/06/2022 15:10:16:313, robot_pos, 1654697292303, 651.22, 36.77, 529.39, 2.72, 0.61, -2.16, circuit_pos, 658.29, 89.75, 512.46, 2.91, 0.65, -1.92, tool_force, -2.83, -2.02, 1.82, actual_rep, 1, curr_step, 89, track_size, 143, robot_vel, 66.71, joints_pos, 21.82, 44.88, -19.67, -52.22, -48.11, 96.25, 48.94, tool_torque, 2.948, -2.429, 0.212, joint_torque, -1.12, -10.97, -5.97, 6.98, -6.19, 0.75, 0.23, robot_mode, sine_overlay, 
08/06/2022 15:10:16:461, robot_pos, 1654697292454, 652.37, 43.39, 529.23, 2.74, 0.61, -2.13, circuit_pos, 657.93, 96.79, 510.85, 2.93, 0.65, -1.89, tool_force, -2.62, -2.96, 2.84, actual_rep, 1, curr_step, 91, track_size, 143, robot_vel, 51.83, joints_pos, 22.37, 45.41, -19.71, -51.72, -49.13, 96.83, 48.91, tool_torque, 2.97, -2.473, 0.196, joint_torque, -1.07, -11.4, -6.01, 7.09, -6.3, 0.84, 0.22, robot_mode, sine_overlay, 
08/06/2022 15:10:16:620, robot_pos, 1654697292603, 653.42, 45.91, 527.33, 2.75, 0.62, -2.11, circuit_pos, 657.45, 103.38, 510.22, 2.94, 0.65, -1.87, tool_force, -3.37, -2.51, 2.43, actual_rep, 1, curr_step, 93, track_size, 143, robot_vel, 20.09, joints_pos, 22.63, 45.82, -19.75, -51.65, -50.13, 97.0, 48.97, tool_torque, 3.063, -2.365, 0.073, joint_torque, -0.82, -11.22, -5.85, 7.2, -6.39, 0.88, 0.11, robot_mode, sine_overlay, 
08/06/2022 15:10:16:768, robot_pos, 1654697292751, 654.31, 46.22, 524.59, 2.77, 0.62, -2.08, circuit_pos, 656.57, 112.89, 509.51, 2.95, 0.66, -1.84, tool_force, -4.44, -2.31, 1.92, actual_rep, 1, curr_step, 96, track_size, 143, robot_vel, 18.5, joints_pos, 22.74, 46.14, -19.76, -51.85, -51.1, 96.96, 49.12, tool_torque, 3.203, -2.256, -0.061, joint_torque, -0.58, -11.73, -5.97, 7.52, -6.49, 1.06, -0.04, robot_mode, sine_overlay, 
08/06/2022 15:10:16:915, robot_pos, 1654697292902, 656.53, 49.88, 528.29, 2.79, 0.63, -2.06, circuit_pos, 656.57, 112.89, 509.51, 2.95, 0.66, -1.84, tool_force, -1.77, -5.57, 2.52, actual_rep, 1, curr_step, 96, track_size, 143, robot_vel, 46.4, joints_pos, 22.94, 46.51, -19.7, -50.93, -52.27, 97.27, 48.7, tool_torque, 2.847, -2.795, 0.25, joint_torque, 0.0, -12.67, -6.11, 7.7, -6.58, 0.69, 0.25, robot_mode, sine_overlay, 
08/06/2022 15:10:17:063, robot_pos, 1654697293052, 660.54, 54.36, 530.71, 2.81, 0.64, -2.04, circuit_pos, 656.57, 112.89, 509.51, 2.95, 0.66, -1.84, tool_force, -3.68, -1.9, 3.84, actual_rep, 1, curr_step, 96, track_size, 143, robot_vel, 40.27, joints_pos, 23.04, 47.42, -19.73, -49.35, -53.21, 97.99, 48.06, tool_torque, 3.297, -2.408, 0.284, joint_torque, -0.64, -10.73, -6.02, 6.84, -6.45, 0.9, 0.3, robot_mode, sine_overlay, 
08/06/2022 15:10:17:219, robot_pos, 1654697293201, 664.41, 59.83, 532.4, 2.82, 0.64, -2.02, circuit_pos, 656.57, 112.89, 509.51, 2.95, 0.66, -1.84, tool_force, -2.54, -3.25, 4.23, actual_rep, 1, curr_step, 96, track_size, 143, robot_vel, 45.57, joints_pos, 23.19, 48.43, -19.74, -47.67, -54.16, 98.86, 47.36, tool_torque, 3.041, -2.658, 0.27, joint_torque, -0.52, -12.02, -6.18, 7.24, -6.63, 0.7, 0.29, robot_mode, sine_overlay, 
08/06/2022 15:10:17:366, robot_pos, 1654697293349, 667.22, 65.22, 533.27, 2.84, 0.64, -1.99, circuit_pos, 656.57, 112.89, 509.51, 2.95, 0.66, -1.84, tool_force, -3.27, -3.1, 4.41, actual_rep, 1, curr_step, 96, track_size, 143, robot_vel, 45.56, joints_pos, 23.42, 49.23, -19.74, -46.45, -55.1, 99.54, 46.9, tool_torque, 3.154, -2.587, 0.282, joint_torque, -0.65, -11.94, -6.31, 7.07, -6.64, 0.78, 0.31, robot_mode, sine_overlay, 
08/06/2022 15:10:17:522, robot_pos, 1654697293500, 668.88, 71.35, 533.43, 2.86, 0.65, -1.97, circuit_pos, 656.57, 112.89, 509.51, 2.95, 0.66, -1.84, tool_force, -3.01, -3.33, 4.79, actual_rep, 1, curr_step, 96, track_size, 143, robot_vel, 40.85, joints_pos, 23.79, 49.89, -19.74, -45.61, -56.07, 100.15, 46.62, tool_torque, 3.167, -2.655, 0.282, joint_torque, -0.65, -11.94, -6.33, 7.02, -6.69, 0.62, 0.3, robot_mode, sine_overlay, 
08/06/2022 15:10:17:666, robot_pos, 1654697293647, 669.45, 77.35, 532.93, 2.87, 0.65, -1.94, circuit_pos, 656.57, 112.89, 509.51, 2.95, 0.66, -1.84, tool_force, -2.93, -3.81, 5.45, actual_rep, 1, curr_step, 96, track_size, 143, robot_vel, 41.97, joints_pos, 24.24, 50.37, -19.74, -45.19, -57.04, 100.65, 46.53, tool_torque, 3.175, -2.695, 0.279, joint_torque, -0.72, -11.84, -6.45, 6.93, -6.74, 0.63, 0.3, robot_mode, sine_overlay, 
08/06/2022 15:10:17:821, robot_pos, 1654697293798, 669.31, 83.73, 532.09, 2.89, 0.66, -1.92, circuit_pos, 656.57, 112.89, 509.51, 2.95, 0.66, -1.84, tool_force, -3.15, -3.43, 5.78, actual_rep, 1, curr_step, 96, track_size, 143, robot_vel, 53.23, joints_pos, 24.76, 50.72, -19.76, -45.02, -58.0, 101.09, 46.53, tool_torque, 3.213, -2.708, 0.192, joint_torque, -0.46, -11.64, -6.31, 6.86, -6.76, 0.61, 0.21, robot_mode, sine_overlay, 
08/06/2022 15:10:17:973, robot_pos, 1654697293948, 668.91, 89.76, 531.21, 2.91, 0.66, -1.89, circuit_pos, 656.57, 112.89, 509.51, 2.95, 0.66, -1.84, tool_force, -3.24, -4.24, 5.88, actual_rep, 1, curr_step, 96, track_size, 143, robot_vel, 49.79, joints_pos, 25.3, 51.03, -19.78, -44.96, -58.98, 101.5, 46.57, tool_torque, 3.24, -2.723, 0.089, joint_torque, -0.48, -11.65, -6.37, 6.75, -6.8, 0.65, 0.11, robot_mode, sine_overlay, 
08/06/2022 15:10:18:123, robot_pos, 1654697294096, 668.5, 95.89, 530.34, 2.93, 0.66, -1.87, circuit_pos, 656.57, 112.89, 509.51, 2.95, 0.66, -1.84, tool_force, -3.64, -3.45, 6.49, actual_rep, 1, curr_step, 96, track_size, 143, robot_vel, 42.02, joints_pos, 25.8, 51.35, -19.79, -44.87, -59.94, 101.89, 46.59, tool_torque, 3.246, -2.741, 0.064, joint_torque, -0.54, -11.83, -6.44, 6.78, -6.84, 0.63, 0.08, robot_mode, sine_overlay, 
08/06/2022 15:10:18:284, robot_pos, 1654697294245, 668.29, 101.79, 529.56, 2.95, 0.66, -1.84, circuit_pos, 656.57, 112.89, 509.51, 2.95, 0.66, -1.84, tool_force, -3.6, -3.88, 6.97, actual_rep, 1, curr_step, 96, track_size, 143, robot_vel, 40.74, joints_pos, 26.33, 51.74, -19.81, -44.67, -61.0, 102.33, 46.59, tool_torque, 3.25, -2.786, 0.134, joint_torque, -0.49, -11.81, -6.45, 6.74, -6.88, 0.62, 0.15, robot_mode, sine_overlay, 
08/06/2022 15:10:18:420, robot_pos, 1654697294394, 668.35, 105.92, 529.01, 2.96, 0.67, -1.83, circuit_pos, 656.57, 112.89, 509.51, 2.95, 0.66, -1.84, tool_force, -2.46, -4.33, 6.85, actual_rep, 1, curr_step, 96, track_size, 143, robot_vel, 26.85, joints_pos, 26.58, 51.99, -19.81, -44.47, -61.47, 102.61, 46.53, tool_torque, 3.379, -2.885, 0.202, joint_torque, -0.24, -11.63, -6.53, 6.55, -6.95, 0.72, 0.21, robot_mode, sine_overlay, 
08/06/2022 15:10:18:577, robot_pos, 1654697294545, 668.69, 105.06, 529.68, 2.96, 0.67, -1.83, circuit_pos, 656.57, 112.89, 509.51, 2.95, 0.66, -1.84, tool_force, -2.54, -4.03, 6.4, actual_rep, 1, curr_step, 96, track_size, 143, robot_vel, 4.12, joints_pos, 26.5, 51.99, -19.85, -44.35, -61.39, 102.56, 46.44, tool_torque, 3.465, -2.768, 0.275, joint_torque, 0.01, -11.52, -6.48, 6.61, -6.89, 0.82, 0.28, robot_mode, sine_overlay, 
08/06/2022 15:10:18:723, robot_pos, 1654697294692, 668.69, 105.13, 529.8, 2.96, 0.67, -1.83, circuit_pos, 656.57, 112.89, 509.51, 2.95, 0.66, -1.84, tool_force, -3.1, -3.64, 6.43, actual_rep, 1, curr_step, 96, track_size, 143, robot_vel, 1.05, joints_pos, 26.5, 51.99, -19.85, -44.33, -61.39, 102.57, 46.42, tool_torque, 3.466, -2.76, 0.24, joint_torque, -0.16, -11.51, -6.52, 6.66, -6.93, 0.76, 0.25, robot_mode, sine_overlay, 
08/06/2022 15:10:18:876, robot_pos, 1654697294841, 668.68, 105.15, 529.82, 2.96, 0.67, -1.83, circuit_pos, 656.57, 112.89, 509.51, 2.95, 0.66, -1.84, tool_force, -3.11, -3.88, 6.42, actual_rep, 1, curr_step, 96, track_size, 143, robot_vel, 0.36, joints_pos, 26.5, 51.99, -19.86, -44.33, -61.4, 102.57, 46.42, tool_torque, 3.446, -2.762, 0.229, joint_torque, -0.12, -11.59, -6.5, 6.71, -6.93, 0.76, 0.23, robot_mode, sine_overlay, 
08/06/2022 15:10:19:019, robot_pos, 1654697294990, 668.7, 105.13, 529.75, 2.96, 0.67, -1.83, circuit_pos, 656.57, 112.89, 509.51, 2.95, 0.66, -1.84, tool_force, -3.41, -3.86, 6.45, actual_rep, 1, curr_step, 96, track_size, 143, robot_vel, 0.03, joints_pos, 26.5, 51.99, -19.85, -44.34, -61.39, 102.57, 46.42, tool_torque, 3.477, -2.724, 0.18, joint_torque, -0.24, -11.67, -6.59, 6.71, -6.93, 0.79, 0.19, robot_mode, sine_overlay, 
08/06/2022 15:10:19:179, robot_pos, 1654697295143, 668.7, 105.13, 529.75, 2.96, 0.67, -1.83, circuit_pos, 656.57, 112.89, 509.51, 2.95, 0.66, -1.84, tool_force, -3.39, -3.98, 6.43, actual_rep, 1, curr_step, 96, track_size, 143, robot_vel, 0.0, joints_pos, 26.5, 51.99, -19.85, -44.34, -61.39, 102.57, 46.42, tool_torque, 3.474, -2.726, 0.178, joint_torque, -0.22, -11.71, -6.59, 6.73, -6.93, 0.79, 0.19, robot_mode, sine_overlay, 
08/06/2022 15:10:19:323, robot_pos, 1654697295291, 668.7, 105.13, 529.75, 2.96, 0.67, -1.83, circuit_pos, 656.57, 112.89, 509.51, 2.95, 0.66, -1.84, tool_force, -3.39, -4.02, 6.4, actual_rep, 1, curr_step, 96, track_size, 143, robot_vel, 0.0, joints_pos, 26.5, 51.99, -19.85, -44.34, -61.39, 102.57, 46.42, tool_torque, 3.469, -2.725, 0.178, joint_torque, -0.2, -11.73, -6.58, 6.75, -6.93, 0.79, 0.19, robot_mode, sine_overlay, 
08/06/2022 15:10:19:477, robot_pos, 1654697295442, 668.7, 105.13, 529.75, 2.96, 0.67, -1.83, circuit_pos, 656.57, 112.89, 509.51, 2.95, 0.66, -1.84, tool_force, -3.36, -4.03, 6.36, actual_rep, 1, curr_step, 96, track_size, 143, robot_vel, 0.0, joints_pos, 26.5, 51.99, -19.85, -44.34, -61.39, 102.57, 46.42, tool_torque, 3.474, -2.736, 0.179, joint_torque, -0.13, -11.72, -6.58, 6.75, -6.93, 0.78, 0.18, robot_mode, sine_overlay, 
08/06/2022 15:10:19:623, robot_pos, 1654697295591, 668.7, 105.13, 529.75, 2.96, 0.67, -1.83, circuit_pos, 656.57, 112.89, 509.51, 2.95, 0.66, -1.84, tool_force, -3.36, -3.95, 6.22, actual_rep, 1, curr_step, 96, track_size, 143, robot_vel, 0.0, joints_pos, 26.5, 51.99, -19.85, -44.34, -61.39, 102.57, 46.42, tool_torque, 3.492, -2.74, 0.179, joint_torque, -0.06, -11.68, -6.56, 6.75, -6.93, 0.78, 0.18, robot_mode, sine_overlay, 
08/06/2022 15:10:19:851, robot_pos, 1654697295756, 668.7, 105.13, 529.75, 2.96, 0.67, -1.83, circuit_pos, 656.57, 112.89, 509.51, 2.95, 0.66, -1.84, tool_force, -3.33, -4.04, 6.31, actual_rep, 1, curr_step, 96, track_size, 143, robot_vel, 0.0, joints_pos, 26.5, 51.99, -19.85, -44.34, -61.39, 102.57, 46.42, tool_torque, 3.476, -2.736, 0.178, joint_torque, -0.12, -11.72, -6.58, 6.76, -6.93, 0.78, 0.18, robot_mode, sine_overlay, 
08/06/2022 15:10:19:963, robot_pos, 1654697295892, 668.7, 105.13, 529.75, 2.96, 0.67, -1.83, circuit_pos, 656.57, 112.89, 509.51, 2.95, 0.66, -1.84, tool_force, -3.33, -4.01, 6.35, actual_rep, 1, curr_step, 96, track_size, 143, robot_vel, 0.0, joints_pos, 26.5, 51.99, -19.85, -44.34, -61.39, 102.57, 46.42, tool_torque, 3.472, -2.739, 0.178, joint_torque, -0.15, -11.74, -6.59, 6.75, -6.93, 0.78, 0.18, robot_mode, sine_overlay, 
08/06/2022 15:10:20:105, robot_pos, 1654697296061, 668.7, 105.13, 529.75, 2.96, 0.67, -1.83, circuit_pos, 656.57, 112.89, 509.51, 2.95, 0.66, -1.84, tool_force, -3.28, -4.14, 6.35, actual_rep, 1, curr_step, 96, track_size, 143, robot_vel, 0.0, joints_pos, 26.5, 51.99, -19.85, -44.34, -61.39, 102.57, 46.42, tool_torque, 3.465, -2.749, 0.178, joint_torque, -0.1, -11.78, -6.59, 6.77, -6.93, 0.78, 0.18, robot_mode, sine_overlay, 
08/06/2022 15:10:20:230, robot_pos, 1654697296192, 668.7, 105.13, 529.75, 2.96, 0.67, -1.83, circuit_pos, 656.57, 112.89, 509.51, 2.95, 0.66, -1.84, tool_force, -3.38, -4.05, 6.35, actual_rep, 1, curr_step, 96, track_size, 143, robot_vel, 0.0, joints_pos, 26.5, 51.99, -19.85, -44.34, -61.39, 102.57, 46.42, tool_torque, 3.475, -2.734, 0.177, joint_torque, -0.15, -11.74, -6.59, 6.76, -6.93, 0.78, 0.18, robot_mode, sine_overlay, 
08/06/2022 15:10:20:377, robot_pos, 1654697296344, 668.7, 105.13, 529.75, 2.96, 0.67, -1.83, circuit_pos, 656.57, 112.89, 509.51, 2.95, 0.66, -1.84, tool_force, -3.41, -3.98, 6.25, actual_rep, 1, curr_step, 96, track_size, 143, robot_vel, 0.0, joints_pos, 26.5, 51.99, -19.85, -44.34, -61.39, 102.57, 46.42, tool_torque, 3.487, -2.733, 0.178, joint_torque, -0.1, -11.7, -6.58, 6.76, -6.93, 0.78, 0.18, robot_mode, sine_overlay, 
08/06/2022 15:10:20:530, robot_pos, 1654697296491, 668.7, 105.13, 529.75, 2.96, 0.67, -1.83, circuit_pos, 656.57, 112.89, 509.51, 2.95, 0.66, -1.84, tool_force, -3.43, -3.95, 6.23, actual_rep, 1, curr_step, 96, track_size, 143, robot_vel, 0.0, joints_pos, 26.5, 51.99, -19.85, -44.34, -61.39, 102.57, 46.42, tool_torque, 3.489, -2.733, 0.178, joint_torque, -0.1, -11.71, -6.58, 6.77, -6.93, 0.78, 0.18, robot_mode, sine_overlay, 
08/06/2022 15:10:20:680, robot_pos, 1654697296644, 668.7, 105.13, 529.75, 2.96, 0.67, -1.83, circuit_pos, 656.57, 112.89, 509.51, 2.95, 0.66, -1.84, tool_force, -3.41, -4.0, 6.25, actual_rep, 1, curr_step, 96, track_size, 143, robot_vel, 0.0, joints_pos, 26.5, 51.99, -19.85, -44.34, -61.39, 102.57, 46.42, tool_torque, 3.485, -2.733, 0.178, joint_torque, -0.11, -11.74, -6.59, 6.78, -6.93, 0.78, 0.18, robot_mode, sine_overlay, 
08/06/2022 15:10:20:832, robot_pos, 1654697296793, 668.7, 105.13, 529.75, 2.96, 0.67, -1.83, circuit_pos, 656.57, 112.89, 509.51, 2.95, 0.66, -1.84, tool_force, -3.38, -4.07, 6.31, actual_rep, 1, curr_step, 96, track_size, 143, robot_vel, 0.0, joints_pos, 26.5, 51.99, -19.85, -44.34, -61.39, 102.57, 46.42, tool_torque, 3.475, -2.738, 0.178, joint_torque, -0.12, -11.77, -6.6, 6.77, -6.93, 0.78, 0.18, robot_mode, sine_overlay, 
08/06/2022 15:10:20:985, robot_pos, 1654697296944, 668.7, 105.13, 529.75, 2.96, 0.67, -1.83, circuit_pos, 656.57, 112.89, 509.51, 2.95, 0.66, -1.84, tool_force, -3.41, -4.03, 6.28, actual_rep, 1, curr_step, 96, track_size, 143, robot_vel, 0.0, joints_pos, 26.5, 51.99, -19.85, -44.34, -61.39, 102.57, 46.42, tool_torque, 3.482, -2.733, 0.177, joint_torque, -0.12, -11.74, -6.59, 6.77, -6.93, 0.78, 0.18, robot_mode, sine_overlay, 
08/06/2022 15:10:21:134, robot_pos, 1654697297095, 668.7, 105.13, 529.75, 2.96, 0.67, -1.83, circuit_pos, 656.57, 112.89, 509.51, 2.95, 0.66, -1.84, tool_force, -3.44, -3.98, 6.23, actual_rep, 1, curr_step, 96, track_size, 143, robot_vel, 0.0, joints_pos, 26.5, 51.99, -19.85, -44.34, -61.39, 102.57, 46.42, tool_torque, 3.487, -2.728, 0.178, joint_torque, -0.1, -11.72, -6.58, 6.78, -6.93, 0.78, 0.18, robot_mode, sine_overlay, 
08/06/2022 15:10:21:288, robot_pos, 1654697297243, 668.7, 105.13, 529.75, 2.96, 0.67, -1.83, circuit_pos, 656.57, 112.89, 509.51, 2.95, 0.66, -1.84, tool_force, -3.45, -3.97, 6.23, actual_rep, 1, curr_step, 96, track_size, 143, robot_vel, 0.0, joints_pos, 26.5, 51.99, -19.85, -44.34, -61.39, 102.57, 46.42, tool_torque, 3.489, -2.73, 0.178, joint_torque, -0.1, -11.72, -6.59, 6.78, -6.93, 0.78, 0.18, robot_mode, sine_overlay, 
08/06/2022 15:10:21:433, robot_pos, 1654697297394, 668.7, 105.13, 529.75, 2.96, 0.67, -1.83, circuit_pos, 656.57, 112.89, 509.51, 2.95, 0.66, -1.84, tool_force, -3.45, -3.99, 6.25, actual_rep, 1, curr_step, 96, track_size, 143, robot_vel, 0.0, joints_pos, 26.5, 51.99, -19.85, -44.34, -61.39, 102.57, 46.42, tool_torque, 3.487, -2.728, 0.178, joint_torque, -0.11, -11.73, -6.6, 6.78, -6.93, 0.78, 0.18, robot_mode, sine_overlay, 
08/06/2022 15:10:21:587, robot_pos, 1654697297543, 668.7, 105.13, 529.75, 2.96, 0.67, -1.83, circuit_pos, 656.57, 112.89, 509.51, 2.95, 0.66, -1.84, tool_force, -3.46, -4.0, 6.26, actual_rep, 1, curr_step, 96, track_size, 143, robot_vel, 0.0, joints_pos, 26.5, 51.99, -19.85, -44.34, -61.39, 102.57, 46.42, tool_torque, 3.487, -2.727, 0.178, joint_torque, -0.11, -11.73, -6.59, 6.78, -6.93, 0.78, 0.18, robot_mode, sine_overlay, 
08/06/2022 15:10:21:733, robot_pos, 1654697297692, 668.7, 105.13, 529.75, 2.96, 0.67, -1.83, circuit_pos, 656.57, 112.89, 509.51, 2.95, 0.66, -1.84, tool_force, -3.46, -3.99, 6.24, actual_rep, 1, curr_step, 96, track_size, 143, robot_vel, 0.0, joints_pos, 26.5, 51.99, -19.85, -44.34, -61.39, 102.57, 46.42, tool_torque, 3.489, -2.727, 0.178, joint_torque, -0.12, -11.73, -6.6, 6.78, -6.93, 0.78, 0.18, robot_mode, sine_overlay, 
08/06/2022 15:10:21:891, robot_pos, 1654697297844, 668.7, 105.13, 529.75, 2.96, 0.67, -1.83, circuit_pos, 656.57, 112.89, 509.51, 2.95, 0.66, -1.84, tool_force, -3.45, -4.0, 6.25, actual_rep, 1, curr_step, 96, track_size, 143, robot_vel, 0.0, joints_pos, 26.5, 51.99, -19.85, -44.34, -61.39, 102.57, 46.42, tool_torque, 3.49, -2.728, 0.178, joint_torque, -0.11, -11.73, -6.6, 6.78, -6.93, 0.78, 0.18, robot_mode, sine_overlay, 
08/06/2022 15:10:22:041, robot_pos, 1654697297995, 668.7, 105.13, 529.75, 2.96, 0.67, -1.83, circuit_pos, 656.57, 112.89, 509.51, 2.95, 0.66, -1.84, tool_force, -3.47, -3.98, 6.23, actual_rep, 1, curr_step, 96, track_size, 143, robot_vel, 0.0, joints_pos, 26.5, 51.99, -19.85, -44.34, -61.39, 102.57, 46.42, tool_torque, 3.491, -2.726, 0.178, joint_torque, -0.11, -11.72, -6.6, 6.78, -6.93, 0.78, 0.18, robot_mode, sine_overlay, 
08/06/2022 15:10:22:191, robot_pos, 1654697298145, 668.7, 105.13, 529.75, 2.96, 0.67, -1.83, circuit_pos, 656.57, 112.89, 509.51, 2.95, 0.66, -1.84, tool_force, -3.46, -3.98, 6.25, actual_rep, 1, curr_step, 96, track_size, 143, robot_vel, 0.0, joints_pos, 26.5, 51.99, -19.85, -44.34, -61.39, 102.57, 46.42, tool_torque, 3.49, -2.726, 0.178, joint_torque, -0.12, -11.73, -6.6, 6.78, -6.93, 0.78, 0.18, robot_mode, sine_overlay, 
08/06/2022 15:10:22:341, robot_pos, 1654697298294, 668.7, 105.13, 529.75, 2.96, 0.67, -1.83, circuit_pos, 656.57, 112.89, 509.51, 2.95, 0.66, -1.84, tool_force, -3.49, -3.98, 6.24, actual_rep, 1, curr_step, 96, track_size, 143, robot_vel, 0.0, joints_pos, 26.5, 51.99, -19.85, -44.34, -61.39, 102.57, 46.42, tool_torque, 3.491, -2.724, 0.177, joint_torque, -0.12, -11.73, -6.6, 6.78, -6.93, 0.78, 0.18, robot_mode, sine_overlay, 
08/06/2022 15:10:22:493, robot_pos, 1654697298446, 668.7, 105.13, 529.75, 2.96, 0.67, -1.83, circuit_pos, 656.57, 112.89, 509.51, 2.95, 0.66, -1.84, tool_force, -3.46, -3.99, 6.26, actual_rep, 1, curr_step, 96, track_size, 143, robot_vel, 0.0, joints_pos, 26.5, 51.99, -19.85, -44.34, -61.39, 102.57, 46.42, tool_torque, 3.492, -2.726, 0.177, joint_torque, -0.12, -11.72, -6.6, 6.77, -6.93, 0.78, 0.18, robot_mode, sine_overlay, 
08/06/2022 15:10:22:644, robot_pos, 1654697298594, 668.7, 105.13, 529.75, 2.96, 0.67, -1.83, circuit_pos, 656.57, 112.89, 509.51, 2.95, 0.66, -1.84, tool_force, -3.49, -3.95, 6.23, actual_rep, 1, curr_step, 96, track_size, 143, robot_vel, 0.0, joints_pos, 26.5, 51.99, -19.85, -44.34, -61.39, 102.57, 46.42, tool_torque, 3.497, -2.723, 0.177, joint_torque, -0.11, -11.7, -6.6, 6.78, -6.93, 0.78, 0.18, robot_mode, sine_overlay, 
08/06/2022 15:10:22:791, robot_pos, 1654697298745, 668.7, 105.13, 529.75, 2.96, 0.67, -1.83, circuit_pos, 656.57, 112.89, 509.51, 2.95, 0.66, -1.84, tool_force, -3.49, -3.93, 6.22, actual_rep, 1, curr_step, 96, track_size, 143, robot_vel, 0.0, joints_pos, 26.5, 51.99, -19.85, -44.34, -61.39, 102.57, 46.42, tool_torque, 3.497, -2.723, 0.177, joint_torque, -0.11, -11.7, -6.59, 6.77, -6.93, 0.78, 0.18, robot_mode, sine_overlay, 
08/06/2022 15:10:22:977, robot_pos, 1654697298893, 668.7, 105.13, 529.75, 2.96, 0.67, -1.83, circuit_pos, 656.57, 112.89, 509.51, 2.95, 0.66, -1.84, tool_force, -3.48, -3.99, 6.26, actual_rep, 1, curr_step, 96, track_size, 143, robot_vel, 0.0, joints_pos, 26.5, 51.99, -19.85, -44.34, -61.39, 102.57, 46.42, tool_torque, 3.488, -2.723, 0.177, joint_torque, -0.13, -11.73, -6.6, 6.78, -6.93, 0.78, 0.18, robot_mode, sine_overlay, 
08/06/2022 15:10:23:094, robot_pos, 1654697299043, 668.7, 105.13, 529.75, 2.96, 0.67, -1.83, circuit_pos, 656.57, 112.89, 509.51, 2.95, 0.66, -1.84, tool_force, -3.48, -3.98, 6.26, actual_rep, 1, curr_step, 96, track_size, 143, robot_vel, 0.0, joints_pos, 26.5, 51.99, -19.85, -44.34, -61.39, 102.57, 46.42, tool_torque, 3.489, -2.724, 0.176, joint_torque, -0.12, -11.73, -6.6, 6.78, -6.93, 0.78, 0.18, robot_mode, sine_overlay, 
08/06/2022 15:10:23:392, robot_pos, 1654697299343, 668.7, 105.13, 529.75, 2.96, 0.67, -1.83, circuit_pos, 656.57, 112.89, 509.51, 2.95, 0.66, -1.84, tool_force, -3.49, -3.98, 6.25, actual_rep, 1, curr_step, 96, track_size, 143, robot_vel, 0.0, joints_pos, 26.5, 51.99, -19.85, -44.34, -61.39, 102.57, 46.42, tool_torque, 3.492, -2.722, 0.177, joint_torque, -0.12, -11.72, -6.6, 6.78, -6.93, 0.78, 0.18, robot_mode, sine_overlay, 
08/06/2022 15:10:23:578, robot_pos, 1654697299491, 668.7, 105.13, 529.75, 2.96, 0.67, -1.83, circuit_pos, 656.57, 112.89, 509.51, 2.95, 0.66, -1.84, tool_force, -3.53, -3.89, 6.2, actual_rep, 1, curr_step, 96, track_size, 143, robot_vel, 0.0, joints_pos, 26.5, 51.99, -19.85, -44.34, -61.39, 102.57, 46.42, tool_torque, 3.503, -2.72, 0.177, joint_torque, -0.11, -11.68, -6.59, 6.77, -6.93, 0.78, 0.18, robot_mode, sine_overlay, 
08/06/2022 15:10:23:736, robot_pos, 1654697299634, 666.52, 107.11, 524.97, 2.95, 0.66, -1.84, circuit_pos, 656.57, 112.89, 509.51, 2.95, 0.66, -1.84, tool_force, -6.69, -5.17, 8.04, actual_rep, 1, curr_step, 96, track_size, 143, robot_vel, 42.37, joints_pos, 26.68, 51.96, -19.62, -45.0, -61.11, 103.0, 47.08, tool_torque, 3.534, -2.914, -0.015, joint_torque, -1.3, -13.09, -7.56, 7.17, -7.33, 0.93, -0.04, robot_mode, sine_overlay, 
08/06/2022 15:10:23:852, robot_pos, 1654697299781, 662.99, 109.71, 522.01, 2.96, 0.66, -1.82, circuit_pos, 656.57, 112.89, 509.51, 2.95, 0.66, -1.84, tool_force, -6.72, -2.13, 6.44, actual_rep, 1, curr_step, 96, track_size, 143, robot_vel, 47.73, joints_pos, 27.3, 51.5, -19.78, -46.48, -61.36, 102.76, 47.77, tool_torque, 3.856, -2.126, -0.13, joint_torque, -1.27, -10.66, -6.7, 6.35, -6.77, 1.17, -0.11, robot_mode, sine_overlay, 
08/06/2022 15:10:24:000, robot_pos, 1654697299930, 660.62, 108.54, 520.73, 2.96, 0.66, -1.82, circuit_pos, 656.57, 112.89, 509.51, 2.95, 0.66, -1.84, tool_force, -5.39, -3.99, 6.05, actual_rep, 1, curr_step, 96, track_size, 143, robot_vel, 25.92, joints_pos, 27.56, 51.05, -20.03, -47.58, -61.37, 102.34, 48.28, tool_torque, 3.454, -2.478, -0.14, joint_torque, -0.47, -11.65, -6.42, 6.74, -6.89, 1.06, -0.11, robot_mode, sine_overlay, 
08/06/2022 15:10:24:310, robot_pos, 1654697300211, 658.51, 111.26, 519.2, 2.97, 0.66, -1.81, circuit_pos, 655.44, 121.06, 509.19, 2.95, 0.66, -1.84, tool_force, -6.73, -1.5, 7.57, actual_rep, 1, curr_step, 99, track_size, 143, robot_vel, 44.78, joints_pos, 27.87, 50.95, -19.89, -48.13, -61.76, 102.63, 48.69, tool_torque, 3.738, -2.606, -0.086, joint_torque, -1.22, -11.15, -7.05, 6.6, -7.05, 1.06, -0.09, robot_mode, normal, 
08/06/2022 15:10:24:454, robot_pos, 1654697300359, 657.22, 117.37, 517.12, 2.97, 0.66, -1.82, circuit_pos, 655.16, 128.94, 509.13, 2.95, 0.66, -1.83, tool_force, -3.88, -5.88, 7.2, actual_rep, 1, curr_step, 102, track_size, 143, robot_vel, 46.41, joints_pos, 28.35, 51.18, -19.93, -47.95, -61.37, 103.12, 48.9, tool_torque, 3.395, -2.795, -0.041, joint_torque, -0.72, -11.78, -6.79, 6.39, -6.89, 1.0, -0.04, robot_mode, normal, 
08/06/2022 15:10:24:617, robot_pos, 1654697300518, 656.52, 123.45, 515.22, 2.97, 0.66, -1.81, circuit_pos, 655.29, 133.8, 507.77, 2.96, 0.66, -1.81, tool_force, -3.62, -4.0, 6.05, actual_rep, 1, curr_step, 104, track_size, 143, robot_vel, 42.63, joints_pos, 28.8, 51.6, -20.04, -47.54, -61.23, 103.76, 48.98, tool_torque, 3.47, -2.789, 0.018, joint_torque, 0.07, -11.08, -6.33, 6.36, -6.88, 1.02, 0.03, robot_mode, normal, 
08/06/2022 15:10:24:763, robot_pos, 1654697300666, 656.15, 129.26, 513.46, 2.97, 0.66, -1.8, circuit_pos, 655.78, 138.59, 506.18, 2.98, 0.66, -1.79, tool_force, -3.71, -3.51, 7.42, actual_rep, 1, curr_step, 107, track_size, 143, robot_vel, 41.41, joints_pos, 29.23, 52.06, -20.15, -47.17, -61.53, 104.33, 48.95, tool_torque, 3.21, -2.76, 0.116, joint_torque, -0.82, -11.14, -6.44, 6.32, -6.79, 0.79, 0.15, robot_mode, normal, 
08/06/2022 15:10:24:914, robot_pos, 1654697300814, 655.98, 134.84, 511.99, 2.98, 0.66, -1.78, circuit_pos, 656.1, 140.39, 506.31, 2.98, 0.67, -1.78, tool_force, -3.44, -5.24, 8.42, actual_rep, 1, curr_step, 109, track_size, 143, robot_vel, 41.43, joints_pos, 29.64, 52.54, -20.22, -46.81, -62.19, 104.9, 48.8, tool_torque, 3.174, -2.848, 0.219, joint_torque, -0.41, -11.4, -6.38, 6.33, -6.82, 0.84, 0.24, robot_mode, normal, 
08/06/2022 15:10:25:069, robot_pos, 1654697300962, 656.26, 139.94, 510.78, 2.99, 0.67, -1.76, circuit_pos, 656.41, 141.21, 506.25, 2.98, 0.67, -1.77, tool_force, -3.38, -3.91, 8.61, actual_rep, 1, curr_step, 112, track_size, 143, robot_vel, 31.79, joints_pos, 29.93, 53.24, -20.33, -46.1, -62.97, 105.83, 48.99, tool_torque, 3.211, -2.709, 0.037, joint_torque, -0.81, -10.94, -6.39, 5.99, -6.67, 0.95, 0.07, robot_mode, normal, 
08/06/2022 15:10:25:226, robot_pos, 1654697301116, 657.41, 141.32, 510.76, 2.99, 0.67, -1.75, circuit_pos, 656.35, 140.77, 507.28, 2.98, 0.67, -1.78, tool_force, -3.24, -4.55, 9.71, actual_rep, 1, curr_step, 114, track_size, 143, robot_vel, 10.24, joints_pos, 29.89, 53.61, -20.39, -45.44, -62.92, 106.11, 48.73, tool_torque, 3.18, -2.813, 0.234, joint_torque, -0.75, -11.6, -6.71, 6.0, -6.74, 1.01, 0.24, robot_mode, normal, 
08/06/2022 15:10:25:369, robot_pos, 1654697301258, 656.99, 140.85, 512.23, 2.99, 0.67, -1.76, circuit_pos, 656.33, 140.69, 507.47, 2.98, 0.67, -1.78, tool_force, -3.46, -5.08, 8.0, actual_rep, 1, curr_step, 117, track_size, 143, robot_vel, 15.36, joints_pos, 29.91, 53.32, -20.37, -45.64, -62.71, 105.83, 48.69, tool_torque, 3.322, -2.612, 0.209, joint_torque, -0.74, -12.02, -6.79, 6.43, -6.77, 1.08, 0.22, robot_mode, normal, 
08/06/2022 15:10:25:527, robot_pos, 1654697301407, 656.67, 140.71, 511.8, 2.99, 0.67, -1.76, circuit_pos, 656.36, 140.83, 507.25, 2.98, 0.67, -1.77, tool_force, -4.4, -4.33, 6.95, actual_rep, 1, curr_step, 119, track_size, 143, robot_vel, 4.42, joints_pos, 29.94, 53.3, -20.39, -45.79, -62.83, 105.89, 48.83, tool_torque, 3.694, -2.518, 0.109, joint_torque, -0.5, -11.37, -6.72, 6.32, -6.89, 1.18, 0.13, robot_mode, normal, 
08/06/2022 15:10:25:668, robot_pos, 1654697301556, 656.81, 140.8, 511.06, 2.99, 0.67, -1.75, circuit_pos, 656.43, 140.68, 506.8, 2.98, 0.67, -1.77, tool_force, -3.79, -3.39, 7.34, actual_rep, 1, curr_step, 121, track_size, 143, robot_vel, 3.02, joints_pos, 29.92, 53.48, -20.4, -45.7, -63.08, 106.11, 48.79, tool_torque, 3.582, -2.82, 0.147, joint_torque, 0.21, -11.1, -6.57, 6.19, -6.89, 1.06, 0.14, robot_mode, normal, 
08/06/2022 15:10:25:827, robot_pos, 1654697301707, 656.9, 140.73, 511.11, 2.99, 0.67, -1.75, circuit_pos, 656.48, 140.65, 506.78, 2.98, 0.67, -1.77, tool_force, -3.15, -4.28, 7.54, actual_rep, 1, curr_step, 124, track_size, 143, robot_vel, 0.32, joints_pos, 29.9, 53.5, -20.4, -45.64, -63.04, 106.14, 48.78, tool_torque, 3.499, -2.825, 0.194, joint_torque, 0.08, -11.16, -6.58, 6.13, -6.84, 1.05, 0.19, robot_mode, normal, 
08/06/2022 15:10:25:972, robot_pos, 1654697301854, 656.89, 140.74, 511.07, 2.99, 0.67, -1.75, circuit_pos, 656.48, 140.63, 506.79, 2.98, 0.67, -1.77, tool_force, -3.57, -4.12, 7.56, actual_rep, 1, curr_step, 126, track_size, 143, robot_vel, 0.18, joints_pos, 29.9, 53.5, -20.4, -45.65, -63.04, 106.14, 48.78, tool_torque, 3.506, -2.763, 0.168, joint_torque, -0.13, -11.22, -6.62, 6.17, -6.85, 1.06, 0.17, robot_mode, normal, 
08/06/2022 15:10:26:120, robot_pos, 1654697302002, 656.89, 140.73, 511.07, 2.99, 0.67, -1.75, circuit_pos, 656.49, 140.63, 506.77, 2.98, 0.67, -1.77, tool_force, -3.58, -3.99, 7.48, actual_rep, 1, curr_step, 128, track_size, 143, robot_vel, 0.12, joints_pos, 29.9, 53.5, -20.4, -45.65, -63.04, 106.14, 48.78, tool_torque, 3.508, -2.745, 0.161, joint_torque, -0.12, -11.22, -6.59, 6.18, -6.85, 1.08, 0.17, robot_mode, normal, 
08/06/2022 15:10:26:270, robot_pos, 1654697302152, 656.89, 140.72, 511.07, 2.99, 0.67, -1.75, circuit_pos, 656.49, 140.63, 506.76, 2.98, 0.67, -1.77, tool_force, -3.63, -4.05, 7.47, actual_rep, 1, curr_step, 131, track_size, 143, robot_vel, 0.09, joints_pos, 29.9, 53.5, -20.4, -45.65, -63.05, 106.14, 48.78, tool_torque, 3.51, -2.736, 0.157, joint_torque, -0.12, -11.24, -6.6, 6.18, -6.84, 1.08, 0.16, robot_mode, normal, 
08/06/2022 15:10:26:460, robot_pos, 1654697302337, 656.88, 140.72, 511.08, 2.99, 0.67, -1.75, circuit_pos, 656.49, 140.63, 506.76, 2.98, 0.67, -1.77, tool_force, -3.71, -3.97, 7.4, actual_rep, 1, curr_step, 134, track_size, 143, robot_vel, 0.05, joints_pos, 29.9, 53.49, -20.4, -45.65, -63.05, 106.14, 48.78, tool_torque, 3.524, -2.727, 0.155, joint_torque, -0.12, -11.21, -6.61, 6.18, -6.84, 1.08, 0.16, robot_mode, normal, 
08/06/2022 15:10:26:614, robot_pos, 1654697302488, 656.88, 140.71, 511.07, 2.99, 0.67, -1.75, circuit_pos, 656.49, 140.63, 506.76, 2.98, 0.67, -1.77, tool_force, -3.72, -3.99, 7.4, actual_rep, 1, curr_step, 137, track_size, 143, robot_vel, 0.06, joints_pos, 29.9, 53.49, -20.4, -45.66, -63.05, 106.14, 48.78, tool_torque, 3.527, -2.728, 0.152, joint_torque, -0.12, -11.22, -6.61, 6.19, -6.84, 1.08, 0.16, robot_mode, normal, 
08/06/2022 15:10:26:761, robot_pos, 1654697302634, 656.88, 140.71, 511.07, 2.99, 0.67, -1.75, circuit_pos, 656.49, 140.63, 506.76, 2.98, 0.67, -1.77, tool_force, -3.73, -3.99, 7.41, actual_rep, 1, curr_step, 139, track_size, 143, robot_vel, 0.01, joints_pos, 29.9, 53.49, -20.4, -45.66, -63.05, 106.14, 48.78, tool_torque, 3.527, -2.727, 0.153, joint_torque, -0.12, -11.21, -6.61, 6.19, -6.84, 1.08, 0.16, robot_mode, normal, 
08/06/2022 15:10:26:951, robot_pos, 1654697302785, 656.88, 140.71, 511.07, 2.99, 0.67, -1.75, circuit_pos, 656.49, 140.63, 506.76, 2.98, 0.67, -1.77, tool_force, -3.73, -3.98, 7.4, actual_rep, 1, curr_step, 142, track_size, 143, robot_vel, 0.01, joints_pos, 29.9, 53.49, -20.4, -45.66, -63.05, 106.14, 48.78, tool_torque, 3.527, -2.729, 0.153, joint_torque, -0.11, -11.2, -6.61, 6.19, -6.84, 1.08, 0.16, robot_mode, normal, 
08/06/2022 15:10:27:070, robot_pos, 1654697302933, 656.88, 140.71, 511.07, 2.99, 0.67, -1.75, circuit_pos, 656.49, 140.63, 506.76, 2.98, 0.67, -1.77, tool_force, -3.74, -4.0, 7.41, actual_rep, 1, curr_step, 140, track_size, 143, robot_vel, 0.02, joints_pos, 29.9, 53.49, -20.4, -45.66, -63.05, 106.14, 48.78, tool_torque, 3.525, -2.726, 0.153, joint_torque, -0.13, -11.24, -6.61, 6.19, -6.84, 1.08, 0.16, robot_mode, normal, 
08/06/2022 15:10:27:219, robot_pos, 1654697303082, 656.88, 140.71, 511.07, 2.99, 0.67, -1.75, circuit_pos, 656.49, 140.63, 506.76, 2.98, 0.67, -1.77, tool_force, -3.71, -4.03, 7.44, actual_rep, 1, curr_step, 138, track_size, 143, robot_vel, 0.01, joints_pos, 29.9, 53.49, -20.4, -45.66, -63.05, 106.14, 48.78, tool_torque, 3.521, -2.731, 0.154, joint_torque, -0.13, -11.23, -6.61, 6.19, -6.84, 1.08, 0.16, robot_mode, normal, 
08/06/2022 15:10:27:370, robot_pos, 1654697303231, 656.88, 140.71, 511.07, 2.99, 0.67, -1.75, circuit_pos, 656.49, 140.63, 506.76, 2.98, 0.67, -1.77, tool_force, -3.72, -4.0, 7.44, actual_rep, 1, curr_step, 135, track_size, 143, robot_vel, 0.01, joints_pos, 29.9, 53.49, -20.4, -45.66, -63.05, 106.14, 48.78, tool_torque, 3.524, -2.73, 0.153, joint_torque, -0.13, -11.21, -6.61, 6.18, -6.84, 1.08, 0.16, robot_mode, normal, 
08/06/2022 15:10:27:670, robot_pos, 1654697303527, 656.88, 140.71, 511.08, 2.99, 0.67, -1.75, circuit_pos, 656.49, 140.63, 506.77, 2.98, 0.67, -1.77, tool_force, -3.72, -4.01, 7.44, actual_rep, 1, curr_step, 130, track_size, 143, robot_vel, 0.04, joints_pos, 29.9, 53.49, -20.4, -45.66, -63.05, 106.14, 48.78, tool_torque, 3.522, -2.728, 0.154, joint_torque, -0.14, -11.24, -6.62, 6.19, -6.84, 1.08, 0.16, robot_mode, normal, 
08/06/2022 15:10:27:818, robot_pos, 1654697303673, 656.88, 140.71, 511.08, 2.99, 0.67, -1.75, circuit_pos, 656.49, 140.63, 506.77, 2.98, 0.67, -1.77, tool_force, -3.7, -4.03, 7.46, actual_rep, 1, curr_step, 128, track_size, 143, robot_vel, 0.02, joints_pos, 29.9, 53.49, -20.4, -45.66, -63.05, 106.14, 48.78, tool_torque, 3.52, -2.729, 0.153, joint_torque, -0.13, -11.23, -6.61, 6.19, -6.84, 1.08, 0.16, robot_mode, normal, 
08/06/2022 15:10:27:971, robot_pos, 1654697303823, 656.88, 140.71, 511.09, 2.99, 0.67, -1.75, circuit_pos, 656.48, 140.64, 506.77, 2.98, 0.67, -1.77, tool_force, -3.72, -3.98, 7.42, actual_rep, 1, curr_step, 125, track_size, 143, robot_vel, 0.05, joints_pos, 29.9, 53.49, -20.4, -45.66, -63.05, 106.14, 48.78, tool_torque, 3.524, -2.731, 0.154, joint_torque, -0.12, -11.18, -6.6, 6.18, -6.84, 1.07, 0.16, robot_mode, normal, 
08/06/2022 15:10:28:126, robot_pos, 1654697303970, 656.87, 140.72, 511.09, 2.99, 0.67, -1.75, circuit_pos, 656.47, 140.63, 506.78, 2.98, 0.67, -1.77, tool_force, -3.74, -3.99, 7.47, actual_rep, 1, curr_step, 122, track_size, 143, robot_vel, 0.12, joints_pos, 29.9, 53.49, -20.4, -45.66, -63.05, 106.14, 48.78, tool_torque, 3.516, -2.731, 0.153, joint_torque, -0.15, -11.23, -6.61, 6.19, -6.85, 1.07, 0.16, robot_mode, normal, 
08/06/2022 15:10:28:308, robot_pos, 1654697304120, 656.86, 140.75, 511.12, 2.99, 0.67, -1.75, circuit_pos, 656.41, 140.76, 507.05, 2.98, 0.67, -1.77, tool_force, -3.85, -4.38, 7.58, actual_rep, 1, curr_step, 120, track_size, 143, robot_vel, 0.33, joints_pos, 29.9, 53.49, -20.4, -45.66, -63.05, 106.14, 48.78, tool_torque, 3.489, -2.747, 0.154, joint_torque, -0.23, -11.41, -6.69, 6.25, -6.87, 1.07, 0.16, robot_mode, normal, 
08/06/2022 15:10:28:425, robot_pos, 1654697304270, 656.73, 140.82, 511.6, 2.99, 0.67, -1.75, circuit_pos, 656.33, 140.69, 507.47, 2.98, 0.67, -1.78, tool_force, -3.58, -3.92, 7.79, actual_rep, 1, curr_step, 117, track_size, 143, robot_vel, 3.94, joints_pos, 29.91, 53.45, -20.4, -45.65, -63.06, 106.15, 48.75, tool_torque, 3.455, -2.746, 0.215, joint_torque, -0.28, -11.11, -6.6, 6.15, -6.8, 1.01, 0.22, robot_mode, normal, 
08/06/2022 15:10:28:576, robot_pos, 1654697304418, 656.93, 140.87, 511.8, 2.99, 0.67, -1.76, circuit_pos, 656.3, 140.68, 507.61, 2.98, 0.67, -1.78, tool_force, -4.48, -3.32, 6.82, actual_rep, 1, curr_step, 115, track_size, 143, robot_vel, 2.03, joints_pos, 29.9, 53.33, -20.33, -45.69, -62.75, 105.84, 48.77, tool_torque, 3.883, -2.718, 0.168, joint_torque, -0.32, -11.46, -7.07, 6.36, -7.11, 1.26, 0.16, robot_mode, normal, 
08/06/2022 15:10:28:726, robot_pos, 1654697304566, 656.66, 140.97, 511.24, 2.99, 0.67, -1.76, circuit_pos, 656.41, 141.21, 506.25, 2.98, 0.67, -1.77, tool_force, -5.69, -3.05, 7.01, actual_rep, 1, curr_step, 112, track_size, 143, robot_vel, 4.21, joints_pos, 29.96, 53.29, -20.34, -45.86, -62.75, 105.76, 48.89, tool_torque, 3.749, -2.488, 0.022, joint_torque, -0.83, -11.24, -6.93, 6.36, -6.94, 1.16, 0.03, robot_mode, normal, 
08/06/2022 15:10:28:885, robot_pos, 1654697304721, 656.61, 141.17, 510.56, 2.99, 0.67, -1.75, circuit_pos, 656.39, 141.31, 506.04, 2.98, 0.67, -1.77, tool_force, -3.15, -5.14, 8.29, actual_rep, 1, curr_step, 110, track_size, 143, robot_vel, 2.38, joints_pos, 29.97, 53.48, -20.42, -45.77, -63.01, 106.11, 48.89, tool_torque, 3.329, -2.672, 0.081, joint_torque, -0.34, -11.34, -6.46, 6.12, -6.7, 0.92, 0.1, robot_mode, normal, 
08/06/2022 15:10:29:030, robot_pos, 1654697304867, 657.1, 140.93, 510.46, 2.99, 0.67, -1.76, circuit_pos, 655.78, 138.59, 506.18, 2.98, 0.66, -1.79, tool_force, -2.63, -4.76, 7.28, actual_rep, 1, curr_step, 107, track_size, 143, robot_vel, 7.07, joints_pos, 29.91, 53.46, -20.38, -45.68, -62.68, 105.93, 48.79, tool_torque, 3.843, -2.637, 0.214, joint_torque, -0.04, -11.21, -6.93, 6.02, -6.9, 1.45, 0.21, robot_mode, normal, 
08/06/2022 15:10:29:183, robot_pos, 1654697305017, 656.86, 139.43, 510.48, 2.99, 0.66, -1.76, circuit_pos, 655.58, 135.88, 507.0, 2.97, 0.66, -1.8, tool_force, -3.79, -2.7, 6.52, actual_rep, 1, curr_step, 105, track_size, 143, robot_vel, 10.26, joints_pos, 29.9, 53.16, -20.37, -46.15, -62.52, 105.39, 48.47, tool_torque, 3.691, -2.51, 0.216, joint_torque, 0.0, -10.57, -6.61, 6.0, -6.72, 1.28, 0.2, robot_mode, normal, 
08/06/2022 15:10:29:333, robot_pos, 1654697305164, 655.89, 135.7, 511.77, 2.98, 0.66, -1.79, circuit_pos, 655.15, 131.43, 508.57, 2.96, 0.66, -1.82, tool_force, -3.25, -4.66, 5.39, actual_rep, 1, curr_step, 103, track_size, 143, robot_vel, 36.63, joints_pos, 29.73, 52.64, -20.45, -46.6, -61.62, 105.03, 48.71, tool_torque, 3.511, -2.613, -0.018, joint_torque, 0.66, -11.85, -6.41, 6.61, -6.82, 1.32, -0.02, robot_mode, normal, 
08/06/2022 15:10:29:485, robot_pos, 1654697305315, 655.97, 131.25, 512.64, 2.96, 0.66, -1.8, circuit_pos, 655.22, 123.87, 509.4, 2.95, 0.66, -1.84, tool_force, -3.89, -3.82, 5.45, actual_rep, 1, curr_step, 100, track_size, 143, robot_vel, 31.46, joints_pos, 29.4, 52.32, -20.48, -46.78, -60.9, 104.72, 48.84, tool_torque, 3.863, -2.609, -0.015, joint_torque, -0.02, -10.8, -6.67, 6.32, -7.0, 1.18, -0.02, robot_mode, normal, 
08/06/2022 15:10:29:641, robot_pos, 1654697305462, 656.1, 125.23, 513.19, 2.96, 0.66, -1.81, circuit_pos, 656.21, 115.6, 509.16, 2.95, 0.66, -1.84, tool_force, -3.88, -4.76, 4.52, actual_rep, 1, curr_step, 97, track_size, 143, robot_vel, 37.48, joints_pos, 29.11, 51.78, -20.55, -47.58, -60.63, 103.78, 49.08, tool_torque, 3.781, -2.66, -0.054, joint_torque, 1.06, -11.48, -6.4, 6.67, -6.95, 1.34, -0.07, robot_mode, normal, 
08/06/2022 15:10:29:788, robot_pos, 1654697305613, 656.28, 119.32, 513.57, 2.96, 0.66, -1.82, circuit_pos, 656.95, 109.87, 509.86, 2.95, 0.66, -1.85, tool_force, -4.5, -3.75, 5.02, actual_rep, 1, curr_step, 95, track_size, 143, robot_vel, 41.27, joints_pos, 28.81, 51.36, -20.62, -48.25, -60.57, 103.04, 49.22, tool_torque, 3.77, -2.547, -0.063, joint_torque, 0.25, -11.07, -6.49, 6.57, -6.9, 1.34, -0.06, robot_mode, normal, 
08/06/2022 15:10:29:940, robot_pos, 1654697305760, 656.97, 113.65, 513.83, 2.96, 0.66, -1.83, circuit_pos, 657.74, 99.82, 510.37, 2.93, 0.65, -1.88, tool_force, -3.29, -3.92, 4.42, actual_rep, 1, curr_step, 92, track_size, 143, robot_vel, 36.99, joints_pos, 28.44, 50.98, -20.62, -48.74, -60.27, 102.23, 49.21, tool_torque, 3.837, -2.626, 0.116, joint_torque, 0.44, -10.99, -6.64, 6.58, -6.97, 1.35, 0.12, robot_mode, normal, 
08/06/2022 15:10:30:094, robot_pos, 1654697305913, 657.41, 107.6, 514.3, 2.95, 0.66, -1.84, circuit_pos, 658.08, 93.47, 511.58, 2.92, 0.65, -1.9, tool_force, -3.78, -4.47, 5.2, actual_rep, 1, curr_step, 90, track_size, 143, robot_vel, 39.43, joints_pos, 28.03, 50.57, -20.62, -49.19, -59.77, 101.5, 49.21, tool_torque, 3.806, -2.569, 0.096, joint_torque, 0.0, -11.44, -6.78, 6.71, -6.98, 1.45, 0.09, robot_mode, normal, 
08/06/2022 15:10:30:243, robot_pos, 1654697306057, 657.8, 101.99, 515.09, 2.94, 0.66, -1.86, circuit_pos, 659.1, 82.11, 514.6, 2.89, 0.65, -1.95, tool_force, -4.32, -3.61, 5.03, actual_rep, 1, curr_step, 87, track_size, 143, robot_vel, 40.88, joints_pos, 27.62, 50.19, -20.62, -49.49, -59.16, 100.88, 49.23, tool_torque, 3.795, -2.577, 0.051, joint_torque, 0.25, -11.42, -6.67, 6.99, -6.99, 1.29, 0.04, robot_mode, normal, 
08/06/2022 15:10:30:395, robot_pos, 1654697306210, 658.23, 96.03, 516.37, 2.93, 0.66, -1.88, circuit_pos, 659.42, 73.57, 517.48, 2.86, 0.65, -1.98, tool_force, -4.22, -3.75, 4.11, actual_rep, 1, curr_step, 85, track_size, 143, robot_vel, 39.53, joints_pos, 27.15, 49.81, -20.61, -49.7, -58.45, 100.3, 49.25, tool_torque, 3.734, -2.621, 0.0060, joint_torque, 0.19, -11.03, -6.61, 6.82, -6.9, 1.22, 0.0, robot_mode, normal, 
08/06/2022 15:10:30:544, robot_pos, 1654697306356, 658.65, 90.4, 517.7, 2.91, 0.65, -1.9, circuit_pos, 659.68, 61.64, 519.72, 2.82, 0.64, -2.04, tool_force, -3.97, -3.4, 3.57, actual_rep, 1, curr_step, 82, track_size, 143, robot_vel, 50.36, joints_pos, 26.68, 49.46, -20.61, -49.8, -57.64, 99.81, 49.25, tool_torque, 3.732, -2.575, 0.052, joint_torque, 0.47, -11.33, -6.51, 7.11, -6.89, 1.26, 0.04, robot_mode, normal, 
08/06/2022 15:10:30:700, robot_pos, 1654697306506, 658.98, 84.31, 518.96, 2.89, 0.65, -1.93, circuit_pos, 660.09, 53.96, 520.37, 2.78, 0.64, -2.1, tool_force, -3.94, -3.6, 3.52, actual_rep, 1, curr_step, 79, track_size, 143, robot_vel, 39.71, joints_pos, 26.15, 49.07, -20.6, -49.9, -56.62, 99.28, 49.25, tool_torque, 3.732, -2.555, 0.031, joint_torque, 0.26, -11.35, -6.59, 7.04, -6.87, 1.31, 0.01, robot_mode, normal, 
08/06/2022 15:10:30:842, robot_pos, 1654697306653, 659.31, 78.76, 519.94, 2.87, 0.65, -1.96, circuit_pos, 659.55, 48.96, 519.73, 2.75, 0.63, -2.14, tool_force, -4.39, -2.81, 3.15, actual_rep, 1, curr_step, 77, track_size, 143, robot_vel, 37.4, joints_pos, 25.65, 48.71, -20.58, -49.97, -55.48, 98.74, 49.3, tool_torque, 3.763, -2.505, -0.017, joint_torque, 0.44, -11.12, -6.46, 7.17, -6.8, 1.23, -0.05, robot_mode, normal, 
08/06/2022 15:10:31:000, robot_pos, 1654697306803, 659.38, 72.9, 520.64, 2.85, 0.65, -2.0, circuit_pos, 657.05, 39.37, 519.16, 2.72, 0.61, -2.17, tool_force, -4.59, -2.86, 2.37, actual_rep, 1, curr_step, 74, track_size, 143, robot_vel, 38.65, joints_pos, 25.11, 48.29, -20.58, -50.11, -54.12, 98.17, 49.35, tool_torque, 3.738, -2.559, -0.016, joint_torque, 0.28, -11.29, -6.48, 7.32, -6.82, 1.13, -0.05, robot_mode, normal, 
08/06/2022 15:10:31:149, robot_pos, 1654697306951, 658.98, 67.16, 521.17, 2.83, 0.64, -2.02, circuit_pos, 654.62, 31.97, 518.58, 2.7, 0.6, -2.19, tool_force, -4.36, -2.42, 1.99, actual_rep, 1, curr_step, 72, track_size, 143, robot_vel, 36.2, joints_pos, 24.64, 47.89, -20.58, -50.36, -53.01, 97.73, 49.36, tool_torque, 3.677, -2.484, -0.015, joint_torque, 0.0, -10.95, -6.42, 7.14, -6.7, 1.13, -0.04, robot_mode, normal, 
08/06/2022 15:10:31:330, robot_pos, 1654697307108, 658.17, 60.98, 521.33, 2.8, 0.64, -2.05, circuit_pos, 650.4, 22.62, 516.56, 2.66, 0.58, -2.21, tool_force, -4.01, -2.35, 1.6, actual_rep, 1, curr_step, 69, track_size, 143, robot_vel, 39.33, joints_pos, 24.14, 47.48, -20.58, -50.69, -51.92, 97.39, 49.39, tool_torque, 3.544, -2.47, -0.027, joint_torque, 0.04, -11.59, -6.47, 7.5, -6.75, 1.14, -0.04, robot_mode, normal, 
08/06/2022 15:10:31:449, robot_pos, 1654697307250, 657.18, 55.41, 521.29, 2.78, 0.63, -2.07, circuit_pos, 647.54, 16.19, 515.65, 2.65, 0.57, -2.23, tool_force, -4.35, -1.66, 1.22, actual_rep, 1, curr_step, 67, track_size, 143, robot_vel, 41.56, joints_pos, 23.68, 47.11, -20.59, -51.01, -50.95, 97.17, 49.4, tool_torque, 3.619, -2.399, -0.015, joint_torque, -0.1, -11.03, -6.3, 7.31, -6.62, 1.08, -0.03, robot_mode, normal, 
08/06/2022 15:10:31:601, robot_pos, 1654697307399, 655.89, 49.7, 521.12, 2.76, 0.62, -2.09, circuit_pos, 643.74, 5.2, 516.45, 2.63, 0.56, -2.26, tool_force, -3.58, -2.65, 0.86, actual_rep, 1, curr_step, 64, track_size, 143, robot_vel, 39.76, joints_pos, 23.23, 46.67, -20.59, -51.48, -49.97, 96.82, 49.39, tool_torque, 3.582, -2.48, 0.083, joint_torque, 0.25, -11.22, -6.18, 7.39, -6.62, 1.15, 0.06, robot_mode, normal, 
08/06/2022 15:10:31:750, robot_pos, 1654697307547, 654.34, 43.92, 521.06, 2.75, 0.62, -2.12, circuit_pos, 641.24, -2.44, 516.4, 2.61, 0.55, -2.29, tool_force, -3.11, -2.14, -0.6, actual_rep, 1, curr_step, 62, track_size, 143, robot_vel, 38.58, joints_pos, 22.81, 46.17, -20.59, -52.05, -49.07, 96.4, 49.39, tool_torque, 3.602, -2.431, 0.083, joint_torque, 0.28, -11.16, -6.12, 7.39, -6.57, 1.22, 0.05, robot_mode, normal, 
08/06/2022 15:10:31:913, robot_pos, 1654697307697, 652.75, 38.08, 520.91, 2.73, 0.61, -2.14, circuit_pos, 638.07, -14.31, 512.76, 2.59, 0.52, -2.35, tool_force, -3.24, -2.06, 0.31, actual_rep, 1, curr_step, 59, track_size, 143, robot_vel, 41.22, joints_pos, 22.36, 45.63, -20.59, -52.65, -48.09, 95.9, 49.39, tool_torque, 3.508, -2.374, 0.078, joint_torque, 0.07, -11.29, -6.09, 7.6, -6.43, 1.12, 0.07, robot_mode, normal, 
08/06/2022 15:10:32:052, robot_pos, 1654697307845, 651.21, 32.2, 520.32, 2.71, 0.6, -2.16, circuit_pos, 634.54, -25.87, 507.78, 2.56, 0.5, -2.4, tool_force, -2.68, -1.55, -0.82, actual_rep, 1, curr_step, 56, track_size, 143, robot_vel, 42.99, joints_pos, 21.94, 45.13, -20.58, -53.29, -47.13, 95.29, 49.39, tool_torque, 3.533, -2.325, 0.118, joint_torque, 0.4, -11.13, -5.88, 7.41, -6.34, 1.27, 0.09, robot_mode, normal, 
08/06/2022 15:10:32:210, robot_pos, 1654697307997, 649.58, 26.36, 519.47, 2.7, 0.59, -2.19, circuit_pos, 631.5, -36.59, 501.27, 2.54, 0.48, -2.44, tool_force, -3.09, -1.91, -0.5, actual_rep, 1, curr_step, 53, track_size, 143, robot_vel, 40.06, joints_pos, 21.49, 44.6, -20.58, -53.97, -46.08, 94.65, 49.39, tool_torque, 3.422, -2.311, 0.093, joint_torque, 0.04, -11.36, -5.98, 7.59, -6.3, 1.18, 0.06, robot_mode, normal, 
08/06/2022 15:10:32:358, robot_pos, 1654697308143, 648.01, 20.68, 518.13, 2.68, 0.58, -2.21, circuit_pos, 630.21, -43.74, 496.39, 2.53, 0.47, -2.47, tool_force, -2.63, -1.07, -1.4, actual_rep, 1, curr_step, 51, track_size, 143, robot_vel, 41.9, joints_pos, 21.05, 44.1, -20.58, -54.66, -45.0, 93.95, 49.39, tool_torque, 3.405, -2.281, 0.084, joint_torque, 0.06, -11.48, -5.94, 7.76, -6.31, 1.2, 0.06, robot_mode, normal, 
08/06/2022 15:10:32:512, robot_pos, 1654697308293, 646.59, 14.82, 516.58, 2.67, 0.57, -2.23, circuit_pos, 628.96, -56.8, 492.42, 2.52, 0.45, -2.51, tool_force, -2.43, -1.15, -1.68, actual_rep, 1, curr_step, 48, track_size, 143, robot_vel, 40.88, joints_pos, 20.58, 43.61, -20.58, -55.36, -43.95, 93.17, 49.39, tool_torque, 3.424, -2.28, 0.139, joint_torque, 0.59, -11.29, -5.64, 7.66, -6.18, 1.25, 0.11, robot_mode, normal, 
08/06/2022 15:10:32:661, robot_pos, 1654697308439, 645.2, 9.01, 514.98, 2.65, 0.57, -2.26, circuit_pos, 627.97, -66.32, 489.84, 2.51, 0.44, -2.55, tool_force, -2.15, -1.0, -1.46, actual_rep, 1, curr_step, 46, track_size, 143, robot_vel, 40.04, joints_pos, 20.11, 43.13, -20.58, -56.09, -42.93, 92.32, 49.35, tool_torque, 3.388, -2.155, 0.184, joint_torque, 0.12, -11.1, -5.67, 7.83, -6.08, 1.15, 0.16, robot_mode, normal, 
08/06/2022 15:10:32:808, robot_pos, 1654697308589, 643.93, 3.24, 513.37, 2.64, 0.56, -2.28, circuit_pos, 627.97, -66.32, 489.84, 2.51, 0.44, -2.55, tool_force, -2.35, -0.88, -2.31, actual_rep, 1, curr_step, 46, track_size, 143, robot_vel, 41.58, joints_pos, 19.64, 42.68, -20.58, -56.74, -41.94, 91.49, 49.27, tool_torque, 3.309, -2.196, 0.244, joint_torque, -0.04, -11.15, -5.72, 7.72, -5.99, 1.18, 0.22, robot_mode, normal, 
08/06/2022 15:10:32:959, robot_pos, 1654697308738, 642.62, -2.68, 511.76, 2.63, 0.55, -2.3, circuit_pos, 627.97, -66.32, 489.84, 2.51, 0.44, -2.55, tool_force, -1.87, -0.41, -2.56, actual_rep, 1, curr_step, 46, track_size, 143, robot_vel, 37.69, joints_pos, 19.14, 42.23, -20.58, -57.41, -40.92, 90.62, 49.14, tool_torque, 3.29, -2.151, 0.287, joint_torque, 0.14, -11.07, -5.52, 7.96, -5.92, 1.05, 0.26, robot_mode, normal, 
08/06/2022 15:10:33:110, robot_pos, 1654697308888, 641.36, -8.36, 510.18, 2.61, 0.54, -2.33, circuit_pos, 627.97, -66.32, 489.84, 2.51, 0.44, -2.55, tool_force, -1.56, -0.6, -2.74, actual_rep, 1, curr_step, 46, track_size, 143, robot_vel, 39.16, joints_pos, 18.65, 41.81, -20.57, -58.03, -39.94, 89.79, 48.99, tool_torque, 3.238, -2.165, 0.303, joint_torque, 0.25, -11.01, -5.41, 7.92, -5.78, 1.03, 0.27, robot_mode, normal, 
08/06/2022 15:10:33:263, robot_pos, 1654697309037, 640.1, -14.24, 508.62, 2.6, 0.53, -2.35, circuit_pos, 627.97, -66.32, 489.84, 2.51, 0.44, -2.55, tool_force, -1.36, 0.17, -2.98, actual_rep, 1, curr_step, 46, track_size, 143, robot_vel, 55.05, joints_pos, 18.12, 41.39, -20.57, -58.63, -38.9, 88.95, 48.76, tool_torque, 3.171, -2.131, 0.318, joint_torque, 0.07, -11.29, -5.45, 8.08, -5.74, 0.97, 0.29, robot_mode, normal, 
08/06/2022 15:10:33:414, robot_pos, 1654697309186, 638.79, -19.92, 507.05, 2.59, 0.52, -2.37, circuit_pos, 627.97, -66.32, 489.84, 2.51, 0.44, -2.55, tool_force, -1.14, 0.35, -3.33, actual_rep, 1, curr_step, 46, track_size, 143, robot_vel, 41.01, joints_pos, 17.6, 40.99, -20.57, -59.24, -37.88, 88.1, 48.53, tool_torque, 3.069, -2.118, 0.315, joint_torque, 0.25, -11.64, -5.32, 8.37, -5.68, 0.94, 0.29, robot_mode, normal, 
08/06/2022 15:10:33:567, robot_pos, 1654697309334, 637.57, -25.76, 505.46, 2.58, 0.51, -2.39, circuit_pos, 627.97, -66.32, 489.84, 2.51, 0.44, -2.55, tool_force, -1.55, 1.23, -3.51, actual_rep, 1, curr_step, 46, track_size, 143, robot_vel, 50.59, joints_pos, 17.06, 40.61, -20.57, -59.77, -36.88, 87.31, 48.25, tool_torque, 3.122, -1.993, 0.328, joint_torque, -0.09, -11.38, -5.38, 8.27, -5.57, 0.95, 0.3, robot_mode, normal, 
08/06/2022 15:10:33:716, robot_pos, 1654697309482, 636.31, -31.46, 503.89, 2.57, 0.5, -2.42, circuit_pos, 627.97, -66.32, 489.84, 2.51, 0.44, -2.55, tool_force, -0.77, 1.24, -3.96, actual_rep, 1, curr_step, 46, track_size, 143, robot_vel, 41.65, joints_pos, 16.51, 40.24, -20.56, -60.33, -35.82, 86.47, 47.93, tool_torque, 3.003, -2.026, 0.335, joint_torque, 0.19, -11.6, -5.21, 8.4, -5.45, 0.86, 0.31, robot_mode, normal, 
08/06/2022 15:10:33:862, robot_pos, 1654697309630, 635.02, -37.3, 502.31, 2.56, 0.49, -2.44, circuit_pos, 627.97, -66.32, 489.84, 2.51, 0.44, -2.55, tool_force, -0.49, 1.19, -4.6, actual_rep, 1, curr_step, 46, track_size, 143, robot_vel, 48.93, joints_pos, 15.94, 39.87, -20.56, -60.85, -34.81, 85.69, 47.57, tool_torque, 2.993, -1.95, 0.35, joint_torque, 0.08, -11.37, -5.25, 8.42, -5.38, 0.79, 0.32, robot_mode, normal, 
08/06/2022 15:10:34:018, robot_pos, 1654697309780, 633.77, -43.1, 500.73, 2.55, 0.48, -2.46, circuit_pos, 627.97, -66.32, 489.84, 2.51, 0.44, -2.55, tool_force, -0.38, 1.84, -4.7, actual_rep, 1, curr_step, 46, track_size, 143, robot_vel, 40.74, joints_pos, 15.35, 39.53, -20.56, -61.36, -33.72, 84.88, 47.16, tool_torque, 2.964, -1.92, 0.338, joint_torque, 0.4, -11.36, -4.89, 8.63, -5.26, 0.67, 0.31, robot_mode, normal, 
08/06/2022 15:10:34:163, robot_pos, 1654697309929, 632.53, -48.96, 499.15, 2.54, 0.47, -2.48, circuit_pos, 627.97, -66.32, 489.84, 2.51, 0.44, -2.55, tool_force, -0.48, 0.84, -5.37, actual_rep, 1, curr_step, 46, track_size, 143, robot_vel, 50.37, joints_pos, 14.77, 39.2, -20.56, -61.83, -32.68, 84.12, 46.72, tool_torque, 2.841, -1.882, 0.353, joint_torque, 0.18, -11.57, -4.92, 8.6, -5.09, 0.63, 0.32, robot_mode, normal, 
08/06/2022 15:10:34:325, robot_pos, 1654697310080, 631.19, -54.83, 497.54, 2.53, 0.46, -2.5, circuit_pos, 627.97, -66.32, 489.84, 2.51, 0.44, -2.55, tool_force, -0.08, 1.7, -5.11, actual_rep, 1, curr_step, 46, track_size, 143, robot_vel, 41.44, joints_pos, 14.16, 38.88, -20.56, -62.31, -31.6, 83.34, 46.26, tool_torque, 2.816, -1.844, 0.36, joint_torque, 0.07, -11.7, -4.92, 8.72, -5.02, 0.56, 0.33, robot_mode, normal, 
08/06/2022 15:10:34:470, robot_pos, 1654697310228, 629.95, -60.62, 496.0, 2.52, 0.45, -2.52, circuit_pos, 627.97, -66.32, 489.84, 2.51, 0.44, -2.55, tool_force, -0.38, 1.93, -5.78, actual_rep, 1, curr_step, 46, track_size, 143, robot_vel, 41.15, joints_pos, 13.54, 38.58, -20.55, -62.75, -30.51, 82.59, 45.73, tool_torque, 2.7, -1.772, 0.353, joint_torque, -0.13, -11.68, -4.91, 8.66, -4.85, 0.55, 0.33, robot_mode, normal, 
08/06/2022 15:10:34:621, robot_pos, 1654697310377, 628.74, -66.27, 494.47, 2.51, 0.45, -2.54, circuit_pos, 627.39, -70.85, 487.74, 2.51, 0.44, -2.56, tool_force, -0.29, 3.16, -5.95, actual_rep, 1, curr_step, 45, track_size, 143, robot_vel, 39.0, joints_pos, 12.97, 38.33, -20.55, -63.16, -29.65, 81.91, 45.28, tool_torque, 2.675, -1.74, 0.377, joint_torque, 0.21, -11.84, -4.63, 9.06, -4.73, 0.36, 0.35, robot_mode, normal, 
08/06/2022 15:10:34:770, robot_pos, 1654697310526, 628.22, -70.07, 492.33, 2.51, 0.45, -2.55, circuit_pos, 626.7, -75.57, 484.88, 2.5, 0.42, -2.58, tool_force, 0.62, 3.12, -6.66, actual_rep, 1, curr_step, 44, track_size, 143, robot_vel, 32.68, joints_pos, 12.66, 38.16, -20.56, -63.68, -29.41, 81.01, 45.17, tool_torque, 2.782, -1.79, 0.383, joint_torque, 1.05, -11.34, -4.17, 8.85, -4.63, 0.43, 0.34, robot_mode, normal, 
08/06/2022 15:10:34:921, robot_pos, 1654697310676, 627.43, -72.62, 490.73, 2.51, 0.44, -2.56, circuit_pos, 626.7, -75.57, 484.88, 2.5, 0.42, -2.58, tool_force, 1.36, 3.22, -7.01, actual_rep, 1, curr_step, 44, track_size, 143, robot_vel, 23.73, joints_pos, 12.32, 38.05, -20.47, -63.92, -28.75, 80.72, 44.85, tool_torque, 2.75, -1.845, 0.412, joint_torque, 0.85, -11.45, -4.42, 8.8, -4.6, 0.42, 0.34, robot_mode, normal, 
08/06/2022 15:10:35:075, robot_pos, 1654697310825, 627.23, -76.13, 489.24, 2.5, 0.43, -2.57, circuit_pos, 626.15, -80.01, 481.82, 2.5, 0.41, -2.6, tool_force, 0.03, 2.86, -6.09, actual_rep, 1, curr_step, 43, track_size, 143, robot_vel, 27.58, joints_pos, 11.86, 38.06, -20.48, -63.93, -27.82, 80.49, 44.2, tool_torque, 2.393, -1.765, 0.398, joint_torque, 0.1, -11.73, -4.5, 8.92, -4.45, 0.22, 0.37, robot_mode, normal, 
08/06/2022 15:10:35:222, robot_pos, 1654697310973, 627.01, -78.72, 486.94, 2.5, 0.42, -2.59, circuit_pos, 626.15, -80.01, 481.82, 2.5, 0.41, -2.6, tool_force, -0.15, 3.07, -6.42, actual_rep, 1, curr_step, 43, track_size, 143, robot_vel, 22.76, joints_pos, 11.54, 37.97, -20.5, -64.21, -26.93, 79.83, 43.66, tool_torque, 2.724, -1.751, 0.382, joint_torque, -0.03, -11.56, -4.75, 8.95, -4.63, 0.26, 0.34, robot_mode, normal, 
08/06/2022 15:10:35:421, robot_pos, 1654697311166, 626.4, -81.62, 484.58, 2.5, 0.41, -2.6, circuit_pos, 625.57, -84.03, 478.79, 2.49, 0.4, -2.62, tool_force, 1.06, 4.61, -6.83, actual_rep, 1, curr_step, 42, track_size, 143, robot_vel, 17.13, joints_pos, 11.22, 37.88, -20.5, -64.6, -26.3, 79.22, 43.46, tool_torque, 2.549, -1.607, 0.237, joint_torque, 0.74, -11.37, -4.15, 8.85, -4.31, 0.25, 0.2, robot_mode, normal, 
08/06/2022 15:10:35:568, robot_pos, 1654697311314, 626.09, -84.66, 483.12, 2.49, 0.4, -2.61, circuit_pos, 624.75, -88.59, 475.5, 2.49, 0.39, -2.64, tool_force, 0.53, 3.23, -6.99, actual_rep, 1, curr_step, 41, track_size, 143, robot_vel, 21.65, joints_pos, 10.86, 37.84, -20.52, -64.72, -25.57, 78.86, 43.05, tool_torque, 2.27, -1.619, 0.371, joint_torque, 0.12, -12.08, -4.35, 9.13, -4.18, 0.09, 0.35, robot_mode, normal, 
08/06/2022 15:10:35:723, robot_pos, 1654697311466, 625.66, -86.81, 480.84, 2.49, 0.4, -2.63, circuit_pos, 624.75, -88.59, 475.5, 2.49, 0.39, -2.64, tool_force, 0.87, 4.48, -7.56, actual_rep, 1, curr_step, 41, track_size, 143, robot_vel, 26.8, joints_pos, 10.57, 37.72, -20.49, -65.07, -24.8, 78.21, 42.61, tool_torque, 2.574, -1.755, 0.375, joint_torque, 0.4, -12.24, -4.56, 9.3, -4.43, 0.19, 0.32, robot_mode, normal, 
08/06/2022 15:10:35:867, robot_pos, 1654697311615, 624.92, -89.77, 479.26, 2.49, 0.39, -2.63, circuit_pos, 622.9, -96.75, 470.76, 2.48, 0.37, -2.67, tool_force, 0.83, 3.11, -6.6, actual_rep, 1, curr_step, 39, track_size, 143, robot_vel, 30.11, joints_pos, 10.3, 37.64, -20.52, -65.37, -24.44, 77.79, 42.28, tool_torque, 2.325, -1.5, 0.24, joint_torque, -0.17, -11.75, -4.45, 8.97, -4.16, 0.06, 0.2, robot_mode, normal, 
08/06/2022 15:10:36:019, robot_pos, 1654697311763, 623.96, -94.75, 476.08, 2.48, 0.38, -2.65, circuit_pos, 620.98, -108.42, 463.87, 2.46, 0.34, -2.71, tool_force, 1.36, 4.3, -7.7, actual_rep, 1, curr_step, 36, track_size, 143, robot_vel, 36.9, joints_pos, 9.69, 37.59, -20.57, -65.69, -23.11, 77.2, 41.63, tool_torque, 2.425, -1.432, 0.315, joint_torque, 0.17, -11.72, -4.15, 9.0, -4.11, 0.13, 0.31, robot_mode, normal, 
08/06/2022 15:10:36:169, robot_pos, 1654697311913, 623.1, -100.56, 472.72, 2.47, 0.36, -2.67, circuit_pos, 620.7, -114.9, 457.62, 2.46, 0.32, -2.74, tool_force, 1.59, 5.02, -7.48, actual_rep, 1, curr_step, 34, track_size, 143, robot_vel, 45.66, joints_pos, 8.86, 37.55, -20.45, -65.94, -21.59, 76.6, 40.68, tool_torque, 2.415, -1.556, 0.398, joint_torque, 0.87, -11.63, -3.89, 9.08, -3.79, -0.03, 0.32, robot_mode, normal, 
08/06/2022 15:10:36:324, robot_pos, 1654697312062, 622.45, -106.44, 467.6, 2.47, 0.34, -2.7, circuit_pos, 620.63, -120.19, 449.21, 2.45, 0.3, -2.77, tool_force, 2.16, 3.47, -8.39, actual_rep, 1, curr_step, 32, track_size, 143, robot_vel, 47.94, joints_pos, 8.03, 37.59, -20.41, -66.32, -19.73, 75.72, 39.65, tool_torque, 2.125, -1.374, 0.383, joint_torque, -0.27, -12.32, -4.34, 9.05, -3.55, 0.0, 0.32, robot_mode, normal, 
08/06/2022 15:10:36:496, robot_pos, 1654697312213, 622.0, -111.99, 461.84, 2.46, 0.33, -2.73, circuit_pos, 620.63, -120.19, 449.21, 2.45, 0.3, -2.77, tool_force, 2.51, 4.67, -8.43, actual_rep, 1, curr_step, 32, track_size, 143, robot_vel, 50.53, joints_pos, 7.21, 37.7, -20.38, -66.69, -17.75, 74.83, 38.55, tool_torque, 2.131, -1.36, 0.378, joint_torque, 0.52, -12.43, -3.98, 9.15, -3.38, -0.07, 0.3, robot_mode, normal, 
08/06/2022 15:10:36:619, robot_pos, 1654697312364, 621.47, -117.76, 456.12, 2.45, 0.31, -2.76, circuit_pos, 620.63, -120.19, 449.21, 2.45, 0.3, -2.77, tool_force, 2.58, 5.02, -9.0, actual_rep, 1, curr_step, 32, track_size, 143, robot_vel, 55.46, joints_pos, 6.39, 37.83, -20.39, -67.04, -15.88, 73.98, 37.42, tool_torque, 2.099, -1.332, 0.366, joint_torque, -0.21, -12.71, -4.42, 9.31, -3.42, -0.19, 0.3, robot_mode, normal, 
08/06/2022 15:10:36:775, robot_pos, 1654697312513, 621.37, -120.76, 453.26, 2.45, 0.3, -2.76, circuit_pos, 620.28, -122.66, 444.57, 2.44, 0.29, -2.79, tool_force, 2.26, 6.38, -8.32, actual_rep, 1, curr_step, 31, track_size, 143, robot_vel, 9.91, joints_pos, 6.07, 37.95, -20.37, -67.21, -15.51, 73.58, 37.13, tool_torque, 1.939, -1.091, 0.219, joint_torque, 0.58, -12.1, -3.67, 9.03, -2.98, -0.18, 0.12, robot_mode, normal, 
08/06/2022 15:10:36:926, robot_pos, 1654697312664, 620.9, -121.93, 449.92, 2.44, 0.3, -2.78, circuit_pos, 620.28, -122.66, 444.57, 2.44, 0.29, -2.79, tool_force, 2.78, 5.97, -9.16, actual_rep, 1, curr_step, 31, track_size, 143, robot_vel, 19.54, joints_pos, 5.85, 37.99, -20.43, -67.52, -14.48, 73.1, 36.89, tool_torque, 1.922, -1.224, 0.265, joint_torque, 0.26, -12.83, -3.87, 9.47, -3.15, -0.31, 0.23, robot_mode, normal, 
08/06/2022 15:10:37:116, robot_pos, 1654697312813, 620.68, -123.19, 447.94, 2.44, 0.29, -2.78, circuit_pos, 619.74, -125.04, 439.88, 2.43, 0.27, -2.81, tool_force, 2.42, 6.96, -8.45, actual_rep, 1, curr_step, 30, track_size, 143, robot_vel, 15.81, joints_pos, 5.72, 38.08, -20.46, -67.64, -14.18, 72.94, 36.81, tool_torque, 1.807, -1.028, 0.121, joint_torque, 0.52, -12.02, -3.46, 9.13, -2.9, -0.28, 0.06, robot_mode, normal, 
08/06/2022 15:10:37:226, robot_pos, 1654697312961, 620.35, -124.04, 445.6, 2.43, 0.28, -2.8, circuit_pos, 619.74, -125.04, 439.88, 2.43, 0.27, -2.81, tool_force, 4.18, 6.15, -9.9, actual_rep, 1, curr_step, 30, track_size, 143, robot_vel, 14.97, joints_pos, 5.43, 38.15, -20.45, -67.7, -12.95, 72.88, 36.34, tool_torque, 1.834, -1.268, 0.29, joint_torque, 0.13, -12.97, -3.96, 9.25, -3.02, -0.26, 0.24, robot_mode, normal, 
08/06/2022 15:10:37:419, robot_pos, 1654697313111, 620.28, -125.59, 443.25, 2.43, 0.27, -2.81, circuit_pos, 619.16, -127.3, 435.32, 2.42, 0.26, -2.83, tool_force, 3.18, 6.43, -9.29, actual_rep, 1, curr_step, 29, track_size, 143, robot_vel, 18.58, joints_pos, 5.19, 38.29, -20.44, -67.77, -12.45, 72.73, 36.11, tool_torque, 1.641, -0.951, 0.14, joint_torque, 0.39, -12.55, -3.52, 9.09, -2.65, -0.2, 0.07, robot_mode, normal, 
08/06/2022 15:10:37:532, robot_pos, 1654697313262, 620.0, -126.66, 440.56, 2.42, 0.26, -2.82, circuit_pos, 619.16, -127.3, 435.32, 2.42, 0.26, -2.83, tool_force, 3.3, 6.06, -9.76, actual_rep, 1, curr_step, 29, track_size, 143, robot_vel, 23.88, joints_pos, 4.93, 38.35, -20.45, -67.95, -11.34, 72.43, 35.86, tool_torque, 1.748, -1.037, 0.248, joint_torque, -0.47, -12.88, -4.17, 9.27, -2.89, -0.29, 0.21, robot_mode, normal, 
08/06/2022 15:10:37:678, robot_pos, 1654697313412, 619.49, -127.94, 437.95, 2.42, 0.26, -2.82, circuit_pos, 618.12, -133.17, 423.36, 2.41, 0.22, -2.87, tool_force, 4.67, 7.16, -9.77, actual_rep, 1, curr_step, 26, track_size, 143, robot_vel, 20.09, joints_pos, 4.77, 38.45, -20.44, -68.15, -11.06, 72.24, 35.68, tool_torque, 1.479, -1.009, 0.216, joint_torque, 0.69, -12.45, -3.24, 8.94, -2.43, -0.32, 0.16, robot_mode, normal, 
08/06/2022 15:10:37:830, robot_pos, 1654697313559, 618.98, -130.39, 432.47, 2.41, 0.24, -2.85, circuit_pos, 617.52, -136.77, 415.79, 2.4, 0.19, -2.9, tool_force, 4.69, 7.89, -10.08, actual_rep, 1, curr_step, 24, track_size, 143, robot_vel, 43.6, joints_pos, 4.2, 38.66, -20.42, -68.41, -9.06, 71.85, 34.6, tool_torque, 1.618, -0.854, 0.293, joint_torque, 0.92, -12.55, -3.08, 9.11, -2.28, -0.24, 0.23, robot_mode, normal, 
08/06/2022 15:10:37:982, robot_pos, 1654697313710, 618.54, -133.59, 426.86, 2.41, 0.21, -2.87, circuit_pos, 615.82, -140.88, 406.9, 2.4, 0.16, -2.93, tool_force, 4.08, 7.35, -9.69, actual_rep, 1, curr_step, 22, track_size, 143, robot_vel, 49.83, joints_pos, 3.48, 38.95, -20.31, -68.53, -7.03, 71.66, 33.43, tool_torque, 1.434, -0.669, 0.287, joint_torque, -0.01, -12.64, -3.57, 9.02, -2.09, -0.3, 0.21, robot_mode, normal, 
08/06/2022 15:10:38:131, robot_pos, 1654697313859, 617.82, -135.97, 421.11, 2.4, 0.19, -2.9, circuit_pos, 615.82, -140.88, 406.9, 2.4, 0.16, -2.93, tool_force, 5.53, 8.21, -10.39, actual_rep, 1, curr_step, 22, track_size, 143, robot_vel, 50.03, joints_pos, 2.92, 39.19, -20.28, -68.83, -5.21, 71.31, 32.39, tool_torque, 1.443, -0.699, 0.31, joint_torque, 0.13, -12.69, -3.47, 8.95, -2.04, -0.25, 0.23, robot_mode, normal, 
08/06/2022 15:10:38:284, robot_pos, 1654697314010, 617.03, -138.71, 415.24, 2.4, 0.17, -2.92, circuit_pos, 615.82, -140.88, 406.9, 2.4, 0.16, -2.93, tool_force, 5.39, 8.75, -10.26, actual_rep, 1, curr_step, 22, track_size, 143, robot_vel, 43.96, joints_pos, 2.36, 39.46, -20.27, -69.1, -3.39, 71.03, 31.25, tool_torque, 1.364, -0.672, 0.284, joint_torque, 0.37, -13.02, -3.24, 9.04, -1.8, -0.27, 0.2, robot_mode, normal, 
08/06/2022 15:10:38:470, robot_pos, 1654697314161, 616.46, -141.43, 410.96, 2.4, 0.16, -2.93, circuit_pos, 614.75, -143.33, 402.14, 2.4, 0.15, -2.94, tool_force, 4.08, 8.66, -10.04, actual_rep, 1, curr_step, 21, track_size, 143, robot_vel, 49.3, joints_pos, 2.02, 39.72, -20.34, -69.27, -2.56, 70.8, 30.63, tool_torque, 1.194, -0.425, 0.236, joint_torque, -0.24, -12.61, -3.25, 9.05, -1.69, -0.33, 0.2, robot_mode, normal, 
08/06/2022 15:10:38:584, robot_pos, 1654697314310, 615.55, -142.39, 407.55, 2.4, 0.15, -2.93, circuit_pos, 614.75, -143.33, 402.14, 2.4, 0.15, -2.94, tool_force, 4.92, 10.09, -9.5, actual_rep, 1, curr_step, 21, track_size, 143, robot_vel, 21.83, joints_pos, 1.85, 39.79, -20.35, -69.65, -1.88, 70.42, 30.19, tool_torque, 1.461, -0.434, 0.248, joint_torque, 0.37, -12.03, -3.01, 8.84, -1.75, -0.31, 0.19, robot_mode, normal, 
08/06/2022 15:10:38:732, robot_pos, 1654697314460, 614.94, -144.18, 404.44, 2.4, 0.15, -2.94, circuit_pos, 613.81, -145.58, 397.5, 2.39, 0.14, -2.95, tool_force, 7.34, 8.93, -11.19, actual_rep, 1, curr_step, 20, track_size, 143, robot_vel, 23.32, joints_pos, 1.63, 39.95, -20.38, -69.82, -1.39, 70.24, 29.99, tool_torque, 1.071, -0.556, 0.082, joint_torque, 1.32, -13.21, -2.4, 8.94, -1.38, -0.21, -0.01, robot_mode, normal, 
08/06/2022 15:10:38:882, robot_pos, 1654697314610, 614.38, -146.06, 401.39, 2.39, 0.14, -2.95, circuit_pos, 612.68, -148.32, 392.56, 2.39, 0.13, -2.97, tool_force, 4.68, 8.64, -10.43, actual_rep, 1, curr_step, 19, track_size, 143, robot_vel, 27.49, joints_pos, 1.37, 40.11, -20.44, -69.98, -0.65, 70.04, 29.73, tool_torque, 0.99, -0.365, 0.188, joint_torque, -0.47, -12.7, -3.22, 8.77, -1.52, -0.28, 0.18, robot_mode, normal, 
08/06/2022 15:10:39:033, robot_pos, 1654697314758, 613.7, -147.0, 398.47, 2.39, 0.13, -2.96, circuit_pos, 612.68, -148.32, 392.56, 2.39, 0.13, -2.97, tool_force, 6.89, 9.83, -10.83, actual_rep, 1, curr_step, 19, track_size, 143, robot_vel, 21.29, joints_pos, 1.15, 40.15, -20.42, -70.31, 0.22, 69.63, 29.19, tool_torque, 1.273, -0.566, 0.256, joint_torque, 0.56, -12.92, -2.92, 8.9, -1.54, -0.29, 0.19, robot_mode, normal, 
08/06/2022 15:10:39:190, robot_pos, 1654697314912, 612.91, -149.1, 395.3, 2.39, 0.13, -2.97, circuit_pos, 611.62, -150.79, 387.66, 2.39, 0.12, -2.98, tool_force, 6.39, 9.88, -10.4, actual_rep, 1, curr_step, 18, track_size, 143, robot_vel, 27.22, joints_pos, 0.86, 40.24, -20.39, -70.6, 0.76, 69.21, 28.69, tool_torque, 1.003, -0.336, 0.249, joint_torque, 0.65, -12.7, -2.59, 8.78, -1.17, -0.26, 0.19, robot_mode, normal, 
08/06/2022 15:10:39:344, robot_pos, 1654697315062, 612.22, -150.92, 392.06, 2.39, 0.12, -2.98, circuit_pos, 610.7, -153.31, 382.76, 2.4, 0.11, -3.0, tool_force, 6.31, 9.23, -10.88, actual_rep, 1, curr_step, 17, track_size, 143, robot_vel, 28.03, joints_pos, 0.56, 40.39, -20.41, -70.82, 1.64, 68.95, 28.02, tool_torque, 1.015, -0.349, 0.221, joint_torque, -0.22, -13.01, -3.14, 8.85, -1.35, -0.32, 0.19, robot_mode, normal, 
08/06/2022 15:10:39:493, robot_pos, 1654697315211, 611.89, -151.65, 389.29, 2.4, 0.12, -2.98, circuit_pos, 610.7, -153.31, 382.76, 2.4, 0.11, -3.0, tool_force, 7.75, 10.68, -11.06, actual_rep, 1, curr_step, 17, track_size, 143, robot_vel, 20.11, joints_pos, 0.4, 40.45, -20.36, -71.1, 2.16, 68.5, 27.35, tool_torque, 1.149, -0.403, 0.273, joint_torque, 0.82, -12.94, -2.68, 8.72, -1.19, -0.2, 0.19, robot_mode, normal, 
08/06/2022 15:10:39:647, robot_pos, 1654697315365, 611.2, -153.9, 386.62, 2.4, 0.11, -3.0, circuit_pos, 609.87, -155.68, 378.02, 2.4, 0.11, -3.02, tool_force, 6.39, 9.75, -11.03, actual_rep, 1, curr_step, 16, track_size, 143, robot_vel, 22.57, joints_pos, 0.07, 40.51, -20.39, -71.38, 3.12, 68.0, 26.38, tool_torque, 0.811, -0.372, 0.183, joint_torque, 0.09, -13.26, -2.86, 8.83, -1.06, -0.38, 0.13, robot_mode, normal, 
08/06/2022 15:10:39:809, robot_pos, 1654697315522, 610.74, -154.94, 383.32, 2.4, 0.11, -3.01, circuit_pos, 609.87, -155.68, 378.02, 2.4, 0.11, -3.02, tool_force, 6.59, 10.32, -10.96, actual_rep, 1, curr_step, 16, track_size, 143, robot_vel, 23.18, joints_pos, -0.13, 40.51, -20.4, -71.84, 4.03, 67.16, 25.81, tool_torque, 1.104, -0.432, 0.254, joint_torque, 0.29, -12.9, -2.85, 8.81, -1.14, -0.37, 0.18, robot_mode, normal, 
08/06/2022 15:10:39:960, robot_pos, 1654697315672, 609.93, -156.46, 380.43, 2.4, 0.11, -3.02, circuit_pos, 608.07, -159.76, 369.0, 2.4, 0.09, -3.05, tool_force, 8.58, 11.15, -11.66, actual_rep, 1, curr_step, 14, track_size, 143, robot_vel, 18.73, joints_pos, -0.28, 40.58, -20.41, -72.19, 4.35, 66.65, 25.47, tool_torque, 0.83, -0.387, 0.231, joint_torque, 1.37, -13.32, -2.06, 8.7, -0.74, -0.24, 0.16, robot_mode, normal, 
08/06/2022 15:10:40:118, robot_pos, 1654697315824, 609.06, -158.47, 375.9, 2.4, 0.09, -3.04, circuit_pos, 608.07, -159.76, 369.0, 2.4, 0.09, -3.05, tool_force, 7.35, 10.83, -11.18, actual_rep, 1, curr_step, 14, track_size, 143, robot_vel, 34.23, joints_pos, -0.8, 40.78, -20.37, -72.47, 6.16, 66.36, 24.2, tool_torque, 0.83, -0.325, 0.228, joint_torque, -0.62, -13.48, -3.41, 8.7, -1.02, -0.35, 0.18, robot_mode, normal, 
08/06/2022 15:10:40:260, robot_pos, 1654697315974, 608.83, -160.28, 372.3, 2.4, 0.09, -3.05, circuit_pos, 607.17, -161.73, 364.27, 2.4, 0.09, -3.07, tool_force, 6.48, 11.66, -10.93, actual_rep, 1, curr_step, 13, track_size, 143, robot_vel, 42.58, joints_pos, -1.06, 40.97, -20.34, -72.68, 6.7, 65.86, 23.74, tool_torque, 0.78, -0.147, 0.234, joint_torque, 0.41, -12.84, -2.52, 8.56, -0.63, -0.23, 0.15, robot_mode, normal, 
08/06/2022 15:10:40:419, robot_pos, 1654697316125, 607.97, -161.41, 369.15, 2.4, 0.09, -3.07, circuit_pos, 606.45, -163.34, 359.53, 2.4, 0.08, -3.09, tool_force, 6.97, 11.65, -10.9, actual_rep, 1, curr_step, 12, track_size, 143, robot_vel, 22.41, joints_pos, -1.28, 40.95, -20.38, -73.21, 7.86, 65.02, 22.93, tool_torque, 0.869, -0.296, 0.257, joint_torque, 0.35, -13.15, -2.7, 8.62, -0.76, -0.32, 0.19, robot_mode, normal, 
08/06/2022 15:10:40:559, robot_pos, 1654697316273, 607.35, -161.94, 366.56, 2.4, 0.09, -3.07, circuit_pos, 606.45, -163.34, 359.53, 2.4, 0.08, -3.09, tool_force, 7.8, 12.88, -11.16, actual_rep, 1, curr_step, 12, track_size, 143, robot_vel, 23.18, joints_pos, -1.39, 41.0, -20.34, -73.49, 8.28, 64.64, 22.63, tool_torque, 0.689, -0.355, 0.251, joint_torque, 0.97, -13.15, -2.18, 8.87, -0.46, -0.49, 0.16, robot_mode, normal, 
08/06/2022 15:10:40:714, robot_pos, 1654697316421, 606.92, -163.7, 363.87, 2.4, 0.08, -3.09, circuit_pos, 605.71, -164.8, 355.32, 2.4, 0.08, -3.1, tool_force, 6.67, 11.53, -10.28, actual_rep, 1, curr_step, 11, track_size, 143, robot_vel, 22.89, joints_pos, -1.76, 41.16, -20.36, -73.64, 9.5, 64.43, 21.69, tool_torque, 0.662, -0.152, 0.237, joint_torque, -0.09, -12.66, -2.65, 8.68, -0.5, -0.55, 0.17, robot_mode, normal, 
08/06/2022 15:10:40:897, robot_pos, 1654697316571, 606.41, -164.15, 359.73, 2.4, 0.08, -3.1, circuit_pos, 603.46, -167.34, 343.89, 2.38, 0.06, 3.14, tool_force, 8.23, 12.79, -11.05, actual_rep, 1, curr_step, 8, track_size, 143, robot_vel, 25.02, joints_pos, -1.88, 41.29, -20.34, -74.07, 10.19, 63.74, 21.43, tool_torque, 0.731, -0.3, 0.269, joint_torque, 1.04, -13.4, -2.15, 8.82, -0.34, -0.41, 0.17, robot_mode, normal, 
08/06/2022 15:10:41:015, robot_pos, 1654697316723, 605.17, -165.62, 353.79, 2.39, 0.07, -3.13, circuit_pos, 601.36, -167.67, 331.84, 2.37, 0.04, 3.11, tool_force, 7.82, 13.01, -10.86, actual_rep, 1, curr_step, 5, track_size, 143, robot_vel, 40.72, joints_pos, -2.35, 41.51, -20.29, -74.61, 12.18, 63.07, 20.4, tool_torque, 0.586, -0.23, 0.265, joint_torque, 0.19, -13.28, -2.65, 8.59, -0.33, -0.42, 0.17, robot_mode, normal, 
08/06/2022 15:10:41:164, robot_pos, 1654697316870, 604.22, -166.2, 348.08, 2.38, 0.06, -3.14, circuit_pos, 600.19, -167.61, 326.23, 2.37, 0.04, 3.1, tool_force, 7.98, 13.25, -11.11, actual_rep, 1, curr_step, 3, track_size, 143, robot_vel, 41.35, joints_pos, -2.6, 41.76, -20.26, -75.08, 13.43, 62.49, 19.83, tool_torque, 0.51, -0.148, 0.293, joint_torque, 0.48, -13.52, -2.35, 8.71, -0.07, -0.36, 0.2, robot_mode, normal, 
08/06/2022 15:10:41:319, robot_pos, 1654697317020, 603.08, -166.45, 342.23, 2.38, 0.05, 3.13, circuit_pos, 599.69, -167.03, 324.58, 2.36, 0.03, 3.09, tool_force, 8.49, 13.7, -11.46, actual_rep, 1, curr_step, 0, track_size, 143, robot_vel, 40.23, joints_pos, -2.8, 42.01, -20.25, -75.6, 14.72, 61.93, 19.31, tool_torque, 0.436, -0.186, 0.278, joint_torque, 0.53, -13.58, -2.28, 8.32, -0.02, -0.24, 0.19, robot_mode, normal, 
08/06/2022 15:10:41:466, robot_pos, 1654697317168, 601.86, -166.76, 336.49, 2.37, 0.04, 3.11, circuit_pos, 599.69, -167.03, 324.58, 2.36, 0.03, 3.09, tool_force, 8.63, 14.15, -10.98, actual_rep, 1, curr_step, 0, track_size, 143, robot_vel, 40.22, joints_pos, -3.02, 42.27, -20.25, -76.09, 16.07, 61.43, 18.79, tool_torque, 0.409, -0.099, 0.287, joint_torque, 0.51, -13.16, -2.12, 8.43, 0.15, -0.32, 0.19, robot_mode, normal, 
08/06/2022 15:10:41:620, robot_pos, 1654697317319, 600.68, -167.02, 330.55, 2.36, 0.03, 3.09, circuit_pos, 599.69, -167.03, 324.58, 2.36, 0.03, 3.09, tool_force, 8.72, 14.47, -10.97, actual_rep, 1, curr_step, 0, track_size, 143, robot_vel, 39.97, joints_pos, -3.24, 42.55, -20.26, -76.57, 17.46, 60.94, 18.23, tool_torque, 0.348, -0.116, 0.272, joint_torque, 0.37, -13.38, -2.24, 8.51, 0.2, -0.39, 0.17, robot_mode, normal, 
08/06/2022 15:10:41:772, robot_pos, 1654697317471, 600.22, -167.36, 329.07, 2.36, 0.03, 3.09, circuit_pos, 599.69, -167.03, 324.58, 2.36, 0.03, 3.09, tool_force, 10.54, 12.92, -11.67, actual_rep, 1, curr_step, 0, track_size, 143, robot_vel, 4.71, joints_pos, -3.26, 42.61, -20.35, -76.73, 17.85, 60.77, 18.0, tool_torque, -0.197, -0.077, 0.054, joint_torque, 0.2, -13.96, -1.85, 8.17, 0.32, -0.33, 0.04, robot_mode, normal, 
08/06/2022 15:10:41:918, robot_pos, 1654697317621, 600.02, -167.31, 328.9, 2.36, 0.03, 3.09, circuit_pos, 599.69, -167.03, 324.58, 2.36, 0.03, 3.09, tool_force, 8.52, 13.76, -10.55, actual_rep, 1, curr_step, 0, track_size, 143, robot_vel, 1.91, joints_pos, -3.25, 42.59, -20.35, -76.79, 17.85, 60.71, 18.03, tool_torque, -0.159, 0.051, 0.041, joint_torque, 0.05, -13.25, -1.86, 8.33, 0.33, -0.4, 0.03, robot_mode, normal, 
08/06/2022 15:10:42:072, robot_pos, 1654697317771, 600.03, -167.3, 328.9, 2.36, 0.03, 3.09, circuit_pos, 599.69, -167.03, 324.58, 2.36, 0.03, 3.09, tool_force, 8.7, 13.61, -10.48, actual_rep, 1, curr_step, 0, track_size, 143, robot_vel, 0.23, joints_pos, -3.25, 42.59, -20.35, -76.79, 17.85, 60.71, 18.03, tool_torque, -0.119, 0.0030, 0.066, joint_torque, 0.04, -13.21, -1.92, 8.28, 0.32, -0.42, 0.04, robot_mode, normal, 
08/06/2022 15:10:42:222, robot_pos, 1654697317921, 600.02, -167.3, 328.9, 2.36, 0.03, 3.09, circuit_pos, 599.69, -167.03, 324.58, 2.36, 0.03, 3.09, tool_force, 8.65, 13.53, -10.48, actual_rep, 1, curr_step, 0, track_size, 143, robot_vel, 0.09, joints_pos, -3.25, 42.59, -20.35, -76.79, 17.85, 60.71, 18.02, tool_torque, -0.116, -0.0050, 0.07, joint_torque, 0.01, -13.21, -1.96, 8.28, 0.32, -0.42, 0.04, robot_mode, normal, 
08/06/2022 15:10:42:374, robot_pos, 1654697318070, 600.02, -167.3, 328.9, 2.36, 0.03, 3.09, circuit_pos, 599.67, -167.41, 324.98, 2.36, 0.03, 3.09, tool_force, 8.7, 13.65, -10.45, actual_rep, 2, curr_step, 2, track_size, 143, robot_vel, 0.06, joints_pos, -3.25, 42.59, -20.35, -76.79, 17.84, 60.71, 18.02, tool_torque, -0.101, -0.012, 0.07, joint_torque, 0.09, -13.21, -1.93, 8.28, 0.33, -0.42, 0.04, robot_mode, normal, 
