08/06/2022 15:43:27: File Created!
08/06/2022 15:43:27:352, robot_pos, 1654699281348, 600.86, -167.36, 324.98, 2.36, 0.03, 3.09, circuit_pos, 599.59, -167.21, 324.59, 2.36, 0.03, 3.09, tool_force, -2.25, 2.06, -21.12, actual_rep, 1, curr_step, 1, track_size, 143, robot_vel, 27.87, joints_pos, -6.59, 42.22, -14.84, -76.82, 13.5, 59.56, 20.74, tool_torque, -0.254, -0.09, 0.032, joint_torque, 0.05, -13.35, -1.29, 8.29, 0.33, -0.53, 0.02, robot_mode, normal, 
08/06/2022 15:43:27:449, robot_pos, 1654699281474, 601.03, -167.39, 325.8, 2.36, 0.03, 3.09, circuit_pos, 599.59, -167.21, 324.59, 2.36, 0.03, 3.09, tool_force, -1.42, 2.06, -31.65, actual_rep, 1, curr_step, 1, track_size, 143, robot_vel, 27.87, joints_pos, -6.59, 42.15, -14.84, -76.77, 13.5, 59.57, 20.74, tool_torque, -0.648, -0.637, 0.034, joint_torque, 0.18, -14.48, -1.35, 7.78, 0.38, -0.43, 0.01, robot_mode, normal, 
08/06/2022 15:43:27:566, robot_pos, 1654699281627, 600.28, -167.28, 328.86, 2.36, 0.03, 3.09, circuit_pos, 599.67, -167.41, 324.98, 2.36, 0.03, 3.09, tool_force, -2.97, 2.49, -19.09, actual_rep, 1, curr_step, 2, track_size, 143, robot_vel, 17.45, joints_pos, -6.62, 41.9, -14.84, -76.75, 13.5, 60.06, 20.73, tool_torque, -0.041, -0.17, 0.083, joint_torque, 0.01, -11.97, -1.43, 8.29, 0.25, -0.93, 0.05, robot_mode, normal, 
08/06/2022 15:43:27:751, robot_pos, 1654699281775, 600.47, -167.78, 330.41, 2.37, 0.04, 3.09, circuit_pos, 601.36, -167.67, 331.84, 2.37, 0.04, 3.11, tool_force, -3.19, 1.53, -20.87, actual_rep, 1, curr_step, 5, track_size, 143, robot_vel, 16.92, joints_pos, -6.6, 41.78, -14.84, -76.69, 13.14, 59.99, 20.48, tool_torque, -0.23, -0.111, 0.048, joint_torque, -0.45, -13.33, -1.66, 8.32, 0.25, -0.54, 0.02, robot_mode, normal, 
08/06/2022 15:43:27:866, robot_pos, 1654699281926, 601.26, -167.65, 336.03, 2.37, 0.04, 3.11, circuit_pos, 602.73, -167.48, 339.73, 2.38, 0.05, 3.12, tool_force, -1.76, 0.55, -22.33, actual_rep, 1, curr_step, 7, track_size, 143, robot_vel, 44.18, joints_pos, -6.43, 41.53, -14.84, -76.18, 11.99, 60.78, 21.01, tool_torque, -0.75, -0.354, -0.176, joint_torque, -0.17, -13.97, -1.26, 8.55, 0.39, -0.82, -0.16, robot_mode, normal, 
08/06/2022 15:43:28:057, robot_pos, 1654699282075, 602.39, -168.01, 341.63, 2.38, 0.05, 3.12, circuit_pos, 605.11, -165.8, 351.92, 2.39, 0.07, -3.12, tool_force, -3.63, 0.15, -20.36, actual_rep, 1, curr_step, 10, track_size, 143, robot_vel, 42.39, joints_pos, -6.29, 41.28, -14.84, -75.71, 10.87, 61.28, 21.44, tool_torque, -0.697, 0.064, -0.26, joint_torque, -0.85, -13.24, -1.49, 8.36, 0.23, -0.64, -0.21, robot_mode, normal, 
08/06/2022 15:43:28:169, robot_pos, 1654699282227, 603.38, -166.96, 347.32, 2.38, 0.06, 3.14, circuit_pos, 606.45, -163.34, 359.53, 2.4, 0.08, -3.09, tool_force, -2.3, -0.6, -21.05, actual_rep, 1, curr_step, 12, track_size, 143, robot_vel, 38.76, joints_pos, -5.96, 40.99, -14.84, -75.3, 9.4, 61.79, 22.15, tool_torque, -0.52, -0.239, -0.249, joint_torque, -0.57, -13.92, -1.64, 8.53, 0.01, -0.74, -0.22, robot_mode, normal, 
08/06/2022 15:43:28:328, robot_pos, 1654699282377, 604.48, -165.72, 353.12, 2.39, 0.07, -3.12, circuit_pos, 607.17, -161.73, 364.27, 2.4, 0.09, -3.07, tool_force, -3.58, -0.52, -20.63, actual_rep, 1, curr_step, 13, track_size, 143, robot_vel, 38.04, joints_pos, -5.6, 40.75, -14.84, -74.79, 7.81, 62.52, 23.04, tool_torque, -0.311, -0.2, -0.246, joint_torque, -0.19, -13.12, -1.47, 8.46, -0.09, -0.69, -0.24, robot_mode, normal, 
08/06/2022 15:43:28:471, robot_pos, 1654699282532, 605.53, -164.45, 359.07, 2.39, 0.08, -3.1, circuit_pos, 607.17, -161.73, 364.27, 2.4, 0.09, -3.07, tool_force, -3.27, -1.78, -21.14, actual_rep, 1, curr_step, 13, track_size, 143, robot_vel, 41.3, joints_pos, -5.23, 40.51, -14.84, -74.27, 6.21, 63.26, 23.95, tool_torque, -0.341, -0.235, -0.266, joint_torque, -0.35, -13.35, -1.6, 8.45, -0.2, -0.68, -0.25, robot_mode, normal, 
08/06/2022 15:43:28:671, robot_pos, 1654699282680, 606.49, -162.84, 364.86, 2.4, 0.09, -3.08, circuit_pos, 608.07, -159.76, 369.0, 2.4, 0.09, -3.05, tool_force, -3.57, -1.59, -21.02, actual_rep, 1, curr_step, 14, track_size, 143, robot_vel, 47.36, joints_pos, -4.85, 40.32, -14.84, -73.72, 4.71, 64.17, 24.85, tool_torque, -0.227, -0.228, -0.254, joint_torque, -0.23, -13.33, -1.62, 8.45, -0.35, -0.59, -0.25, robot_mode, normal, 
08/06/2022 15:43:28:776, robot_pos, 1654699282833, 607.73, -160.84, 370.77, 2.4, 0.09, -3.06, circuit_pos, 609.87, -155.68, 378.02, 2.4, 0.11, -3.02, tool_force, -3.7, -1.43, -20.48, actual_rep, 1, curr_step, 16, track_size, 143, robot_vel, 40.88, joints_pos, -4.41, 40.17, -14.84, -73.09, 3.05, 65.18, 25.93, tool_torque, -0.117, -0.273, -0.252, joint_torque, -0.06, -13.24, -1.62, 8.59, -0.48, -0.61, -0.25, robot_mode, normal, 
08/06/2022 15:43:28:981, robot_pos, 1654699282983, 608.72, -158.43, 376.52, 2.4, 0.1, -3.04, circuit_pos, 610.7, -153.31, 382.76, 2.4, 0.11, -3.0, tool_force, -4.56, -2.36, -20.65, actual_rep, 1, curr_step, 17, track_size, 143, robot_vel, 42.42, joints_pos, -3.96, 39.97, -14.84, -72.6, 1.6, 66.02, 26.96, tool_torque, -0.05, -0.372, -0.254, joint_torque, -0.28, -13.13, -1.86, 8.41, -0.66, -0.61, -0.25, robot_mode, normal, 
08/06/2022 15:43:29:080, robot_pos, 1654699283136, 609.88, -155.84, 382.35, 2.4, 0.11, -3.01, circuit_pos, 611.62, -150.79, 387.66, 2.39, 0.12, -2.98, tool_force, -5.06, -2.78, -20.36, actual_rep, 1, curr_step, 18, track_size, 143, robot_vel, 47.66, joints_pos, -3.5, 39.82, -14.84, -71.98, 0.12, 67.05, 28.06, tool_torque, 0.096, -0.319, -0.263, joint_torque, -0.64, -13.08, -2.13, 8.56, -0.87, -0.56, -0.25, robot_mode, normal, 
08/06/2022 15:43:29:281, robot_pos, 1654699283282, 611.11, -153.02, 388.08, 2.4, 0.12, -2.99, circuit_pos, 612.68, -148.32, 392.56, 2.39, 0.13, -2.97, tool_force, -4.99, -3.23, -19.9, actual_rep, 1, curr_step, 19, track_size, 143, robot_vel, 49.93, joints_pos, -3.0, 39.69, -14.84, -71.4, -1.4, 68.0, 29.39, tool_torque, 0.171, -0.325, -0.236, joint_torque, -0.41, -12.96, -2.07, 8.54, -0.97, -0.53, -0.23, robot_mode, normal, 
08/06/2022 15:43:29:381, robot_pos, 1654699283434, 612.2, -150.28, 393.95, 2.39, 0.13, -2.97, circuit_pos, 613.81, -145.58, 397.5, 2.39, 0.14, -2.95, tool_force, -5.0, -4.09, -20.53, actual_rep, 1, curr_step, 20, track_size, 143, robot_vel, 45.21, joints_pos, -2.52, 39.5, -14.84, -70.89, -2.78, 68.82, 30.51, tool_torque, 0.18, -0.339, -0.249, joint_torque, -0.73, -13.06, -2.28, 8.43, -1.11, -0.44, -0.23, robot_mode, normal, 
08/06/2022 15:43:29:583, robot_pos, 1654699283584, 613.51, -147.19, 399.71, 2.4, 0.14, -2.96, circuit_pos, 615.82, -140.88, 406.9, 2.4, 0.16, -2.93, tool_force, -5.34, -3.93, -20.43, actual_rep, 1, curr_step, 22, track_size, 143, robot_vel, 42.11, joints_pos, -2.01, 39.33, -14.84, -70.36, -4.16, 69.58, 31.44, tool_torque, 0.372, -0.437, -0.237, joint_torque, -0.59, -13.08, -2.4, 8.69, -1.35, -0.54, -0.22, robot_mode, normal, 
08/06/2022 15:43:29:693, robot_pos, 1654699283735, 614.68, -144.32, 405.55, 2.4, 0.15, -2.94, circuit_pos, 616.77, -138.75, 411.48, 2.4, 0.18, -2.91, tool_force, -5.64, -3.78, -19.67, actual_rep, 1, curr_step, 23, track_size, 143, robot_vel, 47.38, joints_pos, -1.56, 39.12, -14.84, -69.92, -5.29, 70.16, 32.14, tool_torque, 0.459, -0.54, -0.233, joint_torque, -0.13, -13.23, -2.24, 8.78, -1.43, -0.48, -0.24, robot_mode, normal, 
08/06/2022 15:43:29:924, robot_pos, 1654699283883, 615.96, -141.46, 411.42, 2.4, 0.17, -2.92, circuit_pos, 618.0, -134.84, 419.67, 2.41, 0.2, -2.89, tool_force, -5.61, -4.53, -20.08, actual_rep, 1, curr_step, 25, track_size, 143, robot_vel, 45.55, joints_pos, -0.98, 38.91, -14.84, -69.52, -7.13, 70.63, 33.34, tool_torque, 0.431, -0.474, -0.238, joint_torque, -0.26, -12.78, -2.18, 8.43, -1.47, -0.39, -0.23, robot_mode, normal, 
08/06/2022 15:43:30:060, robot_pos, 1654699284034, 616.85, -138.87, 417.23, 2.4, 0.19, -2.9, circuit_pos, 618.41, -130.96, 427.83, 2.41, 0.23, -2.86, tool_force, -6.74, -5.24, -19.37, actual_rep, 1, curr_step, 27, track_size, 143, robot_vel, 43.06, joints_pos, -0.52, 38.66, -14.84, -69.18, -8.51, 71.06, 34.13, tool_torque, 0.56, -0.634, -0.26, joint_torque, -1.19, -13.32, -3.08, 8.84, -1.94, -0.52, -0.24, robot_mode, normal, 
08/06/2022 15:43:30:193, robot_pos, 1654699284182, 617.56, -135.73, 422.95, 2.41, 0.21, -2.88, circuit_pos, 619.74, -125.04, 439.88, 2.43, 0.27, -2.81, tool_force, -6.4, -4.97, -20.39, actual_rep, 1, curr_step, 30, track_size, 143, robot_vel, 45.3, joints_pos, 0.09, 38.38, -14.84, -68.94, -10.34, 71.45, 35.2, tool_torque, 0.753, -0.815, -0.239, joint_torque, -0.27, -13.08, -2.67, 8.8, -2.08, -0.48, -0.24, robot_mode, normal, 
08/06/2022 15:43:30:295, robot_pos, 1654699284333, 618.13, -133.14, 428.8, 2.42, 0.23, -2.86, circuit_pos, 619.74, -125.04, 439.88, 2.43, 0.27, -2.81, tool_force, -7.58, -5.52, -19.11, actual_rep, 1, curr_step, 30, track_size, 143, robot_vel, 45.06, joints_pos, 0.63, 38.11, -14.84, -68.67, -12.08, 71.88, 36.08, tool_torque, 0.858, -0.714, -0.22, joint_torque, -0.46, -12.65, -2.7, 8.89, -2.15, -0.47, -0.22, robot_mode, normal, 
08/06/2022 15:43:30:518, robot_pos, 1654699284483, 618.84, -130.21, 434.7, 2.42, 0.25, -2.84, circuit_pos, 619.74, -125.04, 439.88, 2.43, 0.27, -2.81, tool_force, -7.09, -5.56, -19.25, actual_rep, 1, curr_step, 30, track_size, 143, robot_vel, 43.5, joints_pos, 1.19, 37.88, -14.84, -68.37, -13.83, 72.37, 36.96, tool_torque, 0.906, -0.837, -0.209, joint_torque, -0.4, -12.88, -2.84, 8.9, -2.38, -0.47, -0.19, robot_mode, normal, 
08/06/2022 15:43:30:617, robot_pos, 1654699284647, 619.6, -127.2, 441.09, 2.43, 0.27, -2.81, circuit_pos, 620.28, -122.66, 444.57, 2.44, 0.29, -2.79, tool_force, -7.85, -6.35, -19.24, actual_rep, 1, curr_step, 31, track_size, 143, robot_vel, 40.36, joints_pos, 1.81, 37.64, -14.84, -68.06, -15.82, 72.84, 37.86, tool_torque, 0.971, -0.935, -0.197, joint_torque, -0.55, -12.64, -3.0, 8.81, -2.57, -0.45, -0.18, robot_mode, normal, 
08/06/2022 15:43:30:836, robot_pos, 1654699284808, 620.17, -123.87, 447.25, 2.44, 0.29, -2.79, circuit_pos, 620.73, -117.54, 453.61, 2.45, 0.31, -2.75, tool_force, -8.17, -6.99, -18.55, actual_rep, 1, curr_step, 33, track_size, 143, robot_vel, 44.12, joints_pos, 2.44, 37.4, -14.84, -67.78, -17.74, 73.38, 38.61, tool_torque, 1.146, -1.014, -0.199, joint_torque, -0.52, -12.8, -3.14, 8.88, -2.82, -0.35, -0.19, robot_mode, normal, 
08/06/2022 15:43:31:013, robot_pos, 1654699285051, 620.8, -118.3, 456.63, 2.45, 0.31, -2.75, circuit_pos, 620.98, -108.42, 463.87, 2.46, 0.34, -2.71, tool_force, -9.89, -7.67, -18.17, actual_rep, 1, curr_step, 36, track_size, 143, robot_vel, 44.36, joints_pos, 3.34, 37.14, -14.84, -67.16, -20.26, 74.67, 39.74, tool_torque, 1.32, -1.186, -0.194, joint_torque, -0.98, -12.79, -3.67, 9.06, -3.3, -0.37, -0.18, robot_mode, normal, 
08/06/2022 15:43:31:221, robot_pos, 1654699285245, 621.34, -111.34, 463.89, 2.46, 0.34, -2.71, circuit_pos, 622.9, -96.75, 470.76, 2.48, 0.37, -2.67, tool_force, -9.26, -7.84, -17.5, actual_rep, 1, curr_step, 39, track_size, 143, robot_vel, 54.28, joints_pos, 4.41, 36.96, -14.84, -66.8, -22.94, 75.76, 41.22, tool_torque, 1.264, -1.13, -0.187, joint_torque, -0.06, -12.43, -2.92, 8.84, -3.12, -0.31, -0.17, robot_mode, normal, 
08/06/2022 15:43:31:404, robot_pos, 1654699285436, 622.36, -103.96, 469.2, 2.47, 0.36, -2.68, circuit_pos, 625.57, -84.03, 478.79, 2.49, 0.4, -2.62, tool_force, -10.11, -8.68, -17.22, actual_rep, 1, curr_step, 42, track_size, 143, robot_vel, 47.89, joints_pos, 5.36, 36.9, -14.83, -66.4, -24.72, 76.68, 42.3, tool_torque, 1.541, -1.184, -0.173, joint_torque, -0.9, -12.23, -3.63, 8.72, -3.56, -0.11, -0.15, robot_mode, normal, 
08/06/2022 15:43:31:587, robot_pos, 1654699285586, 623.33, -98.07, 473.24, 2.48, 0.37, -2.66, circuit_pos, 625.57, -84.03, 478.79, 2.49, 0.4, -2.62, tool_force, -10.31, -9.31, -17.11, actual_rep, 1, curr_step, 42, track_size, 143, robot_vel, 56.88, joints_pos, 6.12, 36.95, -14.84, -66.01, -26.13, 77.51, 43.16, tool_torque, 1.554, -1.339, -0.189, joint_torque, -1.06, -12.68, -3.89, 8.79, -3.79, -0.03, -0.16, robot_mode, normal, 
08/06/2022 15:43:31:935, robot_pos, 1654699285886, 625.36, -86.57, 481.46, 2.49, 0.4, -2.62, circuit_pos, 626.15, -80.01, 481.82, 2.5, 0.41, -2.6, tool_force, -10.79, -9.58, -16.49, actual_rep, 1, curr_step, 43, track_size, 143, robot_vel, 54.59, joints_pos, 7.55, 37.11, -14.84, -65.07, -28.91, 79.35, 44.66, tool_torque, 1.855, -1.516, -0.187, joint_torque, -0.6, -12.59, -3.87, 8.92, -4.24, 0.04, -0.16, robot_mode, normal, 
08/06/2022 15:43:32:094, robot_pos, 1654699286036, 626.07, -80.68, 485.33, 2.5, 0.42, -2.59, circuit_pos, 626.7, -75.57, 484.88, 2.5, 0.42, -2.58, tool_force, -10.49, -9.7, -16.61, actual_rep, 1, curr_step, 44, track_size, 143, robot_vel, 57.2, joints_pos, 8.27, 37.21, -14.84, -64.64, -30.31, 80.32, 45.37, tool_torque, 1.969, -1.648, -0.174, joint_torque, -0.38, -12.36, -3.84, 8.71, -4.43, 0.17, -0.15, robot_mode, normal, 
08/06/2022 15:43:32:202, robot_pos, 1654699286184, 627.11, -75.78, 489.04, 2.51, 0.43, -2.56, circuit_pos, 627.39, -70.85, 487.74, 2.51, 0.44, -2.56, tool_force, -11.15, -9.76, -16.05, actual_rep, 1, curr_step, 45, track_size, 143, robot_vel, 37.54, joints_pos, 8.93, 37.38, -14.84, -64.18, -31.97, 81.21, 46.19, tool_torque, 1.852, -1.544, -0.187, joint_torque, -0.38, -12.45, -3.76, 8.64, -4.35, 0.25, -0.16, robot_mode, normal, 
08/06/2022 15:43:32:395, robot_pos, 1654699286350, 627.64, -69.19, 492.36, 2.51, 0.44, -2.55, circuit_pos, 628.49, -61.56, 491.32, 2.52, 0.45, -2.53, tool_force, -12.17, -10.33, -15.14, actual_rep, 1, curr_step, 47, track_size, 143, robot_vel, 46.62, joints_pos, 9.64, 37.49, -14.84, -63.73, -32.91, 82.23, 46.83, tool_torque, 1.995, -1.694, -0.154, joint_torque, -0.86, -12.27, -4.16, 8.65, -4.65, 0.25, -0.12, robot_mode, normal, 
08/06/2022 15:43:32:498, robot_pos, 1654699286490, 628.48, -63.8, 494.39, 2.52, 0.45, -2.52, circuit_pos, 629.42, -51.93, 493.4, 2.52, 0.46, -2.5, tool_force, -10.82, -10.26, -15.29, actual_rep, 1, curr_step, 49, track_size, 143, robot_vel, 40.82, joints_pos, 10.26, 37.72, -14.84, -63.36, -34.07, 83.08, 47.35, tool_torque, 2.05, -1.536, -0.162, joint_torque, -0.27, -12.17, -3.84, 8.25, -4.49, 0.58, -0.14, robot_mode, normal, 
08/06/2022 15:43:32:701, robot_pos, 1654699286639, 629.02, -58.09, 496.05, 2.52, 0.46, -2.51, circuit_pos, 630.21, -43.74, 496.39, 2.53, 0.47, -2.47, tool_force, -12.15, -10.51, -14.84, actual_rep, 1, curr_step, 51, track_size, 143, robot_vel, 36.8, joints_pos, 10.84, 38.03, -14.84, -62.81, -34.75, 84.28, 47.82, tool_torque, 2.12, -1.639, -0.166, joint_torque, -0.92, -11.85, -4.24, 8.33, -4.78, 0.42, -0.13, robot_mode, normal, 
08/06/2022 15:43:32:801, robot_pos, 1654699286791, 629.76, -52.13, 498.36, 2.53, 0.46, -2.49, circuit_pos, 632.38, -32.96, 503.88, 2.54, 0.49, -2.43, tool_force, -12.06, -11.52, -15.12, actual_rep, 1, curr_step, 54, track_size, 143, robot_vel, 45.07, joints_pos, 11.44, 38.31, -14.84, -62.27, -35.68, 85.4, 48.28, tool_torque, 2.257, -1.823, -0.147, joint_torque, -0.76, -12.54, -4.41, 8.5, -5.04, 0.56, -0.11, robot_mode, normal, 
08/06/2022 15:43:33:006, robot_pos, 1654699286941, 630.76, -46.31, 501.43, 2.54, 0.47, -2.46, circuit_pos, 635.6, -22.16, 509.46, 2.57, 0.51, -2.38, tool_force, -12.38, -10.74, -14.86, actual_rep, 1, curr_step, 57, track_size, 143, robot_vel, 43.48, joints_pos, 12.06, 38.6, -14.84, -61.64, -36.81, 86.49, 48.71, tool_torque, 2.267, -1.737, -0.15, joint_torque, -0.6, -11.7, -4.16, 8.04, -4.94, 0.61, -0.12, robot_mode, normal, 
08/06/2022 15:43:33:205, robot_pos, 1654699287092, 632.0, -40.57, 504.37, 2.55, 0.49, -2.44, circuit_pos, 638.07, -14.31, 512.76, 2.59, 0.52, -2.35, tool_force, -12.19, -11.26, -14.08, actual_rep, 1, curr_step, 59, track_size, 143, robot_vel, 43.03, joints_pos, 12.67, 38.94, -14.84, -60.98, -37.99, 87.53, 49.04, tool_torque, 2.334, -1.808, -0.132, joint_torque, -0.49, -12.22, -4.31, 8.33, -5.11, 0.69, -0.1, robot_mode, normal, 
08/06/2022 15:43:33:305, robot_pos, 1654699287241, 633.41, -34.7, 507.08, 2.56, 0.5, -2.42, circuit_pos, 641.24, -2.44, 516.4, 2.61, 0.55, -2.29, tool_force, -12.62, -12.16, -13.62, actual_rep, 1, curr_step, 62, track_size, 143, robot_vel, 44.7, joints_pos, 13.26, 39.31, -14.84, -60.29, -39.13, 88.55, 49.3, tool_torque, 2.384, -1.863, -0.121, joint_torque, -0.33, -12.15, -4.28, 8.14, -5.18, 0.74, -0.1, robot_mode, normal, 
08/06/2022 15:43:33:513, robot_pos, 1654699287393, 634.97, -28.79, 509.46, 2.57, 0.51, -2.39, circuit_pos, 643.74, 5.2, 516.45, 2.63, 0.56, -2.26, tool_force, -13.01, -11.54, -12.86, actual_rep, 1, curr_step, 64, track_size, 143, robot_vel, 42.89, joints_pos, 13.85, 39.75, -14.84, -59.59, -40.34, 89.56, 49.6, tool_torque, 2.499, -1.762, -0.142, joint_torque, -1.19, -11.43, -4.74, 7.7, -5.31, 0.86, -0.1, robot_mode, normal, 
08/06/2022 15:43:33:581, robot_pos, 1654699287541, 636.5, -23.02, 511.1, 2.58, 0.52, -2.37, circuit_pos, 646.44, 12.64, 515.72, 2.64, 0.56, -2.24, tool_force, -12.78, -11.89, -13.12, actual_rep, 1, curr_step, 66, track_size, 143, robot_vel, 43.01, joints_pos, 14.42, 40.19, -14.84, -58.93, -41.47, 90.48, 49.85, tool_torque, 2.573, -1.981, -0.132, joint_torque, -0.3, -11.75, -4.46, 7.94, -5.42, 0.82, -0.11, robot_mode, normal, 
08/06/2022 15:43:33:812, robot_pos, 1654699287695, 638.25, -17.12, 512.46, 2.59, 0.53, -2.34, circuit_pos, 650.4, 22.62, 516.56, 2.66, 0.58, -2.21, tool_force, -13.28, -12.53, -12.56, actual_rep, 1, curr_step, 69, track_size, 143, robot_vel, 41.2, joints_pos, 14.96, 40.69, -14.84, -58.25, -42.49, 91.35, 50.07, tool_torque, 2.615, -1.956, -0.138, joint_torque, -0.96, -11.53, -4.83, 7.7, -5.53, 0.87, -0.11, robot_mode, normal, 
08/06/2022 15:43:33:855, robot_pos, 1654699287844, 640.4, -14.61, 520.73, 2.61, 0.55, -2.3, circuit_pos, 654.62, 31.97, 518.58, 2.7, 0.6, -2.19, tool_force, -12.75, -10.22, -8.95, actual_rep, 1, curr_step, 72, track_size, 143, robot_vel, 69.16, joints_pos, 15.47, 41.1, -15.18, -57.04, -44.72, 92.5, 49.79, tool_torque, 2.397, -1.681, 0.134, joint_torque, -1.89, -10.77, -4.72, 6.9, -5.23, 0.99, 0.23, robot_mode, impedance, 
08/06/2022 15:43:34:148, robot_pos, 1654699288156, 645.0, -6.52, 530.26, 2.64, 0.57, -2.26, circuit_pos, 659.55, 48.96, 519.73, 2.75, 0.63, -2.14, tool_force, -13.35, -12.61, -10.53, actual_rep, 1, curr_step, 77, track_size, 143, robot_vel, 44.66, joints_pos, 16.14, 41.91, -15.24, -54.92, -46.72, 93.97, 49.0, tool_torque, 2.804, -2.181, 0.24, joint_torque, -0.66, -11.81, -5.06, 7.78, -5.92, 0.84, 0.27, robot_mode, impedance, 
08/06/2022 15:43:34:410, robot_pos, 1654699288310, 647.17, -0.69, 531.9, 2.66, 0.58, -2.24, circuit_pos, 660.0, 56.14, 520.23, 2.79, 0.64, -2.08, tool_force, -13.52, -13.9, -10.19, actual_rep, 1, curr_step, 80, track_size, 143, robot_vel, 41.69, joints_pos, 16.65, 42.39, -15.26, -54.19, -47.75, 94.5, 49.0, tool_torque, 2.78, -2.271, 0.192, joint_torque, -0.87, -11.98, -5.19, 7.69, -6.03, 0.82, 0.24, robot_mode, impedance, 
08/06/2022 15:43:35:486, robot_pos, 1654699289359, 652.52, 47.01, 517.68, 2.77, 0.62, -2.09, circuit_pos, 656.21, 115.6, 509.16, 2.95, 0.66, -1.84, tool_force, -14.87, -14.33, -8.35, actual_rep, 1, curr_step, 97, track_size, 143, robot_vel, 40.65, joints_pos, 20.84, 45.41, -14.96, -53.17, -53.83, 97.45, 51.12, tool_torque, 3.102, -2.467, -0.067, joint_torque, -0.71, -11.83, -5.72, 7.2, -6.39, 1.12, -0.05, robot_mode, normal, 
08/06/2022 15:43:35:577, robot_pos, 1654699289520, 652.78, 53.33, 517.4, 2.79, 0.63, -2.07, circuit_pos, 655.22, 123.87, 509.4, 2.95, 0.66, -1.84, tool_force, -14.92, -13.64, -8.0, actual_rep, 1, curr_step, 100, track_size, 143, robot_vel, 37.48, joints_pos, 21.4, 45.8, -14.96, -52.87, -54.77, 98.06, 51.21, tool_torque, 3.198, -2.418, -0.048, joint_torque, -0.56, -11.28, -5.58, 7.0, -6.39, 1.18, -0.03, robot_mode, normal, 
08/06/2022 15:43:35:776, robot_pos, 1654699289670, 653.01, 59.15, 517.07, 2.8, 0.63, -2.05, circuit_pos, 655.15, 131.43, 508.57, 2.96, 0.66, -1.82, tool_force, -14.64, -14.38, -7.64, actual_rep, 1, curr_step, 103, track_size, 143, robot_vel, 39.58, joints_pos, 21.88, 46.17, -14.96, -52.55, -55.53, 98.65, 51.26, tool_torque, 3.174, -2.471, -0.05, joint_torque, -0.38, -11.73, -5.67, 7.05, -6.48, 1.28, -0.04, robot_mode, normal, 
08/06/2022 15:43:35:955, robot_pos, 1654699289817, 653.22, 64.89, 516.73, 2.81, 0.63, -2.03, circuit_pos, 655.58, 135.88, 507.0, 2.97, 0.66, -1.8, tool_force, -14.33, -14.31, -7.32, actual_rep, 1, curr_step, 105, track_size, 143, robot_vel, 37.72, joints_pos, 22.37, 46.55, -14.96, -52.22, -56.29, 99.25, 51.29, tool_torque, 3.206, -2.496, -0.047, joint_torque, -0.64, -11.61, -5.76, 6.95, -6.52, 1.2, -0.03, robot_mode, normal, 
08/06/2022 15:43:36:044, robot_pos, 1654699289970, 653.42, 70.74, 516.22, 2.83, 0.64, -2.01, circuit_pos, 655.94, 139.6, 506.18, 2.98, 0.66, -1.78, tool_force, -14.73, -14.34, -7.05, actual_rep, 1, curr_step, 108, track_size, 143, robot_vel, 38.58, joints_pos, 22.84, 46.95, -14.96, -51.89, -57.07, 99.83, 51.31, tool_torque, 3.218, -2.589, -0.0070, joint_torque, -0.66, -11.39, -5.82, 6.87, -6.56, 1.1, 0.01, robot_mode, normal, 
08/06/2022 15:43:36:260, robot_pos, 1654699290122, 653.64, 76.68, 515.78, 2.84, 0.64, -1.99, circuit_pos, 656.39, 141.31, 506.04, 2.98, 0.67, -1.77, tool_force, -14.81, -14.81, -6.84, actual_rep, 1, curr_step, 110, track_size, 143, robot_vel, 37.41, joints_pos, 23.32, 47.37, -14.97, -51.52, -57.86, 100.45, 51.32, tool_torque, 3.21, -2.563, -0.031, joint_torque, -0.61, -11.42, -5.78, 6.7, -6.55, 1.25, -0.01, robot_mode, normal, 
08/06/2022 15:43:36:318, robot_pos, 1654699290275, 653.94, 82.55, 515.28, 2.85, 0.65, -1.97, circuit_pos, 656.31, 141.0, 506.79, 2.98, 0.67, -1.78, tool_force, -15.07, -14.76, -5.99, actual_rep, 1, curr_step, 113, track_size, 143, robot_vel, 37.92, joints_pos, 23.77, 47.83, -14.97, -51.09, -58.67, 101.11, 51.32, tool_torque, 3.224, -2.592, -0.0040, joint_torque, -0.67, -11.6, -5.89, 6.76, -6.6, 1.24, 0.02, robot_mode, normal, 
08/06/2022 15:43:36:599, robot_pos, 1654699290423, 654.22, 88.35, 514.87, 2.87, 0.65, -1.95, circuit_pos, 656.3, 140.68, 507.61, 2.98, 0.67, -1.78, tool_force, -14.38, -15.37, -6.07, actual_rep, 1, curr_step, 115, track_size, 143, robot_vel, 39.07, joints_pos, 24.23, 48.28, -14.97, -50.66, -59.46, 101.74, 51.32, tool_torque, 3.239, -2.623, 0.069, joint_torque, -0.77, -11.62, -5.99, 6.69, -6.64, 1.21, 0.09, robot_mode, normal, 
08/06/2022 15:43:36:850, robot_pos, 1654699290616, 654.49, 95.77, 514.4, 2.88, 0.65, -1.92, circuit_pos, 656.34, 140.78, 507.35, 2.98, 0.67, -1.77, tool_force, -14.08, -14.78, -5.58, actual_rep, 1, curr_step, 118, track_size, 143, robot_vel, 38.55, joints_pos, 24.79, 48.85, -14.97, -50.11, -60.49, 102.53, 51.25, tool_torque, 3.263, -2.691, 0.185, joint_torque, -0.31, -11.49, -5.86, 6.63, -6.65, 1.16, 0.2, robot_mode, normal, 
08/06/2022 15:43:36:905, robot_pos, 1654699290762, 654.72, 101.43, 514.02, 2.9, 0.66, -1.9, circuit_pos, 656.41, 140.76, 507.05, 2.98, 0.67, -1.77, tool_force, -13.98, -14.7, -5.45, actual_rep, 1, curr_step, 120, track_size, 143, robot_vel, 38.19, joints_pos, 25.2, 49.31, -14.97, -49.65, -61.28, 103.17, 51.15, tool_torque, 3.241, -2.712, 0.242, joint_torque, -0.32, -11.43, -5.89, 6.48, -6.67, 1.23, 0.26, robot_mode, normal, 
08/06/2022 15:43:37:058, robot_pos, 1654699290909, 654.99, 107.15, 513.59, 2.91, 0.66, -1.88, circuit_pos, 656.48, 140.63, 506.8, 2.98, 0.67, -1.77, tool_force, -14.64, -15.57, -3.7, actual_rep, 1, curr_step, 123, track_size, 143, robot_vel, 39.16, joints_pos, 25.61, 49.8, -14.98, -49.16, -62.12, 103.85, 51.02, tool_torque, 3.21, -2.698, 0.262, joint_torque, -1.0, -11.48, -6.14, 6.33, -6.67, 1.18, 0.29, robot_mode, normal, 
08/06/2022 15:43:37:206, robot_pos, 1654699291062, 655.29, 113.05, 513.15, 2.93, 0.66, -1.86, circuit_pos, 656.48, 140.63, 506.79, 2.98, 0.67, -1.77, tool_force, -14.32, -15.09, -3.89, actual_rep, 1, curr_step, 126, track_size, 143, robot_vel, 40.2, joints_pos, 26.03, 50.33, -14.98, -48.61, -62.97, 104.52, 50.86, tool_torque, 3.231, -2.747, 0.263, joint_torque, -0.35, -11.64, -5.97, 6.44, -6.7, 1.18, 0.28, robot_mode, normal, 
08/06/2022 15:43:37:354, robot_pos, 1654699291208, 655.57, 118.75, 512.7, 2.94, 0.67, -1.83, circuit_pos, 656.49, 140.63, 506.77, 2.98, 0.67, -1.77, tool_force, -13.74, -15.29, -4.19, actual_rep, 1, curr_step, 128, track_size, 143, robot_vel, 39.72, joints_pos, 26.44, 50.86, -14.99, -48.05, -63.83, 105.2, 50.65, tool_torque, 3.279, -2.742, 0.257, joint_torque, -0.47, -11.71, -6.1, 6.4, -6.75, 1.17, 0.28, robot_mode, normal, 
08/06/2022 15:43:37:525, robot_pos, 1654699291361, 655.87, 124.67, 512.26, 2.95, 0.67, -1.81, circuit_pos, 656.49, 140.63, 506.76, 2.98, 0.67, -1.77, tool_force, -14.1, -15.38, -3.66, actual_rep, 1, curr_step, 131, track_size, 143, robot_vel, 37.57, joints_pos, 26.83, 51.39, -15.01, -47.48, -64.66, 105.84, 50.42, tool_torque, 3.199, -2.757, 0.261, joint_torque, -0.72, -12.09, -6.23, 6.37, -6.77, 1.2, 0.29, robot_mode, normal, 
08/06/2022 15:43:37:692, robot_pos, 1654699291514, 656.16, 130.57, 511.83, 2.97, 0.67, -1.79, circuit_pos, 656.49, 140.63, 506.77, 2.98, 0.67, -1.77, tool_force, -14.56, -15.77, -2.68, actual_rep, 1, curr_step, 133, track_size, 143, robot_vel, 38.8, joints_pos, 27.23, 51.95, -15.04, -46.87, -65.54, 106.52, 50.15, tool_torque, 3.241, -2.755, 0.265, joint_torque, -0.88, -11.45, -6.21, 6.01, -6.68, 1.18, 0.29, robot_mode, normal, 
08/06/2022 15:43:37:807, robot_pos, 1654699291684, 656.5, 137.17, 511.31, 2.99, 0.67, -1.76, circuit_pos, 656.49, 140.63, 506.76, 2.98, 0.67, -1.77, tool_force, -14.17, -14.58, -3.29, actual_rep, 1, curr_step, 136, track_size, 143, robot_vel, 40.82, joints_pos, 27.66, 52.59, -15.05, -46.15, -66.54, 107.28, 49.79, tool_torque, 3.29, -2.807, 0.293, joint_torque, -0.14, -11.59, -6.01, 6.28, -6.76, 1.11, 0.31, robot_mode, normal, 
08/06/2022 15:43:38:011, robot_pos, 1654699291837, 657.05, 140.93, 510.88, 2.99, 0.67, -1.75, circuit_pos, 656.49, 140.63, 506.76, 2.98, 0.67, -1.77, tool_force, -13.11, -15.39, -3.86, actual_rep, 1, curr_step, 139, track_size, 143, robot_vel, 15.22, joints_pos, 27.85, 53.03, -15.08, -45.59, -66.94, 107.73, 49.55, tool_torque, 3.459, -2.93, 0.278, joint_torque, 0.03, -11.21, -6.15, 5.87, -6.81, 1.13, 0.29, robot_mode, normal, 
08/06/2022 15:43:38:199, robot_pos, 1654699292003, 657.09, 140.79, 511.05, 2.99, 0.67, -1.75, circuit_pos, 656.49, 140.63, 506.76, 2.98, 0.67, -1.77, tool_force, -14.65, -15.21, -3.5, actual_rep, 1, curr_step, 142, track_size, 143, robot_vel, 3.29, joints_pos, 27.85, 53.02, -15.12, -45.56, -66.86, 107.72, 49.51, tool_torque, 3.502, -2.743, 0.229, joint_torque, -0.13, -11.56, -6.25, 6.17, -6.81, 1.17, 0.23, robot_mode, normal, 
08/06/2022 15:43:38:530, robot_pos, 1654699292357, 656.99, 140.69, 511.09, 2.99, 0.67, -1.75, circuit_pos, 656.49, 140.63, 506.76, 2.98, 0.67, -1.77, tool_force, -15.33, -15.2, -3.38, actual_rep, 1, curr_step, 137, track_size, 143, robot_vel, 0.23, joints_pos, 27.86, 53.0, -15.12, -45.61, -66.89, 107.7, 49.52, tool_torque, 3.54, -2.654, 0.166, joint_torque, -0.37, -11.55, -6.32, 6.21, -6.78, 1.18, 0.17, robot_mode, normal, 
08/06/2022 15:43:38:928, robot_pos, 1654699292679, 656.98, 140.68, 511.09, 2.99, 0.67, -1.75, circuit_pos, 656.49, 140.63, 506.77, 2.98, 0.67, -1.77, tool_force, -15.33, -15.06, -3.37, actual_rep, 1, curr_step, 132, track_size, 143, robot_vel, 0.05, joints_pos, 27.86, 52.99, -15.12, -45.61, -66.89, 107.7, 49.52, tool_torque, 3.541, -2.658, 0.168, joint_torque, -0.39, -11.52, -6.32, 6.2, -6.78, 1.17, 0.17, robot_mode, normal, 
08/06/2022 15:43:39:035, robot_pos, 1654699292830, 656.98, 140.68, 511.09, 2.99, 0.67, -1.75, circuit_pos, 656.49, 140.63, 506.77, 2.98, 0.67, -1.77, tool_force, -15.34, -15.08, -3.38, actual_rep, 1, curr_step, 129, track_size, 143, robot_vel, 0.05, joints_pos, 27.86, 52.99, -15.12, -45.62, -66.89, 107.7, 49.52, tool_torque, 3.542, -2.658, 0.171, joint_torque, -0.38, -11.52, -6.32, 6.2, -6.78, 1.17, 0.18, robot_mode, normal, 
08/06/2022 15:43:39:136, robot_pos, 1654699292990, 656.98, 140.68, 511.09, 2.99, 0.67, -1.75, circuit_pos, 656.49, 140.64, 506.77, 2.98, 0.67, -1.77, tool_force, -15.34, -15.04, -3.4, actual_rep, 1, curr_step, 127, track_size, 143, robot_vel, 0.05, joints_pos, 27.86, 52.99, -15.12, -45.62, -66.89, 107.7, 49.52, tool_torque, 3.546, -2.656, 0.17, joint_torque, -0.37, -11.49, -6.31, 6.2, -6.77, 1.17, 0.18, robot_mode, normal, 
08/06/2022 15:43:39:688, robot_pos, 1654699293462, 656.91, 140.75, 511.3, 2.99, 0.67, -1.75, circuit_pos, 656.36, 140.83, 507.25, 2.98, 0.67, -1.77, tool_force, -15.44, -15.01, -3.19, actual_rep, 1, curr_step, 119, track_size, 143, robot_vel, 1.22, joints_pos, 27.86, 52.97, -15.11, -45.62, -66.9, 107.71, 49.52, tool_torque, 3.533, -2.666, 0.201, joint_torque, -0.52, -11.54, -6.37, 6.2, -6.78, 1.15, 0.21, robot_mode, normal, 
08/06/2022 15:43:39:791, robot_pos, 1654699293616, 656.81, 140.8, 511.65, 2.99, 0.67, -1.75, circuit_pos, 656.35, 140.61, 507.53, 2.98, 0.67, -1.78, tool_force, -15.2, -15.04, -3.38, actual_rep, 1, curr_step, 116, track_size, 143, robot_vel, 1.33, joints_pos, 27.87, 52.94, -15.1, -45.62, -66.9, 107.69, 49.5, tool_torque, 3.455, -2.704, 0.241, joint_torque, -0.27, -11.39, -6.25, 6.25, -6.73, 0.98, 0.24, robot_mode, normal, 
08/06/2022 15:43:39:932, robot_pos, 1654699293767, 656.89, 140.69, 512.15, 2.99, 0.67, -1.76, circuit_pos, 656.35, 140.77, 507.28, 2.98, 0.67, -1.78, tool_force, -15.25, -15.67, -4.19, actual_rep, 1, curr_step, 114, track_size, 143, robot_vel, 5.19, joints_pos, 27.86, 52.77, -15.05, -45.7, -66.6, 107.37, 49.53, tool_torque, 3.658, -2.52, 0.164, joint_torque, -0.22, -11.69, -6.34, 6.31, -6.74, 1.35, 0.17, robot_mode, normal, 
08/06/2022 15:43:40:196, robot_pos, 1654699293918, 656.74, 140.99, 510.96, 2.99, 0.67, -1.76, circuit_pos, 656.45, 141.49, 505.99, 2.98, 0.67, -1.77, tool_force, -16.36, -14.58, -4.05, actual_rep, 1, curr_step, 111, track_size, 143, robot_vel, 10.66, joints_pos, 27.9, 52.8, -15.04, -45.85, -66.6, 107.34, 49.66, tool_torque, 3.858, -2.575, 0.027, joint_torque, -0.27, -11.41, -6.45, 6.27, -6.92, 1.39, 0.03, robot_mode, normal, 
08/06/2022 15:43:40:236, robot_pos, 1654699294067, 656.74, 141.31, 510.26, 2.99, 0.67, -1.75, circuit_pos, 656.1, 140.39, 506.31, 2.98, 0.67, -1.78, tool_force, -15.67, -15.06, -2.81, actual_rep, 1, curr_step, 109, track_size, 143, robot_vel, 8.41, joints_pos, 27.94, 53.01, -15.15, -45.71, -66.84, 107.67, 49.62, tool_torque, 3.428, -2.72, 0.113, joint_torque, -0.81, -11.16, -6.3, 5.99, -6.77, 1.02, 0.12, robot_mode, normal, 
08/06/2022 15:43:40:466, robot_pos, 1654699294220, 657.04, 140.18, 510.63, 2.99, 0.67, -1.76, circuit_pos, 655.75, 137.42, 506.49, 2.98, 0.66, -1.8, tool_force, -15.26, -15.21, -3.36, actual_rep, 1, curr_step, 106, track_size, 143, robot_vel, 9.47, joints_pos, 27.84, 52.81, -15.1, -45.82, -66.34, 107.25, 49.37, tool_torque, 3.596, -2.696, 0.264, joint_torque, -0.6, -11.93, -6.61, 6.43, -6.86, 1.24, 0.26, robot_mode, normal, 
08/06/2022 15:43:40:544, robot_pos, 1654699294371, 656.36, 137.72, 511.23, 2.99, 0.66, -1.78, circuit_pos, 655.15, 131.43, 508.57, 2.96, 0.66, -1.82, tool_force, -15.85, -15.83, -3.9, actual_rep, 1, curr_step, 103, track_size, 143, robot_vel, 18.73, joints_pos, 27.79, 52.23, -15.12, -46.54, -65.7, 106.42, 49.49, tool_torque, 3.868, -2.667, 0.084, joint_torque, 0.04, -12.28, -6.68, 6.61, -7.04, 1.5, 0.07, robot_mode, normal, 
08/06/2022 15:43:40:741, robot_pos, 1654699294525, 655.73, 133.18, 512.23, 2.97, 0.66, -1.8, circuit_pos, 655.17, 126.43, 509.4, 2.95, 0.66, -1.83, tool_force, -15.82, -13.69, -5.62, actual_rep, 1, curr_step, 101, track_size, 143, robot_vel, 28.51, joints_pos, 27.51, 51.89, -15.25, -46.8, -64.99, 106.32, 49.68, tool_torque, 3.631, -2.668, 0.0030, joint_torque, 0.4, -10.91, -5.94, 6.24, -6.72, 1.11, 0.01, robot_mode, normal, 
08/06/2022 15:43:40:847, robot_pos, 1654699294674, 656.27, 127.35, 513.3, 2.96, 0.66, -1.81, circuit_pos, 655.8, 118.23, 509.04, 2.95, 0.66, -1.84, tool_force, -15.01, -16.41, -6.14, actual_rep, 1, curr_step, 98, track_size, 143, robot_vel, 39.0, joints_pos, 27.11, 51.45, -15.29, -47.23, -64.42, 105.61, 49.76, tool_torque, 3.748, -2.461, -0.021, joint_torque, 0.41, -11.38, -6.02, 6.29, -6.68, 1.5, -0.03, robot_mode, normal, 
08/06/2022 15:43:41:029, robot_pos, 1654699294824, 656.22, 121.62, 513.4, 2.96, 0.66, -1.82, circuit_pos, 656.57, 112.89, 509.51, 2.95, 0.66, -1.84, tool_force, -15.39, -15.14, -5.55, actual_rep, 1, curr_step, 96, track_size, 143, robot_vel, 40.43, joints_pos, 26.8, 50.99, -15.34, -48.0, -64.31, 104.87, 50.01, tool_torque, 3.723, -2.534, -0.04, joint_torque, 0.18, -11.55, -6.11, 6.5, -6.82, 1.51, -0.04, robot_mode, normal, 
08/06/2022 15:43:41:152, robot_pos, 1654699294975, 656.86, 115.97, 513.68, 2.96, 0.66, -1.82, circuit_pos, 657.45, 103.38, 510.22, 2.94, 0.65, -1.87, tool_force, -15.34, -14.44, -5.81, actual_rep, 1, curr_step, 93, track_size, 143, robot_vel, 38.97, joints_pos, 26.43, 50.61, -15.36, -48.52, -64.12, 104.08, 50.08, tool_torque, 3.772, -2.52, 0.04, joint_torque, -0.08, -11.35, -6.24, 6.56, -6.86, 1.47, 0.05, robot_mode, normal, 
08/06/2022 15:43:41:409, robot_pos, 1654699295125, 657.21, 110.0, 514.16, 2.95, 0.66, -1.84, circuit_pos, 658.08, 93.47, 511.58, 2.92, 0.65, -1.9, tool_force, -15.49, -15.03, -5.5, actual_rep, 1, curr_step, 90, track_size, 143, robot_vel, 38.81, joints_pos, 26.01, 50.19, -15.35, -49.01, -63.65, 103.36, 50.05, tool_torque, 3.729, -2.583, 0.084, joint_torque, -0.19, -11.36, -6.34, 6.61, -6.87, 1.38, 0.08, robot_mode, normal, 
08/06/2022 15:43:41:567, robot_pos, 1654699295291, 657.73, 103.59, 514.95, 2.94, 0.66, -1.86, circuit_pos, 659.1, 82.11, 514.6, 2.89, 0.65, -1.95, tool_force, -15.91, -14.25, -6.28, actual_rep, 1, curr_step, 87, track_size, 143, robot_vel, 38.23, joints_pos, 25.52, 49.76, -15.33, -49.37, -62.99, 102.62, 50.1, tool_torque, 3.84, -2.516, -0.0050, joint_torque, -0.2, -11.13, -6.35, 6.63, -6.86, 1.4, -0.01, robot_mode, normal, 
08/06/2022 15:43:41:667, robot_pos, 1654699295444, 658.19, 97.68, 516.11, 2.93, 0.66, -1.88, circuit_pos, 659.42, 73.57, 517.48, 2.86, 0.65, -1.98, tool_force, -15.36, -15.12, -7.19, actual_rep, 1, curr_step, 85, track_size, 143, robot_vel, 37.11, joints_pos, 25.05, 49.38, -15.33, -49.58, -62.28, 102.04, 50.13, tool_torque, 3.824, -2.554, -0.0080, joint_torque, 0.32, -11.81, -6.28, 6.89, -6.89, 1.46, -0.02, robot_mode, normal, 
08/06/2022 15:43:41:849, robot_pos, 1654699295590, 658.62, 91.97, 517.46, 2.92, 0.66, -1.9, circuit_pos, 659.68, 61.64, 519.72, 2.82, 0.64, -2.04, tool_force, -15.21, -14.91, -7.33, actual_rep, 1, curr_step, 82, track_size, 143, robot_vel, 38.95, joints_pos, 24.57, 49.03, -15.33, -49.7, -61.48, 101.53, 50.17, tool_torque, 3.802, -2.465, 0.0050, joint_torque, 0.38, -11.34, -6.1, 6.86, -6.78, 1.46, -0.01, robot_mode, normal, 
08/06/2022 15:43:41:988, robot_pos, 1654699295743, 658.93, 86.1, 518.67, 2.9, 0.65, -1.92, circuit_pos, 660.0, 56.14, 520.23, 2.79, 0.64, -2.08, tool_force, -15.27, -14.41, -8.06, actual_rep, 1, curr_step, 80, track_size, 143, robot_vel, 40.43, joints_pos, 24.06, 48.67, -15.33, -49.81, -60.54, 101.01, 50.2, tool_torque, 3.753, -2.542, -0.01, joint_torque, 0.56, -11.5, -6.0, 7.05, -6.82, 1.34, -0.02, robot_mode, normal, 
08/06/2022 15:43:42:188, robot_pos, 1654699295954, 659.33, 77.88, 520.07, 2.87, 0.65, -1.97, circuit_pos, 658.89, 46.2, 519.39, 2.74, 0.62, -2.16, tool_force, -15.71, -14.33, -8.68, actual_rep, 1, curr_step, 76, track_size, 143, robot_vel, 39.38, joints_pos, 23.31, 48.12, -15.29, -49.94, -58.84, 100.19, 50.33, tool_torque, 3.744, -2.57, -0.0020, joint_torque, 0.39, -11.45, -6.07, 7.15, -6.77, 1.28, -0.02, robot_mode, normal, 
08/06/2022 15:43:42:427, robot_pos, 1654699296155, 659.1, 70.0, 520.83, 2.83, 0.65, -2.01, circuit_pos, 656.05, 35.97, 519.02, 2.71, 0.61, -2.18, tool_force, -15.72, -13.76, -8.58, actual_rep, 1, curr_step, 73, track_size, 143, robot_vel, 40.71, joints_pos, 22.62, 47.54, -15.28, -50.24, -57.14, 99.42, 50.43, tool_torque, 3.689, -2.54, 0.0010, joint_torque, 0.1, -11.67, -6.14, 7.19, -6.73, 1.32, -0.02, robot_mode, normal, 
08/06/2022 15:43:42:647, robot_pos, 1654699296324, 658.41, 63.5, 521.21, 2.81, 0.64, -2.04, circuit_pos, 651.83, 25.43, 517.24, 2.67, 0.59, -2.2, tool_force, -15.56, -13.36, -9.57, actual_rep, 1, curr_step, 70, track_size, 143, robot_vel, 40.59, joints_pos, 22.07, 47.1, -15.3, -50.57, -55.93, 98.98, 50.5, tool_torque, 3.675, -2.457, -0.01, joint_torque, 0.3, -11.56, -5.88, 7.32, -6.62, 1.23, -0.03, robot_mode, normal, 
08/06/2022 15:43:43:005, robot_pos, 1654699296663, 655.86, 50.4, 521.02, 2.77, 0.62, -2.09, circuit_pos, 643.74, 5.2, 516.45, 2.63, 0.56, -2.26, tool_force, -15.03, -13.86, -10.11, actual_rep, 1, curr_step, 64, track_size, 143, robot_vel, 39.78, joints_pos, 20.97, 46.15, -15.31, -51.49, -53.61, 98.25, 50.55, tool_torque, 3.617, -2.42, 0.025, joint_torque, 0.42, -11.43, -5.66, 7.36, -6.54, 1.32, 0.0, robot_mode, normal, 
08/06/2022 15:43:43:153, robot_pos, 1654699296807, 654.45, 44.85, 521.0, 2.75, 0.62, -2.11, circuit_pos, 641.24, -2.44, 516.4, 2.61, 0.55, -2.29, tool_force, -14.82, -13.37, -10.48, actual_rep, 1, curr_step, 62, track_size, 143, robot_vel, 66.49, joints_pos, 20.53, 45.67, -15.3, -52.01, -52.72, 97.83, 50.56, tool_torque, 3.562, -2.368, 0.0050, joint_torque, 0.0, -11.6, -5.78, 7.36, -6.52, 1.35, -0.01, robot_mode, normal, 
08/06/2022 15:43:43:297, robot_pos, 1654699296959, 652.86, 38.87, 520.92, 2.73, 0.61, -2.13, circuit_pos, 639.1, -10.6, 514.23, 2.59, 0.53, -2.33, tool_force, -14.58, -12.71, -10.96, actual_rep, 1, curr_step, 60, track_size, 143, robot_vel, 40.38, joints_pos, 20.06, 45.16, -15.3, -52.59, -51.74, 97.35, 50.6, tool_torque, 3.523, -2.322, -0.012, joint_torque, 0.27, -11.77, -5.58, 7.59, -6.46, 1.31, -0.03, robot_mode, normal, 
08/06/2022 15:43:43:471, robot_pos, 1654699297112, 651.35, 32.99, 520.52, 2.71, 0.6, -2.16, circuit_pos, 635.6, -22.16, 509.46, 2.57, 0.51, -2.38, tool_force, -14.9, -12.72, -11.63, actual_rep, 1, curr_step, 57, track_size, 143, robot_vel, 41.06, joints_pos, 19.58, 44.64, -15.3, -53.19, -50.72, 96.78, 50.6, tool_torque, 3.519, -2.364, 0.04, joint_torque, 0.48, -11.21, -5.4, 7.4, -6.33, 1.3, 0.01, robot_mode, normal, 
08/06/2022 15:43:43:627, robot_pos, 1654699297266, 649.7, 26.95, 519.7, 2.7, 0.59, -2.18, circuit_pos, 632.38, -32.96, 503.88, 2.54, 0.49, -2.43, tool_force, -14.9, -12.81, -12.03, actual_rep, 1, curr_step, 54, track_size, 143, robot_vel, 41.7, joints_pos, 19.09, 44.1, -15.3, -53.88, -49.64, 96.09, 50.63, tool_torque, 3.465, -2.338, -0.0080, joint_torque, 0.24, -11.74, -5.47, 7.57, -6.32, 1.33, -0.03, robot_mode, normal, 
08/06/2022 15:43:44:030, robot_pos, 1654699297588, 646.41, 14.57, 516.78, 2.66, 0.57, -2.24, circuit_pos, 629.42, -51.93, 493.4, 2.52, 0.46, -2.5, tool_force, -14.38, -12.62, -12.09, actual_rep, 1, curr_step, 49, track_size, 143, robot_vel, 44.59, joints_pos, 18.04, 43.02, -15.29, -55.38, -47.3, 94.49, 50.7, tool_torque, 3.404, -2.17, -0.0030, joint_torque, -0.23, -11.32, -5.49, 7.65, -6.12, 1.25, -0.03, robot_mode, normal, 
08/06/2022 15:43:44:156, robot_pos, 1654699297806, 644.48, 6.13, 514.43, 2.64, 0.56, -2.27, circuit_pos, 627.97, -66.32, 489.84, 2.51, 0.44, -2.55, tool_force, -13.62, -11.85, -12.99, actual_rep, 1, curr_step, 46, track_size, 143, robot_vel, 40.0, joints_pos, 17.32, 42.34, -15.29, -56.39, -45.82, 93.22, 50.7, tool_torque, 3.332, -2.153, 0.114, joint_torque, 0.31, -11.48, -5.13, 7.85, -5.99, 1.25, 0.09, robot_mode, normal, 
08/06/2022 15:43:44:380, robot_pos, 1654699297986, 642.91, -0.77, 512.47, 2.63, 0.55, -2.3, circuit_pos, 627.97, -66.32, 489.84, 2.51, 0.44, -2.55, tool_force, -13.7, -12.04, -12.86, actual_rep, 1, curr_step, 46, track_size, 143, robot_vel, 40.29, joints_pos, 16.71, 41.79, -15.29, -57.2, -44.58, 92.16, 50.63, tool_torque, 3.304, -2.109, 0.21, joint_torque, -0.04, -11.41, -5.21, 7.88, -5.91, 1.25, 0.19, robot_mode, normal, 
08/06/2022 15:43:44:624, robot_pos, 1654699298143, 641.59, -6.87, 510.8, 2.62, 0.54, -2.32, circuit_pos, 627.97, -66.32, 489.84, 2.51, 0.44, -2.55, tool_force, -13.15, -11.45, -13.95, actual_rep, 1, curr_step, 46, track_size, 143, robot_vel, 41.28, joints_pos, 16.14, 41.33, -15.29, -57.88, -43.5, 91.23, 50.51, tool_torque, 3.265, -2.151, 0.274, joint_torque, 0.33, -11.25, -4.95, 7.83, -5.77, 1.2, 0.25, robot_mode, normal, 
08/06/2022 15:43:44:724, robot_pos, 1654699298330, 640.02, -14.04, 508.83, 2.6, 0.53, -2.35, circuit_pos, 627.97, -66.32, 489.84, 2.51, 0.44, -2.55, tool_force, -12.67, -11.34, -14.14, actual_rep, 1, curr_step, 46, track_size, 143, robot_vel, 38.7, joints_pos, 15.48, 40.81, -15.28, -58.65, -42.24, 90.13, 50.29, tool_torque, 3.171, -2.091, 0.289, joint_torque, 0.29, -11.77, -4.92, 8.1, -5.7, 1.18, 0.26, robot_mode, normal, 
08/06/2022 15:43:44:918, robot_pos, 1654699298566, 638.06, -23.27, 506.29, 2.58, 0.52, -2.39, circuit_pos, 627.97, -66.32, 489.84, 2.51, 0.44, -2.55, tool_force, -12.2, -10.97, -15.01, actual_rep, 1, curr_step, 46, track_size, 143, robot_vel, 41.42, joints_pos, 14.58, 40.18, -15.28, -59.55, -40.6, 88.8, 49.94, tool_torque, 3.079, -2.069, 0.308, joint_torque, 0.23, -11.83, -4.84, 8.19, -5.57, 1.09, 0.29, robot_mode, normal, 
08/06/2022 15:43:45:123, robot_pos, 1654699298717, 636.78, -28.98, 504.7, 2.57, 0.51, -2.41, circuit_pos, 627.97, -66.32, 489.84, 2.51, 0.44, -2.55, tool_force, -12.57, -11.52, -14.94, actual_rep, 1, curr_step, 46, track_size, 143, robot_vel, 36.09, joints_pos, 14.02, 39.8, -15.27, -60.11, -39.57, 87.95, 49.65, tool_torque, 3.047, -1.993, 0.308, joint_torque, -0.1, -11.8, -4.9, 8.21, -5.47, 1.04, 0.28, robot_mode, normal, 
08/06/2022 15:43:45:231, robot_pos, 1654699298867, 635.55, -34.84, 503.1, 2.56, 0.5, -2.43, circuit_pos, 627.97, -66.32, 489.84, 2.51, 0.44, -2.55, tool_force, -12.04, -10.69, -15.45, actual_rep, 1, curr_step, 46, track_size, 143, robot_vel, 40.44, joints_pos, 13.43, 39.45, -15.27, -60.63, -38.52, 87.14, 49.32, tool_torque, 2.992, -1.941, 0.303, joint_torque, -0.04, -12.05, -4.82, 8.43, -5.39, 0.95, 0.28, robot_mode, normal, 
08/06/2022 15:43:45:379, robot_pos, 1654699299021, 634.26, -40.75, 501.44, 2.55, 0.49, -2.45, circuit_pos, 627.97, -66.32, 489.84, 2.51, 0.44, -2.55, tool_force, -11.65, -9.94, -16.21, actual_rep, 1, curr_step, 46, track_size, 143, robot_vel, 39.77, joints_pos, 12.82, 39.09, -15.27, -61.15, -37.44, 86.29, 48.95, tool_torque, 2.906, -1.97, 0.317, joint_torque, 0.37, -12.01, -4.79, 8.37, -5.31, 0.98, 0.3, robot_mode, normal, 
08/06/2022 15:43:45:542, robot_pos, 1654699299176, 632.92, -46.78, 499.8, 2.54, 0.48, -2.47, circuit_pos, 627.97, -66.32, 489.84, 2.51, 0.44, -2.55, tool_force, -11.92, -9.26, -15.86, actual_rep, 1, curr_step, 46, track_size, 143, robot_vel, 46.88, joints_pos, 12.19, 38.74, -15.27, -61.67, -36.33, 85.45, 48.52, tool_torque, 2.912, -1.861, 0.339, joint_torque, -0.07, -11.95, -4.64, 8.43, -5.15, 0.89, 0.32, robot_mode, normal, 
08/06/2022 15:43:45:717, robot_pos, 1654699299331, 631.67, -52.78, 498.14, 2.53, 0.47, -2.5, circuit_pos, 627.97, -66.32, 489.84, 2.51, 0.44, -2.55, tool_force, -11.48, -9.24, -16.11, actual_rep, 1, curr_step, 46, track_size, 143, robot_vel, 44.88, joints_pos, 11.55, 38.42, -15.27, -62.13, -35.22, 84.66, 48.05, tool_torque, 2.819, -1.798, 0.328, joint_torque, -0.49, -11.54, -4.76, 8.36, -5.08, 0.8, 0.32, robot_mode, normal, 
08/06/2022 15:43:45:879, robot_pos, 1654699299498, 630.27, -59.19, 496.41, 2.52, 0.46, -2.52, circuit_pos, 627.97, -66.32, 489.84, 2.51, 0.44, -2.55, tool_force, -11.44, -9.62, -16.49, actual_rep, 1, curr_step, 46, track_size, 143, robot_vel, 40.69, joints_pos, 10.85, 38.09, -15.26, -62.62, -34.02, 83.81, 47.5, tool_torque, 2.757, -1.777, 0.353, joint_torque, 0.15, -12.05, -4.38, 8.59, -4.86, 0.72, 0.33, robot_mode, normal, 
08/06/2022 15:43:46:036, robot_pos, 1654699299664, 628.88, -65.73, 494.68, 2.51, 0.45, -2.54, circuit_pos, 627.39, -70.85, 487.74, 2.51, 0.44, -2.56, tool_force, -11.22, -9.11, -17.34, actual_rep, 1, curr_step, 45, track_size, 143, robot_vel, 42.39, joints_pos, 10.14, 37.79, -15.26, -63.09, -32.9, 82.98, 46.91, tool_torque, 2.763, -1.826, 0.343, joint_torque, 0.74, -12.12, -4.01, 8.96, -4.78, 0.55, 0.3, robot_mode, normal, 
08/06/2022 15:43:46:198, robot_pos, 1654699299835, 628.29, -68.09, 493.01, 2.51, 0.45, -2.54, circuit_pos, 627.39, -70.85, 487.74, 2.51, 0.44, -2.56, tool_force, -10.41, -8.21, -17.07, actual_rep, 1, curr_step, 45, track_size, 143, robot_vel, 10.19, joints_pos, 9.96, 37.63, -15.24, -63.57, -32.93, 82.29, 46.96, tool_torque, 2.803, -1.899, 0.18, joint_torque, 0.89, -11.72, -3.94, 8.61, -4.77, 0.57, 0.13, robot_mode, normal, 
08/06/2022 15:43:46:352, robot_pos, 1654699299982, 627.6, -72.25, 491.32, 2.51, 0.44, -2.56, circuit_pos, 626.7, -75.57, 484.88, 2.5, 0.42, -2.58, tool_force, -10.36, -8.95, -17.2, actual_rep, 1, curr_step, 44, track_size, 143, robot_vel, 34.78, joints_pos, 9.49, 37.49, -15.21, -63.85, -32.14, 81.73, 46.5, tool_torque, 2.435, -1.686, 0.338, joint_torque, 0.73, -12.23, -3.7, 8.74, -4.38, 0.57, 0.31, robot_mode, normal, 
08/06/2022 15:43:46:848, robot_pos, 1654699300479, 626.53, -81.3, 485.05, 2.5, 0.41, -2.59, circuit_pos, 625.57, -84.03, 478.79, 2.49, 0.4, -2.62, tool_force, -9.54, -7.86, -18.13, actual_rep, 1, curr_step, 42, track_size, 143, robot_vel, 19.4, joints_pos, 8.35, 37.31, -15.19, -64.55, -29.85, 80.2, 45.14, tool_torque, 2.47, -1.568, 0.168, joint_torque, 0.92, -12.01, -3.57, 8.77, -4.23, 0.45, 0.12, robot_mode, normal, 
08/06/2022 15:43:47:199, robot_pos, 1654699300943, 625.07, -89.47, 479.61, 2.49, 0.39, -2.63, circuit_pos, 622.9, -96.75, 470.76, 2.48, 0.37, -2.67, tool_force, -10.09, -8.07, -18.25, actual_rep, 1, curr_step, 39, track_size, 143, robot_vel, 28.05, joints_pos, 7.35, 37.06, -15.21, -65.32, -27.74, 78.65, 44.0, tool_torque, 2.295, -1.422, 0.257, joint_torque, 0.08, -12.5, -3.89, 8.9, -4.08, 0.37, 0.22, robot_mode, normal, 
08/06/2022 15:43:47:333, robot_pos, 1654699301120, 623.87, -94.71, 476.14, 2.48, 0.38, -2.65, circuit_pos, 620.98, -108.42, 463.87, 2.46, 0.34, -2.71, tool_force, -10.16, -7.8, -17.91, actual_rep, 1, curr_step, 36, track_size, 143, robot_vel, 48.3, joints_pos, 6.74, 37.0, -15.29, -65.71, -26.41, 77.97, 43.38, tool_torque, 2.272, -1.478, 0.308, joint_torque, 0.16, -12.23, -3.63, 9.04, -4.03, 0.21, 0.31, robot_mode, normal, 
08/06/2022 15:43:47:511, robot_pos, 1654699301275, 623.14, -100.69, 472.35, 2.47, 0.36, -2.68, circuit_pos, 620.73, -117.54, 453.61, 2.45, 0.31, -2.75, tool_force, -9.64, -7.72, -18.06, actual_rep, 1, curr_step, 33, track_size, 143, robot_vel, 45.61, joints_pos, 5.88, 36.98, -15.19, -65.98, -24.8, 77.25, 42.45, tool_torque, 2.344, -1.445, 0.361, joint_torque, 0.4, -12.31, -3.64, 9.06, -3.77, 0.15, 0.3, robot_mode, normal, 
08/06/2022 15:43:47:666, robot_pos, 1654699301454, 622.41, -107.66, 465.86, 2.46, 0.34, -2.71, circuit_pos, 620.63, -120.19, 449.21, 2.45, 0.3, -2.77, tool_force, -9.52, -7.06, -19.3, actual_rep, 1, curr_step, 32, track_size, 143, robot_vel, 55.99, joints_pos, 4.86, 37.06, -15.13, -66.41, -22.55, 76.17, 41.27, tool_torque, 2.24, -1.447, 0.378, joint_torque, 0.35, -12.57, -3.72, 9.21, -3.64, 0.06, 0.31, robot_mode, normal, 
08/06/2022 15:43:48:005, robot_pos, 1654699301775, 621.35, -120.13, 454.01, 2.45, 0.3, -2.76, circuit_pos, 620.28, -122.66, 444.57, 2.44, 0.29, -2.79, tool_force, -7.6, -6.56, -21.48, actual_rep, 1, curr_step, 31, track_size, 143, robot_vel, 56.4, joints_pos, 3.15, 37.33, -15.14, -67.16, -18.98, 74.24, 39.05, tool_torque, 1.845, -1.335, 0.333, joint_torque, 0.91, -14.09, -3.16, 9.76, -3.07, -0.08, 0.28, robot_mode, normal, 
08/06/2022 15:43:48:712, robot_pos, 1654699302528, 620.11, -125.76, 441.87, 2.43, 0.27, -2.81, circuit_pos, 619.16, -127.3, 435.32, 2.42, 0.26, -2.83, tool_force, -6.85, -4.2, -20.57, actual_rep, 1, curr_step, 29, track_size, 143, robot_vel, 19.97, joints_pos, 2.09, 37.7, -15.14, -67.91, -15.54, 73.01, 38.12, tool_torque, 1.699, -1.004, 0.156, joint_torque, 1.0, -12.72, -2.68, 9.02, -2.63, -0.12, 0.1, robot_mode, normal, 
08/06/2022 15:43:48:893, robot_pos, 1654699302680, 619.65, -127.67, 439.56, 2.42, 0.26, -2.83, circuit_pos, 618.41, -130.96, 427.83, 2.41, 0.23, -2.86, tool_force, -7.51, -5.3, -20.19, actual_rep, 1, curr_step, 27, track_size, 143, robot_vel, 20.24, joints_pos, 1.78, 37.74, -15.16, -68.09, -14.67, 72.67, 37.74, tool_torque, 1.559, -0.875, 0.262, joint_torque, -0.17, -12.93, -3.2, 8.92, -2.61, -0.05, 0.25, robot_mode, normal, 
08/06/2022 15:43:49:049, robot_pos, 1654699302844, 619.22, -128.94, 435.08, 2.42, 0.25, -2.83, circuit_pos, 617.52, -136.77, 415.79, 2.4, 0.19, -2.9, tool_force, -6.38, -3.38, -20.13, actual_rep, 1, curr_step, 24, track_size, 143, robot_vel, 27.82, joints_pos, 1.51, 37.93, -15.14, -68.35, -13.79, 72.36, 37.27, tool_torque, 1.734, -1.003, 0.33, joint_torque, 1.03, -12.33, -2.65, 8.83, -2.46, -0.12, 0.27, robot_mode, normal, 
08/06/2022 15:43:49:199, robot_pos, 1654699302992, 618.73, -132.06, 429.7, 2.41, 0.22, -2.86, circuit_pos, 615.82, -140.88, 406.9, 2.4, 0.16, -2.93, tool_force, -6.18, -4.65, -21.47, actual_rep, 1, curr_step, 22, track_size, 143, robot_vel, 39.26, joints_pos, 0.77, 38.19, -15.06, -68.45, -11.51, 72.12, 36.04, tool_torque, 1.69, -1.014, 0.331, joint_torque, 0.17, -13.29, -3.3, 9.25, -2.48, -0.2, 0.25, robot_mode, normal, 
08/06/2022 15:43:49:302, robot_pos, 1654699303144, 618.15, -134.67, 423.72, 2.41, 0.2, -2.88, circuit_pos, 615.82, -140.88, 406.9, 2.4, 0.16, -2.93, tool_force, -6.08, -3.51, -21.32, actual_rep, 1, curr_step, 22, track_size, 143, robot_vel, 42.49, joints_pos, 0.17, 38.47, -14.99, -68.7, -9.75, 71.75, 35.07, tool_torque, 1.587, -0.823, 0.323, joint_torque, 0.12, -13.07, -3.16, 9.03, -2.21, -0.2, 0.24, robot_mode, normal, 
08/06/2022 15:43:49:504, robot_pos, 1654699303296, 617.3, -137.42, 417.93, 2.4, 0.18, -2.91, circuit_pos, 615.82, -140.88, 406.9, 2.4, 0.16, -2.93, tool_force, -5.39, -2.92, -21.37, actual_rep, 1, curr_step, 22, track_size, 143, robot_vel, 40.96, joints_pos, -0.42, 38.73, -14.98, -68.98, -7.85, 71.4, 33.94, tool_torque, 1.373, -0.772, 0.301, joint_torque, 0.58, -13.28, -2.67, 9.14, -1.89, -0.27, 0.22, robot_mode, normal, 
08/06/2022 15:43:49:607, robot_pos, 1654699303447, 616.65, -140.46, 412.25, 2.4, 0.16, -2.93, circuit_pos, 615.82, -140.88, 406.9, 2.4, 0.16, -2.93, tool_force, -6.05, -3.56, -21.84, actual_rep, 1, curr_step, 22, track_size, 143, robot_vel, 49.89, joints_pos, -0.94, 39.03, -15.02, -69.21, -6.31, 71.04, 32.95, tool_torque, 1.299, -0.707, 0.288, joint_torque, -0.36, -13.47, -3.16, 9.16, -1.92, -0.25, 0.24, robot_mode, normal, 
08/06/2022 15:43:49:953, robot_pos, 1654699303747, 615.21, -143.64, 406.19, 2.4, 0.15, -2.94, circuit_pos, 613.81, -145.58, 397.5, 2.39, 0.14, -2.95, tool_force, -5.1, -3.21, -21.64, actual_rep, 1, curr_step, 20, track_size, 143, robot_vel, 45.69, joints_pos, -1.34, 39.22, -15.1, -69.74, -5.26, 70.41, 32.13, tool_torque, 1.125, -0.421, 0.235, joint_torque, -0.27, -12.93, -2.7, 8.72, -1.65, -0.14, 0.22, robot_mode, normal, 
08/06/2022 15:43:50:101, robot_pos, 1654699303899, 614.59, -144.84, 402.65, 2.39, 0.14, -2.95, circuit_pos, 613.81, -145.58, 397.5, 2.39, 0.14, -2.95, tool_force, -5.81, -2.13, -21.16, actual_rep, 1, curr_step, 20, track_size, 143, robot_vel, 26.31, joints_pos, -1.58, 39.41, -15.1, -69.93, -4.56, 70.26, 32.09, tool_torque, 1.245, -0.543, 0.192, joint_torque, -0.11, -12.84, -2.8, 8.84, -1.75, -0.21, 0.17, robot_mode, normal, 
08/06/2022 15:43:50:253, robot_pos, 1654699304050, 614.14, -146.36, 399.91, 2.39, 0.14, -2.95, circuit_pos, 612.68, -148.32, 392.56, 2.39, 0.13, -2.97, tool_force, -4.33, -1.15, -21.48, actual_rep, 1, curr_step, 19, track_size, 143, robot_vel, 22.39, joints_pos, -1.76, 39.51, -15.1, -70.16, -4.17, 69.87, 31.84, tool_torque, 1.038, -0.536, 0.257, joint_torque, 0.87, -13.03, -2.06, 8.9, -1.36, -0.26, 0.21, robot_mode, normal, 
08/06/2022 15:43:50:406, robot_pos, 1654699304203, 613.23, -148.31, 397.3, 2.39, 0.13, -2.97, circuit_pos, 611.62, -150.79, 387.66, 2.39, 0.12, -2.98, tool_force, -5.73, -2.79, -21.1, actual_rep, 1, curr_step, 18, track_size, 143, robot_vel, 21.78, joints_pos, -2.13, 39.52, -15.12, -70.45, -3.0, 69.47, 31.0, tool_torque, 1.08, -0.455, 0.242, joint_torque, -0.31, -12.81, -2.73, 8.76, -1.47, -0.27, 0.2, robot_mode, normal, 
08/06/2022 15:43:50:559, robot_pos, 1654699304354, 612.56, -149.39, 393.59, 2.39, 0.13, -2.97, circuit_pos, 611.62, -150.79, 387.66, 2.39, 0.12, -2.98, tool_force, -4.3, -0.89, -21.68, actual_rep, 1, curr_step, 18, track_size, 143, robot_vel, 26.74, joints_pos, -2.32, 39.66, -15.09, -70.74, -2.54, 69.1, 30.65, tool_torque, 1.139, -0.497, 0.272, joint_torque, 0.53, -13.08, -2.38, 8.94, -1.42, -0.28, 0.21, robot_mode, normal, 
08/06/2022 15:43:50:710, robot_pos, 1654699304506, 612.15, -151.53, 390.78, 2.39, 0.12, -2.98, circuit_pos, 610.7, -153.31, 382.76, 2.4, 0.11, -3.0, tool_force, -4.06, -1.52, -21.69, actual_rep, 1, curr_step, 17, track_size, 143, robot_vel, 34.23, joints_pos, -2.57, 39.79, -15.11, -70.93, -2.03, 68.7, 30.0, tool_torque, 0.888, -0.209, 0.229, joint_torque, 0.46, -13.18, -2.02, 8.74, -1.06, -0.13, 0.2, robot_mode, normal, 
08/06/2022 15:43:50:863, robot_pos, 1654699304658, 611.41, -152.73, 388.06, 2.4, 0.11, -2.99, circuit_pos, 610.7, -153.31, 382.76, 2.4, 0.11, -3.0, tool_force, -4.36, -1.72, -21.88, actual_rep, 1, curr_step, 17, track_size, 143, robot_vel, 20.65, joints_pos, -2.91, 39.81, -15.07, -71.24, -0.89, 68.27, 28.94, tool_torque, 1.067, -0.453, 0.261, joint_torque, 0.12, -13.45, -2.57, 8.92, -1.25, -0.25, 0.19, robot_mode, normal, 
08/06/2022 15:43:51:014, robot_pos, 1654699304810, 611.12, -154.12, 384.96, 2.4, 0.11, -3.0, circuit_pos, 609.87, -155.68, 378.02, 2.4, 0.11, -3.02, tool_force, -3.91, -0.03, -21.5, actual_rep, 1, curr_step, 16, track_size, 143, robot_vel, 25.43, joints_pos, -3.08, 39.88, -15.07, -71.61, -0.49, 67.49, 28.56, tool_torque, 0.944, -0.299, 0.259, joint_torque, 1.08, -13.03, -1.74, 8.9, -0.88, -0.29, 0.18, robot_mode, normal, 
08/06/2022 15:43:51:157, robot_pos, 1654699304960, 610.22, -156.05, 382.06, 2.4, 0.11, -3.02, circuit_pos, 608.07, -159.76, 369.0, 2.4, 0.09, -3.05, tool_force, -4.05, -1.8, -21.64, actual_rep, 1, curr_step, 14, track_size, 143, robot_vel, 26.4, joints_pos, -3.35, 39.87, -15.15, -72.03, 0.52, 66.79, 27.81, tool_torque, 0.796, -0.205, 0.185, joint_torque, -0.4, -13.08, -2.49, 8.66, -1.04, -0.31, 0.17, robot_mode, normal, 
08/06/2022 15:43:51:357, robot_pos, 1654699305112, 609.48, -156.97, 377.93, 2.4, 0.1, -3.03, circuit_pos, 608.07, -159.76, 369.0, 2.4, 0.09, -3.05, tool_force, -3.17, 0.39, -21.81, actual_rep, 1, curr_step, 14, track_size, 143, robot_vel, 26.45, joints_pos, -3.58, 40.01, -15.11, -72.4, 1.25, 66.28, 27.29, tool_torque, 0.948, -0.339, 0.259, joint_torque, 0.92, -13.0, -1.84, 8.83, -0.85, -0.35, 0.18, robot_mode, normal, 
08/06/2022 15:43:51:446, robot_pos, 1654699305293, 608.74, -160.12, 373.12, 2.4, 0.09, -3.05, circuit_pos, 607.17, -161.73, 364.27, 2.4, 0.09, -3.07, tool_force, -4.55, -0.38, -21.83, actual_rep, 1, curr_step, 13, track_size, 143, robot_vel, 33.99, joints_pos, -4.18, 40.29, -15.06, -72.6, 2.82, 65.91, 26.07, tool_torque, 0.708, -0.228, 0.22, joint_torque, -0.18, -13.21, -2.42, 8.94, -0.77, -0.45, 0.16, robot_mode, normal, 
08/06/2022 15:43:51:644, robot_pos, 1654699305443, 608.28, -160.69, 370.15, 2.4, 0.09, -3.06, circuit_pos, 607.17, -161.73, 364.27, 2.4, 0.09, -3.07, tool_force, -3.68, 0.6, -21.72, actual_rep, 1, curr_step, 13, track_size, 143, robot_vel, 21.9, joints_pos, -4.31, 40.29, -15.06, -73.06, 3.5, 65.07, 25.65, tool_torque, 0.878, -0.241, 0.228, joint_torque, 0.56, -13.17, -2.03, 8.75, -0.71, -0.3, 0.14, robot_mode, normal, 
08/06/2022 15:43:51:746, robot_pos, 1654699305596, 607.46, -162.14, 367.38, 2.4, 0.09, -3.07, circuit_pos, 606.45, -163.34, 359.53, 2.4, 0.08, -3.09, tool_force, -3.31, 0.18, -22.13, actual_rep, 1, curr_step, 12, track_size, 143, robot_vel, 19.03, joints_pos, -4.51, 40.31, -15.1, -73.44, 4.17, 64.43, 25.09, tool_torque, 0.468, -0.132, 0.169, joint_torque, 0.49, -13.52, -1.69, 8.66, -0.42, -0.27, 0.13, robot_mode, normal, 
08/06/2022 15:43:51:947, robot_pos, 1654699305745, 607.03, -163.03, 364.61, 2.4, 0.08, -3.09, circuit_pos, 606.45, -163.34, 359.53, 2.4, 0.08, -3.09, tool_force, -4.01, -0.04, -22.0, actual_rep, 1, curr_step, 12, track_size, 143, robot_vel, 22.68, joints_pos, -4.82, 40.45, -15.09, -73.6, 5.44, 64.24, 24.23, tool_torque, 0.596, -0.318, 0.185, joint_torque, -0.27, -13.53, -2.36, 8.84, -0.63, -0.47, 0.13, robot_mode, normal, 
08/06/2022 15:43:51:968, robot_pos, 1654699305897, 606.69, -164.02, 361.49, 2.4, 0.08, -3.09, circuit_pos, 604.29, -166.68, 347.89, 2.39, 0.07, -3.13, tool_force, -2.84, 1.27, -21.8, actual_rep, 1, curr_step, 9, track_size, 143, robot_vel, 22.92, joints_pos, -4.94, 40.57, -15.06, -73.9, 5.71, 63.65, 24.05, tool_torque, 0.402, -0.134, 0.109, joint_torque, 0.69, -13.31, -1.59, 8.77, -0.3, -0.44, 0.05, robot_mode, normal, 
