10/05/2022 14:09:11: File Created!
10/05/2022 14:09:11:107, robot_pos, 1652188042559, 612.92, 280.93, 203.73, 2.36, -0.03, 3.07, circuit_pos, 614.15, 276.57, 203.47, 2.36, -0.03, 3.07, tool_force, -0.65, 0.91, 5.97, actual_rep, 1, curr_step, 1, track_size, 99, robot_vel, 0.0, joints_pos, 33.34, 58.61, -17.01, -66.97, 21.76, 54.22, 56.92, tool_torque, -0.086, 0.024, 0.226, joint_torque, -0.29, 3.68, 0.57, -1.44, 0.03, -0.23, 0.3, robot_mode, normal, 
10/05/2022 14:09:11:241, robot_pos, 1652188042694, 612.94, 280.59, 202.81, 2.36, -0.03, 3.07, circuit_pos, 615.8, 269.32, 202.82, 2.35, -0.02, 3.08, tool_force, -1.33, 0.35, -0.96, actual_rep, 1, curr_step, 2, track_size, 99, robot_vel, 12.13, joints_pos, 33.32, 58.7, -17.03, -66.95, 21.76, 54.22, 56.92, tool_torque, -0.133, 0.124, 0.169, joint_torque, -0.68, -0.69, -0.16, 0.61, 0.04, -0.21, 0.26, robot_mode, normal, 
10/05/2022 14:09:11:389, robot_pos, 1652188042842, 614.78, 275.13, 202.07, 2.35, -0.03, 3.07, circuit_pos, 615.8, 269.32, 202.82, 2.35, -0.02, 3.08, tool_force, -0.57, 1.97, 0.32, actual_rep, 1, curr_step, 2, track_size, 99, robot_vel, 41.5, joints_pos, 33.02, 58.75, -17.29, -67.05, 21.74, 54.22, 56.75, tool_torque, 0.069, -0.053, 0.35, joint_torque, -0.14, -0.11, -0.01, 0.53, 0.1, -0.23, 0.39, robot_mode, normal, 
10/05/2022 14:09:11:545, robot_pos, 1652188042992, 615.79, 269.33, 201.59, 2.35, -0.02, 3.08, circuit_pos, 617.23, 260.65, 201.8, 2.34, -0.01, 3.09, tool_force, -0.04, 1.73, -0.35, actual_rep, 1, curr_step, 3, track_size, 99, robot_vel, 67.82, joints_pos, 32.77, 58.7, -17.49, -67.29, 21.28, 54.2, 56.89, tool_torque, 0.067, -0.066, 0.147, joint_torque, 0.24, -0.47, -0.01, 0.68, 0.15, -0.15, 0.12, robot_mode, normal, 
10/05/2022 14:09:11:733, robot_pos, 1652188043143, 616.8, 263.47, 200.98, 2.34, -0.01, 3.09, circuit_pos, 618.61, 250.37, 200.73, 2.34, -0.01, 3.1, tool_force, -0.25, 1.92, -0.16, actual_rep, 1, curr_step, 4, track_size, 99, robot_vel, 42.2, joints_pos, 32.45, 58.65, -17.61, -67.54, 20.86, 54.18, 57.01, tool_torque, 0.077, -0.021, 0.127, joint_torque, 0.13, -0.42, -0.04, 0.67, 0.15, -0.15, 0.11, robot_mode, normal, 
10/05/2022 14:09:11:842, robot_pos, 1652188043292, 617.62, 257.85, 200.39, 2.34, -0.01, 3.09, circuit_pos, 618.61, 250.37, 200.73, 2.34, -0.01, 3.1, tool_force, 0.24, 2.25, 0.41, actual_rep, 1, curr_step, 4, track_size, 99, robot_vel, 41.85, joints_pos, 32.04, 58.59, -17.6, -67.75, 20.57, 54.24, 56.82, tool_torque, 0.094, -0.193, 0.327, joint_torque, 0.12, -0.11, -0.13, 0.61, 0.14, -0.26, 0.32, robot_mode, normal, 
10/05/2022 14:09:12:035, robot_pos, 1652188043441, 618.48, 251.97, 199.84, 2.34, -0.01, 3.1, circuit_pos, 619.55, 239.35, 199.74, 2.33, 0.0, 3.1, tool_force, 0.24, 2.44, 0.16, actual_rep, 1, curr_step, 5, track_size, 99, robot_vel, 40.5, joints_pos, 31.59, 58.5, -17.55, -68.01, 20.23, 54.21, 56.72, tool_torque, 0.278, -0.313, 0.433, joint_torque, 0.37, -0.1, -0.11, 0.58, 0.16, -0.14, 0.39, robot_mode, normal, 
10/05/2022 14:09:12:171, robot_pos, 1652188043588, 619.05, 246.28, 199.33, 2.33, 0.0, 3.1, circuit_pos, 619.55, 239.35, 199.74, 2.33, 0.0, 3.1, tool_force, 0.75, 3.04, 0.01, actual_rep, 1, curr_step, 5, track_size, 99, robot_vel, 37.49, joints_pos, 31.23, 58.36, -17.55, -68.4, 19.94, 53.93, 56.64, tool_torque, 0.493, -0.38, 0.449, joint_torque, -0.1, -0.16, -0.33, 0.59, 0.12, -0.05, 0.42, robot_mode, normal, 
10/05/2022 14:09:12:326, robot_pos, 1652188043740, 619.5, 240.36, 198.88, 2.33, 0.0, 3.1, circuit_pos, 619.98, 227.9, 199.03, 2.32, 0.0, 3.11, tool_force, 0.86, 2.89, -0.03, actual_rep, 1, curr_step, 6, track_size, 99, robot_vel, 36.51, joints_pos, 30.82, 58.21, -17.55, -68.79, 19.7, 53.77, 56.54, tool_torque, 0.468, -0.395, 0.486, joint_torque, 0.76, -0.24, -0.01, 0.63, 0.15, -0.04, 0.43, robot_mode, normal, 
10/05/2022 14:09:12:444, robot_pos, 1652188043884, 619.84, 234.76, 198.46, 2.32, 0.0, 3.11, circuit_pos, 619.98, 227.9, 199.03, 2.32, 0.0, 3.11, tool_force, 0.34, 2.71, -0.24, actual_rep, 1, curr_step, 6, track_size, 99, robot_vel, 40.37, joints_pos, 30.43, 58.09, -17.55, -69.11, 19.51, 53.73, 56.44, tool_torque, 0.409, -0.259, 0.458, joint_torque, 0.15, -0.15, -0.21, 0.6, 0.13, -0.06, 0.42, robot_mode, normal, 
10/05/2022 14:09:12:598, robot_pos, 1652188044033, 620.03, 228.9, 198.13, 2.32, 0.0, 3.11, circuit_pos, 619.92, 216.18, 198.76, 2.31, 0.0, 3.12, tool_force, -0.1, 2.49, -0.15, actual_rep, 1, curr_step, 7, track_size, 99, robot_vel, 36.96, joints_pos, 30.02, 57.95, -17.55, -69.46, 19.32, 53.73, 56.32, tool_torque, 0.353, -0.239, 0.435, joint_torque, 0.09, -0.32, -0.29, 0.68, 0.13, -0.09, 0.4, robot_mode, normal, 
10/05/2022 14:09:12:745, robot_pos, 1652188044181, 620.08, 223.21, 197.92, 2.31, 0.0, 3.12, circuit_pos, 619.92, 216.18, 198.76, 2.31, 0.0, 3.12, tool_force, 0.07, 2.35, -0.07, actual_rep, 1, curr_step, 7, track_size, 99, robot_vel, 37.03, joints_pos, 29.62, 57.8, -17.55, -69.81, 19.15, 53.74, 56.2, tool_torque, 0.343, -0.306, 0.442, joint_torque, 0.37, -0.28, -0.16, 0.67, 0.14, -0.11, 0.39, robot_mode, normal, 
10/05/2022 14:09:12:904, robot_pos, 1652188044334, 620.08, 217.11, 197.81, 2.31, 0.0, 3.12, circuit_pos, 619.33, 204.63, 198.88, 2.3, 0.01, 3.13, tool_force, 0.75, 2.56, 0.01, actual_rep, 1, curr_step, 8, track_size, 99, robot_vel, 38.9, joints_pos, 29.23, 57.63, -17.58, -70.19, 18.84, 53.74, 56.16, tool_torque, 0.343, -0.319, 0.365, joint_torque, 0.72, -0.24, 0.05, 0.68, 0.16, -0.1, 0.3, robot_mode, normal, 
10/05/2022 14:09:13:049, robot_pos, 1652188044478, 619.87, 211.6, 197.78, 2.31, 0.01, 3.12, circuit_pos, 619.33, 204.63, 198.88, 2.3, 0.01, 3.13, tool_force, 0.0, 2.25, -0.6, actual_rep, 1, curr_step, 8, track_size, 99, robot_vel, 38.5, joints_pos, 28.91, 57.44, -17.64, -70.6, 18.53, 53.64, 56.16, tool_torque, 0.336, -0.144, 0.3, joint_torque, 0.48, 0.09, 0.09, 0.52, 0.16, -0.04, 0.26, robot_mode, normal, 
10/05/2022 14:09:13:200, robot_pos, 1652188044626, 619.39, 205.87, 197.83, 2.3, 0.01, 3.13, circuit_pos, 618.07, 193.54, 199.34, 2.3, 0.0, 3.14, tool_force, 0.01, 2.33, 0.0, actual_rep, 1, curr_step, 9, track_size, 99, robot_vel, 46.73, joints_pos, 28.52, 57.22, -17.62, -71.02, 18.27, 53.67, 55.98, tool_torque, 0.273, -0.284, 0.412, joint_torque, 0.33, -0.39, -0.11, 0.71, 0.13, -0.17, 0.38, robot_mode, normal, 
10/05/2022 14:09:13:350, robot_pos, 1652188044774, 618.95, 199.99, 197.95, 2.3, 0.0, 3.13, circuit_pos, 618.07, 193.54, 199.34, 2.3, 0.0, 3.14, tool_force, 0.18, 1.73, -0.43, actual_rep, 1, curr_step, 9, track_size, 99, robot_vel, 42.35, joints_pos, 28.04, 57.01, -17.55, -71.42, 18.19, 53.79, 55.59, tool_torque, 0.229, -0.425, 0.476, joint_torque, 0.3, -0.05, -0.24, 0.54, 0.13, -0.22, 0.42, robot_mode, normal, 
10/05/2022 14:09:13:501, robot_pos, 1652188044921, 618.32, 194.25, 198.24, 2.3, 0.0, 3.14, circuit_pos, 616.29, 182.76, 200.06, 2.3, 0.0, -3.14, tool_force, 0.21, 2.52, 0.08, actual_rep, 1, curr_step, 10, track_size, 99, robot_vel, 36.84, joints_pos, 27.62, 56.77, -17.53, -71.86, 18.1, 53.83, 55.18, tool_torque, 0.344, -0.426, 0.492, joint_torque, 0.46, -0.09, -0.18, 0.6, 0.14, -0.16, 0.42, robot_mode, normal, 
10/05/2022 14:09:13:651, robot_pos, 1652188045070, 617.51, 188.42, 198.53, 2.3, 0.0, 3.14, circuit_pos, 613.82, 173.02, 200.94, 2.3, 0.0, -3.13, tool_force, -0.05, 2.1, -0.15, actual_rep, 1, curr_step, 11, track_size, 99, robot_vel, 38.66, joints_pos, 27.23, 56.49, -17.53, -72.4, 18.02, 53.73, 54.71, tool_torque, 0.463, -0.402, 0.475, joint_torque, 0.74, -0.33, -0.08, 0.75, 0.15, -0.06, 0.4, robot_mode, normal, 
10/05/2022 14:09:13:802, robot_pos, 1652188045219, 616.38, 182.59, 198.95, 2.3, 0.0, -3.14, circuit_pos, 613.82, 173.02, 200.94, 2.3, 0.0, -3.13, tool_force, 0.32, 2.64, -0.13, actual_rep, 1, curr_step, 11, track_size, 99, robot_vel, 42.56, joints_pos, 26.85, 56.2, -17.55, -72.93, 17.88, 53.72, 54.3, tool_torque, 0.435, -0.371, 0.484, joint_torque, 0.67, 0.03, 0.0, 0.56, 0.15, -0.07, 0.42, robot_mode, normal, 
10/05/2022 14:09:13:959, robot_pos, 1652188045369, 615.11, 176.85, 199.43, 2.3, 0.0, -3.13, circuit_pos, 610.26, 162.17, 202.23, 2.31, -0.01, -3.13, tool_force, 0.43, 2.41, 0.07, actual_rep, 1, curr_step, 12, track_size, 99, robot_vel, 38.85, joints_pos, 26.47, 55.88, -17.56, -73.49, 17.68, 53.72, 53.88, tool_torque, 0.412, -0.32, 0.442, joint_torque, 0.62, 0.12, 0.01, 0.61, 0.14, -0.07, 0.39, robot_mode, normal, 
10/05/2022 14:09:14:102, robot_pos, 1652188045515, 613.42, 171.09, 200.1, 2.3, 0.0, -3.13, circuit_pos, 610.26, 162.17, 202.23, 2.31, -0.01, -3.13, tool_force, 0.25, 2.91, -0.14, actual_rep, 1, curr_step, 12, track_size, 99, robot_vel, 42.5, joints_pos, 26.05, 55.5, -17.49, -74.14, 17.71, 53.65, 53.1, tool_torque, 0.568, -0.375, 0.481, joint_torque, 0.55, 0.16, -0.13, 0.58, 0.09, -0.03, 0.41, robot_mode, normal, 
10/05/2022 14:09:14:259, robot_pos, 1652188045664, 611.57, 165.13, 200.7, 2.31, -0.01, -3.13, circuit_pos, 606.79, 153.9, 203.36, 2.32, -0.02, -3.13, tool_force, 0.08, 2.48, -0.4, actual_rep, 1, curr_step, 13, track_size, 99, robot_vel, 41.95, joints_pos, 25.58, 55.09, -17.43, -74.85, 17.82, 53.55, 52.17, tool_torque, 0.527, -0.451, 0.465, joint_torque, 0.69, -0.28, -0.17, 0.65, 0.06, -0.05, 0.39, robot_mode, normal, 
10/05/2022 14:09:14:414, robot_pos, 1652188045813, 609.36, 159.42, 201.42, 2.31, -0.01, -3.13, circuit_pos, 606.79, 153.9, 203.36, 2.32, -0.02, -3.13, tool_force, 0.08, 2.53, -0.24, actual_rep, 1, curr_step, 13, track_size, 99, robot_vel, 43.85, joints_pos, 25.16, 54.65, -17.4, -75.61, 18.08, 53.45, 51.08, tool_torque, 0.544, -0.364, 0.445, joint_torque, 0.34, -0.06, -0.29, 0.51, 0.02, -0.03, 0.39, robot_mode, normal, 
10/05/2022 14:09:14:556, robot_pos, 1652188045962, 607.22, 153.46, 202.18, 2.32, -0.02, -3.13, circuit_pos, 603.97, 146.3, 204.51, 2.33, -0.02, -3.13, tool_force, -0.17, 2.73, -0.06, actual_rep, 1, curr_step, 14, track_size, 99, robot_vel, 42.36, joints_pos, 24.73, 54.21, -17.39, -76.37, 18.2, 53.3, 50.02, tool_torque, 0.557, -0.325, 0.446, joint_torque, 0.53, 0.0, -0.17, 0.63, 0.05, -0.02, 0.39, robot_mode, normal, 
10/05/2022 14:09:14:705, robot_pos, 1652188046110, 605.13, 147.85, 203.0, 2.33, -0.02, -3.13, circuit_pos, 601.01, 139.35, 205.37, 2.34, -0.02, -3.14, tool_force, 0.01, 2.55, -0.06, actual_rep, 1, curr_step, 15, track_size, 99, robot_vel, 42.93, joints_pos, 24.35, 53.74, -17.39, -77.18, 18.29, 52.94, 48.96, tool_torque, 0.61, -0.341, 0.438, joint_torque, 0.55, 0.14, -0.12, 0.62, 0.05, 0.01, 0.37, robot_mode, normal, 
10/05/2022 14:09:14:855, robot_pos, 1652188046258, 602.61, 142.0, 203.75, 2.33, -0.02, -3.14, circuit_pos, 597.41, 132.91, 205.91, 2.34, -0.01, 3.14, tool_force, 0.3, 2.6, -0.68, actual_rep, 1, curr_step, 16, track_size, 99, robot_vel, 41.9, joints_pos, 23.96, 53.19, -17.39, -78.17, 18.55, 52.31, 47.73, tool_torque, 0.644, -0.349, 0.443, joint_torque, 0.75, 0.18, -0.04, 0.57, 0.06, 0.03, 0.36, robot_mode, normal, 
10/05/2022 14:09:15:009, robot_pos, 1652188046408, 599.67, 136.25, 204.29, 2.34, -0.01, -3.14, circuit_pos, 593.12, 127.86, 206.25, 2.35, -0.01, 3.13, tool_force, 0.37, 2.62, -0.29, actual_rep, 1, curr_step, 17, track_size, 99, robot_vel, 45.13, joints_pos, 23.71, 52.59, -17.46, -79.32, 18.49, 51.4, 47.06, tool_torque, 0.57, -0.245, 0.414, joint_torque, 0.62, -0.16, 0.0, 0.64, 0.1, 0.05, 0.36, robot_mode, normal, 
10/05/2022 14:09:15:159, robot_pos, 1652188046556, 595.45, 130.54, 204.74, 2.35, -0.01, 3.14, circuit_pos, 588.4, 123.46, 206.41, 2.35, -0.01, 3.13, tool_force, -0.47, 2.82, 0.04, actual_rep, 1, curr_step, 18, track_size, 99, robot_vel, 47.35, joints_pos, 23.41, 51.85, -17.42, -80.73, 18.65, 50.3, 45.85, tool_torque, 0.689, -0.283, 0.43, joint_torque, 0.66, 0.2, -0.02, 0.57, 0.07, 0.05, 0.35, robot_mode, normal, 
10/05/2022 14:09:15:309, robot_pos, 1652188046708, 589.5, 124.71, 205.19, 2.35, -0.01, 3.13, circuit_pos, 582.86, 118.76, 206.76, 2.35, -0.02, 3.13, tool_force, -0.67, 2.55, -0.07, actual_rep, 1, curr_step, 19, track_size, 99, robot_vel, 57.76, joints_pos, 23.12, 51.02, -17.38, -82.33, 18.84, 49.46, 45.01, tool_torque, 0.689, -0.191, 0.428, joint_torque, 0.15, 0.29, -0.36, 0.47, 0.05, 0.06, 0.36, robot_mode, normal, 
10/05/2022 14:09:15:464, robot_pos, 1652188046855, 583.91, 119.67, 205.6, 2.35, -0.02, 3.13, circuit_pos, 577.4, 114.29, 207.37, 2.35, -0.02, 3.12, tool_force, -0.75, 2.22, -0.27, actual_rep, 1, curr_step, 20, track_size, 99, robot_vel, 48.27, joints_pos, 22.79, 50.3, -17.34, -83.72, 19.28, 48.97, 44.04, tool_torque, 0.675, -0.204, 0.418, joint_torque, 0.26, -0.31, -0.34, 0.78, 0.03, 0.07, 0.35, robot_mode, normal, 
10/05/2022 14:09:15:613, robot_pos, 1652188047006, 577.99, 114.98, 206.17, 2.35, -0.02, 3.12, circuit_pos, 572.02, 110.24, 208.21, 2.35, -0.02, 3.12, tool_force, -0.48, 2.42, -0.2, actual_rep, 1, curr_step, 21, track_size, 99, robot_vel, 49.97, joints_pos, 22.55, 49.48, -17.31, -85.25, 19.72, 48.09, 43.15, tool_torque, 0.684, -0.173, 0.405, joint_torque, 0.13, -0.37, -0.38, 0.86, 0.02, 0.05, 0.36, robot_mode, normal, 
10/05/2022 14:09:15:770, robot_pos, 1652188047160, 571.93, 110.61, 207.15, 2.35, -0.02, 3.12, circuit_pos, 566.75, 106.83, 209.31, 2.35, -0.02, 3.12, tool_force, -0.57, 2.38, -0.24, actual_rep, 1, curr_step, 22, track_size, 99, robot_vel, 47.1, joints_pos, 22.4, 48.67, -17.32, -86.69, 19.77, 47.42, 42.59, tool_torque, 0.639, -0.193, 0.386, joint_torque, 0.22, 0.1, -0.26, 0.44, 0.03, 0.08, 0.33, robot_mode, normal, 
10/05/2022 14:09:15:915, robot_pos, 1652188047304, 566.58, 107.04, 208.25, 2.35, -0.02, 3.12, circuit_pos, 561.73, 103.94, 210.6, 2.35, -0.01, 3.12, tool_force, -0.29, 2.47, -0.76, actual_rep, 1, curr_step, 23, track_size, 99, robot_vel, 45.62, joints_pos, 22.35, 47.93, -17.38, -88.0, 19.76, 46.71, 42.21, tool_torque, 0.63, -0.213, 0.38, joint_torque, 0.58, -0.11, 0.04, 0.55, 0.07, 0.09, 0.33, robot_mode, normal, 
10/05/2022 14:09:16:071, robot_pos, 1652188047453, 560.65, 104.02, 209.74, 2.35, -0.01, 3.12, circuit_pos, 556.83, 101.58, 211.93, 2.35, -0.01, 3.11, tool_force, -0.51, 2.49, -0.03, actual_rep, 1, curr_step, 24, track_size, 99, robot_vel, 40.36, joints_pos, 22.37, 47.05, -17.38, -89.47, 19.54, 45.71, 42.01, tool_torque, 0.56, -0.045, 0.37, joint_torque, 0.18, 0.03, -0.09, 0.47, 0.09, 0.1, 0.35, robot_mode, normal, 
10/05/2022 14:09:16:215, robot_pos, 1652188047601, 554.64, 101.65, 211.29, 2.35, -0.01, 3.11, circuit_pos, 547.94, 99.45, 214.4, 2.35, -0.02, 3.11, tool_force, 0.03, 2.82, -0.3, actual_rep, 1, curr_step, 26, track_size, 99, robot_vel, 45.12, joints_pos, 22.28, 46.2, -17.29, -90.85, 19.77, 45.04, 41.52, tool_torque, 0.776, -0.32, 0.42, joint_torque, 0.56, -0.03, -0.16, 0.73, 0.05, 0.05, 0.33, robot_mode, normal, 
10/05/2022 14:09:16:369, robot_pos, 1652188047749, 549.12, 100.41, 212.82, 2.35, -0.02, 3.11, circuit_pos, 541.87, 99.37, 215.93, 2.35, -0.02, 3.11, tool_force, -0.72, 2.56, -0.51, actual_rep, 1, curr_step, 27, track_size, 99, robot_vel, 39.02, joints_pos, 22.26, 45.5, -17.23, -91.91, 20.0, 44.84, 41.15, tool_torque, 0.727, -0.182, 0.391, joint_torque, 0.2, 0.23, -0.29, 0.47, 0.05, 0.09, 0.32, robot_mode, normal, 
10/05/2022 14:09:16:515, robot_pos, 1652188047898, 543.28, 100.05, 214.35, 2.35, -0.02, 3.11, circuit_pos, 533.09, 100.96, 218.68, 2.35, -0.03, 3.11, tool_force, -0.86, 2.5, -0.57, actual_rep, 1, curr_step, 29, track_size, 99, robot_vel, 42.97, joints_pos, 22.35, 44.76, -17.14, -93.02, 20.02, 44.58, 41.04, tool_torque, 0.566, -0.089, 0.333, joint_torque, 0.24, 0.02, -0.09, 0.69, 0.07, 0.03, 0.31, robot_mode, normal, 
10/05/2022 14:09:16:669, robot_pos, 1652188048044, 537.6, 101.09, 216.23, 2.35, -0.03, 3.11, circuit_pos, 523.37, 106.24, 223.12, 2.35, -0.04, 3.1, tool_force, -1.78, 1.85, 0.01, actual_rep, 1, curr_step, 32, track_size, 99, robot_vel, 43.37, joints_pos, 22.42, 44.05, -16.94, -93.98, 20.21, 44.52, 40.93, tool_torque, 0.407, 0.132, 0.28, joint_torque, -0.31, 0.28, -0.18, 0.43, 0.06, 0.06, 0.31, robot_mode, normal, 
10/05/2022 14:09:16:816, robot_pos, 1652188048193, 531.77, 103.28, 218.62, 2.35, -0.03, 3.11, circuit_pos, 518.08, 110.8, 225.78, 2.36, -0.05, 3.1, tool_force, -1.64, 1.94, -0.32, actual_rep, 1, curr_step, 34, track_size, 99, robot_vel, 47.11, joints_pos, 22.58, 43.22, -16.68, -95.03, 20.46, 44.29, 40.76, tool_torque, 0.398, 0.178, 0.276, joint_torque, -0.36, 0.01, -0.24, 0.61, 0.06, 0.07, 0.31, robot_mode, normal, 
10/05/2022 14:09:16:969, robot_pos, 1652188048341, 526.05, 106.82, 221.0, 2.35, -0.04, 3.1, circuit_pos, 508.92, 119.92, 228.16, 2.37, -0.06, 3.1, tool_force, -2.05, 2.11, 0.26, actual_rep, 1, curr_step, 37, track_size, 99, robot_vel, 47.0, joints_pos, 22.9, 42.48, -16.47, -95.94, 20.61, 44.21, 40.73, tool_torque, 0.343, 0.302, 0.176, joint_torque, -0.4, 0.29, -0.19, 0.49, 0.07, 0.09, 0.21, robot_mode, normal, 
10/05/2022 14:09:17:123, robot_pos, 1652188048491, 520.21, 111.26, 222.99, 2.36, -0.05, 3.1, circuit_pos, 508.92, 119.92, 228.16, 2.37, -0.06, 3.1, tool_force, -1.68, 1.74, -0.24, actual_rep, 1, curr_step, 37, track_size, 99, robot_vel, 53.51, joints_pos, 23.44, 41.8, -16.38, -96.81, 20.83, 44.17, 40.74, tool_torque, 0.32, 0.218, 0.177, joint_torque, -0.36, 0.13, -0.22, 0.63, 0.06, 0.05, 0.2, robot_mode, normal, 
10/05/2022 14:09:17:270, robot_pos, 1652188048637, 514.4, 115.89, 224.96, 2.36, -0.05, 3.1, circuit_pos, 508.92, 119.92, 228.16, 2.37, -0.06, 3.1, tool_force, -1.57, 2.0, -0.23, actual_rep, 1, curr_step, 37, track_size, 99, robot_vel, 50.41, joints_pos, 24.05, 41.17, -16.38, -97.63, 21.09, 44.17, 40.73, tool_torque, 0.268, 0.168, 0.189, joint_torque, -0.41, 0.12, -0.23, 0.59, 0.04, -0.03, 0.24, robot_mode, normal, 
10/05/2022 14:09:17:422, robot_pos, 1652188048790, 508.57, 120.83, 226.51, 2.37, -0.06, 3.1, circuit_pos, 504.91, 123.84, 228.4, 2.37, -0.06, 3.1, tool_force, -1.49, 1.58, -0.11, actual_rep, 1, curr_step, 38, track_size, 99, robot_vel, 59.29, joints_pos, 24.71, 40.58, -16.37, -98.46, 21.41, 44.08, 40.79, tool_torque, 0.219, 0.258, 0.078, joint_torque, -0.38, 0.03, -0.27, 0.48, 0.04, 0.07, 0.08, robot_mode, normal, 
10/05/2022 14:09:17:571, robot_pos, 1652188048935, 503.06, 126.36, 227.21, 2.38, -0.07, 3.1, circuit_pos, 497.75, 131.87, 229.05, 2.38, -0.06, 3.1, tool_force, -1.44, 1.72, 0.48, actual_rep, 1, curr_step, 40, track_size, 99, robot_vel, 56.88, joints_pos, 25.43, 40.16, -16.37, -99.14, 21.68, 44.1, 40.71, tool_torque, 0.157, 0.097, 0.15, joint_torque, -0.39, 0.1, -0.25, 0.72, 0.04, -0.16, 0.19, robot_mode, normal, 
10/05/2022 14:09:17:721, robot_pos, 1652188049086, 498.42, 131.95, 227.49, 2.38, -0.06, 3.1, circuit_pos, 494.57, 136.11, 229.4, 2.38, -0.06, 3.1, tool_force, -2.52, 0.91, -0.1, actual_rep, 1, curr_step, 41, track_size, 99, robot_vel, 51.86, joints_pos, 26.27, 39.8, -16.43, -99.77, 21.72, 43.67, 41.12, tool_torque, 0.041, 0.444, -0.023, joint_torque, -0.6, 0.03, -0.28, 0.48, 0.11, 0.09, -0.03, robot_mode, normal, 
10/05/2022 14:09:17:877, robot_pos, 1652188049234, 494.13, 137.97, 228.23, 2.38, -0.06, 3.1, circuit_pos, 488.14, 145.72, 230.36, 2.37, -0.06, 3.09, tool_force, -1.56, 2.26, 0.19, actual_rep, 1, curr_step, 43, track_size, 99, robot_vel, 48.34, joints_pos, 27.18, 39.41, -16.51, -100.38, 21.8, 43.14, 41.81, tool_torque, 0.213, 0.419, -0.058, joint_torque, -0.2, 0.46, 0.02, 0.55, 0.07, 0.11, -0.06, robot_mode, normal, 
10/05/2022 14:09:18:023, robot_pos, 1652188049383, 490.25, 143.53, 228.8, 2.37, -0.06, 3.09, circuit_pos, 485.37, 150.81, 230.98, 2.37, -0.06, 3.09, tool_force, -2.15, 1.69, 0.19, actual_rep, 1, curr_step, 44, track_size, 99, robot_vel, 50.14, joints_pos, 27.9, 39.08, -16.53, -100.89, 22.15, 42.73, 42.54, tool_torque, 0.155, 0.448, -0.063, joint_torque, -0.21, 0.24, 0.06, 0.65, 0.08, 0.1, -0.05, robot_mode, normal, 
10/05/2022 14:09:18:205, robot_pos, 1652188049533, 487.07, 149.38, 229.49, 2.37, -0.06, 3.09, circuit_pos, 483.04, 156.04, 231.64, 2.37, -0.06, 3.09, tool_force, -1.25, 1.43, -0.28, actual_rep, 1, curr_step, 45, track_size, 99, robot_vel, 38.69, joints_pos, 28.69, 38.85, -16.55, -101.19, 22.15, 42.55, 43.34, tool_torque, 0.081, 0.439, -0.08, joint_torque, -0.25, -0.21, 0.01, 0.63, 0.07, 0.1, -0.05, robot_mode, normal, 
10/05/2022 14:09:18:328, robot_pos, 1652188049682, 484.44, 155.26, 230.2, 2.37, -0.06, 3.09, circuit_pos, 480.96, 161.51, 232.39, 2.37, -0.06, 3.08, tool_force, -1.58, 1.95, 0.45, actual_rep, 1, curr_step, 46, track_size, 99, robot_vel, 44.12, joints_pos, 29.42, 38.67, -16.55, -101.38, 22.2, 42.39, 44.04, tool_torque, 0.24, 0.379, -0.058, joint_torque, -0.12, 0.17, 0.04, 0.64, 0.06, 0.11, -0.06, robot_mode, normal, 
10/05/2022 14:09:18:480, robot_pos, 1652188049832, 481.96, 161.08, 230.9, 2.37, -0.06, 3.08, circuit_pos, 478.97, 167.29, 233.08, 2.37, -0.06, 3.08, tool_force, -1.62, 1.99, 0.28, actual_rep, 1, curr_step, 47, track_size, 99, robot_vel, 40.54, joints_pos, 30.1, 38.47, -16.55, -101.61, 22.57, 42.08, 44.43, tool_torque, 0.119, 0.467, -0.078, joint_torque, -0.51, 0.08, -0.21, 0.61, 0.05, 0.07, -0.05, robot_mode, normal, 
10/05/2022 14:09:18:629, robot_pos, 1652188049979, 479.99, 166.81, 231.55, 2.37, -0.06, 3.08, circuit_pos, 477.2, 172.62, 233.55, 2.37, -0.06, 3.08, tool_force, -1.58, 1.68, 0.17, actual_rep, 1, curr_step, 48, track_size, 99, robot_vel, 46.51, joints_pos, 30.78, 38.37, -16.55, -101.67, 22.58, 41.99, 45.1, tool_torque, 0.159, 0.338, -0.054, joint_torque, -0.1, -0.03, 0.06, 0.64, 0.07, 0.09, -0.05, robot_mode, normal, 
10/05/2022 14:09:18:781, robot_pos, 1652188050130, 478.0, 172.66, 232.11, 2.37, -0.06, 3.08, circuit_pos, 475.44, 178.11, 233.97, 2.37, -0.06, 3.08, tool_force, -1.6, 1.92, 0.31, actual_rep, 1, curr_step, 49, track_size, 99, robot_vel, 39.92, joints_pos, 31.49, 38.3, -16.56, -101.69, 22.6, 41.94, 45.79, tool_torque, 0.134, 0.428, -0.068, joint_torque, -0.33, 0.15, -0.04, 0.62, 0.06, 0.07, -0.05, robot_mode, normal, 
10/05/2022 14:09:18:930, robot_pos, 1652188050277, 476.15, 178.41, 232.54, 2.37, -0.06, 3.08, circuit_pos, 474.0, 183.53, 234.35, 2.37, -0.06, 3.08, tool_force, -1.05, 1.56, 0.34, actual_rep, 1, curr_step, 50, track_size, 99, robot_vel, 40.69, joints_pos, 32.18, 38.26, -16.58, -101.67, 22.6, 41.91, 46.49, tool_torque, 0.091, 0.327, -0.059, joint_torque, -0.12, 0.09, 0.06, 0.48, 0.07, 0.06, -0.05, robot_mode, normal, 
10/05/2022 14:09:19:111, robot_pos, 1652188050443, 474.41, 185.03, 233.1, 2.37, -0.06, 3.08, circuit_pos, 472.12, 194.89, 235.39, 2.36, -0.06, 3.08, tool_force, -1.42, 1.08, 0.45, actual_rep, 1, curr_step, 52, track_size, 99, robot_vel, 39.38, joints_pos, 32.98, 38.25, -16.62, -101.58, 22.6, 41.91, 47.55, tool_torque, -0.013, 0.377, -0.092, joint_torque, -0.37, 0.19, -0.07, 0.37, 0.07, 0.02, -0.08, robot_mode, normal, 
10/05/2022 14:09:19:233, robot_pos, 1652188050578, 473.35, 190.13, 233.62, 2.36, -0.06, 3.08, circuit_pos, 472.12, 194.89, 235.39, 2.36, -0.06, 3.08, tool_force, -0.82, 1.09, 0.42, actual_rep, 1, curr_step, 52, track_size, 99, robot_vel, 39.41, joints_pos, 33.57, 38.26, -16.64, -101.45, 22.59, 41.91, 48.35, tool_torque, -0.031, 0.263, -0.085, joint_torque, -0.06, 0.08, 0.12, 0.38, 0.08, -0.02, -0.08, robot_mode, normal, 
10/05/2022 14:09:19:382, robot_pos, 1652188050723, 472.78, 195.77, 234.15, 2.36, -0.06, 3.08, circuit_pos, 472.04, 200.86, 236.12, 2.35, -0.06, 3.08, tool_force, -1.15, 0.54, 0.63, actual_rep, 1, curr_step, 53, track_size, 99, robot_vel, 41.16, joints_pos, 34.18, 38.34, -16.67, -101.18, 22.55, 42.01, 49.34, tool_torque, -0.254, 0.265, -0.1, joint_torque, -0.28, -0.01, 0.01, 0.43, 0.1, -0.18, -0.08, robot_mode, normal, 
10/05/2022 14:09:19:536, robot_pos, 1652188050874, 472.86, 201.67, 234.88, 2.35, -0.06, 3.08, circuit_pos, 472.65, 206.71, 236.9, 2.35, -0.05, 3.07, tool_force, -1.09, 0.6, 0.06, actual_rep, 1, curr_step, 54, track_size, 99, robot_vel, 39.52, joints_pos, 34.81, 38.43, -16.69, -100.87, 22.45, 41.88, 50.3, tool_torque, -0.141, 0.408, -0.089, joint_torque, -0.4, -0.14, -0.07, 0.38, 0.13, 0.0, -0.07, robot_mode, normal, 
10/05/2022 14:09:19:683, robot_pos, 1652188051020, 473.21, 207.31, 235.68, 2.35, -0.05, 3.07, circuit_pos, 474.04, 212.37, 237.73, 2.34, -0.05, 3.07, tool_force, -0.43, 0.84, 0.11, actual_rep, 1, curr_step, 55, track_size, 99, robot_vel, 36.7, joints_pos, 35.42, 38.52, -16.73, -100.53, 22.33, 41.69, 51.38, tool_torque, -0.132, 0.34, -0.085, joint_torque, -0.15, -0.15, 0.06, 0.42, 0.14, -0.05, -0.08, robot_mode, normal, 
10/05/2022 14:09:19:836, robot_pos, 1652188051172, 474.59, 213.25, 236.43, 2.34, -0.05, 3.07, circuit_pos, 475.9, 217.82, 238.46, 2.34, -0.05, 3.07, tool_force, -0.9, 0.47, 0.74, actual_rep, 1, curr_step, 56, track_size, 99, robot_vel, 42.43, joints_pos, 35.95, 38.76, -16.76, -99.91, 22.24, 41.88, 52.33, tool_torque, -0.318, 0.232, -0.106, joint_torque, -0.13, -0.12, 0.08, 0.43, 0.14, -0.23, -0.1, robot_mode, normal, 
10/05/2022 14:09:19:994, robot_pos, 1652188051319, 476.67, 219.38, 236.65, 2.34, -0.05, 3.06, circuit_pos, 480.57, 228.14, 239.39, 2.32, -0.04, 3.06, tool_force, 0.22, 0.95, 4.72, actual_rep, 1, curr_step, 58, track_size, 99, robot_vel, 48.33, joints_pos, 36.46, 39.1, -16.75, -99.26, 22.14, 41.69, 53.43, tool_torque, -0.198, 0.755, -0.065, joint_torque, 0.4, 2.08, 1.08, -0.84, 0.5, 0.21, -0.06, robot_mode, normal, 
10/05/2022 14:09:20:141, robot_pos, 1652188051468, 479.12, 224.5, 235.69, 2.33, -0.04, 3.06, circuit_pos, 483.28, 232.74, 239.56, 2.32, -0.04, 3.06, tool_force, -3.59, -0.74, 11.32, actual_rep, 1, curr_step, 59, track_size, 99, robot_vel, 47.47, joints_pos, 36.83, 39.57, -16.77, -98.57, 22.14, 41.65, 54.52, tool_torque, -0.463, 1.43, -0.0060, joint_torque, -1.72, 5.83, 0.25, -2.86, 0.61, 0.19, 0.02, robot_mode, normal, 
10/05/2022 14:09:20:296, robot_pos, 1652188051617, 482.11, 230.29, 234.98, 2.32, -0.04, 3.06, circuit_pos, 483.28, 232.74, 239.56, 2.32, -0.04, 3.06, tool_force, -3.99, -0.84, 17.24, actual_rep, 1, curr_step, 59, track_size, 99, robot_vel, 41.02, joints_pos, 37.09, 40.11, -16.65, -97.66, 22.19, 41.79, 55.26, tool_torque, -0.662, 1.644, 0.0060, joint_torque, -1.39, 8.2, 0.96, -4.14, 0.87, 0.21, 0.0, robot_mode, normal, 
10/05/2022 14:09:20:441, robot_pos, 1652188051765, 485.5, 234.77, 234.46, 2.32, -0.04, 3.05, circuit_pos, 486.23, 237.14, 239.56, 2.31, -0.03, 3.05, tool_force, -4.11, -0.62, 19.04, actual_rep, 1, curr_step, 60, track_size, 99, robot_vel, 37.68, joints_pos, 37.3, 40.58, -16.64, -96.89, 22.18, 41.66, 55.99, tool_torque, -0.51, 2.065, 0.018, joint_torque, -1.38, 9.77, 1.44, -4.81, 1.04, 0.5, 0.01, robot_mode, normal, 
10/05/2022 14:09:20:588, robot_pos, 1652188051913, 486.85, 236.93, 234.15, 2.31, -0.04, 3.05, circuit_pos, 486.23, 237.14, 239.56, 2.31, -0.03, 3.05, tool_force, -3.64, 0.54, 21.76, actual_rep, 1, curr_step, 60, track_size, 99, robot_vel, 14.78, joints_pos, 37.57, 40.77, -16.75, -96.62, 22.0, 41.44, 56.6, tool_torque, -0.584, 2.075, 0.022, joint_torque, -1.1, 10.8, 1.89, -4.95, 1.14, 0.34, 0.03, robot_mode, normal, 
10/05/2022 14:09:20:739, robot_pos, 1652188052061, 486.81, 237.05, 234.1, 2.31, -0.04, 3.05, circuit_pos, 486.23, 237.14, 239.56, 2.31, -0.03, 3.05, tool_force, -3.66, -0.14, 21.85, actual_rep, 1, curr_step, 60, track_size, 99, robot_vel, 5.58, joints_pos, 37.57, 40.76, -16.73, -96.65, 22.04, 41.38, 56.61, tool_torque, -0.432, 2.057, 0.185, joint_torque, -1.28, 11.18, 1.79, -5.37, 1.16, 0.51, 0.19, robot_mode, normal, 
10/05/2022 14:09:20:890, robot_pos, 1652188052210, 486.98, 237.0, 234.07, 2.31, -0.04, 3.05, circuit_pos, 486.23, 237.14, 239.56, 2.31, -0.03, 3.05, tool_force, -3.92, 0.61, 20.69, actual_rep, 1, curr_step, 60, track_size, 99, robot_vel, 1.72, joints_pos, 37.52, 40.77, -16.69, -96.63, 22.04, 41.36, 56.58, tool_torque, -0.247, 1.767, 0.252, joint_torque, -1.29, 10.44, 1.39, -4.82, 1.04, 0.44, 0.23, robot_mode, normal, 
10/05/2022 14:09:21:045, robot_pos, 1652188052360, 487.17, 237.27, 235.09, 2.31, -0.04, 3.05, circuit_pos, 489.33, 241.33, 239.48, 2.31, -0.03, 3.05, tool_force, -2.8, -0.24, 15.2, actual_rep, 1, curr_step, 61, track_size, 99, robot_vel, 8.0, joints_pos, 37.54, 40.68, -16.69, -96.57, 21.91, 41.42, 56.71, tool_torque, -0.465, 1.384, 0.144, joint_torque, -0.95, 7.67, 1.02, -3.74, 0.91, 0.22, 0.09, robot_mode, normal, 
10/05/2022 14:09:21:192, robot_pos, 1652188052509, 491.19, 242.32, 234.58, 2.31, -0.04, 3.05, circuit_pos, 497.75, 251.1, 238.0, 2.29, -0.02, 3.06, tool_force, -5.38, -0.67, 18.29, actual_rep, 1, curr_step, 64, track_size, 99, robot_vel, 40.18, joints_pos, 37.66, 41.31, -16.57, -95.46, 21.8, 41.76, 57.51, tool_torque, -0.761, 1.892, -0.032, joint_torque, -2.31, 9.08, 0.51, -4.39, 0.92, 0.11, -0.05, robot_mode, normal, 
10/05/2022 14:09:21:349, robot_pos, 1652188052659, 496.4, 248.06, 233.31, 2.3, -0.03, 3.05, circuit_pos, 502.72, 255.49, 237.33, 2.29, -0.02, 3.06, tool_force, -4.07, -0.24, 19.07, actual_rep, 1, curr_step, 66, track_size, 99, robot_vel, 42.54, joints_pos, 37.92, 42.22, -16.63, -93.96, 21.33, 42.46, 58.86, tool_torque, -0.71, 1.846, 0.01, joint_torque, -1.62, 9.86, 1.22, -4.74, 1.05, 0.11, -0.01, robot_mode, normal, 
10/05/2022 14:09:21:493, robot_pos, 1652188052806, 502.38, 253.52, 233.36, 2.29, -0.03, 3.06, circuit_pos, 508.3, 259.25, 237.85, 2.28, -0.02, 3.06, tool_force, -4.92, -1.22, 16.23, actual_rep, 1, curr_step, 69, track_size, 99, robot_vel, 49.89, joints_pos, 38.15, 43.04, -16.72, -92.39, 20.83, 43.3, 60.09, tool_torque, -0.786, 1.724, -0.029, joint_torque, -2.44, 7.94, 0.33, -4.03, 0.8, 0.0, 0.0, robot_mode, normal, 
10/05/2022 14:09:21:650, robot_pos, 1652188052958, 507.92, 257.55, 233.41, 2.28, -0.03, 3.06, circuit_pos, 511.3, 260.41, 238.2, 2.28, -0.02, 3.06, tool_force, -5.71, -1.25, 17.08, actual_rep, 1, curr_step, 72, track_size, 99, robot_vel, 43.64, joints_pos, 38.19, 43.75, -16.77, -91.02, 20.6, 44.01, 61.02, tool_torque, -0.787, 1.69, -0.075, joint_torque, -2.82, 8.67, 0.06, -4.23, 0.74, -0.12, -0.07, robot_mode, normal, 
10/05/2022 14:09:21:795, robot_pos, 1652188053103, 511.3, 259.1, 233.07, 2.28, -0.02, 3.07, circuit_pos, 511.76, 260.09, 238.09, 2.28, -0.02, 3.07, tool_force, -5.74, -0.74, 18.44, actual_rep, 1, curr_step, 74, track_size, 99, robot_vel, 21.73, joints_pos, 38.19, 44.29, -16.85, -90.07, 20.15, 44.88, 61.6, tool_torque, -0.629, 1.949, -0.035, joint_torque, -2.89, 9.86, 0.37, -4.95, 0.87, 0.12, -0.02, robot_mode, normal, 
10/05/2022 14:09:21:949, robot_pos, 1652188053254, 511.95, 259.35, 234.01, 2.28, -0.03, 3.06, circuit_pos, 511.63, 259.88, 237.94, 2.28, -0.02, 3.07, tool_force, -3.55, 0.77, 10.79, actual_rep, 1, curr_step, 77, track_size, 99, robot_vel, 12.5, joints_pos, 38.12, 44.2, -16.8, -90.02, 20.27, 44.83, 61.51, tool_torque, -0.237, 0.844, 0.164, joint_torque, -2.0, 5.24, -0.31, -2.25, 0.41, -0.13, 0.17, robot_mode, normal, 
10/05/2022 14:09:22:095, robot_pos, 1652188053401, 512.39, 259.97, 236.27, 2.28, -0.02, 3.07, circuit_pos, 511.79, 260.02, 238.44, 2.28, -0.01, 3.07, tool_force, -0.47, 1.22, 1.08, actual_rep, 1, curr_step, 79, track_size, 99, robot_vel, 18.99, joints_pos, 38.24, 44.1, -16.84, -89.78, 19.57, 45.25, 62.13, tool_torque, -0.162, 0.165, -0.056, joint_torque, 0.05, 0.06, 0.16, 0.48, 0.16, -0.22, -0.07, robot_mode, normal, 
10/05/2022 14:09:22:250, robot_pos, 1652188053552, 512.27, 260.23, 237.18, 2.28, -0.01, 3.07, circuit_pos, 511.9, 260.12, 238.46, 2.28, -0.01, 3.06, tool_force, -0.5, 1.36, -0.49, actual_rep, 1, curr_step, 81, track_size, 99, robot_vel, 8.66, joints_pos, 38.51, 43.98, -16.97, -89.87, 18.88, 44.93, 62.78, tool_torque, 0.119, 0.226, -0.046, joint_torque, 0.09, -0.08, 0.14, 0.5, 0.13, 0.03, -0.06, robot_mode, normal, 
10/05/2022 14:09:22:403, robot_pos, 1652188053699, 511.92, 260.26, 237.1, 2.28, -0.01, 3.06, circuit_pos, 512.03, 260.26, 238.11, 2.28, -0.01, 3.07, tool_force, 0.4, 1.87, 0.18, actual_rep, 1, curr_step, 84, track_size, 99, robot_vel, 5.15, joints_pos, 38.48, 43.9, -16.95, -90.05, 19.29, 44.68, 62.51, tool_torque, 0.24, -0.248, 0.303, joint_torque, 0.06, 0.03, -0.07, 0.53, 0.06, -0.14, 0.31, robot_mode, normal, 
10/05/2022 14:09:22:552, robot_pos, 1652188053849, 512.34, 260.43, 236.83, 2.28, -0.01, 3.07, circuit_pos, 512.03, 260.28, 238.04, 2.28, -0.02, 3.07, tool_force, -0.07, 1.03, 0.4, actual_rep, 1, curr_step, 87, track_size, 99, robot_vel, 5.92, joints_pos, 38.51, 44.06, -16.97, -89.78, 18.88, 45.1, 62.8, tool_torque, -0.123, -0.044, 0.028, joint_torque, 0.31, -0.07, 0.16, 0.51, 0.13, -0.25, 0.0, robot_mode, normal, 
10/05/2022 14:09:22:704, robot_pos, 1652188053999, 512.23, 260.44, 236.83, 2.28, -0.02, 3.07, circuit_pos, 512.03, 260.28, 238.03, 2.28, -0.02, 3.07, tool_force, 0.05, 1.37, 0.48, actual_rep, 1, curr_step, 89, track_size, 99, robot_vel, 3.62, joints_pos, 38.33, 44.07, -16.91, -89.75, 19.58, 45.34, 62.3, tool_torque, 0.064, -0.333, 0.371, joint_torque, -0.22, 0.03, -0.29, 0.4, 0.05, -0.25, 0.4, robot_mode, normal, 
10/05/2022 14:09:22:854, robot_pos, 1652188054146, 512.41, 260.31, 236.76, 2.28, -0.02, 3.07, circuit_pos, 512.03, 260.29, 238.03, 2.28, -0.01, 3.07, tool_force, 0.18, 1.25, -0.48, actual_rep, 1, curr_step, 92, track_size, 99, robot_vel, 3.69, joints_pos, 38.44, 44.08, -17.0, -89.77, 19.31, 45.21, 62.45, tool_torque, 0.117, -0.036, 0.178, joint_torque, 0.04, -0.29, 0.0, 0.52, 0.12, -0.05, 0.16, robot_mode, normal, 
10/05/2022 14:09:23:003, robot_pos, 1652188054294, 512.2, 260.65, 236.85, 2.28, -0.01, 3.07, circuit_pos, 512.04, 260.29, 238.03, 2.28, -0.01, 3.07, tool_force, 0.03, 1.55, 0.02, actual_rep, 1, curr_step, 94, track_size, 99, robot_vel, 9.48, joints_pos, 38.62, 44.07, -17.08, -89.78, 18.92, 45.12, 62.83, tool_torque, 0.09, 0.053, 0.066, joint_torque, 0.2, -0.1, 0.17, 0.53, 0.13, -0.07, 0.07, robot_mode, normal, 
10/05/2022 14:09:23:156, robot_pos, 1652188054445, 512.27, 260.53, 236.83, 2.28, -0.01, 3.07, circuit_pos, 512.04, 260.29, 238.03, 2.28, -0.01, 3.07, tool_force, -0.05, 1.66, -0.03, actual_rep, 1, curr_step, 97, track_size, 99, robot_vel, 2.2, joints_pos, 38.59, 44.07, -17.07, -89.78, 18.97, 45.12, 62.78, tool_torque, 0.157, -0.073, 0.162, joint_torque, 0.04, -0.07, -0.04, 0.52, 0.09, -0.08, 0.16, robot_mode, normal, 
10/05/2022 14:09:23:340, robot_pos, 1652188054593, 512.29, 260.48, 236.84, 2.28, -0.01, 3.07, circuit_pos, 512.04, 260.29, 238.03, 2.28, -0.01, 3.07, tool_force, -0.12, 1.55, -0.02, actual_rep, 1, curr_step, 97, track_size, 99, robot_vel, 0.31, joints_pos, 38.58, 44.07, -17.07, -89.78, 18.97, 45.12, 62.78, tool_torque, 0.139, -0.075, 0.171, joint_torque, -0.03, -0.11, -0.1, 0.5, 0.09, -0.09, 0.16, robot_mode, normal, 
10/05/2022 14:09:23:472, robot_pos, 1652188054745, 512.29, 260.47, 236.84, 2.28, -0.01, 3.07, circuit_pos, 512.04, 260.29, 238.03, 2.28, -0.01, 3.07, tool_force, -0.08, 1.57, -0.07, actual_rep, 1, curr_step, 95, track_size, 99, robot_vel, 0.22, joints_pos, 38.58, 44.07, -17.07, -89.78, 18.97, 45.12, 62.78, tool_torque, 0.149, -0.088, 0.175, joint_torque, 0.01, -0.11, -0.09, 0.52, 0.09, -0.09, 0.16, robot_mode, normal, 
10/05/2022 14:09:23:601, robot_pos, 1652188054893, 512.29, 260.47, 236.84, 2.28, -0.01, 3.07, circuit_pos, 512.03, 260.29, 238.03, 2.28, -0.01, 3.07, tool_force, -0.08, 1.57, -0.05, actual_rep, 1, curr_step, 92, track_size, 99, robot_vel, 0.03, joints_pos, 38.58, 44.07, -17.07, -89.78, 18.96, 45.12, 62.78, tool_torque, 0.147, -0.083, 0.174, joint_torque, -0.01, -0.11, -0.1, 0.51, 0.1, -0.09, 0.16, robot_mode, normal, 
10/05/2022 14:09:23:758, robot_pos, 1652188055041, 512.29, 260.47, 236.84, 2.28, -0.01, 3.07, circuit_pos, 512.03, 260.28, 238.03, 2.28, -0.01, 3.07, tool_force, -0.11, 1.58, -0.05, actual_rep, 1, curr_step, 90, track_size, 99, robot_vel, 0.04, joints_pos, 38.58, 44.07, -17.07, -89.78, 18.96, 45.12, 62.78, tool_torque, 0.141, -0.072, 0.16, joint_torque, 0.0, -0.11, -0.1, 0.52, 0.1, -0.09, 0.14, robot_mode, normal, 
10/05/2022 14:09:23:904, robot_pos, 1652188055189, 512.05, 260.68, 236.89, 2.28, -0.01, 3.07, circuit_pos, 512.03, 260.28, 238.04, 2.28, -0.02, 3.07, tool_force, 0.32, 1.45, 0.12, actual_rep, 1, curr_step, 87, track_size, 99, robot_vel, 5.47, joints_pos, 38.48, 44.06, -16.96, -89.76, 19.21, 45.27, 62.66, tool_torque, 0.059, -0.381, 0.281, joint_torque, 0.13, -0.07, -0.19, 0.46, 0.05, -0.25, 0.27, robot_mode, normal, 
10/05/2022 14:09:24:062, robot_pos, 1652188055337, 512.26, 260.35, 236.83, 2.28, -0.02, 3.07, circuit_pos, 512.03, 260.26, 238.11, 2.28, -0.01, 3.07, tool_force, 0.55, 1.54, 0.17, actual_rep, 1, curr_step, 84, track_size, 99, robot_vel, 2.76, joints_pos, 38.34, 44.07, -16.92, -89.75, 19.56, 45.35, 62.28, tool_torque, 0.168, -0.548, 0.399, joint_torque, 0.4, 0.0, -0.04, 0.51, 0.09, -0.21, 0.34, robot_mode, normal, 
10/05/2022 14:09:24:205, robot_pos, 1652188055486, 512.23, 260.43, 236.9, 2.28, -0.01, 3.07, circuit_pos, 511.9, 260.12, 238.24, 2.28, -0.01, 3.07, tool_force, -0.71, 1.2, -0.5, actual_rep, 1, curr_step, 82, track_size, 99, robot_vel, 3.33, joints_pos, 38.6, 44.06, -17.08, -89.79, 18.89, 45.14, 62.84, tool_torque, 0.035, 0.187, -0.0060, joint_torque, -0.05, -0.37, 0.0, 0.55, 0.13, -0.04, -0.02, robot_mode, normal, 
10/05/2022 14:09:24:358, robot_pos, 1652188055637, 512.59, 260.52, 237.26, 2.28, -0.01, 3.06, circuit_pos, 511.79, 260.02, 238.44, 2.28, -0.01, 3.07, tool_force, -0.32, 2.03, -0.28, actual_rep, 1, curr_step, 79, track_size, 99, robot_vel, 10.09, joints_pos, 38.58, 43.98, -17.07, -89.89, 19.09, 44.75, 62.68, tool_torque, 0.339, -0.028, 0.238, joint_torque, -0.14, -0.19, -0.1, 0.62, 0.06, 0.05, 0.28, robot_mode, normal, 
10/05/2022 14:09:24:507, robot_pos, 1652188055785, 511.63, 259.92, 237.25, 2.28, -0.01, 3.07, circuit_pos, 511.63, 259.88, 237.94, 2.28, -0.02, 3.07, tool_force, -0.09, 2.02, 0.33, actual_rep, 1, curr_step, 77, track_size, 99, robot_vel, 6.0, joints_pos, 38.55, 43.89, -17.05, -90.05, 19.15, 44.86, 62.57, tool_torque, 0.099, -0.171, 0.251, joint_torque, -0.08, -0.03, -0.13, 0.67, 0.11, -0.26, 0.25, robot_mode, normal, 
10/05/2022 14:09:24:660, robot_pos, 1652188055932, 511.87, 260.5, 236.8, 2.28, -0.01, 3.07, circuit_pos, 511.76, 260.09, 238.09, 2.28, -0.02, 3.07, tool_force, 0.52, 0.65, -0.27, actual_rep, 1, curr_step, 74, track_size, 99, robot_vel, 7.91, joints_pos, 38.49, 44.05, -16.98, -89.81, 19.25, 45.26, 62.62, tool_torque, -0.053, -0.391, 0.223, joint_torque, 0.21, -0.35, -0.18, 0.46, 0.05, -0.27, 0.22, robot_mode, normal, 
10/05/2022 14:09:24:809, robot_pos, 1652188056081, 512.18, 260.35, 236.88, 2.28, -0.02, 3.07, circuit_pos, 510.53, 260.4, 238.15, 2.28, -0.02, 3.07, tool_force, 0.62, 1.65, -0.25, actual_rep, 1, curr_step, 71, track_size, 99, robot_vel, 3.89, joints_pos, 38.38, 44.02, -16.95, -89.84, 19.62, 45.13, 62.25, tool_torque, 0.352, -0.469, 0.394, joint_torque, 0.39, -0.04, -0.1, 0.48, 0.07, -0.04, 0.35, robot_mode, normal, 
10/05/2022 14:09:24:959, robot_pos, 1652188056229, 510.85, 260.41, 236.96, 2.28, -0.02, 3.06, circuit_pos, 508.3, 259.25, 237.85, 2.28, -0.02, 3.06, tool_force, 0.26, 1.77, -0.35, actual_rep, 1, curr_step, 69, track_size, 99, robot_vel, 12.49, joints_pos, 38.41, 43.86, -16.91, -90.15, 19.89, 44.91, 62.08, tool_torque, 0.247, -0.355, 0.39, joint_torque, -0.12, -0.03, -0.29, 0.54, 0.05, -0.17, 0.4, robot_mode, normal, 
10/05/2022 14:09:25:114, robot_pos, 1652188056379, 507.67, 259.18, 236.26, 2.28, -0.02, 3.06, circuit_pos, 502.72, 255.49, 237.33, 2.29, -0.02, 3.06, tool_force, -0.29, 3.42, -0.02, actual_rep, 1, curr_step, 66, track_size, 99, robot_vel, 32.88, joints_pos, 38.57, 43.53, -16.95, -90.92, 19.86, 44.35, 62.02, tool_torque, 0.525, -0.097, 0.381, joint_torque, -0.29, 0.3, -0.17, 0.63, 0.08, -0.01, 0.43, robot_mode, normal, 
10/05/2022 14:09:25:258, robot_pos, 1652188056526, 503.47, 255.84, 236.35, 2.29, -0.02, 3.06, circuit_pos, 497.75, 251.1, 238.0, 2.29, -0.02, 3.06, tool_force, -0.97, 2.9, 0.17, actual_rep, 1, curr_step, 64, track_size, 99, robot_vel, 43.85, joints_pos, 38.58, 42.99, -16.97, -91.95, 19.87, 43.88, 61.24, tool_torque, 0.441, -0.0040, 0.38, joint_torque, -0.46, 0.07, -0.23, 0.65, 0.07, 0.05, 0.44, robot_mode, normal, 
10/05/2022 14:09:25:412, robot_pos, 1652188056675, 497.94, 251.28, 237.3, 2.29, -0.02, 3.06, circuit_pos, 489.33, 241.33, 239.48, 2.31, -0.03, 3.05, tool_force, 0.89, 2.85, -0.38, actual_rep, 1, curr_step, 61, track_size, 99, robot_vel, 49.48, joints_pos, 38.48, 42.13, -16.96, -93.39, 20.26, 43.26, 60.29, tool_torque, 0.625, -0.461, 0.459, joint_torque, 0.4, 0.36, 0.04, 0.56, 0.05, 0.05, 0.45, robot_mode, normal, 
10/05/2022 14:09:25:560, robot_pos, 1652188056823, 492.99, 245.2, 237.7, 2.3, -0.03, 3.05, circuit_pos, 486.23, 237.14, 239.56, 2.31, -0.03, 3.05, tool_force, 0.75, 2.2, -0.86, actual_rep, 1, curr_step, 60, track_size, 99, robot_vel, 48.04, joints_pos, 38.2, 41.33, -16.96, -94.86, 20.92, 42.52, 58.78, tool_torque, 0.549, -0.379, 0.457, joint_torque, 0.05, -0.17, -0.24, 0.59, 0.06, 0.07, 0.46, robot_mode, normal, 
10/05/2022 14:09:25:712, robot_pos, 1652188056972, 488.33, 239.52, 238.13, 2.31, -0.03, 3.05, circuit_pos, 483.28, 232.74, 239.56, 2.32, -0.04, 3.06, tool_force, 0.46, 3.14, 0.51, actual_rep, 1, curr_step, 59, track_size, 99, robot_vel, 53.34, joints_pos, 38.0, 40.6, -16.99, -96.17, 21.13, 41.95, 57.8, tool_torque, 0.613, -0.4, 0.45, joint_torque, 0.36, 0.15, 0.08, 0.62, 0.06, 0.07, 0.46, robot_mode, normal, 
10/05/2022 14:09:25:863, robot_pos, 1652188057121, 484.24, 233.83, 238.35, 2.32, -0.04, 3.06, circuit_pos, 480.57, 228.14, 239.39, 2.32, -0.04, 3.06, tool_force, 0.88, 1.97, -0.32, actual_rep, 1, curr_step, 58, track_size, 99, robot_vel, 48.01, joints_pos, 37.64, 40.09, -17.01, -97.08, 21.53, 42.24, 56.46, tool_torque, 0.229, -0.522, 0.429, joint_torque, 0.24, -0.13, -0.03, 0.52, 0.04, -0.22, 0.46, robot_mode, normal, 
10/05/2022 14:09:26:048, robot_pos, 1652188057274, 481.06, 227.95, 238.03, 2.32, -0.04, 3.06, circuit_pos, 477.68, 222.3, 238.92, 2.33, -0.04, 3.06, tool_force, 0.06, 2.37, 0.37, actual_rep, 1, curr_step, 57, track_size, 99, robot_vel, 44.3, joints_pos, 37.29, 39.63, -17.03, -98.02, 21.71, 42.0, 55.43, tool_torque, 0.521, -0.311, 0.412, joint_torque, 0.11, 0.2, -0.03, 0.65, 0.05, 0.0, 0.44, robot_mode, normal, 
10/05/2022 14:09:26:170, robot_pos, 1652188057419, 478.16, 222.24, 237.72, 2.33, -0.04, 3.06, circuit_pos, 474.04, 212.37, 237.73, 2.34, -0.05, 3.07, tool_force, 1.13, 2.3, -0.58, actual_rep, 1, curr_step, 55, track_size, 99, robot_vel, 40.25, joints_pos, 36.92, 39.21, -17.06, -98.89, 21.91, 41.87, 54.18, tool_torque, 0.349, -0.4, 0.398, joint_torque, 0.17, -0.2, -0.08, 0.54, 0.05, -0.12, 0.42, robot_mode, normal, 
10/05/2022 14:09:26:349, robot_pos, 1652188057572, 476.08, 216.32, 236.93, 2.34, -0.05, 3.07, circuit_pos, 472.65, 206.71, 236.9, 2.35, -0.05, 3.07, tool_force, 0.64, 2.43, 0.25, actual_rep, 1, curr_step, 54, track_size, 99, robot_vel, 44.76, joints_pos, 36.44, 38.96, -17.07, -99.53, 22.15, 41.94, 53.1, tool_torque, 0.299, -0.387, 0.388, joint_torque, 0.12, 0.14, -0.06, 0.61, 0.06, -0.2, 0.41, robot_mode, normal, 
10/05/2022 14:09:26:465, robot_pos, 1652188057715, 474.33, 210.71, 236.42, 2.34, -0.05, 3.07, circuit_pos, 472.04, 200.86, 236.12, 2.35, -0.06, 3.08, tool_force, 0.38, 2.57, 0.04, actual_rep, 1, curr_step, 53, track_size, 99, robot_vel, 43.15, joints_pos, 36.0, 38.67, -17.08, -100.2, 22.27, 41.77, 51.93, tool_torque, 0.565, -0.274, 0.397, joint_torque, 0.16, 0.11, -0.03, 0.62, 0.06, 0.03, 0.41, robot_mode, normal, 
10/05/2022 14:09:26:657, robot_pos, 1652188057868, 473.16, 204.85, 235.58, 2.35, -0.05, 3.08, circuit_pos, 472.12, 194.89, 235.39, 2.36, -0.06, 3.08, tool_force, 0.65, 2.37, 0.4, actual_rep, 1, curr_step, 52, track_size, 99, robot_vel, 40.57, joints_pos, 35.45, 38.53, -17.1, -100.64, 22.48, 41.99, 50.96, tool_torque, 0.326, -0.452, 0.383, joint_torque, 0.33, 0.08, 0.05, 0.6, 0.06, -0.22, 0.4, robot_mode, normal, 
10/05/2022 14:09:26:769, robot_pos, 1652188058015, 472.85, 199.1, 234.72, 2.35, -0.06, 3.08, circuit_pos, 472.86, 188.82, 234.79, 2.36, -0.06, 3.08, tool_force, 0.48, 2.45, 0.02, actual_rep, 1, curr_step, 51, track_size, 99, robot_vel, 37.76, joints_pos, 34.86, 38.44, -17.11, -101.0, 22.64, 42.07, 49.78, tool_torque, 0.357, -0.455, 0.385, joint_torque, 0.39, 0.11, 0.09, 0.64, 0.06, -0.2, 0.39, robot_mode, normal, 
10/05/2022 14:09:26:920, robot_pos, 1652188058163, 472.97, 193.3, 234.2, 2.36, -0.06, 3.08, circuit_pos, 474.0, 183.53, 234.35, 2.37, -0.06, 3.08, tool_force, 0.1, 2.6, 0.17, actual_rep, 1, curr_step, 50, track_size, 99, robot_vel, 42.19, joints_pos, 34.32, 38.34, -17.16, -101.32, 22.75, 42.04, 48.9, tool_torque, 0.459, -0.312, 0.346, joint_torque, 0.22, 0.11, 0.0, 0.6, 0.04, -0.08, 0.36, robot_mode, normal, 
10/05/2022 14:09:27:069, robot_pos, 1652188058312, 473.7, 187.52, 233.65, 2.36, -0.06, 3.08, circuit_pos, 475.44, 178.11, 233.97, 2.37, -0.06, 3.08, tool_force, 0.14, 2.49, -0.03, actual_rep, 1, curr_step, 49, track_size, 99, robot_vel, 39.73, joints_pos, 33.73, 38.29, -17.21, -101.55, 22.85, 42.01, 47.7, tool_torque, 0.491, -0.282, 0.345, joint_torque, 0.31, 0.14, 0.06, 0.62, 0.04, -0.05, 0.35, robot_mode, normal, 
10/05/2022 14:09:27:220, robot_pos, 1652188058461, 474.92, 181.72, 233.19, 2.37, -0.06, 3.08, circuit_pos, 477.2, 172.62, 233.55, 2.37, -0.06, 3.08, tool_force, 0.13, 2.66, 0.17, actual_rep, 1, curr_step, 48, track_size, 99, robot_vel, 42.27, joints_pos, 33.1, 38.27, -17.25, -101.68, 22.93, 42.01, 46.8, tool_torque, 0.529, -0.294, 0.344, joint_torque, 0.42, 0.21, 0.14, 0.61, 0.05, -0.04, 0.34, robot_mode, normal, 
10/05/2022 14:09:27:371, robot_pos, 1652188058613, 476.48, 175.88, 232.79, 2.37, -0.06, 3.08, circuit_pos, 478.97, 167.29, 233.08, 2.37, -0.06, 3.08, tool_force, 0.05, 2.27, -0.22, actual_rep, 1, curr_step, 47, track_size, 99, robot_vel, 39.27, joints_pos, 32.46, 38.28, -17.29, -101.77, 23.01, 42.0, 45.98, tool_torque, 0.487, -0.251, 0.339, joint_torque, 0.23, 0.02, 0.0, 0.59, 0.04, -0.02, 0.34, robot_mode, normal, 
10/05/2022 14:09:27:522, robot_pos, 1652188058762, 478.25, 170.16, 232.23, 2.37, -0.06, 3.08, circuit_pos, 480.96, 161.51, 232.39, 2.37, -0.06, 3.08, tool_force, 0.36, 2.46, -0.31, actual_rep, 1, curr_step, 46, track_size, 99, robot_vel, 42.19, joints_pos, 31.79, 38.33, -17.3, -101.81, 23.1, 41.98, 45.19, tool_torque, 0.51, -0.214, 0.352, joint_torque, 0.09, -0.04, -0.09, 0.59, 0.04, 0.0, 0.36, robot_mode, normal, 
10/05/2022 14:09:27:687, robot_pos, 1652188058911, 480.15, 163.76, 231.49, 2.37, -0.06, 3.08, circuit_pos, 483.04, 156.04, 231.64, 2.37, -0.06, 3.09, tool_force, 0.28, 2.01, -0.21, actual_rep, 1, curr_step, 45, track_size, 99, robot_vel, 42.37, joints_pos, 31.04, 38.42, -17.32, -101.81, 23.15, 41.99, 44.38, tool_torque, 0.416, -0.277, 0.34, joint_torque, 0.27, -0.15, 0.02, 0.51, 0.06, -0.04, 0.34, robot_mode, normal, 
10/05/2022 14:09:27:820, robot_pos, 1652188059061, 482.17, 158.42, 230.85, 2.37, -0.06, 3.09, circuit_pos, 485.37, 150.81, 230.98, 2.37, -0.06, 3.09, tool_force, 0.09, 1.53, 0.43, actual_rep, 1, curr_step, 44, track_size, 99, robot_vel, 42.86, joints_pos, 30.48, 38.57, -17.41, -101.66, 22.94, 42.26, 43.94, tool_torque, 0.139, -0.286, 0.313, joint_torque, 0.08, 0.08, -0.04, 0.39, 0.11, -0.22, 0.33, robot_mode, normal, 
10/05/2022 14:09:27:973, robot_pos, 1652188059212, 484.67, 152.63, 230.09, 2.37, -0.06, 3.09, circuit_pos, 488.14, 145.72, 230.36, 2.37, -0.06, 3.09, tool_force, 1.1, 1.44, -0.03, actual_rep, 1, curr_step, 43, track_size, 99, robot_vel, 44.33, joints_pos, 29.8, 38.75, -17.43, -101.5, 22.88, 42.4, 43.31, tool_torque, 0.147, -0.401, 0.33, joint_torque, 0.22, -0.19, -0.04, 0.39, 0.11, -0.23, 0.33, robot_mode, normal, 
10/05/2022 14:09:28:127, robot_pos, 1652188059363, 487.8, 146.76, 229.45, 2.37, -0.06, 3.09, circuit_pos, 491.33, 140.66, 229.82, 2.38, -0.06, 3.09, tool_force, 0.92, 1.34, -0.08, actual_rep, 1, curr_step, 42, track_size, 99, robot_vel, 46.76, joints_pos, 29.04, 38.97, -17.43, -101.23, 22.87, 42.56, 42.45, tool_torque, 0.175, -0.422, 0.347, joint_torque, 0.28, -0.06, -0.04, 0.34, 0.12, -0.23, 0.33, robot_mode, normal, 
10/05/2022 14:09:28:275, robot_pos, 1652188059510, 491.17, 141.03, 228.77, 2.38, -0.06, 3.09, circuit_pos, 494.57, 136.11, 229.4, 2.38, -0.06, 3.1, tool_force, 0.39, 1.12, 0.27, actual_rep, 1, curr_step, 41, track_size, 99, robot_vel, 44.55, joints_pos, 28.29, 39.26, -17.43, -100.81, 22.74, 42.93, 41.61, tool_torque, 0.066, -0.335, 0.334, joint_torque, -0.03, -0.14, -0.19, 0.37, 0.13, -0.28, 0.34, robot_mode, normal, 
10/05/2022 14:09:28:431, robot_pos, 1652188059660, 495.41, 135.34, 228.23, 2.38, -0.06, 3.1, circuit_pos, 501.06, 127.92, 228.67, 2.38, -0.07, 3.1, tool_force, 0.98, 1.93, 0.42, actual_rep, 1, curr_step, 39, track_size, 99, robot_vel, 49.19, joints_pos, 27.54, 39.63, -17.44, -100.21, 22.39, 43.43, 41.17, tool_torque, 0.188, -0.408, 0.337, joint_torque, 0.34, 0.0, -0.05, 0.38, 0.13, -0.28, 0.32, robot_mode, normal, 
10/05/2022 14:09:28:579, robot_pos, 1652188059810, 500.01, 129.42, 227.82, 2.38, -0.06, 3.1, circuit_pos, 504.91, 123.84, 228.4, 2.37, -0.06, 3.1, tool_force, 0.41, 0.99, -0.14, actual_rep, 1, curr_step, 38, track_size, 99, robot_vel, 49.77, joints_pos, 26.62, 40.03, -17.4, -99.53, 22.59, 44.04, 40.33, tool_torque, 0.093, -0.439, 0.32, joint_torque, 0.15, -0.21, -0.17, 0.32, 0.07, -0.28, 0.3, robot_mode, normal, 
10/05/2022 14:09:28:729, robot_pos, 1652188059960, 505.62, 123.5, 227.17, 2.37, -0.06, 3.1, circuit_pos, 512.54, 116.38, 227.7, 2.37, -0.05, 3.1, tool_force, 1.05, 1.0, 0.11, actual_rep, 1, curr_step, 36, track_size, 99, robot_vel, 55.16, joints_pos, 25.85, 40.48, -17.44, -98.82, 22.43, 44.22, 40.15, tool_torque, 0.125, -0.462, 0.32, joint_torque, 0.46, -0.09, 0.07, 0.37, 0.13, -0.27, 0.29, robot_mode, normal, 
10/05/2022 14:09:28:881, robot_pos, 1652188060109, 511.45, 117.78, 226.62, 2.37, -0.05, 3.1, circuit_pos, 518.08, 110.8, 225.78, 2.36, -0.05, 3.1, tool_force, -0.44, 1.36, 0.41, actual_rep, 1, curr_step, 34, track_size, 99, robot_vel, 54.68, joints_pos, 25.16, 40.94, -17.51, -98.06, 22.04, 44.25, 39.97, tool_torque, 0.121, -0.06, 0.237, joint_torque, -0.13, 0.19, -0.16, 0.25, 0.13, -0.08, 0.21, robot_mode, normal, 
10/05/2022 14:09:29:034, robot_pos, 1652188060259, 516.93, 112.27, 224.9, 2.36, -0.05, 3.1, circuit_pos, 523.37, 106.24, 223.12, 2.35, -0.04, 3.1, tool_force, 0.57, 1.48, 0.18, actual_rep, 1, curr_step, 32, track_size, 99, robot_vel, 55.47, joints_pos, 24.42, 41.51, -17.51, -97.32, 22.03, 44.33, 39.84, tool_torque, 0.13, -0.33, 0.27, joint_torque, 0.34, -0.11, 0.01, 0.37, 0.13, -0.2, 0.25, robot_mode, normal, 
10/05/2022 14:09:29:183, robot_pos, 1652188060409, 522.75, 107.66, 222.17, 2.36, -0.04, 3.1, circuit_pos, 533.09, 100.96, 218.68, 2.35, -0.03, 3.11, tool_force, -0.14, 1.16, -0.07, actual_rep, 1, curr_step, 29, track_size, 99, robot_vel, 49.43, joints_pos, 23.8, 42.24, -17.51, -96.48, 21.82, 44.26, 39.86, tool_torque, 0.127, -0.119, 0.188, joint_torque, 0.09, 0.11, -0.13, 0.21, 0.14, -0.09, 0.12, robot_mode, normal, 
10/05/2022 14:09:29:330, robot_pos, 1652188060558, 528.51, 104.91, 219.93, 2.35, -0.04, 3.11, circuit_pos, 547.94, 99.45, 214.4, 2.35, -0.02, 3.11, tool_force, 0.06, 0.92, 0.47, actual_rep, 1, curr_step, 26, track_size, 99, robot_vel, 47.95, joints_pos, 23.39, 42.98, -17.49, -95.49, 21.35, 44.42, 40.1, tool_torque, 0.049, -0.299, 0.082, joint_torque, 0.56, 0.22, 0.1, 0.28, 0.15, -0.22, -0.03, robot_mode, normal, 
10/05/2022 14:09:29:482, robot_pos, 1652188060709, 534.35, 103.39, 218.0, 2.35, -0.03, 3.11, circuit_pos, 547.94, 99.45, 214.4, 2.35, -0.02, 3.11, tool_force, 0.31, 0.21, -0.57, actual_rep, 1, curr_step, 26, track_size, 99, robot_vel, 37.76, joints_pos, 23.08, 43.69, -17.49, -94.5, 21.11, 44.51, 40.23, tool_torque, -0.06, -0.281, 0.064, joint_torque, 0.24, -0.18, -0.17, 0.32, 0.13, -0.25, -0.03, robot_mode, normal, 
10/05/2022 14:09:29:630, robot_pos, 1652188060857, 540.06, 101.86, 216.06, 2.35, -0.03, 3.11, circuit_pos, 547.94, 99.45, 214.4, 2.35, -0.02, 3.11, tool_force, -0.54, 0.84, 1.14, actual_rep, 1, curr_step, 26, track_size, 99, robot_vel, 46.32, joints_pos, 22.78, 44.4, -17.49, -93.5, 20.85, 44.67, 40.39, tool_torque, -0.035, -0.207, 0.05, joint_torque, 0.24, -0.14, -0.1, 0.49, 0.14, -0.25, -0.03, robot_mode, normal, 
10/05/2022 14:09:29:786, robot_pos, 1652188061008, 545.94, 100.66, 214.21, 2.35, -0.02, 3.11, circuit_pos, 552.75, 100.33, 213.06, 2.35, -0.01, 3.11, tool_force, 0.03, 0.2, -0.09, actual_rep, 1, curr_step, 25, track_size, 99, robot_vel, 42.02, joints_pos, 22.51, 45.12, -17.49, -92.44, 20.6, 44.79, 40.58, tool_torque, -0.124, -0.134, 0.014, joint_torque, -0.04, -0.31, -0.28, 0.39, 0.13, -0.22, -0.06, robot_mode, normal, 
10/05/2022 14:09:29:931, robot_pos, 1652188061157, 551.62, 101.12, 212.51, 2.35, -0.01, 3.11, circuit_pos, 561.73, 103.94, 210.6, 2.35, -0.01, 3.12, tool_force, -0.24, 0.91, -0.08, actual_rep, 1, curr_step, 23, track_size, 99, robot_vel, 42.38, joints_pos, 22.42, 45.81, -17.47, -91.4, 20.23, 44.87, 41.01, tool_torque, -0.075, -0.176, 0.026, joint_torque, 0.03, 0.06, -0.27, 0.27, 0.14, -0.24, -0.08, robot_mode, normal, 
10/05/2022 14:09:30:084, robot_pos, 1652188061308, 557.38, 102.61, 210.85, 2.35, -0.01, 3.12, circuit_pos, 566.75, 106.83, 209.31, 2.35, -0.02, 3.12, tool_force, 0.21, 0.68, 0.23, actual_rep, 1, curr_step, 22, track_size, 99, robot_vel, 42.09, joints_pos, 22.39, 46.61, -17.46, -90.14, 19.8, 45.43, 41.59, tool_torque, -0.0070, -0.34, 0.058, joint_torque, 0.55, -0.04, -0.01, 0.37, 0.14, -0.27, -0.07, robot_mode, normal, 
10/05/2022 14:09:30:238, robot_pos, 1652188061457, 563.15, 105.25, 209.36, 2.35, -0.01, 3.12, circuit_pos, 572.02, 110.24, 208.21, 2.35, -0.02, 3.12, tool_force, 0.59, 0.41, -0.36, actual_rep, 1, curr_step, 21, track_size, 99, robot_vel, 48.1, joints_pos, 22.33, 47.46, -17.38, -88.72, 19.74, 46.29, 41.98, tool_torque, -0.041, -0.426, 0.041, joint_torque, 0.5, -0.09, -0.14, 0.22, 0.1, -0.29, -0.09, robot_mode, normal, 
10/05/2022 14:09:30:387, robot_pos, 1652188061609, 569.11, 108.36, 207.93, 2.35, -0.02, 3.12, circuit_pos, 577.4, 114.29, 207.37, 2.35, -0.02, 3.12, tool_force, 0.52, 0.45, 0.3, actual_rep, 1, curr_step, 20, track_size, 99, robot_vel, 41.28, joints_pos, 22.29, 48.25, -17.27, -87.38, 19.83, 46.93, 42.24, tool_torque, 0.046, -0.423, 0.046, joint_torque, 0.53, -0.33, -0.17, 0.45, 0.06, -0.27, -0.07, robot_mode, normal, 
10/05/2022 14:09:30:542, robot_pos, 1652188061761, 574.91, 112.38, 206.82, 2.35, -0.02, 3.12, circuit_pos, 582.86, 118.76, 206.76, 2.35, -0.02, 3.13, tool_force, -0.72, 0.35, 0.37, actual_rep, 1, curr_step, 19, track_size, 99, robot_vel, 46.97, joints_pos, 22.35, 49.02, -17.19, -86.01, 19.83, 47.54, 42.69, tool_torque, -0.177, -0.14, 0.0, joint_torque, -0.27, -0.14, -0.39, 0.33, 0.06, -0.28, -0.05, robot_mode, normal, 
10/05/2022 14:09:30:725, robot_pos, 1652188061909, 580.66, 116.81, 206.08, 2.35, -0.02, 3.13, circuit_pos, 588.4, 123.46, 206.41, 2.35, -0.01, 3.13, tool_force, -0.76, 0.18, 0.31, actual_rep, 1, curr_step, 18, track_size, 99, robot_vel, 50.91, joints_pos, 22.54, 49.84, -17.18, -84.45, 19.46, 48.52, 43.5, tool_torque, -0.253, 0.054, -0.047, joint_torque, -0.44, 0.04, -0.27, 0.33, 0.13, -0.3, -0.07, robot_mode, normal, 
10/05/2022 14:09:30:846, robot_pos, 1652188062060, 586.57, 121.66, 205.49, 2.35, -0.01, 3.13, circuit_pos, 593.12, 127.86, 206.25, 2.35, -0.01, 3.13, tool_force, -0.97, -0.22, 0.34, actual_rep, 1, curr_step, 17, track_size, 99, robot_vel, 48.82, joints_pos, 22.76, 50.58, -17.12, -83.06, 18.98, 49.0, 44.4, tool_torque, -0.314, 0.044, -0.039, joint_torque, -0.35, -0.39, -0.26, 0.46, 0.14, -0.27, -0.07, robot_mode, normal, 
10/05/2022 14:09:30:989, robot_pos, 1652188062210, 592.11, 126.92, 205.11, 2.35, -0.01, 3.13, circuit_pos, 597.41, 132.91, 205.91, 2.34, -0.01, 3.14, tool_force, -1.69, -0.13, 0.22, actual_rep, 1, curr_step, 16, track_size, 99, robot_vel, 43.39, joints_pos, 22.94, 51.31, -17.02, -81.63, 18.69, 49.66, 45.29, tool_torque, -0.367, 0.176, -0.064, joint_torque, -0.77, -0.37, -0.39, 0.55, 0.15, -0.3, -0.06, robot_mode, normal, 
10/05/2022 14:09:31:147, robot_pos, 1652188062362, 596.99, 132.98, 204.68, 2.34, -0.01, 3.14, circuit_pos, 601.01, 139.35, 205.37, 2.34, -0.02, -3.14, tool_force, -1.03, 0.59, 0.48, actual_rep, 1, curr_step, 15, track_size, 99, robot_vel, 53.51, joints_pos, 23.23, 52.09, -16.95, -80.1, 18.21, 50.77, 46.58, tool_torque, -0.215, 0.058, -0.026, joint_torque, -0.31, 0.22, -0.15, 0.22, 0.13, -0.27, -0.05, robot_mode, normal, 
10/05/2022 14:09:31:296, robot_pos, 1652188062509, 600.2, 138.58, 204.18, 2.34, -0.02, -3.14, circuit_pos, 603.97, 146.3, 204.51, 2.33, -0.02, -3.13, tool_force, -1.32, 0.3, 0.2, actual_rep, 1, curr_step, 14, track_size, 99, robot_vel, 40.31, joints_pos, 23.44, 52.68, -16.83, -78.94, 18.23, 51.65, 47.38, tool_torque, -0.241, 0.074, -0.048, joint_torque, -0.49, 0.1, -0.27, 0.3, 0.1, -0.26, -0.06, robot_mode, normal, 
10/05/2022 14:09:31:443, robot_pos, 1652188062660, 602.91, 144.37, 203.54, 2.33, -0.02, -3.13, circuit_pos, 606.79, 153.9, 203.36, 2.32, -0.02, -3.13, tool_force, -0.85, 0.52, 0.35, actual_rep, 1, curr_step, 13, track_size, 99, robot_vel, 42.4, joints_pos, 23.83, 53.26, -16.85, -77.89, 18.01, 52.4, 48.5, tool_torque, -0.269, 0.09, -0.06, joint_torque, -0.29, -0.18, -0.17, 0.53, 0.12, -0.29, -0.06, robot_mode, normal, 
10/05/2022 14:09:31:595, robot_pos, 1652188062811, 605.29, 150.32, 202.72, 2.32, -0.02, -3.13, circuit_pos, 610.26, 162.17, 202.23, 2.31, -0.01, -3.13, tool_force, -1.0, 0.33, 0.32, actual_rep, 1, curr_step, 12, track_size, 99, robot_vel, 43.37, joints_pos, 24.2, 53.77, -16.85, -77.0, 18.01, 52.86, 49.52, tool_torque, -0.312, 0.103, -0.061, joint_torque, -0.5, -0.31, -0.29, 0.46, 0.1, -0.3, -0.05, robot_mode, normal, 
10/05/2022 14:09:31:743, robot_pos, 1652188062961, 607.7, 156.0, 201.87, 2.32, -0.02, -3.13, circuit_pos, 610.26, 162.17, 202.23, 2.31, -0.01, -3.13, tool_force, -1.01, -0.14, 0.2, actual_rep, 1, curr_step, 12, track_size, 99, robot_vel, 40.36, joints_pos, 24.62, 54.25, -16.87, -76.17, 17.79, 53.06, 50.66, tool_torque, -0.364, 0.175, -0.068, joint_torque, -0.61, -0.66, -0.24, 0.55, 0.13, -0.29, -0.05, robot_mode, normal, 
10/05/2022 14:09:31:894, robot_pos, 1652188063110, 609.9, 161.8, 201.2, 2.31, -0.01, -3.13, circuit_pos, 613.82, 173.02, 200.94, 2.3, 0.0, -3.13, tool_force, -1.17, 0.53, 0.57, actual_rep, 1, curr_step, 11, track_size, 99, robot_vel, 39.73, joints_pos, 25.04, 54.69, -16.88, -75.4, 17.55, 53.24, 51.75, tool_torque, -0.291, 0.195, -0.075, joint_torque, -0.49, 0.0, -0.12, 0.37, 0.14, -0.26, -0.07, robot_mode, normal, 
10/05/2022 14:09:32:051, robot_pos, 1652188063261, 611.85, 167.69, 200.48, 2.31, -0.01, -3.13, circuit_pos, 616.29, 182.76, 200.06, 2.3, 0.0, -3.14, tool_force, -0.84, 0.43, 0.11, actual_rep, 1, curr_step, 10, track_size, 99, robot_vel, 41.38, joints_pos, 25.48, 55.13, -16.89, -74.63, 17.3, 53.39, 52.87, tool_torque, -0.326, 0.167, -0.068, joint_torque, -0.48, -0.64, -0.17, 0.56, 0.13, -0.28, -0.05, robot_mode, normal, 
10/05/2022 14:09:32:201, robot_pos, 1652188063411, 613.59, 173.52, 199.9, 2.3, 0.0, -3.13, circuit_pos, 616.29, 182.76, 200.06, 2.3, 0.0, -3.14, tool_force, -1.47, 0.07, 0.39, actual_rep, 1, curr_step, 10, track_size, 99, robot_vel, 41.13, joints_pos, 25.86, 55.49, -16.85, -73.99, 17.22, 53.46, 53.61, tool_torque, -0.265, 0.145, -0.036, joint_torque, -0.62, -0.2, -0.29, 0.34, 0.1, -0.24, -0.03, robot_mode, normal, 
10/05/2022 14:09:32:354, robot_pos, 1652188063562, 615.17, 179.34, 199.33, 2.3, 0.0, -3.14, circuit_pos, 618.07, 193.54, 199.34, 2.3, 0.0, 3.14, tool_force, -1.49, 0.52, 0.13, actual_rep, 1, curr_step, 9, track_size, 99, robot_vel, 40.1, joints_pos, 26.22, 55.84, -16.8, -73.36, 17.29, 53.5, 54.17, tool_torque, -0.222, 0.175, -0.047, joint_torque, -0.97, -0.31, -0.52, 0.44, 0.05, -0.28, -0.04, robot_mode, normal, 
10/05/2022 14:09:32:496, robot_pos, 1652188063711, 616.33, 185.01, 198.89, 2.3, 0.0, -3.14, circuit_pos, 618.07, 193.54, 199.34, 2.3, 0.0, 3.14, tool_force, -0.7, 0.72, -0.07, actual_rep, 1, curr_step, 9, track_size, 99, robot_vel, 39.95, joints_pos, 26.59, 56.16, -16.78, -72.78, 17.34, 53.61, 54.69, tool_torque, -0.209, 0.06, -0.049, joint_torque, -0.63, -0.21, -0.36, 0.34, 0.04, -0.26, -0.05, robot_mode, normal, 
10/05/2022 14:09:32:653, robot_pos, 1652188063863, 617.44, 190.89, 198.49, 2.3, 0.0, 3.14, circuit_pos, 619.33, 204.63, 198.88, 2.3, 0.01, 3.13, tool_force, -1.47, 0.31, 0.23, actual_rep, 1, curr_step, 8, track_size, 99, robot_vel, 39.39, joints_pos, 26.99, 56.48, -16.78, -72.18, 17.39, 53.72, 55.24, tool_torque, -0.19, 0.134, -0.054, joint_torque, -0.69, -0.23, -0.39, 0.43, 0.04, -0.22, -0.05, robot_mode, normal, 
10/05/2022 14:09:32:848, robot_pos, 1652188064013, 618.34, 196.73, 198.21, 2.3, 0.0, 3.14, circuit_pos, 619.33, 204.63, 198.88, 2.3, 0.01, 3.13, tool_force, -1.29, 0.74, -0.4, actual_rep, 1, curr_step, 8, track_size, 99, robot_vel, 37.98, joints_pos, 27.44, 56.73, -16.82, -71.73, 17.39, 53.58, 55.79, tool_torque, -0.02, 0.224, -0.054, joint_torque, -0.45, -0.3, -0.18, 0.37, 0.06, -0.04, -0.05, robot_mode, normal, 
10/05/2022 14:09:32:957, robot_pos, 1652188064165, 618.94, 202.66, 197.98, 2.3, 0.01, 3.13, circuit_pos, 619.92, 216.18, 198.76, 2.31, 0.0, 3.12, tool_force, -1.01, 1.07, -0.16, actual_rep, 1, curr_step, 7, track_size, 99, robot_vel, 38.94, joints_pos, 27.87, 56.97, -16.82, -71.27, 17.4, 53.55, 56.24, tool_torque, -0.034, 0.199, -0.04, joint_torque, -0.36, -0.29, -0.11, 0.43, 0.07, -0.09, -0.03, robot_mode, normal, 
10/05/2022 14:09:33:107, robot_pos, 1652188064312, 619.38, 208.23, 197.83, 2.31, 0.0, 3.13, circuit_pos, 619.92, 216.18, 198.76, 2.31, 0.0, 3.12, tool_force, -1.2, 0.55, -0.48, actual_rep, 1, curr_step, 7, track_size, 99, robot_vel, 36.08, joints_pos, 28.17, 57.18, -16.72, -70.85, 17.7, 53.56, 56.33, tool_torque, -0.077, 0.127, -0.013, joint_torque, -0.63, -0.38, -0.38, 0.42, 0.04, -0.14, -0.01, robot_mode, normal, 
10/05/2022 14:09:33:255, robot_pos, 1652188064464, 619.78, 214.13, 197.76, 2.31, 0.0, 3.12, circuit_pos, 619.98, 227.9, 199.03, 2.32, 0.0, 3.11, tool_force, -1.0, 0.89, 0.04, actual_rep, 1, curr_step, 6, track_size, 99, robot_vel, 38.74, joints_pos, 28.53, 57.39, -16.68, -70.41, 17.94, 53.59, 56.45, tool_torque, -0.081, 0.064, -0.022, joint_torque, -0.32, -0.4, -0.24, 0.49, 0.04, -0.18, -0.02, robot_mode, normal, 
10/05/2022 14:09:33:405, robot_pos, 1652188064613, 619.92, 219.97, 197.85, 2.31, 0.0, 3.12, circuit_pos, 619.98, 227.9, 199.03, 2.32, 0.0, 3.11, tool_force, -0.41, 0.84, -0.03, actual_rep, 1, curr_step, 6, track_size, 99, robot_vel, 38.1, joints_pos, 28.93, 57.56, -16.67, -70.04, 18.15, 53.57, 56.57, tool_torque, 0.0, 0.0, 0.013, joint_torque, -0.06, -0.26, -0.1, 0.39, 0.04, -0.13, 0.0, robot_mode, normal, 
10/05/2022 14:09:33:557, robot_pos, 1652188064763, 619.99, 225.74, 197.96, 2.32, 0.0, 3.11, circuit_pos, 619.55, 239.35, 199.74, 2.33, 0.0, 3.1, tool_force, -0.59, 1.24, -0.18, actual_rep, 1, curr_step, 5, track_size, 99, robot_vel, 43.4, joints_pos, 29.33, 57.74, -16.68, -69.66, 18.35, 53.56, 56.68, tool_torque, 0.06, 0.031, 0.022, joint_torque, -0.13, -0.24, -0.15, 0.43, 0.05, -0.1, 0.01, robot_mode, normal, 
10/05/2022 14:09:33:705, robot_pos, 1652188064914, 619.94, 231.5, 198.22, 2.32, 0.0, 3.11, circuit_pos, 619.55, 239.35, 199.74, 2.33, 0.0, 3.1, tool_force, -1.36, 0.78, -0.64, actual_rep, 1, curr_step, 5, track_size, 99, robot_vel, 41.42, joints_pos, 29.74, 57.88, -16.69, -69.32, 18.55, 53.52, 56.77, tool_torque, 0.012, 0.182, -0.0010, joint_torque, -0.54, -0.48, -0.24, 0.46, 0.05, -0.05, 0.0, robot_mode, normal, 
10/05/2022 14:09:33:857, robot_pos, 1652188065062, 619.63, 237.33, 198.51, 2.33, 0.0, 3.1, circuit_pos, 618.61, 250.37, 200.73, 2.34, -0.01, 3.1, tool_force, -1.08, 1.19, 0.16, actual_rep, 1, curr_step, 4, track_size, 99, robot_vel, 40.77, joints_pos, 30.16, 58.03, -16.69, -68.96, 18.76, 53.59, 56.87, tool_torque, -0.0050, 0.069, -0.0070, joint_torque, -0.15, -0.06, -0.08, 0.53, 0.07, -0.19, -0.01, robot_mode, normal, 
10/05/2022 14:09:34:010, robot_pos, 1652188065210, 619.29, 243.02, 198.91, 2.33, 0.0, 3.1, circuit_pos, 618.61, 250.37, 200.73, 2.34, -0.01, 3.1, tool_force, -0.78, 0.46, -0.2, actual_rep, 1, curr_step, 4, track_size, 99, robot_vel, 39.65, joints_pos, 30.53, 58.19, -16.69, -68.55, 19.01, 53.83, 56.92, tool_torque, -0.203, -0.025, -0.0050, joint_torque, -0.15, -0.33, -0.09, 0.47, 0.05, -0.28, 0.0, robot_mode, normal, 
10/05/2022 14:09:34:159, robot_pos, 1652188065358, 618.95, 248.86, 199.37, 2.34, -0.01, 3.1, circuit_pos, 617.23, 260.65, 201.8, 2.34, -0.01, 3.09, tool_force, -0.28, 0.91, 0.0, actual_rep, 1, curr_step, 3, track_size, 99, robot_vel, 39.14, joints_pos, 30.92, 58.36, -16.69, -68.14, 19.24, 54.01, 57.1, tool_torque, -0.12, -0.047, -0.0030, joint_torque, 0.01, -0.33, -0.05, 0.49, 0.06, -0.24, -0.01, robot_mode, normal, 
10/05/2022 14:09:34:310, robot_pos, 1652188065507, 618.21, 254.64, 199.98, 2.34, -0.01, 3.09, circuit_pos, 617.23, 260.65, 201.8, 2.34, -0.01, 3.09, tool_force, -0.19, 0.84, -0.09, actual_rep, 1, curr_step, 3, track_size, 99, robot_vel, 40.35, joints_pos, 31.35, 58.43, -16.68, -67.88, 19.42, 54.0, 57.4, tool_torque, -0.104, -0.012, -0.0090, joint_torque, -0.21, -0.46, -0.16, 0.5, 0.04, -0.21, -0.01, robot_mode, normal, 
10/05/2022 14:09:34:461, robot_pos, 1652188065655, 617.41, 260.47, 200.55, 2.34, -0.01, 3.09, circuit_pos, 615.8, 269.32, 202.82, 2.35, -0.02, 3.08, tool_force, -0.74, 0.48, -0.46, actual_rep, 1, curr_step, 2, track_size, 99, robot_vel, 40.58, joints_pos, 31.74, 58.51, -16.66, -67.62, 19.78, 54.0, 57.48, tool_torque, -0.118, -0.078, 0.111, joint_torque, -0.34, -0.49, -0.29, 0.48, 0.03, -0.24, 0.12, robot_mode, normal, 
10/05/2022 14:09:34:609, robot_pos, 1652188065804, 616.5, 266.29, 201.18, 2.35, -0.02, 3.08, circuit_pos, 614.15, 276.57, 203.47, 2.36, -0.03, 3.07, tool_force, -0.74, 0.6, -0.41, actual_rep, 1, curr_step, 1, track_size, 99, robot_vel, 40.35, joints_pos, 32.09, 58.56, -16.6, -67.38, 20.19, 54.02, 57.38, tool_torque, -0.126, -0.046, 0.214, joint_torque, -0.78, -0.39, -0.47, 0.43, 0.04, -0.28, 0.25, robot_mode, normal, 
10/05/2022 14:09:34:761, robot_pos, 1652188065957, 615.41, 272.15, 201.78, 2.35, -0.02, 3.08, circuit_pos, 612.88, 280.93, 203.72, 2.36, -0.03, 3.07, tool_force, -0.37, 1.13, -0.42, actual_rep, 1, curr_step, 0, track_size, 99, robot_vel, 36.9, joints_pos, 32.41, 58.6, -16.49, -67.17, 20.75, 54.02, 57.13, tool_torque, 0.027, -0.186, 0.344, joint_torque, -0.28, -0.54, -0.29, 0.54, 0.06, -0.23, 0.37, robot_mode, normal, 
10/05/2022 14:09:34:910, robot_pos, 1652188066103, 614.48, 276.84, 202.25, 2.36, -0.03, 3.07, circuit_pos, 612.88, 280.93, 203.72, 2.36, -0.03, 3.07, tool_force, -0.24, 1.33, -0.32, actual_rep, 1, curr_step, 0, track_size, 99, robot_vel, 36.3, joints_pos, 32.68, 58.64, -16.46, -67.02, 21.23, 54.01, 56.87, tool_torque, 0.071, -0.256, 0.328, joint_torque, 0.11, -0.32, -0.04, 0.55, 0.04, -0.24, 0.35, robot_mode, normal, 
10/05/2022 14:09:35:062, robot_pos, 1652188066251, 614.38, 276.84, 202.28, 2.36, -0.03, 3.07, circuit_pos, 612.88, 280.93, 203.72, 2.36, -0.03, 3.07, tool_force, -0.21, 1.71, -0.21, actual_rep, 1, curr_step, 0, track_size, 99, robot_vel, 4.89, joints_pos, 32.77, 58.65, -16.63, -67.05, 21.47, 54.02, 56.74, tool_torque, -0.0070, -0.089, 0.29, joint_torque, -0.14, -0.47, 0.05, 0.63, 0.04, -0.27, 0.37, robot_mode, normal, 
10/05/2022 14:09:35:210, robot_pos, 1652188066400, 614.41, 276.72, 202.27, 2.36, -0.03, 3.07, circuit_pos, 612.88, 280.93, 203.72, 2.36, -0.03, 3.07, tool_force, -0.25, 1.51, -0.06, actual_rep, 1, curr_step, 0, track_size, 99, robot_vel, 0.41, joints_pos, 32.79, 58.65, -16.67, -67.05, 21.47, 54.02, 56.73, tool_torque, -0.035, -0.1, 0.284, joint_torque, 0.01, -0.44, 0.13, 0.63, 0.07, -0.27, 0.35, robot_mode, normal, 
10/05/2022 14:09:35:362, robot_pos, 1652188066547, 614.4, 276.76, 202.29, 2.36, -0.03, 3.07, circuit_pos, 612.88, 280.93, 203.72, 2.36, -0.03, 3.07, tool_force, -0.27, 1.54, -0.08, actual_rep, 1, curr_step, 0, track_size, 99, robot_vel, 0.16, joints_pos, 32.79, 58.65, -16.67, -67.05, 21.47, 54.02, 56.73, tool_torque, -0.045, -0.058, 0.264, joint_torque, -0.17, -0.39, 0.04, 0.59, 0.06, -0.27, 0.33, robot_mode, normal, 
10/05/2022 14:09:35:510, robot_pos, 1652188066698, 614.41, 276.75, 202.28, 2.36, -0.03, 3.07, circuit_pos, 612.88, 280.93, 203.72, 2.36, -0.03, 3.07, tool_force, -0.35, 1.59, -0.04, actual_rep, 1, curr_step, 0, track_size, 99, robot_vel, 0.16, joints_pos, 32.79, 58.65, -16.67, -67.05, 21.47, 54.02, 56.73, tool_torque, -0.029, -0.063, 0.278, joint_torque, -0.2, -0.36, 0.01, 0.59, 0.06, -0.27, 0.34, robot_mode, normal, 
10/05/2022 14:09:35:663, robot_pos, 1652188066846, 614.41, 276.75, 202.28, 2.36, -0.03, 3.07, circuit_pos, 612.88, 280.93, 203.72, 2.36, -0.03, 3.07, tool_force, -0.31, 1.62, -0.03, actual_rep, 1, curr_step, 0, track_size, 99, robot_vel, 0.02, joints_pos, 32.79, 58.65, -16.67, -67.05, 21.47, 54.02, 56.73, tool_torque, -0.017, -0.074, 0.282, joint_torque, -0.17, -0.35, 0.01, 0.58, 0.06, -0.27, 0.35, robot_mode, normal, 
