08/06/2022 11:54:50: File Created!
08/06/2022 11:54:50:827, robot_pos, 1654685566024, 614.29, -94.11, 302.51, 2.34, 0.01, 3.1, circuit_pos, 614.3, -90.51, 297.41, 2.34, 0.0, 3.1, tool_force, -0.92, -0.68, 2.62, actual_rep, 1, curr_step, 1, track_size, 72, robot_vel, 0.0, joints_pos, -5.31, 43.2, -5.9, -77.56, 6.69, 57.72, 32.84, tool_torque, -0.321, -0.415, 0.072, joint_torque, 0.38, -14.05, -0.39, 8.11, 0.3, -0.61, 0.03, robot_mode, impedance, 
08/06/2022 11:54:51:025, robot_pos, 1654685566195, 614.2, -91.14, 302.06, 2.34, 0.0, 3.1, circuit_pos, 615.03, -85.14, 296.67, 2.36, 0.0, 3.09, tool_force, -0.74, -0.5, 0.92, actual_rep, 1, curr_step, 2, track_size, 72, robot_vel, 13.7, joints_pos, -5.18, 43.29, -5.61, -77.48, 6.95, 58.06, 32.76, tool_torque, -0.083, -0.111, 0.124, joint_torque, -0.18, -13.5, -0.73, 8.15, 0.16, -0.49, 0.14, robot_mode, impedance, 
08/06/2022 11:54:51:135, robot_pos, 1654685566322, 615.45, -86.6, 301.34, 2.36, 0.0, 3.09, circuit_pos, 616.23, -78.75, 296.86, 2.37, 0.0, 3.09, tool_force, -1.91, -0.78, 0.46, actual_rep, 1, curr_step, 3, track_size, 72, robot_vel, 38.65, joints_pos, -5.04, 43.34, -5.42, -77.48, 7.09, 57.88, 32.31, tool_torque, -0.28, 0.407, 0.125, joint_torque, -0.53, -12.94, -0.42, 7.8, 0.41, -0.14, 0.17, robot_mode, impedance, 
08/06/2022 11:54:51:233, robot_pos, 1654685566473, 616.05, -81.06, 301.25, 2.37, 0.0, 3.09, circuit_pos, 617.78, -71.85, 297.69, 2.37, -0.01, 3.09, tool_force, -0.57, -1.82, -0.85, actual_rep, 1, curr_step, 4, track_size, 72, robot_vel, 35.34, joints_pos, -4.67, 43.29, -5.26, -77.57, 7.25, 57.72, 32.14, tool_torque, -0.415, 0.167, 0.089, joint_torque, -0.37, -14.01, -0.39, 8.15, 0.46, -0.3, 0.1, robot_mode, impedance, 
08/06/2022 11:54:51:434, robot_pos, 1654685566646, 617.25, -73.98, 301.8, 2.37, -0.01, 3.09, circuit_pos, 619.15, -64.3, 298.91, 2.37, -0.01, 3.09, tool_force, -1.6, -1.85, 0.76, actual_rep, 1, curr_step, 5, track_size, 72, robot_vel, 41.44, joints_pos, -4.07, 43.36, -5.26, -77.35, 7.48, 58.14, 32.51, tool_torque, -0.569, 0.146, -0.17, joint_torque, -0.71, -13.14, -0.56, 8.08, 0.31, -0.55, -0.14, robot_mode, impedance, 
08/06/2022 11:54:51:635, robot_pos, 1654685566795, 618.51, -68.29, 302.44, 2.37, -0.01, 3.09, circuit_pos, 620.04, -56.04, 300.07, 2.37, -0.01, 3.09, tool_force, 0.34, -2.46, -0.38, actual_rep, 1, curr_step, 6, track_size, 72, robot_vel, 37.37, joints_pos, -3.53, 43.4, -5.27, -77.17, 7.52, 58.34, 33.01, tool_torque, -0.623, 0.135, -0.186, joint_torque, -0.17, -13.8, -0.11, 7.82, 0.41, -0.31, -0.15, robot_mode, impedance, 
08/06/2022 11:54:51:775, robot_pos, 1654685566945, 619.32, -62.53, 303.21, 2.37, -0.01, 3.09, circuit_pos, 620.04, -56.04, 300.07, 2.37, -0.01, 3.09, tool_force, -0.85, -2.57, 0.08, actual_rep, 1, curr_step, 6, track_size, 72, robot_vel, 46.12, joints_pos, -2.99, 43.37, -5.29, -77.1, 7.55, 58.45, 33.51, tool_torque, -0.706, 0.231, -0.218, joint_torque, -0.48, -13.43, -0.16, 7.89, 0.43, -0.38, -0.17, robot_mode, impedance, 
08/06/2022 11:54:51:952, robot_pos, 1654685567092, 619.91, -56.76, 303.88, 2.37, -0.01, 3.09, circuit_pos, 620.58, -46.71, 300.66, 2.36, -0.01, 3.09, tool_force, -0.99, -2.16, 0.45, actual_rep, 1, curr_step, 7, track_size, 72, robot_vel, 41.14, joints_pos, -2.45, 43.33, -5.29, -77.07, 7.56, 58.52, 34.18, tool_torque, -0.718, 0.293, -0.233, joint_torque, -0.79, -13.42, -0.37, 7.94, 0.39, -0.4, -0.17, robot_mode, impedance, 
08/06/2022 11:54:52:255, robot_pos, 1654685567389, 620.67, -45.12, 304.59, 2.36, -0.01, 3.09, circuit_pos, 621.1, -36.42, 300.61, 2.35, -0.02, 3.09, tool_force, -0.88, -2.29, 0.39, actual_rep, 1, curr_step, 8, track_size, 72, robot_vel, 40.84, joints_pos, -1.39, 43.26, -5.29, -77.07, 7.61, 58.64, 35.77, tool_torque, -0.68, 0.367, -0.225, joint_torque, -0.75, -13.31, -0.3, 7.87, 0.4, -0.34, -0.16, robot_mode, impedance, 
08/06/2022 11:54:52:354, robot_pos, 1654685567539, 620.95, -39.33, 304.73, 2.35, -0.02, 3.09, circuit_pos, 621.3, -26.89, 300.2, 2.34, -0.02, 3.09, tool_force, -0.86, -2.18, 0.29, actual_rep, 1, curr_step, 9, track_size, 72, robot_vel, 35.92, joints_pos, -0.9, 43.28, -5.29, -77.01, 7.78, 58.84, 36.52, tool_torque, -0.723, 0.225, -0.209, joint_torque, -0.76, -13.51, -0.42, 8.01, 0.4, -0.46, -0.16, robot_mode, impedance, 
08/06/2022 11:54:52:552, robot_pos, 1654685567687, 621.32, -33.49, 304.58, 2.35, -0.02, 3.09, circuit_pos, 621.3, -26.89, 300.2, 2.34, -0.02, 3.09, tool_force, -0.4, -1.9, 0.08, actual_rep, 1, curr_step, 9, track_size, 72, robot_vel, 46.17, joints_pos, -0.37, 43.3, -5.29, -77.01, 7.8, 58.85, 37.37, tool_torque, -0.616, 0.284, -0.173, joint_torque, -0.45, -13.44, -0.21, 7.95, 0.44, -0.36, -0.13, robot_mode, impedance, 
08/06/2022 11:54:52:659, robot_pos, 1654685567837, 621.49, -27.74, 304.46, 2.34, -0.02, 3.09, circuit_pos, 621.41, -16.2, 299.67, 2.34, -0.02, 3.09, tool_force, -0.83, -1.74, 0.08, actual_rep, 1, curr_step, 10, track_size, 72, robot_vel, 35.99, joints_pos, 0.17, 43.3, -5.29, -77.03, 7.83, 58.85, 38.14, tool_torque, -0.589, 0.425, -0.167, joint_torque, -0.76, -13.34, -0.36, 7.96, 0.41, -0.3, -0.1, robot_mode, impedance, 
08/06/2022 11:54:52:857, robot_pos, 1654685567985, 621.65, -21.94, 304.21, 2.34, -0.02, 3.09, circuit_pos, 621.41, -16.2, 299.67, 2.34, -0.02, 3.09, tool_force, -1.03, -1.45, -0.11, actual_rep, 1, curr_step, 10, track_size, 72, robot_vel, 39.11, joints_pos, 0.7, 43.31, -5.29, -77.05, 7.84, 58.81, 38.74, tool_torque, -0.519, 0.48, -0.18, joint_torque, -0.61, -13.45, -0.27, 8.05, 0.43, -0.24, -0.12, robot_mode, impedance, 
08/06/2022 11:54:52:957, robot_pos, 1654685568136, 621.77, -16.06, 304.03, 2.34, -0.02, 3.09, circuit_pos, 621.4, -3.17, 299.31, 2.33, -0.02, 3.09, tool_force, -1.11, -1.4, -0.17, actual_rep, 1, curr_step, 11, track_size, 72, robot_vel, 39.91, joints_pos, 1.25, 43.31, -5.3, -77.08, 7.84, 58.77, 39.43, tool_torque, -0.463, 0.541, -0.163, joint_torque, -0.69, -13.35, -0.32, 8.02, 0.43, -0.2, -0.11, robot_mode, impedance, 
08/06/2022 11:54:53:157, robot_pos, 1654685568288, 621.83, -10.09, 303.84, 2.34, -0.02, 3.09, circuit_pos, 621.4, -3.17, 299.31, 2.33, -0.02, 3.09, tool_force, -1.18, -1.24, -0.13, actual_rep, 1, curr_step, 11, track_size, 72, robot_vel, 36.88, joints_pos, 1.81, 43.31, -5.3, -77.12, 7.84, 58.7, 40.2, tool_torque, -0.463, 0.586, -0.177, joint_torque, -0.67, -13.36, -0.25, 8.06, 0.45, -0.2, -0.11, robot_mode, impedance, 
08/06/2022 11:54:53:262, robot_pos, 1654685568438, 621.86, -4.28, 303.71, 2.33, -0.02, 3.09, circuit_pos, 621.31, 7.17, 299.27, 2.33, -0.02, 3.09, tool_force, -1.15, -1.18, -0.27, actual_rep, 1, curr_step, 12, track_size, 72, robot_vel, 39.61, joints_pos, 2.34, 43.31, -5.3, -77.15, 7.83, 58.64, 40.88, tool_torque, -0.464, 0.612, -0.185, joint_torque, -0.66, -13.4, -0.24, 8.08, 0.45, -0.18, -0.12, robot_mode, impedance, 
08/06/2022 11:54:53:467, robot_pos, 1654685568592, 621.81, 1.68, 303.64, 2.33, -0.02, 3.09, circuit_pos, 621.31, 7.17, 299.27, 2.33, -0.02, 3.09, tool_force, -1.27, -0.94, -0.07, actual_rep, 1, curr_step, 12, track_size, 72, robot_vel, 39.28, joints_pos, 2.89, 43.29, -5.3, -77.18, 7.81, 58.59, 41.51, tool_torque, -0.427, 0.571, -0.146, joint_torque, -0.48, -13.37, -0.18, 8.15, 0.48, -0.23, -0.09, robot_mode, impedance, 
08/06/2022 11:54:53:568, robot_pos, 1654685568748, 621.79, 7.77, 303.67, 2.33, -0.02, 3.09, circuit_pos, 621.22, 18.66, 299.53, 2.33, -0.02, 3.09, tool_force, -1.09, -0.96, -0.2, actual_rep, 1, curr_step, 13, track_size, 72, robot_vel, 40.03, joints_pos, 3.45, 43.29, -5.3, -77.19, 7.8, 58.56, 42.11, tool_torque, -0.447, 0.594, -0.151, joint_torque, -0.6, -13.38, -0.24, 8.11, 0.49, -0.22, -0.09, robot_mode, impedance, 
08/06/2022 11:54:53:771, robot_pos, 1654685568897, 621.73, 13.58, 303.74, 2.33, -0.02, 3.09, circuit_pos, 621.22, 18.66, 299.53, 2.33, -0.02, 3.09, tool_force, -1.37, -1.22, -0.07, actual_rep, 1, curr_step, 13, track_size, 72, robot_vel, 38.55, joints_pos, 3.99, 43.28, -5.3, -77.19, 7.79, 58.54, 42.66, tool_torque, -0.442, 0.596, -0.139, joint_torque, -0.55, -13.33, -0.13, 8.09, 0.52, -0.22, -0.09, robot_mode, impedance, 
08/06/2022 11:54:53:869, robot_pos, 1654685569044, 621.67, 19.32, 303.96, 2.33, -0.02, 3.09, circuit_pos, 621.3, 29.46, 300.25, 2.32, -0.02, 3.09, tool_force, -1.07, -1.39, -0.23, actual_rep, 1, curr_step, 14, track_size, 72, robot_vel, 36.86, joints_pos, 4.52, 43.26, -5.3, -77.18, 7.77, 58.51, 43.36, tool_torque, -0.473, 0.556, -0.14, joint_torque, -0.45, -13.45, -0.18, 8.07, 0.51, -0.23, -0.1, robot_mode, impedance, 
08/06/2022 11:54:54:072, robot_pos, 1654685569194, 621.65, 25.13, 304.24, 2.32, -0.02, 3.09, circuit_pos, 621.3, 29.46, 300.25, 2.32, -0.02, 3.09, tool_force, -0.92, -1.49, -0.07, actual_rep, 1, curr_step, 14, track_size, 72, robot_vel, 44.71, joints_pos, 5.06, 43.25, -5.3, -77.15, 7.76, 58.51, 44.15, tool_torque, -0.558, 0.612, -0.174, joint_torque, -0.8, -13.4, -0.33, 8.0, 0.5, -0.25, -0.11, robot_mode, impedance, 
08/06/2022 11:54:54:173, robot_pos, 1654685569343, 621.7, 30.92, 304.7, 2.32, -0.02, 3.09, circuit_pos, 621.5, 39.55, 301.39, 2.31, -0.02, 3.09, tool_force, -0.76, -1.73, -0.02, actual_rep, 1, curr_step, 15, track_size, 72, robot_vel, 41.14, joints_pos, 5.61, 43.24, -5.3, -77.1, 7.73, 58.51, 45.02, tool_torque, -0.597, 0.563, -0.157, joint_torque, -0.6, -13.44, -0.2, 7.95, 0.51, -0.28, -0.1, robot_mode, impedance, 
08/06/2022 11:54:54:501, robot_pos, 1654685569642, 621.83, 42.62, 305.98, 2.31, -0.02, 3.09, circuit_pos, 621.68, 48.29, 302.56, 2.3, -0.02, 3.09, tool_force, -0.46, -1.76, 0.29, actual_rep, 1, curr_step, 16, track_size, 72, robot_vel, 39.33, joints_pos, 6.67, 43.22, -5.3, -76.92, 7.67, 58.6, 46.81, tool_torque, -0.669, 0.5, -0.174, joint_torque, -0.71, -13.36, -0.25, 7.93, 0.5, -0.39, -0.11, robot_mode, impedance, 
08/06/2022 11:54:54:810, robot_pos, 1654685569925, 622.69, 48.29, 309.52, 2.3, -0.02, 3.09, circuit_pos, 621.78, 57.42, 303.83, 2.3, -0.01, 3.09, tool_force, -0.39, 0.85, -1.12, actual_rep, 1, curr_step, 17, track_size, 72, robot_vel, 21.83, joints_pos, 7.29, 43.05, -5.46, -76.55, 7.72, 58.97, 47.71, tool_torque, -0.486, 0.521, -0.073, joint_torque, 0.19, -14.37, 0.32, 8.7, 0.6, -0.31, 0.0, robot_mode, sine_overlay, 
08/06/2022 11:54:54:911, robot_pos, 1654685570073, 622.78, 52.85, 313.76, 2.3, -0.02, 3.09, circuit_pos, 621.78, 57.42, 303.83, 2.3, -0.01, 3.09, tool_force, -1.92, -1.06, 2.22, actual_rep, 1, curr_step, 17, track_size, 72, robot_vel, 36.85, joints_pos, 7.54, 42.81, -5.15, -76.38, 7.24, 59.27, 48.38, tool_torque, -0.541, 0.666, -0.143, joint_torque, -1.15, -12.29, -0.58, 7.68, 0.49, -0.34, -0.09, robot_mode, sine_overlay, 
08/06/2022 11:54:55:112, robot_pos, 1654685570230, 622.52, 57.58, 310.3, 2.3, -0.01, 3.09, circuit_pos, 621.78, 57.42, 303.83, 2.3, -0.01, 3.09, tool_force, -0.77, -0.75, -0.57, actual_rep, 1, curr_step, 17, track_size, 72, robot_vel, 28.19, joints_pos, 7.99, 43.03, -5.06, -76.53, 6.77, 58.72, 49.12, tool_torque, -0.224, 0.535, -0.134, joint_torque, -0.65, -13.24, -0.39, 8.35, 0.33, -0.34, -0.08, robot_mode, sine_overlay, 
08/06/2022 11:54:55:226, robot_pos, 1654685570381, 622.85, 57.52, 309.3, 2.3, -0.01, 3.09, circuit_pos, 621.7, 64.77, 304.79, 2.29, -0.01, 3.09, tool_force, -0.37, -0.06, -0.06, actual_rep, 1, curr_step, 18, track_size, 72, robot_vel, 4.15, joints_pos, 8.0, 43.14, -5.1, -76.49, 6.87, 58.65, 49.1, tool_torque, -0.291, 0.385, 0.029, joint_torque, 0.16, -13.73, 0.19, 8.38, 0.53, -0.34, 0.08, robot_mode, sine_overlay, 
08/06/2022 11:54:55:519, robot_pos, 1654685570529, 623.21, 61.91, 311.88, 2.29, -0.01, 3.09, circuit_pos, 621.7, 64.77, 304.79, 2.29, -0.01, 3.09, tool_force, -1.07, -1.94, -0.08, actual_rep, 1, curr_step, 18, track_size, 72, robot_vel, 19.29, joints_pos, 8.2, 43.02, -4.86, -76.25, 6.87, 58.93, 49.83, tool_torque, -0.559, 0.338, -0.134, joint_torque, -1.04, -13.78, -0.77, 8.17, 0.32, -0.45, -0.11, robot_mode, sine_overlay, 
08/06/2022 11:54:55:615, robot_pos, 1654685570677, 623.17, 64.57, 318.07, 2.29, -0.01, 3.09, circuit_pos, 621.7, 64.77, 304.79, 2.29, -0.01, 3.09, tool_force, -0.82, -2.22, -0.02, actual_rep, 1, curr_step, 18, track_size, 72, robot_vel, 46.5, joints_pos, 8.57, 42.61, -5.0, -75.98, 6.61, 59.6, 50.48, tool_torque, -0.665, 0.413, -0.194, joint_torque, -1.07, -13.34, -0.45, 7.9, 0.29, -0.47, -0.1, robot_mode, sine_overlay, 
08/06/2022 11:54:55:833, robot_pos, 1654685570825, 622.69, 64.29, 322.96, 2.29, -0.01, 3.09, circuit_pos, 621.7, 64.77, 304.79, 2.29, -0.01, 3.09, tool_force, -0.33, -1.44, 0.64, actual_rep, 1, curr_step, 18, track_size, 72, robot_vel, 37.86, joints_pos, 8.58, 42.19, -5.06, -75.93, 6.65, 60.05, 50.48, tool_torque, -0.55, 0.278, 0.0050, joint_torque, -0.55, -13.37, -0.21, 7.99, 0.38, -0.46, 0.09, robot_mode, sine_overlay, 
08/06/2022 11:54:55:964, robot_pos, 1654685570977, 622.23, 64.16, 324.5, 2.29, -0.01, 3.09, circuit_pos, 621.7, 64.77, 304.79, 2.29, -0.01, 3.09, tool_force, -0.22, -1.16, 0.41, actual_rep, 1, curr_step, 18, track_size, 72, robot_vel, 5.57, joints_pos, 8.57, 42.04, -5.06, -75.96, 6.64, 60.18, 50.48, tool_torque, -0.448, 0.29, 0.037, joint_torque, -0.39, -13.36, -0.17, 8.07, 0.41, -0.41, 0.11, robot_mode, sine_overlay, 
08/06/2022 11:54:56:136, robot_pos, 1654685571133, 621.92, 64.23, 321.51, 2.29, -0.01, 3.09, circuit_pos, 621.7, 64.77, 304.79, 2.29, -0.01, 3.09, tool_force, -1.42, -0.08, 0.74, actual_rep, 1, curr_step, 18, track_size, 72, robot_vel, 22.56, joints_pos, 8.57, 42.22, -5.04, -76.15, 6.64, 59.83, 50.48, tool_torque, -0.259, 0.474, 0.05, joint_torque, -0.59, -13.14, -0.29, 8.38, 0.41, -0.4, 0.12, robot_mode, sine_overlay, 
08/06/2022 11:54:56:918, robot_pos, 1654685571895, 622.98, 80.47, 315.13, 2.28, -0.01, 3.09, circuit_pos, 621.28, 81.29, 306.83, 2.28, -0.01, 3.09, tool_force, -1.94, -2.59, 0.36, actual_rep, 1, curr_step, 20, track_size, 72, robot_vel, 51.74, joints_pos, 9.88, 43.0, -4.81, -75.75, 6.56, 59.35, 52.5, tool_torque, -0.717, 0.566, -0.216, joint_torque, -1.64, -13.6, -0.88, 8.14, 0.25, -0.54, -0.12, robot_mode, sine_overlay, 
08/06/2022 11:54:57:133, robot_pos, 1654685572045, 622.64, 80.82, 321.73, 2.28, -0.01, 3.09, circuit_pos, 621.28, 81.29, 306.83, 2.28, -0.01, 3.09, tool_force, -0.34, -1.17, 0.38, actual_rep, 1, curr_step, 20, track_size, 72, robot_vel, 57.02, joints_pos, 10.07, 42.51, -5.02, -75.57, 6.49, 60.02, 52.66, tool_torque, -0.733, 0.472, -0.098, joint_torque, -0.34, -13.27, 0.17, 8.05, 0.54, -0.54, 0.01, robot_mode, sine_overlay, 
08/06/2022 11:54:57:219, robot_pos, 1654685572193, 622.09, 80.78, 325.91, 2.28, -0.01, 3.09, circuit_pos, 621.28, 81.29, 306.83, 2.28, -0.01, 3.09, tool_force, -0.59, -1.01, 0.9, actual_rep, 1, curr_step, 20, track_size, 72, robot_vel, 25.29, joints_pos, 10.07, 42.14, -5.03, -75.55, 6.53, 60.38, 52.66, tool_torque, -0.529, 0.309, -0.01, joint_torque, -0.49, -13.05, -0.14, 7.92, 0.39, -0.46, 0.08, robot_mode, sine_overlay, 
08/06/2022 11:54:57:336, robot_pos, 1654685572380, 621.62, 80.67, 325.64, 2.28, -0.01, 3.09, circuit_pos, 621.28, 81.29, 306.83, 2.28, -0.01, 3.09, tool_force, -1.19, -0.27, 0.58, actual_rep, 1, curr_step, 20, track_size, 72, robot_vel, 4.36, joints_pos, 10.07, 42.11, -5.03, -75.65, 6.52, 60.33, 52.65, tool_torque, -0.381, 0.434, 0.018, joint_torque, -0.56, -13.05, -0.22, 8.15, 0.42, -0.38, 0.09, robot_mode, sine_overlay, 
08/06/2022 11:54:57:489, robot_pos, 1654685572528, 621.53, 80.83, 320.78, 2.28, -0.01, 3.09, circuit_pos, 621.28, 81.29, 306.83, 2.28, -0.01, 3.09, tool_force, -0.81, -0.48, -0.11, actual_rep, 1, curr_step, 20, track_size, 72, robot_vel, 34.25, joints_pos, 10.07, 42.45, -4.99, -75.86, 6.52, 59.81, 52.65, tool_torque, -0.225, 0.456, 0.049, joint_torque, -0.48, -13.49, -0.28, 8.52, 0.42, -0.4, 0.11, robot_mode, sine_overlay, 
08/06/2022 11:54:57:640, robot_pos, 1654685572680, 621.8, 81.14, 314.44, 2.28, -0.01, 3.09, circuit_pos, 621.28, 81.29, 306.83, 2.28, -0.01, 3.09, tool_force, -1.14, -0.46, -0.67, actual_rep, 1, curr_step, 20, track_size, 72, robot_vel, 41.47, joints_pos, 10.07, 42.94, -4.95, -76.02, 6.55, 59.17, 52.64, tool_torque, -0.194, 0.447, 0.058, joint_torque, -0.63, -13.6, -0.42, 8.3, 0.38, -0.26, 0.11, robot_mode, sine_overlay, 
08/06/2022 11:54:57:788, robot_pos, 1654685572831, 622.19, 82.51, 309.66, 2.28, -0.01, 3.09, circuit_pos, 620.78, 89.35, 307.67, 2.27, -0.01, 3.09, tool_force, -1.21, -0.39, -0.53, actual_rep, 1, curr_step, 21, track_size, 72, robot_vel, 32.26, joints_pos, 10.12, 43.35, -4.86, -76.05, 6.68, 58.72, 52.75, tool_torque, -0.456, 0.856, -0.077, joint_torque, -0.82, -13.61, -0.18, 8.35, 0.61, -0.28, -0.01, robot_mode, sine_overlay, 
08/06/2022 11:54:57:954, robot_pos, 1654685572979, 622.28, 88.38, 309.28, 2.27, -0.01, 3.09, circuit_pos, 620.25, 96.98, 308.51, 2.27, -0.02, 3.08, tool_force, -1.14, -0.91, -0.32, actual_rep, 1, curr_step, 22, track_size, 72, robot_vel, 39.01, joints_pos, 10.54, 43.46, -4.71, -75.9, 6.61, 58.66, 53.63, tool_torque, -0.578, 0.634, -0.153, joint_torque, -1.19, -13.97, -0.6, 8.46, 0.47, -0.46, -0.1, robot_mode, sine_overlay, 
08/06/2022 11:54:58:167, robot_pos, 1654685573128, 622.2, 94.4, 313.2, 2.27, -0.02, 3.08, circuit_pos, 620.25, 96.98, 308.51, 2.27, -0.02, 3.08, tool_force, -0.56, -2.14, -0.15, actual_rep, 1, curr_step, 22, track_size, 72, robot_vel, 46.74, joints_pos, 10.97, 43.24, -4.67, -75.65, 7.05, 59.06, 53.99, tool_torque, -0.563, 0.439, -0.159, joint_torque, -1.2, -14.13, -0.63, 8.42, 0.33, -0.56, -0.09, robot_mode, sine_overlay, 
08/06/2022 11:54:58:291, robot_pos, 1654685573279, 621.87, 96.71, 319.81, 2.27, -0.02, 3.08, circuit_pos, 620.25, 96.98, 308.51, 2.27, -0.02, 3.08, tool_force, -0.76, -2.16, -0.26, actual_rep, 1, curr_step, 22, track_size, 72, robot_vel, 43.74, joints_pos, 11.24, 42.75, -4.84, -75.44, 7.28, 59.68, 54.14, tool_torque, -0.702, 0.439, -0.19, joint_torque, -1.32, -13.73, -0.5, 8.2, 0.27, -0.57, -0.06, robot_mode, sine_overlay, 
08/06/2022 11:54:58:510, robot_pos, 1654685573465, 621.22, 96.31, 326.59, 2.27, -0.02, 3.08, circuit_pos, 620.25, 96.98, 308.51, 2.27, -0.02, 3.08, tool_force, -0.23, -1.81, 0.41, actual_rep, 1, curr_step, 22, track_size, 72, robot_vel, 36.16, joints_pos, 11.24, 42.19, -4.9, -75.35, 7.31, 60.32, 54.14, tool_torque, -0.628, 0.406, -0.062, joint_torque, -0.83, -13.47, -0.24, 8.11, 0.4, -0.54, 0.04, robot_mode, sine_overlay, 
08/06/2022 11:54:58:616, robot_pos, 1654685573631, 620.75, 96.11, 328.12, 2.27, -0.02, 3.08, circuit_pos, 620.25, 96.98, 308.51, 2.27, -0.02, 3.08, tool_force, -0.29, -1.0, 0.4, actual_rep, 1, curr_step, 22, track_size, 72, robot_vel, 3.19, joints_pos, 11.24, 42.03, -4.91, -75.39, 7.3, 60.44, 54.14, tool_torque, -0.539, 0.47, -0.048, joint_torque, -0.55, -13.47, -0.07, 8.15, 0.49, -0.44, 0.04, robot_mode, sine_overlay, 
08/06/2022 11:54:58:836, robot_pos, 1654685573794, 620.52, 96.25, 324.63, 2.27, -0.02, 3.08, circuit_pos, 620.25, 96.98, 308.51, 2.27, -0.02, 3.08, tool_force, -1.2, -0.11, 0.05, actual_rep, 1, curr_step, 22, track_size, 72, robot_vel, 23.78, joints_pos, 11.24, 42.26, -4.88, -75.57, 7.3, 60.06, 54.14, tool_torque, -0.349, 0.576, -0.021, joint_torque, -0.75, -13.55, -0.26, 8.45, 0.47, -0.37, 0.06, robot_mode, sine_overlay, 
08/06/2022 11:54:58:961, robot_pos, 1654685573947, 620.68, 96.59, 318.28, 2.27, -0.02, 3.08, circuit_pos, 620.25, 96.98, 308.51, 2.27, -0.02, 3.08, tool_force, -1.11, -0.07, -0.36, actual_rep, 1, curr_step, 22, track_size, 72, robot_vel, 44.39, joints_pos, 11.25, 42.74, -4.83, -75.76, 7.3, 59.41, 54.14, tool_torque, -0.298, 0.555, 0.0090, joint_torque, -0.74, -13.68, -0.32, 8.48, 0.46, -0.34, 0.08, robot_mode, sine_overlay, 
08/06/2022 11:54:59:227, robot_pos, 1654685574110, 621.15, 97.1, 312.3, 2.27, -0.02, 3.08, circuit_pos, 619.96, 103.53, 309.26, 2.26, -0.02, 3.08, tool_force, -0.32, 0.84, -0.54, actual_rep, 1, curr_step, 23, track_size, 72, robot_vel, 39.6, joints_pos, 11.27, 43.23, -4.79, -75.85, 7.37, 58.83, 54.13, tool_torque, -0.264, 0.602, 0.022, joint_torque, 0.15, -13.7, 0.37, 8.51, 0.67, -0.29, 0.08, robot_mode, sine_overlay, 
08/06/2022 11:54:59:349, robot_pos, 1654685574293, 621.43, 103.68, 310.96, 2.27, -0.02, 3.08, circuit_pos, 619.88, 109.67, 310.15, 2.26, -0.02, 3.08, tool_force, -0.77, -1.3, -0.18, actual_rep, 1, curr_step, 24, track_size, 72, robot_vel, 43.12, joints_pos, 11.72, 43.45, -4.61, -75.65, 7.35, 58.7, 55.01, tool_torque, -0.488, 0.655, -0.141, joint_torque, -0.85, -13.8, -0.32, 8.08, 0.55, -0.28, -0.09, robot_mode, sine_overlay, 
08/06/2022 11:54:59:486, robot_pos, 1654685574455, 621.82, 110.77, 315.97, 2.26, -0.02, 3.07, circuit_pos, 619.73, 115.25, 310.98, 2.26, -0.02, 3.07, tool_force, -0.66, -1.53, -0.09, actual_rep, 1, curr_step, 25, track_size, 72, robot_vel, 49.22, joints_pos, 12.36, 43.23, -4.64, -75.21, 7.33, 59.13, 55.88, tool_torque, -0.775, 0.524, -0.171, joint_torque, -0.94, -14.33, -0.29, 8.49, 0.49, -0.59, -0.09, robot_mode, sine_overlay, 
08/06/2022 11:54:59:657, robot_pos, 1654685574619, 621.43, 115.07, 322.91, 2.26, -0.02, 3.07, circuit_pos, 619.73, 115.25, 310.98, 2.26, -0.02, 3.07, tool_force, -1.41, -2.32, 0.41, actual_rep, 1, curr_step, 25, track_size, 72, robot_vel, 56.9, joints_pos, 12.74, 42.71, -4.68, -75.02, 7.44, 59.54, 56.27, tool_torque, -0.451, 0.339, -0.175, joint_torque, -1.24, -13.18, -0.66, 7.88, 0.14, -0.46, -0.08, robot_mode, sine_overlay, 
08/06/2022 11:54:59:752, robot_pos, 1654685574767, 620.67, 114.55, 328.45, 2.26, -0.02, 3.07, circuit_pos, 619.73, 115.25, 310.98, 2.26, -0.02, 3.07, tool_force, -0.62, -1.22, 0.58, actual_rep, 1, curr_step, 25, track_size, 72, robot_vel, 40.26, joints_pos, 12.84, 42.22, -4.88, -75.0, 7.52, 60.03, 56.28, tool_torque, -0.763, 0.407, -0.039, joint_torque, -0.9, -13.86, -0.17, 8.39, 0.44, -0.7, 0.09, robot_mode, sine_overlay, 
08/06/2022 11:54:59:968, robot_pos, 1654685574919, 620.22, 114.44, 330.74, 2.26, -0.02, 3.07, circuit_pos, 619.73, 115.25, 310.98, 2.26, -0.02, 3.07, tool_force, -0.3, -0.45, 0.74, actual_rep, 1, curr_step, 25, track_size, 72, robot_vel, 7.87, joints_pos, 12.84, 42.01, -4.89, -75.02, 7.52, 60.21, 56.27, tool_torque, -0.549, 0.449, 0.011, joint_torque, -0.6, -13.32, -0.05, 8.26, 0.48, -0.57, 0.12, robot_mode, sine_overlay, 
08/06/2022 11:55:00:066, robot_pos, 1654685575070, 619.92, 114.48, 328.69, 2.26, -0.02, 3.07, circuit_pos, 619.73, 115.25, 310.98, 2.26, -0.02, 3.07, tool_force, -0.35, -0.11, -0.03, actual_rep, 1, curr_step, 25, track_size, 72, robot_vel, 18.11, joints_pos, 12.84, 42.13, -4.87, -75.15, 7.51, 60.0, 56.27, tool_torque, -0.383, 0.515, 0.038, joint_torque, -0.51, -13.69, -0.09, 8.55, 0.51, -0.47, 0.13, robot_mode, sine_overlay, 
08/06/2022 11:55:00:325, robot_pos, 1654685575218, 620.07, 114.75, 323.03, 2.26, -0.02, 3.07, circuit_pos, 619.73, 115.25, 310.98, 2.26, -0.02, 3.07, tool_force, -1.37, 0.51, 0.09, actual_rep, 1, curr_step, 25, track_size, 72, robot_vel, 39.16, joints_pos, 12.84, 42.56, -4.82, -75.33, 7.51, 59.4, 56.26, tool_torque, -0.271, 0.568, 0.065, joint_torque, -0.8, -13.49, -0.32, 8.37, 0.49, -0.34, 0.14, robot_mode, sine_overlay, 
08/06/2022 11:55:00:470, robot_pos, 1654685575394, 620.59, 115.27, 315.99, 2.26, -0.02, 3.07, circuit_pos, 619.73, 115.25, 310.98, 2.26, -0.02, 3.07, tool_force, -1.18, 0.33, -0.24, actual_rep, 1, curr_step, 25, track_size, 72, robot_vel, 42.85, joints_pos, 12.86, 43.12, -4.79, -75.45, 7.57, 58.74, 56.24, tool_torque, -0.196, 0.572, 0.083, joint_torque, -0.79, -13.72, -0.31, 8.6, 0.46, -0.38, 0.17, robot_mode, sine_overlay, 
08/06/2022 11:55:00:602, robot_pos, 1654685575563, 620.96, 119.03, 313.1, 2.26, -0.03, 3.07, circuit_pos, 619.45, 126.37, 312.42, 2.25, -0.02, 3.07, tool_force, -0.49, -0.13, -0.67, actual_rep, 1, curr_step, 27, track_size, 72, robot_vel, 35.15, joints_pos, 13.03, 43.44, -4.58, -75.33, 7.67, 58.49, 56.56, tool_torque, -0.49, 0.523, -0.09, joint_torque, -0.3, -14.41, -0.05, 8.69, 0.58, -0.47, -0.06, robot_mode, sine_overlay, 
08/06/2022 11:55:00:889, robot_pos, 1654685575749, 621.1, 126.4, 316.27, 2.25, -0.02, 3.07, circuit_pos, 619.15, 132.12, 312.83, 2.25, -0.02, 3.07, tool_force, -0.85, -0.49, 0.09, actual_rep, 1, curr_step, 28, track_size, 72, robot_vel, 45.5, joints_pos, 13.71, 43.39, -4.61, -74.89, 7.48, 58.9, 57.66, tool_torque, -0.673, 0.574, -0.159, joint_torque, -0.8, -13.86, -0.24, 8.43, 0.52, -0.61, -0.09, robot_mode, sine_overlay, 
08/06/2022 11:55:01:037, robot_pos, 1654685575932, 620.82, 132.05, 324.21, 2.25, -0.02, 3.07, circuit_pos, 619.15, 132.12, 312.83, 2.25, -0.02, 3.07, tool_force, -0.85, -1.71, 0.29, actual_rep, 1, curr_step, 28, track_size, 72, robot_vel, 54.37, joints_pos, 14.29, 42.95, -4.72, -74.39, 7.35, 59.83, 58.47, tool_torque, -0.606, 0.357, -0.149, joint_torque, -0.8, -13.52, -0.31, 8.17, 0.31, -0.62, -0.07, robot_mode, sine_overlay, 
08/06/2022 11:55:01:169, robot_pos, 1654685576091, 620.3, 131.6, 330.38, 2.25, -0.02, 3.07, circuit_pos, 619.15, 132.12, 312.83, 2.25, -0.02, 3.07, tool_force, -0.27, -0.89, 0.65, actual_rep, 1, curr_step, 28, track_size, 72, robot_vel, 44.81, joints_pos, 14.37, 42.46, -4.9, -74.29, 7.37, 60.4, 58.5, tool_torque, -0.651, 0.458, -0.027, joint_torque, -0.67, -13.55, -0.07, 8.23, 0.47, -0.59, 0.09, robot_mode, sine_overlay, 
08/06/2022 11:55:01:490, robot_pos, 1654685576395, 619.4, 131.42, 330.5, 2.25, -0.02, 3.07, circuit_pos, 619.15, 132.12, 312.83, 2.25, -0.02, 3.07, tool_force, -0.39, 0.2, -0.07, actual_rep, 1, curr_step, 28, track_size, 72, robot_vel, 19.35, joints_pos, 14.37, 42.35, -4.89, -74.48, 7.37, 60.35, 58.49, tool_torque, -0.362, 0.472, 0.054, joint_torque, -0.5, -13.61, -0.1, 8.54, 0.5, -0.5, 0.14, robot_mode, sine_overlay, 
08/06/2022 11:55:01:691, robot_pos, 1654685576546, 619.55, 131.75, 324.74, 2.25, -0.02, 3.07, circuit_pos, 619.15, 132.12, 312.83, 2.25, -0.02, 3.07, tool_force, -1.04, 0.55, 0.27, actual_rep, 1, curr_step, 28, track_size, 72, robot_vel, 40.42, joints_pos, 14.38, 42.77, -4.84, -74.67, 7.38, 59.73, 58.49, tool_torque, -0.231, 0.519, 0.072, joint_torque, -0.72, -13.65, -0.32, 8.45, 0.46, -0.36, 0.14, robot_mode, sine_overlay, 
08/06/2022 11:55:01:718, robot_pos, 1654685576710, 619.96, 132.13, 318.19, 2.25, -0.02, 3.07, circuit_pos, 619.15, 132.12, 312.83, 2.25, -0.02, 3.07, tool_force, -0.92, 0.54, -0.6, actual_rep, 1, curr_step, 28, track_size, 72, robot_vel, 39.91, joints_pos, 14.39, 43.3, -4.82, -74.81, 7.46, 59.09, 58.45, tool_torque, -0.214, 0.513, 0.112, joint_torque, -0.72, -13.98, -0.29, 8.64, 0.45, -0.39, 0.2, robot_mode, sine_overlay, 
08/06/2022 11:55:01:986, robot_pos, 1654685576859, 620.23, 134.93, 314.8, 2.25, -0.02, 3.07, circuit_pos, 618.68, 143.43, 313.21, 2.25, -0.02, 3.07, tool_force, -0.81, 0.2, -0.41, actual_rep, 1, curr_step, 30, track_size, 72, robot_vel, 25.85, joints_pos, 14.5, 43.62, -4.64, -74.75, 7.53, 58.79, 58.58, tool_torque, -0.399, 0.723, -0.04, joint_torque, -0.64, -14.0, -0.08, 8.6, 0.61, -0.43, 0.01, robot_mode, sine_overlay, 
08/06/2022 11:55:02:004, robot_pos, 1654685577009, 620.42, 140.79, 315.59, 2.25, -0.02, 3.07, circuit_pos, 618.69, 148.48, 313.26, 2.24, -0.02, 3.06, tool_force, -1.27, -0.22, -0.22, actual_rep, 1, curr_step, 31, track_size, 72, robot_vel, 39.48, joints_pos, 14.98, 43.72, -4.57, -74.41, 7.38, 58.91, 59.25, tool_torque, -0.804, 0.604, -0.133, joint_torque, -1.02, -14.21, -0.33, 8.84, 0.59, -0.81, -0.07, robot_mode, sine_overlay, 
08/06/2022 11:55:02:257, robot_pos, 1654685577160, 620.77, 146.69, 320.37, 2.24, -0.02, 3.06, circuit_pos, 618.69, 148.48, 313.26, 2.24, -0.02, 3.06, tool_force, 0.01, -1.09, -0.14, actual_rep, 1, curr_step, 31, track_size, 72, robot_vel, 52.11, joints_pos, 15.47, 43.5, -4.59, -74.05, 7.47, 59.14, 60.12, tool_torque, -0.619, 0.455, -0.15, joint_torque, -0.71, -14.2, -0.23, 8.4, 0.44, -0.58, -0.08, robot_mode, sine_overlay, 
08/06/2022 11:55:02:442, robot_pos, 1654685577311, 620.21, 148.2, 326.93, 2.24, -0.02, 3.06, circuit_pos, 618.69, 148.48, 313.26, 2.24, -0.02, 3.06, tool_force, -1.37, -1.02, 0.47, actual_rep, 1, curr_step, 31, track_size, 72, robot_vel, 47.68, joints_pos, 15.76, 42.98, -4.84, -73.92, 7.52, 59.63, 60.41, tool_torque, -0.802, 0.623, -0.176, joint_torque, -1.26, -13.85, -0.26, 8.49, 0.44, -0.76, -0.03, robot_mode, sine_overlay, 
08/06/2022 11:55:02:546, robot_pos, 1654685577463, 619.5, 147.86, 331.87, 2.24, -0.02, 3.06, circuit_pos, 618.69, 148.48, 313.26, 2.24, -0.02, 3.06, tool_force, 0.0, -0.59, 0.52, actual_rep, 1, curr_step, 31, track_size, 72, robot_vel, 28.73, joints_pos, 15.76, 42.54, -4.87, -73.9, 7.6, 60.06, 60.39, tool_torque, -0.674, 0.397, -0.0090, joint_torque, -0.67, -13.67, -0.1, 8.4, 0.45, -0.73, 0.1, robot_mode, sine_overlay, 
08/06/2022 11:55:02:748, robot_pos, 1654685577613, 619.05, 147.61, 332.86, 2.24, -0.02, 3.06, circuit_pos, 618.69, 148.48, 313.26, 2.24, -0.02, 3.06, tool_force, -0.29, -0.07, 0.2, actual_rep, 1, curr_step, 31, track_size, 72, robot_vel, 3.63, joints_pos, 15.76, 42.43, -4.89, -73.96, 7.58, 60.14, 60.39, tool_torque, -0.552, 0.477, 0.0070, joint_torque, -0.55, -13.65, -0.04, 8.47, 0.52, -0.61, 0.1, robot_mode, sine_overlay, 
08/06/2022 11:55:02:850, robot_pos, 1654685577775, 618.91, 147.78, 329.13, 2.24, -0.02, 3.06, circuit_pos, 618.69, 148.48, 313.26, 2.24, -0.02, 3.06, tool_force, -0.76, 0.29, 0.12, actual_rep, 1, curr_step, 31, track_size, 72, robot_vel, 14.43, joints_pos, 15.76, 42.68, -4.85, -74.15, 7.58, 59.71, 60.39, tool_torque, -0.338, 0.548, 0.039, joint_torque, -0.68, -13.64, -0.22, 8.52, 0.5, -0.53, 0.12, robot_mode, sine_overlay, 
08/06/2022 11:55:03:058, robot_pos, 1654685577929, 619.17, 148.14, 322.9, 2.24, -0.02, 3.06, circuit_pos, 618.69, 148.48, 313.26, 2.24, -0.02, 3.06, tool_force, -1.29, 1.11, -0.33, actual_rep, 1, curr_step, 31, track_size, 72, robot_vel, 41.63, joints_pos, 15.77, 43.16, -4.8, -74.31, 7.59, 59.09, 60.38, tool_torque, -0.354, 0.567, 0.054, joint_torque, -0.89, -13.77, -0.33, 8.65, 0.49, -0.5, 0.14, robot_mode, sine_overlay, 
08/06/2022 11:55:03:155, robot_pos, 1654685578079, 619.74, 148.62, 317.24, 2.24, -0.02, 3.06, circuit_pos, 618.64, 153.34, 313.12, 2.24, -0.02, 3.06, tool_force, -0.64, 0.89, -0.49, actual_rep, 1, curr_step, 32, track_size, 72, robot_vel, 34.47, joints_pos, 15.77, 43.63, -4.77, -74.36, 7.66, 58.58, 60.35, tool_torque, -0.251, 0.523, 0.102, joint_torque, -0.3, -14.36, 0.04, 8.84, 0.58, -0.47, 0.18, robot_mode, sine_overlay, 
08/06/2022 11:55:03:365, robot_pos, 1654685578229, 620.02, 152.97, 314.91, 2.24, -0.02, 3.06, circuit_pos, 618.01, 166.56, 311.61, 2.22, -0.01, 3.06, tool_force, -2.58, -2.76, -12.79, actual_rep, 1, curr_step, 35, track_size, 72, robot_vel, 37.53, joints_pos, 16.05, 43.91, -4.62, -74.21, 7.58, 58.27, 61.0, tool_torque, -1.036, 0.235, -0.071, joint_torque, -1.69, -15.07, -0.95, 8.08, 0.46, -0.68, -0.06, robot_mode, sine_overlay, 
08/06/2022 11:55:03:488, robot_pos, 1654685578380, 621.37, 157.42, 322.06, 2.23, -0.02, 3.06, circuit_pos, 618.01, 166.56, 311.61, 2.22, -0.01, 3.06, tool_force, -0.06, -1.04, 1.69, actual_rep, 1, curr_step, 35, track_size, 72, robot_vel, 64.96, joints_pos, 16.56, 43.69, -4.75, -73.46, 7.12, 59.09, 62.23, tool_torque, -0.645, 0.767, -0.195, joint_torque, -0.92, -12.77, -0.08, 7.56, 0.49, -0.46, -0.08, robot_mode, sine_overlay, 
08/06/2022 11:55:03:630, robot_pos, 1654685578535, 620.44, 161.56, 322.1, 2.22, -0.01, 3.06, circuit_pos, 618.01, 166.56, 311.61, 2.22, -0.01, 3.06, tool_force, -1.13, 0.51, 0.43, actual_rep, 1, curr_step, 35, track_size, 72, robot_vel, 23.38, joints_pos, 17.02, 43.69, -4.81, -73.47, 6.83, 59.01, 63.09, tool_torque, -0.431, 0.642, -0.177, joint_torque, -0.61, -14.08, -0.06, 8.76, 0.43, -0.63, -0.08, robot_mode, sine_overlay, 
08/06/2022 11:55:03:792, robot_pos, 1654685578670, 620.05, 161.89, 323.0, 2.22, -0.01, 3.06, circuit_pos, 618.01, 166.56, 311.61, 2.22, -0.01, 3.06, tool_force, 1.19, -2.97, -9.44, actual_rep, 1, curr_step, 35, track_size, 72, robot_vel, 4.59, joints_pos, 17.1, 43.57, -4.87, -73.52, 6.89, 59.03, 63.16, tool_torque, -1.098, 0.239, -0.049, joint_torque, -0.28, -15.78, 0.01, 8.71, 0.49, -0.75, 0.04, robot_mode, normal, 
08/06/2022 11:55:03:899, robot_pos, 1654685578819, 619.02, 163.45, 323.76, 2.22, -0.01, 3.06, circuit_pos, 617.74, 172.36, 310.59, 2.21, -0.01, 3.06, tool_force, -2.12, 0.19, 1.97, actual_rep, 1, curr_step, 37, track_size, 72, robot_vel, 21.23, joints_pos, 17.2, 43.43, -4.78, -73.71, 6.91, 58.86, 63.3, tool_torque, -0.486, 0.921, -0.171, joint_torque, -1.77, -12.27, -0.62, 8.02, 0.42, -0.62, -0.05, robot_mode, normal, 
08/06/2022 11:55:04:093, robot_pos, 1654685578968, 618.6, 169.03, 318.15, 2.22, -0.01, 3.06, circuit_pos, 617.47, 173.15, 309.13, 2.21, -0.01, 3.07, tool_force, -0.38, -0.73, -0.32, actual_rep, 1, curr_step, 40, track_size, 72, robot_vel, 45.63, joints_pos, 17.61, 44.02, -4.59, -73.51, 6.55, 58.76, 64.25, tool_torque, -0.665, 0.48, -0.09, joint_torque, -0.62, -14.88, -0.34, 8.79, 0.54, -0.79, -0.07, robot_mode, normal, 
08/06/2022 11:55:04:423, robot_pos, 1654685579278, 618.08, 173.07, 314.21, 2.21, -0.01, 3.07, circuit_pos, 617.6, 173.44, 310.34, 2.21, -0.01, 3.07, tool_force, -1.14, 0.36, 0.38, actual_rep, 1, curr_step, 45, track_size, 72, robot_vel, 8.79, joints_pos, 18.01, 44.46, -4.61, -73.34, 6.32, 58.83, 65.09, tool_torque, -0.423, 0.41, -0.057, joint_torque, -0.77, -13.73, -0.48, 8.5, 0.37, -0.69, -0.01, robot_mode, normal, 
08/06/2022 11:55:04:526, robot_pos, 1654685579428, 617.93, 173.25, 314.45, 2.21, -0.01, 3.07, circuit_pos, 617.62, 173.49, 309.59, 2.21, -0.01, 3.07, tool_force, 0.19, -1.24, -0.97, actual_rep, 1, curr_step, 47, track_size, 72, robot_vel, 1.88, joints_pos, 18.01, 44.42, -4.59, -73.36, 6.31, 58.83, 65.11, tool_torque, -0.571, 0.38, -0.031, joint_torque, -0.42, -14.41, -0.23, 8.57, 0.46, -0.67, 0.01, robot_mode, normal, 
08/06/2022 11:55:04:716, robot_pos, 1654685579578, 618.2, 173.53, 313.77, 2.21, -0.01, 3.07, circuit_pos, 617.74, 173.47, 309.51, 2.21, -0.01, 3.07, tool_force, -1.42, 0.35, 0.7, actual_rep, 1, curr_step, 50, track_size, 72, robot_vel, 7.05, joints_pos, 18.02, 44.5, -4.58, -73.32, 6.3, 58.75, 65.13, tool_torque, -0.313, 0.588, -0.06, joint_torque, -0.95, -13.75, -0.5, 8.37, 0.38, -0.46, -0.01, robot_mode, normal, 
08/06/2022 11:55:04:822, robot_pos, 1654685579728, 618.17, 173.43, 313.76, 2.21, -0.01, 3.07, circuit_pos, 617.7, 173.68, 309.51, 2.21, -0.01, 3.07, tool_force, -0.45, -0.22, 0.05, actual_rep, 1, curr_step, 53, track_size, 72, robot_vel, 0.66, joints_pos, 18.02, 44.51, -4.58, -73.32, 6.29, 58.77, 65.14, tool_torque, -0.469, 0.515, -0.034, joint_torque, -0.6, -14.16, -0.28, 8.53, 0.48, -0.6, 0.01, robot_mode, normal, 
08/06/2022 11:55:04:942, robot_pos, 1654685579877, 618.15, 173.52, 313.78, 2.21, -0.01, 3.07, circuit_pos, 617.73, 173.58, 309.53, 2.21, -0.01, 3.07, tool_force, -0.68, -0.37, -0.16, actual_rep, 1, curr_step, 55, track_size, 72, robot_vel, 0.31, joints_pos, 18.03, 44.5, -4.58, -73.32, 6.29, 58.77, 65.15, tool_torque, -0.446, 0.47, -0.014, joint_torque, -0.66, -14.15, -0.34, 8.53, 0.46, -0.59, 0.03, robot_mode, normal, 
08/06/2022 11:55:05:822, robot_pos, 1654685580028, 618.15, 173.51, 313.81, 2.21, -0.01, 3.07, circuit_pos, 617.7, 173.64, 309.53, 2.21, -0.01, 3.07, tool_force, -0.63, -0.27, 0.02, actual_rep, 1, curr_step, 58, track_size, 72, robot_vel, 0.24, joints_pos, 18.03, 44.5, -4.58, -73.32, 6.29, 58.77, 65.15, tool_torque, -0.43, 0.463, -0.0060, joint_torque, -0.63, -14.0, -0.34, 8.5, 0.45, -0.6, 0.03, robot_mode, normal, 
08/06/2022 11:55:06:361, robot_pos, 1654685580179, 618.13, 173.53, 313.8, 2.21, -0.01, 3.07, circuit_pos, 617.7, 173.64, 309.53, 2.21, -0.01, 3.07, tool_force, -0.83, -0.18, 0.02, actual_rep, 1, curr_step, 60, track_size, 72, robot_vel, 0.15, joints_pos, 18.03, 44.5, -4.58, -73.32, 6.29, 58.77, 65.15, tool_torque, -0.43, 0.507, -0.019, joint_torque, -0.73, -14.03, -0.37, 8.53, 0.44, -0.6, 0.03, robot_mode, normal, 
