11/05/2022 17:59:33: File Created!
11/05/2022 17:59:33:647, robot_pos, 1652288263966, 616.23, 201.06, 172.48, 2.33, 0.07, 3.12, circuit_pos, 616.09, 201.49, 173.4, 2.33, 0.06, 3.12, tool_force, 1.14, 0.26, 0.06, actual_rep, 1, curr_step, 1, track_size, 69, robot_vel, 35.09, joints_pos, 28.37, 58.51, -16.51, -72.83, 14.92, 48.12, 56.57, tool_torque, 0.349, -0.442, 0.388, joint_torque, 0.35, -0.1, -0.24, 0.43, 0.06, -0.09, 0.33, robot_mode, normal, 
11/05/2022 17:59:33:776, robot_pos, 1652288264106, 616.24, 201.05, 172.5, 2.33, 0.07, 3.12, circuit_pos, 616.09, 201.49, 173.4, 2.33, 0.06, 3.12, tool_force, 1.09, 0.19, 0.13, actual_rep, 1, curr_step, 1, track_size, 69, robot_vel, 35.09, joints_pos, 28.37, 58.51, -16.51, -72.83, 14.92, 48.12, 56.58, tool_torque, 0.324, -0.416, 0.359, joint_torque, 0.33, -0.06, -0.23, 0.41, 0.06, -0.09, 0.3, robot_mode, normal, 
11/05/2022 17:59:33:940, robot_pos, 1652288264274, 616.3, 201.7, 173.57, 2.33, 0.07, 3.12, circuit_pos, 615.94, 202.64, 175.82, 2.33, 0.06, 3.12, tool_force, 0.85, 0.01, 6.08, actual_rep, 1, curr_step, 2, track_size, 69, robot_vel, 4.5, joints_pos, 28.42, 58.42, -16.51, -72.78, 14.92, 48.24, 56.58, tool_torque, 0.131, -0.325, 0.302, joint_torque, 0.14, 3.34, 0.37, -1.22, 0.08, -0.2, 0.28, robot_mode, normal, 
11/05/2022 17:59:34:071, robot_pos, 1652288264409, 616.25, 203.37, 178.01, 2.33, 0.06, 3.12, circuit_pos, 615.56, 205.12, 183.46, 2.33, 0.06, 3.12, tool_force, 0.31, -0.66, 6.39, actual_rep, 1, curr_step, 4, track_size, 69, robot_vel, 22.0, joints_pos, 28.52, 58.05, -16.51, -72.72, 14.92, 48.72, 56.71, tool_torque, -0.108, -0.083, 0.124, joint_torque, -0.3, 3.56, 0.3, -1.34, 0.09, -0.23, 0.12, robot_mode, normal, 
11/05/2022 17:59:34:221, robot_pos, 1652288264557, 615.91, 204.77, 183.51, 2.33, 0.06, 3.12, circuit_pos, 615.35, 206.46, 188.9, 2.33, 0.06, 3.12, tool_force, 0.03, -0.6, 6.81, actual_rep, 1, curr_step, 5, track_size, 69, robot_vel, 37.78, joints_pos, 28.61, 57.55, -16.51, -72.72, 14.9, 49.28, 56.77, tool_torque, -0.095, 0.088, 0.047, joint_torque, -0.52, 4.08, 0.35, -1.47, 0.1, -0.21, 0.05, robot_mode, normal, 
11/05/2022 17:59:34:375, robot_pos, 1652288264707, 615.7, 206.16, 189.46, 2.33, 0.06, 3.12, circuit_pos, 615.2, 207.76, 195.44, 2.33, 0.05, 3.12, tool_force, -0.34, -0.66, 6.75, actual_rep, 1, curr_step, 6, track_size, 69, robot_vel, 40.37, joints_pos, 28.69, 57.03, -16.51, -72.68, 14.9, 49.94, 56.83, tool_torque, -0.158, 0.132, -0.0010, joint_torque, -0.5, 3.8, 0.37, -1.41, 0.1, -0.23, 0.01, robot_mode, normal, 
11/05/2022 17:59:34:520, robot_pos, 1652288264856, 615.56, 207.24, 195.19, 2.33, 0.05, 3.12, circuit_pos, 614.92, 208.86, 202.63, 2.33, 0.05, 3.12, tool_force, -0.46, -0.93, 6.67, actual_rep, 1, curr_step, 7, track_size, 69, robot_vel, 41.9, joints_pos, 28.74, 56.53, -16.51, -72.63, 14.91, 50.55, 56.86, tool_torque, -0.219, 0.183, 0.0050, joint_torque, -0.75, 3.76, 0.28, -1.45, 0.09, -0.24, 0.03, robot_mode, normal, 
11/05/2022 17:59:34:671, robot_pos, 1652288265005, 615.33, 208.24, 200.97, 2.33, 0.05, 3.12, circuit_pos, 614.44, 209.97, 210.4, 2.33, 0.04, 3.12, tool_force, -0.52, -0.66, 6.52, actual_rep, 1, curr_step, 8, track_size, 69, robot_vel, 39.71, joints_pos, 28.79, 56.02, -16.51, -72.61, 14.92, 51.14, 56.87, tool_torque, -0.204, 0.18, -0.017, joint_torque, -0.66, 3.62, 0.33, -1.46, 0.08, -0.24, 0.01, robot_mode, normal, 
11/05/2022 17:59:34:824, robot_pos, 1652288265155, 615.01, 209.09, 206.77, 2.33, 0.05, 3.12, circuit_pos, 613.74, 210.91, 218.47, 2.33, 0.04, 3.12, tool_force, -0.57, -0.57, 6.87, actual_rep, 1, curr_step, 9, track_size, 69, robot_vel, 39.56, joints_pos, 28.83, 55.49, -16.51, -72.61, 14.93, 51.74, 56.88, tool_torque, -0.189, 0.168, -0.021, joint_torque, -0.64, 3.71, 0.33, -1.42, 0.07, -0.25, 0.01, robot_mode, normal, 
11/05/2022 17:59:34:974, robot_pos, 1652288265305, 614.65, 209.9, 212.61, 2.33, 0.04, 3.12, circuit_pos, 613.74, 210.91, 218.47, 2.33, 0.04, 3.12, tool_force, -0.58, -0.58, 6.71, actual_rep, 1, curr_step, 9, track_size, 69, robot_vel, 39.67, joints_pos, 28.87, 54.97, -16.51, -72.61, 14.93, 52.31, 56.91, tool_torque, -0.204, 0.167, -0.027, joint_torque, -0.64, 3.63, 0.33, -1.36, 0.07, -0.27, 0.01, robot_mode, normal, 
11/05/2022 17:59:35:126, robot_pos, 1652288265453, 614.13, 210.58, 218.31, 2.33, 0.04, 3.12, circuit_pos, 612.75, 211.74, 226.7, 2.33, 0.03, 3.12, tool_force, -0.72, -0.61, 6.51, actual_rep, 1, curr_step, 10, track_size, 69, robot_vel, 42.93, joints_pos, 28.92, 54.43, -16.51, -72.65, 14.93, 52.86, 56.94, tool_torque, -0.192, 0.173, -0.018, joint_torque, -0.67, 3.78, 0.32, -1.44, 0.07, -0.27, 0.01, robot_mode, normal, 
11/05/2022 17:59:35:274, robot_pos, 1652288265602, 613.52, 211.22, 224.09, 2.33, 0.04, 3.12, circuit_pos, 611.66, 212.43, 235.08, 2.33, 0.03, 3.12, tool_force, -0.69, -0.22, 6.49, actual_rep, 1, curr_step, 11, track_size, 69, robot_vel, 39.76, joints_pos, 28.96, 53.89, -16.51, -72.69, 14.93, 53.39, 56.99, tool_torque, -0.148, 0.175, -0.022, joint_torque, -0.6, 3.68, 0.34, -1.35, 0.07, -0.27, 0.01, robot_mode, normal, 
11/05/2022 17:59:35:431, robot_pos, 1652288265752, 612.84, 211.76, 229.98, 2.33, 0.03, 3.12, circuit_pos, 610.35, 212.82, 243.57, 2.33, 0.03, 3.12, tool_force, -0.86, -0.24, 6.32, actual_rep, 1, curr_step, 12, track_size, 69, robot_vel, 40.09, joints_pos, 29.0, 53.32, -16.51, -72.76, 14.93, 53.94, 57.04, tool_torque, -0.164, 0.21, -0.013, joint_torque, -0.76, 3.78, 0.26, -1.4, 0.07, -0.26, 0.03, robot_mode, normal, 
11/05/2022 17:59:35:574, robot_pos, 1652288265901, 612.09, 212.17, 235.65, 2.33, 0.03, 3.12, circuit_pos, 610.35, 212.82, 243.57, 2.33, 0.03, 3.12, tool_force, -0.84, -0.04, 6.48, actual_rep, 1, curr_step, 12, track_size, 69, robot_vel, 36.98, joints_pos, 29.03, 52.77, -16.51, -72.85, 14.93, 54.42, 57.09, tool_torque, -0.122, 0.183, -0.0050, joint_torque, -0.6, 3.73, 0.33, -1.32, 0.07, -0.28, 0.03, robot_mode, normal, 
11/05/2022 17:59:35:731, robot_pos, 1652288266051, 611.22, 212.47, 241.48, 2.33, 0.03, 3.12, circuit_pos, 608.88, 212.9, 252.0, 2.33, 0.02, 3.11, tool_force, -0.86, -0.05, 6.53, actual_rep, 1, curr_step, 13, track_size, 69, robot_vel, 39.21, joints_pos, 29.07, 52.18, -16.51, -72.96, 14.93, 54.93, 57.13, tool_torque, -0.151, 0.196, 0.0060, joint_torque, -0.69, 3.74, 0.28, -1.42, 0.08, -0.28, 0.04, robot_mode, normal, 
11/05/2022 17:59:35:877, robot_pos, 1652288266203, 610.27, 212.66, 247.35, 2.33, 0.02, 3.11, circuit_pos, 607.26, 212.68, 260.55, 2.33, 0.02, 3.11, tool_force, -0.94, 0.1, 6.63, actual_rep, 1, curr_step, 14, track_size, 69, robot_vel, 44.37, joints_pos, 29.09, 51.58, -16.51, -73.07, 14.93, 55.44, 57.16, tool_torque, -0.129, 0.2, 0.0040, joint_torque, -0.67, 3.76, 0.3, -1.33, 0.08, -0.29, 0.04, robot_mode, normal, 
11/05/2022 17:59:36:033, robot_pos, 1652288266354, 609.26, 212.64, 253.1, 2.33, 0.02, 3.11, circuit_pos, 607.26, 212.68, 260.55, 2.33, 0.02, 3.11, tool_force, -1.05, 0.12, 6.75, actual_rep, 1, curr_step, 14, track_size, 69, robot_vel, 46.33, joints_pos, 29.11, 51.0, -16.51, -73.21, 14.93, 55.91, 57.18, tool_torque, -0.115, 0.189, 0.025, joint_torque, -0.69, 3.68, 0.27, -1.28, 0.07, -0.29, 0.06, robot_mode, normal, 
11/05/2022 17:59:36:178, robot_pos, 1652288266502, 608.23, 212.56, 258.86, 2.33, 0.02, 3.11, circuit_pos, 605.66, 211.98, 269.4, 2.32, 0.01, 3.11, tool_force, -0.73, -0.04, 6.35, actual_rep, 1, curr_step, 15, track_size, 69, robot_vel, 44.09, joints_pos, 29.12, 50.4, -16.51, -73.35, 14.93, 56.41, 57.2, tool_torque, -0.138, 0.142, 0.022, joint_torque, -0.54, 3.63, 0.31, -1.32, 0.08, -0.29, 0.05, robot_mode, normal, 
11/05/2022 17:59:36:333, robot_pos, 1652288266653, 607.14, 212.26, 264.71, 2.32, 0.02, 3.11, circuit_pos, 604.08, 210.58, 278.54, 2.32, 0.01, 3.11, tool_force, -0.8, -0.01, 6.58, actual_rep, 1, curr_step, 16, track_size, 69, robot_vel, 51.82, joints_pos, 29.12, 49.79, -16.51, -73.51, 14.92, 56.86, 57.21, tool_torque, -0.127, 0.162, 0.028, joint_torque, -0.61, 3.88, 0.27, -1.42, 0.09, -0.3, 0.05, robot_mode, normal, 
11/05/2022 17:59:36:489, robot_pos, 1652288266802, 606.12, 211.65, 270.58, 2.32, 0.01, 3.11, circuit_pos, 604.08, 210.58, 278.54, 2.32, 0.01, 3.11, tool_force, -0.58, 0.09, 6.49, actual_rep, 1, curr_step, 16, track_size, 69, robot_vel, 40.45, joints_pos, 29.11, 49.18, -16.54, -73.66, 14.89, 57.35, 57.23, tool_torque, -0.151, 0.145, 0.019, joint_torque, -0.4, 3.7, 0.41, -1.37, 0.11, -0.31, 0.04, robot_mode, normal, 
11/05/2022 17:59:36:639, robot_pos, 1652288266953, 605.05, 210.89, 276.27, 2.32, 0.01, 3.11, circuit_pos, 602.24, 208.87, 287.98, 2.32, 0.01, 3.11, tool_force, -0.41, 0.16, 6.53, actual_rep, 1, curr_step, 17, track_size, 69, robot_vel, 39.65, joints_pos, 29.1, 48.58, -16.58, -73.81, 14.87, 57.83, 57.25, tool_torque, -0.148, 0.152, 0.013, joint_torque, -0.35, 3.78, 0.45, -1.43, 0.13, -0.3, 0.04, robot_mode, normal, 
11/05/2022 17:59:36:784, robot_pos, 1652288267103, 603.94, 210.03, 282.12, 2.32, 0.01, 3.11, circuit_pos, 602.24, 208.87, 287.98, 2.32, 0.01, 3.11, tool_force, -0.33, 0.22, 6.37, actual_rep, 1, curr_step, 17, track_size, 69, robot_vel, 40.02, joints_pos, 29.1, 47.97, -16.64, -73.97, 14.85, 58.32, 57.29, tool_torque, -0.146, 0.128, 0.0060, joint_torque, -0.18, 3.63, 0.54, -1.36, 0.13, -0.3, 0.03, robot_mode, normal, 
11/05/2022 17:59:36:941, robot_pos, 1652288267253, 602.8, 209.05, 287.84, 2.32, 0.01, 3.11, circuit_pos, 600.23, 207.17, 297.54, 2.32, 0.0, 3.11, tool_force, -0.33, 0.18, 6.44, actual_rep, 1, curr_step, 18, track_size, 69, robot_vel, 40.52, joints_pos, 29.09, 47.35, -16.7, -74.13, 14.83, 58.82, 57.31, tool_torque, -0.147, 0.107, 0.02, joint_torque, -0.14, 3.77, 0.57, -1.42, 0.13, -0.3, 0.04, robot_mode, normal, 
11/05/2022 17:59:37:085, robot_pos, 1652288267404, 601.61, 208.1, 293.73, 2.32, 0.0, 3.11, circuit_pos, 598.1, 205.55, 307.09, 2.31, 0.0, 3.11, tool_force, -0.26, 0.12, 6.3, actual_rep, 1, curr_step, 19, track_size, 69, robot_vel, 40.44, joints_pos, 29.09, 46.75, -16.77, -74.28, 14.82, 59.3, 57.34, tool_torque, -0.16, 0.133, 0.0040, joint_torque, -0.17, 3.75, 0.55, -1.42, 0.13, -0.3, 0.03, robot_mode, normal, 
11/05/2022 17:59:37:241, robot_pos, 1652288267554, 600.37, 207.12, 299.46, 2.32, 0.0, 3.11, circuit_pos, 598.1, 205.55, 307.09, 2.31, 0.0, 3.11, tool_force, -0.39, 0.26, 6.46, actual_rep, 1, curr_step, 19, track_size, 69, robot_vel, 39.2, joints_pos, 29.08, 46.11, -16.84, -74.46, 14.82, 59.78, 57.35, tool_torque, -0.137, 0.135, 0.0060, joint_torque, -0.15, 3.63, 0.57, -1.4, 0.12, -0.3, 0.03, robot_mode, normal, 
11/05/2022 17:59:37:408, robot_pos, 1652288267703, 599.06, 206.0, 306.14, 2.31, 0.0, 3.11, circuit_pos, 596.13, 204.18, 315.32, 2.31, 0.0, 3.11, tool_force, -0.17, -0.04, 6.13, actual_rep, 1, curr_step, 20, track_size, 69, robot_vel, 40.7, joints_pos, 29.08, 45.42, -16.91, -74.65, 14.82, 60.27, 57.37, tool_torque, -0.147, 0.121, 0.016, joint_torque, -0.16, 3.8, 0.55, -1.47, 0.12, -0.31, 0.04, robot_mode, normal, 
11/05/2022 17:59:37:546, robot_pos, 1652288267853, 597.71, 205.19, 311.16, 2.31, 0.0, 3.11, circuit_pos, 594.06, 202.62, 323.7, 2.31, -0.01, 3.1, tool_force, -0.28, 0.34, 6.26, actual_rep, 1, curr_step, 21, track_size, 69, robot_vel, 40.7, joints_pos, 29.08, 44.87, -16.96, -74.8, 14.82, 60.67, 57.38, tool_torque, -0.139, 0.121, 0.0090, joint_torque, -0.09, 3.65, 0.59, -1.39, 0.12, -0.3, 0.04, robot_mode, normal, 
11/05/2022 17:59:37:686, robot_pos, 1652288268001, 596.34, 204.15, 316.85, 2.31, 0.0, 3.11, circuit_pos, 594.06, 202.62, 323.7, 2.31, -0.01, 3.1, tool_force, -0.33, 0.35, 6.68, actual_rep, 1, curr_step, 21, track_size, 69, robot_vel, 40.04, joints_pos, 29.07, 44.25, -17.01, -75.0, 14.82, 61.06, 57.38, tool_torque, -0.113, 0.11, 0.028, joint_torque, -0.14, 3.77, 0.54, -1.43, 0.12, -0.31, 0.05, robot_mode, normal, 
11/05/2022 17:59:37:844, robot_pos, 1652288268153, 594.91, 203.06, 322.7, 2.31, -0.01, 3.1, circuit_pos, 591.75, 200.74, 332.5, 2.31, -0.01, 3.1, tool_force, -0.18, 0.36, 6.5, actual_rep, 1, curr_step, 22, track_size, 69, robot_vel, 39.92, joints_pos, 29.07, 43.6, -17.08, -75.19, 14.82, 61.49, 57.39, tool_torque, -0.12, 0.091, 0.031, joint_torque, -0.04, 3.55, 0.59, -1.4, 0.12, -0.3, 0.06, robot_mode, normal, 
11/05/2022 17:59:38:028, robot_pos, 1652288268300, 593.43, 201.86, 328.4, 2.31, -0.01, 3.1, circuit_pos, 589.16, 198.16, 340.79, 2.31, -0.01, 3.1, tool_force, -0.38, 0.42, 6.44, actual_rep, 1, curr_step, 23, track_size, 69, robot_vel, 44.6, joints_pos, 29.07, 42.97, -17.15, -75.39, 14.81, 61.87, 57.39, tool_torque, -0.145, 0.106, 0.062, joint_torque, -0.15, 3.45, 0.53, -1.34, 0.13, -0.32, 0.1, robot_mode, normal, 
11/05/2022 17:59:38:144, robot_pos, 1652288268450, 591.78, 200.35, 334.25, 2.31, -0.01, 3.1, circuit_pos, 589.16, 198.16, 340.79, 2.31, -0.01, 3.1, tool_force, -0.1, 0.43, 6.12, actual_rep, 1, curr_step, 23, track_size, 69, robot_vel, 41.92, joints_pos, 29.07, 42.29, -17.21, -75.61, 14.6, 62.31, 57.38, tool_torque, -0.12, 0.085, 0.098, joint_torque, -0.07, 3.56, 0.58, -1.41, 0.15, -0.32, 0.13, robot_mode, normal, 
11/05/2022 17:59:38:293, robot_pos, 1652288268600, 589.98, 198.38, 339.99, 2.31, -0.01, 3.1, circuit_pos, 586.26, 194.72, 349.04, 2.32, 0.0, 3.11, tool_force, -0.31, 0.58, 6.66, actual_rep, 1, curr_step, 24, track_size, 69, robot_vel, 47.07, joints_pos, 29.07, 41.62, -17.29, -75.85, 14.31, 62.77, 57.32, tool_torque, -0.08, 0.11, 0.162, joint_torque, -0.19, 3.61, 0.55, -1.39, 0.15, -0.31, 0.21, robot_mode, normal, 
11/05/2022 17:59:38:445, robot_pos, 1652288268752, 587.96, 196.24, 345.98, 2.31, 0.0, 3.11, circuit_pos, 583.83, 191.14, 356.09, 2.32, 0.0, 3.11, tool_force, -0.24, 0.61, 6.14, actual_rep, 1, curr_step, 25, track_size, 69, robot_vel, 44.27, joints_pos, 29.07, 40.93, -17.35, -76.1, 13.87, 63.28, 57.28, tool_torque, -0.075, 0.114, 0.226, joint_torque, -0.23, 3.8, 0.55, -1.5, 0.17, -0.31, 0.28, robot_mode, normal, 
11/05/2022 17:59:38:611, robot_pos, 1652288268918, 585.84, 193.34, 352.31, 2.32, 0.0, 3.11, circuit_pos, 583.83, 191.14, 356.09, 2.32, 0.0, 3.11, tool_force, 0.2, 0.57, 5.89, actual_rep, 1, curr_step, 25, track_size, 69, robot_vel, 44.24, joints_pos, 29.08, 40.18, -17.47, -76.38, 13.33, 63.83, 57.23, tool_torque, -0.114, 0.053, 0.275, joint_torque, -0.14, 3.45, 0.59, -1.48, 0.19, -0.3, 0.34, robot_mode, normal, 
11/05/2022 17:59:38:743, robot_pos, 1652288269050, 584.09, 190.55, 357.41, 2.32, 0.0, 3.12, circuit_pos, 581.54, 187.47, 362.42, 2.32, 0.01, 3.12, tool_force, -0.37, 0.42, 6.1, actual_rep, 1, curr_step, 26, track_size, 69, robot_vel, 46.05, joints_pos, 29.09, 39.55, -17.6, -76.64, 12.86, 64.24, 57.21, tool_torque, -0.104, 0.164, 0.276, joint_torque, -0.53, 3.83, 0.48, -1.54, 0.17, -0.32, 0.36, robot_mode, normal, 
11/05/2022 17:59:38:897, robot_pos, 1652288269199, 581.98, 187.32, 363.3, 2.32, 0.01, 3.12, circuit_pos, 579.61, 184.54, 367.53, 2.32, 0.02, 3.12, tool_force, -0.81, 0.76, 6.25, actual_rep, 1, curr_step, 27, track_size, 69, robot_vel, 47.2, joints_pos, 29.11, 38.81, -17.78, -76.97, 12.32, 64.64, 57.21, tool_torque, -0.133, 0.279, 0.187, joint_torque, -0.64, 3.43, 0.52, -1.43, 0.17, -0.31, 0.29, robot_mode, normal, 
11/05/2022 17:59:39:045, robot_pos, 1652288269348, 579.93, 183.99, 368.96, 2.32, 0.02, 3.12, circuit_pos, 577.53, 181.37, 373.01, 2.32, 0.02, 3.12, tool_force, -0.61, 0.82, 6.11, actual_rep, 1, curr_step, 28, track_size, 69, robot_vel, 47.79, joints_pos, 29.15, 38.06, -17.98, -77.35, 11.84, 64.93, 57.21, tool_torque, -0.156, 0.262, 0.161, joint_torque, -0.57, 3.34, 0.53, -1.4, 0.18, -0.31, 0.26, robot_mode, normal, 
11/05/2022 17:59:39:194, robot_pos, 1652288269500, 577.62, 180.49, 374.84, 2.32, 0.02, 3.12, circuit_pos, 573.55, 175.61, 382.22, 2.31, 0.03, 3.12, tool_force, -1.06, 0.33, 6.06, actual_rep, 1, curr_step, 30, track_size, 69, robot_vel, 48.32, joints_pos, 29.22, 37.28, -18.25, -77.77, 11.43, 65.18, 57.23, tool_torque, -0.148, 0.344, 0.148, joint_torque, -0.68, 3.66, 0.57, -1.47, 0.19, -0.31, 0.26, robot_mode, normal, 
11/05/2022 17:59:39:345, robot_pos, 1652288269647, 575.04, 176.94, 380.62, 2.32, 0.03, 3.12, circuit_pos, 571.36, 172.98, 386.15, 2.31, 0.03, 3.12, tool_force, -0.8, 0.75, 6.35, actual_rep, 1, curr_step, 31, track_size, 69, robot_vel, 48.62, joints_pos, 29.31, 36.44, -18.55, -78.26, 11.06, 65.41, 57.22, tool_torque, -0.171, 0.27, 0.168, joint_torque, -0.59, 3.29, 0.54, -1.41, 0.18, -0.31, 0.28, robot_mode, normal, 
11/05/2022 17:59:39:495, robot_pos, 1652288269798, 572.01, 173.3, 386.44, 2.31, 0.03, 3.12, circuit_pos, 567.5, 168.57, 393.36, 2.31, 0.03, 3.12, tool_force, -0.41, 0.74, 6.1, actual_rep, 1, curr_step, 33, track_size, 69, robot_vel, 58.38, joints_pos, 29.38, 35.6, -18.81, -78.76, 10.79, 65.72, 57.12, tool_torque, -0.112, 0.216, 0.288, joint_torque, -0.55, 3.35, 0.59, -1.46, 0.19, -0.3, 0.41, robot_mode, normal, 
11/05/2022 17:59:39:651, robot_pos, 1652288269947, 568.97, 169.61, 392.16, 2.31, 0.03, 3.12, circuit_pos, 563.23, 163.22, 400.34, 2.31, 0.04, 3.12, tool_force, -0.38, 0.76, 6.11, actual_rep, 1, curr_step, 36, track_size, 69, robot_vel, 50.04, joints_pos, 29.4, 34.68, -19.04, -79.35, 10.58, 65.85, 56.96, tool_torque, -0.11, 0.206, 0.3, joint_torque, -0.56, 3.31, 0.55, -1.43, 0.18, -0.3, 0.42, robot_mode, normal, 
11/05/2022 17:59:39:821, robot_pos, 1652288270098, 565.34, 164.06, 398.82, 2.31, 0.04, 3.12, circuit_pos, 560.97, 159.59, 402.58, 2.32, 0.04, 3.12, tool_force, -0.15, 1.14, 5.97, actual_rep, 1, curr_step, 39, track_size, 69, robot_vel, 53.59, joints_pos, 29.41, 33.51, -19.35, -80.23, 10.25, 65.9, 56.63, tool_torque, -0.05, 0.117, 0.378, joint_torque, -0.42, 3.38, 0.57, -1.53, 0.18, -0.3, 0.49, robot_mode, normal, 
11/05/2022 17:59:39:960, robot_pos, 1652288270248, 561.43, 159.65, 402.71, 2.31, 0.04, 3.12, circuit_pos, 561.27, 159.82, 403.28, 2.32, 0.04, 3.12, tool_force, -0.59, 0.75, 5.97, actual_rep, 1, curr_step, 41, track_size, 69, robot_vel, 59.62, joints_pos, 29.41, 32.65, -19.56, -81.0, 9.98, 65.73, 56.37, tool_torque, 0.106, 0.243, 0.379, joint_torque, -0.71, 3.61, 0.24, -1.49, 0.17, -0.12, 0.44, robot_mode, normal, 
11/05/2022 17:59:40:140, robot_pos, 1652288270401, 561.26, 159.98, 403.54, 2.32, 0.04, 3.12, circuit_pos, 561.65, 160.35, 403.84, 2.32, 0.04, 3.12, tool_force, -1.42, 1.54, 7.3, actual_rep, 1, curr_step, 43, track_size, 69, robot_vel, 10.07, joints_pos, 29.43, 32.62, -19.55, -80.91, 9.91, 65.87, 56.44, tool_torque, 0.053, 0.364, 0.123, joint_torque, -0.83, 4.15, 0.29, -1.82, 0.16, -0.22, 0.18, robot_mode, normal, 
11/05/2022 17:59:40:251, robot_pos, 1652288270548, 562.23, 160.59, 403.55, 2.32, 0.04, 3.12, circuit_pos, 562.01, 160.55, 403.44, 2.32, 0.04, 3.12, tool_force, 0.13, -1.07, 6.1, actual_rep, 1, curr_step, 46, track_size, 69, robot_vel, 8.08, joints_pos, 29.44, 32.8, -19.57, -80.65, 9.98, 66.02, 56.43, tool_torque, -0.249, 0.096, 0.16, joint_torque, -0.58, 3.15, 0.38, -1.78, 0.1, -0.25, 0.25, robot_mode, normal, 
11/05/2022 17:59:40:399, robot_pos, 1652288270699, 562.39, 160.61, 403.37, 2.32, 0.04, 3.12, circuit_pos, 561.94, 160.5, 403.12, 2.32, 0.04, 3.12, tool_force, 0.08, 0.2, 5.98, actual_rep, 1, curr_step, 48, track_size, 69, robot_vel, 2.21, joints_pos, 29.44, 32.83, -19.58, -80.64, 10.0, 66.0, 56.42, tool_torque, -0.043, 0.148, 0.195, joint_torque, -0.43, 3.36, 0.51, -1.63, 0.11, -0.19, 0.28, robot_mode, normal, 
11/05/2022 17:59:40:554, robot_pos, 1652288270850, 562.36, 160.58, 403.16, 2.32, 0.04, 3.12, circuit_pos, 561.94, 160.54, 403.15, 2.32, 0.04, 3.12, tool_force, -0.34, 0.02, 5.68, actual_rep, 1, curr_step, 50, track_size, 69, robot_vel, 3.22, joints_pos, 29.44, 32.83, -19.58, -80.66, 10.0, 65.97, 56.42, tool_torque, -0.014, 0.217, 0.187, joint_torque, -0.58, 3.23, 0.42, -1.6, 0.1, -0.14, 0.28, robot_mode, normal, 
11/05/2022 17:59:40:703, robot_pos, 1652288271000, 562.34, 160.58, 403.14, 2.32, 0.04, 3.12, circuit_pos, 561.92, 160.55, 403.14, 2.32, 0.04, 3.12, tool_force, -0.39, 0.06, 5.82, actual_rep, 1, curr_step, 53, track_size, 69, robot_vel, 0.27, joints_pos, 29.44, 32.83, -19.58, -80.67, 10.0, 65.97, 56.42, tool_torque, -0.014, 0.216, 0.165, joint_torque, -0.55, 3.27, 0.42, -1.63, 0.1, -0.14, 0.25, robot_mode, normal, 
11/05/2022 17:59:40:852, robot_pos, 1652288271153, 562.33, 160.58, 403.14, 2.32, 0.04, 3.12, circuit_pos, 561.91, 160.55, 403.14, 2.32, 0.04, 3.12, tool_force, -0.32, 0.05, 5.75, actual_rep, 1, curr_step, 55, track_size, 69, robot_vel, 0.15, joints_pos, 29.44, 32.83, -19.58, -80.67, 10.0, 65.97, 56.42, tool_torque, -0.013, 0.212, 0.164, joint_torque, -0.52, 3.27, 0.44, -1.62, 0.1, -0.14, 0.25, robot_mode, normal, 
11/05/2022 17:59:41:001, robot_pos, 1652288271300, 562.31, 160.58, 403.15, 2.32, 0.04, 3.12, circuit_pos, 561.9, 160.55, 403.14, 2.32, 0.04, 3.12, tool_force, -0.35, 0.12, 5.77, actual_rep, 1, curr_step, 58, track_size, 69, robot_vel, 0.1, joints_pos, 29.44, 32.83, -19.58, -80.67, 10.0, 65.97, 56.42, tool_torque, -0.0080, 0.217, 0.165, joint_torque, -0.54, 3.28, 0.43, -1.61, 0.1, -0.14, 0.25, robot_mode, normal, 
11/05/2022 17:59:41:153, robot_pos, 1652288271450, 562.31, 160.58, 403.15, 2.32, 0.04, 3.12, circuit_pos, 561.89, 160.55, 403.14, 2.32, 0.04, 3.12, tool_force, -0.39, 0.13, 5.79, actual_rep, 1, curr_step, 61, track_size, 69, robot_vel, 0.04, joints_pos, 29.44, 32.83, -19.58, -80.67, 10.0, 65.97, 56.42, tool_torque, -0.0060, 0.223, 0.164, joint_torque, -0.55, 3.29, 0.43, -1.61, 0.1, -0.14, 0.25, robot_mode, normal, 
11/05/2022 17:59:41:305, robot_pos, 1652288271601, 562.3, 160.58, 403.16, 2.32, 0.04, 3.12, circuit_pos, 561.88, 160.55, 403.14, 2.32, 0.04, 3.12, tool_force, -0.4, 0.13, 5.79, actual_rep, 1, curr_step, 63, track_size, 69, robot_vel, 0.02, joints_pos, 29.44, 32.83, -19.58, -80.67, 10.0, 65.97, 56.42, tool_torque, -0.0080, 0.225, 0.163, joint_torque, -0.54, 3.29, 0.44, -1.61, 0.1, -0.14, 0.25, robot_mode, normal, 
11/05/2022 17:59:41:457, robot_pos, 1652288271750, 562.3, 160.58, 403.16, 2.32, 0.04, 3.12, circuit_pos, 561.88, 160.55, 403.14, 2.32, 0.04, 3.12, tool_force, -0.4, 0.15, 5.8, actual_rep, 1, curr_step, 66, track_size, 69, robot_vel, 0.03, joints_pos, 29.44, 32.82, -19.58, -80.67, 10.0, 65.97, 56.42, tool_torque, -0.0040, 0.225, 0.163, joint_torque, -0.54, 3.3, 0.44, -1.61, 0.11, -0.14, 0.25, robot_mode, normal, 
11/05/2022 17:59:41:607, robot_pos, 1652288271902, 562.3, 160.58, 403.16, 2.32, 0.04, 3.12, circuit_pos, 561.88, 160.55, 403.14, 2.32, 0.04, 3.12, tool_force, -0.39, 0.16, 5.79, actual_rep, 1, curr_step, 68, track_size, 69, robot_vel, 0.02, joints_pos, 29.44, 32.82, -19.58, -80.67, 10.0, 65.97, 56.42, tool_torque, -0.0040, 0.224, 0.163, joint_torque, -0.53, 3.3, 0.44, -1.61, 0.1, -0.14, 0.25, robot_mode, normal, 
11/05/2022 17:59:41:756, robot_pos, 1652288272050, 562.3, 160.58, 403.16, 2.32, 0.04, 3.12, circuit_pos, 561.88, 160.55, 403.14, 2.32, 0.04, 3.12, tool_force, -0.38, 0.14, 5.79, actual_rep, 1, curr_step, 67, track_size, 69, robot_vel, 0.01, joints_pos, 29.44, 32.82, -19.58, -80.67, 10.0, 65.97, 56.42, tool_torque, -0.0040, 0.224, 0.163, joint_torque, -0.54, 3.3, 0.44, -1.61, 0.1, -0.14, 0.25, robot_mode, normal, 
11/05/2022 17:59:41:912, robot_pos, 1652288272207, 562.3, 160.58, 403.16, 2.32, 0.04, 3.12, circuit_pos, 561.88, 160.55, 403.14, 2.32, 0.04, 3.12, tool_force, -0.39, 0.16, 5.78, actual_rep, 1, curr_step, 65, track_size, 69, robot_vel, 0.01, joints_pos, 29.44, 32.82, -19.58, -80.67, 10.0, 65.97, 56.42, tool_torque, -0.0040, 0.224, 0.163, joint_torque, -0.54, 3.3, 0.44, -1.62, 0.1, -0.14, 0.25, robot_mode, normal, 
11/05/2022 17:59:42:066, robot_pos, 1652288272359, 562.3, 160.58, 403.16, 2.32, 0.04, 3.12, circuit_pos, 561.88, 160.55, 403.14, 2.32, 0.04, 3.12, tool_force, -0.39, 0.14, 5.8, actual_rep, 1, curr_step, 63, track_size, 69, robot_vel, 0.0, joints_pos, 29.44, 32.82, -19.58, -80.67, 10.0, 65.97, 56.42, tool_torque, -0.0050, 0.224, 0.163, joint_torque, -0.54, 3.3, 0.44, -1.61, 0.11, -0.14, 0.25, robot_mode, normal, 
11/05/2022 17:59:42:213, robot_pos, 1652288272509, 562.3, 160.58, 403.16, 2.32, 0.04, 3.12, circuit_pos, 561.89, 160.55, 403.14, 2.32, 0.04, 3.12, tool_force, -0.38, 0.13, 5.78, actual_rep, 1, curr_step, 60, track_size, 69, robot_vel, 0.01, joints_pos, 29.44, 32.82, -19.58, -80.67, 10.0, 65.97, 56.42, tool_torque, -0.0070, 0.224, 0.163, joint_torque, -0.54, 3.3, 0.44, -1.62, 0.11, -0.14, 0.25, robot_mode, normal, 
11/05/2022 17:59:42:366, robot_pos, 1652288272660, 562.3, 160.58, 403.16, 2.32, 0.04, 3.12, circuit_pos, 561.9, 160.55, 403.14, 2.32, 0.04, 3.12, tool_force, -0.37, 0.12, 5.79, actual_rep, 1, curr_step, 58, track_size, 69, robot_vel, 0.01, joints_pos, 29.44, 32.82, -19.58, -80.67, 10.0, 65.97, 56.42, tool_torque, -0.01, 0.223, 0.164, joint_torque, -0.54, 3.3, 0.44, -1.62, 0.11, -0.14, 0.25, robot_mode, normal, 
11/05/2022 17:59:42:548, robot_pos, 1652288272811, 562.3, 160.58, 403.16, 2.32, 0.04, 3.12, circuit_pos, 561.91, 160.55, 403.14, 2.32, 0.04, 3.12, tool_force, -0.35, 0.1, 5.78, actual_rep, 1, curr_step, 55, track_size, 69, robot_vel, 0.02, joints_pos, 29.45, 32.82, -19.58, -80.67, 10.0, 65.97, 56.42, tool_torque, -0.011, 0.222, 0.165, joint_torque, -0.53, 3.29, 0.44, -1.62, 0.11, -0.14, 0.25, robot_mode, normal, 
11/05/2022 17:59:42:664, robot_pos, 1652288272960, 562.3, 160.58, 403.16, 2.32, 0.04, 3.12, circuit_pos, 561.92, 160.55, 403.14, 2.32, 0.04, 3.12, tool_force, -0.34, 0.12, 5.78, actual_rep, 1, curr_step, 53, track_size, 69, robot_vel, 0.02, joints_pos, 29.44, 32.82, -19.58, -80.67, 10.0, 65.97, 56.42, tool_torque, -0.01, 0.22, 0.165, joint_torque, -0.53, 3.29, 0.45, -1.62, 0.11, -0.14, 0.25, robot_mode, normal, 
11/05/2022 17:59:42:847, robot_pos, 1652288273118, 562.31, 160.58, 403.16, 2.32, 0.04, 3.12, circuit_pos, 561.94, 160.54, 403.15, 2.32, 0.04, 3.12, tool_force, -0.35, 0.08, 5.79, actual_rep, 1, curr_step, 50, track_size, 69, robot_vel, 0.03, joints_pos, 29.45, 32.83, -19.58, -80.67, 10.0, 65.97, 56.42, tool_torque, -0.014, 0.22, 0.169, joint_torque, -0.54, 3.29, 0.43, -1.63, 0.11, -0.14, 0.26, robot_mode, normal, 
11/05/2022 17:59:42:967, robot_pos, 1652288273261, 562.32, 160.58, 403.16, 2.32, 0.04, 3.12, circuit_pos, 561.94, 160.5, 403.12, 2.32, 0.04, 3.12, tool_force, -0.3, 0.09, 5.8, actual_rep, 1, curr_step, 48, track_size, 69, robot_vel, 0.12, joints_pos, 29.44, 32.83, -19.58, -80.67, 10.0, 65.97, 56.42, tool_torque, -0.014, 0.212, 0.177, joint_torque, -0.52, 3.29, 0.45, -1.63, 0.11, -0.14, 0.27, robot_mode, normal, 
11/05/2022 17:59:43:122, robot_pos, 1652288273414, 562.42, 160.59, 403.31, 2.32, 0.04, 3.12, circuit_pos, 561.94, 160.54, 403.61, 2.32, 0.04, 3.12, tool_force, -0.22, 0.05, 5.86, actual_rep, 1, curr_step, 45, track_size, 69, robot_vel, 1.63, joints_pos, 29.44, 32.83, -19.59, -80.65, 10.0, 65.97, 56.42, tool_torque, -0.022, 0.198, 0.201, joint_torque, -0.53, 3.3, 0.46, -1.65, 0.11, -0.15, 0.29, robot_mode, normal, 
11/05/2022 17:59:43:270, robot_pos, 1652288273565, 562.33, 160.59, 403.77, 2.32, 0.04, 3.12, circuit_pos, 561.65, 160.35, 403.84, 2.32, 0.04, 3.12, tool_force, -0.22, 0.0, 6.18, actual_rep, 1, curr_step, 43, track_size, 69, robot_vel, 3.3, joints_pos, 29.45, 32.79, -19.59, -80.63, 10.0, 66.04, 56.42, tool_torque, -0.115, 0.141, 0.209, joint_torque, -0.56, 3.28, 0.42, -1.6, 0.11, -0.25, 0.3, robot_mode, normal, 
11/05/2022 17:59:43:421, robot_pos, 1652288273716, 561.85, 160.04, 403.61, 2.32, 0.04, 3.12, circuit_pos, 560.98, 159.58, 402.78, 2.32, 0.04, 3.12, tool_force, -0.43, 0.64, 5.88, actual_rep, 1, curr_step, 40, track_size, 69, robot_vel, 6.83, joints_pos, 29.45, 32.72, -19.62, -80.78, 10.0, 65.95, 56.38, tool_torque, 0.077, 0.23, 0.259, joint_torque, -0.57, 3.25, 0.43, -1.52, 0.11, -0.11, 0.37, robot_mode, normal, 
11/05/2022 17:59:43:569, robot_pos, 1652288273865, 561.42, 159.71, 402.71, 2.32, 0.04, 3.12, circuit_pos, 561.66, 160.52, 402.19, 2.32, 0.04, 3.12, tool_force, -0.59, 0.92, 5.68, actual_rep, 1, curr_step, 38, track_size, 69, robot_vel, 4.71, joints_pos, 29.44, 32.71, -19.62, -80.93, 10.0, 65.85, 56.36, tool_torque, 0.188, 0.239, 0.296, joint_torque, -0.49, 3.51, 0.46, -1.54, 0.12, -0.06, 0.38, robot_mode, normal, 
11/05/2022 17:59:43:723, robot_pos, 1652288274016, 562.68, 162.44, 401.01, 2.32, 0.04, 3.12, circuit_pos, 564.47, 164.84, 398.58, 2.31, 0.04, 3.12, tool_force, 0.21, -0.56, 5.58, actual_rep, 1, curr_step, 35, track_size, 69, robot_vel, 30.7, joints_pos, 29.47, 33.07, -19.45, -80.61, 10.19, 65.8, 56.5, tool_torque, -0.049, 0.096, 0.081, joint_torque, -0.33, 3.2, 0.29, -1.75, 0.09, -0.12, 0.1, robot_mode, normal, 
11/05/2022 17:59:43:876, robot_pos, 1652288274167, 565.14, 165.1, 398.19, 2.31, 0.03, 3.12, circuit_pos, 567.5, 168.57, 393.36, 2.31, 0.03, 3.12, tool_force, -0.1, 1.26, 7.3, actual_rep, 1, curr_step, 33, track_size, 69, robot_vel, 30.31, joints_pos, 29.53, 33.73, -19.45, -80.03, 10.47, 65.98, 56.63, tool_torque, 0.116, 0.069, 0.035, joint_torque, 0.12, 4.37, 0.68, -1.79, 0.07, -0.25, 0.05, robot_mode, normal, 
11/05/2022 17:59:44:020, robot_pos, 1652288274317, 567.3, 168.17, 393.44, 2.31, 0.03, 3.12, circuit_pos, 571.36, 172.98, 386.15, 2.31, 0.03, 3.12, tool_force, -1.1, 0.5, 6.37, actual_rep, 1, curr_step, 31, track_size, 69, robot_vel, 50.87, joints_pos, 29.62, 34.41, -19.39, -79.7, 10.68, 65.73, 56.75, tool_torque, 0.115, 0.295, 0.0010, joint_torque, -0.67, 3.95, 0.23, -1.78, 0.06, -0.1, 0.03, robot_mode, normal, 
11/05/2022 17:59:44:175, robot_pos, 1652288274465, 570.62, 171.78, 387.74, 2.31, 0.03, 3.12, circuit_pos, 573.55, 175.61, 382.22, 2.31, 0.03, 3.12, tool_force, -0.63, -0.36, 6.04, actual_rep, 1, curr_step, 30, track_size, 69, robot_vel, 46.63, joints_pos, 29.68, 35.39, -19.33, -79.02, 11.0, 65.7, 56.84, tool_torque, 0.025, 0.218, -0.0040, joint_torque, -0.58, 3.31, 0.16, -1.75, 0.04, -0.04, 0.02, robot_mode, normal, 
11/05/2022 17:59:44:324, robot_pos, 1652288274617, 573.66, 175.53, 382.09, 2.32, 0.03, 3.12, circuit_pos, 575.55, 178.38, 377.85, 2.32, 0.03, 3.12, tool_force, -0.33, -0.25, 5.67, actual_rep, 1, curr_step, 29, track_size, 69, robot_vel, 49.37, joints_pos, 29.73, 36.26, -19.23, -78.5, 11.35, 65.46, 56.91, tool_torque, 0.076, 0.214, -0.0040, joint_torque, -0.44, 3.28, 0.24, -1.61, 0.07, -0.04, 0.01, robot_mode, normal, 
11/05/2022 17:59:44:476, robot_pos, 1652288274768, 576.26, 179.15, 376.13, 2.32, 0.02, 3.12, circuit_pos, 579.61, 184.54, 367.53, 2.32, 0.02, 3.12, tool_force, -0.34, -0.01, 5.52, actual_rep, 1, curr_step, 27, track_size, 69, robot_vel, 49.03, joints_pos, 29.74, 37.11, -19.06, -78.03, 11.76, 65.23, 56.92, tool_torque, 0.111, 0.114, 0.069, joint_torque, -0.31, 3.24, 0.23, -1.63, 0.05, -0.04, 0.07, robot_mode, normal, 
11/05/2022 17:59:44:654, robot_pos, 1652288274919, 578.53, 182.62, 370.4, 2.32, 0.02, 3.12, circuit_pos, 581.54, 187.47, 362.42, 2.32, 0.01, 3.12, tool_force, -0.45, -0.58, 5.51, actual_rep, 1, curr_step, 26, track_size, 69, robot_vel, 48.28, joints_pos, 29.72, 37.91, -18.88, -77.6, 12.2, 64.99, 56.92, tool_torque, 0.137, 0.084, 0.103, joint_torque, -0.37, 3.45, 0.12, -1.72, 0.04, -0.02, 0.08, robot_mode, normal, 
11/05/2022 17:59:44:775, robot_pos, 1652288275069, 580.7, 186.09, 364.65, 2.32, 0.01, 3.12, circuit_pos, 583.83, 191.14, 356.09, 2.32, 0.0, 3.11, tool_force, -0.1, -0.08, 5.79, actual_rep, 1, curr_step, 25, track_size, 69, robot_vel, 44.98, joints_pos, 29.69, 38.67, -18.67, -77.22, 12.66, 64.7, 56.92, tool_torque, 0.2, -0.033, 0.143, joint_torque, -0.13, 3.45, 0.13, -1.66, 0.02, -0.03, 0.1, robot_mode, normal, 
11/05/2022 17:59:44:929, robot_pos, 1652288275218, 582.79, 189.4, 358.92, 2.32, 0.01, 3.12, circuit_pos, 586.26, 194.72, 349.04, 2.32, 0.0, 3.11, tool_force, 0.57, -0.14, 5.46, actual_rep, 1, curr_step, 24, track_size, 69, robot_vel, 47.89, joints_pos, 29.63, 39.4, -18.44, -76.87, 13.21, 64.32, 56.88, tool_torque, 0.243, -0.195, 0.24, joint_torque, 0.2, 3.23, 0.16, -1.6, 0.04, -0.02, 0.17, robot_mode, normal, 
11/05/2022 17:59:45:075, robot_pos, 1652288275368, 584.83, 192.47, 353.13, 2.32, 0.0, 3.11, circuit_pos, 589.16, 198.16, 340.79, 2.31, -0.01, 3.1, tool_force, 0.56, 0.08, 5.64, actual_rep, 1, curr_step, 23, track_size, 69, robot_vel, 45.92, joints_pos, 29.6, 40.11, -18.28, -76.58, 13.75, 63.87, 56.88, tool_torque, 0.273, -0.165, 0.226, joint_torque, 0.09, 3.5, 0.07, -1.64, 0.03, -0.01, 0.14, robot_mode, normal, 
11/05/2022 17:59:45:264, robot_pos, 1652288275519, 586.84, 195.09, 347.37, 2.31, 0.0, 3.11, circuit_pos, 589.16, 198.16, 340.79, 2.31, -0.01, 3.1, tool_force, 0.54, -0.16, 5.39, actual_rep, 1, curr_step, 23, track_size, 69, robot_vel, 46.1, joints_pos, 29.57, 40.81, -18.15, -76.31, 14.25, 63.35, 56.96, tool_torque, 0.256, -0.217, 0.125, joint_torque, 0.34, 3.42, 0.17, -1.64, 0.0, -0.01, 0.02, robot_mode, normal, 
11/05/2022 17:59:45:377, robot_pos, 1652288275669, 588.8, 197.37, 341.59, 2.31, -0.01, 3.11, circuit_pos, 591.75, 200.74, 332.5, 2.31, -0.01, 3.1, tool_force, 0.51, -0.25, 5.75, actual_rep, 1, curr_step, 22, track_size, 69, robot_vel, 44.76, joints_pos, 29.54, 41.48, -18.04, -76.05, 14.66, 62.89, 57.02, tool_torque, 0.259, -0.181, 0.129, joint_torque, 0.2, 3.41, 0.09, -1.61, 0.01, 0.0, 0.03, robot_mode, normal, 
11/05/2022 17:59:45:529, robot_pos, 1652288275820, 590.61, 199.42, 335.79, 2.31, -0.01, 3.1, circuit_pos, 594.06, 202.62, 323.7, 2.31, -0.01, 3.1, tool_force, 0.62, -0.2, 5.43, actual_rep, 1, curr_step, 21, track_size, 69, robot_vel, 44.16, joints_pos, 29.52, 42.17, -17.94, -75.81, 15.01, 62.43, 57.08, tool_torque, 0.264, -0.217, 0.164, joint_torque, 0.29, 3.48, 0.13, -1.59, 0.02, -0.01, 0.07, robot_mode, normal, 
11/05/2022 17:59:45:687, robot_pos, 1652288275970, 592.26, 200.97, 330.02, 2.31, -0.01, 3.1, circuit_pos, 594.06, 202.62, 323.7, 2.31, -0.01, 3.1, tool_force, 0.91, -0.13, 5.49, actual_rep, 1, curr_step, 21, track_size, 69, robot_vel, 40.66, joints_pos, 29.52, 42.82, -17.87, -75.59, 15.15, 62.01, 57.09, tool_torque, 0.263, -0.251, 0.156, joint_torque, 0.45, 3.45, 0.23, -1.59, 0.03, -0.01, 0.05, robot_mode, normal, 
11/05/2022 17:59:45:833, robot_pos, 1652288276122, 593.82, 202.28, 324.12, 2.31, -0.01, 3.1, circuit_pos, 596.13, 204.18, 315.32, 2.31, 0.0, 3.11, tool_force, 0.48, -0.09, 5.71, actual_rep, 1, curr_step, 20, track_size, 69, robot_vel, 41.47, joints_pos, 29.52, 43.49, -17.81, -75.38, 15.25, 61.61, 57.1, tool_torque, 0.264, -0.192, 0.179, joint_torque, 0.21, 3.44, 0.13, -1.59, 0.03, 0.0, 0.08, robot_mode, normal, 
11/05/2022 17:59:46:170, robot_pos, 1652288276425, 596.75, 204.54, 312.54, 2.31, 0.0, 3.11, circuit_pos, 598.1, 205.55, 307.09, 2.31, 0.0, 3.11, tool_force, 0.73, -0.31, 5.35, actual_rep, 1, curr_step, 19, track_size, 69, robot_vel, 49.66, joints_pos, 29.52, 44.77, -17.69, -74.98, 15.32, 60.8, 57.11, tool_torque, 0.252, -0.228, 0.169, joint_torque, 0.3, 3.48, 0.18, -1.64, 0.03, 0.01, 0.07, robot_mode, normal, 
11/05/2022 17:59:46:281, robot_pos, 1652288276573, 598.09, 205.54, 306.83, 2.31, 0.0, 3.11, circuit_pos, 600.23, 207.17, 297.54, 2.32, 0.0, 3.11, tool_force, 0.61, -0.11, 5.59, actual_rep, 1, curr_step, 18, track_size, 69, robot_vel, 38.67, joints_pos, 29.52, 45.39, -17.62, -74.79, 15.33, 60.36, 57.11, tool_torque, 0.273, -0.214, 0.185, joint_torque, 0.25, 3.56, 0.17, -1.63, 0.03, 0.01, 0.09, robot_mode, normal, 
11/05/2022 17:59:46:471, robot_pos, 1652288276725, 599.43, 206.6, 300.98, 2.31, 0.0, 3.11, circuit_pos, 602.24, 208.87, 287.98, 2.32, 0.01, 3.11, tool_force, 0.82, -0.21, 5.28, actual_rep, 1, curr_step, 17, track_size, 69, robot_vel, 35.89, joints_pos, 29.52, 46.03, -17.55, -74.61, 15.33, 59.93, 57.11, tool_torque, 0.283, -0.238, 0.205, joint_torque, 0.28, 3.64, 0.18, -1.63, 0.05, 0.0, 0.11, robot_mode, normal, 
11/05/2022 17:59:46:585, robot_pos, 1652288276873, 600.64, 207.62, 295.25, 2.32, 0.0, 3.11, circuit_pos, 602.24, 208.87, 287.98, 2.32, 0.01, 3.11, tool_force, 0.63, 0.0, 5.78, actual_rep, 1, curr_step, 17, track_size, 69, robot_vel, 43.43, joints_pos, 29.52, 46.64, -17.48, -74.45, 15.33, 59.45, 57.1, tool_torque, 0.282, -0.234, 0.226, joint_torque, 0.23, 3.43, 0.14, -1.55, 0.04, 0.01, 0.14, robot_mode, normal, 
11/05/2022 17:59:46:741, robot_pos, 1652288277031, 601.93, 208.71, 289.25, 2.32, 0.01, 3.11, circuit_pos, 604.08, 210.58, 278.54, 2.32, 0.01, 3.11, tool_force, 0.95, 0.03, 5.53, actual_rep, 1, curr_step, 16, track_size, 69, robot_vel, 38.66, joints_pos, 29.52, 47.29, -17.39, -74.26, 15.34, 58.95, 57.09, tool_torque, 0.357, -0.278, 0.264, joint_torque, 0.39, 3.61, 0.25, -1.57, 0.04, 0.01, 0.17, robot_mode, normal, 
11/05/2022 17:59:46:901, robot_pos, 1652288277184, 603.13, 209.76, 283.28, 2.32, 0.01, 3.11, circuit_pos, 605.66, 211.98, 269.4, 2.32, 0.01, 3.11, tool_force, 1.0, -0.15, 5.25, actual_rep, 1, curr_step, 15, track_size, 69, robot_vel, 39.83, joints_pos, 29.52, 47.91, -17.31, -74.1, 15.34, 58.45, 57.08, tool_torque, 0.33, -0.302, 0.291, joint_torque, 0.32, 3.62, 0.18, -1.61, 0.05, 0.02, 0.2, robot_mode, normal, 
11/05/2022 17:59:47:051, robot_pos, 1652288277335, 604.19, 210.78, 277.46, 2.32, 0.01, 3.11, circuit_pos, 605.66, 211.98, 269.4, 2.32, 0.01, 3.11, tool_force, 1.08, -0.08, 5.52, actual_rep, 1, curr_step, 15, track_size, 69, robot_vel, 41.22, joints_pos, 29.52, 48.51, -17.22, -73.94, 15.34, 57.96, 57.07, tool_torque, 0.333, -0.322, 0.292, joint_torque, 0.37, 3.42, 0.19, -1.49, 0.05, 0.0, 0.2, robot_mode, normal, 
11/05/2022 17:59:47:199, robot_pos, 1652288277490, 605.27, 211.56, 271.52, 2.32, 0.01, 3.11, circuit_pos, 607.26, 212.68, 260.55, 2.33, 0.02, 3.11, tool_force, 1.06, -0.03, 5.52, actual_rep, 1, curr_step, 14, track_size, 69, robot_vel, 43.82, joints_pos, 29.52, 49.13, -17.16, -73.78, 15.34, 57.47, 57.07, tool_torque, 0.341, -0.341, 0.3, joint_torque, 0.38, 3.51, 0.2, -1.53, 0.04, 0.0, 0.21, robot_mode, normal, 
11/05/2022 17:59:47:366, robot_pos, 1652288277634, 606.27, 212.22, 265.93, 2.32, 0.02, 3.11, circuit_pos, 608.88, 212.9, 252.0, 2.33, 0.02, 3.11, tool_force, 1.26, -0.1, 5.42, actual_rep, 1, curr_step, 13, track_size, 69, robot_vel, 39.33, joints_pos, 29.51, 49.71, -17.11, -73.63, 15.34, 57.02, 57.07, tool_torque, 0.338, -0.367, 0.308, joint_torque, 0.46, 3.75, 0.23, -1.59, 0.05, 0.0, 0.2, robot_mode, normal, 
11/05/2022 17:59:47:501, robot_pos, 1652288277785, 607.36, 212.59, 260.04, 2.32, 0.02, 3.11, circuit_pos, 608.88, 212.9, 252.0, 2.33, 0.02, 3.11, tool_force, 1.02, -0.08, 5.62, actual_rep, 1, curr_step, 13, track_size, 69, robot_vel, 38.9, joints_pos, 29.5, 50.33, -17.09, -73.47, 15.34, 56.52, 57.06, tool_torque, 0.344, -0.349, 0.311, joint_torque, 0.36, 3.51, 0.19, -1.46, 0.05, 0.0, 0.21, robot_mode, normal, 
11/05/2022 17:59:47:654, robot_pos, 1652288277933, 608.41, 212.86, 254.31, 2.32, 0.02, 3.12, circuit_pos, 610.35, 212.82, 243.57, 2.33, 0.03, 3.12, tool_force, 1.31, -0.21, 5.39, actual_rep, 1, curr_step, 12, track_size, 69, robot_vel, 39.35, joints_pos, 29.5, 50.92, -17.07, -73.33, 15.34, 56.05, 57.06, tool_torque, 0.321, -0.351, 0.304, joint_torque, 0.42, 3.54, 0.24, -1.54, 0.06, 0.01, 0.21, robot_mode, normal, 
11/05/2022 17:59:47:808, robot_pos, 1652288278086, 609.46, 212.98, 248.49, 2.33, 0.02, 3.12, circuit_pos, 611.66, 212.43, 235.08, 2.33, 0.03, 3.12, tool_force, 1.37, -0.09, 5.36, actual_rep, 1, curr_step, 11, track_size, 69, robot_vel, 45.9, joints_pos, 29.48, 51.53, -17.06, -73.18, 15.34, 55.56, 57.05, tool_torque, 0.363, -0.385, 0.328, joint_torque, 0.4, 3.68, 0.21, -1.5, 0.06, -0.01, 0.23, robot_mode, normal, 
11/05/2022 17:59:47:955, robot_pos, 1652288278232, 610.39, 212.88, 242.74, 2.33, 0.03, 3.12, circuit_pos, 611.66, 212.43, 235.08, 2.33, 0.03, 3.12, tool_force, 1.32, 0.11, 5.85, actual_rep, 1, curr_step, 11, track_size, 69, robot_vel, 40.35, joints_pos, 29.46, 52.11, -17.06, -73.05, 15.34, 55.08, 57.03, tool_torque, 0.391, -0.408, 0.354, joint_torque, 0.48, 3.55, 0.24, -1.47, 0.06, 0.01, 0.26, robot_mode, normal, 
11/05/2022 17:59:48:106, robot_pos, 1652288278384, 611.3, 212.7, 236.91, 2.33, 0.03, 3.12, circuit_pos, 612.75, 211.74, 226.7, 2.33, 0.03, 3.12, tool_force, 1.54, 0.25, 5.73, actual_rep, 1, curr_step, 10, track_size, 69, robot_vel, 43.3, joints_pos, 29.43, 52.71, -17.06, -72.93, 15.34, 54.59, 57.0, tool_torque, 0.415, -0.45, 0.384, joint_torque, 0.58, 3.53, 0.29, -1.43, 0.07, 0.01, 0.29, robot_mode, normal, 
11/05/2022 17:59:48:268, robot_pos, 1652288278534, 612.11, 212.36, 230.99, 2.33, 0.03, 3.12, circuit_pos, 613.74, 210.91, 218.47, 2.33, 0.04, 3.12, tool_force, 1.57, 0.17, 5.45, actual_rep, 1, curr_step, 9, track_size, 69, robot_vel, 38.75, joints_pos, 29.4, 53.3, -17.06, -72.82, 15.34, 54.09, 56.97, tool_torque, 0.427, -0.444, 0.413, joint_torque, 0.5, 3.61, 0.26, -1.47, 0.07, 0.02, 0.32, robot_mode, normal, 
11/05/2022 17:59:48:425, robot_pos, 1652288278691, 612.91, 211.88, 224.89, 2.33, 0.04, 3.12, circuit_pos, 613.74, 210.91, 218.47, 2.33, 0.04, 3.12, tool_force, 1.75, -0.04, 5.32, actual_rep, 1, curr_step, 9, track_size, 69, robot_vel, 42.16, joints_pos, 29.36, 53.89, -17.05, -72.73, 15.34, 53.54, 56.93, tool_torque, 0.416, -0.492, 0.45, joint_torque, 0.55, 3.54, 0.26, -1.48, 0.08, 0.01, 0.36, robot_mode, normal, 
11/05/2022 17:59:48:580, robot_pos, 1652288278848, 613.57, 211.3, 218.92, 2.33, 0.04, 3.12, circuit_pos, 614.44, 209.97, 210.4, 2.33, 0.04, 3.12, tool_force, 1.58, 0.09, 5.8, actual_rep, 1, curr_step, 8, track_size, 69, robot_vel, 38.83, joints_pos, 29.32, 54.46, -17.05, -72.67, 15.33, 52.99, 56.9, tool_torque, 0.427, -0.478, 0.456, joint_torque, 0.46, 3.59, 0.22, -1.47, 0.08, 0.01, 0.37, robot_mode, normal, 
11/05/2022 17:59:48:733, robot_pos, 1652288278999, 614.13, 210.67, 213.09, 2.33, 0.04, 3.12, circuit_pos, 614.92, 208.86, 202.63, 2.33, 0.05, 3.12, tool_force, 1.88, 0.01, 5.32, actual_rep, 1, curr_step, 7, track_size, 69, robot_vel, 39.17, joints_pos, 29.27, 55.02, -17.04, -72.62, 15.33, 52.44, 56.88, tool_torque, 0.443, -0.513, 0.462, joint_torque, 0.54, 3.56, 0.25, -1.5, 0.1, 0.02, 0.37, robot_mode, normal, 
11/05/2022 17:59:48:887, robot_pos, 1652288279159, 614.6, 209.87, 206.83, 2.33, 0.05, 3.12, circuit_pos, 615.2, 207.76, 195.44, 2.33, 0.05, 3.12, tool_force, 1.79, 0.25, 5.74, actual_rep, 1, curr_step, 6, track_size, 69, robot_vel, 38.3, joints_pos, 29.22, 55.59, -17.03, -72.6, 15.32, 51.82, 56.84, tool_torque, 0.471, -0.536, 0.473, joint_torque, 0.61, 3.6, 0.28, -1.41, 0.1, 0.02, 0.37, robot_mode, normal, 
11/05/2022 17:59:49:053, robot_pos, 1652288279322, 614.98, 208.99, 200.54, 2.33, 0.05, 3.12, circuit_pos, 615.2, 207.76, 195.44, 2.33, 0.05, 3.12, tool_force, 1.93, 0.15, 5.55, actual_rep, 1, curr_step, 6, track_size, 69, robot_vel, 37.39, joints_pos, 29.17, 56.17, -17.03, -72.59, 15.32, 51.21, 56.82, tool_torque, 0.47, -0.553, 0.467, joint_torque, 0.65, 3.65, 0.32, -1.48, 0.09, 0.02, 0.37, robot_mode, normal, 
11/05/2022 17:59:49:221, robot_pos, 1652288279485, 615.29, 207.93, 194.26, 2.33, 0.05, 3.12, circuit_pos, 615.35, 206.46, 188.9, 2.33, 0.06, 3.12, tool_force, 1.76, 0.51, 5.73, actual_rep, 1, curr_step, 5, track_size, 69, robot_vel, 39.71, joints_pos, 29.11, 56.74, -17.02, -72.59, 15.32, 50.58, 56.79, tool_torque, 0.525, -0.545, 0.479, joint_torque, 0.6, 3.68, 0.31, -1.4, 0.09, 0.03, 0.39, robot_mode, normal, 
11/05/2022 17:59:49:437, robot_pos, 1652288279699, 615.63, 206.21, 186.01, 2.33, 0.06, 3.12, circuit_pos, 615.94, 202.64, 175.82, 2.33, 0.06, 3.12, tool_force, 1.83, 0.64, 5.51, actual_rep, 1, curr_step, 2, track_size, 69, robot_vel, 39.71, joints_pos, 29.02, 57.47, -17.02, -72.63, 15.32, 49.68, 56.75, tool_torque, 0.543, -0.523, 0.477, joint_torque, 0.61, 3.52, 0.33, -1.24, 0.1, 0.04, 0.39, robot_mode, normal, 
11/05/2022 17:59:49:558, robot_pos, 1652288279822, 615.83, 204.78, 181.14, 2.33, 0.06, 3.12, circuit_pos, 616.2, 201.01, 172.47, 2.33, 0.07, 3.12, tool_force, 1.66, 0.72, 5.81, actual_rep, 1, curr_step, 0, track_size, 69, robot_vel, 40.34, joints_pos, 28.93, 57.88, -17.02, -72.68, 15.32, 49.17, 56.68, tool_torque, 0.559, -0.489, 0.491, joint_torque, 0.52, 3.51, 0.32, -1.26, 0.1, 0.05, 0.42, robot_mode, normal, 
11/05/2022 17:59:49:795, robot_pos, 1652288279981, 616.18, 202.69, 175.04, 2.33, 0.07, 3.12, circuit_pos, 616.2, 201.01, 172.47, 2.33, 0.07, 3.12, tool_force, 1.79, 0.8, 5.72, actual_rep, 1, curr_step, 0, track_size, 69, robot_vel, 41.2, joints_pos, 28.78, 58.42, -17.0, -72.7, 15.32, 48.55, 56.57, tool_torque, 0.593, -0.552, 0.517, joint_torque, 0.58, 3.57, 0.31, -1.25, 0.1, 0.05, 0.43, robot_mode, normal, 
11/05/2022 17:59:49:868, robot_pos, 1652288280126, 616.7, 201.94, 173.43, 2.33, 0.07, 3.12, circuit_pos, 616.2, 201.01, 172.47, 2.33, 0.07, 3.12, tool_force, 1.31, 0.0, 4.76, actual_rep, 1, curr_step, 0, track_size, 69, robot_vel, 9.27, joints_pos, 28.7, 58.58, -16.99, -72.64, 15.3, 48.43, 56.52, tool_torque, 0.307, -0.527, 0.467, joint_torque, 0.27, 2.88, 0.11, -1.07, 0.1, -0.12, 0.4, robot_mode, normal, 
11/05/2022 17:59:50:090, robot_pos, 1652288280277, 616.35, 201.8, 173.35, 2.33, 0.07, 3.12, circuit_pos, 616.2, 201.01, 172.47, 2.33, 0.07, 3.12, tool_force, 1.21, 0.3, 5.94, actual_rep, 1, curr_step, 0, track_size, 69, robot_vel, 4.79, joints_pos, 28.7, 58.55, -16.97, -72.73, 15.27, 48.36, 56.52, tool_torque, 0.423, -0.402, 0.406, joint_torque, 0.26, 3.69, 0.24, -1.33, 0.12, 0.0, 0.32, robot_mode, normal, 
11/05/2022 17:59:50:195, robot_pos, 1652288280427, 616.35, 201.82, 173.42, 2.33, 0.07, 3.12, circuit_pos, 616.2, 201.01, 172.47, 2.33, 0.07, 3.12, tool_force, 1.41, 0.69, 6.04, actual_rep, 1, curr_step, 0, track_size, 69, robot_vel, 0.59, joints_pos, 28.7, 58.54, -16.96, -72.73, 15.27, 48.36, 56.52, tool_torque, 0.451, -0.449, 0.418, joint_torque, 0.4, 3.77, 0.32, -1.27, 0.12, -0.04, 0.34, robot_mode, normal, 
11/05/2022 17:59:50:399, robot_pos, 1652288280577, 616.34, 201.82, 173.41, 2.33, 0.07, 3.12, circuit_pos, 616.2, 201.01, 172.47, 2.33, 0.07, 3.12, tool_force, 1.25, 0.68, 6.07, actual_rep, 1, curr_step, 0, track_size, 69, robot_vel, 0.21, joints_pos, 28.7, 58.54, -16.96, -72.73, 15.27, 48.36, 56.52, tool_torque, 0.452, -0.422, 0.419, joint_torque, 0.32, 3.74, 0.28, -1.28, 0.12, -0.02, 0.34, robot_mode, normal, 
11/05/2022 17:59:50:502, robot_pos, 1652288280728, 616.35, 201.82, 173.41, 2.33, 0.07, 3.12, circuit_pos, 616.2, 201.01, 172.47, 2.33, 0.07, 3.12, tool_force, 1.35, 0.59, 5.94, actual_rep, 1, curr_step, 0, track_size, 69, robot_vel, 0.06, joints_pos, 28.7, 58.54, -16.96, -72.73, 15.27, 48.35, 56.52, tool_torque, 0.44, -0.436, 0.419, joint_torque, 0.36, 3.65, 0.29, -1.26, 0.12, -0.02, 0.34, robot_mode, normal, 
11/05/2022 17:59:53:995, robot_pos, 1652288284087, 616.33, 201.84, 173.38, 2.33, 0.07, 3.12, circuit_pos, 616.2, 201.01, 172.47, 2.33, 0.07, 3.12, tool_force, 1.28, 0.4, 5.93, actual_rep, 2, curr_step, 0, track_size, 69, robot_vel, 0.04, joints_pos, 28.7, 58.54, -16.96, -72.73, 15.27, 48.36, 56.52, tool_torque, 0.371, -0.381, 0.367, joint_torque, 0.3, 3.63, 0.33, -1.27, 0.1, -0.04, 0.3, robot_mode, normal, 
11/05/2022 17:59:54:083, robot_pos, 1652288284239, 616.33, 201.84, 173.38, 2.33, 0.07, 3.12, circuit_pos, 616.2, 201.01, 172.47, 2.33, 0.07, 3.12, tool_force, 1.27, 0.41, 5.92, actual_rep, 2, curr_step, 0, track_size, 69, robot_vel, 0.04, joints_pos, 28.7, 58.54, -16.96, -72.73, 15.27, 48.36, 56.52, tool_torque, 0.372, -0.378, 0.367, joint_torque, 0.3, 3.63, 0.33, -1.27, 0.1, -0.04, 0.3, robot_mode, normal, 
11/05/2022 17:59:54:270, robot_pos, 1652288284391, 616.33, 201.84, 173.38, 2.33, 0.07, 3.12, circuit_pos, 616.2, 201.01, 172.47, 2.33, 0.07, 3.12, tool_force, 1.26, 0.42, 5.92, actual_rep, 2, curr_step, 0, track_size, 69, robot_vel, 0.04, joints_pos, 28.7, 58.54, -16.96, -72.73, 15.27, 48.36, 56.52, tool_torque, 0.373, -0.378, 0.365, joint_torque, 0.3, 3.62, 0.33, -1.26, 0.1, -0.04, 0.3, robot_mode, normal, 
11/05/2022 17:59:54:356, robot_pos, 1652288284547, 616.33, 201.84, 173.38, 2.33, 0.07, 3.12, circuit_pos, 616.2, 201.01, 172.47, 2.33, 0.07, 3.12, tool_force, 1.26, 0.42, 5.92, actual_rep, 2, curr_step, 0, track_size, 69, robot_vel, 0.04, joints_pos, 28.7, 58.54, -16.96, -72.73, 15.27, 48.36, 56.52, tool_torque, 0.372, -0.377, 0.365, joint_torque, 0.3, 3.62, 0.33, -1.26, 0.1, -0.04, 0.3, robot_mode, normal, 
11/05/2022 17:59:54:572, robot_pos, 1652288284704, 616.33, 201.84, 173.38, 2.33, 0.07, 3.12, circuit_pos, 616.2, 201.01, 172.47, 2.33, 0.07, 3.12, tool_force, 1.24, 0.42, 5.93, actual_rep, 2, curr_step, 0, track_size, 69, robot_vel, 0.04, joints_pos, 28.7, 58.54, -16.96, -72.73, 15.27, 48.36, 56.52, tool_torque, 0.37, -0.373, 0.365, joint_torque, 0.29, 3.62, 0.33, -1.26, 0.1, -0.04, 0.3, robot_mode, normal, 
11/05/2022 17:59:54:642, robot_pos, 1652288284854, 616.33, 201.84, 173.38, 2.33, 0.07, 3.12, circuit_pos, 616.2, 201.01, 172.47, 2.33, 0.07, 3.12, tool_force, 1.25, 0.43, 5.95, actual_rep, 2, curr_step, 0, track_size, 69, robot_vel, 0.04, joints_pos, 28.7, 58.54, -16.96, -72.73, 15.27, 48.36, 56.52, tool_torque, 0.371, -0.376, 0.365, joint_torque, 0.3, 3.64, 0.33, -1.27, 0.1, -0.04, 0.3, robot_mode, normal, 
11/05/2022 17:59:55:383, robot_pos, 1652288285470, 616.33, 201.84, 173.38, 2.33, 0.07, 3.12, circuit_pos, 616.2, 201.01, 172.47, 2.33, 0.07, 3.12, tool_force, 1.25, 0.41, 5.92, actual_rep, 2, curr_step, 0, track_size, 69, robot_vel, 0.04, joints_pos, 28.7, 58.54, -16.96, -72.73, 15.27, 48.36, 56.52, tool_torque, 0.371, -0.374, 0.365, joint_torque, 0.29, 3.62, 0.33, -1.26, 0.1, -0.04, 0.3, robot_mode, normal, 
11/05/2022 17:59:55:472, robot_pos, 1652288285623, 616.33, 201.84, 173.38, 2.33, 0.07, 3.12, circuit_pos, 616.2, 201.01, 172.47, 2.33, 0.07, 3.12, tool_force, 1.25, 0.42, 5.91, actual_rep, 2, curr_step, 0, track_size, 69, robot_vel, 0.04, joints_pos, 28.7, 58.54, -16.96, -72.73, 15.27, 48.36, 56.52, tool_torque, 0.37, -0.374, 0.365, joint_torque, 0.29, 3.61, 0.33, -1.26, 0.1, -0.04, 0.3, robot_mode, normal, 
