17/05/2022 16:48:51: File Created!
17/05/2022 16:48:51:612, robot_pos, 1652802417983, 607.16, 206.51, 156.63, 2.34, -0.02, 3.08, circuit_pos, 607.21, 207.5, 157.35, 2.33, -0.02, 3.07, tool_force, -0.3, 2.03, 4.56, actual_rep, 1, curr_step, 1, track_size, 115, robot_vel, 0.01, joints_pos, 28.57, 59.41, -17.15, -74.22, 23.75, 47.19, 49.75, tool_torque, 0.447, -0.127, 0.301, joint_torque, 0.22, 2.79, 0.38, -0.81, 0.03, 0.04, 0.29, robot_mode, normal, 
17/05/2022 16:48:51:712, robot_pos, 1652802418131, 607.19, 206.66, 156.53, 2.34, -0.02, 3.08, circuit_pos, 607.56, 208.91, 159.11, 2.33, -0.03, 3.07, tool_force, -0.67, 1.94, 1.39, actual_rep, 1, curr_step, 2, track_size, 115, robot_vel, 0.6, joints_pos, 28.58, 59.41, -17.15, -74.23, 23.85, 47.09, 49.84, tool_torque, 0.412, 0.032, 0.166, joint_torque, 0.11, 0.81, 0.1, 0.05, 0.04, 0.11, 0.13, robot_mode, normal, 
17/05/2022 16:48:51:896, robot_pos, 1652802418267, 607.68, 208.51, 157.59, 2.33, -0.03, 3.07, circuit_pos, 608.7, 211.05, 164.52, 2.32, -0.05, 3.05, tool_force, -0.44, 1.53, 2.4, actual_rep, 1, curr_step, 4, track_size, 115, robot_vel, 10.26, joints_pos, 28.62, 59.34, -17.15, -74.18, 24.57, 47.03, 50.0, tool_torque, 0.087, -0.084, 0.105, joint_torque, 0.08, 1.04, 0.15, 0.01, 0.03, -0.18, 0.12, robot_mode, normal, 
17/05/2022 16:48:51:982, robot_pos, 1652802418411, 608.82, 210.32, 162.25, 2.32, -0.04, 3.05, circuit_pos, 610.2, 212.53, 173.07, 2.32, -0.07, 3.03, tool_force, 0.29, 1.54, 1.81, actual_rep, 1, curr_step, 6, track_size, 115, robot_vel, 37.42, joints_pos, 28.46, 58.96, -17.15, -74.11, 26.3, 47.36, 49.09, tool_torque, 0.148, -0.406, 0.322, joint_torque, 0.37, 0.87, 0.14, 0.0, 0.03, -0.25, 0.32, robot_mode, normal, 
17/05/2022 16:48:52:193, robot_pos, 1652802418566, 609.45, 211.64, 168.39, 2.32, -0.06, 3.04, circuit_pos, 610.83, 213.46, 178.59, 2.32, -0.08, 3.02, tool_force, 0.61, 1.63, 1.63, actual_rep, 1, curr_step, 7, track_size, 115, robot_vel, 44.69, joints_pos, 28.38, 58.37, -17.15, -74.2, 27.34, 47.68, 48.47, tool_torque, 0.195, -0.46, 0.349, joint_torque, 0.49, 0.88, 0.16, 0.06, 0.03, -0.28, 0.35, robot_mode, normal, 
17/05/2022 16:48:52:287, robot_pos, 1652802418715, 610.29, 212.76, 174.0, 2.32, -0.07, 3.03, circuit_pos, 611.37, 214.22, 184.9, 2.32, -0.09, 3.01, tool_force, 0.35, 1.44, 2.06, actual_rep, 1, curr_step, 8, track_size, 115, robot_vel, 43.91, joints_pos, 28.24, 57.9, -17.16, -74.18, 28.48, 48.12, 47.78, tool_torque, 0.11, -0.439, 0.336, joint_torque, 0.34, 0.99, 0.1, -0.06, 0.03, -0.29, 0.34, robot_mode, normal, 
17/05/2022 16:48:52:443, robot_pos, 1652802418862, 610.95, 213.67, 179.72, 2.32, -0.08, 3.02, circuit_pos, 611.71, 214.48, 190.56, 2.32, -0.11, 3.0, tool_force, 0.43, 1.51, 2.2, actual_rep, 1, curr_step, 9, track_size, 115, robot_vel, 45.03, joints_pos, 28.14, 57.39, -17.16, -74.17, 29.29, 48.59, 47.28, tool_torque, 0.115, -0.429, 0.335, joint_torque, 0.37, 0.94, 0.13, 0.0, 0.04, -0.32, 0.34, robot_mode, normal, 
17/05/2022 16:48:52:594, robot_pos, 1652802419016, 611.45, 214.43, 185.92, 2.32, -0.1, 3.01, circuit_pos, 611.99, 214.86, 198.8, 2.31, -0.13, 2.99, tool_force, 0.29, 1.42, 1.87, actual_rep, 1, curr_step, 10, track_size, 115, robot_vel, 39.48, joints_pos, 27.97, 56.86, -17.16, -74.17, 30.4, 49.25, 46.58, tool_torque, 0.109, -0.406, 0.336, joint_torque, 0.28, 0.91, 0.1, -0.03, 0.05, -0.31, 0.34, robot_mode, normal, 
17/05/2022 16:48:52:795, robot_pos, 1652802419169, 611.81, 214.61, 191.57, 2.31, -0.11, 3.0, circuit_pos, 611.99, 214.86, 198.8, 2.31, -0.13, 2.99, tool_force, 0.2, 1.55, 2.12, actual_rep, 1, curr_step, 10, track_size, 115, robot_vel, 37.33, joints_pos, 27.77, 56.38, -17.16, -74.19, 31.44, 49.91, 46.14, tool_torque, 0.105, -0.368, 0.304, joint_torque, 0.38, 1.01, 0.18, -0.01, 0.06, -0.31, 0.3, robot_mode, normal, 
17/05/2022 16:48:52:911, robot_pos, 1652802419316, 612.04, 214.98, 197.53, 2.31, -0.13, 2.99, circuit_pos, 612.15, 214.88, 205.86, 2.31, -0.15, 2.98, tool_force, 0.4, 1.63, 2.09, actual_rep, 1, curr_step, 11, track_size, 115, robot_vel, 45.75, joints_pos, 27.61, 55.87, -17.16, -74.19, 32.27, 50.62, 45.85, tool_torque, 0.117, -0.397, 0.318, joint_torque, 0.47, 0.88, 0.2, 0.08, 0.07, -0.32, 0.31, robot_mode, normal, 
17/05/2022 16:48:53:060, robot_pos, 1652802419466, 612.27, 215.03, 203.2, 2.31, -0.14, 2.98, circuit_pos, 612.39, 214.8, 212.97, 2.31, -0.17, 2.97, tool_force, -0.14, 1.7, 2.31, actual_rep, 1, curr_step, 12, track_size, 115, robot_vel, 39.36, joints_pos, 27.41, 55.39, -17.15, -74.19, 33.21, 51.37, 45.35, tool_torque, 0.119, -0.321, 0.334, joint_torque, 0.26, 0.98, 0.12, 0.03, 0.07, -0.31, 0.34, robot_mode, normal, 
17/05/2022 16:48:53:195, robot_pos, 1652802419616, 612.46, 215.09, 209.11, 2.31, -0.16, 2.97, circuit_pos, 612.55, 214.96, 220.0, 2.32, -0.18, 2.96, tool_force, 0.06, 1.55, 1.97, actual_rep, 1, curr_step, 13, track_size, 115, robot_vel, 39.93, joints_pos, 27.21, 54.9, -17.15, -74.19, 34.16, 52.13, 44.85, tool_torque, 0.08, -0.309, 0.311, joint_torque, 0.23, 0.77, 0.09, 0.02, 0.08, -0.3, 0.31, robot_mode, normal, 
17/05/2022 16:48:53:357, robot_pos, 1652802419766, 612.68, 215.2, 214.87, 2.31, -0.17, 2.97, circuit_pos, 612.79, 214.93, 227.22, 2.33, -0.2, 2.95, tool_force, -0.15, 1.66, 2.12, actual_rep, 1, curr_step, 14, track_size, 115, robot_vel, 38.57, joints_pos, 27.06, 54.4, -17.15, -74.19, 34.82, 52.76, 44.23, tool_torque, 0.131, -0.335, 0.333, joint_torque, 0.38, 0.98, 0.15, 0.03, 0.08, -0.29, 0.33, robot_mode, normal, 
17/05/2022 16:48:53:542, robot_pos, 1652802419913, 612.74, 215.2, 220.66, 2.32, -0.19, 2.96, circuit_pos, 612.79, 214.93, 227.22, 2.33, -0.2, 2.95, tool_force, -0.03, 1.55, 1.96, actual_rep, 1, curr_step, 14, track_size, 115, robot_vel, 38.04, joints_pos, 26.89, 53.93, -17.15, -74.17, 35.52, 53.53, 43.51, tool_torque, 0.086, -0.333, 0.311, joint_torque, 0.36, 0.8, 0.13, 0.06, 0.09, -0.31, 0.3, robot_mode, normal, 
17/05/2022 16:48:53:651, robot_pos, 1652802420064, 613.19, 215.2, 226.41, 2.33, -0.2, 2.95, circuit_pos, 613.04, 214.72, 234.36, 2.33, -0.21, 2.93, tool_force, -0.22, 1.27, 1.58, actual_rep, 1, curr_step, 15, track_size, 115, robot_vel, 40.22, joints_pos, 26.69, 53.46, -17.15, -74.16, 36.4, 54.14, 42.8, tool_torque, 0.023, -0.22, 0.291, joint_torque, -0.04, 0.71, -0.03, 0.03, 0.08, -0.3, 0.3, robot_mode, normal, 
17/05/2022 16:48:53:844, robot_pos, 1652802420211, 613.17, 215.04, 232.18, 2.33, -0.21, 2.93, circuit_pos, 613.22, 214.38, 241.57, 2.34, -0.23, 2.92, tool_force, -0.41, 2.06, 2.28, actual_rep, 1, curr_step, 16, track_size, 115, robot_vel, 40.06, joints_pos, 26.53, 52.91, -17.15, -74.31, 37.27, 54.53, 42.12, tool_torque, 0.13, -0.271, 0.318, joint_torque, 0.43, 0.87, 0.19, 0.15, 0.09, -0.31, 0.31, robot_mode, normal, 
17/05/2022 16:48:53:958, robot_pos, 1652802420361, 613.27, 214.82, 238.07, 2.34, -0.22, 2.92, circuit_pos, 613.43, 213.96, 248.68, 2.35, -0.25, 2.91, tool_force, -0.11, 1.43, 1.92, actual_rep, 1, curr_step, 17, track_size, 115, robot_vel, 38.22, joints_pos, 26.31, 52.44, -17.15, -74.3, 38.14, 55.32, 41.37, tool_torque, 0.025, -0.272, 0.305, joint_torque, 0.18, 0.83, 0.05, -0.01, 0.11, -0.32, 0.3, robot_mode, normal, 
17/05/2022 16:48:54:154, robot_pos, 1652802420514, 613.46, 214.46, 244.05, 2.34, -0.24, 2.91, circuit_pos, 613.64, 213.52, 255.51, 2.35, -0.26, 2.9, tool_force, -0.38, 1.4, 2.24, actual_rep, 1, curr_step, 18, track_size, 115, robot_vel, 38.66, joints_pos, 26.06, 52.01, -17.15, -74.18, 38.98, 56.31, 40.62, tool_torque, 0.025, -0.232, 0.3, joint_torque, 0.17, 1.07, 0.1, -0.13, 0.1, -0.31, 0.29, robot_mode, normal, 
17/05/2022 16:48:54:255, robot_pos, 1652802420665, 613.71, 214.14, 249.72, 2.35, -0.25, 2.91, circuit_pos, 613.64, 213.52, 255.51, 2.35, -0.26, 2.9, tool_force, 0.26, 1.44, 2.22, actual_rep, 1, curr_step, 18, track_size, 115, robot_vel, 38.78, joints_pos, 25.89, 51.57, -17.15, -74.14, 39.54, 56.97, 40.27, tool_torque, 0.021, -0.33, 0.29, joint_torque, 0.54, 0.89, 0.22, -0.05, 0.13, -0.31, 0.27, robot_mode, normal, 
17/05/2022 16:48:54:455, robot_pos, 1652802420815, 613.91, 214.03, 255.75, 2.35, -0.26, 2.89, circuit_pos, 613.87, 213.28, 262.14, 2.35, -0.28, 2.88, tool_force, 0.0, 1.68, 1.87, actual_rep, 1, curr_step, 19, track_size, 115, robot_vel, 39.65, joints_pos, 25.69, 51.08, -17.15, -74.16, 40.47, 57.57, 39.86, tool_torque, 0.076, -0.299, 0.311, joint_torque, 0.37, 0.99, 0.15, 0.0, 0.12, -0.31, 0.3, robot_mode, normal, 
17/05/2022 16:48:54:579, robot_pos, 1652802420984, 614.24, 213.52, 262.28, 2.35, -0.29, 2.87, circuit_pos, 614.26, 212.83, 268.54, 2.36, -0.3, 2.86, tool_force, -0.32, 1.75, 1.78, actual_rep, 1, curr_step, 20, track_size, 115, robot_vel, 35.88, joints_pos, 25.35, 50.56, -17.15, -74.25, 42.11, 58.29, 38.81, tool_torque, 0.081, -0.207, 0.311, joint_torque, 0.27, 0.82, 0.14, 0.11, 0.13, -0.29, 0.31, robot_mode, normal, 
17/05/2022 16:48:54:759, robot_pos, 1652802421112, 614.43, 213.24, 267.12, 2.36, -0.3, 2.86, circuit_pos, 614.47, 212.52, 274.94, 2.37, -0.31, 2.85, tool_force, -0.37, 1.8, 1.85, actual_rep, 1, curr_step, 21, track_size, 115, robot_vel, 39.91, joints_pos, 25.14, 50.2, -17.15, -74.26, 43.06, 58.86, 38.11, tool_torque, 0.056, -0.2, 0.301, joint_torque, 0.28, 0.81, 0.12, 0.07, 0.15, -0.29, 0.29, robot_mode, normal, 
17/05/2022 16:48:54:873, robot_pos, 1652802421267, 614.61, 212.94, 273.25, 2.37, -0.31, 2.85, circuit_pos, 614.64, 212.0, 281.38, 2.37, -0.33, 2.83, tool_force, -0.04, 1.43, 2.06, actual_rep, 1, curr_step, 22, track_size, 115, robot_vel, 40.38, joints_pos, 24.96, 49.74, -17.15, -74.18, 43.63, 59.59, 37.78, tool_torque, 0.023, -0.247, 0.285, joint_torque, 0.42, 0.85, 0.18, -0.01, 0.15, -0.29, 0.27, robot_mode, normal, 
17/05/2022 16:48:55:043, robot_pos, 1652802421412, 614.85, 212.42, 278.81, 2.37, -0.33, 2.83, circuit_pos, 614.82, 211.27, 287.91, 2.38, -0.35, 2.81, tool_force, -1.04, 1.8, 1.91, actual_rep, 1, curr_step, 23, track_size, 115, robot_vel, 47.33, joints_pos, 24.67, 49.32, -17.15, -74.25, 45.01, 60.23, 36.96, tool_torque, 0.062, -0.119, 0.291, joint_torque, 0.16, 1.07, 0.1, 0.08, 0.16, -0.29, 0.28, robot_mode, normal, 
17/05/2022 16:48:55:173, robot_pos, 1652802421564, 614.96, 211.9, 284.71, 2.38, -0.35, 2.81, circuit_pos, 614.88, 210.33, 293.76, 2.39, -0.37, 2.8, tool_force, -0.62, 1.62, 1.89, actual_rep, 1, curr_step, 24, track_size, 115, robot_vel, 40.09, joints_pos, 24.39, 48.89, -17.15, -74.27, 46.26, 61.01, 36.24, tool_torque, 0.044, -0.164, 0.297, joint_torque, 0.25, 0.92, 0.14, 0.05, 0.16, -0.29, 0.28, robot_mode, normal, 
17/05/2022 16:48:55:321, robot_pos, 1652802421710, 615.02, 211.03, 290.49, 2.39, -0.36, 2.8, circuit_pos, 614.91, 208.96, 299.45, 2.39, -0.38, 2.78, tool_force, -0.29, 1.41, 1.99, actual_rep, 1, curr_step, 25, track_size, 115, robot_vel, 38.04, joints_pos, 24.08, 48.54, -17.15, -74.13, 47.2, 62.1, 35.68, tool_torque, -0.02, -0.178, 0.269, joint_torque, 0.48, 1.1, 0.27, -0.1, 0.18, -0.28, 0.25, robot_mode, normal, 
17/05/2022 16:48:55:470, robot_pos, 1652802421861, 615.34, 209.9, 296.23, 2.39, -0.38, 2.79, circuit_pos, 614.82, 207.17, 305.7, 2.4, -0.4, 2.77, tool_force, -0.62, 1.68, 1.92, actual_rep, 1, curr_step, 26, track_size, 115, robot_vel, 47.18, joints_pos, 23.79, 48.09, -17.15, -74.21, 48.23, 62.61, 35.19, tool_torque, 0.082, -0.188, 0.298, joint_torque, 0.52, 0.95, 0.25, 0.03, 0.18, -0.26, 0.28, robot_mode, normal, 
17/05/2022 16:48:55:671, robot_pos, 1652802422016, 614.99, 208.23, 302.4, 2.4, -0.39, 2.77, circuit_pos, 614.82, 204.87, 311.75, 2.41, -0.42, 2.75, tool_force, -0.84, 1.68, 1.99, actual_rep, 1, curr_step, 27, track_size, 115, robot_vel, 45.24, joints_pos, 23.46, 47.64, -17.15, -74.23, 49.08, 63.6, 34.7, tool_torque, 0.034, -0.11, 0.289, joint_torque, 0.41, 1.16, 0.23, -0.05, 0.2, -0.27, 0.27, robot_mode, normal, 
17/05/2022 16:48:55:777, robot_pos, 1652802422168, 615.19, 206.27, 308.33, 2.41, -0.41, 2.75, circuit_pos, 615.01, 202.11, 317.7, 2.42, -0.43, 2.74, tool_force, -0.84, 1.4, 1.74, actual_rep, 1, curr_step, 28, track_size, 115, robot_vel, 41.75, joints_pos, 23.02, 47.27, -17.15, -74.21, 50.4, 64.66, 33.89, tool_torque, -0.042, -0.058, 0.28, joint_torque, 0.01, 1.01, 0.09, -0.06, 0.19, -0.27, 0.28, robot_mode, normal, 
17/05/2022 16:48:55:978, robot_pos, 1652802422314, 615.21, 203.91, 313.92, 2.41, -0.42, 2.74, circuit_pos, 615.28, 199.3, 323.44, 2.43, -0.45, 2.72, tool_force, -1.24, 1.15, 1.83, actual_rep, 1, curr_step, 29, track_size, 115, robot_vel, 43.19, joints_pos, 22.68, 46.86, -17.15, -74.15, 50.82, 65.53, 33.48, tool_torque, -0.095, -0.017, 0.25, joint_torque, -0.18, 0.9, -0.02, -0.07, 0.19, -0.28, 0.25, robot_mode, normal, 
17/05/2022 16:48:56:084, robot_pos, 1652802422463, 615.43, 201.37, 319.62, 2.42, -0.44, 2.73, circuit_pos, 615.58, 196.48, 329.17, 2.44, -0.46, 2.7, tool_force, -0.45, 1.27, 1.54, actual_rep, 1, curr_step, 30, track_size, 115, robot_vel, 41.39, joints_pos, 22.19, 46.51, -17.11, -74.13, 52.01, 66.55, 32.72, tool_torque, -0.044, -0.18, 0.275, joint_torque, 0.31, 0.66, 0.08, 0.0, 0.21, -0.26, 0.24, robot_mode, normal, 
17/05/2022 16:48:56:285, robot_pos, 1652802422614, 615.8, 198.49, 325.42, 2.43, -0.46, 2.71, circuit_pos, 615.79, 194.31, 333.92, 2.44, -0.47, 2.68, tool_force, -0.91, 1.2, 1.62, actual_rep, 1, curr_step, 31, track_size, 115, robot_vel, 46.76, joints_pos, 21.75, 46.1, -17.11, -74.14, 52.94, 67.37, 32.06, tool_torque, -0.052, -0.089, 0.259, joint_torque, 0.19, 0.76, 0.07, -0.05, 0.21, -0.24, 0.24, robot_mode, normal, 
17/05/2022 16:48:56:380, robot_pos, 1652802422761, 616.11, 195.75, 331.15, 2.44, -0.47, 2.68, circuit_pos, 616.23, 191.07, 340.25, 2.45, -0.49, 2.66, tool_force, -0.95, 1.97, 1.98, actual_rep, 1, curr_step, 32, track_size, 115, robot_vel, 43.94, joints_pos, 21.32, 45.64, -17.11, -74.33, 54.19, 67.86, 31.45, tool_torque, 0.042, -0.098, 0.269, joint_torque, 0.43, 0.97, 0.17, 0.05, 0.23, -0.25, 0.23, robot_mode, normal, 
17/05/2022 16:48:56:589, robot_pos, 1652802422916, 616.26, 192.74, 337.08, 2.45, -0.49, 2.66, circuit_pos, 616.56, 188.25, 345.51, 2.47, -0.5, 2.64, tool_force, -1.07, 1.57, 1.81, actual_rep, 1, curr_step, 33, track_size, 115, robot_vel, 44.02, joints_pos, 20.86, 45.23, -17.12, -74.39, 55.33, 68.73, 30.9, tool_torque, -0.028, -0.061, 0.242, joint_torque, 0.41, 0.8, 0.24, 0.11, 0.22, -0.25, 0.23, robot_mode, normal, 
17/05/2022 16:48:56:701, robot_pos, 1652802423063, 616.64, 189.71, 342.83, 2.46, -0.5, 2.64, circuit_pos, 616.89, 185.09, 350.65, 2.48, -0.52, 2.62, tool_force, -1.15, 1.22, 1.67, actual_rep, 1, curr_step, 34, track_size, 115, robot_vel, 45.09, joints_pos, 20.38, 44.92, -17.12, -74.27, 56.24, 69.83, 30.09, tool_torque, -0.1, 0.018, 0.219, joint_torque, 0.11, 0.83, 0.12, -0.02, 0.24, -0.23, 0.21, robot_mode, normal, 
17/05/2022 16:48:56:891, robot_pos, 1652802423212, 617.02, 186.37, 348.14, 2.48, -0.52, 2.62, circuit_pos, 617.1, 181.6, 355.79, 2.49, -0.53, 2.6, tool_force, -0.6, 1.24, 1.87, actual_rep, 1, curr_step, 35, track_size, 115, robot_vel, 42.82, joints_pos, 19.84, 44.67, -17.13, -74.23, 57.52, 70.93, 29.41, tool_torque, -0.082, -0.053, 0.241, joint_torque, 0.54, 1.06, 0.33, -0.14, 0.26, -0.22, 0.22, robot_mode, normal, 
17/05/2022 16:48:56:997, robot_pos, 1652802423360, 617.28, 182.72, 353.91, 2.49, -0.53, 2.6, circuit_pos, 617.17, 178.06, 361.02, 2.5, -0.55, 2.57, tool_force, -0.98, 1.04, 0.91, actual_rep, 1, curr_step, 36, track_size, 115, robot_vel, 51.14, joints_pos, 19.33, 44.31, -17.13, -74.22, 58.48, 71.87, 28.91, tool_torque, -0.108, -0.0090, 0.218, joint_torque, 0.12, 0.66, 0.17, -0.01, 0.23, -0.2, 0.22, robot_mode, normal, 
17/05/2022 16:48:57:144, robot_pos, 1652802423517, 617.45, 179.1, 358.96, 2.5, -0.55, 2.57, circuit_pos, 617.23, 174.44, 365.99, 2.52, -0.56, 2.55, tool_force, -2.26, 1.76, 1.68, actual_rep, 1, curr_step, 37, track_size, 115, robot_vel, 34.41, joints_pos, 18.74, 44.0, -17.1, -74.38, 60.05, 72.79, 28.05, tool_torque, -0.041, 0.177, 0.23, joint_torque, 0.08, 1.53, 0.17, -0.05, 0.26, -0.21, 0.22, robot_mode, normal, 
17/05/2022 16:48:57:288, robot_pos, 1652802423665, 617.27, 175.13, 364.71, 2.52, -0.56, 2.55, circuit_pos, 617.15, 170.55, 371.32, 2.54, -0.58, 2.53, tool_force, -1.48, 1.23, 1.52, actual_rep, 1, curr_step, 38, track_size, 115, robot_vel, 52.87, joints_pos, 18.22, 43.7, -17.11, -74.31, 60.9, 74.06, 27.4, tool_torque, -0.11, 0.13, 0.224, joint_torque, 0.11, 0.92, 0.18, -0.07, 0.27, -0.19, 0.22, robot_mode, normal, 
17/05/2022 16:48:57:442, robot_pos, 1652802423816, 617.53, 171.23, 369.76, 2.54, -0.58, 2.53, circuit_pos, 617.05, 166.37, 376.97, 2.56, -0.6, 2.49, tool_force, -1.4, 0.76, 1.24, actual_rep, 1, curr_step, 39, track_size, 115, robot_vel, 46.32, joints_pos, 17.63, 43.55, -17.09, -74.12, 61.91, 75.44, 26.78, tool_torque, -0.153, 0.137, 0.205, joint_torque, -0.03, 1.09, 0.11, -0.22, 0.26, -0.17, 0.2, robot_mode, normal, 
17/05/2022 16:48:57:590, robot_pos, 1652802423965, 617.5, 167.87, 374.24, 2.56, -0.6, 2.49, circuit_pos, 616.86, 162.67, 381.9, 2.58, -0.61, 2.47, tool_force, -2.3, 1.5, 1.44, actual_rep, 1, curr_step, 40, track_size, 115, robot_vel, 37.98, joints_pos, 17.09, 43.35, -17.09, -74.23, 63.44, 76.52, 25.99, tool_torque, -0.066, 0.226, 0.227, joint_torque, -0.02, 1.28, 0.11, -0.09, 0.28, -0.16, 0.22, robot_mode, normal, 
17/05/2022 16:48:57:748, robot_pos, 1652802424115, 617.2, 163.83, 380.05, 2.58, -0.61, 2.47, circuit_pos, 616.57, 159.4, 386.49, 2.6, -0.62, 2.44, tool_force, -1.19, 1.28, 1.23, actual_rep, 1, curr_step, 41, track_size, 115, robot_vel, 48.54, joints_pos, 16.57, 43.06, -17.11, -74.15, 64.31, 77.76, 25.42, tool_torque, -0.122, 0.119, 0.212, joint_torque, 0.3, 0.93, 0.32, -0.09, 0.29, -0.15, 0.21, robot_mode, normal, 
17/05/2022 16:48:57:891, robot_pos, 1652802424263, 617.1, 160.45, 384.65, 2.6, -0.62, 2.44, circuit_pos, 616.32, 155.73, 391.61, 2.63, -0.63, 2.4, tool_force, -1.74, 1.35, 0.88, actual_rep, 1, curr_step, 42, track_size, 115, robot_vel, 34.94, joints_pos, 16.05, 42.85, -17.08, -74.2, 65.54, 78.82, 24.56, tool_torque, -0.105, 0.184, 0.223, joint_torque, -0.19, 0.85, -0.01, 0.02, 0.3, -0.15, 0.21, robot_mode, normal, 
17/05/2022 16:48:58:052, robot_pos, 1652802424415, 616.77, 157.02, 389.26, 2.63, -0.63, 2.4, circuit_pos, 616.08, 152.04, 396.45, 2.66, -0.65, 2.37, tool_force, -1.81, 1.56, 1.33, actual_rep, 1, curr_step, 43, track_size, 115, robot_vel, 38.82, joints_pos, 15.55, 42.66, -17.08, -74.28, 66.9, 79.96, 23.58, tool_torque, -0.1, 0.188, 0.216, joint_torque, 0.02, 0.98, 0.1, -0.03, 0.3, -0.14, 0.2, robot_mode, normal, 
17/05/2022 16:48:58:204, robot_pos, 1652802424562, 616.37, 153.76, 393.99, 2.65, -0.65, 2.37, circuit_pos, 615.64, 148.48, 400.91, 2.68, -0.66, 2.33, tool_force, 8.44, -1.83, 0.8, actual_rep, 1, curr_step, 44, track_size, 115, robot_vel, 40.67, joints_pos, 15.06, 42.52, -17.08, -74.21, 68.04, 81.31, 22.93, tool_torque, -0.705, -1.367, 0.227, joint_torque, 1.26, -2.98, 0.18, -0.15, 0.35, -0.47, 0.22, robot_mode, normal, 
17/05/2022 16:48:58:347, robot_pos, 1652802424713, 615.31, 149.31, 396.64, 2.68, -0.66, 2.33, circuit_pos, 614.93, 145.27, 405.18, 2.71, -0.67, 2.31, tool_force, -7.5, 0.43, 3.07, actual_rep, 1, curr_step, 45, track_size, 115, robot_vel, 47.97, joints_pos, 14.4, 42.41, -16.97, -74.65, 69.96, 82.47, 21.82, tool_torque, -0.469, 1.796, 0.157, joint_torque, 1.82, 4.31, 2.46, -1.04, 0.96, 0.68, 0.14, robot_mode, normal, 
17/05/2022 16:48:58:508, robot_pos, 1652802424863, 614.2, 145.15, 403.09, 2.7, -0.67, 2.31, circuit_pos, 614.17, 142.02, 409.31, 2.73, -0.68, 2.28, tool_force, 0.12, -10.59, -5.23, actual_rep, 1, curr_step, 46, track_size, 115, robot_vel, 55.75, joints_pos, 14.1, 42.07, -17.29, -74.49, 70.22, 84.03, 21.47, tool_torque, -2.52, 0.259, 0.08, joint_torque, -5.54, 0.02, -2.21, -2.75, 1.15, -0.2, 0.12, robot_mode, normal, 
17/05/2022 16:48:58:659, robot_pos, 1652802425018, 614.16, 144.09, 408.48, 2.73, -0.68, 2.29, circuit_pos, 613.38, 139.07, 413.49, 2.75, -0.69, 2.25, tool_force, 0.44, 2.4, 0.92, actual_rep, 1, curr_step, 47, track_size, 115, robot_vel, 44.82, joints_pos, 13.74, 41.96, -17.1, -74.12, 70.88, 85.19, 21.56, tool_torque, -0.067, -0.045, -0.105, joint_torque, 0.9, -0.87, 0.45, 0.7, 0.35, -0.05, -0.08, robot_mode, normal, 
17/05/2022 16:48:58:819, robot_pos, 1652802425166, 613.88, 139.78, 412.15, 2.76, -0.69, 2.24, circuit_pos, 612.8, 136.24, 417.89, 2.77, -0.7, 2.23, tool_force, -0.1, 1.06, 2.08, actual_rep, 1, curr_step, 48, track_size, 115, robot_vel, 38.73, joints_pos, 13.15, 41.93, -17.09, -74.19, 72.48, 86.57, 20.88, tool_torque, -0.167, 0.121, 0.129, joint_torque, 0.81, 1.15, 0.4, -0.19, 0.34, -0.09, 0.09, robot_mode, normal, 
17/05/2022 16:48:58:960, robot_pos, 1652802425318, 613.29, 136.34, 417.64, 2.77, -0.7, 2.22, circuit_pos, 612.45, 133.76, 422.32, 2.79, -0.71, 2.2, tool_force, -3.39, 1.15, 0.33, actual_rep, 1, curr_step, 49, track_size, 115, robot_vel, 48.48, joints_pos, 12.77, 41.71, -17.15, -74.1, 73.25, 87.73, 20.86, tool_torque, -0.143, 0.386, 0.092, joint_torque, 0.23, 1.34, 0.31, -0.02, 0.35, -0.08, 0.09, robot_mode, normal, 
17/05/2022 16:48:59:109, robot_pos, 1652802425465, 613.23, 133.54, 422.8, 2.8, -0.72, 2.18, circuit_pos, 612.39, 129.38, 431.22, 2.83, -0.73, 2.13, tool_force, -1.8, 0.95, 0.48, actual_rep, 1, curr_step, 51, track_size, 115, robot_vel, 30.22, joints_pos, 12.32, 41.56, -17.12, -74.13, 74.87, 88.81, 20.74, tool_torque, -0.164, 0.2, 0.167, joint_torque, 0.01, 0.67, 0.02, -0.03, 0.33, -0.05, 0.16, robot_mode, normal, 
17/05/2022 16:48:59:267, robot_pos, 1652802425616, 612.93, 130.88, 427.85, 2.83, -0.73, 2.14, circuit_pos, 612.7, 127.43, 436.25, 2.85, -0.73, 2.09, tool_force, -2.43, 1.36, 1.21, actual_rep, 1, curr_step, 52, track_size, 115, robot_vel, 37.93, joints_pos, 11.91, 41.42, -17.1, -74.2, 76.51, 89.92, 20.52, tool_torque, -0.142, 0.368, 0.108, joint_torque, 0.2, 1.35, 0.21, -0.14, 0.34, -0.05, 0.09, robot_mode, normal, 
17/05/2022 16:48:59:411, robot_pos, 1652802425765, 613.15, 129.09, 432.87, 2.84, -0.73, 2.1, circuit_pos, 613.26, 125.64, 441.22, 2.88, -0.74, 2.04, tool_force, -1.1, 1.08, 0.6, actual_rep, 1, curr_step, 53, track_size, 115, robot_vel, 34.53, joints_pos, 11.64, 41.2, -17.09, -74.24, 77.75, 90.43, 20.32, tool_torque, -0.153, 0.142, 0.181, joint_torque, 0.31, 0.63, 0.16, -0.02, 0.34, -0.04, 0.17, robot_mode, normal, 
17/05/2022 16:48:59:589, robot_pos, 1652802425915, 613.33, 127.23, 437.31, 2.87, -0.74, 2.05, circuit_pos, 613.77, 123.53, 445.73, 2.91, -0.75, 1.99, tool_force, -2.12, 1.12, 0.57, actual_rep, 1, curr_step, 54, track_size, 115, robot_vel, 32.84, joints_pos, 11.32, 41.14, -17.09, -74.32, 79.64, 91.37, 20.05, tool_torque, -0.134, 0.292, 0.163, joint_torque, -0.18, 1.01, -0.09, -0.07, 0.33, -0.05, 0.15, robot_mode, normal, 
17/05/2022 16:48:59:709, robot_pos, 1652802426062, 613.76, 125.51, 441.5, 2.9, -0.75, 2.01, circuit_pos, 614.12, 121.45, 449.43, 2.94, -0.76, 1.95, tool_force, -1.03, 0.78, 0.84, actual_rep, 1, curr_step, 55, track_size, 115, robot_vel, 29.19, joints_pos, 11.04, 41.1, -17.09, -74.3, 81.2, 92.17, 20.0, tool_torque, -0.188, 0.12, 0.14, joint_torque, 0.19, 0.45, 0.05, -0.02, 0.34, -0.04, 0.13, robot_mode, normal, 
17/05/2022 16:48:59:878, robot_pos, 1652802426211, 613.99, 122.9, 446.02, 2.93, -0.76, 1.96, circuit_pos, 613.81, 113.36, 456.67, 3.0, -0.78, 1.86, tool_force, -0.87, 0.91, 0.74, actual_rep, 1, curr_step, 58, track_size, 115, robot_vel, 30.44, joints_pos, 10.66, 41.13, -17.08, -74.3, 83.26, 93.47, 19.86, tool_torque, -0.18, 0.151, 0.136, joint_torque, 0.12, 0.55, 0.04, -0.03, 0.34, -0.05, 0.12, robot_mode, normal, 
17/05/2022 16:49:00:061, robot_pos, 1652802426359, 614.01, 118.21, 450.6, 2.98, -0.77, 1.89, circuit_pos, 613.26, 108.54, 459.03, 3.03, -0.78, 1.83, tool_force, -1.32, 1.16, 1.1, actual_rep, 1, curr_step, 60, track_size, 115, robot_vel, 42.07, joints_pos, 10.06, 41.27, -17.07, -74.38, 85.71, 95.22, 19.78, tool_torque, -0.155, 0.176, 0.147, joint_torque, 0.23, 0.71, -0.01, -0.02, 0.33, -0.05, 0.15, robot_mode, normal, 
17/05/2022 16:49:00:173, robot_pos, 1652802426508, 613.84, 112.4, 454.63, 3.02, -0.78, 1.84, circuit_pos, 613.18, 104.19, 461.04, 3.05, -0.79, 1.8, tool_force, -1.78, 0.7, 0.61, actual_rep, 1, curr_step, 63, track_size, 115, robot_vel, 45.93, joints_pos, 9.47, 41.35, -17.14, -74.24, 87.07, 96.87, 19.76, tool_torque, -0.261, 0.247, 0.06, joint_torque, 0.36, 0.81, 0.37, -0.09, 0.35, -0.05, 0.04, robot_mode, normal, 
17/05/2022 16:49:00:360, robot_pos, 1652802426657, 613.71, 106.97, 458.29, 3.04, -0.79, 1.8, circuit_pos, 613.44, 102.26, 462.1, 3.05, -0.79, 1.79, tool_force, -1.6, 0.12, 0.99, actual_rep, 1, curr_step, 65, track_size, 115, robot_vel, 44.47, joints_pos, 8.94, 41.34, -17.17, -74.24, 88.3, 98.01, 20.01, tool_torque, -0.296, 0.229, -0.157, joint_torque, 0.09, 0.66, 0.23, -0.06, 0.35, -0.07, -0.16, robot_mode, normal, 
17/05/2022 16:49:00:473, robot_pos, 1652802426807, 613.65, 102.24, 460.85, 3.06, -0.79, 1.78, circuit_pos, 613.34, 100.85, 462.65, 3.06, -0.79, 1.78, tool_force, -1.69, -0.13, -0.35, actual_rep, 1, curr_step, 68, track_size, 115, robot_vel, 34.64, joints_pos, 8.49, 41.28, -17.18, -74.24, 88.88, 98.69, 20.11, tool_torque, -0.339, 0.278, -0.16, joint_torque, -0.6, 0.6, -0.08, -0.15, 0.32, -0.06, -0.16, robot_mode, normal, 
17/05/2022 16:49:00:663, robot_pos, 1652802426954, 613.67, 100.64, 461.92, 3.06, -0.79, 1.78, circuit_pos, 613.45, 100.86, 463.74, 3.06, -0.79, 1.78, tool_force, -2.15, -0.32, -0.56, actual_rep, 1, curr_step, 70, track_size, 115, robot_vel, 15.19, joints_pos, 8.32, 41.26, -17.15, -74.18, 89.05, 98.93, 20.16, tool_torque, -0.352, 0.341, -0.165, joint_torque, -0.58, 1.08, -0.09, -0.31, 0.35, -0.05, -0.17, robot_mode, normal, 
17/05/2022 16:49:00:772, robot_pos, 1652802427108, 613.79, 100.9, 463.12, 3.06, -0.79, 1.78, circuit_pos, 613.58, 101.0, 464.31, 3.06, -0.79, 1.78, tool_force, -1.65, -0.2, -0.09, actual_rep, 1, curr_step, 72, track_size, 115, robot_vel, 7.89, joints_pos, 8.35, 41.21, -17.18, -74.08, 89.05, 98.95, 20.32, tool_torque, -0.362, 0.388, -0.161, joint_torque, -0.28, 0.81, 0.25, -0.22, 0.36, 0.01, -0.16, robot_mode, normal, 
17/05/2022 16:49:00:971, robot_pos, 1652802427259, 613.81, 101.05, 463.37, 3.06, -0.79, 1.78, circuit_pos, 613.61, 101.09, 464.13, 3.06, -0.79, 1.78, tool_force, -2.88, 0.16, 0.12, actual_rep, 1, curr_step, 75, track_size, 115, robot_vel, 3.22, joints_pos, 8.35, 41.19, -17.16, -74.06, 89.05, 98.93, 20.36, tool_torque, -0.274, 0.513, -0.162, joint_torque, -0.12, 1.35, 0.22, -0.21, 0.36, 0.04, -0.16, robot_mode, normal, 
17/05/2022 16:49:01:078, robot_pos, 1652802427409, 613.89, 101.1, 463.27, 3.06, -0.79, 1.78, circuit_pos, 613.63, 101.14, 464.1, 3.06, -0.79, 1.78, tool_force, -1.58, -0.05, -0.04, actual_rep, 1, curr_step, 77, track_size, 115, robot_vel, 0.97, joints_pos, 8.35, 41.21, -17.15, -74.05, 89.05, 98.93, 20.36, tool_torque, -0.302, 0.301, -0.138, joint_torque, -0.12, 0.62, 0.15, -0.15, 0.35, 0.02, -0.14, robot_mode, normal, 
17/05/2022 16:49:01:276, robot_pos, 1652802427559, 613.91, 101.19, 463.11, 3.06, -0.79, 1.78, circuit_pos, 613.7, 101.45, 463.78, 3.06, -0.79, 1.78, tool_force, -1.67, 0.06, -0.03, actual_rep, 1, curr_step, 80, track_size, 115, robot_vel, 1.74, joints_pos, 8.35, 41.22, -17.14, -74.05, 89.05, 98.93, 20.36, tool_torque, -0.272, 0.372, -0.114, joint_torque, -0.16, 0.85, 0.15, -0.18, 0.34, 0.05, -0.11, robot_mode, normal, 
17/05/2022 16:49:01:377, robot_pos, 1652802427707, 614.03, 101.38, 462.83, 3.06, -0.79, 1.78, circuit_pos, 613.78, 101.44, 463.53, 3.06, -0.79, 1.78, tool_force, -1.92, 0.17, -0.21, actual_rep, 1, curr_step, 82, track_size, 115, robot_vel, 2.64, joints_pos, 8.36, 41.26, -17.14, -74.04, 89.06, 98.91, 20.34, tool_torque, -0.257, 0.425, -0.078, joint_torque, -0.2, 0.87, 0.18, -0.19, 0.34, 0.08, -0.08, robot_mode, normal, 
17/05/2022 16:49:01:559, robot_pos, 1652802427859, 614.07, 101.46, 462.7, 3.06, -0.79, 1.78, circuit_pos, 613.74, 101.4, 463.37, 3.06, -0.79, 1.78, tool_force, -1.86, 0.18, -0.23, actual_rep, 1, curr_step, 85, track_size, 115, robot_vel, 1.14, joints_pos, 8.37, 41.27, -17.14, -74.03, 89.07, 98.91, 20.33, tool_torque, -0.257, 0.416, -0.067, joint_torque, -0.22, 0.79, 0.17, -0.17, 0.34, 0.08, -0.07, robot_mode, normal, 
17/05/2022 16:49:01:683, robot_pos, 1652802428006, 614.09, 101.4, 462.51, 3.06, -0.79, 1.78, circuit_pos, 613.7, 101.5, 463.37, 3.06, -0.79, 1.78, tool_force, -2.08, 0.48, -0.2, actual_rep, 1, curr_step, 87, track_size, 115, robot_vel, 1.99, joints_pos, 8.37, 41.29, -17.14, -74.04, 89.07, 98.91, 20.31, tool_torque, -0.245, 0.444, -0.048, joint_torque, -0.21, 0.91, 0.17, -0.14, 0.36, 0.06, -0.05, robot_mode, normal, 
17/05/2022 16:49:01:824, robot_pos, 1652802428156, 614.08, 101.43, 462.53, 3.06, -0.79, 1.78, circuit_pos, 613.72, 101.5, 463.37, 3.06, -0.79, 1.78, tool_force, -2.1, 0.43, -0.29, actual_rep, 1, curr_step, 90, track_size, 115, robot_vel, 0.31, joints_pos, 8.37, 41.28, -17.14, -74.04, 89.07, 98.91, 20.31, tool_torque, -0.251, 0.444, -0.056, joint_torque, -0.27, 0.87, 0.16, -0.14, 0.35, 0.06, -0.06, robot_mode, normal, 
17/05/2022 16:49:01:978, robot_pos, 1652802428304, 614.08, 101.43, 462.53, 3.06, -0.79, 1.78, circuit_pos, 613.72, 101.49, 463.37, 3.06, -0.79, 1.78, tool_force, -2.09, 0.44, -0.28, actual_rep, 1, curr_step, 92, track_size, 115, robot_vel, 0.05, joints_pos, 8.37, 41.28, -17.14, -74.04, 89.07, 98.91, 20.31, tool_torque, -0.25, 0.438, -0.059, joint_torque, -0.25, 0.84, 0.16, -0.13, 0.36, 0.06, -0.06, robot_mode, normal, 
17/05/2022 16:49:02:177, robot_pos, 1652802428454, 614.07, 101.43, 462.53, 3.06, -0.79, 1.78, circuit_pos, 613.71, 101.49, 463.37, 3.06, -0.79, 1.78, tool_force, -2.07, 0.43, -0.24, actual_rep, 1, curr_step, 95, track_size, 115, robot_vel, 0.03, joints_pos, 8.37, 41.28, -17.14, -74.04, 89.07, 98.91, 20.31, tool_torque, -0.252, 0.432, -0.058, joint_torque, -0.21, 0.83, 0.17, -0.12, 0.36, 0.06, -0.06, robot_mode, normal, 
17/05/2022 16:49:02:289, robot_pos, 1652802428605, 614.07, 101.43, 462.53, 3.06, -0.79, 1.78, circuit_pos, 613.71, 101.49, 463.37, 3.06, -0.79, 1.78, tool_force, -2.05, 0.46, -0.24, actual_rep, 1, curr_step, 97, track_size, 115, robot_vel, 0.05, joints_pos, 8.37, 41.28, -17.14, -74.04, 89.07, 98.91, 20.31, tool_torque, -0.252, 0.432, -0.058, joint_torque, -0.21, 0.82, 0.18, -0.11, 0.36, 0.06, -0.06, robot_mode, normal, 
17/05/2022 16:49:02:504, robot_pos, 1652802428755, 614.07, 101.43, 462.53, 3.06, -0.79, 1.78, circuit_pos, 613.71, 101.49, 463.37, 3.06, -0.79, 1.78, tool_force, -2.03, 0.46, -0.24, actual_rep, 1, curr_step, 100, track_size, 115, robot_vel, 0.01, joints_pos, 8.37, 41.28, -17.14, -74.04, 89.07, 98.91, 20.31, tool_torque, -0.253, 0.43, -0.057, joint_torque, -0.22, 0.81, 0.17, -0.11, 0.36, 0.06, -0.06, robot_mode, normal, 
17/05/2022 16:49:02:596, robot_pos, 1652802428903, 614.07, 101.43, 462.53, 3.06, -0.79, 1.78, circuit_pos, 613.71, 101.49, 463.37, 3.06, -0.79, 1.78, tool_force, -2.02, 0.45, -0.24, actual_rep, 1, curr_step, 103, track_size, 115, robot_vel, 0.0, joints_pos, 8.37, 41.28, -17.14, -74.04, 89.07, 98.91, 20.31, tool_torque, -0.253, 0.429, -0.056, joint_torque, -0.22, 0.81, 0.17, -0.11, 0.36, 0.06, -0.06, robot_mode, normal, 
17/05/2022 16:49:02:792, robot_pos, 1652802429054, 614.07, 101.43, 462.53, 3.06, -0.79, 1.78, circuit_pos, 613.71, 101.49, 463.37, 3.06, -0.79, 1.78, tool_force, -2.02, 0.44, -0.23, actual_rep, 1, curr_step, 105, track_size, 115, robot_vel, 0.0, joints_pos, 8.37, 41.28, -17.14, -74.04, 89.07, 98.91, 20.31, tool_torque, -0.255, 0.43, -0.056, joint_torque, -0.22, 0.81, 0.17, -0.11, 0.36, 0.06, -0.06, robot_mode, normal, 
17/05/2022 16:49:02:878, robot_pos, 1652802429203, 614.07, 101.43, 462.54, 3.06, -0.79, 1.78, circuit_pos, 613.7, 101.49, 463.37, 3.06, -0.79, 1.78, tool_force, -2.06, 0.45, -0.23, actual_rep, 1, curr_step, 107, track_size, 115, robot_vel, 0.07, joints_pos, 8.37, 41.28, -17.14, -74.04, 89.07, 98.91, 20.31, tool_torque, -0.253, 0.431, -0.057, joint_torque, -0.22, 0.82, 0.18, -0.11, 0.36, 0.06, -0.06, robot_mode, normal, 
17/05/2022 16:49:03:029, robot_pos, 1652802429353, 614.06, 101.43, 462.54, 3.06, -0.79, 1.78, circuit_pos, 613.7, 101.49, 463.37, 3.06, -0.79, 1.78, tool_force, -2.07, 0.48, -0.25, actual_rep, 1, curr_step, 109, track_size, 115, robot_vel, 0.03, joints_pos, 8.37, 41.28, -17.14, -74.04, 89.07, 98.91, 20.31, tool_torque, -0.252, 0.435, -0.055, joint_torque, -0.22, 0.82, 0.17, -0.11, 0.36, 0.06, -0.06, robot_mode, normal, 
17/05/2022 16:49:03:176, robot_pos, 1652802429502, 614.06, 101.43, 462.54, 3.06, -0.79, 1.78, circuit_pos, 613.7, 101.49, 463.37, 3.06, -0.79, 1.78, tool_force, -2.07, 0.49, -0.25, actual_rep, 1, curr_step, 112, track_size, 115, robot_vel, 0.01, joints_pos, 8.37, 41.28, -17.14, -74.04, 89.07, 98.91, 20.31, tool_torque, -0.252, 0.436, -0.055, joint_torque, -0.23, 0.82, 0.17, -0.1, 0.37, 0.06, -0.05, robot_mode, normal, 
17/05/2022 16:49:03:416, robot_pos, 1652802429652, 614.05, 101.43, 462.54, 3.06, -0.79, 1.78, circuit_pos, 613.7, 101.49, 463.37, 3.06, -0.79, 1.78, tool_force, -1.68, 0.41, -0.14, actual_rep, 1, curr_step, 114, track_size, 115, robot_vel, 0.01, joints_pos, 8.37, 41.28, -17.14, -74.05, 89.07, 98.91, 20.31, tool_torque, -0.265, 0.395, -0.056, joint_torque, -0.16, 0.73, 0.19, -0.11, 0.36, 0.06, -0.06, robot_mode, normal, 
17/05/2022 16:49:03:516, robot_pos, 1652802429805, 613.95, 101.45, 462.36, 3.06, -0.79, 1.78, circuit_pos, 613.7, 101.49, 463.37, 3.06, -0.79, 1.78, tool_force, -1.5, -2.33, 0.69, actual_rep, 1, curr_step, 112, track_size, 115, robot_vel, 0.12, joints_pos, 8.37, 41.28, -17.13, -74.09, 89.07, 98.91, 20.3, tool_torque, -0.644, 0.357, -0.041, joint_torque, -0.02, 1.44, 0.38, -1.17, 0.4, 0.07, -0.04, robot_mode, normal, 
17/05/2022 16:49:03:650, robot_pos, 1652802429962, 613.86, 101.01, 458.08, 3.07, -0.79, 1.76, circuit_pos, 613.7, 101.49, 463.37, 3.06, -0.79, 1.78, tool_force, -20.52, -12.94, 0.8, actual_rep, 1, curr_step, 109, track_size, 115, robot_vel, 40.28, joints_pos, 8.29, 41.64, -17.06, -74.35, 89.59, 99.17, 19.75, tool_torque, -2.184, 3.012, 0.128, joint_torque, -1.23, 15.43, 1.31, -8.06, 0.68, 0.28, 0.12, robot_mode, normal, 
17/05/2022 16:49:03:791, robot_pos, 1652802430110, 614.66, 101.38, 461.24, 3.07, -0.79, 1.77, circuit_pos, 613.7, 101.49, 463.37, 3.06, -0.79, 1.78, tool_force, -1.2, -2.94, 1.9, actual_rep, 1, curr_step, 107, track_size, 115, robot_vel, 24.27, joints_pos, 8.38, 41.47, -17.18, -73.97, 89.24, 99.02, 20.17, tool_torque, -0.63, 0.456, -0.171, joint_torque, 1.05, 1.15, 1.15, -0.79, 0.39, 0.19, -0.17, robot_mode, normal, 
17/05/2022 16:49:03:941, robot_pos, 1652802430262, 613.18, 101.51, 462.03, 3.06, -0.79, 1.78, circuit_pos, 613.71, 101.49, 463.37, 3.06, -0.79, 1.78, tool_force, -7.0, -5.11, -0.37, actual_rep, 1, curr_step, 104, track_size, 115, robot_vel, 19.97, joints_pos, 8.42, 41.18, -17.17, -74.35, 89.07, 98.83, 20.18, tool_torque, -1.119, 1.62, -0.046, joint_torque, -1.13, 7.3, 0.68, -3.93, 0.48, 0.3, -0.02, robot_mode, normal, 
17/05/2022 16:49:04:093, robot_pos, 1652802430413, 614.88, 100.85, 459.0, 3.07, -0.79, 1.76, circuit_pos, 613.71, 101.49, 463.37, 3.06, -0.79, 1.78, tool_force, -15.86, -9.06, -0.92, actual_rep, 1, curr_step, 102, track_size, 115, robot_vel, 19.75, joints_pos, 8.22, 41.73, -17.04, -74.02, 89.52, 99.26, 19.89, tool_torque, -1.569, 2.275, -0.016, joint_torque, -1.26, 10.66, 0.77, -5.43, 0.59, 0.28, -0.03, robot_mode, normal, 
17/05/2022 16:49:04:276, robot_pos, 1652802430563, 613.7, 102.66, 463.8, 3.05, -0.79, 1.78, circuit_pos, 613.71, 101.49, 463.37, 3.06, -0.79, 1.78, tool_force, 16.36, -1.97, 7.13, actual_rep, 1, curr_step, 99, track_size, 115, robot_vel, 43.78, joints_pos, 8.51, 41.02, -17.14, -74.19, 88.91, 98.51, 20.42, tool_torque, -0.489, -2.292, -0.173, joint_torque, 4.22, -7.58, 1.6, 1.63, 0.17, -0.29, -0.16, robot_mode, normal, 
17/05/2022 16:49:04:426, robot_pos, 1652802430711, 611.9, 100.72, 460.34, 3.06, -0.79, 1.77, circuit_pos, 613.71, 101.49, 463.37, 3.06, -0.79, 1.78, tool_force, -16.45, -7.5, -3.66, actual_rep, 1, curr_step, 97, track_size, 115, robot_vel, 46.82, joints_pos, 8.36, 41.14, -17.14, -74.78, 89.38, 98.9, 19.8, tool_torque, -1.626, 2.668, 0.13, joint_torque, -3.37, 11.84, -0.12, -5.83, 0.7, 0.2, 0.13, robot_mode, normal, 
17/05/2022 16:49:04:564, robot_pos, 1652802430867, 615.13, 101.37, 460.87, 3.07, -0.79, 1.77, circuit_pos, 613.71, 101.49, 463.37, 3.06, -0.79, 1.78, tool_force, -0.08, -5.43, 2.87, actual_rep, 1, curr_step, 94, track_size, 115, robot_vel, 29.33, joints_pos, 8.3, 41.61, -17.08, -73.83, 89.28, 99.15, 20.18, tool_torque, -0.986, 0.015, -0.169, joint_torque, 1.77, 0.35, 1.29, -1.26, 0.41, 0.06, -0.17, robot_mode, normal, 
17/05/2022 16:49:04:733, robot_pos, 1652802431016, 611.66, 102.54, 464.29, 3.05, -0.79, 1.79, circuit_pos, 613.72, 101.5, 463.37, 3.06, -0.79, 1.78, tool_force, 11.29, -2.47, 3.56, actual_rep, 1, curr_step, 91, track_size, 115, robot_vel, 33.24, joints_pos, 8.61, 40.66, -17.22, -74.72, 88.84, 98.31, 20.32, tool_torque, -0.759, -1.338, -0.071, joint_torque, 1.21, -4.0, 0.43, 0.24, 0.38, -0.25, -0.05, robot_mode, normal, 
17/05/2022 16:49:04:855, robot_pos, 1652802431168, 613.86, 100.66, 459.32, 3.07, -0.79, 1.76, circuit_pos, 613.72, 101.5, 463.37, 3.06, -0.79, 1.78, tool_force, -18.89, -7.22, -2.17, actual_rep, 1, curr_step, 89, track_size, 115, robot_vel, 49.78, joints_pos, 8.24, 41.58, -17.04, -74.23, 89.49, 99.24, 19.83, tool_torque, -1.392, 2.835, 0.0030, joint_torque, -2.06, 11.7, 0.52, -5.13, 0.7, 0.36, -0.02, robot_mode, normal, 
17/05/2022 16:49:05:008, robot_pos, 1652802431319, 614.35, 102.74, 463.66, 3.06, -0.79, 1.78, circuit_pos, 613.71, 101.42, 463.33, 3.06, -0.79, 1.78, tool_force, 13.34, 0.77, 7.94, actual_rep, 1, curr_step, 86, track_size, 115, robot_vel, 37.09, joints_pos, 8.48, 41.18, -17.12, -73.94, 88.9, 98.66, 20.48, tool_torque, 0.036, -2.01, -0.198, joint_torque, 5.36, -7.63, 2.19, 2.69, 0.05, -0.2, -0.2, robot_mode, normal, 
17/05/2022 16:49:05:193, robot_pos, 1652802431477, 611.56, 100.9, 461.63, 3.06, -0.79, 1.77, circuit_pos, 613.77, 101.56, 463.54, 3.06, -0.79, 1.78, tool_force, -11.81, -5.97, -3.99, actual_rep, 1, curr_step, 83, track_size, 115, robot_vel, 40.27, joints_pos, 8.43, 40.97, -17.2, -74.79, 89.23, 98.81, 19.95, tool_torque, -1.473, 2.112, 0.105, joint_torque, -4.0, 9.32, -0.74, -4.66, 0.69, 0.09, 0.11, robot_mode, normal, 
17/05/2022 16:49:05:316, robot_pos, 1652802431621, 615.29, 101.59, 460.81, 3.07, -0.79, 1.77, circuit_pos, 613.75, 101.44, 463.65, 3.06, -0.79, 1.78, tool_force, -7.5, -2.39, 3.19, actual_rep, 1, curr_step, 81, track_size, 115, robot_vel, 30.34, joints_pos, 8.28, 41.66, -17.03, -73.74, 89.28, 99.22, 20.23, tool_torque, -0.496, 1.051, -0.155, joint_torque, 1.87, 3.27, 1.75, -1.17, 0.38, 0.27, -0.16, robot_mode, normal, 
17/05/2022 16:49:05:543, robot_pos, 1652802431776, 612.75, 102.76, 465.07, 3.05, -0.79, 1.79, circuit_pos, 613.7, 101.3, 463.9, 3.06, -0.79, 1.78, tool_force, 12.84, 0.67, 5.52, actual_rep, 1, curr_step, 79, track_size, 115, robot_vel, 41.73, joints_pos, 8.59, 40.79, -17.23, -74.36, 88.78, 98.43, 20.55, tool_torque, -0.237, -1.51, -0.097, joint_torque, 2.92, -5.01, 1.12, 1.22, 0.18, -0.23, -0.08, robot_mode, normal, 
17/05/2022 16:49:05:614, robot_pos, 1652802431921, 613.12, 99.91, 461.11, 3.07, -0.79, 1.77, circuit_pos, 613.62, 101.12, 464.16, 3.06, -0.79, 1.78, tool_force, -12.17, -7.22, -6.08, actual_rep, 1, curr_step, 76, track_size, 115, robot_vel, 40.69, joints_pos, 8.26, 41.3, -17.16, -74.39, 89.4, 99.11, 19.96, tool_torque, -1.702, 1.927, 0.05, joint_torque, -4.69, 8.56, -1.33, -4.61, 0.85, 0.04, 0.03, robot_mode, normal, 
17/05/2022 16:49:05:845, robot_pos, 1652802432075, 614.83, 103.31, 462.63, 3.07, -0.79, 1.78, circuit_pos, 613.6, 101.05, 464.13, 3.06, -0.79, 1.78, tool_force, -0.53, 2.95, 15.92, actual_rep, 1, curr_step, 74, track_size, 115, robot_vel, 22.12, joints_pos, 8.42, 41.43, -16.94, -73.71, 88.98, 98.93, 20.47, tool_torque, 0.787, 0.45, -0.19, joint_torque, 11.86, 0.08, 7.19, 1.43, -0.12, 0.7, -0.19, robot_mode, normal, 
17/05/2022 16:49:05:921, robot_pos, 1652802432221, 612.54, 101.84, 463.81, 3.06, -0.79, 1.78, circuit_pos, 613.55, 100.92, 464.24, 3.06, -0.79, 1.78, tool_force, -0.09, -2.49, 1.21, actual_rep, 1, curr_step, 71, track_size, 115, robot_vel, 51.41, joints_pos, 8.57, 40.92, -17.35, -74.47, 89.07, 98.69, 20.26, tool_torque, -0.919, 0.216, 0.033, joint_torque, -0.45, 1.02, 0.27, -1.31, 0.57, -0.11, 0.05, robot_mode, normal, 
17/05/2022 16:49:06:072, robot_pos, 1652802432371, 613.11, 100.93, 460.65, 3.07, -0.79, 1.77, circuit_pos, 613.34, 100.85, 462.65, 3.06, -0.79, 1.78, tool_force, -8.29, -4.88, 2.67, actual_rep, 1, curr_step, 68, track_size, 115, robot_vel, 23.6, joints_pos, 8.32, 41.34, -17.08, -74.35, 89.27, 99.08, 20.0, tool_torque, -0.879, 1.678, 0.082, joint_torque, 3.0, 6.24, 3.09, -2.74, 0.55, 0.54, 0.08, robot_mode, normal, 
17/05/2022 16:49:06:255, robot_pos, 1652802432530, 613.87, 103.7, 462.2, 3.06, -0.79, 1.78, circuit_pos, 613.44, 102.26, 462.1, 3.05, -0.79, 1.79, tool_force, 3.67, -0.18, 14.53, actual_rep, 1, curr_step, 65, track_size, 115, robot_vel, 32.96, joints_pos, 8.57, 41.24, -17.12, -74.12, 88.96, 98.68, 20.35, tool_torque, -0.179, 0.01, -0.11, joint_torque, 8.0, -0.3, 4.96, 0.1, 0.32, 0.34, -0.1, robot_mode, normal, 
17/05/2022 16:49:06:456, robot_pos, 1652802432681, 613.25, 104.95, 460.5, 3.06, -0.79, 1.78, circuit_pos, 613.18, 104.19, 461.04, 3.05, -0.79, 1.8, tool_force, -2.63, 1.65, 12.06, actual_rep, 1, curr_step, 63, track_size, 115, robot_vel, 30.26, joints_pos, 8.54, 41.22, -16.8, -74.36, 88.89, 98.3, 20.08, tool_torque, 0.309, 1.024, -0.052, joint_torque, 9.56, 1.52, 6.44, 0.69, 0.24, 0.74, -0.06, robot_mode, normal, 
17/05/2022 16:49:06:571, robot_pos, 1652802432832, 613.1, 104.51, 460.09, 3.05, -0.79, 1.8, circuit_pos, 613.26, 108.54, 459.03, 3.03, -0.78, 1.83, tool_force, -5.61, 1.79, 0.28, actual_rep, 1, curr_step, 60, track_size, 115, robot_vel, 40.95, joints_pos, 8.72, 41.24, -17.18, -74.2, 88.25, 98.44, 20.17, tool_torque, -0.177, 1.017, -0.0020, joint_torque, -0.59, 1.41, 0.54, -0.02, 0.4, 0.16, 0.01, robot_mode, normal, 
17/05/2022 16:49:06:676, robot_pos, 1652802432981, 613.99, 108.67, 458.5, 3.03, -0.78, 1.83, circuit_pos, 613.81, 113.36, 456.67, 3.0, -0.78, 1.86, tool_force, -2.18, 0.54, 0.49, actual_rep, 1, curr_step, 58, track_size, 115, robot_vel, 25.4, joints_pos, 9.07, 41.27, -17.07, -73.93, 87.21, 97.53, 20.13, tool_torque, -0.247, 0.581, -0.099, joint_torque, 0.06, 1.01, 0.31, -0.19, 0.44, 0.2, -0.1, robot_mode, normal, 
17/05/2022 16:49:06:874, robot_pos, 1652802433131, 614.28, 112.73, 455.74, 3.0, -0.78, 1.86, circuit_pos, 614.12, 121.45, 449.43, 2.94, -0.76, 1.95, tool_force, -2.46, 1.17, -0.46, actual_rep, 1, curr_step, 55, track_size, 115, robot_vel, 31.27, joints_pos, 9.54, 41.13, -17.1, -74.13, 86.26, 96.09, 20.03, tool_torque, -0.187, 0.717, -0.0030, joint_torque, -0.13, 1.05, 0.36, 0.02, 0.44, 0.22, 0.0, robot_mode, normal, 
17/05/2022 16:49:06:985, robot_pos, 1652802433282, 614.25, 117.11, 451.68, 2.95, -0.76, 1.93, circuit_pos, 613.26, 125.64, 441.22, 2.88, -0.74, 2.04, tool_force, -2.95, 0.68, -0.28, actual_rep, 1, curr_step, 53, track_size, 115, robot_vel, 40.55, joints_pos, 10.16, 41.0, -17.25, -74.1, 84.07, 94.51, 20.04, tool_torque, -0.294, 0.782, -0.032, joint_torque, -0.35, 0.94, 0.48, -0.13, 0.43, 0.23, -0.03, robot_mode, normal, 
17/05/2022 16:49:07:175, robot_pos, 1652802433435, 613.99, 120.99, 446.53, 2.9, -0.75, 2.0, circuit_pos, 613.26, 125.64, 441.22, 2.88, -0.74, 2.04, tool_force, -2.28, 0.45, -0.13, actual_rep, 1, curr_step, 53, track_size, 115, robot_vel, 44.23, joints_pos, 10.79, 40.89, -17.39, -74.05, 81.37, 92.8, 20.14, tool_torque, -0.298, 0.711, -0.145, joint_torque, -0.13, 0.91, 0.53, -0.12, 0.42, 0.23, -0.14, robot_mode, normal, 
17/05/2022 16:49:07:292, robot_pos, 1652802433586, 613.59, 124.23, 441.54, 2.88, -0.74, 2.04, circuit_pos, 612.7, 127.43, 436.25, 2.85, -0.73, 2.09, tool_force, -1.78, 1.03, -0.13, actual_rep, 1, curr_step, 52, track_size, 115, robot_vel, 49.39, joints_pos, 11.17, 40.96, -17.35, -74.19, 80.06, 91.82, 20.07, tool_torque, -0.211, 0.567, -0.03, joint_torque, 0.02, 0.45, 0.37, 0.12, 0.46, 0.24, -0.03, robot_mode, normal, 
17/05/2022 16:49:07:476, robot_pos, 1652802433739, 613.17, 126.44, 436.34, 2.85, -0.73, 2.09, circuit_pos, 612.39, 129.38, 431.22, 2.83, -0.73, 2.13, tool_force, -2.22, 0.18, -0.28, actual_rep, 1, curr_step, 51, track_size, 115, robot_vel, 36.07, joints_pos, 11.55, 41.02, -17.36, -74.17, 78.04, 90.82, 20.29, tool_torque, -0.321, 0.658, -0.161, joint_torque, -0.33, 0.75, 0.34, 0.01, 0.44, 0.22, -0.17, robot_mode, normal, 
17/05/2022 16:49:07:591, robot_pos, 1652802433889, 613.13, 128.58, 431.01, 2.82, -0.72, 2.13, circuit_pos, 612.36, 131.37, 426.59, 2.8, -0.72, 2.17, tool_force, -3.21, 0.28, -0.61, actual_rep, 1, curr_step, 50, track_size, 115, robot_vel, 36.46, joints_pos, 11.88, 41.19, -17.36, -74.15, 76.45, 89.93, 20.55, tool_torque, -0.324, 0.797, -0.221, joint_torque, -0.71, 0.99, 0.18, -0.06, 0.45, 0.22, -0.21, robot_mode, normal, 
17/05/2022 16:49:07:781, robot_pos, 1652802434039, 612.88, 131.34, 425.44, 2.8, -0.71, 2.18, circuit_pos, 612.8, 136.24, 417.89, 2.77, -0.7, 2.23, tool_force, -1.88, 0.03, -0.22, actual_rep, 1, curr_step, 48, track_size, 115, robot_vel, 37.94, joints_pos, 12.28, 41.33, -17.32, -74.15, 74.72, 88.9, 20.68, tool_torque, -0.319, 0.575, -0.207, joint_torque, -0.09, 0.64, 0.28, -0.02, 0.46, 0.22, -0.22, robot_mode, normal, 
17/05/2022 16:49:07:903, robot_pos, 1652802434188, 613.1, 134.46, 419.76, 2.78, -0.7, 2.22, circuit_pos, 613.38, 139.07, 413.49, 2.75, -0.69, 2.25, tool_force, -2.33, 0.12, -0.62, actual_rep, 1, curr_step, 47, track_size, 115, robot_vel, 42.61, joints_pos, 12.72, 41.55, -17.32, -74.09, 73.19, 87.84, 20.81, tool_torque, -0.334, 0.704, -0.208, joint_torque, -0.79, 0.94, 0.01, -0.12, 0.44, 0.2, -0.21, robot_mode, normal, 
17/05/2022 16:49:08:084, robot_pos, 1652802434338, 613.69, 137.88, 413.99, 2.75, -0.69, 2.25, circuit_pos, 614.17, 142.02, 409.31, 2.73, -0.68, 2.28, tool_force, -3.19, 0.23, -0.41, actual_rep, 1, curr_step, 46, track_size, 115, robot_vel, 47.42, joints_pos, 13.15, 41.79, -17.3, -74.17, 72.29, 86.66, 20.86, tool_torque, -0.293, 0.644, -0.191, joint_torque, -0.61, 0.65, 0.03, 0.02, 0.43, 0.2, -0.2, robot_mode, normal, 
17/05/2022 16:49:08:204, robot_pos, 1652802434488, 614.37, 141.69, 408.75, 2.73, -0.68, 2.29, circuit_pos, 614.93, 145.27, 405.18, 2.71, -0.67, 2.31, tool_force, -2.19, -0.04, -0.13, actual_rep, 1, curr_step, 45, track_size, 115, robot_vel, 44.42, joints_pos, 13.68, 41.98, -17.31, -74.09, 70.75, 85.28, 21.31, tool_torque, -0.336, 0.611, -0.223, joint_torque, -0.53, 0.77, 0.09, -0.11, 0.41, 0.18, -0.23, robot_mode, normal, 
17/05/2022 16:49:08:359, robot_pos, 1652802434638, 615.52, 145.39, 403.63, 2.7, -0.67, 2.31, circuit_pos, 616.08, 152.04, 396.45, 2.66, -0.65, 2.37, tool_force, -2.3, 0.04, -0.57, actual_rep, 1, curr_step, 43, track_size, 115, robot_vel, 43.77, joints_pos, 14.14, 42.21, -17.3, -74.11, 70.0, 83.89, 21.78, tool_torque, -0.326, 0.601, -0.25, joint_torque, -0.56, 0.65, 0.02, 0.0, 0.43, 0.19, -0.26, robot_mode, normal, 
17/05/2022 16:49:08:503, robot_pos, 1652802434789, 615.64, 149.2, 398.86, 2.67, -0.65, 2.35, circuit_pos, 616.32, 155.73, 391.61, 2.63, -0.63, 2.4, tool_force, -3.01, 0.51, 0.75, actual_rep, 1, curr_step, 42, track_size, 115, robot_vel, 46.11, joints_pos, 14.73, 42.24, -17.33, -74.26, 68.63, 82.32, 22.55, tool_torque, -0.296, 0.676, -0.243, joint_torque, -0.35, 0.89, 0.23, 0.05, 0.41, 0.15, -0.24, robot_mode, normal, 
17/05/2022 16:49:08:710, robot_pos, 1652802434940, 616.36, 153.12, 393.61, 2.64, -0.64, 2.39, circuit_pos, 616.57, 159.4, 386.49, 2.6, -0.62, 2.44, tool_force, -3.14, 0.49, 0.67, actual_rep, 1, curr_step, 41, track_size, 115, robot_vel, 44.25, joints_pos, 15.29, 42.47, -17.32, -74.16, 67.16, 80.92, 23.15, tool_torque, -0.285, 0.683, -0.236, joint_torque, -0.38, 1.05, 0.2, -0.07, 0.4, 0.16, -0.24, robot_mode, normal, 
17/05/2022 16:49:08:806, robot_pos, 1652802435090, 616.58, 156.75, 388.56, 2.61, -0.62, 2.43, circuit_pos, 616.86, 162.67, 381.9, 2.58, -0.61, 2.47, tool_force, -2.82, 0.3, 0.46, actual_rep, 1, curr_step, 40, track_size, 115, robot_vel, 40.82, joints_pos, 15.83, 42.62, -17.32, -74.19, 65.82, 79.58, 24.03, tool_torque, -0.322, 0.583, -0.241, joint_torque, -0.17, 0.72, 0.3, -0.01, 0.42, 0.15, -0.25, robot_mode, normal, 
17/05/2022 16:49:08:963, robot_pos, 1652802435245, 616.92, 161.01, 383.02, 2.59, -0.61, 2.46, circuit_pos, 617.05, 166.37, 376.97, 2.56, -0.6, 2.49, tool_force, -2.3, 0.17, 0.64, actual_rep, 1, curr_step, 39, track_size, 115, robot_vel, 47.25, joints_pos, 16.42, 42.88, -17.31, -74.15, 64.45, 78.26, 25.02, tool_torque, -0.331, 0.562, -0.209, joint_torque, -0.21, 0.57, 0.22, -0.02, 0.41, 0.14, -0.22, robot_mode, normal, 
17/05/2022 16:49:09:106, robot_pos, 1652802435395, 617.19, 165.09, 377.24, 2.57, -0.6, 2.49, circuit_pos, 617.15, 170.55, 371.32, 2.54, -0.58, 2.53, tool_force, -2.72, 0.55, 0.99, actual_rep, 1, curr_step, 38, track_size, 115, robot_vel, 49.36, joints_pos, 16.98, 43.17, -17.31, -74.19, 63.43, 77.02, 25.71, tool_torque, -0.264, 0.573, -0.191, joint_torque, -0.22, 0.87, 0.23, 0.01, 0.4, 0.12, -0.2, robot_mode, normal, 
17/05/2022 16:49:09:303, robot_pos, 1652802435547, 617.45, 169.24, 372.12, 2.54, -0.58, 2.53, circuit_pos, 617.23, 174.44, 365.99, 2.52, -0.56, 2.55, tool_force, -1.37, 0.1, 0.82, actual_rep, 1, curr_step, 37, track_size, 115, robot_vel, 40.83, joints_pos, 17.6, 43.41, -17.32, -74.06, 61.81, 75.76, 26.66, tool_torque, -0.324, 0.461, -0.198, joint_torque, -0.15, 0.55, 0.24, -0.08, 0.38, 0.12, -0.2, robot_mode, normal, 
17/05/2022 16:49:09:413, robot_pos, 1652802435699, 617.58, 173.51, 366.14, 2.52, -0.56, 2.55, circuit_pos, 617.17, 178.06, 361.02, 2.5, -0.55, 2.57, tool_force, -2.7, 0.63, 0.76, actual_rep, 1, curr_step, 36, track_size, 115, robot_vel, 48.06, joints_pos, 18.21, 43.66, -17.32, -74.19, 60.78, 74.27, 27.39, tool_torque, -0.267, 0.593, -0.19, joint_torque, -0.45, 0.6, 0.03, 0.12, 0.4, 0.09, -0.2, robot_mode, normal, 
17/05/2022 16:49:09:566, robot_pos, 1652802435850, 617.36, 177.28, 360.42, 2.5, -0.55, 2.57, circuit_pos, 617.1, 181.6, 355.79, 2.49, -0.53, 2.6, tool_force, -2.15, 0.31, 0.58, actual_rep, 1, curr_step, 35, track_size, 115, robot_vel, 45.48, joints_pos, 18.79, 43.91, -17.33, -74.31, 59.63, 72.99, 28.07, tool_torque, -0.308, 0.556, -0.188, joint_torque, -0.41, 0.63, 0.14, 0.05, 0.37, 0.08, -0.19, robot_mode, normal, 
17/05/2022 16:49:09:872, robot_pos, 1652802436149, 617.12, 184.92, 349.0, 2.48, -0.51, 2.63, circuit_pos, 616.23, 191.07, 340.25, 2.45, -0.49, 2.66, tool_force, -2.35, 0.27, 0.71, actual_rep, 1, curr_step, 32, track_size, 115, robot_vel, 49.91, joints_pos, 19.91, 44.62, -17.32, -74.14, 57.01, 71.0, 29.45, tool_torque, -0.329, 0.554, -0.176, joint_torque, -0.46, 0.82, 0.07, -0.11, 0.38, 0.06, -0.18, robot_mode, normal, 
17/05/2022 16:49:10:016, robot_pos, 1652802436304, 616.86, 188.45, 343.2, 2.46, -0.5, 2.65, circuit_pos, 615.79, 194.31, 333.92, 2.44, -0.47, 2.68, tool_force, -2.21, 0.53, 0.96, actual_rep, 1, curr_step, 31, track_size, 115, robot_vel, 44.95, joints_pos, 20.44, 44.94, -17.33, -74.23, 56.03, 69.87, 30.28, tool_torque, -0.254, 0.534, -0.156, joint_torque, -0.28, 0.74, 0.16, 0.06, 0.37, 0.07, -0.17, robot_mode, normal, 
17/05/2022 16:49:10:190, robot_pos, 1652802436471, 616.47, 191.95, 336.74, 2.45, -0.48, 2.67, circuit_pos, 615.58, 196.48, 329.17, 2.44, -0.46, 2.7, tool_force, -2.24, 0.86, 0.77, actual_rep, 1, curr_step, 30, track_size, 115, robot_vel, 48.86, joints_pos, 21.0, 45.29, -17.33, -74.32, 54.84, 68.65, 30.97, tool_torque, -0.24, 0.551, -0.171, joint_torque, -0.25, 0.87, 0.21, 0.07, 0.36, 0.05, -0.18, robot_mode, normal, 
17/05/2022 16:49:10:334, robot_pos, 1652802436623, 615.92, 194.78, 330.8, 2.44, -0.46, 2.69, circuit_pos, 615.28, 199.3, 323.44, 2.43, -0.45, 2.72, tool_force, -2.11, 0.34, 0.8, actual_rep, 1, curr_step, 29, track_size, 115, robot_vel, 42.5, joints_pos, 21.45, 45.69, -17.33, -74.26, 53.69, 67.98, 31.51, tool_torque, -0.286, 0.517, -0.159, joint_torque, -0.29, 0.77, 0.19, -0.02, 0.37, 0.06, -0.17, robot_mode, normal, 
17/05/2022 16:49:10:490, robot_pos, 1652802436774, 615.86, 197.68, 324.91, 2.43, -0.45, 2.71, circuit_pos, 615.01, 202.11, 317.7, 2.42, -0.43, 2.74, tool_force, -2.31, -0.08, 0.53, actual_rep, 1, curr_step, 28, track_size, 115, robot_vel, 41.44, joints_pos, 21.88, 46.17, -17.33, -74.12, 52.64, 67.33, 32.15, tool_torque, -0.325, 0.579, -0.166, joint_torque, -0.61, 0.8, 0.06, -0.13, 0.33, 0.07, -0.17, robot_mode, normal, 
17/05/2022 16:49:10:654, robot_pos, 1652802436931, 615.53, 200.65, 319.03, 2.42, -0.43, 2.73, circuit_pos, 614.82, 204.87, 311.75, 2.41, -0.42, 2.75, tool_force, -2.08, 0.42, 1.03, actual_rep, 1, curr_step, 27, track_size, 115, robot_vel, 44.35, joints_pos, 22.38, 46.56, -17.33, -74.08, 51.36, 66.4, 32.99, tool_torque, -0.28, 0.518, -0.162, joint_torque, -0.34, 0.84, 0.19, -0.11, 0.33, 0.05, -0.17, robot_mode, normal, 
17/05/2022 16:49:10:807, robot_pos, 1652802437079, 615.39, 203.16, 313.17, 2.42, -0.42, 2.75, circuit_pos, 614.82, 207.17, 305.7, 2.4, -0.4, 2.77, tool_force, -2.53, 0.6, 0.99, actual_rep, 1, curr_step, 26, track_size, 115, robot_vel, 40.56, joints_pos, 22.73, 46.97, -17.32, -74.14, 50.87, 65.54, 33.35, tool_torque, -0.212, 0.545, -0.137, joint_torque, -0.56, 0.92, 0.0, -0.04, 0.32, 0.04, -0.15, robot_mode, normal, 
17/05/2022 16:49:10:941, robot_pos, 1652802437230, 615.34, 205.67, 307.56, 2.4, -0.41, 2.76, circuit_pos, 614.91, 208.96, 299.45, 2.39, -0.38, 2.78, tool_force, -1.49, 0.55, 1.03, actual_rep, 1, curr_step, 25, track_size, 115, robot_vel, 40.3, joints_pos, 23.19, 47.35, -17.33, -74.12, 49.71, 64.54, 34.17, tool_torque, -0.254, 0.44, -0.143, joint_torque, -0.07, 0.73, 0.28, -0.03, 0.33, 0.04, -0.15, robot_mode, normal, 
17/05/2022 16:49:11:103, robot_pos, 1652802437381, 615.24, 207.44, 301.57, 2.4, -0.39, 2.78, circuit_pos, 614.88, 210.33, 293.76, 2.39, -0.37, 2.8, tool_force, -2.14, 1.04, 1.29, actual_rep, 1, curr_step, 24, track_size, 115, robot_vel, 44.18, joints_pos, 23.55, 47.73, -17.33, -74.22, 48.91, 63.49, 34.62, tool_torque, -0.205, 0.54, -0.145, joint_torque, -0.39, 0.88, 0.15, 0.02, 0.31, 0.04, -0.15, robot_mode, normal, 
17/05/2022 16:49:11:253, robot_pos, 1652802437530, 615.18, 208.98, 295.81, 2.39, -0.38, 2.79, circuit_pos, 614.82, 211.27, 287.91, 2.38, -0.35, 2.81, tool_force, -1.59, 0.57, 1.43, actual_rep, 1, curr_step, 23, track_size, 115, robot_vel, 40.72, joints_pos, 23.87, 48.19, -17.34, -74.13, 47.92, 62.84, 35.16, tool_torque, -0.227, 0.444, -0.138, joint_torque, -0.05, 0.76, 0.29, -0.07, 0.32, 0.07, -0.15, robot_mode, normal, 
17/05/2022 16:49:11:403, robot_pos, 1652802437686, 615.19, 210.22, 289.81, 2.38, -0.36, 2.81, circuit_pos, 614.64, 212.0, 281.38, 2.37, -0.33, 2.83, tool_force, -2.31, 0.83, 1.27, actual_rep, 1, curr_step, 22, track_size, 115, robot_vel, 36.29, joints_pos, 24.2, 48.6, -17.35, -74.16, 46.9, 61.89, 35.78, tool_torque, -0.232, 0.628, -0.15, joint_torque, -0.55, 1.09, 0.17, -0.05, 0.29, 0.03, -0.14, robot_mode, normal, 
17/05/2022 16:49:11:557, robot_pos, 1652802437836, 615.02, 211.09, 283.97, 2.38, -0.34, 2.82, circuit_pos, 614.47, 212.52, 274.94, 2.37, -0.31, 2.85, tool_force, -1.66, 0.71, 1.13, actual_rep, 1, curr_step, 21, track_size, 115, robot_vel, 39.84, joints_pos, 24.53, 49.01, -17.36, -74.18, 45.68, 61.03, 36.5, tool_torque, -0.237, 0.49, -0.153, joint_torque, -0.34, 0.5, 0.24, 0.06, 0.29, 0.05, -0.14, robot_mode, normal, 
17/05/2022 16:49:11:761, robot_pos, 1652802437998, 614.87, 211.8, 277.83, 2.37, -0.32, 2.84, circuit_pos, 614.26, 212.83, 268.54, 2.36, -0.3, 2.86, tool_force, -1.58, 0.62, 1.27, actual_rep, 1, curr_step, 20, track_size, 115, robot_vel, 38.26, joints_pos, 24.85, 49.47, -17.38, -74.12, 44.35, 60.3, 37.22, tool_torque, -0.249, 0.512, -0.156, joint_torque, -0.25, 0.57, 0.29, 0.03, 0.29, 0.05, -0.15, robot_mode, normal, 
17/05/2022 16:49:11:877, robot_pos, 1652802438152, 614.77, 212.24, 271.76, 2.37, -0.31, 2.85, circuit_pos, 613.87, 213.28, 262.14, 2.35, -0.28, 2.88, tool_force, -1.94, 0.7, 1.24, actual_rep, 1, curr_step, 19, track_size, 115, robot_vel, 38.03, joints_pos, 25.03, 49.92, -17.35, -74.17, 43.68, 59.57, 37.66, tool_torque, -0.172, 0.511, -0.127, joint_torque, -0.51, 0.68, 0.05, 0.02, 0.27, 0.06, -0.13, robot_mode, normal, 
17/05/2022 16:49:12:066, robot_pos, 1652802438304, 614.47, 212.74, 265.98, 2.36, -0.29, 2.87, circuit_pos, 613.64, 213.52, 255.51, 2.35, -0.26, 2.9, tool_force, -1.92, 0.75, 1.15, actual_rep, 1, curr_step, 18, track_size, 115, robot_vel, 43.1, joints_pos, 25.32, 50.34, -17.36, -74.18, 42.47, 58.81, 38.53, tool_torque, -0.176, 0.559, -0.142, joint_torque, -0.56, 0.66, 0.09, 0.05, 0.26, 0.05, -0.14, robot_mode, normal, 
17/05/2022 16:49:12:179, robot_pos, 1652802438454, 614.19, 213.05, 260.16, 2.35, -0.27, 2.89, circuit_pos, 613.43, 213.96, 248.68, 2.35, -0.25, 2.91, tool_force, -1.44, 0.44, 0.9, actual_rep, 1, curr_step, 17, track_size, 115, robot_vel, 39.12, joints_pos, 25.62, 50.82, -17.4, -74.12, 41.21, 58.22, 39.25, tool_torque, -0.241, 0.522, -0.145, joint_torque, -0.32, 0.68, 0.31, -0.1, 0.26, 0.06, -0.13, robot_mode, normal, 
17/05/2022 16:49:12:373, robot_pos, 1652802438605, 614.03, 213.49, 254.43, 2.35, -0.26, 2.9, circuit_pos, 613.43, 213.96, 248.68, 2.35, -0.25, 2.91, tool_force, -1.38, 0.34, 0.92, actual_rep, 1, curr_step, 17, track_size, 115, robot_vel, 37.05, joints_pos, 25.79, 51.28, -17.37, -74.07, 40.37, 57.69, 39.67, tool_torque, -0.185, 0.435, -0.107, joint_torque, -0.37, 0.64, 0.09, -0.05, 0.24, 0.05, -0.11, robot_mode, normal, 
17/05/2022 16:49:12:479, robot_pos, 1652802438754, 613.95, 213.76, 248.43, 2.35, -0.25, 2.91, circuit_pos, 613.22, 214.38, 241.57, 2.34, -0.23, 2.92, tool_force, -1.94, 0.62, 1.2, actual_rep, 1, curr_step, 16, track_size, 115, robot_vel, 40.08, joints_pos, 25.96, 51.76, -17.34, -74.07, 39.61, 57.0, 40.12, tool_torque, -0.13, 0.474, -0.103, joint_torque, -0.6, 0.59, -0.11, 0.01, 0.23, 0.05, -0.12, robot_mode, normal, 
17/05/2022 16:49:12:673, robot_pos, 1652802438903, 613.76, 214.09, 242.79, 2.34, -0.24, 2.92, circuit_pos, 613.04, 214.72, 234.36, 2.33, -0.21, 2.93, tool_force, -1.63, 0.75, 1.09, actual_rep, 1, curr_step, 15, track_size, 115, robot_vel, 38.04, joints_pos, 26.2, 52.17, -17.35, -74.17, 38.87, 56.11, 40.72, tool_torque, -0.155, 0.523, -0.134, joint_torque, -0.67, 0.54, -0.05, 0.04, 0.22, 0.05, -0.14, robot_mode, normal, 
17/05/2022 16:49:13:091, robot_pos, 1652802439357, 613.2, 214.77, 225.16, 2.33, -0.2, 2.95, circuit_pos, 612.39, 214.8, 212.97, 2.31, -0.17, 2.97, tool_force, -1.5, 0.77, 1.27, actual_rep, 1, curr_step, 12, track_size, 115, robot_vel, 40.62, joints_pos, 26.83, 53.64, -17.37, -74.11, 36.28, 54.13, 42.79, tool_torque, -0.117, 0.483, -0.108, joint_torque, -0.45, 0.61, 0.1, -0.05, 0.21, 0.07, -0.11, robot_mode, normal, 
17/05/2022 16:49:13:271, robot_pos, 1652802439509, 612.98, 214.74, 219.35, 2.32, -0.18, 2.96, circuit_pos, 612.39, 214.8, 212.97, 2.31, -0.17, 2.97, tool_force, -1.56, 0.92, 1.23, actual_rep, 1, curr_step, 12, track_size, 115, robot_vel, 42.04, joints_pos, 26.98, 54.12, -17.36, -74.12, 35.63, 53.49, 43.5, tool_torque, -0.073, 0.449, -0.097, joint_torque, -0.23, 0.75, 0.18, 0.0, 0.22, 0.07, -0.11, robot_mode, normal, 
17/05/2022 16:49:13:393, robot_pos, 1652802439660, 612.8, 214.72, 213.38, 2.31, -0.17, 2.97, circuit_pos, 612.15, 214.88, 205.86, 2.31, -0.15, 2.98, tool_force, -1.39, 0.83, 1.33, actual_rep, 1, curr_step, 11, track_size, 115, robot_vel, 40.87, joints_pos, 27.15, 54.62, -17.36, -74.12, 34.86, 52.79, 44.16, tool_torque, -0.052, 0.388, -0.085, joint_torque, -0.22, 0.51, 0.12, 0.08, 0.21, 0.06, -0.1, robot_mode, normal, 
17/05/2022 16:49:13:604, robot_pos, 1652802439812, 612.62, 214.73, 207.45, 2.31, -0.16, 2.98, circuit_pos, 611.99, 214.86, 198.8, 2.31, -0.13, 2.99, tool_force, -1.48, 0.93, 1.26, actual_rep, 1, curr_step, 10, track_size, 115, robot_vel, 38.28, joints_pos, 27.37, 55.12, -17.38, -74.12, 33.98, 52.04, 44.77, tool_torque, -0.088, 0.506, -0.107, joint_torque, -0.43, 0.78, 0.15, -0.05, 0.2, 0.06, -0.1, robot_mode, normal, 
17/05/2022 16:49:13:706, robot_pos, 1652802439958, 612.39, 214.74, 201.8, 2.31, -0.14, 2.99, circuit_pos, 611.71, 214.48, 190.56, 2.32, -0.11, 3.0, tool_force, -1.61, 0.47, 1.38, actual_rep, 1, curr_step, 9, track_size, 115, robot_vel, 40.03, joints_pos, 27.56, 55.6, -17.38, -74.12, 33.1, 51.32, 45.3, tool_torque, -0.122, 0.477, -0.1, joint_torque, -0.39, 0.72, 0.18, -0.08, 0.19, 0.07, -0.09, robot_mode, normal, 
17/05/2022 16:49:13:907, robot_pos, 1652802440109, 612.23, 214.58, 195.88, 2.32, -0.13, 2.99, circuit_pos, 611.37, 214.22, 184.9, 2.32, -0.09, 3.01, tool_force, -1.75, 0.56, 1.26, actual_rep, 1, curr_step, 8, track_size, 115, robot_vel, 39.25, joints_pos, 27.72, 56.12, -17.37, -74.09, 32.27, 50.64, 45.58, tool_torque, -0.113, 0.483, -0.08, joint_torque, -0.5, 0.72, 0.12, -0.06, 0.2, 0.06, -0.08, robot_mode, normal, 
17/05/2022 16:49:14:008, robot_pos, 1652802440257, 611.99, 214.33, 190.18, 2.32, -0.11, 3.0, circuit_pos, 611.37, 214.22, 184.9, 2.32, -0.09, 3.01, tool_force, -1.4, 0.5, 1.35, actual_rep, 1, curr_step, 8, track_size, 115, robot_vel, 37.86, joints_pos, 27.92, 56.6, -17.38, -74.08, 31.22, 49.91, 46.12, tool_torque, -0.086, 0.48, -0.09, joint_torque, -0.46, 0.82, 0.16, -0.09, 0.19, 0.07, -0.08, robot_mode, normal, 
17/05/2022 16:49:14:219, robot_pos, 1652802440410, 611.61, 214.03, 184.31, 2.32, -0.09, 3.01, circuit_pos, 610.83, 213.46, 178.59, 2.32, -0.08, 3.02, tool_force, -1.31, 0.6, 1.04, actual_rep, 1, curr_step, 7, track_size, 115, robot_vel, 35.16, joints_pos, 28.1, 57.11, -17.38, -74.06, 30.28, 49.28, 46.67, tool_torque, -0.081, 0.469, -0.095, joint_torque, -0.36, 0.75, 0.19, -0.06, 0.18, 0.08, -0.09, robot_mode, normal, 
17/05/2022 16:49:14:316, robot_pos, 1652802440555, 611.15, 213.38, 178.64, 2.32, -0.08, 3.02, circuit_pos, 610.2, 212.53, 173.07, 2.32, -0.07, 3.03, tool_force, -1.44, 0.42, 1.37, actual_rep, 1, curr_step, 6, track_size, 115, robot_vel, 42.49, joints_pos, 28.22, 57.62, -17.38, -74.03, 29.49, 48.78, 47.14, tool_torque, -0.126, 0.476, -0.113, joint_torque, -0.44, 0.62, 0.14, -0.07, 0.17, 0.07, -0.11, robot_mode, normal, 
17/05/2022 16:49:14:520, robot_pos, 1652802440707, 610.43, 212.4, 172.7, 2.32, -0.07, 3.03, circuit_pos, 608.11, 210.09, 161.45, 2.32, -0.04, 3.06, tool_force, -1.97, 0.71, 1.58, actual_rep, 1, curr_step, 3, track_size, 115, robot_vel, 47.45, joints_pos, 28.39, 58.14, -17.42, -74.05, 28.39, 48.27, 47.86, tool_torque, -0.126, 0.589, -0.143, joint_torque, -0.6, 0.86, 0.18, -0.06, 0.17, 0.06, -0.12, robot_mode, normal, 
17/05/2022 16:49:14:622, robot_pos, 1652802440862, 609.54, 210.97, 166.74, 2.32, -0.05, 3.05, circuit_pos, 607.16, 206.54, 156.62, 2.34, -0.02, 3.08, tool_force, -1.27, 0.59, 1.17, actual_rep, 1, curr_step, 0, track_size, 115, robot_vel, 41.29, joints_pos, 28.58, 58.67, -17.5, -74.04, 27.03, 47.86, 48.65, tool_torque, -0.146, 0.579, -0.14, joint_torque, -0.59, 0.64, 0.19, -0.04, 0.15, 0.08, -0.1, robot_mode, normal, 
17/05/2022 16:49:14:826, robot_pos, 1652802441011, 608.56, 209.19, 160.87, 2.33, -0.03, 3.06, circuit_pos, 607.16, 206.54, 156.62, 2.34, -0.02, 3.08, tool_force, -1.72, 1.12, 1.66, actual_rep, 1, curr_step, 0, track_size, 115, robot_vel, 41.47, joints_pos, 28.75, 59.15, -17.53, -74.12, 25.55, 47.31, 49.4, tool_torque, -0.043, 0.547, -0.123, joint_torque, -0.37, 0.77, 0.32, -0.01, 0.15, 0.09, -0.1, robot_mode, normal, 
17/05/2022 16:49:14:916, robot_pos, 1652802441158, 607.72, 207.76, 156.12, 2.33, -0.02, 3.07, circuit_pos, 607.16, 206.54, 156.62, 2.34, -0.02, 3.08, tool_force, -1.37, 1.62, 2.14, actual_rep, 1, curr_step, 0, track_size, 115, robot_vel, 38.8, joints_pos, 28.82, 59.51, -17.49, -74.22, 24.6, 46.83, 49.84, tool_torque, 0.158, 0.394, -0.023, joint_torque, -0.31, 1.37, 0.17, -0.07, 0.15, 0.07, -0.04, robot_mode, normal, 
17/05/2022 16:49:15:126, robot_pos, 1652802441312, 607.6, 207.51, 156.5, 2.33, -0.02, 3.07, circuit_pos, 607.16, 206.54, 156.62, 2.34, -0.02, 3.08, tool_force, -1.26, 1.81, 1.8, actual_rep, 1, curr_step, 0, track_size, 115, robot_vel, 5.79, joints_pos, 28.77, 59.44, -17.42, -74.28, 24.54, 46.8, 49.85, tool_torque, 0.26, 0.067, 0.146, joint_torque, -0.17, 1.05, -0.07, 0.0, 0.14, 0.01, 0.09, robot_mode, normal, 
17/05/2022 16:49:15:226, robot_pos, 1652802441460, 607.58, 207.59, 156.42, 2.33, -0.02, 3.07, circuit_pos, 607.16, 206.54, 156.62, 2.34, -0.02, 3.08, tool_force, -0.93, 1.32, 1.31, actual_rep, 1, curr_step, 0, track_size, 115, robot_vel, 0.5, joints_pos, 28.77, 59.43, -17.4, -74.3, 24.52, 46.75, 49.87, tool_torque, 0.165, 0.07, 0.067, joint_torque, -0.15, 0.76, -0.11, 0.05, 0.12, -0.02, 0.01, robot_mode, normal, 
17/05/2022 16:49:15:438, robot_pos, 1652802441611, 607.57, 207.59, 156.43, 2.33, -0.02, 3.07, circuit_pos, 607.16, 206.54, 156.62, 2.34, -0.02, 3.08, tool_force, -0.87, 1.6, 1.71, actual_rep, 1, curr_step, 0, track_size, 115, robot_vel, 0.23, joints_pos, 28.77, 59.43, -17.4, -74.3, 24.52, 46.75, 49.87, tool_torque, 0.195, 0.038, 0.071, joint_torque, -0.05, 0.92, -0.07, 0.05, 0.12, -0.03, 0.01, robot_mode, normal, 
17/05/2022 16:49:15:541, robot_pos, 1652802441760, 607.57, 207.59, 156.42, 2.33, -0.02, 3.07, circuit_pos, 607.16, 206.54, 156.62, 2.34, -0.02, 3.08, tool_force, -0.98, 1.54, 1.67, actual_rep, 1, curr_step, 0, track_size, 115, robot_vel, 0.05, joints_pos, 28.77, 59.43, -17.4, -74.3, 24.52, 46.75, 49.87, tool_torque, 0.179, 0.064, 0.068, joint_torque, -0.13, 0.87, -0.09, 0.06, 0.12, -0.03, 0.01, robot_mode, normal, 
17/05/2022 16:49:15:992, robot_pos, 1652802441914, 607.57, 207.59, 156.42, 2.33, -0.02, 3.07, circuit_pos, 607.16, 206.54, 156.62, 2.34, -0.02, 3.08, tool_force, -0.98, 1.48, 1.64, actual_rep, 2, curr_step, 0, track_size, 115, robot_vel, 0.03, joints_pos, 28.77, 59.43, -17.4, -74.3, 24.52, 46.75, 49.87, tool_torque, 0.175, 0.064, 0.069, joint_torque, -0.12, 0.85, -0.09, 0.06, 0.12, -0.03, 0.01, robot_mode, normal, 
