17/05/2022 16:46:41: File Created!
17/05/2022 16:46:41:679, robot_pos, 1652802288382, 599.03, 308.17, 167.14, 2.32, 0.04, 3.09, circuit_pos, 598.84, 308.03, 167.24, 2.32, 0.04, 3.09, tool_force, 0.07, 0.92, 5.38, actual_rep, 1, curr_step, 1, track_size, 105, robot_vel, 0.02, joints_pos, 36.83, 61.86, -17.08, -66.84, 17.65, 50.22, 64.98, tool_torque, -0.0080, -0.101, 0.164, joint_torque, -0.05, 3.29, 0.43, -1.23, 0.07, -0.15, 0.17, robot_mode, normal, 
17/05/2022 16:46:41:971, robot_pos, 1652802288675, 599.05, 308.16, 166.2, 2.32, 0.04, 3.09, circuit_pos, 600.29, 305.83, 168.45, 2.32, 0.04, 3.08, tool_force, -0.46, 0.99, 0.97, actual_rep, 1, curr_step, 2, track_size, 105, robot_vel, 4.66, joints_pos, 36.83, 61.95, -17.08, -66.82, 17.66, 50.17, 64.98, tool_torque, 0.047, 0.017, 0.145, joint_torque, -0.33, 0.32, -0.2, -0.07, 0.05, -0.09, 0.17, robot_mode, normal, 
17/05/2022 16:46:42:100, robot_pos, 1652802288832, 600.81, 305.82, 167.49, 2.32, 0.04, 3.08, circuit_pos, 604.57, 298.62, 172.15, 2.3, 0.03, 3.08, tool_force, 0.54, 2.73, 1.72, actual_rep, 1, curr_step, 4, track_size, 105, robot_vel, 17.05, joints_pos, 36.58, 61.76, -17.1, -67.0, 17.99, 49.7, 64.67, tool_torque, 0.445, -0.254, 0.38, joint_torque, 0.15, 0.43, -0.01, 0.17, 0.01, 0.04, 0.4, robot_mode, normal, 
17/05/2022 16:46:42:296, robot_pos, 1652802288986, 603.62, 300.19, 170.25, 2.3, 0.03, 3.08, circuit_pos, 607.73, 292.91, 174.49, 2.31, 0.03, 3.07, tool_force, -0.03, 1.27, 1.47, actual_rep, 1, curr_step, 5, track_size, 105, robot_vel, 47.66, joints_pos, 36.06, 61.51, -17.25, -67.05, 18.5, 49.99, 64.62, tool_torque, -0.0090, -0.228, 0.329, joint_torque, -0.2, 0.55, -0.05, 0.15, 0.0, -0.28, 0.38, robot_mode, normal, 
17/05/2022 16:46:42:404, robot_pos, 1652802289133, 606.86, 294.94, 172.42, 2.31, 0.03, 3.07, circuit_pos, 611.58, 285.59, 176.99, 2.31, 0.03, 3.07, tool_force, 1.1, 1.93, 1.06, actual_rep, 1, curr_step, 6, track_size, 105, robot_vel, 40.93, joints_pos, 35.47, 61.31, -17.23, -67.08, 18.74, 49.95, 63.58, tool_torque, 0.271, -0.503, 0.446, joint_torque, 0.61, 0.4, 0.11, 0.24, 0.03, -0.14, 0.44, robot_mode, normal, 
17/05/2022 16:46:42:557, robot_pos, 1652802289283, 609.87, 289.0, 174.5, 2.31, 0.03, 3.07, circuit_pos, 615.82, 276.53, 179.45, 2.31, 0.04, 3.07, tool_force, 0.09, 1.77, 1.45, actual_rep, 1, curr_step, 7, track_size, 105, robot_vel, 48.21, joints_pos, 34.89, 61.1, -17.22, -67.15, 18.86, 49.96, 62.79, tool_torque, 0.274, -0.41, 0.453, joint_torque, 0.41, 0.6, 0.09, 0.19, 0.04, -0.14, 0.45, robot_mode, normal, 
17/05/2022 16:46:42:728, robot_pos, 1652802289440, 612.88, 282.88, 176.34, 2.31, 0.04, 3.07, circuit_pos, 615.82, 276.53, 179.45, 2.31, 0.04, 3.07, tool_force, 0.1, 1.89, 1.47, actual_rep, 1, curr_step, 7, track_size, 105, robot_vel, 45.56, joints_pos, 34.41, 60.93, -17.35, -67.2, 18.75, 49.98, 62.29, tool_torque, 0.137, -0.232, 0.415, joint_torque, 0.04, 0.68, 0.09, 0.13, 0.1, -0.19, 0.45, robot_mode, normal, 
17/05/2022 16:46:42:875, robot_pos, 1652802289595, 615.49, 276.93, 177.92, 2.31, 0.04, 3.07, circuit_pos, 619.77, 266.36, 181.83, 2.32, 0.04, 3.07, tool_force, 0.69, 2.04, 1.51, actual_rep, 1, curr_step, 8, track_size, 105, robot_vel, 42.59, joints_pos, 33.92, 60.76, -17.4, -67.3, 18.6, 49.97, 61.7, tool_torque, 0.206, -0.334, 0.44, joint_torque, 0.37, 0.75, 0.2, 0.17, 0.13, -0.17, 0.44, robot_mode, normal, 
17/05/2022 16:46:43:093, robot_pos, 1652802289745, 617.88, 271.1, 179.38, 2.31, 0.04, 3.07, circuit_pos, 623.62, 255.02, 184.25, 2.32, 0.04, 3.07, tool_force, 0.58, 2.04, 1.24, actual_rep, 1, curr_step, 9, track_size, 105, robot_vel, 45.35, joints_pos, 33.39, 60.58, -17.38, -67.4, 18.56, 49.97, 60.93, tool_torque, 0.257, -0.409, 0.484, joint_torque, 0.39, 0.84, 0.09, 0.11, 0.13, -0.17, 0.47, robot_mode, normal, 
17/05/2022 16:46:43:188, robot_pos, 1652802289893, 619.98, 265.39, 180.71, 2.32, 0.04, 3.07, circuit_pos, 623.62, 255.02, 184.25, 2.32, 0.04, 3.07, tool_force, 0.56, 1.86, 1.39, actual_rep, 1, curr_step, 9, track_size, 105, robot_vel, 44.28, joints_pos, 32.87, 60.41, -17.37, -67.52, 18.54, 50.01, 60.3, tool_torque, 0.12, -0.422, 0.453, joint_torque, 0.35, 0.55, 0.06, 0.21, 0.12, -0.27, 0.44, robot_mode, normal, 
17/05/2022 16:46:43:399, robot_pos, 1652802290041, 622.07, 259.6, 182.03, 2.32, 0.04, 3.07, circuit_pos, 626.63, 243.06, 186.58, 2.33, 0.04, 3.08, tool_force, 0.79, 1.93, 1.52, actual_rep, 1, curr_step, 10, track_size, 105, robot_vel, 44.12, joints_pos, 32.37, 60.24, -17.37, -67.62, 18.54, 50.05, 59.71, tool_torque, 0.168, -0.508, 0.479, joint_torque, 0.48, 0.71, 0.09, 0.17, 0.12, -0.26, 0.46, robot_mode, normal, 
17/05/2022 16:46:43:498, robot_pos, 1652802290194, 623.71, 253.58, 183.23, 2.32, 0.04, 3.07, circuit_pos, 626.63, 243.06, 186.58, 2.33, 0.04, 3.08, tool_force, 0.65, 1.92, 1.46, actual_rep, 1, curr_step, 10, track_size, 105, robot_vel, 42.83, joints_pos, 31.86, 60.08, -17.38, -67.76, 18.45, 50.23, 59.01, tool_torque, 0.092, -0.378, 0.444, joint_torque, 0.27, 0.58, 0.06, 0.23, 0.13, -0.29, 0.44, robot_mode, normal, 
17/05/2022 16:46:43:701, robot_pos, 1652802290351, 625.43, 247.55, 184.4, 2.32, 0.04, 3.08, circuit_pos, 628.59, 232.71, 188.61, 2.33, 0.04, 3.09, tool_force, 0.59, 1.9, 1.78, actual_rep, 1, curr_step, 11, track_size, 105, robot_vel, 42.52, joints_pos, 31.35, 59.93, -17.38, -67.84, 18.33, 50.46, 58.33, tool_torque, 0.099, -0.485, 0.449, joint_torque, 0.59, 0.58, 0.14, 0.2, 0.13, -0.3, 0.43, robot_mode, normal, 
17/05/2022 16:46:43:797, robot_pos, 1652802290499, 626.71, 241.7, 185.61, 2.33, 0.04, 3.08, circuit_pos, 628.59, 232.71, 188.61, 2.33, 0.04, 3.09, tool_force, 0.37, 1.83, 1.5, actual_rep, 1, curr_step, 11, track_size, 105, robot_vel, 40.3, joints_pos, 30.87, 59.77, -17.39, -67.94, 18.16, 50.77, 57.86, tool_torque, 0.021, -0.323, 0.423, joint_torque, 0.16, 0.6, 0.11, 0.22, 0.13, -0.33, 0.44, robot_mode, normal, 
17/05/2022 16:46:43:938, robot_pos, 1652802290648, 627.9, 235.94, 186.72, 2.33, 0.04, 3.09, circuit_pos, 630.39, 221.32, 191.06, 2.32, 0.04, 3.1, tool_force, 0.27, 1.84, 1.52, actual_rep, 1, curr_step, 12, track_size, 105, robot_vel, 40.58, joints_pos, 30.41, 59.62, -17.39, -68.06, 17.98, 51.04, 57.44, tool_torque, 0.05, -0.392, 0.433, joint_torque, 0.31, 0.6, 0.12, 0.19, 0.14, -0.33, 0.44, robot_mode, normal, 
17/05/2022 16:46:44:101, robot_pos, 1652802290806, 628.95, 229.85, 188.0, 2.32, 0.04, 3.09, circuit_pos, 630.39, 221.32, 191.06, 2.32, 0.04, 3.1, tool_force, 0.57, 1.81, 1.27, actual_rep, 1, curr_step, 12, track_size, 105, robot_vel, 42.86, joints_pos, 29.92, 59.43, -17.39, -68.22, 17.74, 51.32, 57.25, tool_torque, 0.032, -0.364, 0.404, joint_torque, 0.23, 0.69, 0.09, 0.17, 0.12, -0.33, 0.4, robot_mode, normal, 
17/05/2022 16:46:44:248, robot_pos, 1652802290958, 630.04, 224.03, 189.26, 2.32, 0.04, 3.1, circuit_pos, 632.1, 210.88, 193.45, 2.32, 0.04, 3.1, tool_force, 0.44, 2.05, 1.91, actual_rep, 1, curr_step, 13, track_size, 105, robot_vel, 40.71, joints_pos, 29.46, 59.26, -17.39, -68.34, 17.56, 51.56, 57.0, tool_torque, 0.075, -0.336, 0.409, joint_torque, 0.24, 0.61, 0.09, 0.22, 0.13, -0.31, 0.41, robot_mode, normal, 
17/05/2022 16:46:44:401, robot_pos, 1652802291108, 630.99, 218.16, 190.57, 2.32, 0.04, 3.1, circuit_pos, 632.1, 210.88, 193.45, 2.32, 0.04, 3.1, tool_force, 0.48, 1.88, 1.49, actual_rep, 1, curr_step, 13, track_size, 105, robot_vel, 40.24, joints_pos, 28.98, 59.02, -17.39, -68.59, 17.5, 51.6, 56.59, tool_torque, 0.095, -0.432, 0.466, joint_torque, 0.4, 0.52, 0.14, 0.25, 0.14, -0.31, 0.47, robot_mode, normal, 
17/05/2022 16:46:44:548, robot_pos, 1652802291258, 632.09, 212.33, 192.0, 2.32, 0.04, 3.1, circuit_pos, 634.33, 200.45, 196.38, 2.32, 0.05, 3.1, tool_force, 0.53, 2.21, 1.75, actual_rep, 1, curr_step, 14, track_size, 105, robot_vel, 42.98, joints_pos, 28.51, 58.79, -17.39, -68.8, 17.35, 51.64, 56.17, tool_torque, 0.134, -0.307, 0.411, joint_torque, 0.32, 0.68, 0.14, 0.2, 0.14, -0.25, 0.41, robot_mode, normal, 
17/05/2022 16:46:44:704, robot_pos, 1652802291406, 633.26, 206.53, 193.54, 2.32, 0.05, 3.1, circuit_pos, 634.33, 200.45, 196.38, 2.32, 0.05, 3.1, tool_force, 0.73, 2.34, 0.96, actual_rep, 1, curr_step, 14, track_size, 105, robot_vel, 37.78, joints_pos, 28.08, 58.56, -17.4, -69.01, 17.07, 51.58, 55.86, tool_torque, 0.32, -0.278, 0.416, joint_torque, 0.63, 0.67, 0.26, 0.17, 0.16, -0.08, 0.4, robot_mode, normal, 
17/05/2022 16:46:44:883, robot_pos, 1652802291562, 634.41, 200.63, 195.29, 2.32, 0.05, 3.1, circuit_pos, 636.39, 189.18, 199.82, 2.32, 0.05, 3.1, tool_force, 0.19, 2.34, 1.1, actual_rep, 1, curr_step, 15, track_size, 105, robot_vel, 42.41, joints_pos, 27.61, 58.3, -17.41, -69.23, 16.92, 51.56, 55.44, tool_torque, 0.304, -0.183, 0.448, joint_torque, 0.41, 0.79, 0.22, 0.16, 0.16, -0.08, 0.45, robot_mode, normal, 
17/05/2022 16:46:45:035, robot_pos, 1652802291709, 635.52, 194.87, 196.94, 2.32, 0.05, 3.1, circuit_pos, 636.39, 189.18, 199.82, 2.32, 0.05, 3.1, tool_force, 0.0, 2.23, 1.18, actual_rep, 1, curr_step, 15, track_size, 105, robot_vel, 40.67, joints_pos, 27.14, 58.06, -17.41, -69.42, 16.84, 51.56, 54.96, tool_torque, 0.287, -0.143, 0.41, joint_torque, 0.19, 0.7, 0.11, 0.17, 0.15, -0.09, 0.41, robot_mode, normal, 
17/05/2022 16:46:45:168, robot_pos, 1652802291868, 636.55, 188.66, 198.81, 2.32, 0.05, 3.1, circuit_pos, 637.96, 178.86, 203.01, 2.32, 0.05, 3.1, tool_force, -0.11, 2.38, 1.5, actual_rep, 1, curr_step, 16, track_size, 105, robot_vel, 42.0, joints_pos, 26.62, 57.78, -17.4, -69.66, 16.77, 51.56, 54.44, tool_torque, 0.312, -0.196, 0.432, joint_torque, 0.18, 0.71, 0.07, 0.23, 0.15, -0.11, 0.42, robot_mode, normal, 
17/05/2022 16:46:45:347, robot_pos, 1652802292019, 637.5, 182.89, 200.55, 2.32, 0.05, 3.1, circuit_pos, 639.41, 167.91, 206.55, 2.32, 0.05, 3.1, tool_force, 0.07, 2.17, 1.52, actual_rep, 1, curr_step, 17, track_size, 105, robot_vel, 42.1, joints_pos, 26.15, 57.53, -17.39, -69.86, 16.72, 51.58, 53.93, tool_torque, 0.228, -0.258, 0.417, joint_torque, 0.29, 0.65, 0.07, 0.2, 0.15, -0.18, 0.4, robot_mode, normal, 
17/05/2022 16:46:45:472, robot_pos, 1652802292171, 638.31, 176.94, 202.43, 2.32, 0.05, 3.1, circuit_pos, 639.41, 167.91, 206.55, 2.32, 0.05, 3.1, tool_force, 0.13, 2.01, 1.48, actual_rep, 1, curr_step, 17, track_size, 105, robot_vel, 48.42, joints_pos, 25.66, 57.25, -17.4, -70.09, 16.7, 51.59, 53.39, tool_torque, 0.163, -0.282, 0.399, joint_torque, 0.28, 0.77, 0.09, 0.14, 0.15, -0.23, 0.38, robot_mode, normal, 
17/05/2022 16:46:45:632, robot_pos, 1652802292319, 639.08, 171.09, 204.23, 2.32, 0.05, 3.1, circuit_pos, 640.16, 157.72, 209.42, 2.32, 0.06, 3.1, tool_force, 0.43, 2.08, 1.38, actual_rep, 1, curr_step, 18, track_size, 105, robot_vel, 37.79, joints_pos, 25.18, 56.99, -17.4, -70.31, 16.65, 51.62, 52.89, tool_torque, 0.098, -0.286, 0.404, joint_torque, 0.2, 0.49, 0.04, 0.24, 0.15, -0.27, 0.4, robot_mode, normal, 
17/05/2022 16:46:45:849, robot_pos, 1652802292470, 639.69, 165.29, 206.0, 2.32, 0.05, 3.1, circuit_pos, 640.16, 157.72, 209.42, 2.32, 0.06, 3.1, tool_force, -0.26, 2.41, 1.19, actual_rep, 1, curr_step, 18, track_size, 105, robot_vel, 36.95, joints_pos, 24.74, 56.7, -17.4, -70.58, 16.38, 51.53, 52.54, tool_torque, 0.405, -0.16, 0.409, joint_torque, 0.4, 0.73, 0.18, 0.23, 0.16, -0.03, 0.39, robot_mode, normal, 
17/05/2022 16:46:45:955, robot_pos, 1652802292631, 640.13, 159.1, 207.66, 2.32, 0.06, 3.1, circuit_pos, 640.37, 148.02, 211.62, 2.33, 0.06, 3.11, tool_force, 0.1, 2.57, 1.31, actual_rep, 1, curr_step, 19, track_size, 105, robot_vel, 42.3, joints_pos, 24.3, 56.41, -17.42, -70.89, 16.11, 51.43, 52.06, tool_torque, 0.355, -0.136, 0.413, joint_torque, 0.35, 0.8, 0.21, 0.23, 0.15, -0.07, 0.42, robot_mode, normal, 
17/05/2022 16:46:46:152, robot_pos, 1652802292795, 640.4, 152.61, 209.22, 2.33, 0.06, 3.11, circuit_pos, 640.43, 138.66, 213.47, 2.34, 0.06, 3.11, tool_force, 0.2, 1.99, 1.54, actual_rep, 1, curr_step, 20, track_size, 105, robot_vel, 40.37, joints_pos, 23.8, 56.15, -17.41, -71.12, 15.84, 51.57, 51.41, tool_torque, 0.143, -0.32, 0.407, joint_torque, 0.38, 0.86, 0.18, 0.16, 0.14, -0.27, 0.39, robot_mode, normal, 
17/05/2022 16:46:46:251, robot_pos, 1652802292945, 640.57, 146.98, 210.43, 2.33, 0.06, 3.11, circuit_pos, 640.43, 138.66, 213.47, 2.34, 0.06, 3.11, tool_force, -0.04, 2.21, 1.56, actual_rep, 1, curr_step, 20, track_size, 105, robot_vel, 36.79, joints_pos, 23.34, 55.92, -17.39, -71.37, 15.74, 51.6, 50.64, tool_torque, 0.271, -0.344, 0.438, joint_torque, 0.49, 0.98, 0.17, 0.14, 0.15, -0.21, 0.4, robot_mode, normal, 
17/05/2022 16:46:46:456, robot_pos, 1652802293094, 640.66, 141.12, 211.65, 2.34, 0.06, 3.11, circuit_pos, 640.38, 129.45, 215.07, 2.35, 0.06, 3.11, tool_force, -0.12, 2.3, 1.34, actual_rep, 1, curr_step, 21, track_size, 105, robot_vel, 40.05, joints_pos, 22.87, 55.67, -17.38, -71.66, 15.69, 51.57, 49.82, tool_torque, 0.306, -0.237, 0.435, joint_torque, 0.16, 0.93, -0.01, 0.04, 0.14, -0.14, 0.42, robot_mode, normal, 
17/05/2022 16:46:46:568, robot_pos, 1652802293255, 640.72, 134.87, 212.86, 2.34, 0.06, 3.11, circuit_pos, 640.44, 120.86, 216.66, 2.36, 0.06, 3.11, tool_force, -0.41, 2.33, 1.18, actual_rep, 1, curr_step, 22, track_size, 105, robot_vel, 42.94, joints_pos, 22.36, 55.41, -17.38, -71.97, 15.68, 51.54, 48.85, tool_torque, 0.396, -0.165, 0.416, joint_torque, 0.17, 0.78, -0.01, 0.18, 0.12, -0.07, 0.39, robot_mode, normal, 
17/05/2022 16:46:46:766, robot_pos, 1652802293405, 640.8, 129.08, 213.93, 2.35, 0.06, 3.11, circuit_pos, 640.44, 120.86, 216.66, 2.36, 0.06, 3.11, tool_force, -0.42, 2.5, 0.86, actual_rep, 1, curr_step, 22, track_size, 105, robot_vel, 40.6, joints_pos, 21.9, 55.18, -17.38, -72.22, 15.68, 51.5, 47.96, tool_torque, 0.438, -0.113, 0.396, joint_torque, 0.12, 0.89, -0.05, 0.1, 0.11, -0.01, 0.38, robot_mode, normal, 
17/05/2022 16:46:46:880, robot_pos, 1652802293557, 640.88, 123.06, 215.1, 2.36, 0.06, 3.11, circuit_pos, 640.63, 112.88, 218.3, 2.37, 0.06, 3.11, tool_force, -0.55, 2.41, 1.05, actual_rep, 1, curr_step, 23, track_size, 105, robot_vel, 40.2, joints_pos, 21.39, 54.94, -17.37, -72.5, 15.68, 51.45, 46.99, tool_torque, 0.481, -0.131, 0.41, joint_torque, 0.15, 0.54, -0.11, 0.27, 0.1, -0.01, 0.38, robot_mode, normal, 
17/05/2022 16:46:47:070, robot_pos, 1652802293704, 640.96, 117.46, 216.23, 2.36, 0.06, 3.11, circuit_pos, 640.88, 105.11, 219.73, 2.39, 0.06, 3.12, tool_force, -0.36, 2.67, 1.16, actual_rep, 1, curr_step, 24, track_size, 105, robot_vel, 38.38, joints_pos, 20.93, 54.72, -17.36, -72.74, 15.68, 51.41, 46.09, tool_torque, 0.523, -0.16, 0.421, joint_torque, 0.2, 0.82, -0.09, 0.16, 0.09, 0.0, 0.38, robot_mode, normal, 
17/05/2022 16:46:47:184, robot_pos, 1652802293857, 640.97, 111.55, 217.21, 2.37, 0.06, 3.11, circuit_pos, 640.88, 105.11, 219.73, 2.39, 0.06, 3.12, tool_force, -0.44, 1.99, 1.56, actual_rep, 1, curr_step, 24, track_size, 105, robot_vel, 39.17, joints_pos, 20.46, 54.54, -17.39, -72.93, 15.59, 51.5, 44.95, tool_torque, 0.246, -0.213, 0.386, joint_torque, 0.15, 0.75, -0.02, 0.22, 0.14, -0.24, 0.37, robot_mode, normal, 
17/05/2022 16:46:47:338, robot_pos, 1652802294005, 641.2, 105.85, 218.28, 2.39, 0.06, 3.12, circuit_pos, 641.14, 97.89, 220.87, 2.4, 0.06, 3.12, tool_force, -0.17, 2.32, 1.7, actual_rep, 1, curr_step, 25, track_size, 105, robot_vel, 40.34, joints_pos, 19.99, 54.39, -17.39, -73.04, 15.47, 51.64, 43.85, tool_torque, 0.217, -0.286, 0.383, joint_torque, 0.36, 0.76, 0.13, 0.24, 0.15, -0.27, 0.36, robot_mode, normal, 
17/05/2022 16:46:47:501, robot_pos, 1652802294170, 641.35, 99.45, 219.26, 2.4, 0.06, 3.12, circuit_pos, 641.44, 91.22, 221.7, 2.41, 0.05, 3.12, tool_force, -0.23, 1.8, 1.36, actual_rep, 1, curr_step, 26, track_size, 105, robot_vel, 41.53, joints_pos, 19.42, 54.21, -17.35, -73.2, 15.45, 51.74, 42.7, tool_torque, 0.172, -0.313, 0.381, joint_torque, 0.08, 0.71, -0.11, 0.18, 0.11, -0.3, 0.35, robot_mode, normal, 
17/05/2022 16:46:47:698, robot_pos, 1652802294323, 641.7, 93.57, 220.07, 2.41, 0.05, 3.12, circuit_pos, 641.8, 84.55, 222.33, 2.42, 0.05, 3.12, tool_force, -0.11, 2.21, 1.65, actual_rep, 1, curr_step, 27, track_size, 105, robot_vel, 42.91, joints_pos, 18.8, 54.1, -17.26, -73.25, 15.64, 51.97, 41.49, tool_torque, 0.326, -0.44, 0.404, joint_torque, 0.16, 0.86, -0.23, 0.13, 0.03, -0.31, 0.36, robot_mode, normal, 
17/05/2022 16:46:47:788, robot_pos, 1652802294471, 641.94, 87.85, 220.71, 2.41, 0.05, 3.12, circuit_pos, 642.25, 78.09, 222.76, 2.43, 0.05, 3.12, tool_force, -0.41, 1.66, 1.3, actual_rep, 1, curr_step, 28, track_size, 105, robot_vel, 39.87, joints_pos, 18.29, 53.99, -17.27, -73.35, 15.77, 52.06, 40.37, tool_torque, 0.235, -0.394, 0.363, joint_torque, 0.18, 0.57, -0.11, 0.24, 0.02, -0.32, 0.34, robot_mode, normal, 
17/05/2022 16:46:47:949, robot_pos, 1652802294623, 642.27, 82.05, 221.19, 2.42, 0.05, 3.12, circuit_pos, 642.68, 71.63, 223.04, 2.44, 0.05, 3.12, tool_force, -0.39, 2.05, 1.7, actual_rep, 1, curr_step, 29, track_size, 105, robot_vel, 43.32, joints_pos, 17.78, 53.9, -17.28, -73.44, 15.84, 52.08, 39.29, tool_torque, 0.31, -0.409, 0.372, joint_torque, 0.4, 0.74, 0.04, 0.24, 0.02, -0.3, 0.34, robot_mode, normal, 
17/05/2022 16:46:48:103, robot_pos, 1652802294771, 642.66, 76.28, 221.56, 2.43, 0.05, 3.12, circuit_pos, 643.07, 64.99, 223.13, 2.45, 0.05, 3.11, tool_force, -0.68, 1.92, 1.49, actual_rep, 1, curr_step, 30, track_size, 105, robot_vel, 38.77, joints_pos, 17.27, 53.83, -17.29, -73.52, 15.92, 52.08, 38.17, tool_torque, 0.292, -0.312, 0.361, joint_torque, 0.21, 0.84, -0.02, 0.17, 0.02, -0.27, 0.35, robot_mode, normal, 
17/05/2022 16:46:48:250, robot_pos, 1652802294922, 643.05, 70.5, 221.83, 2.44, 0.05, 3.12, circuit_pos, 643.07, 64.99, 223.13, 2.45, 0.05, 3.11, tool_force, -0.85, 2.39, 1.03, actual_rep, 1, curr_step, 30, track_size, 105, robot_vel, 38.38, joints_pos, 16.71, 53.74, -17.27, -73.65, 16.22, 51.95, 36.93, tool_torque, 0.605, -0.203, 0.373, joint_torque, 0.54, 0.7, -0.05, 0.24, 0.02, -0.03, 0.31, robot_mode, normal, 
17/05/2022 16:46:48:397, robot_pos, 1652802295079, 643.39, 64.35, 221.98, 2.45, 0.05, 3.11, circuit_pos, 643.37, 58.98, 223.07, 2.45, 0.05, 3.11, tool_force, -1.31, 1.92, 0.97, actual_rep, 1, curr_step, 31, track_size, 105, robot_vel, 38.55, joints_pos, 16.16, 53.65, -17.28, -73.81, 16.5, 51.76, 35.86, tool_torque, 0.471, -0.0040, 0.317, joint_torque, 0.08, 0.75, -0.09, 0.21, 0.02, -0.01, 0.29, robot_mode, normal, 
17/05/2022 16:46:48:567, robot_pos, 1652802295230, 643.59, 58.57, 221.88, 2.45, 0.05, 3.11, circuit_pos, 643.62, 53.43, 222.91, 2.46, 0.04, 3.11, tool_force, -0.66, 1.92, 1.23, actual_rep, 1, curr_step, 32, track_size, 105, robot_vel, 41.92, joints_pos, 15.6, 53.63, -17.28, -73.86, 16.84, 51.83, 34.73, tool_torque, 0.372, -0.275, 0.34, joint_torque, 0.28, 0.74, -0.05, 0.18, 0.03, -0.22, 0.31, robot_mode, normal, 
17/05/2022 16:46:48:701, robot_pos, 1652802295379, 643.84, 52.79, 221.76, 2.46, 0.04, 3.11, circuit_pos, 643.75, 44.23, 222.45, 2.47, 0.04, 3.11, tool_force, -0.59, 1.67, 1.38, actual_rep, 1, curr_step, 34, track_size, 105, robot_vel, 51.76, joints_pos, 15.04, 53.63, -17.27, -73.88, 17.08, 51.94, 33.49, tool_torque, 0.277, -0.31, 0.319, joint_torque, 0.14, 0.65, -0.14, 0.2, 0.03, -0.28, 0.29, robot_mode, normal, 
17/05/2022 16:46:48:852, robot_pos, 1652802295531, 643.97, 46.9, 221.49, 2.47, 0.04, 3.11, circuit_pos, 643.32, 33.39, 222.31, 2.47, 0.04, 3.11, tool_force, -0.71, 1.74, 1.42, actual_rep, 1, curr_step, 37, track_size, 105, robot_vel, 39.68, joints_pos, 14.51, 53.63, -17.28, -73.93, 17.22, 51.96, 32.64, tool_torque, 0.29, -0.271, 0.292, joint_torque, 0.29, 0.7, -0.03, 0.23, 0.04, -0.26, 0.26, robot_mode, normal, 
17/05/2022 16:46:49:005, robot_pos, 1652802295681, 643.84, 41.16, 221.39, 2.47, 0.04, 3.11, circuit_pos, 642.7, 28.88, 222.57, 2.47, 0.03, 3.11, tool_force, -0.75, 1.79, 1.35, actual_rep, 1, curr_step, 39, track_size, 105, robot_vel, 38.81, joints_pos, 14.01, 53.6, -17.31, -74.02, 17.34, 52.0, 31.97, tool_torque, 0.245, -0.24, 0.275, joint_torque, 0.2, 0.66, 0.01, 0.26, 0.02, -0.29, 0.27, robot_mode, normal, 
17/05/2022 16:46:49:167, robot_pos, 1652802295839, 643.37, 34.92, 221.48, 2.47, 0.04, 3.11, circuit_pos, 641.87, 26.09, 222.67, 2.47, 0.03, 3.11, tool_force, -0.62, 1.71, 1.37, actual_rep, 1, curr_step, 42, track_size, 105, robot_vel, 31.27, joints_pos, 13.43, 53.53, -17.3, -74.13, 17.55, 52.15, 31.18, tool_torque, 0.208, -0.261, 0.26, joint_torque, 0.1, 0.7, -0.07, 0.21, 0.02, -0.3, 0.25, robot_mode, normal, 
17/05/2022 16:46:49:305, robot_pos, 1652802295980, 642.7, 29.53, 221.44, 2.47, 0.03, 3.11, circuit_pos, 641.51, 25.84, 222.24, 2.47, 0.03, 3.11, tool_force, -0.89, 1.99, 1.86, actual_rep, 1, curr_step, 44, track_size, 105, robot_vel, 48.45, joints_pos, 12.95, 53.46, -17.3, -74.29, 17.68, 52.22, 30.55, tool_torque, 0.293, -0.244, 0.262, joint_torque, 0.31, 0.98, 0.07, 0.18, 0.03, -0.28, 0.24, robot_mode, normal, 
17/05/2022 16:46:49:463, robot_pos, 1652802296131, 642.05, 25.79, 221.71, 2.47, 0.03, 3.11, circuit_pos, 641.79, 25.85, 223.8, 2.47, 0.03, 3.11, tool_force, -2.15, 0.23, 1.68, actual_rep, 1, curr_step, 47, track_size, 105, robot_vel, 15.67, joints_pos, 12.54, 53.34, -17.19, -74.43, 17.83, 52.28, 30.06, tool_torque, 0.109, -0.133, 0.229, joint_torque, -0.51, 1.26, -0.38, -0.06, 0.05, -0.3, 0.19, robot_mode, normal, 
17/05/2022 16:46:49:615, robot_pos, 1652802296280, 642.09, 25.75, 222.86, 2.47, 0.03, 3.11, circuit_pos, 641.74, 25.8, 223.69, 2.47, 0.03, 3.11, tool_force, -1.87, 0.9, 2.49, actual_rep, 1, curr_step, 49, track_size, 105, robot_vel, 7.26, joints_pos, 12.55, 53.24, -17.19, -74.42, 17.69, 52.36, 30.13, tool_torque, -0.071, -0.012, 0.036, joint_torque, -0.36, 1.16, -0.11, 0.03, 0.09, -0.3, 0.01, robot_mode, normal, 
17/05/2022 16:46:49:765, robot_pos, 1652802296436, 642.1, 25.94, 222.15, 2.47, 0.03, 3.11, circuit_pos, 641.94, 25.92, 223.32, 2.47, 0.03, 3.11, tool_force, -1.11, 1.15, 1.56, actual_rep, 1, curr_step, 52, track_size, 105, robot_vel, 6.89, joints_pos, 12.55, 53.31, -17.16, -74.4, 17.69, 52.31, 30.13, tool_torque, 0.085, -0.037, 0.051, joint_torque, 0.05, 0.59, -0.06, 0.13, 0.09, -0.15, 0.0, robot_mode, normal, 
17/05/2022 16:46:49:914, robot_pos, 1652802296587, 642.24, 25.92, 222.25, 2.47, 0.03, 3.11, circuit_pos, 641.95, 25.88, 223.34, 2.47, 0.03, 3.11, tool_force, -0.72, 0.61, 1.21, actual_rep, 1, curr_step, 55, track_size, 105, robot_vel, 1.16, joints_pos, 12.55, 53.32, -17.18, -74.37, 17.7, 52.35, 30.13, tool_torque, -0.03, -0.112, 0.039, joint_torque, -0.02, 0.6, -0.03, 0.08, 0.07, -0.23, 0.01, robot_mode, normal, 
17/05/2022 16:46:50:067, robot_pos, 1652802296741, 642.22, 25.89, 222.24, 2.47, 0.03, 3.11, circuit_pos, 641.95, 25.88, 223.34, 2.47, 0.03, 3.11, tool_force, -0.9, 0.84, 1.39, actual_rep, 1, curr_step, 57, track_size, 105, robot_vel, 0.37, joints_pos, 12.55, 53.32, -17.18, -74.38, 17.71, 52.35, 30.12, tool_torque, 0.012, -0.092, 0.061, joint_torque, -0.01, 0.66, -0.02, 0.09, 0.07, -0.22, 0.03, robot_mode, normal, 
17/05/2022 16:46:50:233, robot_pos, 1652802296894, 642.22, 25.89, 222.24, 2.47, 0.03, 3.11, circuit_pos, 641.95, 25.88, 223.34, 2.47, 0.03, 3.11, tool_force, -0.92, 0.79, 1.36, actual_rep, 1, curr_step, 60, track_size, 105, robot_vel, 0.01, joints_pos, 12.55, 53.32, -17.18, -74.38, 17.71, 52.35, 30.12, tool_torque, 0.0040, -0.088, 0.061, joint_torque, -0.03, 0.63, -0.03, 0.09, 0.06, -0.22, 0.04, robot_mode, normal, 
17/05/2022 16:46:50:380, robot_pos, 1652802297045, 642.22, 25.89, 222.24, 2.47, 0.03, 3.11, circuit_pos, 641.95, 25.88, 223.34, 2.47, 0.03, 3.11, tool_force, -0.91, 0.79, 1.35, actual_rep, 1, curr_step, 62, track_size, 105, robot_vel, 0.02, joints_pos, 12.55, 53.32, -17.18, -74.38, 17.71, 52.35, 30.12, tool_torque, 0.0010, -0.082, 0.06, joint_torque, -0.03, 0.6, -0.03, 0.1, 0.06, -0.21, 0.04, robot_mode, normal, 
17/05/2022 16:46:50:520, robot_pos, 1652802297194, 642.21, 25.89, 222.25, 2.47, 0.03, 3.11, circuit_pos, 641.95, 25.88, 223.34, 2.47, 0.03, 3.11, tool_force, -0.92, 0.81, 1.31, actual_rep, 1, curr_step, 65, track_size, 105, robot_vel, 0.05, joints_pos, 12.55, 53.32, -17.18, -74.38, 17.71, 52.35, 30.12, tool_torque, 0.0090, -0.076, 0.061, joint_torque, -0.03, 0.61, -0.02, 0.1, 0.06, -0.21, 0.04, robot_mode, normal, 
17/05/2022 16:46:50:676, robot_pos, 1652802297345, 642.21, 25.89, 222.25, 2.47, 0.03, 3.11, circuit_pos, 641.95, 25.88, 223.34, 2.47, 0.03, 3.11, tool_force, -0.93, 0.84, 1.31, actual_rep, 1, curr_step, 67, track_size, 105, robot_vel, 0.03, joints_pos, 12.55, 53.32, -17.18, -74.38, 17.71, 52.35, 30.12, tool_torque, 0.01, -0.073, 0.061, joint_torque, -0.02, 0.61, -0.02, 0.1, 0.07, -0.21, 0.04, robot_mode, normal, 
17/05/2022 16:46:50:830, robot_pos, 1652802297500, 642.21, 25.89, 222.26, 2.47, 0.03, 3.11, circuit_pos, 641.95, 25.88, 223.34, 2.47, 0.03, 3.11, tool_force, -0.95, 0.82, 1.34, actual_rep, 1, curr_step, 70, track_size, 105, robot_vel, 0.01, joints_pos, 12.55, 53.32, -17.18, -74.38, 17.71, 52.35, 30.12, tool_torque, 0.0090, -0.069, 0.061, joint_torque, -0.04, 0.63, -0.03, 0.1, 0.07, -0.21, 0.04, robot_mode, normal, 
17/05/2022 16:46:50:982, robot_pos, 1652802297653, 642.21, 25.89, 222.26, 2.47, 0.03, 3.11, circuit_pos, 641.95, 25.88, 223.35, 2.47, 0.03, 3.11, tool_force, -0.98, 0.82, 1.36, actual_rep, 1, curr_step, 72, track_size, 105, robot_vel, 0.03, joints_pos, 12.55, 53.32, -17.18, -74.38, 17.71, 52.35, 30.12, tool_torque, 0.0080, -0.069, 0.061, joint_torque, -0.05, 0.64, -0.03, 0.1, 0.07, -0.21, 0.04, robot_mode, normal, 
17/05/2022 16:46:51:151, robot_pos, 1652802297820, 642.21, 25.89, 222.26, 2.47, 0.03, 3.11, circuit_pos, 641.95, 25.88, 223.35, 2.47, 0.03, 3.11, tool_force, -0.93, 0.82, 1.33, actual_rep, 1, curr_step, 75, track_size, 105, robot_vel, 0.02, joints_pos, 12.55, 53.32, -17.18, -74.38, 17.71, 52.35, 30.12, tool_torque, 0.0090, -0.076, 0.062, joint_torque, -0.03, 0.62, -0.02, 0.1, 0.07, -0.21, 0.04, robot_mode, normal, 
17/05/2022 16:46:51:301, robot_pos, 1652802297971, 642.21, 25.89, 222.26, 2.47, 0.03, 3.11, circuit_pos, 641.95, 25.88, 223.35, 2.47, 0.03, 3.11, tool_force, -0.94, 0.82, 1.31, actual_rep, 1, curr_step, 78, track_size, 105, robot_vel, 0.0, joints_pos, 12.55, 53.32, -17.18, -74.38, 17.71, 52.35, 30.12, tool_torque, 0.0090, -0.074, 0.062, joint_torque, -0.04, 0.61, -0.03, 0.1, 0.07, -0.21, 0.04, robot_mode, normal, 
17/05/2022 16:46:51:500, robot_pos, 1652802298121, 642.21, 25.89, 222.26, 2.47, 0.03, 3.11, circuit_pos, 641.95, 25.88, 223.35, 2.47, 0.03, 3.11, tool_force, -0.94, 0.82, 1.33, actual_rep, 1, curr_step, 81, track_size, 105, robot_vel, 0.01, joints_pos, 12.55, 53.32, -17.18, -74.38, 17.71, 52.35, 30.12, tool_torque, 0.0090, -0.073, 0.061, joint_torque, -0.03, 0.62, -0.02, 0.1, 0.07, -0.21, 0.04, robot_mode, normal, 
17/05/2022 16:46:51:600, robot_pos, 1652802298270, 642.21, 25.89, 222.26, 2.47, 0.03, 3.11, circuit_pos, 641.95, 25.88, 223.35, 2.47, 0.03, 3.11, tool_force, -0.96, 0.82, 1.33, actual_rep, 1, curr_step, 83, track_size, 105, robot_vel, 0.0, joints_pos, 12.55, 53.32, -17.18, -74.38, 17.71, 52.35, 30.12, tool_torque, 0.0080, -0.07, 0.061, joint_torque, -0.04, 0.63, -0.03, 0.1, 0.07, -0.21, 0.04, robot_mode, normal, 
17/05/2022 16:46:51:844, robot_pos, 1652802298423, 642.21, 25.89, 222.26, 2.47, 0.03, 3.11, circuit_pos, 641.95, 25.88, 223.35, 2.47, 0.03, 3.11, tool_force, -0.96, 0.81, 1.33, actual_rep, 1, curr_step, 86, track_size, 105, robot_vel, 0.0, joints_pos, 12.55, 53.32, -17.18, -74.38, 17.71, 52.35, 30.12, tool_torque, 0.0060, -0.072, 0.061, joint_torque, -0.04, 0.63, -0.03, 0.1, 0.07, -0.21, 0.04, robot_mode, normal, 
17/05/2022 16:46:51:903, robot_pos, 1652802298571, 642.21, 25.89, 222.26, 2.47, 0.03, 3.11, circuit_pos, 641.95, 25.88, 223.35, 2.47, 0.03, 3.11, tool_force, -0.95, 0.82, 1.34, actual_rep, 1, curr_step, 88, track_size, 105, robot_vel, 0.0, joints_pos, 12.55, 53.32, -17.18, -74.38, 17.71, 52.35, 30.12, tool_torque, 0.0060, -0.07, 0.061, joint_torque, -0.03, 0.62, -0.02, 0.1, 0.07, -0.21, 0.04, robot_mode, normal, 
17/05/2022 16:46:52:068, robot_pos, 1652802298734, 642.21, 25.89, 222.26, 2.47, 0.03, 3.11, circuit_pos, 641.95, 25.88, 223.35, 2.47, 0.03, 3.11, tool_force, -0.94, 0.81, 1.32, actual_rep, 1, curr_step, 91, track_size, 105, robot_vel, 0.0, joints_pos, 12.55, 53.32, -17.18, -74.38, 17.71, 52.35, 30.12, tool_torque, 0.0060, -0.074, 0.061, joint_torque, -0.04, 0.61, -0.03, 0.1, 0.07, -0.21, 0.04, robot_mode, normal, 
17/05/2022 16:46:52:253, robot_pos, 1652802298882, 642.21, 25.89, 222.26, 2.47, 0.03, 3.11, circuit_pos, 641.95, 25.88, 223.35, 2.47, 0.03, 3.11, tool_force, -0.95, 0.81, 1.31, actual_rep, 1, curr_step, 93, track_size, 105, robot_vel, 0.0, joints_pos, 12.55, 53.32, -17.18, -74.38, 17.71, 52.35, 30.12, tool_torque, 0.0030, -0.073, 0.061, joint_torque, -0.03, 0.61, -0.03, 0.1, 0.07, -0.21, 0.04, robot_mode, normal, 
17/05/2022 16:46:52:379, robot_pos, 1652802299033, 642.21, 25.89, 222.26, 2.47, 0.03, 3.11, circuit_pos, 641.95, 25.88, 223.35, 2.47, 0.03, 3.11, tool_force, -0.94, 0.82, 1.34, actual_rep, 1, curr_step, 96, track_size, 105, robot_vel, 0.0, joints_pos, 12.55, 53.32, -17.18, -74.38, 17.71, 52.35, 30.12, tool_torque, 0.0060, -0.073, 0.061, joint_torque, -0.04, 0.62, -0.03, 0.1, 0.07, -0.21, 0.04, robot_mode, normal, 
17/05/2022 16:46:52:530, robot_pos, 1652802299184, 642.21, 25.89, 222.26, 2.47, 0.03, 3.11, circuit_pos, 641.95, 25.88, 223.35, 2.47, 0.03, 3.11, tool_force, -0.95, 0.82, 1.34, actual_rep, 1, curr_step, 99, track_size, 105, robot_vel, 0.0, joints_pos, 12.55, 53.32, -17.18, -74.38, 17.71, 52.35, 30.12, tool_torque, 0.0050, -0.072, 0.061, joint_torque, -0.04, 0.63, -0.03, 0.1, 0.07, -0.21, 0.04, robot_mode, normal, 
17/05/2022 16:46:52:678, robot_pos, 1652802299333, 642.21, 25.89, 222.26, 2.47, 0.03, 3.11, circuit_pos, 641.95, 25.88, 223.35, 2.47, 0.03, 3.11, tool_force, -0.96, 0.81, 1.34, actual_rep, 1, curr_step, 101, track_size, 105, robot_vel, 0.0, joints_pos, 12.55, 53.32, -17.18, -74.38, 17.71, 52.35, 30.12, tool_torque, 0.0070, -0.073, 0.061, joint_torque, -0.04, 0.62, -0.03, 0.1, 0.07, -0.21, 0.04, robot_mode, normal, 
17/05/2022 16:46:52:886, robot_pos, 1652802299481, 642.21, 25.89, 222.26, 2.47, 0.03, 3.11, circuit_pos, 641.95, 25.88, 223.35, 2.47, 0.03, 3.11, tool_force, -0.96, 0.82, 1.33, actual_rep, 1, curr_step, 104, track_size, 105, robot_vel, 0.0, joints_pos, 12.55, 53.32, -17.18, -74.38, 17.71, 52.35, 30.12, tool_torque, 0.0060, -0.071, 0.061, joint_torque, -0.04, 0.62, -0.03, 0.1, 0.07, -0.21, 0.04, robot_mode, normal, 
17/05/2022 16:46:52:981, robot_pos, 1652802299629, 642.21, 25.89, 222.26, 2.47, 0.03, 3.11, circuit_pos, 641.95, 25.88, 223.35, 2.47, 0.03, 3.11, tool_force, -0.96, 0.82, 1.34, actual_rep, 1, curr_step, 103, track_size, 105, robot_vel, 0.0, joints_pos, 12.55, 53.32, -17.18, -74.38, 17.71, 52.35, 30.12, tool_torque, 0.0060, -0.073, 0.06, joint_torque, -0.04, 0.61, -0.03, 0.1, 0.07, -0.21, 0.04, robot_mode, normal, 
17/05/2022 16:46:53:197, robot_pos, 1652802299800, 642.21, 25.89, 222.26, 2.47, 0.03, 3.11, circuit_pos, 641.95, 25.88, 223.35, 2.47, 0.03, 3.11, tool_force, -0.94, 0.81, 1.32, actual_rep, 1, curr_step, 100, track_size, 105, robot_vel, 0.0, joints_pos, 12.55, 53.32, -17.18, -74.38, 17.71, 52.35, 30.12, tool_torque, 0.0070, -0.073, 0.06, joint_torque, -0.04, 0.61, -0.03, 0.1, 0.07, -0.21, 0.04, robot_mode, normal, 
17/05/2022 16:46:53:297, robot_pos, 1652802299951, 642.21, 25.89, 222.26, 2.47, 0.03, 3.11, circuit_pos, 641.95, 25.88, 223.35, 2.47, 0.03, 3.11, tool_force, -0.96, 0.83, 1.33, actual_rep, 1, curr_step, 98, track_size, 105, robot_vel, 0.0, joints_pos, 12.55, 53.32, -17.18, -74.38, 17.71, 52.35, 30.12, tool_torque, 0.0090, -0.071, 0.06, joint_torque, -0.04, 0.62, -0.03, 0.1, 0.07, -0.21, 0.04, robot_mode, normal, 
17/05/2022 16:46:53:450, robot_pos, 1652802300106, 642.21, 25.89, 222.26, 2.47, 0.03, 3.11, circuit_pos, 641.95, 25.88, 223.35, 2.47, 0.03, 3.11, tool_force, -0.95, 0.83, 1.34, actual_rep, 1, curr_step, 95, track_size, 105, robot_vel, 0.0, joints_pos, 12.55, 53.32, -17.18, -74.38, 17.71, 52.35, 30.12, tool_torque, 0.0080, -0.072, 0.061, joint_torque, -0.03, 0.63, -0.02, 0.1, 0.07, -0.21, 0.04, robot_mode, normal, 
17/05/2022 16:46:53:602, robot_pos, 1652802300253, 642.21, 25.89, 222.26, 2.47, 0.03, 3.11, circuit_pos, 641.95, 25.88, 223.35, 2.47, 0.03, 3.11, tool_force, -0.96, 0.83, 1.33, actual_rep, 1, curr_step, 92, track_size, 105, robot_vel, 0.0, joints_pos, 12.55, 53.32, -17.18, -74.38, 17.71, 52.35, 30.12, tool_torque, 0.0070, -0.073, 0.06, joint_torque, -0.03, 0.61, -0.02, 0.11, 0.07, -0.21, 0.04, robot_mode, normal, 
17/05/2022 16:46:53:763, robot_pos, 1652802300404, 642.21, 25.89, 222.26, 2.47, 0.03, 3.11, circuit_pos, 641.95, 25.88, 223.35, 2.47, 0.03, 3.11, tool_force, -0.94, 0.82, 1.33, actual_rep, 1, curr_step, 90, track_size, 105, robot_vel, 0.0, joints_pos, 12.55, 53.32, -17.18, -74.38, 17.71, 52.35, 30.12, tool_torque, 0.0050, -0.073, 0.061, joint_torque, -0.04, 0.61, -0.03, 0.1, 0.07, -0.21, 0.04, robot_mode, normal, 
17/05/2022 16:46:53:904, robot_pos, 1652802300552, 642.21, 25.89, 222.26, 2.47, 0.03, 3.11, circuit_pos, 641.95, 25.88, 223.35, 2.47, 0.03, 3.11, tool_force, -0.94, 0.82, 1.33, actual_rep, 1, curr_step, 87, track_size, 105, robot_vel, 0.0, joints_pos, 12.55, 53.32, -17.18, -74.38, 17.71, 52.35, 30.12, tool_torque, 0.0060, -0.073, 0.061, joint_torque, -0.03, 0.62, -0.03, 0.1, 0.07, -0.21, 0.04, robot_mode, normal, 
17/05/2022 16:46:53:999, robot_pos, 1652802300568, 642.21, 25.89, 222.26, 2.47, 0.03, 3.11, circuit_pos, 641.95, 25.88, 223.35, 2.47, 0.03, 3.11, tool_force, -0.95, 0.82, 1.33, actual_rep, 1, curr_step, 87, track_size, 105, robot_vel, 0.0, joints_pos, 12.55, 53.32, -17.18, -74.38, 17.71, 52.35, 30.12, tool_torque, 0.0060, -0.072, 0.061, joint_torque, -0.03, 0.62, -0.03, 0.1, 0.07, -0.21, 0.04, robot_mode, normal, 
17/05/2022 16:46:54:050, robot_pos, 1652802300702, 642.21, 25.89, 222.26, 2.47, 0.03, 3.11, circuit_pos, 641.95, 25.88, 223.35, 2.47, 0.03, 3.11, tool_force, -0.95, 0.83, 1.33, actual_rep, 1, curr_step, 86, track_size, 105, robot_vel, 0.0, joints_pos, 12.55, 53.32, -17.18, -74.38, 17.71, 52.35, 30.12, tool_torque, 0.0090, -0.072, 0.06, joint_torque, -0.03, 0.62, -0.02, 0.1, 0.07, -0.21, 0.04, robot_mode, normal, 
17/05/2022 16:46:54:202, robot_pos, 1652802300850, 642.21, 25.89, 222.26, 2.47, 0.03, 3.11, circuit_pos, 641.95, 25.88, 223.35, 2.47, 0.03, 3.11, tool_force, -0.96, 0.83, 1.33, actual_rep, 1, curr_step, 83, track_size, 105, robot_vel, 0.0, joints_pos, 12.55, 53.32, -17.18, -74.38, 17.71, 52.35, 30.12, tool_torque, 0.0080, -0.071, 0.06, joint_torque, -0.04, 0.62, -0.03, 0.1, 0.07, -0.21, 0.04, robot_mode, normal, 
17/05/2022 16:46:54:364, robot_pos, 1652802301008, 642.21, 25.89, 222.26, 2.47, 0.03, 3.11, circuit_pos, 641.95, 25.88, 223.35, 2.47, 0.03, 3.11, tool_force, -0.96, 0.82, 1.33, actual_rep, 1, curr_step, 80, track_size, 105, robot_vel, 0.0, joints_pos, 12.55, 53.32, -17.18, -74.38, 17.71, 52.35, 30.12, tool_torque, 0.0070, -0.071, 0.06, joint_torque, -0.04, 0.63, -0.03, 0.1, 0.07, -0.21, 0.04, robot_mode, normal, 
17/05/2022 16:46:54:551, robot_pos, 1652802301158, 642.21, 25.89, 222.26, 2.47, 0.03, 3.11, circuit_pos, 641.95, 25.88, 223.35, 2.47, 0.03, 3.11, tool_force, -0.95, 0.82, 1.33, actual_rep, 1, curr_step, 77, track_size, 105, robot_vel, 0.0, joints_pos, 12.55, 53.32, -17.18, -74.38, 17.71, 52.35, 30.12, tool_torque, 0.0060, -0.073, 0.06, joint_torque, -0.04, 0.61, -0.03, 0.1, 0.07, -0.21, 0.04, robot_mode, normal, 
17/05/2022 16:46:54:716, robot_pos, 1652802301310, 642.21, 25.89, 222.26, 2.47, 0.03, 3.11, circuit_pos, 641.95, 25.88, 223.35, 2.47, 0.03, 3.11, tool_force, -0.95, 0.82, 1.32, actual_rep, 1, curr_step, 75, track_size, 105, robot_vel, 0.0, joints_pos, 12.55, 53.32, -17.18, -74.38, 17.71, 52.35, 30.12, tool_torque, 0.0060, -0.072, 0.06, joint_torque, -0.04, 0.61, -0.03, 0.11, 0.07, -0.21, 0.04, robot_mode, normal, 
17/05/2022 16:46:54:850, robot_pos, 1652802301455, 642.21, 25.89, 222.26, 2.47, 0.03, 3.11, circuit_pos, 641.95, 25.88, 223.35, 2.47, 0.03, 3.11, tool_force, -0.95, 0.82, 1.33, actual_rep, 1, curr_step, 73, track_size, 105, robot_vel, 0.0, joints_pos, 12.55, 53.32, -17.18, -74.38, 17.71, 52.35, 30.12, tool_torque, 0.0060, -0.073, 0.06, joint_torque, -0.04, 0.62, -0.03, 0.1, 0.07, -0.21, 0.04, robot_mode, normal, 
17/05/2022 16:46:54:969, robot_pos, 1652802301605, 642.21, 25.89, 222.26, 2.47, 0.03, 3.11, circuit_pos, 641.95, 25.88, 223.34, 2.47, 0.03, 3.11, tool_force, -0.95, 0.81, 1.33, actual_rep, 1, curr_step, 70, track_size, 105, robot_vel, 0.0, joints_pos, 12.55, 53.32, -17.18, -74.38, 17.71, 52.35, 30.12, tool_torque, 0.0060, -0.071, 0.06, joint_torque, -0.04, 0.62, -0.03, 0.1, 0.07, -0.21, 0.04, robot_mode, normal, 
17/05/2022 16:46:55:165, robot_pos, 1652802301755, 642.21, 25.89, 222.26, 2.47, 0.03, 3.11, circuit_pos, 641.95, 25.88, 223.34, 2.47, 0.03, 3.11, tool_force, -0.96, 0.81, 1.33, actual_rep, 1, curr_step, 67, track_size, 105, robot_vel, 0.0, joints_pos, 12.55, 53.32, -17.18, -74.38, 17.71, 52.35, 30.12, tool_torque, 0.0070, -0.072, 0.06, joint_torque, -0.04, 0.62, -0.03, 0.1, 0.07, -0.21, 0.04, robot_mode, normal, 
17/05/2022 16:46:55:271, robot_pos, 1652802301904, 642.21, 25.89, 222.26, 2.47, 0.03, 3.11, circuit_pos, 641.95, 25.88, 223.34, 2.47, 0.03, 3.11, tool_force, -0.96, 0.83, 1.31, actual_rep, 1, curr_step, 65, track_size, 105, robot_vel, 0.04, joints_pos, 12.55, 53.32, -17.18, -74.38, 17.71, 52.35, 30.12, tool_torque, 0.0090, -0.066, 0.061, joint_torque, -0.04, 0.61, -0.03, 0.11, 0.07, -0.2, 0.04, robot_mode, normal, 
17/05/2022 16:46:55:468, robot_pos, 1652802302059, 642.21, 25.89, 222.26, 2.47, 0.03, 3.11, circuit_pos, 641.95, 25.88, 223.34, 2.47, 0.03, 3.11, tool_force, -0.97, 0.84, 1.33, actual_rep, 1, curr_step, 62, track_size, 105, robot_vel, 0.0, joints_pos, 12.55, 53.32, -17.18, -74.38, 17.71, 52.35, 30.12, tool_torque, 0.0090, -0.066, 0.061, joint_torque, -0.04, 0.62, -0.03, 0.1, 0.07, -0.2, 0.04, robot_mode, normal, 
17/05/2022 16:46:55:583, robot_pos, 1652802302212, 642.21, 25.89, 222.26, 2.47, 0.03, 3.11, circuit_pos, 641.95, 25.88, 223.34, 2.47, 0.03, 3.11, tool_force, -0.98, 0.8, 1.31, actual_rep, 1, curr_step, 60, track_size, 105, robot_vel, 0.01, joints_pos, 12.55, 53.32, -17.18, -74.38, 17.71, 52.35, 30.12, tool_torque, 0.0060, -0.064, 0.06, joint_torque, -0.06, 0.61, -0.03, 0.1, 0.07, -0.2, 0.04, robot_mode, normal, 
17/05/2022 16:46:55:782, robot_pos, 1652802302360, 642.21, 25.89, 222.26, 2.47, 0.03, 3.11, circuit_pos, 641.95, 25.88, 223.34, 2.47, 0.03, 3.11, tool_force, -0.97, 0.83, 1.33, actual_rep, 1, curr_step, 57, track_size, 105, robot_vel, 0.01, joints_pos, 12.55, 53.32, -17.18, -74.38, 17.71, 52.35, 30.12, tool_torque, 0.012, -0.069, 0.062, joint_torque, -0.03, 0.62, -0.03, 0.1, 0.07, -0.2, 0.04, robot_mode, normal, 
17/05/2022 16:46:55:897, robot_pos, 1652802302510, 642.21, 25.89, 222.25, 2.47, 0.03, 3.11, circuit_pos, 641.95, 25.88, 223.34, 2.47, 0.03, 3.11, tool_force, -0.98, 0.82, 1.33, actual_rep, 1, curr_step, 55, track_size, 105, robot_vel, 0.01, joints_pos, 12.55, 53.32, -17.18, -74.38, 17.71, 52.35, 30.12, tool_torque, 0.012, -0.066, 0.061, joint_torque, -0.05, 0.62, -0.03, 0.1, 0.07, -0.2, 0.04, robot_mode, normal, 
17/05/2022 16:46:56:104, robot_pos, 1652802302660, 642.21, 25.89, 222.25, 2.47, 0.03, 3.11, circuit_pos, 641.94, 25.92, 223.32, 2.47, 0.03, 3.11, tool_force, -0.94, 0.82, 1.33, actual_rep, 1, curr_step, 52, track_size, 105, robot_vel, 0.01, joints_pos, 12.55, 53.32, -17.18, -74.38, 17.71, 52.35, 30.12, tool_torque, 0.011, -0.069, 0.061, joint_torque, -0.03, 0.63, -0.03, 0.09, 0.07, -0.2, 0.04, robot_mode, normal, 
17/05/2022 16:46:56:198, robot_pos, 1652802302811, 642.2, 25.95, 222.22, 2.47, 0.03, 3.11, circuit_pos, 641.87, 25.97, 223.35, 2.47, 0.03, 3.11, tool_force, -1.08, 0.72, 1.31, actual_rep, 1, curr_step, 50, track_size, 105, robot_vel, 0.39, joints_pos, 12.55, 53.32, -17.18, -74.38, 17.71, 52.35, 30.12, tool_torque, -0.011, -0.038, 0.044, joint_torque, -0.11, 0.64, -0.04, 0.1, 0.06, -0.2, 0.02, robot_mode, normal, 
17/05/2022 16:46:56:372, robot_pos, 1652802302967, 642.15, 25.79, 222.82, 2.47, 0.03, 3.11, circuit_pos, 641.79, 25.85, 223.8, 2.47, 0.03, 3.11, tool_force, -1.15, 1.06, 1.93, actual_rep, 1, curr_step, 47, track_size, 105, robot_vel, 6.78, joints_pos, 12.55, 53.25, -17.2, -74.41, 17.71, 52.39, 30.11, tool_torque, -0.079, -0.116, 0.062, joint_torque, -0.14, 0.33, -0.07, 0.24, 0.06, -0.28, 0.06, robot_mode, normal, 
17/05/2022 16:46:56:504, robot_pos, 1652802303114, 641.84, 25.84, 221.9, 2.47, 0.03, 3.11, circuit_pos, 641.51, 25.84, 222.24, 2.47, 0.03, 3.11, tool_force, -1.38, 1.1, 1.1, actual_rep, 1, curr_step, 44, track_size, 105, robot_vel, 2.35, joints_pos, 12.55, 53.32, -17.18, -74.46, 17.71, 52.31, 30.11, tool_torque, 0.127, 0.06, 0.086, joint_torque, -0.08, 0.51, -0.09, 0.18, 0.07, -0.07, 0.06, robot_mode, normal, 
17/05/2022 16:46:56:666, robot_pos, 1652802303282, 642.07, 25.94, 221.39, 2.47, 0.03, 3.11, circuit_pos, 641.87, 26.09, 222.67, 2.47, 0.03, 3.11, tool_force, -1.04, 1.0, 0.87, actual_rep, 1, curr_step, 42, track_size, 105, robot_vel, 1.27, joints_pos, 12.55, 53.38, -17.17, -74.41, 17.74, 52.26, 30.11, tool_torque, 0.118, 0.055, 0.086, joint_torque, -0.17, 0.71, -0.1, 0.05, 0.05, -0.09, 0.06, robot_mode, normal, 
17/05/2022 16:46:56:813, robot_pos, 1652802303430, 642.45, 27.45, 221.65, 2.47, 0.03, 3.11, circuit_pos, 642.7, 28.88, 222.57, 2.47, 0.03, 3.11, tool_force, -1.09, 0.42, 1.51, actual_rep, 1, curr_step, 39, track_size, 105, robot_vel, 8.27, joints_pos, 12.62, 53.4, -17.09, -74.31, 17.74, 52.32, 30.22, tool_torque, -0.078, -0.066, -0.035, joint_torque, -0.07, 0.62, -0.06, 0.03, 0.07, -0.21, -0.08, robot_mode, normal, 
17/05/2022 16:46:56:996, robot_pos, 1652802303580, 643.14, 31.07, 221.31, 2.47, 0.03, 3.11, circuit_pos, 643.57, 36.48, 222.29, 2.47, 0.04, 3.11, tool_force, -0.64, 0.6, 1.27, actual_rep, 1, curr_step, 36, track_size, 105, robot_vel, 26.98, joints_pos, 12.9, 53.51, -17.03, -74.13, 17.62, 52.31, 30.64, tool_torque, -0.116, -0.029, -0.102, joint_torque, 0.09, 0.78, 0.06, 0.01, 0.11, -0.2, -0.16, robot_mode, normal, 
17/05/2022 16:46:57:148, robot_pos, 1652802303750, 643.63, 37.23, 221.27, 2.47, 0.04, 3.11, circuit_pos, 643.73, 48.42, 222.67, 2.47, 0.04, 3.11, tool_force, -1.25, 0.59, 1.02, actual_rep, 1, curr_step, 33, track_size, 105, robot_vel, 45.9, joints_pos, 13.49, 53.52, -16.99, -74.1, 17.19, 51.94, 31.51, tool_torque, -0.07, 0.247, -0.105, joint_torque, -0.23, 0.55, -0.05, 0.07, 0.13, 0.0, -0.15, robot_mode, normal, 
17/05/2022 16:46:57:300, robot_pos, 1652802303907, 643.7, 43.09, 221.48, 2.47, 0.04, 3.11, circuit_pos, 643.62, 53.43, 222.91, 2.46, 0.04, 3.11, tool_force, -1.36, 0.24, 1.32, actual_rep, 1, curr_step, 32, track_size, 105, robot_vel, 32.35, joints_pos, 13.98, 53.54, -16.95, -74.02, 17.14, 51.94, 32.18, tool_torque, -0.196, 0.181, -0.126, joint_torque, -0.56, 0.61, -0.21, -0.02, 0.12, -0.12, -0.16, robot_mode, normal, 
17/05/2022 16:46:57:477, robot_pos, 1652802304075, 643.8, 49.54, 221.63, 2.46, 0.04, 3.11, circuit_pos, 643.37, 58.98, 223.07, 2.45, 0.05, 3.11, tool_force, -1.05, 0.01, 1.29, actual_rep, 1, curr_step, 31, track_size, 105, robot_vel, 37.94, joints_pos, 14.56, 53.58, -16.96, -73.9, 17.07, 51.98, 33.11, tool_torque, -0.325, 0.063, -0.139, joint_torque, -0.41, 0.52, -0.1, 0.01, 0.14, -0.22, -0.17, robot_mode, normal, 
17/05/2022 16:46:57:682, robot_pos, 1652802304224, 643.75, 55.24, 221.82, 2.46, 0.04, 3.11, circuit_pos, 643.07, 64.99, 223.13, 2.45, 0.05, 3.11, tool_force, -1.97, 0.15, 1.33, actual_rep, 1, curr_step, 30, track_size, 105, robot_vel, 39.29, joints_pos, 15.11, 53.59, -16.99, -73.87, 16.81, 51.83, 34.28, tool_torque, -0.219, 0.407, -0.154, joint_torque, -0.42, 0.75, 0.09, -0.01, 0.16, 0.0, -0.16, robot_mode, normal, 
17/05/2022 16:46:57:784, robot_pos, 1652802304388, 643.6, 61.72, 222.05, 2.45, 0.05, 3.11, circuit_pos, 642.68, 71.63, 223.04, 2.44, 0.05, 3.12, tool_force, -1.65, 0.41, 1.32, actual_rep, 1, curr_step, 29, track_size, 105, robot_vel, 39.71, joints_pos, 15.72, 53.59, -17.0, -73.84, 16.65, 51.71, 35.17, tool_torque, -0.18, 0.409, -0.155, joint_torque, -0.41, 0.71, 0.06, 0.0, 0.15, 0.02, -0.16, robot_mode, normal, 
17/05/2022 16:46:57:985, robot_pos, 1652802304556, 643.02, 68.17, 221.93, 2.44, 0.05, 3.11, circuit_pos, 642.25, 78.09, 222.76, 2.43, 0.05, 3.12, tool_force, -1.59, -0.43, 1.38, actual_rep, 1, curr_step, 28, track_size, 105, robot_vel, 41.72, joints_pos, 16.36, 53.63, -17.01, -73.77, 16.18, 51.79, 36.56, tool_torque, -0.418, 0.164, -0.163, joint_torque, -0.43, 0.57, 0.1, 0.01, 0.15, -0.24, -0.16, robot_mode, normal, 
17/05/2022 16:46:58:113, robot_pos, 1652802304705, 642.75, 73.98, 221.73, 2.44, 0.05, 3.12, circuit_pos, 641.8, 84.55, 222.33, 2.42, 0.05, 3.12, tool_force, -1.26, 0.19, 1.92, actual_rep, 1, curr_step, 27, track_size, 105, robot_vel, 46.23, joints_pos, 16.88, 53.73, -17.0, -73.62, 15.98, 51.94, 37.72, tool_torque, -0.37, 0.099, -0.139, joint_torque, -0.41, 0.74, 0.06, -0.02, 0.13, -0.28, -0.14, robot_mode, normal, 
17/05/2022 16:46:58:266, robot_pos, 1652802304864, 642.34, 80.04, 221.45, 2.43, 0.05, 3.12, circuit_pos, 641.44, 91.22, 221.7, 2.41, 0.05, 3.12, tool_force, -1.05, 0.08, 1.71, actual_rep, 1, curr_step, 26, track_size, 105, robot_vel, 40.37, joints_pos, 17.42, 53.8, -16.99, -73.51, 15.83, 52.01, 38.91, tool_torque, -0.347, 0.088, -0.107, joint_torque, -0.61, 0.59, -0.12, -0.01, 0.13, -0.29, -0.11, robot_mode, normal, 
17/05/2022 16:46:58:415, robot_pos, 1652802305012, 642.01, 85.99, 221.03, 2.42, 0.05, 3.12, circuit_pos, 641.14, 97.89, 220.87, 2.4, 0.06, 3.12, tool_force, -1.07, -0.08, 1.45, actual_rep, 1, curr_step, 25, track_size, 105, robot_vel, 38.83, joints_pos, 17.94, 53.9, -16.98, -73.39, 15.73, 52.05, 40.02, tool_torque, -0.308, 0.016, -0.068, joint_torque, -0.37, 0.48, -0.07, 0.03, 0.14, -0.28, -0.09, robot_mode, normal, 
17/05/2022 16:46:58:595, robot_pos, 1652802305163, 641.79, 91.62, 220.53, 2.41, 0.05, 3.12, circuit_pos, 641.14, 97.89, 220.87, 2.4, 0.06, 3.12, tool_force, -1.57, 0.12, 1.18, actual_rep, 1, curr_step, 25, track_size, 105, robot_vel, 42.67, joints_pos, 18.47, 54.0, -16.99, -73.28, 15.51, 51.99, 41.23, tool_torque, -0.275, 0.339, -0.112, joint_torque, -0.79, 0.37, -0.14, 0.03, 0.14, -0.08, -0.1, robot_mode, normal, 
17/05/2022 16:46:58:716, robot_pos, 1652802305312, 641.45, 97.58, 219.86, 2.4, 0.06, 3.12, circuit_pos, 640.88, 105.11, 219.73, 2.39, 0.06, 3.12, tool_force, -1.13, 0.62, 1.36, actual_rep, 1, curr_step, 24, track_size, 105, robot_vel, 40.04, joints_pos, 19.04, 54.11, -17.0, -73.19, 15.29, 51.86, 42.39, tool_torque, -0.101, 0.285, -0.078, joint_torque, -0.35, 0.73, 0.02, -0.06, 0.15, -0.01, -0.09, robot_mode, normal, 
17/05/2022 16:46:58:878, robot_pos, 1652802305464, 641.32, 103.53, 218.96, 2.39, 0.06, 3.12, circuit_pos, 640.63, 112.88, 218.3, 2.37, 0.06, 3.11, tool_force, -1.31, 0.65, 0.95, actual_rep, 1, curr_step, 23, track_size, 105, robot_vel, 38.46, joints_pos, 19.55, 54.27, -17.0, -73.05, 15.22, 51.75, 43.61, tool_torque, -0.098, 0.368, -0.089, joint_torque, -0.54, 0.53, -0.06, 0.02, 0.13, 0.01, -0.09, robot_mode, normal, 
17/05/2022 16:46:59:020, robot_pos, 1652802305612, 641.11, 109.22, 218.03, 2.38, 0.06, 3.11, circuit_pos, 640.44, 120.86, 216.66, 2.36, 0.06, 3.11, tool_force, -1.53, 0.4, 0.89, actual_rep, 1, curr_step, 22, track_size, 105, robot_vel, 36.86, joints_pos, 20.0, 54.38, -16.95, -72.98, 15.3, 51.52, 44.75, tool_torque, 0.0060, 0.254, -0.059, joint_torque, -0.53, 0.34, -0.26, 0.05, 0.05, 0.01, -0.08, robot_mode, normal, 
17/05/2022 16:46:59:179, robot_pos, 1652802305764, 640.89, 115.15, 216.89, 2.37, 0.06, 3.11, circuit_pos, 640.44, 120.86, 216.66, 2.36, 0.06, 3.11, tool_force, -1.48, 0.54, 1.23, actual_rep, 1, curr_step, 22, track_size, 105, robot_vel, 41.13, joints_pos, 20.51, 54.57, -16.95, -72.82, 15.36, 51.44, 45.76, tool_torque, 0.025, 0.241, -0.075, joint_torque, -0.41, 0.54, -0.1, 0.04, 0.04, 0.0, -0.09, robot_mode, normal, 
17/05/2022 16:46:59:330, robot_pos, 1652802305920, 640.82, 121.21, 215.75, 2.36, 0.06, 3.11, circuit_pos, 640.38, 129.45, 215.07, 2.35, 0.06, 3.11, tool_force, -1.15, 0.66, 1.14, actual_rep, 1, curr_step, 21, track_size, 105, robot_vel, 42.78, joints_pos, 21.01, 54.78, -16.96, -72.58, 15.36, 51.43, 46.77, tool_torque, -0.0070, 0.191, -0.086, joint_torque, -0.37, 0.77, -0.07, -0.07, 0.04, -0.04, -0.1, robot_mode, normal, 
17/05/2022 16:46:59:486, robot_pos, 1652802306068, 640.75, 127.09, 214.66, 2.35, 0.06, 3.11, circuit_pos, 640.43, 138.66, 213.47, 2.34, 0.06, 3.11, tool_force, -1.24, 0.46, 0.88, actual_rep, 1, curr_step, 20, track_size, 105, robot_vel, 40.35, joints_pos, 21.51, 55.01, -16.97, -72.33, 15.36, 51.43, 47.73, tool_torque, -0.108, 0.233, -0.124, joint_torque, -0.52, 0.61, -0.11, -0.05, 0.05, -0.08, -0.13, robot_mode, normal, 
17/05/2022 16:46:59:632, robot_pos, 1652802306217, 640.69, 132.75, 213.63, 2.35, 0.06, 3.11, circuit_pos, 640.43, 138.66, 213.47, 2.34, 0.06, 3.11, tool_force, -1.04, 0.32, 1.05, actual_rep, 1, curr_step, 20, track_size, 105, robot_vel, 38.24, joints_pos, 21.97, 55.23, -16.97, -72.08, 15.36, 51.47, 48.62, tool_torque, -0.231, 0.143, -0.115, joint_torque, -0.48, 0.62, -0.08, -0.04, 0.05, -0.2, -0.12, robot_mode, normal, 
17/05/2022 16:46:59:784, robot_pos, 1652802306367, 640.59, 138.59, 212.49, 2.34, 0.06, 3.11, circuit_pos, 640.37, 148.02, 211.62, 2.33, 0.06, 3.11, tool_force, -0.86, 0.22, 1.37, actual_rep, 1, curr_step, 19, track_size, 105, robot_vel, 46.21, joints_pos, 22.45, 55.47, -16.97, -71.79, 15.34, 51.52, 49.55, tool_torque, -0.275, 0.062, -0.097, joint_torque, -0.28, 0.51, 0.02, -0.01, 0.07, -0.26, -0.1, robot_mode, normal, 
17/05/2022 16:46:59:939, robot_pos, 1652802306518, 640.58, 144.36, 211.35, 2.33, 0.06, 3.11, circuit_pos, 640.16, 157.72, 209.42, 2.32, 0.06, 3.1, tool_force, -0.87, 0.2, 1.2, actual_rep, 1, curr_step, 18, track_size, 105, robot_vel, 38.48, joints_pos, 22.92, 55.72, -16.97, -71.49, 15.31, 51.56, 50.49, tool_torque, -0.285, 0.061, -0.062, joint_torque, -0.33, 0.51, -0.06, -0.01, 0.1, -0.25, -0.08, robot_mode, normal, 
17/05/2022 16:47:00:129, robot_pos, 1652802306706, 640.55, 151.73, 209.84, 2.33, 0.06, 3.1, circuit_pos, 640.16, 157.72, 209.42, 2.32, 0.06, 3.1, tool_force, -0.9, 0.89, 1.22, actual_rep, 1, curr_step, 18, track_size, 105, robot_vel, 39.99, joints_pos, 23.46, 56.01, -16.93, -71.18, 15.46, 51.43, 51.48, tool_torque, 0.029, 0.166, -0.059, joint_torque, -0.44, 0.31, -0.23, 0.07, 0.03, -0.02, -0.07, robot_mode, normal, 
17/05/2022 16:47:00:279, robot_pos, 1652802306858, 640.21, 157.7, 208.36, 2.32, 0.06, 3.1, circuit_pos, 639.41, 167.91, 206.55, 2.32, 0.05, 3.1, tool_force, -1.02, 0.63, 1.29, actual_rep, 1, curr_step, 17, track_size, 105, robot_vel, 37.63, joints_pos, 23.91, 56.26, -16.92, -70.93, 15.69, 51.41, 52.03, tool_torque, -0.0060, 0.062, -0.063, joint_torque, -0.34, 0.47, -0.21, 0.04, 0.02, -0.1, -0.09, robot_mode, normal, 
17/05/2022 16:47:00:433, robot_pos, 1652802307009, 639.89, 163.57, 206.79, 2.32, 0.05, 3.1, circuit_pos, 637.96, 178.86, 203.01, 2.32, 0.05, 3.1, tool_force, -0.35, 0.36, 1.01, actual_rep, 1, curr_step, 16, track_size, 105, robot_vel, 43.07, joints_pos, 24.32, 56.53, -16.89, -70.64, 15.95, 51.48, 52.45, tool_torque, -0.146, -0.116, -0.043, joint_torque, -0.12, 0.45, -0.2, 0.0, 0.01, -0.24, -0.08, robot_mode, normal, 
17/05/2022 16:47:00:584, robot_pos, 1652802307156, 639.28, 169.33, 205.05, 2.32, 0.05, 3.1, circuit_pos, 637.96, 178.86, 203.01, 2.32, 0.05, 3.1, tool_force, -0.8, 0.4, 1.31, actual_rep, 1, curr_step, 16, track_size, 105, robot_vel, 47.97, joints_pos, 24.78, 56.81, -16.88, -70.4, 16.03, 51.49, 52.98, tool_torque, -0.137, -0.07, -0.033, joint_torque, -0.31, 0.42, -0.21, 0.02, 0.01, -0.23, -0.06, robot_mode, normal, 
17/05/2022 16:47:00:732, robot_pos, 1652802307306, 638.64, 175.01, 203.28, 2.32, 0.05, 3.1, circuit_pos, 636.39, 189.18, 199.82, 2.32, 0.05, 3.1, tool_force, -0.94, 0.27, 1.15, actual_rep, 1, curr_step, 15, track_size, 105, robot_vel, 39.85, joints_pos, 25.24, 57.07, -16.88, -70.16, 16.14, 51.49, 53.45, tool_torque, -0.194, 0.042, -0.043, joint_torque, -0.62, 0.62, -0.28, -0.03, 0.01, -0.24, -0.05, robot_mode, normal, 
17/05/2022 16:47:00:883, robot_pos, 1652802307453, 637.84, 180.84, 201.54, 2.32, 0.05, 3.1, circuit_pos, 636.39, 189.18, 199.82, 2.32, 0.05, 3.1, tool_force, -0.53, 0.52, 1.19, actual_rep, 1, curr_step, 15, track_size, 105, robot_vel, 40.34, joints_pos, 25.72, 57.34, -16.88, -69.94, 16.17, 51.49, 53.99, tool_torque, -0.11, -0.019, -0.032, joint_torque, -0.27, 0.56, -0.12, -0.02, 0.02, -0.2, -0.04, robot_mode, normal, 
17/05/2022 16:47:01:045, robot_pos, 1652802307605, 636.99, 186.73, 199.75, 2.32, 0.05, 3.1, circuit_pos, 634.33, 200.45, 196.38, 2.32, 0.05, 3.1, tool_force, -0.98, 0.36, 1.18, actual_rep, 1, curr_step, 14, track_size, 105, robot_vel, 41.51, joints_pos, 26.19, 57.6, -16.88, -69.72, 16.24, 51.47, 54.51, tool_torque, -0.111, 0.085, -0.046, joint_torque, -0.49, 0.48, -0.21, -0.02, 0.01, -0.16, -0.05, robot_mode, normal, 
17/05/2022 16:47:01:193, robot_pos, 1652802307755, 636.01, 192.61, 197.98, 2.32, 0.05, 3.1, circuit_pos, 634.33, 200.45, 196.38, 2.32, 0.05, 3.1, tool_force, -0.74, 0.5, 0.83, actual_rep, 1, curr_step, 14, track_size, 105, robot_vel, 41.69, joints_pos, 26.69, 57.86, -16.89, -69.51, 16.26, 51.45, 55.02, tool_torque, -0.034, 0.091, -0.04, joint_torque, -0.35, 0.57, -0.12, -0.05, 0.02, -0.09, -0.05, robot_mode, normal, 
17/05/2022 16:47:01:335, robot_pos, 1652802307902, 635.0, 198.31, 196.26, 2.32, 0.05, 3.1, circuit_pos, 632.1, 210.88, 193.45, 2.32, 0.04, 3.1, tool_force, -0.95, 0.55, 0.99, actual_rep, 1, curr_step, 13, track_size, 105, robot_vel, 44.85, joints_pos, 27.15, 58.11, -16.89, -69.3, 16.36, 51.46, 55.49, tool_torque, -0.03, 0.04, -0.026, joint_torque, -0.3, 0.55, -0.12, -0.03, 0.01, -0.12, -0.04, robot_mode, normal, 
17/05/2022 16:47:01:500, robot_pos, 1652802308058, 633.77, 204.35, 194.48, 2.32, 0.04, 3.1, circuit_pos, 632.1, 210.88, 193.45, 2.32, 0.04, 3.1, tool_force, -0.79, 0.26, 1.39, actual_rep, 1, curr_step, 13, track_size, 105, robot_vel, 41.39, joints_pos, 27.61, 58.38, -16.88, -69.07, 16.63, 51.53, 55.87, tool_torque, -0.206, -0.037, -0.023, joint_torque, -0.5, 0.51, -0.27, -0.03, 0.01, -0.26, -0.04, robot_mode, normal, 
17/05/2022 16:47:01:645, robot_pos, 1652802308209, 632.68, 210.17, 192.97, 2.32, 0.04, 3.1, circuit_pos, 630.39, 221.32, 191.06, 2.32, 0.04, 3.1, tool_force, -0.72, 0.31, 1.52, actual_rep, 1, curr_step, 12, track_size, 105, robot_vel, 43.02, joints_pos, 28.07, 58.63, -16.87, -68.83, 16.76, 51.61, 56.3, tool_torque, -0.198, -0.085, -0.024, joint_torque, -0.15, 0.34, -0.11, 0.1, 0.03, -0.28, -0.05, robot_mode, normal, 
17/05/2022 16:47:01:798, robot_pos, 1652802308358, 631.65, 216.06, 191.49, 2.32, 0.04, 3.1, circuit_pos, 628.59, 232.71, 188.61, 2.33, 0.04, 3.09, tool_force, -0.63, 0.26, 1.18, actual_rep, 1, curr_step, 11, track_size, 105, robot_vel, 42.29, joints_pos, 28.54, 58.88, -16.88, -68.58, 16.86, 51.65, 56.79, tool_torque, -0.208, -0.05, -0.012, joint_torque, -0.25, 0.51, -0.08, 0.0, 0.04, -0.27, -0.02, robot_mode, normal, 
17/05/2022 16:47:01:976, robot_pos, 1652802308524, 630.67, 222.47, 190.08, 2.32, 0.04, 3.1, circuit_pos, 628.59, 232.71, 188.61, 2.33, 0.04, 3.09, tool_force, -0.86, 0.7, 0.82, actual_rep, 1, curr_step, 11, track_size, 105, robot_vel, 43.94, joints_pos, 29.05, 59.13, -16.88, -68.31, 17.04, 51.57, 57.04, tool_torque, 0.039, 0.035, 0.017, joint_torque, -0.14, 0.66, -0.07, -0.04, 0.04, -0.07, -0.01, robot_mode, normal, 
17/05/2022 16:47:02:102, robot_pos, 1652802308658, 629.81, 227.75, 188.96, 2.33, 0.04, 3.09, circuit_pos, 626.63, 243.06, 186.58, 2.33, 0.04, 3.08, tool_force, -0.7, 0.77, 0.53, actual_rep, 1, curr_step, 10, track_size, 105, robot_vel, 43.71, joints_pos, 29.45, 59.31, -16.87, -68.13, 17.2, 51.45, 57.23, tool_torque, 0.102, 0.077, 0.0070, joint_torque, -0.34, 0.51, -0.17, -0.05, 0.02, 0.0, -0.01, robot_mode, normal, 
17/05/2022 16:47:02:251, robot_pos, 1652802308808, 628.87, 233.51, 187.76, 2.33, 0.04, 3.09, circuit_pos, 626.63, 243.06, 186.58, 2.33, 0.04, 3.08, tool_force, -0.79, 0.87, 0.94, actual_rep, 1, curr_step, 10, track_size, 105, robot_vel, 39.93, joints_pos, 29.91, 59.49, -16.87, -67.98, 17.42, 51.18, 57.52, tool_torque, 0.12, 0.087, -0.0050, joint_torque, -0.2, 0.27, -0.14, 0.03, 0.02, 0.03, -0.02, robot_mode, normal, 
17/05/2022 16:47:02:403, robot_pos, 1652802308956, 627.71, 239.32, 186.6, 2.33, 0.04, 3.08, circuit_pos, 623.62, 255.02, 184.25, 2.32, 0.04, 3.07, tool_force, -0.96, 0.89, 0.98, actual_rep, 1, curr_step, 9, track_size, 105, robot_vel, 39.43, joints_pos, 30.37, 59.66, -16.87, -67.85, 17.61, 50.95, 57.85, tool_torque, 0.156, 0.114, 0.0010, joint_torque, -0.28, 0.59, -0.14, -0.02, 0.02, 0.03, -0.02, robot_mode, normal, 
17/05/2022 16:47:02:565, robot_pos, 1652802309106, 626.42, 245.04, 185.45, 2.33, 0.04, 3.08, circuit_pos, 623.62, 255.02, 184.25, 2.32, 0.04, 3.07, tool_force, -0.93, 0.87, 0.81, actual_rep, 1, curr_step, 9, track_size, 105, robot_vel, 40.39, joints_pos, 30.85, 59.81, -16.87, -67.76, 17.79, 50.65, 58.41, tool_torque, 0.136, 0.165, -0.015, joint_torque, -0.48, 0.49, -0.2, -0.04, 0.01, 0.04, -0.02, robot_mode, normal, 
17/05/2022 16:47:02:704, robot_pos, 1652802309254, 625.02, 250.82, 184.28, 2.32, 0.04, 3.07, circuit_pos, 619.77, 266.36, 181.83, 2.32, 0.04, 3.07, tool_force, -0.71, 0.82, 0.68, actual_rep, 1, curr_step, 8, track_size, 105, robot_vel, 40.7, joints_pos, 31.33, 59.96, -16.88, -67.67, 17.94, 50.39, 58.96, tool_torque, 0.146, 0.111, -0.015, joint_torque, -0.25, 0.47, -0.1, -0.02, 0.02, 0.04, -0.03, robot_mode, normal, 
17/05/2022 16:47:02:861, robot_pos, 1652802309403, 623.23, 256.6, 183.07, 2.32, 0.04, 3.07, circuit_pos, 619.77, 266.36, 181.83, 2.32, 0.04, 3.07, tool_force, -0.91, 0.8, 0.99, actual_rep, 1, curr_step, 8, track_size, 105, robot_vel, 41.27, joints_pos, 31.84, 60.12, -16.88, -67.56, 17.99, 50.26, 59.54, tool_torque, 0.077, 0.215, -0.053, joint_torque, -0.6, 0.47, -0.2, -0.03, 0.01, 0.03, -0.05, robot_mode, normal, 
17/05/2022 16:47:03:012, robot_pos, 1652802309561, 621.32, 262.71, 181.77, 2.32, 0.04, 3.07, circuit_pos, 615.82, 276.53, 179.45, 2.31, 0.04, 3.07, tool_force, -1.04, 0.88, 0.98, actual_rep, 1, curr_step, 7, track_size, 105, robot_vel, 43.03, joints_pos, 32.36, 60.29, -16.89, -67.43, 18.05, 50.17, 60.13, tool_torque, 0.078, 0.198, -0.064, joint_torque, -0.37, 0.67, -0.02, -0.03, 0.03, 0.0, -0.07, robot_mode, normal, 
17/05/2022 16:47:03:166, robot_pos, 1652802309713, 619.22, 268.61, 180.42, 2.32, 0.04, 3.07, circuit_pos, 615.82, 276.53, 179.45, 2.31, 0.04, 3.07, tool_force, -0.91, 0.76, 0.94, actual_rep, 1, curr_step, 7, track_size, 105, robot_vel, 42.86, joints_pos, 32.91, 60.46, -16.91, -67.33, 18.05, 50.06, 60.93, tool_torque, 0.038, 0.239, -0.082, joint_torque, -0.33, 0.38, -0.02, -0.01, 0.03, 0.01, -0.07, robot_mode, normal, 
17/05/2022 16:47:03:317, robot_pos, 1652802309861, 616.9, 274.46, 179.02, 2.31, 0.04, 3.07, circuit_pos, 611.58, 285.59, 176.99, 2.31, 0.03, 3.07, tool_force, -0.74, 0.91, 1.24, actual_rep, 1, curr_step, 6, track_size, 105, robot_vel, 43.33, joints_pos, 33.41, 60.62, -16.89, -67.24, 18.09, 50.01, 61.62, tool_torque, 0.027, 0.157, -0.078, joint_torque, -0.37, 0.47, -0.11, 0.0, 0.01, -0.04, -0.08, robot_mode, normal, 
17/05/2022 16:47:03:545, robot_pos, 1652802310013, 614.39, 280.3, 177.55, 2.31, 0.03, 3.07, circuit_pos, 611.58, 285.59, 176.99, 2.31, 0.03, 3.07, tool_force, -1.02, 0.46, 0.82, actual_rep, 1, curr_step, 6, track_size, 105, robot_vel, 42.14, joints_pos, 33.9, 60.78, -16.87, -67.17, 18.37, 50.01, 62.05, tool_torque, 0.029, 0.056, -0.053, joint_torque, -0.22, 0.51, -0.12, -0.05, 0.02, -0.04, -0.08, robot_mode, normal, 
17/05/2022 16:47:03:651, robot_pos, 1652802310159, 611.7, 285.92, 175.85, 2.31, 0.03, 3.07, circuit_pos, 607.73, 292.91, 174.49, 2.31, 0.03, 3.07, tool_force, -0.69, 0.93, 1.17, actual_rep, 1, curr_step, 5, track_size, 105, robot_vel, 46.31, joints_pos, 34.41, 60.94, -16.86, -67.14, 18.51, 49.95, 62.54, tool_torque, 0.118, 0.118, -0.069, joint_torque, -0.28, 0.55, -0.11, -0.03, 0.02, 0.02, -0.1, robot_mode, normal, 
17/05/2022 16:47:03:813, robot_pos, 1652802310313, 608.51, 291.93, 173.79, 2.31, 0.03, 3.07, circuit_pos, 604.57, 298.62, 172.15, 2.3, 0.03, 3.08, tool_force, -0.84, 0.53, 0.85, actual_rep, 1, curr_step, 4, track_size, 105, robot_vel, 43.53, joints_pos, 34.99, 61.13, -16.88, -67.12, 18.58, 49.9, 63.29, tool_torque, -0.051, 0.197, -0.09, joint_torque, -0.46, 0.27, -0.16, 0.01, 0.03, -0.07, -0.1, robot_mode, normal, 
17/05/2022 16:47:03:951, robot_pos, 1652802310456, 605.47, 297.52, 171.59, 2.3, 0.03, 3.08, circuit_pos, 602.07, 302.87, 170.1, 2.31, 0.03, 3.08, tool_force, -0.39, 0.28, 1.24, actual_rep, 1, curr_step, 3, track_size, 105, robot_vel, 46.09, joints_pos, 35.57, 61.38, -16.94, -67.0, 18.5, 50.03, 64.07, tool_torque, -0.293, 0.195, -0.106, joint_torque, -0.37, 0.49, 0.07, -0.03, 0.1, -0.24, -0.09, robot_mode, normal, 
17/05/2022 16:47:04:092, robot_pos, 1652802310611, 602.18, 303.44, 168.71, 2.32, 0.03, 3.08, circuit_pos, 598.32, 308.8, 166.77, 2.32, 0.04, 3.09, tool_force, -1.48, 0.84, 0.96, actual_rep, 1, curr_step, 0, track_size, 105, robot_vel, 54.99, joints_pos, 36.22, 61.65, -16.96, -66.98, 18.19, 49.87, 64.24, tool_torque, 0.015, 0.413, -0.049, joint_torque, -0.72, 0.84, -0.01, -0.11, 0.12, 0.0, -0.04, robot_mode, normal, 
17/05/2022 16:47:04:282, robot_pos, 1652802310760, 598.85, 308.33, 166.1, 2.32, 0.04, 3.09, circuit_pos, 598.32, 308.8, 166.77, 2.32, 0.04, 3.09, tool_force, 0.47, 0.24, 1.05, actual_rep, 1, curr_step, 0, track_size, 105, robot_vel, 41.68, joints_pos, 36.83, 61.93, -17.02, -66.86, 17.56, 50.07, 65.04, tool_torque, -0.284, -0.026, -0.076, joint_torque, 0.63, 0.57, 0.56, 0.03, 0.13, -0.26, -0.08, robot_mode, normal, 
17/05/2022 16:47:04:380, robot_pos, 1652802310913, 599.06, 308.22, 166.18, 2.32, 0.04, 3.09, circuit_pos, 598.32, 308.8, 166.77, 2.32, 0.04, 3.09, tool_force, 0.36, 0.58, 0.95, actual_rep, 1, curr_step, 0, track_size, 105, robot_vel, 2.8, joints_pos, 36.83, 61.96, -17.11, -66.81, 17.77, 50.17, 64.91, tool_torque, -0.103, -0.242, 0.224, joint_torque, 0.2, 0.42, 0.13, 0.06, 0.04, -0.24, 0.24, robot_mode, normal, 
17/05/2022 16:47:04:581, robot_pos, 1652802311063, 599.06, 308.16, 166.14, 2.32, 0.04, 3.09, circuit_pos, 598.32, 308.8, 166.77, 2.32, 0.04, 3.09, tool_force, 0.0, 1.19, 1.23, actual_rep, 1, curr_step, 0, track_size, 105, robot_vel, 1.07, joints_pos, 36.84, 61.96, -17.11, -66.82, 17.73, 50.15, 64.94, tool_torque, -0.0010, -0.098, 0.172, joint_torque, 0.0, 0.54, 0.07, 0.08, 0.07, -0.18, 0.18, robot_mode, normal, 
17/05/2022 16:47:04:686, robot_pos, 1652802311210, 599.05, 308.17, 166.16, 2.32, 0.04, 3.09, circuit_pos, 598.32, 308.8, 166.77, 2.32, 0.04, 3.09, tool_force, -0.11, 1.15, 1.24, actual_rep, 1, curr_step, 0, track_size, 105, robot_vel, 0.17, joints_pos, 36.84, 61.95, -17.11, -66.83, 17.72, 50.15, 64.95, tool_torque, -0.0020, -0.091, 0.159, joint_torque, -0.02, 0.55, 0.03, 0.07, 0.08, -0.18, 0.16, robot_mode, normal, 
17/05/2022 16:47:04:895, robot_pos, 1652802311363, 599.04, 308.17, 166.18, 2.32, 0.04, 3.09, circuit_pos, 598.32, 308.8, 166.77, 2.32, 0.04, 3.09, tool_force, -0.07, 1.18, 1.22, actual_rep, 1, curr_step, 0, track_size, 105, robot_vel, 0.06, joints_pos, 36.84, 61.95, -17.1, -66.83, 17.72, 50.15, 64.95, tool_torque, 0.0060, -0.094, 0.158, joint_torque, -0.01, 0.55, 0.02, 0.08, 0.08, -0.17, 0.15, robot_mode, normal, 
17/05/2022 16:47:04:989, robot_pos, 1652802311512, 599.04, 308.18, 166.18, 2.32, 0.04, 3.09, circuit_pos, 598.32, 308.8, 166.77, 2.32, 0.04, 3.09, tool_force, -0.12, 1.15, 1.2, actual_rep, 1, curr_step, 0, track_size, 105, robot_vel, 0.04, joints_pos, 36.84, 61.95, -17.1, -66.83, 17.72, 50.15, 64.95, tool_torque, 0.0050, -0.089, 0.157, joint_torque, -0.05, 0.54, 0.0, 0.08, 0.08, -0.17, 0.15, robot_mode, normal, 
17/05/2022 16:47:05:198, robot_pos, 1652802311665, 599.04, 308.17, 166.18, 2.32, 0.04, 3.09, circuit_pos, 598.32, 308.8, 166.77, 2.32, 0.04, 3.09, tool_force, -0.12, 1.15, 1.21, actual_rep, 2, curr_step, 0, track_size, 105, robot_vel, 0.01, joints_pos, 36.84, 61.95, -17.1, -66.83, 17.72, 50.15, 64.95, tool_torque, 0.0070, -0.089, 0.158, joint_torque, -0.04, 0.54, 0.01, 0.08, 0.08, -0.17, 0.15, robot_mode, normal, 
