08/06/2022 15:46:33: File Created!
08/06/2022 15:46:33:005, robot_pos, 1654699466815, 600.04, -167.37, 329.15, 2.36, 0.03, 3.09, circuit_pos, 599.59, -167.21, 324.59, 2.36, 0.03, 3.09, tool_force, -3.97, 2.42, -9.26, actual_rep, 1, curr_step, 1, track_size, 143, robot_vel, 27.78, joints_pos, -6.28, 41.91, -15.42, -76.78, 14.01, 60.11, 20.35, tool_torque, -0.268, -0.913, 0.019, joint_torque, 0.07, -6.91, -0.94, 5.16, 0.1, -1.18, 0.0, robot_mode, normal, 
08/06/2022 15:46:33:348, robot_pos, 1654699467117, 601.39, -168.0, 327.2, 2.37, 0.04, 3.09, circuit_pos, 601.36, -167.67, 331.84, 2.37, 0.04, 3.11, tool_force, -3.57, 1.48, -4.79, actual_rep, 1, curr_step, 5, track_size, 143, robot_vel, 25.22, joints_pos, -6.22, 42.17, -15.43, -76.64, 13.58, 59.73, 20.25, tool_torque, -0.147, -1.08, 0.125, joint_torque, -0.49, -3.52, -0.92, 3.38, -0.13, -1.45, 0.13, robot_mode, normal, 
08/06/2022 15:46:33:499, robot_pos, 1654699467265, 602.03, -167.86, 333.2, 2.37, 0.04, 3.11, circuit_pos, 603.46, -167.34, 343.89, 2.38, 0.06, 3.14, tool_force, -4.8, 1.7, -2.77, actual_rep, 1, curr_step, 8, track_size, 143, robot_vel, 40.12, joints_pos, -6.02, 41.86, -15.48, -76.21, 12.47, 60.41, 20.66, tool_torque, -0.355, -0.917, -0.028, joint_torque, -0.57, -2.85, -0.72, 3.49, -0.1, -1.6, 0.02, robot_mode, normal, 
08/06/2022 15:46:33:657, robot_pos, 1654699467417, 603.13, -167.89, 338.72, 2.38, 0.05, 3.12, circuit_pos, 605.11, -165.8, 351.92, 2.39, 0.07, -3.12, tool_force, -4.45, 1.25, -3.43, actual_rep, 1, curr_step, 10, track_size, 143, robot_vel, 36.66, joints_pos, -5.81, 41.59, -15.52, -75.77, 11.28, 60.86, 21.1, tool_torque, -0.652, -0.727, -0.116, joint_torque, -0.51, -3.25, -0.39, 3.43, 0.12, -1.45, -0.06, robot_mode, normal, 
08/06/2022 15:46:33:802, robot_pos, 1654699467567, 604.11, -166.86, 344.8, 2.38, 0.06, 3.14, circuit_pos, 607.17, -161.73, 364.27, 2.4, 0.09, -3.07, tool_force, -4.2, 1.54, -4.46, actual_rep, 1, curr_step, 13, track_size, 143, robot_vel, 40.82, joints_pos, -5.45, 41.29, -15.56, -75.32, 9.77, 61.48, 21.97, tool_torque, -0.606, -0.763, -0.141, joint_torque, -0.41, -3.86, -0.5, 3.89, 0.01, -1.54, -0.08, robot_mode, normal, 
08/06/2022 15:46:33:948, robot_pos, 1654699467718, 605.07, -165.6, 350.66, 2.39, 0.07, -3.12, circuit_pos, 607.17, -161.73, 364.27, 2.4, 0.09, -3.07, tool_force, -4.45, 1.56, -3.87, actual_rep, 1, curr_step, 13, track_size, 143, robot_vel, 43.94, joints_pos, -5.07, 41.03, -15.58, -74.84, 8.18, 62.19, 22.87, tool_torque, -0.508, -0.847, -0.129, joint_torque, -0.44, -3.97, -0.63, 3.99, -0.11, -1.58, -0.08, robot_mode, normal, 
08/06/2022 15:46:34:108, robot_pos, 1654699467869, 606.2, -164.31, 356.4, 2.39, 0.08, -3.1, circuit_pos, 607.17, -161.73, 364.27, 2.4, 0.09, -3.07, tool_force, -4.28, 1.52, -4.27, actual_rep, 1, curr_step, 13, track_size, 143, robot_vel, 40.09, joints_pos, -4.71, 40.82, -15.59, -74.33, 6.66, 62.91, 23.73, tool_torque, -0.508, -0.789, -0.113, joint_torque, -0.24, -3.47, -0.4, 3.72, -0.08, -1.53, -0.06, robot_mode, normal, 
08/06/2022 15:46:34:383, robot_pos, 1654699468020, 607.17, -162.78, 362.13, 2.4, 0.09, -3.08, circuit_pos, 608.07, -159.76, 369.0, 2.4, 0.09, -3.05, tool_force, -4.3, 1.28, -4.02, actual_rep, 1, curr_step, 14, track_size, 143, robot_vel, 39.83, joints_pos, -4.33, 40.6, -15.59, -73.81, 5.11, 63.74, 24.64, tool_torque, -0.437, -0.813, -0.11, joint_torque, -0.04, -3.38, -0.32, 3.69, -0.1, -1.51, -0.07, robot_mode, normal, 
08/06/2022 15:46:34:481, robot_pos, 1654699468171, 608.44, -160.79, 367.85, 2.4, 0.09, -3.06, circuit_pos, 609.05, -157.6, 373.96, 2.4, 0.1, -3.03, tool_force, -4.36, 1.97, -3.49, actual_rep, 1, curr_step, 15, track_size, 143, robot_vel, 40.53, joints_pos, -3.93, 40.49, -15.59, -73.15, 3.6, 64.81, 25.65, tool_torque, -0.424, -0.812, -0.092, joint_torque, 0.05, -3.29, -0.25, 3.67, -0.11, -1.52, -0.06, robot_mode, normal, 
08/06/2022 15:46:34:684, robot_pos, 1654699468476, 610.48, -155.55, 379.58, 2.4, 0.11, -3.01, circuit_pos, 611.62, -150.79, 387.66, 2.39, 0.12, -2.98, tool_force, -4.17, 1.65, -4.31, actual_rep, 1, curr_step, 18, track_size, 143, robot_vel, 28.78, joints_pos, -2.98, 40.09, -15.6, -72.08, 0.58, 66.66, 27.8, tool_torque, -0.426, -0.845, -0.104, joint_torque, 0.43, -3.49, -0.08, 3.83, -0.14, -1.54, -0.08, robot_mode, normal, 
08/06/2022 15:46:34:799, robot_pos, 1654699468627, 611.74, -152.69, 385.27, 2.4, 0.12, -2.99, circuit_pos, 612.68, -148.32, 392.56, 2.39, 0.13, -2.97, tool_force, -4.06, 2.51, -4.09, actual_rep, 1, curr_step, 19, track_size, 143, robot_vel, 48.41, joints_pos, -2.46, 39.99, -15.61, -71.47, -1.02, 67.68, 29.3, tool_torque, -0.419, -0.723, -0.128, joint_torque, 0.78, -3.07, 0.29, 3.64, -0.07, -1.44, -0.09, robot_mode, normal, 
08/06/2022 15:46:34:988, robot_pos, 1654699468777, 612.86, -149.79, 391.19, 2.39, 0.13, -2.97, circuit_pos, 613.81, -145.58, 397.5, 2.39, 0.14, -2.95, tool_force, -3.91, 1.83, -3.89, actual_rep, 1, curr_step, 20, track_size, 143, robot_vel, 56.26, joints_pos, -1.99, 39.79, -15.62, -70.98, -2.24, 68.46, 30.36, tool_torque, -0.41, -0.675, -0.146, joint_torque, 0.79, -3.08, 0.29, 3.56, -0.1, -1.37, -0.11, robot_mode, normal, 
08/06/2022 15:46:35:086, robot_pos, 1654699468930, 614.2, -146.48, 396.95, 2.4, 0.14, -2.95, circuit_pos, 614.75, -143.33, 402.14, 2.4, 0.15, -2.94, tool_force, -3.17, 2.24, -4.11, actual_rep, 1, curr_step, 21, track_size, 143, robot_vel, 45.44, joints_pos, -1.46, 39.62, -15.62, -70.47, -3.71, 69.21, 31.36, tool_torque, -0.172, -0.706, -0.132, joint_torque, 1.11, -3.04, 0.31, 3.44, -0.26, -1.22, -0.12, robot_mode, normal, 
08/06/2022 15:46:35:295, robot_pos, 1654699469082, 615.32, -143.63, 402.81, 2.4, 0.15, -2.94, circuit_pos, 615.82, -140.88, 406.9, 2.4, 0.16, -2.93, tool_force, -3.34, 2.45, -3.99, actual_rep, 1, curr_step, 22, track_size, 143, robot_vel, 45.47, joints_pos, -1.04, 39.38, -15.6, -70.04, -4.81, 69.8, 32.0, tool_torque, -0.206, -0.596, -0.155, joint_torque, 1.01, -2.42, 0.35, 3.12, -0.24, -1.17, -0.14, robot_mode, normal, 
08/06/2022 15:46:35:397, robot_pos, 1654699469232, 616.46, -141.19, 407.93, 2.4, 0.17, -2.92, circuit_pos, 617.52, -136.77, 415.79, 2.4, 0.19, -2.9, tool_force, -3.01, 2.21, -4.36, actual_rep, 1, curr_step, 24, track_size, 143, robot_vel, 37.43, joints_pos, -0.55, 39.2, -15.61, -69.68, -6.34, 70.19, 32.98, tool_torque, -0.42, -0.485, -0.193, joint_torque, 1.22, -3.14, 0.63, 3.4, -0.02, -1.15, -0.16, robot_mode, normal, 
08/06/2022 15:46:35:598, robot_pos, 1654699469384, 617.49, -138.08, 413.88, 2.4, 0.19, -2.91, circuit_pos, 618.41, -130.96, 427.83, 2.41, 0.23, -2.86, tool_force, -2.83, 2.27, -4.16, actual_rep, 1, curr_step, 27, track_size, 143, robot_vel, 43.23, joints_pos, 0.0, 38.94, -15.64, -69.35, -7.78, 70.61, 33.89, tool_torque, -0.194, -0.656, -0.179, joint_torque, 1.44, -2.63, 0.64, 3.1, -0.22, -1.11, -0.16, robot_mode, normal, 
08/06/2022 15:46:35:697, robot_pos, 1654699469535, 618.06, -135.18, 419.64, 2.41, 0.21, -2.88, circuit_pos, 619.16, -127.3, 435.32, 2.42, 0.26, -2.83, tool_force, -3.21, 2.69, -4.36, actual_rep, 1, curr_step, 29, track_size, 143, robot_vel, 45.83, joints_pos, 0.62, 38.64, -15.65, -69.13, -9.7, 70.99, 34.98, tool_torque, -0.301, -0.581, -0.194, joint_torque, 1.77, -2.73, 0.9, 3.3, -0.11, -1.19, -0.18, robot_mode, normal, 
08/06/2022 15:46:35:898, robot_pos, 1654699469685, 618.72, -132.51, 425.42, 2.42, 0.23, -2.86, circuit_pos, 619.74, -125.04, 439.88, 2.43, 0.27, -2.81, tool_force, -2.75, 2.12, -5.5, actual_rep, 1, curr_step, 30, track_size, 143, robot_vel, 40.59, joints_pos, 1.15, 38.38, -15.66, -68.88, -11.36, 71.34, 35.89, tool_torque, -0.295, -0.55, -0.218, joint_torque, 1.95, -3.06, 1.01, 3.46, -0.14, -1.14, -0.19, robot_mode, normal, 
08/06/2022 15:46:35:999, robot_pos, 1654699469838, 619.39, -129.6, 431.44, 2.42, 0.25, -2.84, circuit_pos, 619.74, -125.04, 439.88, 2.43, 0.27, -2.81, tool_force, -4.12, 2.97, -5.27, actual_rep, 1, curr_step, 30, track_size, 143, robot_vel, 45.04, joints_pos, 1.7, 38.13, -15.65, -68.56, -13.08, 71.86, 36.73, tool_torque, -0.339, -0.56, -0.217, joint_torque, 1.82, -3.02, 0.95, 3.71, -0.2, -1.27, -0.19, robot_mode, normal, 
08/06/2022 15:46:36:201, robot_pos, 1654699469986, 620.32, -126.73, 437.25, 2.43, 0.27, -2.82, circuit_pos, 620.28, -122.66, 444.57, 2.44, 0.29, -2.79, tool_force, -4.75, 3.47, -6.08, actual_rep, 1, curr_step, 31, track_size, 143, robot_vel, 49.31, joints_pos, 2.23, 37.94, -15.65, -68.21, -14.77, 72.34, 37.53, tool_torque, -0.425, -0.756, -0.211, joint_torque, 2.26, -3.4, 1.15, 4.33, -0.25, -1.61, -0.19, robot_mode, normal, 
08/06/2022 15:46:36:302, robot_pos, 1654699470139, 622.09, -123.54, 443.63, 2.44, 0.29, -2.8, circuit_pos, 620.63, -120.19, 449.21, 2.45, 0.3, -2.77, tool_force, -6.77, 3.96, -6.64, actual_rep, 1, curr_step, 32, track_size, 143, robot_vel, 49.34, joints_pos, 2.86, 37.74, -15.62, -67.84, -16.83, 72.47, 38.33, tool_torque, -0.614, -0.829, -0.242, joint_torque, 2.66, -4.23, 1.35, 5.24, -0.28, -1.94, -0.22, robot_mode, impedance, 
08/06/2022 15:46:36:505, robot_pos, 1654699470289, 625.32, -120.93, 450.25, 2.46, 0.32, -2.78, circuit_pos, 620.73, -117.54, 453.61, 2.45, 0.31, -2.75, tool_force, -10.21, 5.98, -5.81, actual_rep, 1, curr_step, 33, track_size, 143, robot_vel, 55.2, joints_pos, 3.33, 37.78, -15.61, -67.02, -18.45, 72.85, 38.86, tool_torque, -0.773, -1.539, -0.316, joint_torque, 2.67, -3.96, 1.22, 6.75, -0.71, -3.26, -0.31, robot_mode, impedance, 
08/06/2022 15:46:36:609, robot_pos, 1654699470442, 630.72, -119.25, 457.34, 2.47, 0.34, -2.76, circuit_pos, 620.73, -117.54, 453.61, 2.45, 0.31, -2.75, tool_force, -17.2, 8.97, -5.91, actual_rep, 1, curr_step, 33, track_size, 143, robot_vel, 56.68, joints_pos, 3.64, 38.15, -15.61, -65.58, -19.88, 73.34, 39.15, tool_torque, -1.32, -2.628, -0.55, joint_torque, 3.06, -5.06, 1.33, 10.08, -1.36, -5.44, -0.53, robot_mode, impedance, 
08/06/2022 15:46:36:808, robot_pos, 1654699470592, 637.31, -119.71, 458.23, 2.47, 0.35, -2.76, circuit_pos, 620.73, -117.54, 453.61, 2.45, 0.31, -2.75, tool_force, -23.38, 14.56, -6.68, actual_rep, 1, curr_step, 33, track_size, 143, robot_vel, 58.73, joints_pos, 3.48, 38.95, -15.57, -64.23, -19.89, 73.33, 38.99, tool_torque, -1.653, -3.658, -0.504, joint_torque, 4.9, -5.24, 2.17, 12.62, -1.54, -7.33, -0.52, robot_mode, impedance, 
08/06/2022 15:46:36:910, robot_pos, 1654699470743, 640.94, -120.35, 459.16, 2.47, 0.34, -2.75, circuit_pos, 620.73, -117.54, 453.61, 2.45, 0.31, -2.75, tool_force, -16.08, 6.67, -10.29, actual_rep, 1, curr_step, 33, track_size, 143, robot_vel, 11.65, joints_pos, 3.26, 39.73, -15.53, -62.78, -19.7, 74.76, 38.81, tool_torque, -0.539, -3.112, -0.223, joint_torque, 3.34, -8.21, 0.02, 10.94, -2.11, -4.81, -0.26, robot_mode, impedance, 
08/06/2022 15:46:37:115, robot_pos, 1654699470895, 638.66, -122.32, 461.55, 2.46, 0.33, -2.74, circuit_pos, 620.73, -117.54, 453.61, 2.45, 0.31, -2.75, tool_force, -11.2, 0.41, -13.4, actual_rep, 1, curr_step, 33, track_size, 143, robot_vel, 28.98, joints_pos, 3.18, 39.75, -15.73, -62.46, -19.71, 76.11, 38.63, tool_torque, 0.558, -2.059, 0.012, joint_torque, 1.66, -9.69, -1.48, 9.2, -2.53, -2.34, 0.02, robot_mode, impedance, 
08/06/2022 15:46:37:236, robot_pos, 1654699471047, 634.97, -123.31, 462.3, 2.46, 0.32, -2.74, circuit_pos, 620.73, -117.54, 453.61, 2.45, 0.31, -2.75, tool_force, -9.59, -1.25, -14.08, actual_rep, 1, curr_step, 33, track_size, 143, robot_vel, 25.83, joints_pos, 3.17, 39.26, -15.76, -63.16, -19.81, 76.2, 38.6, tool_torque, 0.896, -1.484, 0.068, joint_torque, 1.22, -9.45, -1.75, 8.26, -2.39, -1.42, 0.06, robot_mode, impedance, 
08/06/2022 15:46:37:413, robot_pos, 1654699471198, 630.43, -123.26, 462.66, 2.45, 0.32, -2.74, circuit_pos, 620.73, -117.54, 453.61, 2.45, 0.31, -2.75, tool_force, -8.12, -3.41, -14.41, actual_rep, 1, curr_step, 33, track_size, 143, robot_vel, 31.66, joints_pos, 3.24, 38.64, -15.74, -64.11, -19.9, 76.13, 38.73, tool_torque, 1.049, -1.004, 0.032, joint_torque, 0.6, -9.07, -1.99, 7.24, -2.26, -0.67, 0.02, robot_mode, impedance, 
08/06/2022 15:46:37:717, robot_pos, 1654699471498, 624.65, -122.79, 461.76, 2.45, 0.32, -2.74, circuit_pos, 620.73, -117.54, 453.61, 2.45, 0.31, -2.75, tool_force, -6.12, -4.42, -12.49, actual_rep, 1, curr_step, 33, track_size, 143, robot_vel, 19.55, joints_pos, 3.37, 37.82, -15.7, -65.54, -20.02, 75.73, 38.98, tool_torque, 1.169, -0.465, 0.024, joint_torque, -0.22, -8.43, -2.29, 5.93, -2.05, 0.13, 0.03, robot_mode, impedance, 
08/06/2022 15:46:37:817, robot_pos, 1654699471648, 623.0, -122.48, 461.44, 2.45, 0.31, -2.74, circuit_pos, 620.73, -117.54, 453.61, 2.45, 0.31, -2.75, tool_force, -5.07, -4.31, -11.99, actual_rep, 1, curr_step, 33, track_size, 143, robot_vel, 10.44, joints_pos, 3.41, 37.62, -15.69, -65.89, -20.03, 75.72, 39.08, tool_torque, 1.217, -0.209, 0.067, joint_torque, -0.18, -7.89, -2.1, 5.32, -1.84, 0.44, 0.07, robot_mode, impedance, 
08/06/2022 15:46:38:017, robot_pos, 1654699471801, 621.86, -121.73, 460.98, 2.45, 0.31, -2.74, circuit_pos, 620.73, -117.54, 453.61, 2.45, 0.31, -2.75, tool_force, -3.99, -4.43, -11.98, actual_rep, 1, curr_step, 33, track_size, 143, robot_vel, 9.34, joints_pos, 3.47, 37.49, -15.65, -66.17, -20.03, 75.72, 39.2, tool_torque, 1.244, -0.042, 0.106, joint_torque, -0.06, -7.49, -1.95, 4.77, -1.65, 0.72, 0.1, robot_mode, impedance, 
08/06/2022 15:46:38:121, robot_pos, 1654699471948, 621.09, -121.24, 460.61, 2.45, 0.31, -2.74, circuit_pos, 620.73, -117.54, 453.61, 2.45, 0.31, -2.75, tool_force, -3.4, -4.55, -11.67, actual_rep, 1, curr_step, 33, track_size, 143, robot_vel, 6.42, joints_pos, 3.52, 37.39, -15.64, -66.37, -20.03, 75.69, 39.27, tool_torque, 1.239, 0.067, 0.125, joint_torque, -0.1, -7.18, -1.88, 4.38, -1.55, 0.87, 0.13, robot_mode, impedance, 
08/06/2022 15:46:38:322, robot_pos, 1654699472100, 620.56, -120.93, 460.26, 2.45, 0.31, -2.74, circuit_pos, 620.73, -117.54, 453.61, 2.45, 0.31, -2.75, tool_force, -3.25, -4.22, -11.08, actual_rep, 1, curr_step, 33, track_size, 143, robot_vel, 4.57, joints_pos, 3.56, 37.33, -15.64, -66.52, -20.03, 75.64, 39.33, tool_torque, 1.247, 0.133, 0.131, joint_torque, -0.14, -6.72, -1.8, 4.11, -1.48, 0.91, 0.14, robot_mode, impedance, 
08/06/2022 15:46:38:423, robot_pos, 1654699472248, 620.22, -120.6, 459.93, 2.45, 0.31, -2.74, circuit_pos, 620.73, -117.54, 453.61, 2.45, 0.31, -2.75, tool_force, -2.49, -4.3, -10.91, actual_rep, 1, curr_step, 33, track_size, 143, robot_vel, 4.17, joints_pos, 3.59, 37.28, -15.64, -66.63, -20.01, 75.6, 39.38, tool_torque, 1.228, 0.16, 0.134, joint_torque, -0.03, -6.43, -1.69, 3.7, -1.38, 1.02, 0.14, robot_mode, impedance, 
08/06/2022 15:46:38:629, robot_pos, 1654699472398, 619.67, -120.27, 459.47, 2.45, 0.31, -2.74, circuit_pos, 620.73, -117.54, 453.61, 2.45, 0.31, -2.75, tool_force, -0.83, -4.64, -10.25, actual_rep, 1, curr_step, 33, track_size, 143, robot_vel, 4.46, joints_pos, 3.62, 37.24, -15.63, -66.77, -19.98, 75.61, 39.45, tool_torque, 1.22, 0.312, 0.177, joint_torque, 0.02, -6.09, -1.54, 3.01, -1.18, 1.32, 0.18, robot_mode, impedance, 
08/06/2022 15:46:38:730, robot_pos, 1654699472548, 618.82, -119.0, 458.61, 2.45, 0.31, -2.74, circuit_pos, 620.73, -117.54, 453.61, 2.45, 0.31, -2.75, tool_force, 0.45, -3.0, -9.34, actual_rep, 1, curr_step, 33, track_size, 143, robot_vel, 10.14, joints_pos, 3.7, 37.14, -15.59, -67.02, -19.85, 75.61, 39.58, tool_torque, 1.096, 0.565, 0.234, joint_torque, 0.86, -4.9, -0.66, 2.31, -0.62, 1.41, 0.23, robot_mode, impedance, 
08/06/2022 15:46:38:932, robot_pos, 1654699472699, 618.61, -117.2, 458.13, 2.45, 0.3, -2.74, circuit_pos, 620.81, -111.67, 460.93, 2.46, 0.33, -2.72, tool_force, 1.73, -2.02, -11.1, actual_rep, 1, curr_step, 35, track_size, 143, robot_vel, 11.32, joints_pos, 3.84, 37.07, -15.54, -67.18, -19.79, 75.51, 39.72, tool_torque, 0.825, 0.666, 0.236, joint_torque, 1.84, -5.17, 0.12, 2.51, -0.21, 1.33, 0.23, robot_mode, impedance, 
08/06/2022 15:46:39:032, robot_pos, 1654699472849, 619.0, -112.97, 461.91, 2.45, 0.32, -2.73, circuit_pos, 621.4, -104.73, 466.4, 2.47, 0.35, -2.69, tool_force, 1.39, 0.34, -8.88, actual_rep, 1, curr_step, 37, track_size, 143, robot_vel, 39.12, joints_pos, 4.38, 36.87, -15.52, -67.06, -20.76, 75.81, 40.3, tool_torque, 0.223, 0.609, 0.194, joint_torque, 2.75, -4.3, 1.17, 2.51, 0.41, 0.74, 0.18, robot_mode, impedance, 
08/06/2022 15:46:39:233, robot_pos, 1654699472998, 619.99, -105.67, 465.58, 2.46, 0.34, -2.7, circuit_pos, 623.9, -92.5, 473.01, 2.48, 0.38, -2.65, tool_force, 1.97, 1.29, -8.77, actual_rep, 1, curr_step, 40, track_size, 143, robot_vel, 56.51, joints_pos, 5.45, 36.81, -15.53, -67.0, -23.15, 76.25, 41.77, tool_torque, 0.084, 0.549, 0.151, joint_torque, 3.73, -3.51, 1.98, 2.12, 0.64, 0.6, 0.13, robot_mode, impedance, 
08/06/2022 15:46:39:333, robot_pos, 1654699473148, 621.43, -100.67, 468.15, 2.47, 0.36, -2.68, circuit_pos, 625.57, -84.03, 478.79, 2.49, 0.4, -2.62, tool_force, -0.65, -0.87, -8.34, actual_rep, 1, curr_step, 42, track_size, 143, robot_vel, 39.32, joints_pos, 6.22, 36.89, -15.69, -66.76, -24.4, 76.56, 42.51, tool_torque, -0.107, 0.545, 0.034, joint_torque, 1.87, -4.17, 1.09, 2.84, 0.19, 0.31, 0.11, robot_mode, normal, 
08/06/2022 15:46:39:540, robot_pos, 1654699473300, 623.17, -95.03, 471.79, 2.48, 0.37, -2.66, circuit_pos, 625.57, -84.03, 478.79, 2.49, 0.4, -2.62, tool_force, 1.15, 0.28, -8.9, actual_rep, 1, curr_step, 42, track_size, 143, robot_vel, 52.02, joints_pos, 6.86, 37.06, -15.59, -66.16, -25.76, 77.5, 43.34, tool_torque, 0.088, 0.155, 0.086, joint_torque, 3.32, -4.23, 1.45, 2.61, 0.2, 0.33, 0.08, robot_mode, normal, 
08/06/2022 15:46:39:639, robot_pos, 1654699473448, 624.24, -89.39, 475.56, 2.48, 0.39, -2.64, circuit_pos, 625.57, -84.03, 478.79, 2.49, 0.4, -2.62, tool_force, 0.77, 0.27, -8.07, actual_rep, 1, curr_step, 42, track_size, 143, robot_vel, 45.68, joints_pos, 7.52, 37.14, -15.57, -65.72, -27.03, 78.32, 44.1, tool_torque, 0.117, 0.181, 0.077, joint_torque, 3.35, -3.45, 1.54, 2.45, 0.21, 0.23, 0.06, robot_mode, normal, 
08/06/2022 15:46:39:844, robot_pos, 1654699473602, 625.35, -83.55, 479.45, 2.49, 0.4, -2.61, circuit_pos, 626.7, -75.57, 484.88, 2.5, 0.42, -2.58, tool_force, -0.13, 0.62, -6.81, actual_rep, 1, curr_step, 44, track_size, 143, robot_vel, 45.68, joints_pos, 8.27, 37.26, -15.58, -65.27, -28.56, 79.21, 44.86, tool_torque, -0.026, 0.168, 0.066, joint_torque, 3.1, -3.23, 1.6, 2.5, 0.24, 0.09, 0.06, robot_mode, normal, 
08/06/2022 15:46:39:945, robot_pos, 1654699473753, 626.23, -77.73, 483.54, 2.5, 0.42, -2.59, circuit_pos, 627.39, -70.85, 487.74, 2.51, 0.44, -2.56, tool_force, -1.06, 1.01, -6.64, actual_rep, 1, curr_step, 45, track_size, 143, robot_vel, 51.16, joints_pos, 9.01, 37.42, -15.58, -64.74, -30.09, 80.32, 45.69, tool_torque, 0.122, -0.073, 0.06, joint_torque, 2.78, -2.62, 1.23, 2.39, -0.06, -0.12, 0.05, robot_mode, normal, 
08/06/2022 15:46:40:145, robot_pos, 1654699473904, 627.14, -71.99, 486.91, 2.51, 0.44, -2.56, circuit_pos, 627.97, -66.32, 489.84, 2.51, 0.44, -2.55, tool_force, -0.78, 0.47, -6.5, actual_rep, 1, curr_step, 46, track_size, 143, robot_vel, 45.11, joints_pos, 9.74, 37.56, -15.59, -64.38, -31.73, 81.17, 46.57, tool_torque, 0.187, -0.08, 0.027, joint_torque, 3.03, -2.65, 1.37, 2.45, -0.16, -0.07, 0.03, robot_mode, normal, 
08/06/2022 15:46:40:448, robot_pos, 1654699474352, 629.31, -54.8, 493.51, 2.52, 0.46, -2.51, circuit_pos, 631.5, -36.59, 501.27, 2.54, 0.48, -2.44, tool_force, -1.98, 0.81, -5.87, actual_rep, 1, curr_step, 53, track_size, 143, robot_vel, 40.47, joints_pos, 11.47, 38.26, -15.51, -62.9, -34.26, 84.23, 48.07, tool_torque, 0.212, -0.109, 0.065, joint_torque, 2.22, -2.53, 0.77, 2.54, -0.36, -0.17, 0.06, robot_mode, normal, 
08/06/2022 15:46:40:549, robot_pos, 1654699474504, 630.16, -48.95, 496.15, 2.53, 0.47, -2.49, circuit_pos, 633.49, -29.29, 506.13, 2.55, 0.5, -2.41, tool_force, -2.0, 0.65, -5.68, actual_rep, 1, curr_step, 55, track_size, 143, robot_vel, 42.01, joints_pos, 12.1, 38.55, -15.51, -62.3, -35.25, 85.35, 48.55, tool_torque, 0.246, -0.23, 0.054, joint_torque, 2.02, -2.32, 0.63, 2.5, -0.49, -0.27, 0.05, robot_mode, normal, 
08/06/2022 15:46:40:755, robot_pos, 1654699474654, 631.38, -43.08, 498.99, 2.54, 0.48, -2.46, circuit_pos, 636.86, -18.2, 511.18, 2.58, 0.52, -2.36, tool_force, -2.09, 1.63, -5.39, actual_rep, 1, curr_step, 58, track_size, 143, robot_vel, 45.22, joints_pos, 12.7, 38.87, -15.52, -61.66, -36.34, 86.39, 48.92, tool_torque, 0.093, -0.253, 0.05, joint_torque, 2.43, -2.03, 0.95, 2.18, -0.32, -0.32, 0.05, robot_mode, normal, 
08/06/2022 15:46:40:856, robot_pos, 1654699474805, 632.8, -37.19, 501.64, 2.55, 0.49, -2.44, circuit_pos, 639.1, -10.6, 514.23, 2.59, 0.53, -2.33, tool_force, -1.5, 2.73, -4.91, actual_rep, 1, curr_step, 60, track_size, 143, robot_vel, 44.56, joints_pos, 13.31, 39.24, -15.52, -61.0, -37.5, 87.38, 49.24, tool_torque, 0.212, -0.17, 0.042, joint_torque, 2.67, -0.8, 1.23, 1.89, -0.2, -0.31, 0.04, robot_mode, normal, 
08/06/2022 15:46:41:212, robot_pos, 1654699475104, 635.77, -25.63, 506.0, 2.57, 0.51, -2.39, circuit_pos, 645.17, 8.9, 516.09, 2.64, 0.56, -2.25, tool_force, -1.43, 2.57, -4.44, actual_rep, 1, curr_step, 65, track_size, 143, robot_vel, 42.27, joints_pos, 14.46, 40.07, -15.52, -59.66, -39.8, 89.33, 49.84, tool_torque, 0.054, -0.196, 0.02, joint_torque, 2.49, -0.97, 1.17, 1.75, -0.17, -0.38, 0.02, robot_mode, normal, 
08/06/2022 15:46:41:326, robot_pos, 1654699475254, 637.47, -19.77, 507.49, 2.58, 0.52, -2.37, circuit_pos, 648.86, 19.39, 515.9, 2.65, 0.58, -2.22, tool_force, -2.04, 2.42, -3.73, actual_rep, 1, curr_step, 68, track_size, 143, robot_vel, 42.17, joints_pos, 15.01, 40.54, -15.52, -58.97, -40.85, 90.24, 50.08, tool_torque, 0.161, -0.184, 0.027, joint_torque, 2.19, -0.36, 1.05, 1.54, -0.22, -0.44, 0.02, robot_mode, normal, 
08/06/2022 15:46:41:517, robot_pos, 1654699475404, 639.22, -14.12, 508.69, 2.59, 0.53, -2.35, circuit_pos, 653.22, 28.6, 517.95, 2.68, 0.6, -2.19, tool_force, -1.84, 2.44, -4.0, actual_rep, 1, curr_step, 71, track_size, 143, robot_vel, 41.66, joints_pos, 15.53, 41.02, -15.52, -58.3, -41.84, 91.06, 50.33, tool_torque, 0.171, -0.218, 0.022, joint_torque, 2.36, -0.66, 1.03, 1.57, -0.27, -0.39, 0.02, robot_mode, normal, 
08/06/2022 15:46:41:599, robot_pos, 1654699475554, 641.17, -8.28, 509.97, 2.6, 0.54, -2.33, circuit_pos, 656.05, 35.97, 519.02, 2.71, 0.61, -2.18, tool_force, -1.87, 2.35, -4.31, actual_rep, 1, curr_step, 73, track_size, 143, robot_vel, 42.81, joints_pos, 16.06, 41.51, -15.52, -57.6, -42.82, 91.77, 50.5, tool_torque, 0.233, -0.256, 0.02, joint_torque, 2.33, -0.67, 0.91, 1.44, -0.34, -0.29, 0.01, robot_mode, normal, 
08/06/2022 15:46:41:817, robot_pos, 1654699475701, 643.05, -2.64, 511.06, 2.61, 0.55, -2.31, circuit_pos, 658.89, 46.2, 519.39, 2.74, 0.62, -2.16, tool_force, -1.36, 1.34, -4.07, actual_rep, 1, curr_step, 76, track_size, 143, robot_vel, 40.49, joints_pos, 16.56, 41.93, -15.52, -57.01, -43.72, 92.3, 50.64, tool_torque, 0.362, -0.165, -0.012, joint_torque, 1.8, -0.41, 0.65, 1.14, -0.37, -0.12, -0.01, robot_mode, normal, 
08/06/2022 15:46:41:868, robot_pos, 1654699475851, 644.8, 3.14, 512.06, 2.63, 0.56, -2.29, circuit_pos, 660.09, 53.96, 520.37, 2.78, 0.64, -2.1, tool_force, -1.64, 1.48, -3.56, actual_rep, 1, curr_step, 79, track_size, 143, robot_vel, 41.57, joints_pos, 17.07, 42.34, -15.51, -56.45, -44.62, 92.77, 50.75, tool_torque, 0.317, -0.226, -0.018, joint_torque, 1.74, -0.37, 0.58, 1.14, -0.42, -0.19, -0.02, robot_mode, normal, 
08/06/2022 15:46:42:117, robot_pos, 1654699476002, 646.53, 8.94, 512.93, 2.64, 0.57, -2.27, circuit_pos, 659.84, 58.58, 520.08, 2.8, 0.64, -2.06, tool_force, -1.45, 1.16, -3.64, actual_rep, 1, curr_step, 81, track_size, 143, robot_vel, 41.46, joints_pos, 17.61, 42.79, -15.52, -55.89, -45.68, 93.28, 50.89, tool_torque, 0.333, -0.229, -0.022, joint_torque, 1.74, -0.32, 0.56, 1.02, -0.41, -0.11, -0.03, robot_mode, normal, 
08/06/2022 15:46:42:166, robot_pos, 1654699476151, 647.98, 14.76, 513.65, 2.66, 0.58, -2.25, circuit_pos, 659.4, 69.36, 518.55, 2.85, 0.65, -2.0, tool_force, -1.58, 1.79, -3.29, actual_rep, 1, curr_step, 84, track_size, 143, robot_vel, 41.48, joints_pos, 18.14, 43.23, -15.53, -55.4, -46.78, 93.85, 50.95, tool_torque, 0.335, -0.211, -0.014, joint_torque, 1.79, -0.18, 0.65, 1.03, -0.44, -0.22, -0.01, robot_mode, normal, 
08/06/2022 15:46:42:411, robot_pos, 1654699476305, 649.26, 20.6, 514.09, 2.68, 0.59, -2.22, circuit_pos, 659.35, 78.03, 516.06, 2.87, 0.65, -1.96, tool_force, -1.53, 1.66, -3.23, actual_rep, 1, curr_step, 86, track_size, 143, robot_vel, 37.3, joints_pos, 18.69, 43.67, -15.54, -54.96, -47.97, 94.4, 51.05, tool_torque, 0.279, -0.252, -0.026, joint_torque, 1.75, -0.39, 0.61, 1.05, -0.46, -0.22, -0.02, robot_mode, normal, 
08/06/2022 15:46:42:570, robot_pos, 1654699476453, 650.21, 26.38, 514.11, 2.7, 0.59, -2.2, circuit_pos, 658.29, 89.75, 512.46, 2.91, 0.65, -1.92, tool_force, -1.8, 1.8, -3.01, actual_rep, 1, curr_step, 89, track_size, 143, robot_vel, 39.49, joints_pos, 19.22, 44.08, -15.54, -54.62, -49.05, 94.92, 51.14, tool_torque, 0.292, -0.229, -0.0010, joint_torque, 1.4, 0.14, 0.56, 0.8, -0.41, -0.21, 0.01, robot_mode, normal, 
08/06/2022 15:46:42:680, robot_pos, 1654699476606, 650.91, 32.2, 513.84, 2.72, 0.6, -2.17, circuit_pos, 657.74, 99.82, 510.37, 2.93, 0.65, -1.88, tool_force, -1.44, 1.77, -2.85, actual_rep, 1, curr_step, 92, track_size, 143, robot_vel, 38.91, joints_pos, 19.77, 44.47, -15.52, -54.35, -50.16, 95.45, 51.26, tool_torque, 0.322, -0.31, 0.014, joint_torque, 1.6, 0.22, 0.55, 0.77, -0.44, -0.29, 0.01, robot_mode, normal, 
08/06/2022 15:46:42:954, robot_pos, 1654699476902, 651.97, 43.52, 513.25, 2.75, 0.61, -2.12, circuit_pos, 656.21, 115.6, 509.16, 2.95, 0.66, -1.84, tool_force, -2.11, 2.49, -2.29, actual_rep, 1, curr_step, 97, track_size, 143, robot_vel, 36.74, joints_pos, 20.79, 45.22, -15.52, -53.81, -52.07, 96.51, 51.43, tool_torque, 0.363, -0.331, 0.015, joint_torque, 1.07, 0.51, 0.3, 0.58, -0.5, -0.27, 0.02, robot_mode, normal, 
08/06/2022 15:46:43:225, robot_pos, 1654699477203, 652.59, 55.15, 512.65, 2.78, 0.62, -2.08, circuit_pos, 655.16, 128.94, 509.13, 2.95, 0.66, -1.83, tool_force, -2.0, 2.62, -2.11, actual_rep, 1, curr_step, 102, track_size, 143, robot_vel, 37.23, joints_pos, 21.8, 45.97, -15.53, -53.2, -53.76, 97.67, 51.61, tool_torque, 0.355, -0.355, 0.019, joint_torque, 1.26, 0.57, 0.36, 0.55, -0.5, -0.3, 0.02, robot_mode, normal, 
08/06/2022 15:46:43:477, robot_pos, 1654699477353, 652.82, 61.04, 512.34, 2.79, 0.63, -2.06, circuit_pos, 655.58, 135.88, 507.0, 2.97, 0.66, -1.8, tool_force, -2.25, 2.11, -2.07, actual_rep, 1, curr_step, 105, track_size, 143, robot_vel, 39.03, joints_pos, 22.29, 46.35, -15.53, -52.87, -54.51, 98.27, 51.67, tool_torque, 0.361, -0.412, 0.016, joint_torque, 1.03, 0.81, 0.26, 0.46, -0.56, -0.39, 0.02, robot_mode, normal, 
08/06/2022 15:46:43:519, robot_pos, 1654699477501, 653.09, 66.61, 511.99, 2.81, 0.63, -2.04, circuit_pos, 655.78, 138.59, 506.18, 2.98, 0.66, -1.79, tool_force, -2.74, 2.28, -1.37, actual_rep, 1, curr_step, 107, track_size, 143, robot_vel, 36.4, joints_pos, 22.82, 46.8, -15.53, -52.48, -55.4, 98.94, 51.69, tool_torque, 0.498, -0.49, 0.046, joint_torque, 0.56, 0.46, -0.19, 0.57, -0.79, -0.32, 0.04, robot_mode, normal, 
08/06/2022 15:46:43:767, robot_pos, 1654699477652, 653.37, 72.38, 511.56, 2.82, 0.64, -2.02, circuit_pos, 656.39, 141.31, 506.04, 2.98, 0.67, -1.77, tool_force, -2.31, 1.44, -1.48, actual_rep, 1, curr_step, 110, track_size, 143, robot_vel, 38.93, joints_pos, 23.22, 47.15, -15.53, -52.17, -56.08, 99.46, 51.71, tool_torque, 0.52, -0.542, 0.033, joint_torque, 0.39, 0.24, -0.39, 0.53, -0.88, -0.25, 0.03, robot_mode, normal, 
08/06/2022 15:46:43:892, robot_pos, 1654699477802, 653.65, 78.24, 511.06, 2.83, 0.64, -2.0, circuit_pos, 656.41, 141.21, 506.25, 2.98, 0.67, -1.77, tool_force, -2.65, 1.81, -0.96, actual_rep, 1, curr_step, 112, track_size, 143, robot_vel, 40.35, joints_pos, 23.69, 47.59, -15.54, -51.77, -56.88, 100.1, 51.74, tool_torque, 0.41, -0.553, 0.027, joint_torque, 0.45, 0.63, -0.13, 0.47, -0.77, -0.39, 0.03, robot_mode, normal, 
08/06/2022 15:46:44:038, robot_pos, 1654699477952, 653.99, 83.86, 510.62, 2.85, 0.64, -1.98, circuit_pos, 656.3, 140.68, 507.61, 2.98, 0.67, -1.78, tool_force, -2.61, 1.79, -0.13, actual_rep, 1, curr_step, 115, track_size, 143, robot_vel, 37.24, joints_pos, 24.12, 48.04, -15.54, -51.34, -57.63, 100.73, 51.75, tool_torque, 0.419, -0.5, 0.074, joint_torque, -0.11, 0.85, -0.28, 0.32, -0.72, -0.45, 0.08, robot_mode, normal, 
08/06/2022 15:46:44:201, robot_pos, 1654699478100, 654.26, 89.74, 510.21, 2.86, 0.65, -1.96, circuit_pos, 656.33, 140.69, 507.47, 2.98, 0.67, -1.78, tool_force, -1.69, 2.34, -0.6, actual_rep, 1, curr_step, 117, track_size, 143, robot_vel, 39.27, joints_pos, 24.57, 48.49, -15.53, -50.91, -58.42, 101.36, 51.74, tool_torque, 0.346, -0.577, 0.154, joint_torque, 0.42, 0.94, -0.08, 0.19, -0.67, -0.43, 0.16, robot_mode, normal, 
08/06/2022 15:46:44:308, robot_pos, 1654699478250, 654.53, 95.36, 509.83, 2.87, 0.65, -1.94, circuit_pos, 656.41, 140.76, 507.05, 2.98, 0.67, -1.77, tool_force, -2.11, 2.59, 0.27, actual_rep, 1, curr_step, 120, track_size, 143, robot_vel, 36.84, joints_pos, 24.99, 48.93, -15.53, -50.47, -59.22, 101.98, 51.69, tool_torque, 0.379, -0.579, 0.243, joint_torque, -0.26, 1.19, -0.37, 0.08, -0.71, -0.52, 0.25, robot_mode, normal, 
08/06/2022 15:46:44:498, robot_pos, 1654699478401, 654.86, 101.18, 509.38, 2.89, 0.66, -1.92, circuit_pos, 656.48, 140.63, 506.8, 2.98, 0.67, -1.77, tool_force, -1.52, 2.61, 0.08, actual_rep, 1, curr_step, 123, track_size, 143, robot_vel, 38.04, joints_pos, 25.42, 49.43, -15.53, -49.97, -60.06, 102.66, 51.61, tool_torque, 0.307, -0.656, 0.314, joint_torque, 0.25, 1.19, -0.15, 0.15, -0.69, -0.54, 0.31, robot_mode, normal, 
08/06/2022 15:46:44:598, robot_pos, 1654699478549, 655.15, 106.85, 508.92, 2.9, 0.66, -1.9, circuit_pos, 656.48, 140.64, 506.77, 2.98, 0.67, -1.77, tool_force, -1.36, 2.76, 0.59, actual_rep, 1, curr_step, 125, track_size, 143, robot_vel, 39.29, joints_pos, 25.82, 49.92, -15.53, -49.48, -60.86, 103.3, 51.51, tool_torque, 0.3, -0.587, 0.354, joint_torque, -0.33, 1.4, -0.3, -0.05, -0.61, -0.55, 0.36, robot_mode, normal, 
08/06/2022 15:46:44:803, robot_pos, 1654699478699, 655.47, 112.62, 508.5, 2.91, 0.66, -1.87, circuit_pos, 656.49, 140.63, 506.77, 2.98, 0.67, -1.77, tool_force, -1.33, 2.79, 1.41, actual_rep, 1, curr_step, 128, track_size, 143, robot_vel, 37.22, joints_pos, 26.22, 50.43, -15.53, -48.94, -61.71, 103.98, 51.35, tool_torque, 0.265, -0.561, 0.353, joint_torque, -1.13, 1.33, -0.64, -0.21, -0.63, -0.59, 0.36, robot_mode, normal, 
08/06/2022 15:46:45:012, robot_pos, 1654699478882, 655.83, 119.59, 507.99, 2.93, 0.66, -1.85, circuit_pos, 656.49, 140.63, 506.76, 2.98, 0.67, -1.77, tool_force, -1.17, 3.26, 1.3, actual_rep, 1, curr_step, 131, track_size, 143, robot_vel, 39.54, joints_pos, 26.71, 51.07, -15.53, -48.27, -62.73, 104.79, 51.12, tool_torque, 0.227, -0.584, 0.369, joint_torque, -1.11, 1.48, -0.58, -0.3, -0.63, -0.58, 0.37, robot_mode, normal, 
08/06/2022 15:46:45:138, robot_pos, 1654699479033, 656.14, 125.47, 507.57, 2.95, 0.67, -1.82, circuit_pos, 656.49, 140.63, 506.77, 2.98, 0.67, -1.77, tool_force, -1.32, 2.37, 1.5, actual_rep, 1, curr_step, 133, track_size, 143, robot_vel, 41.32, joints_pos, 27.1, 51.61, -15.54, -47.68, -63.6, 105.47, 50.87, tool_torque, 0.218, -0.677, 0.366, joint_torque, -1.03, 1.17, -0.61, -0.16, -0.69, -0.66, 0.37, robot_mode, normal, 
08/06/2022 15:46:45:319, robot_pos, 1654699479179, 656.45, 130.97, 507.16, 2.96, 0.67, -1.8, circuit_pos, 656.49, 140.63, 506.76, 2.98, 0.67, -1.77, tool_force, -1.52, 2.36, 2.03, actual_rep, 1, curr_step, 136, track_size, 143, robot_vel, 37.28, joints_pos, 27.46, 52.13, -15.55, -47.1, -64.43, 106.11, 50.62, tool_torque, 0.206, -0.609, 0.351, joint_torque, -1.71, 1.07, -0.81, -0.28, -0.65, -0.65, 0.36, robot_mode, normal, 
08/06/2022 15:46:45:416, robot_pos, 1654699479332, 656.79, 136.9, 506.71, 2.98, 0.67, -1.78, circuit_pos, 656.49, 140.63, 506.76, 2.98, 0.67, -1.77, tool_force, -1.26, 2.56, 2.19, actual_rep, 1, curr_step, 138, track_size, 143, robot_vel, 37.82, joints_pos, 27.84, 52.71, -15.55, -46.46, -65.32, 106.79, 50.33, tool_torque, 0.165, -0.636, 0.368, joint_torque, -1.6, 1.23, -0.81, -0.43, -0.61, -0.65, 0.38, robot_mode, normal, 
08/06/2022 15:46:45:617, robot_pos, 1654699479483, 657.3, 140.7, 506.37, 2.98, 0.67, -1.77, circuit_pos, 656.49, 140.63, 506.76, 2.98, 0.67, -1.77, tool_force, -0.05, 2.21, 0.52, actual_rep, 1, curr_step, 141, track_size, 143, robot_vel, 29.42, joints_pos, 28.04, 53.15, -15.57, -45.88, -65.75, 107.26, 50.08, tool_torque, 0.336, -0.8, 0.382, joint_torque, -0.22, 1.42, -0.44, -0.4, -0.66, -0.54, 0.37, robot_mode, normal, 
08/06/2022 15:46:45:716, robot_pos, 1654699479631, 657.39, 140.5, 506.55, 2.98, 0.67, -1.77, circuit_pos, 656.49, 140.63, 506.76, 2.98, 0.67, -1.77, tool_force, -1.44, 2.97, 1.12, actual_rep, 1, curr_step, 141, track_size, 143, robot_vel, 2.36, joints_pos, 28.02, 53.15, -15.58, -45.84, -65.69, 107.26, 50.04, tool_torque, 0.449, -0.647, 0.329, joint_torque, -0.96, 1.34, -0.69, -0.29, -0.79, -0.46, 0.33, robot_mode, normal, 
08/06/2022 15:46:45:922, robot_pos, 1654699479781, 657.28, 140.43, 506.53, 2.98, 0.67, -1.77, circuit_pos, 656.49, 140.63, 506.76, 2.98, 0.67, -1.77, tool_force, -2.36, 3.11, 0.88, actual_rep, 1, curr_step, 139, track_size, 143, robot_vel, 1.86, joints_pos, 28.02, 53.12, -15.58, -45.89, -65.69, 107.24, 50.05, tool_torque, 0.504, -0.551, 0.274, joint_torque, -1.03, 1.27, -0.69, -0.17, -0.81, -0.44, 0.28, robot_mode, normal, 
08/06/2022 15:46:46:024, robot_pos, 1654699479933, 657.23, 140.44, 506.54, 2.98, 0.67, -1.77, circuit_pos, 656.49, 140.63, 506.76, 2.98, 0.67, -1.77, tool_force, -2.41, 2.95, 1.0, actual_rep, 1, curr_step, 137, track_size, 143, robot_vel, 0.92, joints_pos, 28.03, 53.11, -15.58, -45.91, -65.69, 107.24, 50.06, tool_torque, 0.525, -0.562, 0.249, joint_torque, -1.1, 1.27, -0.75, -0.18, -0.83, -0.44, 0.25, robot_mode, normal, 
08/06/2022 15:46:46:385, robot_pos, 1654699480227, 657.21, 140.4, 506.56, 2.98, 0.67, -1.77, circuit_pos, 656.49, 140.63, 506.76, 2.98, 0.67, -1.77, tool_force, -2.43, 2.89, 1.16, actual_rep, 1, curr_step, 131, track_size, 143, robot_vel, 0.31, joints_pos, 28.03, 53.11, -15.59, -45.91, -65.69, 107.24, 50.06, tool_torque, 0.551, -0.577, 0.25, joint_torque, -1.25, 1.19, -0.84, -0.19, -0.87, -0.41, 0.26, robot_mode, normal, 
08/06/2022 15:46:46:493, robot_pos, 1654699480391, 657.21, 140.39, 506.57, 2.98, 0.67, -1.77, circuit_pos, 656.49, 140.63, 506.77, 2.98, 0.67, -1.77, tool_force, -2.5, 2.79, 1.2, actual_rep, 1, curr_step, 129, track_size, 143, robot_vel, 0.03, joints_pos, 28.03, 53.11, -15.59, -45.91, -65.69, 107.24, 50.06, tool_torque, 0.559, -0.582, 0.251, joint_torque, -1.28, 1.11, -0.87, -0.16, -0.9, -0.4, 0.26, robot_mode, normal, 
08/06/2022 15:46:46:690, robot_pos, 1654699480539, 657.21, 140.39, 506.6, 2.98, 0.67, -1.77, circuit_pos, 656.48, 140.63, 506.79, 2.98, 0.67, -1.77, tool_force, -2.51, 2.77, 1.28, actual_rep, 1, curr_step, 126, track_size, 143, robot_vel, 0.24, joints_pos, 28.03, 53.11, -15.59, -45.91, -65.69, 107.24, 50.06, tool_torque, 0.572, -0.592, 0.261, joint_torque, -1.35, 1.1, -0.91, -0.16, -0.93, -0.39, 0.27, robot_mode, normal, 
08/06/2022 15:46:46:762, robot_pos, 1654699480688, 657.2, 140.38, 506.61, 2.98, 0.67, -1.77, circuit_pos, 656.48, 140.63, 506.8, 2.98, 0.67, -1.77, tool_force, -2.62, 2.72, 1.25, actual_rep, 1, curr_step, 123, track_size, 143, robot_vel, 0.14, joints_pos, 28.03, 53.1, -15.59, -45.92, -65.69, 107.24, 50.06, tool_torque, 0.571, -0.596, 0.265, joint_torque, -1.34, 1.03, -0.91, -0.11, -0.95, -0.39, 0.28, robot_mode, normal, 
08/06/2022 15:46:46:990, robot_pos, 1654699480838, 657.2, 140.38, 506.63, 2.98, 0.67, -1.77, circuit_pos, 656.43, 140.68, 506.8, 2.98, 0.67, -1.77, tool_force, -2.61, 2.58, 1.25, actual_rep, 1, curr_step, 121, track_size, 143, robot_vel, 0.24, joints_pos, 28.03, 53.1, -15.59, -45.92, -65.69, 107.24, 50.06, tool_torque, 0.568, -0.604, 0.269, joint_torque, -1.33, 0.97, -0.92, -0.09, -0.97, -0.4, 0.28, robot_mode, normal, 
08/06/2022 15:46:47:038, robot_pos, 1654699480989, 657.12, 140.48, 506.92, 2.98, 0.67, -1.77, circuit_pos, 656.34, 140.78, 507.35, 2.98, 0.67, -1.77, tool_force, -2.75, 3.13, 1.39, actual_rep, 1, curr_step, 118, track_size, 143, robot_vel, 3.24, joints_pos, 28.04, 53.08, -15.59, -45.91, -65.71, 107.24, 50.05, tool_torque, 0.551, -0.552, 0.275, joint_torque, -1.52, 1.15, -0.89, -0.16, -0.92, -0.43, 0.29, robot_mode, normal, 
08/06/2022 15:46:47:292, robot_pos, 1654699481137, 657.11, 140.59, 507.24, 2.98, 0.67, -1.77, circuit_pos, 656.35, 140.61, 507.53, 2.98, 0.67, -1.78, tool_force, -3.01, 3.82, 1.1, actual_rep, 1, curr_step, 116, track_size, 143, robot_vel, 1.28, joints_pos, 28.04, 53.04, -15.54, -45.92, -65.74, 107.18, 50.02, tool_torque, 0.581, -0.63, 0.311, joint_torque, -1.37, 1.57, -0.96, -0.23, -0.87, -0.51, 0.31, robot_mode, normal, 
08/06/2022 15:46:47:337, robot_pos, 1654699481285, 657.04, 140.43, 507.53, 2.98, 0.67, -1.78, circuit_pos, 656.31, 141.0, 506.79, 2.98, 0.67, -1.78, tool_force, -2.91, 1.0, 0.96, actual_rep, 1, curr_step, 113, track_size, 143, robot_vel, 6.41, joints_pos, 28.02, 52.87, -15.46, -46.05, -65.48, 106.91, 50.08, tool_torque, 0.726, -0.66, 0.213, joint_torque, -1.0, -0.2, -1.34, 0.4, -1.2, -0.2, 0.2, robot_mode, normal, 
08/06/2022 15:46:47:579, robot_pos, 1654699481440, 656.74, 140.74, 506.46, 2.98, 0.67, -1.77, circuit_pos, 656.39, 141.31, 506.04, 2.98, 0.67, -1.77, tool_force, -3.52, 2.62, 1.04, actual_rep, 1, curr_step, 110, track_size, 143, robot_vel, 6.84, joints_pos, 28.08, 52.95, -15.51, -46.15, -65.61, 107.06, 50.19, tool_torque, 0.599, -0.526, 0.128, joint_torque, -1.71, 0.84, -1.09, 0.07, -0.96, -0.5, 0.14, robot_mode, normal, 
08/06/2022 15:46:47:745, robot_pos, 1654699481586, 657.13, 140.91, 505.9, 2.98, 0.67, -1.77, circuit_pos, 655.94, 139.6, 506.18, 2.98, 0.66, -1.78, tool_force, -2.11, 3.44, 1.09, actual_rep, 1, curr_step, 108, track_size, 143, robot_vel, 6.51, joints_pos, 28.05, 53.11, -15.51, -45.98, -65.68, 107.18, 50.15, tool_torque, 0.531, -0.728, 0.219, joint_torque, -1.65, 1.08, -1.11, -0.13, -1.03, -0.56, 0.22, robot_mode, normal, 
08/06/2022 15:46:47:854, robot_pos, 1654699481741, 656.96, 139.45, 506.2, 2.98, 0.66, -1.78, circuit_pos, 655.75, 137.42, 506.49, 2.98, 0.66, -1.8, tool_force, -2.92, 1.23, 0.85, actual_rep, 1, curr_step, 106, track_size, 143, robot_vel, 10.12, joints_pos, 27.98, 52.82, -15.5, -46.29, -65.2, 106.73, 49.81, tool_torque, 0.871, -0.76, 0.426, joint_torque, -1.43, 0.39, -1.59, 0.26, -1.33, -0.31, 0.42, robot_mode, normal, 
08/06/2022 15:46:48:146, robot_pos, 1654699482040, 655.84, 133.17, 507.81, 2.96, 0.66, -1.81, circuit_pos, 655.17, 126.43, 509.4, 2.95, 0.66, -1.83, tool_force, -3.25, 3.44, -0.38, actual_rep, 1, curr_step, 101, track_size, 143, robot_vel, 25.85, joints_pos, 27.67, 52.01, -15.62, -47.11, -63.98, 105.93, 50.17, tool_torque, 0.723, -0.844, 0.091, joint_torque, -0.33, 1.62, -0.69, -0.03, -1.14, -0.57, 0.09, robot_mode, normal, 
08/06/2022 15:46:48:390, robot_pos, 1654699482336, 656.29, 121.72, 508.98, 2.95, 0.66, -1.83, circuit_pos, 656.57, 112.89, 509.51, 2.95, 0.66, -1.84, tool_force, -2.92, 1.71, -0.58, actual_rep, 1, curr_step, 96, track_size, 143, robot_vel, 39.67, joints_pos, 26.96, 51.08, -15.68, -48.32, -63.31, 104.45, 50.51, tool_torque, 0.987, -0.589, 0.015, joint_torque, -0.41, 0.99, -0.91, -0.03, -1.16, -0.06, 0.01, robot_mode, normal, 
08/06/2022 15:46:48:648, robot_pos, 1654699482484, 656.9, 115.99, 509.33, 2.95, 0.66, -1.84, circuit_pos, 657.45, 103.38, 510.22, 2.94, 0.65, -1.87, tool_force, -2.1, 0.99, -0.7, actual_rep, 1, curr_step, 93, track_size, 143, robot_vel, 34.82, joints_pos, 26.58, 50.71, -15.7, -48.84, -63.16, 103.7, 50.56, tool_torque, 1.015, -0.621, 0.114, joint_torque, 0.09, 0.46, -0.91, 0.16, -1.2, 0.12, 0.11, robot_mode, normal, 
08/06/2022 15:46:48:668, robot_pos, 1654699482635, 657.18, 110.14, 509.82, 2.95, 0.66, -1.85, circuit_pos, 657.93, 96.79, 510.85, 2.93, 0.65, -1.89, tool_force, -2.41, 1.19, -0.04, actual_rep, 1, curr_step, 91, track_size, 143, robot_vel, 36.25, joints_pos, 26.17, 50.29, -15.68, -49.31, -62.7, 103.01, 50.53, tool_torque, 1.063, -0.609, 0.168, joint_torque, -0.68, 0.51, -1.24, 0.26, -1.31, -0.03, 0.16, robot_mode, normal, 
08/06/2022 15:46:48:939, robot_pos, 1654699482786, 657.73, 104.23, 510.5, 2.94, 0.65, -1.87, circuit_pos, 658.61, 86.29, 513.32, 2.9, 0.65, -1.93, tool_force, -2.71, 0.95, -0.07, actual_rep, 1, curr_step, 88, track_size, 143, robot_vel, 37.46, joints_pos, 25.73, 49.9, -15.67, -49.67, -62.16, 102.29, 50.55, tool_torque, 1.146, -0.642, 0.114, joint_torque, -0.45, -0.01, -1.34, 0.41, -1.42, 0.19, 0.1, robot_mode, normal, 
08/06/2022 15:46:49:057, robot_pos, 1654699482935, 658.14, 98.5, 511.65, 2.93, 0.65, -1.89, circuit_pos, 659.42, 73.57, 517.48, 2.86, 0.65, -1.98, tool_force, -3.08, 1.41, -0.64, actual_rep, 1, curr_step, 85, track_size, 143, robot_vel, 40.11, joints_pos, 25.28, 49.5, -15.67, -49.94, -61.47, 101.63, 50.57, tool_torque, 1.254, -0.524, 0.046, joint_torque, -0.69, 0.54, -1.32, 0.2, -1.34, 0.23, 0.04, robot_mode, normal, 
08/06/2022 15:46:49:209, robot_pos, 1654699483083, 658.53, 92.77, 513.04, 2.91, 0.65, -1.91, circuit_pos, 659.48, 65.34, 519.23, 2.83, 0.64, -2.02, tool_force, -3.01, 1.07, -0.84, actual_rep, 1, curr_step, 83, track_size, 143, robot_vel, 38.06, joints_pos, 24.79, 49.16, -15.67, -50.04, -60.73, 101.18, 50.6, tool_torque, 1.201, -0.573, 0.052, joint_torque, -0.22, 0.34, -1.19, 0.33, -1.35, 0.23, 0.04, robot_mode, normal, 
08/06/2022 15:46:49:358, robot_pos, 1654699483234, 658.84, 87.04, 514.32, 2.89, 0.65, -1.93, circuit_pos, 660.0, 56.14, 520.23, 2.79, 0.64, -2.08, tool_force, -2.72, 0.21, -1.31, actual_rep, 1, curr_step, 80, track_size, 143, robot_vel, 39.01, joints_pos, 24.29, 48.79, -15.66, -50.15, -59.82, 100.68, 50.6, tool_torque, 1.303, -0.604, 0.1, joint_torque, 0.1, 0.14, -1.19, 0.45, -1.42, 0.3, 0.08, robot_mode, normal, 
08/06/2022 15:46:49:480, robot_pos, 1654699483382, 659.22, 81.27, 515.5, 2.87, 0.65, -1.96, circuit_pos, 659.97, 51.55, 520.16, 2.76, 0.63, -2.13, tool_force, -3.61, 0.45, -1.27, actual_rep, 1, curr_step, 78, track_size, 143, robot_vel, 41.3, joints_pos, 23.78, 48.44, -15.64, -50.23, -58.78, 100.14, 50.65, tool_torque, 1.294, -0.64, 0.013, joint_torque, -0.06, -0.09, -1.33, 0.55, -1.49, 0.27, -0.01, robot_mode, normal, 
08/06/2022 15:46:49:657, robot_pos, 1654699483533, 659.37, 75.53, 516.4, 2.85, 0.65, -1.99, circuit_pos, 658.01, 42.87, 519.2, 2.73, 0.62, -2.17, tool_force, -3.18, 0.07, -1.78, actual_rep, 1, curr_step, 75, track_size, 143, robot_vel, 38.96, joints_pos, 23.24, 48.02, -15.62, -50.35, -57.47, 99.54, 50.72, tool_torque, 1.361, -0.646, 0.029, joint_torque, 0.26, -0.5, -1.38, 0.8, -1.58, 0.31, 0.0, robot_mode, normal, 
08/06/2022 15:46:49:758, robot_pos, 1654699483681, 659.16, 69.77, 516.99, 2.83, 0.64, -2.02, circuit_pos, 656.05, 35.97, 519.02, 2.71, 0.61, -2.18, tool_force, -3.93, 0.53, -1.77, actual_rep, 1, curr_step, 73, track_size, 143, robot_vel, 39.58, joints_pos, 22.74, 47.61, -15.62, -50.57, -56.25, 98.99, 50.78, tool_torque, 1.385, -0.614, 0.043, joint_torque, 0.08, -0.28, -1.38, 0.78, -1.57, 0.32, 0.02, robot_mode, normal, 
08/06/2022 15:46:49:962, robot_pos, 1654699483835, 658.6, 63.9, 517.33, 2.81, 0.64, -2.05, circuit_pos, 651.83, 25.43, 517.24, 2.67, 0.59, -2.2, tool_force, -3.49, 0.06, -2.1, actual_rep, 1, curr_step, 70, track_size, 143, robot_vel, 38.29, joints_pos, 22.24, 47.2, -15.63, -50.86, -55.14, 98.55, 50.82, tool_torque, 1.369, -0.607, 0.051, joint_torque, 0.16, -0.61, -1.34, 0.8, -1.57, 0.39, 0.03, robot_mode, normal, 
08/06/2022 15:46:50:059, robot_pos, 1654699483982, 657.7, 58.28, 517.31, 2.79, 0.63, -2.07, circuit_pos, 648.86, 19.39, 515.9, 2.65, 0.58, -2.22, tool_force, -3.95, 1.29, -2.27, actual_rep, 1, curr_step, 68, track_size, 143, robot_vel, 35.88, joints_pos, 21.76, 46.83, -15.63, -51.18, -54.14, 98.26, 50.87, tool_torque, 1.26, -0.641, 0.067, joint_torque, 0.39, -0.21, -1.11, 0.82, -1.5, 0.26, 0.05, robot_mode, normal, 
08/06/2022 15:46:50:292, robot_pos, 1654699484132, 656.57, 52.43, 517.19, 2.76, 0.62, -2.1, circuit_pos, 646.44, 12.64, 515.72, 2.64, 0.56, -2.24, tool_force, -3.26, 0.62, -2.28, actual_rep, 1, curr_step, 66, track_size, 143, robot_vel, 44.73, joints_pos, 21.28, 46.42, -15.64, -51.58, -53.13, 97.96, 50.89, tool_torque, 1.223, -0.668, 0.1, joint_torque, 0.43, -0.36, -1.03, 0.98, -1.55, 0.05, 0.09, robot_mode, normal, 
08/06/2022 15:46:50:457, robot_pos, 1654699484281, 655.2, 46.68, 517.1, 2.75, 0.62, -2.12, circuit_pos, 642.38, 1.41, 516.69, 2.62, 0.55, -2.28, tool_force, -3.31, 1.01, -3.23, actual_rep, 1, curr_step, 63, track_size, 143, robot_vel, 41.43, joints_pos, 20.81, 45.94, -15.64, -52.11, -52.17, 97.53, 50.89, tool_torque, 1.189, -0.661, 0.119, joint_torque, 0.96, -0.31, -0.73, 1.07, -1.42, 0.12, 0.1, robot_mode, normal, 
08/06/2022 15:46:50:564, robot_pos, 1654699484432, 653.66, 40.89, 517.05, 2.73, 0.61, -2.14, circuit_pos, 639.1, -10.6, 514.23, 2.59, 0.53, -2.33, tool_force, -3.84, 1.43, -2.41, actual_rep, 1, curr_step, 60, track_size, 143, robot_vel, 41.54, joints_pos, 20.36, 45.43, -15.64, -52.67, -51.24, 97.06, 50.91, tool_torque, 1.155, -0.646, 0.11, joint_torque, 0.58, 0.14, -0.78, 0.9, -1.39, 0.01, 0.09, robot_mode, normal, 
08/06/2022 15:46:50:726, robot_pos, 1654699484582, 652.12, 35.04, 516.7, 2.71, 0.6, -2.16, circuit_pos, 636.86, -18.2, 511.18, 2.58, 0.52, -2.36, tool_force, -3.27, 1.81, -2.76, actual_rep, 1, curr_step, 58, track_size, 143, robot_vel, 40.25, joints_pos, 19.88, 44.91, -15.63, -53.28, -50.21, 96.49, 50.91, tool_torque, 1.144, -0.652, 0.158, joint_torque, 0.82, -0.45, -0.77, 1.32, -1.45, -0.02, 0.14, robot_mode, normal, 
08/06/2022 15:46:50:838, robot_pos, 1654699484733, 650.56, 29.28, 516.05, 2.7, 0.59, -2.19, circuit_pos, 633.49, -29.29, 506.13, 2.55, 0.5, -2.41, tool_force, -3.63, 1.78, -2.77, actual_rep, 1, curr_step, 55, track_size, 143, robot_vel, 40.37, joints_pos, 19.42, 44.39, -15.63, -53.94, -49.19, 95.83, 50.93, tool_torque, 1.144, -0.675, 0.13, joint_torque, 0.65, -0.29, -0.88, 1.22, -1.47, 0.0, 0.11, robot_mode, normal, 
08/06/2022 15:46:51:029, robot_pos, 1654699484883, 648.92, 23.41, 515.09, 2.68, 0.58, -2.21, circuit_pos, 631.5, -36.59, 501.27, 2.54, 0.48, -2.44, tool_force, -3.4, 1.78, -3.2, actual_rep, 1, curr_step, 53, track_size, 143, robot_vel, 40.14, joints_pos, 18.93, 43.87, -15.63, -54.62, -48.14, 95.16, 50.96, tool_torque, 1.212, -0.681, 0.132, joint_torque, 1.01, -0.34, -0.73, 1.24, -1.44, 0.04, 0.11, robot_mode, normal, 
08/06/2022 15:46:51:131, robot_pos, 1654699485035, 647.33, 17.61, 513.76, 2.67, 0.58, -2.23, circuit_pos, 629.84, -47.34, 494.75, 2.52, 0.46, -2.49, tool_force, -3.52, 1.22, -3.52, actual_rep, 1, curr_step, 50, track_size, 143, robot_vel, 41.53, joints_pos, 18.43, 43.35, -15.63, -55.34, -47.06, 94.39, 50.97, tool_torque, 1.195, -0.676, 0.155, joint_torque, 0.89, -0.87, -0.84, 1.56, -1.53, 0.12, 0.14, robot_mode, normal, 
08/06/2022 15:46:51:350, robot_pos, 1654699485186, 645.87, 11.7, 512.15, 2.65, 0.57, -2.26, circuit_pos, 628.96, -56.8, 492.42, 2.52, 0.45, -2.51, tool_force, -3.65, 0.83, -3.61, actual_rep, 1, curr_step, 48, track_size, 143, robot_vel, 43.79, joints_pos, 17.94, 42.87, -15.63, -56.05, -46.02, 93.56, 50.98, tool_torque, 1.266, -0.701, 0.186, joint_torque, 0.71, -0.37, -0.87, 1.34, -1.53, 0.09, 0.17, robot_mode, normal, 
08/06/2022 15:46:51:452, robot_pos, 1654699485344, 644.44, 5.66, 510.44, 2.64, 0.56, -2.28, circuit_pos, 627.97, -66.32, 489.84, 2.51, 0.44, -2.55, tool_force, -3.12, 1.32, -3.18, actual_rep, 1, curr_step, 46, track_size, 143, robot_vel, 39.58, joints_pos, 17.41, 42.36, -15.63, -56.82, -44.93, 92.62, 50.95, tool_torque, 1.24, -0.754, 0.31, joint_torque, 0.79, -0.73, -0.89, 1.52, -1.55, 0.09, 0.29, robot_mode, normal, 
08/06/2022 15:46:51:651, robot_pos, 1654699485494, 643.14, -0.23, 508.82, 2.63, 0.55, -2.31, circuit_pos, 627.97, -66.32, 489.84, 2.51, 0.44, -2.55, tool_force, -3.25, 0.82, -2.85, actual_rep, 1, curr_step, 46, track_size, 143, robot_vel, 42.28, joints_pos, 16.9, 41.92, -15.63, -57.47, -43.96, 91.75, 50.88, tool_torque, 1.212, -0.741, 0.381, joint_torque, 0.71, -0.62, -0.86, 1.5, -1.54, 0.06, 0.37, robot_mode, normal, 
08/06/2022 15:46:51:827, robot_pos, 1654699485642, 641.91, -5.91, 507.2, 2.61, 0.54, -2.33, circuit_pos, 627.97, -66.32, 489.84, 2.51, 0.44, -2.55, tool_force, -2.93, 1.54, -3.27, actual_rep, 1, curr_step, 46, track_size, 143, robot_vel, 40.41, joints_pos, 16.37, 41.48, -15.63, -58.12, -42.93, 90.85, 50.76, tool_torque, 1.234, -0.754, 0.453, joint_torque, 0.93, -0.62, -0.76, 1.6, -1.51, 0.04, 0.44, robot_mode, normal, 
08/06/2022 15:46:51:921, robot_pos, 1654699485792, 640.62, -11.75, 505.58, 2.6, 0.53, -2.35, circuit_pos, 627.97, -66.32, 489.84, 2.51, 0.44, -2.55, tool_force, -3.21, 1.46, -3.07, actual_rep, 1, curr_step, 46, track_size, 143, robot_vel, 40.95, joints_pos, 15.84, 41.06, -15.62, -58.74, -41.92, 89.96, 50.59, tool_torque, 1.203, -0.794, 0.462, joint_torque, 0.55, -0.91, -1.02, 1.6, -1.56, 0.06, 0.45, robot_mode, normal, 
08/06/2022 15:46:52:130, robot_pos, 1654699485945, 639.36, -17.56, 503.96, 2.59, 0.53, -2.37, circuit_pos, 627.97, -66.32, 489.84, 2.51, 0.44, -2.55, tool_force, -2.79, 1.34, -3.08, actual_rep, 1, curr_step, 46, track_size, 143, robot_vel, 54.04, joints_pos, 15.3, 40.66, -15.62, -59.34, -40.92, 89.11, 50.39, tool_torque, 1.175, -0.779, 0.482, joint_torque, 0.7, -1.16, -0.93, 1.86, -1.55, 0.0, 0.47, robot_mode, normal, 
08/06/2022 15:46:52:194, robot_pos, 1654699486092, 638.16, -23.4, 502.42, 2.58, 0.52, -2.4, circuit_pos, 627.97, -66.32, 489.84, 2.51, 0.44, -2.55, tool_force, -3.09, 1.32, -2.95, actual_rep, 1, curr_step, 46, track_size, 143, robot_vel, 38.99, joints_pos, 14.72, 40.27, -15.62, -59.9, -39.89, 88.25, 50.11, tool_torque, 1.196, -0.781, 0.488, joint_torque, 0.87, -0.91, -0.8, 1.86, -1.49, -0.06, 0.47, robot_mode, normal, 
08/06/2022 15:46:52:433, robot_pos, 1654699486242, 636.87, -29.18, 500.78, 2.57, 0.51, -2.42, circuit_pos, 627.97, -66.32, 489.84, 2.51, 0.44, -2.55, tool_force, -3.01, 1.57, -3.08, actual_rep, 1, curr_step, 46, track_size, 143, robot_vel, 48.61, joints_pos, 14.16, 39.9, -15.62, -60.46, -38.88, 87.4, 49.83, tool_torque, 1.144, -0.798, 0.516, joint_torque, 0.68, -1.19, -0.89, 1.9, -1.51, -0.05, 0.5, robot_mode, normal, 
08/06/2022 15:46:52:463, robot_pos, 1654699486391, 635.7, -34.91, 499.18, 2.56, 0.5, -2.44, circuit_pos, 627.97, -66.32, 489.84, 2.51, 0.44, -2.55, tool_force, -3.21, 2.03, -3.12, actual_rep, 1, curr_step, 46, track_size, 143, robot_vel, 49.3, joints_pos, 13.56, 39.55, -15.62, -60.98, -37.83, 86.56, 49.48, tool_torque, 1.114, -0.809, 0.514, joint_torque, 0.63, -0.75, -0.87, 1.78, -1.46, -0.14, 0.5, robot_mode, normal, 
08/06/2022 15:46:52:763, robot_pos, 1654699486690, 633.19, -46.46, 496.02, 2.54, 0.48, -2.48, circuit_pos, 627.97, -66.32, 489.84, 2.51, 0.44, -2.55, tool_force, -3.62, 2.17, -2.97, actual_rep, 1, curr_step, 46, track_size, 143, robot_vel, 40.48, joints_pos, 12.37, 38.87, -15.62, -61.97, -35.74, 84.94, 48.68, tool_torque, 1.077, -0.84, 0.55, joint_torque, 0.98, -0.78, -0.57, 1.96, -1.34, -0.22, 0.53, robot_mode, normal, 
08/06/2022 15:46:53:004, robot_pos, 1654699486841, 631.94, -52.28, 494.38, 2.53, 0.47, -2.5, circuit_pos, 627.97, -66.32, 489.84, 2.51, 0.44, -2.55, tool_force, -3.39, 2.03, -3.18, actual_rep, 1, curr_step, 46, track_size, 143, robot_vel, 39.99, joints_pos, 11.76, 38.56, -15.62, -62.43, -34.67, 84.14, 48.21, tool_torque, 1.083, -0.798, 0.543, joint_torque, 0.9, -0.69, -0.55, 1.98, -1.32, -0.28, 0.53, robot_mode, normal, 
08/06/2022 15:46:53:167, robot_pos, 1654699486993, 630.73, -58.18, 492.83, 2.52, 0.46, -2.52, circuit_pos, 627.97, -66.32, 489.84, 2.51, 0.44, -2.55, tool_force, -3.54, 1.86, -3.25, actual_rep, 1, curr_step, 46, track_size, 143, robot_vel, 46.33, joints_pos, 11.12, 38.27, -15.62, -62.86, -33.6, 83.39, 47.7, tool_torque, 0.995, -0.846, 0.548, joint_torque, 0.87, -1.28, -0.62, 2.22, -1.31, -0.31, 0.53, robot_mode, normal, 
08/06/2022 15:46:53:275, robot_pos, 1654699487149, 629.53, -64.1, 491.08, 2.51, 0.45, -2.54, circuit_pos, 627.39, -70.85, 487.74, 2.51, 0.44, -2.56, tool_force, -3.67, 2.95, -3.49, actual_rep, 1, curr_step, 45, track_size, 143, robot_vel, 40.98, joints_pos, 10.47, 37.99, -15.62, -63.3, -32.49, 82.57, 47.15, tool_torque, 1.01, -0.868, 0.539, joint_torque, 1.32, -1.18, -0.37, 2.51, -1.34, -0.42, 0.51, robot_mode, normal, 
08/06/2022 15:46:53:470, robot_pos, 1654699487298, 628.48, -69.43, 488.67, 2.51, 0.44, -2.56, circuit_pos, 626.7, -75.57, 484.88, 2.5, 0.42, -2.58, tool_force, -3.31, 2.11, -3.34, actual_rep, 1, curr_step, 44, track_size, 143, robot_vel, 47.76, joints_pos, 9.97, 37.77, -15.62, -63.88, -31.95, 81.65, 46.82, tool_torque, 0.915, -0.756, 0.516, joint_torque, 1.4, -1.37, -0.22, 2.41, -1.14, -0.39, 0.5, robot_mode, normal, 
08/06/2022 15:46:53:571, robot_pos, 1654699487449, 627.85, -74.58, 485.9, 2.5, 0.42, -2.58, circuit_pos, 626.15, -80.01, 481.82, 2.5, 0.41, -2.6, tool_force, -3.01, 1.97, -3.94, actual_rep, 1, curr_step, 43, track_size, 143, robot_vel, 37.47, joints_pos, 9.28, 37.66, -15.61, -64.13, -30.44, 80.96, 45.99, tool_torque, 1.016, -0.789, 0.553, joint_torque, 0.46, -1.66, -0.95, 2.35, -1.37, -0.25, 0.54, robot_mode, normal, 
08/06/2022 15:46:53:775, robot_pos, 1654699487601, 627.09, -79.78, 482.53, 2.49, 0.41, -2.6, circuit_pos, 625.57, -84.03, 478.79, 2.49, 0.4, -2.62, tool_force, -3.56, 2.19, -4.01, actual_rep, 1, curr_step, 42, track_size, 143, robot_vel, 43.31, joints_pos, 8.64, 37.51, -15.59, -64.59, -29.17, 80.01, 45.28, tool_torque, 1.119, -0.83, 0.587, joint_torque, 1.0, -1.41, -0.71, 2.47, -1.32, -0.33, 0.55, robot_mode, normal, 
08/06/2022 15:46:53:876, robot_pos, 1654699487749, 626.38, -84.75, 478.87, 2.49, 0.4, -2.62, circuit_pos, 624.75, -88.59, 475.5, 2.49, 0.39, -2.64, tool_force, -3.64, 1.57, -3.6, actual_rep, 1, curr_step, 41, track_size, 143, robot_vel, 41.32, joints_pos, 8.03, 37.39, -15.6, -65.06, -27.87, 79.03, 44.57, tool_torque, 1.102, -0.804, 0.561, joint_torque, 0.48, -1.63, -0.98, 2.45, -1.33, -0.29, 0.53, robot_mode, normal, 
08/06/2022 15:46:54:078, robot_pos, 1654699487901, 625.06, -90.29, 475.26, 2.48, 0.39, -2.65, circuit_pos, 622.07, -100.74, 468.58, 2.47, 0.36, -2.68, tool_force, -3.37, 1.74, -4.07, actual_rep, 1, curr_step, 38, track_size, 143, robot_vel, 45.27, joints_pos, 7.37, 37.24, -15.6, -65.57, -26.6, 78.16, 43.96, tool_torque, 1.055, -0.876, 0.577, joint_torque, 1.06, -1.99, -0.64, 2.7, -1.25, -0.41, 0.54, robot_mode, normal, 
08/06/2022 15:46:54:256, robot_pos, 1654699488051, 624.08, -96.31, 471.99, 2.47, 0.37, -2.67, circuit_pos, 620.81, -111.67, 460.93, 2.46, 0.33, -2.72, tool_force, -3.12, 2.52, -4.02, actual_rep, 1, curr_step, 35, track_size, 143, robot_vel, 49.41, joints_pos, 6.62, 37.18, -15.62, -65.9, -25.22, 77.46, 43.12, tool_torque, 0.957, -0.835, 0.576, joint_torque, 1.25, -1.78, -0.38, 2.69, -1.15, -0.47, 0.56, robot_mode, normal, 
08/06/2022 15:46:54:358, robot_pos, 1654699488207, 623.23, -102.13, 467.89, 2.47, 0.36, -2.69, circuit_pos, 620.73, -117.54, 453.61, 2.45, 0.31, -2.75, tool_force, -4.32, 1.68, -3.37, actual_rep, 1, curr_step, 33, track_size, 143, robot_vel, 47.99, joints_pos, 5.86, 37.17, -15.61, -66.26, -23.69, 76.64, 42.16, tool_torque, 1.049, -0.828, 0.592, joint_torque, 0.91, -1.41, -0.58, 2.52, -1.12, -0.48, 0.56, robot_mode, normal, 
08/06/2022 15:46:54:557, robot_pos, 1654699488356, 622.55, -107.81, 462.41, 2.46, 0.34, -2.72, circuit_pos, 620.63, -120.19, 449.21, 2.45, 0.3, -2.77, tool_force, -3.1, 2.33, -4.45, actual_rep, 1, curr_step, 32, track_size, 143, robot_vel, 49.66, joints_pos, 5.04, 37.23, -15.56, -66.66, -21.96, 75.72, 41.25, tool_torque, 1.031, -0.939, 0.599, joint_torque, 0.67, -2.12, -0.96, 2.64, -1.23, -0.46, 0.56, robot_mode, normal, 
08/06/2022 15:46:54:627, robot_pos, 1654699488508, 622.04, -113.48, 456.7, 2.45, 0.32, -2.74, circuit_pos, 620.63, -120.19, 449.21, 2.45, 0.3, -2.77, tool_force, -2.93, 1.04, -4.23, actual_rep, 1, curr_step, 32, track_size, 143, robot_vel, 54.77, joints_pos, 4.21, 37.34, -15.55, -67.03, -20.06, 74.78, 40.14, tool_torque, 1.055, -0.964, 0.624, joint_torque, 1.2, -2.45, -0.7, 2.92, -1.11, -0.52, 0.56, robot_mode, normal, 
08/06/2022 15:46:54:856, robot_pos, 1654699488657, 621.62, -119.0, 451.08, 2.45, 0.3, -2.77, circuit_pos, 620.28, -122.66, 444.57, 2.44, 0.29, -2.79, tool_force, -2.1, 1.87, -5.0, actual_rep, 1, curr_step, 31, track_size, 143, robot_vel, 58.14, joints_pos, 3.48, 37.49, -15.56, -67.4, -18.54, 73.86, 39.18, tool_torque, 0.868, -0.833, 0.591, joint_torque, 1.2, -2.33, -0.55, 2.72, -0.9, -0.48, 0.54, robot_mode, normal, 
08/06/2022 15:46:54:900, robot_pos, 1654699488809, 621.06, -121.2, 446.52, 2.44, 0.29, -2.79, circuit_pos, 619.74, -125.04, 439.88, 2.43, 0.27, -2.81, tool_force, -2.36, 2.32, -4.59, actual_rep, 1, curr_step, 30, track_size, 143, robot_vel, 30.87, joints_pos, 3.06, 37.59, -15.52, -67.74, -17.27, 73.3, 38.81, tool_torque, 0.992, -0.965, 0.582, joint_torque, 1.0, -2.22, -0.75, 2.71, -1.04, -0.55, 0.53, robot_mode, normal, 
08/06/2022 15:46:55:161, robot_pos, 1654699488959, 620.61, -124.31, 441.46, 2.43, 0.27, -2.81, circuit_pos, 619.16, -127.3, 435.32, 2.42, 0.26, -2.83, tool_force, -2.38, 1.29, -4.16, actual_rep, 1, curr_step, 29, track_size, 143, robot_vel, 45.95, joints_pos, 2.49, 37.78, -15.53, -67.94, -15.5, 72.88, 38.14, tool_torque, 0.851, -0.906, 0.57, joint_torque, 0.52, -2.82, -1.02, 2.92, -1.04, -0.6, 0.53, robot_mode, normal, 
08/06/2022 15:46:55:188, robot_pos, 1654699489111, 619.94, -126.72, 435.99, 2.42, 0.26, -2.83, circuit_pos, 618.12, -133.17, 423.36, 2.41, 0.22, -2.87, tool_force, -3.08, 3.45, -4.15, actual_rep, 1, curr_step, 26, track_size, 143, robot_vel, 38.38, joints_pos, 2.01, 37.97, -15.53, -68.26, -13.92, 72.4, 37.48, tool_torque, 0.838, -0.87, 0.622, joint_torque, 1.37, -1.95, -0.33, 2.84, -0.76, -0.71, 0.57, robot_mode, normal, 
08/06/2022 15:46:55:440, robot_pos, 1654699489262, 619.61, -129.71, 430.18, 2.41, 0.23, -2.86, circuit_pos, 617.52, -136.77, 415.79, 2.4, 0.19, -2.9, tool_force, -3.58, 2.05, -3.91, actual_rep, 1, curr_step, 24, track_size, 143, robot_vel, 39.6, joints_pos, 1.37, 38.27, -15.53, -68.4, -11.86, 72.07, 36.42, tool_torque, 0.715, -0.936, 0.637, joint_torque, 0.95, -2.24, -0.59, 2.95, -0.74, -0.82, 0.58, robot_mode, normal, 
08/06/2022 15:46:55:589, robot_pos, 1654699489411, 619.18, -132.42, 424.43, 2.41, 0.21, -2.88, circuit_pos, 615.82, -140.88, 406.9, 2.4, 0.16, -2.93, tool_force, -2.7, 2.79, -4.31, actual_rep, 1, curr_step, 22, track_size, 143, robot_vel, 40.44, joints_pos, 0.85, 38.54, -15.53, -68.65, -10.27, 71.65, 35.58, tool_torque, 0.832, -0.861, 0.62, joint_torque, 1.07, -2.3, -0.6, 2.93, -0.74, -0.77, 0.56, robot_mode, normal, 
08/06/2022 15:46:55:732, robot_pos, 1654699489562, 618.34, -135.14, 418.73, 2.4, 0.2, -2.9, circuit_pos, 615.82, -140.88, 406.9, 2.4, 0.16, -2.93, tool_force, -3.01, 2.69, -4.52, actual_rep, 1, curr_step, 22, track_size, 143, robot_vel, 42.81, joints_pos, 0.32, 38.77, -15.53, -68.97, -8.6, 71.2, 34.59, tool_torque, 0.81, -0.894, 0.64, joint_torque, 0.45, -2.06, -0.95, 2.76, -0.79, -0.81, 0.58, robot_mode, normal, 
08/06/2022 15:46:55:909, robot_pos, 1654699489715, 617.56, -137.9, 412.91, 2.4, 0.18, -2.92, circuit_pos, 615.82, -140.88, 406.9, 2.4, 0.16, -2.93, tool_force, -3.34, 3.17, -4.06, actual_rep, 1, curr_step, 22, track_size, 143, robot_vel, 42.38, joints_pos, -0.22, 39.05, -15.53, -69.25, -6.91, 70.83, 33.6, tool_torque, 0.773, -0.965, 0.67, joint_torque, 1.07, -2.3, -0.58, 3.18, -0.66, -0.97, 0.6, robot_mode, normal, 
08/06/2022 15:46:55:997, robot_pos, 1654699489864, 616.81, -140.82, 407.15, 2.4, 0.16, -2.93, circuit_pos, 614.75, -143.33, 402.14, 2.4, 0.15, -2.94, tool_force, -3.25, 3.35, -4.39, actual_rep, 1, curr_step, 21, track_size, 143, robot_vel, 43.17, joints_pos, -0.71, 39.33, -15.54, -69.56, -5.57, 70.39, 32.68, tool_torque, 0.662, -0.828, 0.696, joint_torque, 0.93, -2.3, -0.52, 3.1, -0.5, -0.94, 0.64, robot_mode, normal, 
08/06/2022 15:46:56:210, robot_pos, 1654699490016, 615.57, -143.51, 401.39, 2.39, 0.15, -2.94, circuit_pos, 612.68, -148.32, 392.56, 2.39, 0.13, -2.97, tool_force, -3.47, 3.07, -4.68, actual_rep, 1, curr_step, 19, track_size, 143, robot_vel, 51.34, joints_pos, -1.11, 39.56, -15.58, -69.97, -4.49, 69.91, 32.14, tool_torque, 0.504, -0.886, 0.687, joint_torque, 0.56, -2.57, -0.63, 3.32, -0.5, -1.07, 0.67, robot_mode, normal, 
08/06/2022 15:46:56:270, robot_pos, 1654699490164, 614.47, -146.48, 395.69, 2.39, 0.13, -2.96, circuit_pos, 611.62, -150.79, 387.66, 2.39, 0.12, -2.98, tool_force, -3.41, 3.37, -4.32, actual_rep, 1, curr_step, 18, track_size, 143, robot_vel, 50.33, joints_pos, -1.64, 39.77, -15.58, -70.4, -2.94, 69.29, 31.25, tool_torque, 0.653, -0.901, 0.708, joint_torque, 1.03, -2.51, -0.44, 3.23, -0.45, -0.99, 0.67, robot_mode, normal, 
08/06/2022 15:46:56:511, robot_pos, 1654699490316, 613.26, -149.39, 390.04, 2.39, 0.12, -2.98, circuit_pos, 610.7, -153.31, 382.76, 2.4, 0.11, -3.0, tool_force, -3.08, 4.18, -4.93, actual_rep, 1, curr_step, 17, track_size, 143, robot_vel, 51.98, joints_pos, -2.08, 39.97, -15.55, -70.86, -1.94, 68.65, 30.46, tool_torque, 0.537, -0.895, 0.734, joint_torque, 1.25, -2.53, -0.25, 3.34, -0.23, -1.06, 0.67, robot_mode, normal, 
08/06/2022 15:46:56:541, robot_pos, 1654699490467, 612.21, -152.53, 384.32, 2.4, 0.11, -3.0, circuit_pos, 609.87, -155.68, 378.02, 2.4, 0.11, -3.02, tool_force, -3.66, 3.61, -4.67, actual_rep, 1, curr_step, 16, track_size, 143, robot_vel, 48.81, joints_pos, -2.65, 40.13, -15.54, -71.4, -0.3, 67.69, 28.81, tool_torque, 0.498, -0.911, 0.756, joint_torque, 0.95, -2.82, -0.46, 3.51, -0.22, -1.15, 0.7, robot_mode, normal, 
08/06/2022 15:46:56:808, robot_pos, 1654699490618, 610.89, -155.12, 378.47, 2.4, 0.11, -3.02, circuit_pos, 608.07, -159.76, 369.0, 2.4, 0.09, -3.05, tool_force, -2.6, 4.34, -4.3, actual_rep, 1, curr_step, 14, track_size, 143, robot_vel, 40.13, joints_pos, -3.06, 40.17, -15.54, -72.16, 1.03, 66.43, 27.81, tool_torque, 0.551, -0.809, 0.722, joint_torque, 1.17, -2.74, -0.29, 3.4, -0.13, -1.07, 0.66, robot_mode, normal, 
08/06/2022 15:46:56:946, robot_pos, 1654699490771, 609.73, -157.92, 372.59, 2.4, 0.1, -3.04, circuit_pos, 607.17, -161.73, 364.27, 2.4, 0.09, -3.07, tool_force, -2.9, 3.82, -4.66, actual_rep, 1, curr_step, 13, track_size, 143, robot_vel, 42.66, joints_pos, -3.58, 40.42, -15.54, -72.59, 2.66, 65.77, 26.57, tool_torque, 0.593, -0.887, 0.731, joint_torque, 1.11, -3.07, -0.48, 3.61, -0.16, -1.15, 0.65, robot_mode, normal, 
08/06/2022 15:46:57:113, robot_pos, 1654699490940, 608.79, -160.61, 366.21, 2.4, 0.09, -3.07, circuit_pos, 606.45, -163.34, 359.53, 2.4, 0.08, -3.09, tool_force, -2.5, 4.28, -4.27, actual_rep, 1, curr_step, 12, track_size, 143, robot_vel, 41.36, joints_pos, -4.06, 40.59, -15.54, -73.24, 4.25, 64.54, 25.38, tool_torque, 0.564, -0.733, 0.675, joint_torque, 1.22, -2.74, -0.24, 3.24, -0.08, -0.98, 0.6, robot_mode, normal, 
08/06/2022 15:46:57:247, robot_pos, 1654699491089, 607.62, -162.81, 360.79, 2.4, 0.08, -3.09, circuit_pos, 605.11, -165.8, 351.92, 2.39, 0.07, -3.12, tool_force, -3.17, 4.06, -5.04, actual_rep, 1, curr_step, 10, track_size, 143, robot_vel, 43.37, joints_pos, -4.52, 40.76, -15.53, -73.76, 5.86, 63.69, 24.16, tool_torque, 0.506, -0.856, 0.672, joint_torque, 1.14, -3.33, -0.34, 3.6, 0.02, -1.09, 0.59, robot_mode, normal, 
08/06/2022 15:46:57:381, robot_pos, 1654699491240, 606.68, -163.96, 355.43, 2.39, 0.08, -3.11, circuit_pos, 602.73, -167.48, 339.73, 2.38, 0.05, 3.12, tool_force, -2.39, 4.78, -5.04, actual_rep, 1, curr_step, 7, track_size, 143, robot_vel, 34.42, joints_pos, -4.8, 40.94, -15.53, -74.29, 7.08, 62.9, 23.61, tool_torque, 0.663, -0.924, 0.648, joint_torque, 1.8, -2.96, 0.02, 3.5, 0.01, -1.08, 0.55, robot_mode, normal, 
08/06/2022 15:46:57:550, robot_pos, 1654699491391, 605.6, -165.26, 349.52, 2.39, 0.07, -3.13, circuit_pos, 601.36, -167.67, 331.84, 2.37, 0.04, 3.11, tool_force, -2.57, 4.05, -4.28, actual_rep, 1, curr_step, 5, track_size, 143, robot_vel, 41.43, joints_pos, -5.19, 41.18, -15.51, -74.81, 8.77, 62.17, 22.66, tool_torque, 0.481, -0.75, 0.586, joint_torque, 0.92, -3.11, -0.45, 3.47, 0.03, -1.06, 0.51, robot_mode, normal, 
08/06/2022 15:46:57:654, robot_pos, 1654699491542, 604.58, -165.71, 343.67, 2.38, 0.06, 3.14, circuit_pos, 599.67, -167.41, 324.98, 2.36, 0.03, 3.09, tool_force, -2.83, 4.37, -4.53, actual_rep, 1, curr_step, 2, track_size, 143, robot_vel, 37.47, joints_pos, -5.41, 41.44, -15.52, -75.29, 9.95, 61.53, 22.13, tool_torque, 0.517, -0.833, 0.617, joint_torque, 1.31, -3.09, -0.2, 3.54, 0.14, -1.12, 0.52, robot_mode, normal, 
08/06/2022 15:46:57:851, robot_pos, 1654699491696, 603.37, -166.12, 337.87, 2.37, 0.05, 3.12, circuit_pos, 599.69, -167.03, 324.58, 2.36, 0.03, 3.09, tool_force, -2.62, 4.84, -4.9, actual_rep, 1, curr_step, 0, track_size, 143, robot_vel, 37.6, joints_pos, -5.63, 41.69, -15.53, -75.79, 11.27, 60.94, 21.63, tool_torque, 0.451, -0.862, 0.578, joint_torque, 1.37, -3.4, -0.12, 3.6, 0.13, -1.15, 0.5, robot_mode, normal, 
08/06/2022 15:46:57:956, robot_pos, 1654699491847, 602.19, -166.5, 332.06, 2.37, 0.04, 3.11, circuit_pos, 599.69, -167.03, 324.58, 2.36, 0.03, 3.09, tool_force, -2.84, 4.73, -4.46, actual_rep, 1, curr_step, 0, track_size, 143, robot_vel, 38.78, joints_pos, -5.88, 41.96, -15.53, -76.28, 12.62, 60.38, 21.08, tool_torque, 0.472, -0.818, 0.581, joint_torque, 1.22, -3.25, -0.2, 3.72, 0.16, -1.2, 0.51, robot_mode, normal, 
08/06/2022 15:46:58:156, robot_pos, 1654699491999, 601.01, -166.95, 326.3, 2.36, 0.03, 3.09, circuit_pos, 599.69, -167.03, 324.58, 2.36, 0.03, 3.09, tool_force, -3.04, 4.43, -5.24, actual_rep, 2, curr_step, 0, track_size, 143, robot_vel, 39.11, joints_pos, -6.12, 42.23, -15.53, -76.74, 13.94, 59.81, 20.5, tool_torque, 0.421, -0.919, 0.569, joint_torque, 0.84, -3.92, -0.53, 3.93, 0.11, -1.23, 0.5, robot_mode, normal, 
08/06/2022 15:46:58:736, robot_pos, 1654699492150, 600.71, -167.2, 325.65, 2.36, 0.03, 3.09, circuit_pos, 599.69, -167.03, 324.58, 2.36, 0.03, 3.09, tool_force, -2.59, 3.58, -4.32, actual_rep, 2, curr_step, 0, track_size, 143, robot_vel, 27.7, joints_pos, -6.12, 42.24, -15.59, -76.84, 14.15, 59.7, 20.36, tool_torque, 0.025, -0.985, 0.373, joint_torque, 0.66, -3.55, -0.23, 3.63, 0.16, -1.37, 0.36, robot_mode, normal, 
