08/06/2022 11:35:46: File Created!
08/06/2022 11:35:46:061, robot_pos, 1654684419579, 615.86, -96.41, 301.58, 2.33, 0.02, 3.1, circuit_pos, 614.51, -95.41, 300.96, 2.33, 0.01, 3.09, tool_force, -1.42, -0.96, 0.03, actual_rep, 1, curr_step, 1, track_size, 67, robot_vel, 0.15, joints_pos, 3.08, 44.74, -19.68, -77.38, 17.98, 58.54, 26.14, tool_torque, -0.172, 0.063, 0.053, joint_torque, -0.1, -13.18, -1.91, 7.97, 0.29, -0.38, 0.05, robot_mode, normal, 
08/06/2022 11:35:46:175, robot_pos, 1654684419711, 616.09, -96.41, 302.48, 2.33, 0.02, 3.1, circuit_pos, 614.51, -95.41, 300.96, 2.33, 0.01, 3.09, tool_force, 2.19, -3.28, -7.34, actual_rep, 1, curr_step, 1, track_size, 67, robot_vel, 0.15, joints_pos, 3.08, 44.66, -19.69, -77.34, 17.98, 58.56, 26.14, tool_torque, -0.253, -0.077, 0.063, joint_torque, 0.19, -12.41, -1.62, 7.15, 0.39, -0.32, 0.03, robot_mode, normal, 
08/06/2022 11:35:46:364, robot_pos, 1654684419863, 615.38, -95.78, 305.3, 2.33, 0.01, 3.09, circuit_pos, 616.55, -89.83, 303.01, 2.34, 0.01, 3.09, tool_force, -2.66, 0.24, 2.04, actual_rep, 1, curr_step, 3, track_size, 67, robot_vel, 16.69, joints_pos, 3.09, 44.41, -19.66, -77.35, 18.01, 59.01, 26.14, tool_torque, -0.375, 0.036, 0.083, joint_torque, -0.07, -12.57, -1.67, 8.44, 0.48, -0.52, 0.09, robot_mode, normal, 
08/06/2022 11:35:46:450, robot_pos, 1654684420006, 616.14, -92.11, 306.46, 2.34, 0.01, 3.09, circuit_pos, 617.27, -84.39, 304.45, 2.34, 0.01, 3.09, tool_force, -2.36, -1.13, 0.91, actual_rep, 1, curr_step, 4, track_size, 67, robot_vel, 30.14, joints_pos, 3.29, 44.3, -19.47, -77.29, 18.05, 59.08, 26.26, tool_torque, -0.397, 0.248, -0.061, joint_torque, -0.63, -12.55, -2.03, 7.71, 0.41, -0.38, -0.09, robot_mode, normal, 
08/06/2022 11:35:46:651, robot_pos, 1654684420194, 617.18, -84.8, 308.31, 2.34, 0.01, 3.09, circuit_pos, 617.97, -77.27, 306.08, 2.35, 0.0, 3.09, tool_force, -2.69, -1.75, 1.21, actual_rep, 1, curr_step, 5, track_size, 67, robot_vel, 36.03, joints_pos, 3.89, 44.17, -19.38, -77.19, 17.91, 59.37, 26.7, tool_torque, -0.454, 0.136, -0.158, joint_torque, -0.57, -12.55, -2.0, 7.74, 0.37, -0.44, -0.18, robot_mode, normal, 
08/06/2022 11:35:46:749, robot_pos, 1654684420359, 617.97, -78.38, 309.69, 2.35, 0.01, 3.09, circuit_pos, 618.94, -69.06, 307.72, 2.35, 0.0, 3.09, tool_force, -0.82, -1.74, 0.43, actual_rep, 1, curr_step, 6, track_size, 67, robot_vel, 38.73, joints_pos, 4.34, 44.07, -19.23, -77.09, 17.93, 59.68, 26.97, tool_torque, -0.587, -0.068, -0.169, joint_torque, -0.53, -13.34, -2.15, 7.86, 0.34, -0.53, -0.2, robot_mode, normal, 
08/06/2022 11:35:46:995, robot_pos, 1654684420532, 618.76, -71.72, 311.12, 2.35, 0.0, 3.09, circuit_pos, 619.92, -60.37, 309.23, 2.36, 0.0, 3.09, tool_force, -1.61, -2.06, 0.98, actual_rep, 1, curr_step, 7, track_size, 67, robot_vel, 38.7, joints_pos, 4.85, 43.97, -19.12, -76.99, 17.95, 59.95, 27.32, tool_torque, -0.462, 0.058, -0.176, joint_torque, -0.77, -12.98, -2.23, 7.76, 0.32, -0.45, -0.21, robot_mode, normal, 
08/06/2022 11:35:47:177, robot_pos, 1654684420683, 619.46, -65.91, 312.2, 2.36, 0.0, 3.09, circuit_pos, 619.92, -60.37, 309.23, 2.36, 0.0, 3.09, tool_force, -0.67, -2.32, 0.02, actual_rep, 1, curr_step, 7, track_size, 67, robot_vel, 42.21, joints_pos, 5.31, 43.89, -19.03, -76.93, 17.95, 60.12, 27.71, tool_torque, -0.49, 0.0010, -0.157, joint_torque, -0.55, -13.26, -2.16, 7.71, 0.38, -0.39, -0.2, robot_mode, normal, 
08/06/2022 11:35:47:278, robot_pos, 1654684420832, 620.03, -60.12, 313.12, 2.36, 0.0, 3.09, circuit_pos, 620.71, -51.23, 310.47, 2.36, 0.0, 3.09, tool_force, -1.63, -1.95, 0.56, actual_rep, 1, curr_step, 8, track_size, 67, robot_vel, 38.79, joints_pos, 5.77, 43.82, -18.94, -76.89, 17.95, 60.24, 28.17, tool_torque, -0.483, 0.078, -0.163, joint_torque, -0.53, -13.0, -2.03, 7.87, 0.4, -0.45, -0.2, robot_mode, normal, 
08/06/2022 11:35:47:485, robot_pos, 1654684421005, 620.65, -53.43, 314.09, 2.36, 0.0, 3.09, circuit_pos, 621.26, -41.56, 311.37, 2.36, -0.01, 3.09, tool_force, -1.18, -1.93, 0.34, actual_rep, 1, curr_step, 9, track_size, 67, robot_vel, 38.33, joints_pos, 6.3, 43.74, -18.84, -76.85, 17.95, 60.36, 28.74, tool_torque, -0.495, 0.066, -0.17, joint_torque, -0.32, -13.06, -1.88, 7.85, 0.45, -0.41, -0.22, robot_mode, normal, 
08/06/2022 11:35:47:584, robot_pos, 1654684421171, 621.09, -46.95, 314.82, 2.36, 0.0, 3.09, circuit_pos, 621.26, -41.56, 311.37, 2.36, -0.01, 3.09, tool_force, -0.91, -1.69, 0.59, actual_rep, 1, curr_step, 9, track_size, 67, robot_vel, 39.98, joints_pos, 6.84, 43.67, -18.76, -76.83, 17.9, 60.44, 29.38, tool_torque, -0.49, 0.092, -0.157, joint_torque, -0.37, -13.11, -2.0, 7.85, 0.42, -0.43, -0.2, robot_mode, normal, 
08/06/2022 11:35:47:808, robot_pos, 1654684421349, 621.44, -40.05, 315.41, 2.36, -0.01, 3.09, circuit_pos, 621.62, -31.48, 312.03, 2.35, -0.01, 3.09, tool_force, -1.17, -1.67, 0.57, actual_rep, 1, curr_step, 10, track_size, 67, robot_vel, 41.25, joints_pos, 7.42, 43.6, -18.68, -76.82, 17.83, 60.52, 30.16, tool_torque, -0.533, 0.09, -0.151, joint_torque, -0.41, -13.12, -1.93, 7.95, 0.49, -0.45, -0.2, robot_mode, normal, 
08/06/2022 11:35:48:138, robot_pos, 1654684421675, 621.9, -27.51, 316.26, 2.35, -0.01, 3.09, circuit_pos, 621.89, -20.92, 312.52, 2.35, -0.01, 3.09, tool_force, -1.17, -1.72, 0.47, actual_rep, 1, curr_step, 11, track_size, 67, robot_vel, 37.26, joints_pos, 8.53, 43.52, -18.6, -76.82, 17.76, 60.64, 31.62, tool_torque, -0.519, 0.089, -0.145, joint_torque, -0.47, -13.13, -1.97, 7.94, 0.46, -0.47, -0.19, robot_mode, normal, 
08/06/2022 11:35:48:337, robot_pos, 1654684421822, 622.08, -21.89, 316.51, 2.35, -0.01, 3.09, circuit_pos, 622.17, -9.89, 312.78, 2.34, -0.01, 3.09, tool_force, -0.85, -1.86, 0.36, actual_rep, 1, curr_step, 12, track_size, 67, robot_vel, 38.12, joints_pos, 9.03, 43.49, -18.58, -76.82, 17.72, 60.66, 32.34, tool_torque, -0.519, 0.086, -0.139, joint_torque, -0.41, -13.23, -1.94, 7.91, 0.46, -0.44, -0.18, robot_mode, normal, 
08/06/2022 11:35:48:352, robot_pos, 1654684421970, 622.23, -16.12, 316.7, 2.35, -0.01, 3.09, circuit_pos, 622.17, -9.89, 312.78, 2.34, -0.01, 3.09, tool_force, -0.92, -1.74, 0.39, actual_rep, 1, curr_step, 12, track_size, 67, robot_vel, 39.57, joints_pos, 9.56, 43.47, -18.57, -76.82, 17.71, 60.68, 33.01, tool_torque, -0.548, 0.138, -0.145, joint_torque, -0.71, -13.15, -2.02, 7.89, 0.46, -0.44, -0.18, robot_mode, normal, 
08/06/2022 11:35:48:620, robot_pos, 1654684422120, 622.35, -10.28, 316.84, 2.34, -0.01, 3.09, circuit_pos, 622.23, 1.55, 312.89, 2.34, -0.01, 3.09, tool_force, -0.77, -1.67, 0.35, actual_rep, 1, curr_step, 13, track_size, 67, robot_vel, 44.8, joints_pos, 10.1, 43.46, -18.56, -76.81, 17.69, 60.69, 33.71, tool_torque, -0.519, 0.11, -0.144, joint_torque, -0.46, -13.16, -1.94, 7.89, 0.46, -0.44, -0.18, robot_mode, normal, 
08/06/2022 11:35:48:739, robot_pos, 1654684422270, 622.41, -4.52, 316.93, 2.34, -0.01, 3.09, circuit_pos, 622.23, 1.55, 312.89, 2.34, -0.01, 3.09, tool_force, -0.94, -1.92, 0.3, actual_rep, 1, curr_step, 13, track_size, 67, robot_vel, 36.73, joints_pos, 10.62, 43.45, -18.56, -76.81, 17.69, 60.7, 34.38, tool_torque, -0.565, 0.154, -0.143, joint_torque, -0.7, -13.23, -2.01, 7.91, 0.47, -0.44, -0.17, robot_mode, normal, 
08/06/2022 11:35:48:896, robot_pos, 1654684422420, 622.44, 1.26, 317.01, 2.34, -0.01, 3.09, circuit_pos, 622.12, 13.2, 312.97, 2.33, -0.01, 3.09, tool_force, -0.78, -1.64, 0.44, actual_rep, 1, curr_step, 14, track_size, 67, robot_vel, 49.39, joints_pos, 11.16, 43.45, -18.55, -76.8, 17.67, 60.71, 35.07, tool_torque, -0.514, 0.118, -0.122, joint_torque, -0.29, -13.12, -1.82, 7.9, 0.5, -0.44, -0.17, robot_mode, normal, 
08/06/2022 11:35:49:049, robot_pos, 1654684422575, 622.41, 7.22, 317.08, 2.34, -0.01, 3.09, circuit_pos, 622.12, 13.2, 312.97, 2.33, -0.01, 3.09, tool_force, -1.05, -1.88, 0.39, actual_rep, 1, curr_step, 14, track_size, 67, robot_vel, 35.86, joints_pos, 11.7, 43.44, -18.54, -76.8, 17.66, 60.71, 35.76, tool_torque, -0.516, 0.131, -0.124, joint_torque, -0.47, -13.16, -1.91, 7.89, 0.47, -0.45, -0.16, robot_mode, normal, 
08/06/2022 11:35:49:167, robot_pos, 1654684422726, 622.38, 13.12, 317.15, 2.33, -0.01, 3.09, circuit_pos, 621.96, 24.75, 313.18, 2.33, -0.01, 3.09, tool_force, -0.59, -1.65, 0.22, actual_rep, 1, curr_step, 15, track_size, 67, robot_vel, 39.23, joints_pos, 12.22, 43.44, -18.53, -76.79, 17.65, 60.71, 36.42, tool_torque, -0.53, 0.137, -0.126, joint_torque, -0.53, -13.25, -1.97, 7.92, 0.48, -0.44, -0.17, robot_mode, normal, 
08/06/2022 11:35:49:353, robot_pos, 1654684422880, 622.31, 19.01, 317.26, 2.33, -0.01, 3.09, circuit_pos, 621.96, 24.75, 313.18, 2.33, -0.01, 3.09, tool_force, -1.27, -2.14, 0.33, actual_rep, 1, curr_step, 15, track_size, 67, robot_vel, 38.44, joints_pos, 12.76, 43.44, -18.52, -76.77, 17.64, 60.71, 37.13, tool_torque, -0.517, 0.169, -0.097, joint_torque, -0.45, -13.14, -1.85, 7.88, 0.5, -0.43, -0.13, robot_mode, normal, 
08/06/2022 11:35:49:440, robot_pos, 1654684423033, 622.23, 24.95, 317.4, 2.33, -0.01, 3.09, circuit_pos, 621.75, 36.03, 313.56, 2.32, -0.01, 3.09, tool_force, -0.81, -1.74, 0.38, actual_rep, 1, curr_step, 16, track_size, 67, robot_vel, 37.39, joints_pos, 13.3, 43.44, -18.51, -76.74, 17.63, 60.71, 37.81, tool_torque, -0.52, 0.16, -0.089, joint_torque, -0.62, -13.23, -1.92, 7.93, 0.49, -0.45, -0.12, robot_mode, normal, 
08/06/2022 11:35:49:585, robot_pos, 1654684423195, 622.12, 31.17, 317.59, 2.33, -0.01, 3.09, circuit_pos, 621.75, 36.03, 313.56, 2.32, -0.01, 3.09, tool_force, -1.12, -1.96, 0.32, actual_rep, 1, curr_step, 16, track_size, 67, robot_vel, 40.06, joints_pos, 13.87, 43.44, -18.5, -76.71, 17.61, 60.72, 38.56, tool_torque, -0.536, 0.2, -0.112, joint_torque, -0.71, -13.17, -1.99, 7.88, 0.48, -0.43, -0.14, robot_mode, normal, 
08/06/2022 11:35:49:786, robot_pos, 1654684423345, 622.01, 36.98, 317.81, 2.32, -0.01, 3.09, circuit_pos, 621.47, 46.72, 314.09, 2.32, -0.01, 3.09, tool_force, -0.79, -1.68, 0.4, actual_rep, 1, curr_step, 17, track_size, 67, robot_vel, 45.39, joints_pos, 14.39, 43.44, -18.5, -76.67, 17.58, 60.72, 39.26, tool_torque, -0.512, 0.181, -0.095, joint_torque, -0.42, -13.17, -1.85, 7.88, 0.49, -0.43, -0.12, robot_mode, normal, 
08/06/2022 11:35:49:888, robot_pos, 1654684423495, 621.87, 42.73, 318.07, 2.32, -0.01, 3.09, circuit_pos, 621.16, 56.75, 314.8, 2.32, -0.01, 3.09, tool_force, -0.68, -1.59, 0.27, actual_rep, 1, curr_step, 18, track_size, 67, robot_vel, 38.85, joints_pos, 14.93, 43.44, -18.5, -76.63, 17.55, 60.72, 39.96, tool_torque, -0.551, 0.211, -0.112, joint_torque, -0.52, -13.27, -1.88, 7.94, 0.49, -0.44, -0.13, robot_mode, normal, 
08/06/2022 11:35:50:086, robot_pos, 1654684423648, 621.72, 48.61, 318.41, 2.32, -0.01, 3.09, circuit_pos, 621.16, 56.75, 314.8, 2.32, -0.01, 3.09, tool_force, -0.83, -1.7, 0.34, actual_rep, 1, curr_step, 18, track_size, 67, robot_vel, 38.57, joints_pos, 15.47, 43.44, -18.5, -76.57, 17.49, 60.72, 40.66, tool_torque, -0.543, 0.241, -0.126, joint_torque, -0.65, -13.2, -1.9, 7.9, 0.46, -0.44, -0.14, robot_mode, normal, 
08/06/2022 11:35:50:189, robot_pos, 1654684423800, 621.55, 54.54, 318.79, 2.32, -0.01, 3.09, circuit_pos, 620.78, 66.07, 315.52, 2.31, -0.01, 3.09, tool_force, -1.04, -1.7, 0.29, actual_rep, 1, curr_step, 19, track_size, 67, robot_vel, 41.9, joints_pos, 16.01, 43.43, -18.5, -76.51, 17.44, 60.72, 41.4, tool_torque, -0.546, 0.264, -0.126, joint_torque, -0.59, -13.29, -1.83, 7.98, 0.48, -0.44, -0.13, robot_mode, sine_overlay, 
08/06/2022 11:35:50:388, robot_pos, 1654684423933, 621.43, 56.51, 319.1, 2.32, -0.01, 3.09, circuit_pos, 620.78, 66.07, 315.52, 2.31, -0.01, 3.09, tool_force, -1.69, -2.2, -1.13, actual_rep, 1, curr_step, 19, track_size, 67, robot_vel, 34.1, joints_pos, 16.31, 43.43, -18.66, -76.5, 17.39, 60.72, 41.69, tool_torque, -0.617, 0.27, -0.11, joint_torque, -1.07, -14.14, -2.03, 11.0, 0.38, -0.97, -0.03, robot_mode, sine_overlay, 
08/06/2022 11:35:50:487, robot_pos, 1654684424081, 622.28, 58.86, 326.61, 2.31, -0.01, 3.08, circuit_pos, 620.78, 66.07, 315.52, 2.31, -0.01, 3.09, tool_force, 3.08, -2.98, -1.04, actual_rep, 1, curr_step, 19, track_size, 67, robot_vel, 57.25, joints_pos, 16.37, 43.01, -18.55, -75.97, 17.39, 61.64, 42.02, tool_torque, -0.918, 0.068, -0.126, joint_torque, 0.41, -14.0, -1.18, 7.72, 0.64, -0.41, -0.12, robot_mode, sine_overlay, 
08/06/2022 11:35:50:690, robot_pos, 1654684424232, 620.22, 67.27, 325.78, 2.31, -0.01, 3.09, circuit_pos, 620.78, 66.07, 315.52, 2.31, -0.01, 3.09, tool_force, -3.41, 0.42, 1.1, actual_rep, 1, curr_step, 19, track_size, 67, robot_vel, 57.28, joints_pos, 17.04, 42.87, -18.25, -76.29, 16.97, 61.34, 43.15, tool_torque, -0.017, 0.532, -0.105, joint_torque, -1.13, -12.44, -2.29, 8.2, 0.3, -0.33, -0.14, robot_mode, sine_overlay, 
08/06/2022 11:35:50:789, robot_pos, 1654684424384, 621.04, 65.44, 326.5, 2.31, 0.0, 3.09, circuit_pos, 620.78, 66.07, 315.52, 2.31, -0.01, 3.09, tool_force, -1.84, -1.53, -1.04, actual_rep, 1, curr_step, 19, track_size, 67, robot_vel, 5.75, joints_pos, 17.32, 42.93, -18.9, -76.21, 16.93, 61.18, 43.18, tool_torque, -0.461, 0.16, 0.078, joint_torque, -0.41, -13.79, -1.6, 8.3, 0.41, -0.51, 0.17, robot_mode, sine_overlay, 
08/06/2022 11:35:50:991, robot_pos, 1654684424534, 625.24, 59.72, 326.59, 2.31, -0.01, 3.09, circuit_pos, 620.78, 66.07, 315.52, 2.31, -0.01, 3.09, tool_force, 2.38, -0.44, -0.1, actual_rep, 1, curr_step, 19, track_size, 67, robot_vel, 48.04, joints_pos, 16.75, 43.46, -19.13, -75.33, 17.48, 61.71, 42.4, tool_torque, -0.391, 0.056, 0.24, joint_torque, 0.85, -13.25, -0.87, 7.98, 0.65, -0.4, 0.28, robot_mode, sine_overlay, 
08/06/2022 11:35:51:091, robot_pos, 1654684424684, 625.9, 63.16, 325.55, 2.31, -0.02, 3.09, circuit_pos, 620.78, 66.07, 315.52, 2.31, -0.01, 3.09, tool_force, 0.59, -0.87, 0.43, actual_rep, 1, curr_step, 19, track_size, 67, robot_vel, 36.55, joints_pos, 16.71, 43.68, -18.71, -75.02, 17.53, 62.11, 42.62, tool_torque, -0.286, 0.129, 0.069, joint_torque, -0.01, -13.44, -1.79, 7.84, 0.48, -0.23, 0.02, robot_mode, sine_overlay, 
08/06/2022 11:35:51:323, robot_pos, 1654684424838, 620.63, 70.37, 325.63, 2.31, -0.01, 3.09, circuit_pos, 620.78, 66.07, 315.52, 2.31, -0.01, 3.09, tool_force, -1.99, -0.6, -0.36, actual_rep, 1, curr_step, 19, track_size, 67, robot_vel, 61.53, joints_pos, 17.46, 43.06, -18.56, -76.05, 17.18, 61.65, 43.35, tool_torque, -0.23, 0.397, -0.105, joint_torque, -1.44, -13.02, -2.55, 8.01, 0.25, -0.32, -0.11, robot_mode, sine_overlay, 
08/06/2022 11:35:51:396, robot_pos, 1654684424986, 618.09, 69.66, 326.57, 2.31, -0.01, 3.09, circuit_pos, 620.78, 66.07, 315.52, 2.31, -0.01, 3.09, tool_force, -2.38, -0.49, -0.26, actual_rep, 1, curr_step, 19, track_size, 67, robot_vel, 22.56, joints_pos, 17.83, 42.61, -18.96, -76.77, 17.08, 61.01, 43.43, tool_torque, -0.218, 0.248, -0.0020, joint_torque, -1.01, -13.62, -2.18, 8.53, 0.19, -0.48, 0.07, robot_mode, sine_overlay, 
08/06/2022 11:35:51:597, robot_pos, 1654684425137, 622.16, 62.36, 326.99, 2.31, 0.0, 3.09, circuit_pos, 620.78, 66.07, 315.52, 2.31, -0.01, 3.09, tool_force, 0.49, 0.05, 0.82, actual_rep, 1, curr_step, 19, track_size, 67, robot_vel, 58.24, joints_pos, 17.22, 43.04, -19.29, -76.03, 17.41, 61.3, 42.64, tool_torque, -0.326, -0.14, 0.252, joint_torque, 0.74, -13.77, -1.13, 8.58, 0.53, -0.63, 0.29, robot_mode, sine_overlay, 
08/06/2022 11:35:51:700, robot_pos, 1654684425288, 626.17, 60.69, 326.13, 2.31, -0.01, 3.09, circuit_pos, 620.78, 66.07, 315.52, 2.31, -0.01, 3.09, tool_force, 1.76, -0.84, -0.13, actual_rep, 1, curr_step, 19, track_size, 67, robot_vel, 27.06, joints_pos, 16.66, 43.66, -18.97, -75.03, 17.6, 62.05, 42.34, tool_torque, -0.26, 0.017, 0.253, joint_torque, 0.7, -13.17, -1.28, 7.72, 0.67, -0.23, 0.2, robot_mode, sine_overlay, 
08/06/2022 11:35:51:879, robot_pos, 1654684425438, 623.2, 67.66, 325.35, 2.31, -0.02, 3.09, circuit_pos, 620.78, 66.07, 315.52, 2.31, -0.01, 3.09, tool_force, -1.99, -0.13, 0.51, actual_rep, 1, curr_step, 19, track_size, 67, robot_vel, 56.13, joints_pos, 17.12, 43.4, -18.57, -75.51, 17.35, 61.96, 43.05, tool_torque, -0.213, 0.428, -0.065, joint_torque, -1.06, -12.94, -2.29, 8.1, 0.37, -0.3, -0.1, robot_mode, sine_overlay, 
08/06/2022 11:35:52:000, robot_pos, 1654684425590, 618.34, 71.26, 326.08, 2.31, -0.01, 3.09, circuit_pos, 620.78, 66.07, 315.52, 2.31, -0.01, 3.09, tool_force, -2.27, -1.08, -0.26, actual_rep, 1, curr_step, 19, track_size, 67, robot_vel, 44.34, joints_pos, 17.8, 42.71, -18.75, -76.64, 17.08, 61.18, 43.51, tool_torque, -0.192, 0.278, -0.093, joint_torque, -1.17, -13.43, -2.35, 8.45, 0.17, -0.43, -0.05, robot_mode, sine_overlay, 
08/06/2022 11:35:52:147, robot_pos, 1654684425741, 620.04, 65.47, 327.08, 2.31, 0.0, 3.09, circuit_pos, 620.78, 66.07, 315.52, 2.31, -0.01, 3.09, tool_force, 0.52, -0.18, 0.37, actual_rep, 1, curr_step, 19, track_size, 67, robot_vel, 38.6, joints_pos, 17.56, 42.77, -19.22, -76.48, 17.24, 61.04, 43.04, tool_torque, -0.216, 0.012, 0.225, joint_torque, -0.12, -13.25, -1.65, 7.91, 0.3, -0.37, 0.29, robot_mode, sine_overlay, 
08/06/2022 11:35:52:301, robot_pos, 1654684425893, 625.21, 59.92, 326.58, 2.31, -0.01, 3.09, circuit_pos, 620.78, 66.07, 315.52, 2.31, -0.01, 3.09, tool_force, 1.6, -0.57, 0.27, actual_rep, 1, curr_step, 19, track_size, 67, robot_vel, 45.05, joints_pos, 16.79, 43.48, -19.18, -75.31, 17.59, 61.8, 42.34, tool_torque, -0.3, 0.019, 0.294, joint_torque, 0.95, -13.02, -0.93, 7.84, 0.74, -0.33, 0.28, robot_mode, sine_overlay, 
08/06/2022 11:35:52:506, robot_pos, 1654684426042, 625.22, 64.39, 325.46, 2.31, -0.02, 3.09, circuit_pos, 620.78, 66.07, 315.52, 2.31, -0.01, 3.09, tool_force, 0.39, -1.88, -0.27, actual_rep, 1, curr_step, 19, track_size, 67, robot_vel, 39.58, joints_pos, 16.82, 43.62, -18.69, -75.14, 17.52, 62.11, 42.67, tool_torque, -0.195, 0.207, 0.027, joint_torque, -0.11, -13.14, -1.8, 7.68, 0.46, -0.12, -0.04, robot_mode, sine_overlay, 
08/06/2022 11:35:52:605, robot_pos, 1654684426193, 619.93, 71.0, 325.74, 2.31, -0.01, 3.09, circuit_pos, 620.78, 66.07, 315.52, 2.31, -0.01, 3.09, tool_force, -2.59, -0.25, -0.01, actual_rep, 1, curr_step, 19, track_size, 67, robot_vel, 55.66, joints_pos, 17.58, 42.96, -18.59, -76.22, 17.15, 61.53, 43.44, tool_torque, -0.183, 0.32, -0.103, joint_torque, -1.32, -13.27, -2.55, 8.37, 0.16, -0.46, -0.11, robot_mode, sine_overlay, 
08/06/2022 11:35:52:805, robot_pos, 1654684426343, 618.38, 68.6, 326.78, 2.31, 0.0, 3.09, circuit_pos, 620.78, 66.07, 315.52, 2.31, -0.01, 3.09, tool_force, -2.68, -1.58, -0.42, actual_rep, 1, curr_step, 19, track_size, 67, robot_vel, 22.53, joints_pos, 17.79, 42.63, -19.05, -76.73, 17.09, 61.01, 43.31, tool_torque, -0.232, 0.241, 0.071, joint_torque, -1.35, -13.16, -2.35, 8.23, 0.19, -0.48, 0.15, robot_mode, sine_overlay, 
08/06/2022 11:35:52:907, robot_pos, 1654684426493, 623.09, 61.41, 326.9, 2.31, 0.0, 3.09, circuit_pos, 620.78, 66.07, 315.52, 2.31, -0.01, 3.09, tool_force, 0.28, -0.49, 0.58, actual_rep, 1, curr_step, 19, track_size, 67, robot_vel, 60.93, joints_pos, 17.1, 43.16, -19.28, -75.83, 17.46, 61.4, 42.55, tool_torque, -0.328, -0.106, 0.252, joint_torque, 0.53, -13.54, -1.25, 8.01, 0.48, -0.35, 0.28, robot_mode, sine_overlay, 
08/06/2022 11:35:53:132, robot_pos, 1654684426644, 626.14, 61.43, 325.93, 2.31, -0.01, 3.09, circuit_pos, 620.78, 66.07, 315.52, 2.31, -0.01, 3.09, tool_force, 1.59, -0.83, 0.3, actual_rep, 1, curr_step, 19, track_size, 67, robot_vel, 30.95, joints_pos, 16.67, 43.68, -18.89, -75.01, 17.6, 62.1, 42.41, tool_torque, -0.264, 0.064, 0.203, joint_torque, 0.56, -13.16, -1.38, 7.8, 0.64, -0.27, 0.14, robot_mode, sine_overlay, 
08/06/2022 11:35:53:230, robot_pos, 1654684426793, 622.39, 68.72, 325.42, 2.31, -0.02, 3.09, circuit_pos, 620.78, 66.07, 315.52, 2.31, -0.01, 3.09, tool_force, -2.29, -2.38, -1.01, actual_rep, 1, curr_step, 19, track_size, 67, robot_vel, 57.07, joints_pos, 17.24, 43.29, -18.57, -75.68, 17.29, 61.86, 43.17, tool_torque, -0.189, 0.458, -0.077, joint_torque, -1.42, -13.64, -2.66, 8.16, 0.3, -0.12, -0.1, robot_mode, sine_overlay, 
08/06/2022 11:35:53:432, robot_pos, 1654684426944, 618.07, 70.9, 326.24, 2.31, -0.01, 3.09, circuit_pos, 620.78, 66.07, 315.52, 2.31, -0.01, 3.09, tool_force, -3.23, -0.5, -0.87, actual_rep, 1, curr_step, 19, track_size, 67, robot_vel, 22.02, joints_pos, 17.83, 42.65, -18.83, -76.72, 17.08, 61.1, 43.51, tool_torque, -0.247, 0.201, -0.055, joint_torque, -1.43, -13.54, -2.55, 8.59, 0.11, -0.51, -0.01, robot_mode, sine_overlay, 
08/06/2022 11:35:53:504, robot_pos, 1654684427093, 620.74, 64.34, 327.08, 2.31, 0.0, 3.09, circuit_pos, 620.78, 66.07, 315.52, 2.31, -0.01, 3.09, tool_force, 1.18, -1.53, -0.39, actual_rep, 1, curr_step, 19, track_size, 67, robot_vel, 60.62, joints_pos, 17.44, 42.85, -19.25, -76.34, 17.29, 61.12, 42.89, tool_torque, -0.278, -0.074, 0.235, joint_torque, -0.15, -13.63, -1.76, 7.94, 0.31, -0.42, 0.29, robot_mode, sine_overlay, 
08/06/2022 11:35:53:735, robot_pos, 1654684427249, 625.75, 59.99, 326.41, 2.31, -0.01, 3.09, circuit_pos, 620.78, 66.07, 315.52, 2.31, -0.01, 3.09, tool_force, 1.12, -0.64, 0.65, actual_rep, 1, curr_step, 19, track_size, 67, robot_vel, 37.49, joints_pos, 16.72, 43.57, -19.11, -75.17, 17.6, 61.91, 42.33, tool_torque, -0.248, 0.028, 0.29, joint_torque, 0.79, -13.31, -1.02, 7.94, 0.72, -0.28, 0.25, robot_mode, sine_overlay, 
08/06/2022 11:35:53:836, robot_pos, 1654684427394, 624.54, 65.5, 325.37, 2.31, -0.02, 3.09, circuit_pos, 620.78, 66.07, 315.52, 2.31, -0.01, 3.09, tool_force, 0.0, -1.35, -0.14, actual_rep, 1, curr_step, 19, track_size, 67, robot_vel, 47.66, joints_pos, 16.91, 43.56, -18.65, -75.24, 17.47, 62.11, 42.77, tool_torque, -0.202, 0.228, -0.0030, joint_torque, -0.27, -13.23, -1.94, 7.98, 0.44, -0.27, -0.06, robot_mode, sine_overlay, 
08/06/2022 11:35:54:039, robot_pos, 1654684427549, 619.21, 71.37, 325.85, 2.31, -0.01, 3.09, circuit_pos, 620.78, 66.07, 315.52, 2.31, -0.01, 3.09, tool_force, -3.06, -0.41, 0.15, actual_rep, 1, curr_step, 19, track_size, 67, robot_vel, 53.75, joints_pos, 17.68, 42.86, -18.64, -76.39, 17.12, 61.38, 43.5, tool_torque, -0.109, 0.264, -0.102, joint_torque, -1.38, -13.3, -2.62, 8.27, 0.12, -0.39, -0.1, robot_mode, sine_overlay, 
08/06/2022 11:35:54:136, robot_pos, 1654684427693, 618.75, 67.57, 326.91, 2.31, 0.0, 3.09, circuit_pos, 620.78, 66.07, 315.52, 2.31, -0.01, 3.09, tool_force, -1.1, 0.76, 0.3, actual_rep, 1, curr_step, 19, track_size, 67, robot_vel, 37.29, joints_pos, 17.73, 42.65, -19.11, -76.68, 17.12, 61.01, 43.23, tool_torque, -0.206, 0.114, 0.153, joint_torque, -0.02, -13.09, -1.54, 8.49, 0.38, -0.57, 0.21, robot_mode, sine_overlay, 
08/06/2022 11:35:54:314, robot_pos, 1654684427850, 624.05, 60.58, 326.77, 2.31, -0.01, 3.09, circuit_pos, 620.78, 66.07, 315.52, 2.31, -0.01, 3.09, tool_force, 1.91, -0.59, 0.87, actual_rep, 1, curr_step, 19, track_size, 67, robot_vel, 56.18, joints_pos, 16.96, 43.29, -19.26, -75.62, 17.52, 61.55, 42.45, tool_torque, -0.33, 0.111, 0.23, joint_torque, 0.57, -13.71, -1.18, 8.15, 0.53, -0.37, 0.28, robot_mode, sine_overlay, 
08/06/2022 11:35:54:441, robot_pos, 1654684427994, 625.97, 62.23, 325.77, 2.31, -0.01, 3.09, circuit_pos, 620.78, 66.07, 315.52, 2.31, -0.01, 3.09, tool_force, 2.11, 0.37, 0.73, actual_rep, 1, curr_step, 19, track_size, 67, robot_vel, 20.27, joints_pos, 16.7, 43.68, -18.84, -75.02, 17.6, 62.12, 42.51, tool_torque, -0.174, -0.031, 0.169, joint_torque, 1.33, -13.04, -0.94, 8.01, 0.71, -0.32, 0.07, robot_mode, sine_overlay, 
08/06/2022 11:35:54:585, robot_pos, 1654684428149, 621.43, 69.64, 325.54, 2.31, -0.02, 3.09, circuit_pos, 620.78, 66.07, 315.52, 2.31, -0.01, 3.09, tool_force, -1.73, -0.87, -1.2, actual_rep, 1, curr_step, 19, track_size, 67, robot_vel, 60.44, joints_pos, 17.38, 43.17, -18.57, -75.87, 17.24, 61.76, 43.27, tool_torque, -0.129, 0.355, -0.048, joint_torque, -0.51, -13.56, -2.05, 8.09, 0.41, -0.14, -0.1, robot_mode, sine_overlay, 
08/06/2022 11:35:54:753, robot_pos, 1654684428295, 618.03, 70.31, 326.42, 2.31, -0.01, 3.09, circuit_pos, 620.78, 66.07, 315.52, 2.31, -0.01, 3.09, tool_force, -2.49, 0.0, -0.1, actual_rep, 1, curr_step, 19, track_size, 67, robot_vel, 32.86, joints_pos, 17.83, 42.63, -18.9, -76.76, 17.08, 61.05, 43.5, tool_torque, -0.197, 0.217, -0.032, joint_torque, -0.57, -13.35, -1.88, 8.72, 0.25, -0.57, 0.02, robot_mode, sine_overlay, 
08/06/2022 11:35:54:868, robot_pos, 1654684428451, 621.6, 63.0, 327.05, 2.31, 0.0, 3.09, circuit_pos, 620.78, 66.07, 315.52, 2.31, -0.01, 3.09, tool_force, 1.74, 0.37, 0.91, actual_rep, 1, curr_step, 19, track_size, 67, robot_vel, 55.59, joints_pos, 17.3, 42.98, -19.28, -76.13, 17.37, 61.25, 42.68, tool_torque, -0.3, -0.15, 0.252, joint_torque, 0.48, -12.88, -1.27, 8.04, 0.45, -0.59, 0.29, robot_mode, sine_overlay, 
08/06/2022 11:35:55:050, robot_pos, 1654684428602, 626.06, 60.33, 326.24, 2.31, -0.01, 3.09, circuit_pos, 620.78, 66.07, 315.52, 2.31, -0.01, 3.09, tool_force, 2.53, -0.35, 0.35, actual_rep, 1, curr_step, 19, track_size, 67, robot_vel, 29.34, joints_pos, 16.68, 43.63, -19.04, -75.08, 17.6, 62.0, 42.33, tool_torque, -0.193, 0.017, 0.277, joint_torque, 1.38, -13.2, -0.85, 7.84, 0.76, -0.22, 0.22, robot_mode, sine_overlay, 
08/06/2022 11:35:55:164, robot_pos, 1654684428752, 623.62, 66.89, 325.35, 2.31, -0.02, 3.09, circuit_pos, 620.78, 66.07, 315.52, 2.31, -0.01, 3.09, tool_force, -1.21, 0.88, 0.53, actual_rep, 1, curr_step, 19, track_size, 67, robot_vel, 56.54, joints_pos, 17.06, 43.45, -18.6, -75.42, 17.39, 62.03, 42.97, tool_torque, -0.2, 0.271, -0.033, joint_torque, -0.2, -12.95, -1.86, 8.47, 0.49, -0.45, -0.09, robot_mode, sine_overlay, 
08/06/2022 11:35:55:353, robot_pos, 1654684428900, 618.64, 71.4, 325.97, 2.31, -0.01, 3.09, circuit_pos, 620.78, 66.07, 315.52, 2.31, -0.01, 3.09, tool_force, -2.58, -1.05, 0.09, actual_rep, 1, curr_step, 19, track_size, 67, robot_vel, 53.9, joints_pos, 17.76, 42.77, -18.7, -76.55, 17.09, 61.26, 43.51, tool_torque, -0.158, 0.306, -0.093, joint_torque, -1.19, -13.2, -2.41, 8.46, 0.16, -0.48, -0.08, robot_mode, sine_overlay, 
08/06/2022 11:35:55:468, robot_pos, 1654684429050, 619.62, 66.05, 327.05, 2.31, 0.0, 3.09, circuit_pos, 620.78, 66.07, 315.52, 2.31, -0.01, 3.09, tool_force, -0.31, 0.47, 0.33, actual_rep, 1, curr_step, 19, track_size, 67, robot_vel, 50.23, joints_pos, 17.6, 42.74, -19.19, -76.54, 17.2, 61.02, 43.09, tool_torque, -0.208, -0.043, 0.224, joint_torque, 0.36, -13.16, -1.35, 8.23, 0.4, -0.48, 0.27, robot_mode, sine_overlay, 
08/06/2022 11:35:55:655, robot_pos, 1654684429198, 624.74, 60.08, 326.65, 2.31, -0.01, 3.09, circuit_pos, 620.78, 66.07, 315.52, 2.31, -0.01, 3.09, tool_force, 2.04, -0.56, -0.18, actual_rep, 1, curr_step, 19, track_size, 67, robot_vel, 52.76, joints_pos, 16.86, 43.4, -19.23, -75.44, 17.56, 61.7, 42.37, tool_torque, -0.402, 0.013, 0.26, joint_torque, 0.92, -13.57, -0.98, 7.93, 0.69, -0.33, 0.28, robot_mode, sine_overlay, 
08/06/2022 11:35:55:782, robot_pos, 1654684429350, 625.54, 63.74, 325.53, 2.31, -0.02, 3.09, circuit_pos, 620.78, 66.07, 315.52, 2.31, -0.01, 3.09, tool_force, 0.52, -1.85, -0.59, actual_rep, 1, curr_step, 19, track_size, 67, robot_vel, 32.43, joints_pos, 16.79, 43.65, -18.74, -75.09, 17.56, 62.12, 42.63, tool_torque, -0.282, 0.114, 0.055, joint_torque, -0.19, -13.91, -1.98, 7.95, 0.47, -0.19, -0.01, robot_mode, sine_overlay, 
08/06/2022 11:35:55:947, robot_pos, 1654684429497, 620.45, 70.56, 325.68, 2.31, -0.01, 3.09, circuit_pos, 620.78, 66.07, 315.52, 2.31, -0.01, 3.09, tool_force, -2.62, -0.83, -0.11, actual_rep, 1, curr_step, 19, track_size, 67, robot_vel, 57.19, joints_pos, 17.51, 43.04, -18.58, -76.1, 17.19, 61.62, 43.38, tool_torque, -0.128, 0.342, -0.076, joint_torque, -0.89, -13.11, -2.23, 8.55, 0.31, -0.44, -0.1, robot_mode, sine_overlay, 
08/06/2022 11:35:56:097, robot_pos, 1654684429672, 618.59, 67.98, 326.85, 2.31, 0.0, 3.09, circuit_pos, 620.78, 66.07, 315.52, 2.31, -0.01, 3.09, tool_force, -1.71, -0.02, 0.18, actual_rep, 1, curr_step, 19, track_size, 67, robot_vel, 29.52, joints_pos, 17.75, 42.64, -19.08, -76.71, 17.1, 61.01, 43.26, tool_torque, -0.177, 0.136, 0.136, joint_torque, -0.12, -13.04, -1.52, 8.49, 0.38, -0.56, 0.2, robot_mode, sine_overlay, 
08/06/2022 11:35:56:281, robot_pos, 1654684429823, 623.33, 61.39, 326.89, 2.31, -0.01, 3.09, circuit_pos, 620.78, 66.07, 315.52, 2.31, -0.01, 3.09, tool_force, 9.99, -2.93, -2.43, actual_rep, 1, curr_step, 19, track_size, 67, robot_vel, 56.41, joints_pos, 17.05, 43.19, -19.23, -75.78, 17.47, 61.46, 42.53, tool_torque, -0.732, -0.55, 0.2, joint_torque, 4.05, -15.92, 1.09, 7.82, 0.88, -0.03, 0.27, robot_mode, sine_overlay, 
08/06/2022 11:35:56:399, robot_pos, 1654684429973, 622.73, 68.43, 326.05, 2.31, -0.01, 3.09, circuit_pos, 620.78, 66.07, 315.52, 2.31, -0.01, 3.09, tool_force, 13.32, 6.9, -1.68, actual_rep, 1, curr_step, 19, track_size, 67, robot_vel, 52.76, joints_pos, 17.22, 43.24, -18.52, -75.66, 17.23, 61.72, 43.13, tool_torque, -0.056, -0.45, -0.093, joint_torque, 9.56, -15.61, 4.83, 9.85, 1.53, 0.0, -0.1, robot_mode, sine_overlay, 
08/06/2022 11:35:56:585, robot_pos, 1654684430146, 615.58, 80.54, 326.38, 2.31, -0.01, 3.09, circuit_pos, 620.78, 66.07, 315.52, 2.31, -0.01, 3.09, tool_force, 2.96, 4.21, 2.27, actual_rep, 1, curr_step, 19, track_size, 67, robot_vel, 59.41, joints_pos, 18.56, 42.47, -18.41, -76.93, 16.5, 61.14, 44.74, tool_torque, 0.371, -0.011, -0.131, joint_torque, 3.24, -12.1, 0.74, 8.84, 0.38, -0.44, -0.08, robot_mode, sine_overlay, 
08/06/2022 11:35:56:757, robot_pos, 1654684430326, 616.24, 70.08, 324.4, 2.31, 0.0, 3.09, circuit_pos, 620.78, 66.07, 315.52, 2.31, -0.01, 3.09, tool_force, -6.04, 0.08, 7.16, actual_rep, 1, curr_step, 19, track_size, 67, robot_vel, 75.88, joints_pos, 18.22, 42.57, -19.37, -77.31, 17.31, 60.45, 43.39, tool_torque, -0.178, 0.319, 0.313, joint_torque, -3.27, -9.3, -3.36, 6.74, 0.04, -0.86, 0.38, robot_mode, sine_overlay, 
08/06/2022 11:35:56:925, robot_pos, 1654684430496, 625.49, 61.21, 324.07, 2.31, -0.01, 3.09, circuit_pos, 620.78, 66.07, 315.52, 2.31, -0.01, 3.09, tool_force, 3.58, 4.42, 5.24, actual_rep, 1, curr_step, 19, track_size, 67, robot_vel, 67.59, joints_pos, 16.99, 43.74, -19.32, -75.29, 17.79, 61.59, 42.33, tool_torque, -0.045, 0.021, 0.266, joint_torque, 4.02, -10.34, 1.61, 7.41, 1.09, -0.37, 0.25, robot_mode, sine_overlay, 
08/06/2022 11:35:57:116, robot_pos, 1654684430645, 626.9, 67.98, 323.7, 2.31, -0.02, 3.09, circuit_pos, 620.78, 66.07, 315.52, 2.31, -0.01, 3.09, tool_force, 11.78, 6.92, 2.33, actual_rep, 1, curr_step, 19, track_size, 67, robot_vel, 53.98, joints_pos, 17.02, 44.01, -18.57, -74.69, 17.42, 62.18, 43.02, tool_torque, 0.038, -0.204, -0.129, joint_torque, 9.03, -12.52, 4.58, 8.27, 1.46, 0.03, -0.16, robot_mode, sine_overlay, 
08/06/2022 11:35:57:234, robot_pos, 1654684430798, 619.47, 79.34, 324.54, 2.31, -0.01, 3.09, circuit_pos, 620.78, 66.07, 315.52, 2.31, -0.01, 3.09, tool_force, 7.42, 6.4, 2.29, actual_rep, 1, curr_step, 19, track_size, 67, robot_vel, 98.5, joints_pos, 18.16, 43.1, -18.25, -76.09, 16.76, 61.55, 44.46, tool_torque, 0.352, -0.208, -0.198, joint_torque, 5.76, -11.83, 2.38, 8.66, 0.66, -0.32, -0.19, robot_mode, sine_overlay, 
08/06/2022 11:35:57:424, robot_pos, 1654684430947, 616.02, 75.49, 325.06, 2.31, 0.0, 3.09, circuit_pos, 620.78, 66.07, 315.52, 2.31, -0.01, 3.09, tool_force, -5.0, 2.81, 4.57, actual_rep, 1, curr_step, 19, track_size, 67, robot_vel, 39.19, joints_pos, 18.5, 42.55, -19.02, -77.15, 16.85, 60.65, 44.14, tool_torque, 0.045, 0.313, 0.187, joint_torque, -1.02, -9.19, -1.64, 7.48, 0.22, -0.85, 0.27, robot_mode, sine_overlay, 
08/06/2022 11:35:57:541, robot_pos, 1654684431098, 623.12, 61.22, 324.07, 2.31, 0.0, 3.09, circuit_pos, 620.78, 66.07, 315.52, 2.31, -0.01, 3.09, tool_force, -9.6, 2.5, 7.92, actual_rep, 1, curr_step, 19, track_size, 67, robot_vel, 114.59, joints_pos, 17.33, 43.43, -19.69, -75.94, 17.8, 61.11, 42.38, tool_torque, -0.278, 0.528, 0.349, joint_torque, -3.7, -7.99, -3.34, 6.73, 0.32, -1.12, 0.38, robot_mode, sine_overlay, 
08/06/2022 11:35:57:721, robot_pos, 1654684431246, 630.77, 56.91, 323.12, 2.31, -0.02, 3.09, circuit_pos, 620.78, 66.07, 315.52, 2.31, -0.01, 3.09, tool_force, -1.78, 1.62, 5.77, actual_rep, 1, curr_step, 19, track_size, 67, robot_vel, 48.3, joints_pos, 16.25, 44.5, -19.19, -74.07, 18.11, 62.39, 41.77, tool_torque, -0.216, 0.518, 0.207, joint_torque, -0.64, -10.1, -1.62, 6.77, 0.7, -0.36, 0.15, robot_mode, sine_overlay, 
08/06/2022 11:35:57:843, robot_pos, 1654684431396, 628.1, 65.15, 323.5, 2.31, -0.02, 3.09, circuit_pos, 620.78, 66.07, 315.52, 2.31, -0.01, 3.09, tool_force, -2.31, 1.04, 1.65, actual_rep, 1, curr_step, 19, track_size, 67, robot_vel, 68.8, joints_pos, 16.66, 44.19, -18.54, -74.41, 17.5, 62.5, 42.78, tool_torque, -0.075, 0.406, -0.061, joint_torque, -0.09, -12.19, -1.59, 8.26, 0.51, -0.41, -0.11, robot_mode, sine_overlay, 
08/06/2022 11:35:58:028, robot_pos, 1654684431544, 620.8, 70.27, 325.65, 2.31, -0.01, 3.09, circuit_pos, 620.78, 66.07, 315.52, 2.31, -0.01, 3.09, tool_force, -2.17, -1.28, -0.82, actual_rep, 1, curr_step, 19, track_size, 67, robot_vel, 53.53, joints_pos, 17.53, 43.03, -18.61, -76.11, 17.08, 61.45, 43.43, tool_torque, -0.259, 0.228, -0.109, joint_torque, -1.06, -13.37, -2.31, 8.15, 0.18, -0.42, -0.09, robot_mode, sine_overlay, 
08/06/2022 11:35:58:138, robot_pos, 1654684431694, 620.26, 65.55, 326.93, 2.31, 0.0, 3.09, circuit_pos, 620.78, 66.07, 315.52, 2.31, -0.01, 3.09, tool_force, -1.07, 1.11, 1.12, actual_rep, 1, curr_step, 19, track_size, 67, robot_vel, 44.32, joints_pos, 17.49, 42.8, -19.1, -76.41, 17.15, 61.07, 43.06, tool_torque, -0.203, 0.031, 0.218, joint_torque, 0.27, -13.04, -1.35, 8.45, 0.44, -0.58, 0.27, robot_mode, sine_overlay, 
08/06/2022 11:35:58:335, robot_pos, 1654684431849, 625.14, 59.92, 326.56, 2.31, -0.01, 3.09, circuit_pos, 620.78, 66.07, 315.52, 2.31, -0.01, 3.09, tool_force, 2.44, -0.65, 0.23, actual_rep, 1, curr_step, 19, track_size, 67, robot_vel, 49.06, joints_pos, 16.79, 43.45, -19.16, -75.34, 17.55, 61.75, 42.36, tool_torque, -0.328, 0.045, 0.274, joint_torque, 1.17, -13.22, -0.77, 7.75, 0.73, -0.24, 0.27, robot_mode, sine_overlay, 
08/06/2022 11:35:58:446, robot_pos, 1654684432002, 625.18, 64.39, 325.48, 2.31, -0.02, 3.09, circuit_pos, 620.78, 66.07, 315.52, 2.31, -0.01, 3.09, tool_force, 0.69, -1.65, 0.02, actual_rep, 1, curr_step, 19, track_size, 67, robot_vel, 40.99, joints_pos, 16.83, 43.62, -18.7, -75.14, 17.52, 62.11, 42.69, tool_torque, -0.23, 0.223, 0.021, joint_torque, -0.17, -13.51, -1.85, 7.93, 0.46, -0.17, -0.03, robot_mode, sine_overlay, 
08/06/2022 11:35:58:635, robot_pos, 1654684432152, 619.9, 71.01, 325.73, 2.31, -0.01, 3.09, circuit_pos, 620.78, 66.07, 315.52, 2.31, -0.01, 3.09, tool_force, -2.94, -0.55, 0.27, actual_rep, 1, curr_step, 19, track_size, 67, robot_vel, 58.25, joints_pos, 17.59, 42.95, -18.59, -76.23, 17.16, 61.52, 43.44, tool_torque, -0.155, 0.334, -0.098, joint_torque, -1.33, -13.43, -2.55, 8.75, 0.2, -0.49, -0.11, robot_mode, sine_overlay, 
08/06/2022 11:35:58:748, robot_pos, 1654684432300, 618.38, 68.62, 326.77, 2.31, 0.0, 3.09, circuit_pos, 620.78, 66.07, 315.52, 2.31, -0.01, 3.09, tool_force, -2.4, -1.61, -0.86, actual_rep, 1, curr_step, 19, track_size, 67, robot_vel, 25.71, joints_pos, 17.78, 42.62, -19.04, -76.73, 17.09, 61.01, 43.31, tool_torque, -0.211, 0.211, 0.091, joint_torque, -1.04, -13.1, -2.15, 8.27, 0.23, -0.5, 0.16, robot_mode, sine_overlay, 
08/06/2022 11:35:58:938, robot_pos, 1654684432449, 623.09, 61.42, 326.89, 2.31, 0.0, 3.09, circuit_pos, 620.78, 66.07, 315.52, 2.31, -0.01, 3.09, tool_force, 0.14, -0.41, 0.61, actual_rep, 1, curr_step, 19, track_size, 67, robot_vel, 62.11, joints_pos, 17.09, 43.16, -19.28, -75.83, 17.46, 61.4, 42.55, tool_torque, -0.319, -0.104, 0.25, joint_torque, 0.51, -13.26, -1.27, 7.95, 0.48, -0.33, 0.27, robot_mode, sine_overlay, 
08/06/2022 11:35:59:051, robot_pos, 1654684432598, 626.13, 61.43, 325.93, 2.31, -0.01, 3.09, circuit_pos, 620.78, 66.07, 315.52, 2.31, -0.01, 3.09, tool_force, 1.78, -0.9, 0.17, actual_rep, 1, curr_step, 19, track_size, 67, robot_vel, 22.48, joints_pos, 16.69, 43.68, -18.91, -75.01, 17.6, 62.1, 42.41, tool_torque, -0.257, 0.036, 0.204, joint_torque, 0.74, -13.26, -1.31, 7.84, 0.68, -0.25, 0.13, robot_mode, sine_overlay, 
08/06/2022 11:35:59:241, robot_pos, 1654684432750, 622.37, 68.72, 325.42, 2.31, -0.02, 3.09, circuit_pos, 620.78, 66.07, 315.52, 2.31, -0.01, 3.09, tool_force, -2.64, -2.4, -0.92, actual_rep, 1, curr_step, 19, track_size, 67, robot_vel, 59.23, joints_pos, 17.27, 43.28, -18.58, -75.7, 17.3, 61.85, 43.19, tool_torque, -0.139, 0.381, -0.056, joint_torque, -0.93, -13.67, -2.3, 8.01, 0.34, -0.09, -0.1, robot_mode, sine_overlay, 
08/06/2022 11:35:59:362, robot_pos, 1654684432899, 618.06, 70.78, 326.27, 2.31, -0.01, 3.09, circuit_pos, 620.78, 66.07, 315.52, 2.31, -0.01, 3.09, tool_force, -3.19, -0.57, -0.7, actual_rep, 1, curr_step, 19, track_size, 67, robot_vel, 51.73, joints_pos, 17.83, 42.65, -18.83, -76.72, 17.09, 61.1, 43.5, tool_torque, -0.241, 0.233, -0.054, joint_torque, -1.44, -13.44, -2.55, 8.46, 0.12, -0.51, 0.0, robot_mode, sine_overlay, 
08/06/2022 11:35:59:662, robot_pos, 1654684433198, 625.71, 59.99, 326.41, 2.31, -0.01, 3.09, circuit_pos, 620.78, 66.07, 315.52, 2.31, -0.01, 3.09, tool_force, 1.46, -0.51, 0.86, actual_rep, 1, curr_step, 19, track_size, 67, robot_vel, 31.93, joints_pos, 16.72, 43.56, -19.12, -75.18, 17.6, 61.91, 42.33, tool_torque, -0.263, 0.062, 0.278, joint_torque, 0.65, -13.26, -1.1, 7.92, 0.69, -0.28, 0.24, robot_mode, sine_overlay, 
08/06/2022 11:35:59:813, robot_pos, 1654684433344, 624.5, 65.55, 325.37, 2.31, -0.02, 3.09, circuit_pos, 620.78, 66.07, 315.52, 2.31, -0.01, 3.09, tool_force, 0.08, -1.07, -0.12, actual_rep, 1, curr_step, 19, track_size, 67, robot_vel, 27.93, joints_pos, 16.93, 43.56, -18.66, -75.24, 17.48, 62.11, 42.79, tool_torque, -0.178, 0.248, 0.0050, joint_torque, -0.18, -12.89, -1.85, 7.8, 0.45, -0.23, -0.05, robot_mode, sine_overlay, 
08/06/2022 11:35:59:953, robot_pos, 1654684433495, 619.26, 71.35, 325.84, 2.31, -0.01, 3.09, circuit_pos, 620.78, 66.07, 315.52, 2.31, -0.01, 3.09, tool_force, -2.71, -0.63, 0.71, actual_rep, 1, curr_step, 19, track_size, 67, robot_vel, 45.13, joints_pos, 17.68, 42.86, -18.64, -76.39, 17.13, 61.38, 43.49, tool_torque, -0.125, 0.263, -0.104, joint_torque, -1.37, -13.44, -2.63, 8.45, 0.12, -0.46, -0.1, robot_mode, sine_overlay, 
08/06/2022 11:36:00:130, robot_pos, 1654684433661, 619.28, 66.58, 327.0, 2.31, 0.0, 3.09, circuit_pos, 620.78, 66.07, 315.52, 2.31, -0.01, 3.09, tool_force, -0.59, 0.5, -0.09, actual_rep, 1, curr_step, 19, track_size, 67, robot_vel, 43.75, joints_pos, 17.65, 42.7, -19.16, -76.6, 17.16, 61.01, 43.15, tool_torque, -0.276, -0.028, 0.204, joint_torque, 0.05, -13.59, -1.61, 8.64, 0.37, -0.63, 0.26, robot_mode, sine_overlay, 
08/06/2022 11:36:00:382, robot_pos, 1654684433840, 625.32, 59.92, 326.54, 2.31, -0.01, 3.09, circuit_pos, 620.78, 66.07, 315.52, 2.31, -0.01, 3.09, tool_force, 1.94, 0.07, 0.44, actual_rep, 1, curr_step, 19, track_size, 67, robot_vel, 59.19, joints_pos, 16.78, 43.5, -19.16, -75.25, 17.6, 61.85, 42.33, tool_torque, -0.316, 0.033, 0.273, joint_torque, 0.87, -13.23, -1.03, 7.96, 0.69, -0.33, 0.27, robot_mode, sine_overlay, 
08/06/2022 11:36:00:486, robot_pos, 1654684433986, 625.11, 64.63, 325.44, 2.31, -0.02, 3.09, circuit_pos, 620.78, 66.07, 315.52, 2.31, -0.01, 3.09, tool_force, 0.79, -1.63, 0.17, actual_rep, 1, curr_step, 19, track_size, 67, robot_vel, 28.84, joints_pos, 16.85, 43.62, -18.71, -75.15, 17.53, 62.11, 42.69, tool_torque, -0.238, 0.267, 0.0090, joint_torque, -0.51, -13.44, -2.07, 7.81, 0.4, -0.14, -0.03, robot_mode, sine_overlay, 
08/06/2022 11:36:00:605, robot_pos, 1654684434135, 619.79, 71.08, 325.76, 2.31, -0.01, 3.09, circuit_pos, 620.78, 66.07, 315.52, 2.31, -0.01, 3.09, tool_force, -3.09, -0.68, -0.05, actual_rep, 1, curr_step, 19, track_size, 67, robot_vel, 63.78, joints_pos, 17.61, 42.94, -18.61, -76.25, 17.16, 61.5, 43.45, tool_torque, -0.164, 0.293, -0.094, joint_torque, -1.29, -13.63, -2.59, 8.8, 0.21, -0.5, -0.1, robot_mode, sine_overlay, 
08/06/2022 11:36:00:790, robot_pos, 1654684434284, 618.44, 68.41, 326.8, 2.31, 0.0, 3.09, circuit_pos, 620.78, 66.07, 315.52, 2.31, -0.01, 3.09, tool_force, -2.51, -1.38, -0.27, actual_rep, 1, curr_step, 19, track_size, 67, robot_vel, 27.24, joints_pos, 17.77, 42.63, -19.05, -76.72, 17.1, 61.01, 43.29, tool_torque, -0.171, 0.162, 0.11, joint_torque, -0.73, -13.07, -1.97, 8.35, 0.27, -0.52, 0.17, robot_mode, sine_overlay, 
08/06/2022 11:36:00:930, robot_pos, 1654684434460, 624.17, 60.46, 326.73, 2.31, -0.01, 3.09, circuit_pos, 620.78, 66.07, 315.52, 2.31, -0.01, 3.09, tool_force, 1.99, -0.43, 0.2, actual_rep, 1, curr_step, 19, track_size, 67, robot_vel, 69.93, joints_pos, 16.94, 43.32, -19.26, -75.58, 17.53, 61.58, 42.43, tool_torque, -0.401, 0.085, 0.23, joint_torque, 0.12, -13.52, -1.46, 7.79, 0.52, -0.32, 0.27, robot_mode, sine_overlay, 
08/06/2022 11:36:01:115, robot_pos, 1654684434599, 625.92, 62.38, 325.75, 2.31, -0.01, 3.09, circuit_pos, 620.78, 66.07, 315.52, 2.31, -0.01, 3.09, tool_force, 1.91, 0.57, 0.66, actual_rep, 1, curr_step, 19, track_size, 67, robot_vel, 27.35, joints_pos, 16.72, 43.67, -18.84, -75.02, 17.6, 62.12, 42.52, tool_torque, -0.185, -0.0030, 0.162, joint_torque, 1.09, -12.99, -1.1, 7.95, 0.67, -0.29, 0.06, robot_mode, sine_overlay, 
08/06/2022 11:36:01:230, robot_pos, 1654684434748, 621.58, 69.5, 325.51, 2.31, -0.02, 3.09, circuit_pos, 620.78, 66.07, 315.52, 2.31, -0.01, 3.09, tool_force, -1.6, -1.48, -1.05, actual_rep, 1, curr_step, 19, track_size, 67, robot_vel, 56.03, joints_pos, 17.36, 43.19, -18.58, -75.87, 17.25, 61.77, 43.27, tool_torque, -0.122, 0.356, -0.054, joint_torque, -0.78, -13.78, -2.26, 8.36, 0.37, -0.18, -0.1, robot_mode, sine_overlay, 
08/06/2022 11:36:01:422, robot_pos, 1654684434897, 618.04, 70.29, 326.41, 2.31, -0.01, 3.09, circuit_pos, 620.78, 66.07, 315.52, 2.31, -0.01, 3.09, tool_force, -2.26, 0.34, -0.21, actual_rep, 1, curr_step, 19, track_size, 67, robot_vel, 36.69, joints_pos, 17.83, 42.63, -18.9, -76.75, 17.09, 61.05, 43.5, tool_torque, -0.201, 0.208, -0.028, joint_torque, -0.53, -13.35, -2.0, 8.64, 0.2, -0.56, 0.03, robot_mode, sine_overlay, 
08/06/2022 11:36:01:529, robot_pos, 1654684435048, 621.47, 63.21, 327.05, 2.31, 0.0, 3.09, circuit_pos, 620.78, 66.07, 315.52, 2.31, -0.01, 3.09, tool_force, 1.86, 0.36, 0.75, actual_rep, 1, curr_step, 19, track_size, 67, robot_vel, 47.58, joints_pos, 17.31, 42.96, -19.27, -76.16, 17.36, 61.23, 42.71, tool_torque, -0.254, -0.17, 0.259, joint_torque, 0.94, -13.27, -1.06, 8.44, 0.47, -0.62, 0.28, robot_mode, sine_overlay, 
08/06/2022 11:36:01:729, robot_pos, 1654684435202, 626.05, 60.43, 326.22, 2.31, -0.01, 3.09, circuit_pos, 620.78, 66.07, 315.52, 2.31, -0.01, 3.09, tool_force, 2.49, -0.28, 0.33, actual_rep, 1, curr_step, 19, track_size, 67, robot_vel, 64.67, joints_pos, 16.69, 43.63, -19.04, -75.07, 17.61, 62.01, 42.33, tool_torque, -0.194, 0.017, 0.268, joint_torque, 1.4, -13.3, -0.83, 7.84, 0.75, -0.24, 0.21, robot_mode, sine_overlay, 
08/06/2022 11:36:01:829, robot_pos, 1654684435352, 623.6, 67.0, 325.35, 2.31, -0.02, 3.09, circuit_pos, 620.78, 66.07, 315.52, 2.31, -0.01, 3.09, tool_force, -1.23, 0.94, 0.64, actual_rep, 1, curr_step, 19, track_size, 67, robot_vel, 46.87, joints_pos, 17.07, 43.46, -18.62, -75.42, 17.4, 62.02, 42.97, tool_torque, -0.197, 0.307, -0.04, joint_torque, -0.31, -13.07, -1.91, 8.56, 0.47, -0.46, -0.09, robot_mode, sine_overlay, 
08/06/2022 11:36:02:010, robot_pos, 1654684435502, 618.59, 71.38, 325.99, 2.31, -0.01, 3.09, circuit_pos, 620.78, 66.07, 315.52, 2.31, -0.01, 3.09, tool_force, -2.56, -1.23, -0.19, actual_rep, 1, curr_step, 19, track_size, 67, robot_vel, 75.6, joints_pos, 17.77, 42.75, -18.71, -76.57, 17.1, 61.24, 43.5, tool_torque, -0.176, 0.261, -0.1, joint_torque, -1.1, -13.4, -2.37, 8.37, 0.15, -0.42, -0.08, robot_mode, sine_overlay, 
08/06/2022 11:36:02:130, robot_pos, 1654684435651, 619.6, 66.07, 327.04, 2.31, 0.0, 3.09, circuit_pos, 620.78, 66.07, 315.52, 2.31, -0.01, 3.09, tool_force, -0.46, 0.5, -0.27, actual_rep, 1, curr_step, 19, track_size, 67, robot_vel, 28.57, joints_pos, 17.6, 42.74, -19.19, -76.53, 17.2, 61.02, 43.09, tool_torque, -0.245, -0.06, 0.227, joint_torque, 0.39, -13.22, -1.35, 8.24, 0.41, -0.5, 0.27, robot_mode, sine_overlay, 
08/06/2022 11:36:02:286, robot_pos, 1654684435800, 624.82, 60.06, 326.63, 2.31, -0.01, 3.09, circuit_pos, 620.78, 66.07, 315.52, 2.31, -0.01, 3.09, tool_force, 1.66, 0.05, -0.51, actual_rep, 1, curr_step, 19, track_size, 67, robot_vel, 71.5, joints_pos, 16.85, 43.42, -19.23, -75.42, 17.57, 61.71, 42.36, tool_torque, -0.401, -0.0020, 0.26, joint_torque, 0.97, -13.29, -0.94, 7.85, 0.69, -0.34, 0.27, robot_mode, sine_overlay, 
08/06/2022 11:36:02:452, robot_pos, 1654684435964, 625.1, 64.63, 325.45, 2.31, -0.02, 3.09, circuit_pos, 620.78, 66.07, 315.52, 2.31, -0.01, 3.09, tool_force, 0.71, -1.64, 0.48, actual_rep, 1, curr_step, 19, track_size, 67, robot_vel, 23.99, joints_pos, 16.85, 43.61, -18.71, -75.15, 17.53, 62.11, 42.68, tool_torque, -0.218, 0.274, 0.017, joint_torque, -0.41, -13.25, -1.94, 7.7, 0.41, -0.14, -0.03, robot_mode, sine_overlay, 
08/06/2022 11:36:02:653, robot_pos, 1654684436098, 620.35, 70.62, 325.69, 2.31, -0.01, 3.09, circuit_pos, 620.78, 66.07, 315.52, 2.31, -0.01, 3.09, tool_force, -2.08, -0.87, -0.13, actual_rep, 1, curr_step, 19, track_size, 67, robot_vel, 77.87, joints_pos, 17.53, 43.03, -18.59, -76.11, 17.19, 61.62, 43.38, tool_torque, -0.131, 0.331, -0.079, joint_torque, -0.76, -13.32, -2.21, 8.71, 0.3, -0.5, -0.11, robot_mode, sine_overlay, 
08/06/2022 11:36:02:756, robot_pos, 1654684436248, 618.25, 69.24, 326.68, 2.31, -0.01, 3.09, circuit_pos, 620.78, 66.07, 315.52, 2.31, -0.01, 3.09, tool_force, -2.58, -1.12, -0.85, actual_rep, 1, curr_step, 19, track_size, 67, robot_vel, 25.46, joints_pos, 17.81, 42.62, -19.01, -76.75, 17.09, 61.01, 43.37, tool_torque, -0.363, 0.315, -0.0030, joint_torque, -1.85, -13.82, -2.66, 8.4, 0.1, -0.48, 0.12, robot_mode, sine_overlay, 
08/06/2022 11:36:02:956, robot_pos, 1654684436398, 622.65, 61.89, 326.95, 2.31, 0.0, 3.09, circuit_pos, 620.78, 66.07, 315.52, 2.31, -0.01, 3.09, tool_force, 0.59, 0.11, 0.28, actual_rep, 1, curr_step, 19, track_size, 67, robot_vel, 54.56, joints_pos, 17.15, 43.11, -19.28, -75.91, 17.45, 61.36, 42.57, tool_torque, -0.384, -0.017, 0.219, joint_torque, -0.33, -12.88, -1.72, 7.83, 0.37, -0.55, 0.27, robot_mode, sine_overlay, 
08/06/2022 11:36:03:057, robot_pos, 1654684436548, 626.14, 61.11, 326.04, 2.31, -0.01, 3.09, circuit_pos, 620.78, 66.07, 315.52, 2.31, -0.01, 3.09, tool_force, 1.36, -1.04, 0.44, actual_rep, 1, curr_step, 19, track_size, 67, robot_vel, 51.11, joints_pos, 16.69, 43.67, -18.96, -75.02, 17.6, 62.08, 42.36, tool_torque, -0.232, 0.055, 0.234, joint_torque, 0.55, -13.07, -1.36, 7.62, 0.66, -0.18, 0.17, robot_mode, sine_overlay, 
08/06/2022 11:36:03:260, robot_pos, 1654684436699, 622.76, 68.27, 325.39, 2.31, -0.02, 3.09, circuit_pos, 620.78, 66.07, 315.52, 2.31, -0.01, 3.09, tool_force, -2.18, -0.8, -0.79, actual_rep, 1, curr_step, 19, track_size, 67, robot_vel, 58.33, joints_pos, 17.21, 43.34, -18.58, -75.61, 17.33, 61.89, 43.13, tool_torque, -0.217, 0.44, -0.081, joint_torque, -1.39, -13.55, -2.62, 7.99, 0.27, -0.18, -0.1, robot_mode, sine_overlay, 
08/06/2022 11:36:03:360, robot_pos, 1654684436847, 618.17, 71.08, 326.15, 2.31, -0.01, 3.09, circuit_pos, 620.78, 66.07, 315.52, 2.31, -0.01, 3.09, tool_force, -2.15, -0.37, -0.85, actual_rep, 1, curr_step, 19, track_size, 67, robot_vel, 53.03, joints_pos, 17.82, 42.68, -18.79, -76.68, 17.09, 61.15, 43.5, tool_torque, -0.284, 0.242, -0.085, joint_torque, -1.33, -13.59, -2.47, 8.74, 0.14, -0.61, -0.02, robot_mode, sine_overlay, 
08/06/2022 11:36:03:498, robot_pos, 1654684436995, 620.43, 64.68, 327.06, 2.31, 0.0, 3.09, circuit_pos, 620.78, 66.07, 315.52, 2.31, -0.01, 3.09, tool_force, 0.74, -1.32, -0.35, actual_rep, 1, curr_step, 19, track_size, 67, robot_vel, 59.69, joints_pos, 17.48, 42.83, -19.24, -76.38, 17.27, 61.09, 42.93, tool_torque, -0.239, -0.051, 0.236, joint_torque, 0.07, -13.57, -1.6, 7.9, 0.34, -0.37, 0.28, robot_mode, sine_overlay, 
08/06/2022 11:36:03:653, robot_pos, 1654684437151, 625.56, 59.96, 326.45, 2.31, -0.01, 3.09, circuit_pos, 620.78, 66.07, 315.52, 2.31, -0.01, 3.09, tool_force, 1.7, -0.17, 0.49, actual_rep, 1, curr_step, 19, track_size, 67, robot_vel, 56.3, joints_pos, 16.74, 43.54, -19.14, -75.21, 17.6, 61.88, 42.33, tool_torque, -0.308, 0.074, 0.274, joint_torque, 0.58, -12.91, -1.22, 7.63, 0.64, -0.28, 0.25, robot_mode, sine_overlay, 
08/06/2022 11:36:03:796, robot_pos, 1654684437295, 624.78, 65.15, 325.39, 2.31, -0.02, 3.09, circuit_pos, 620.78, 66.07, 315.52, 2.31, -0.01, 3.09, tool_force, -0.15, -2.25, -0.43, actual_rep, 1, curr_step, 19, track_size, 67, robot_vel, 31.3, joints_pos, 16.89, 43.59, -18.68, -75.2, 17.5, 62.11, 42.73, tool_torque, -0.221, 0.247, 0.016, joint_torque, -0.39, -13.34, -1.98, 7.83, 0.48, -0.19, -0.04, robot_mode, sine_overlay, 
08/06/2022 11:36:03:946, robot_pos, 1654684437444, 619.54, 71.21, 325.81, 2.31, -0.01, 3.09, circuit_pos, 620.78, 66.07, 315.52, 2.31, -0.01, 3.09, tool_force, -3.16, -0.31, -0.89, actual_rep, 1, curr_step, 19, track_size, 67, robot_vel, 58.67, joints_pos, 17.64, 42.91, -18.62, -76.32, 17.15, 61.44, 43.47, tool_torque, -0.106, 0.246, -0.082, joint_torque, -1.0, -12.53, -2.28, 7.96, 0.18, -0.36, -0.11, robot_mode, sine_overlay, 
08/06/2022 11:36:04:095, robot_pos, 1654684437592, 618.61, 67.93, 326.86, 2.31, 0.0, 3.09, circuit_pos, 620.78, 66.07, 315.52, 2.31, -0.01, 3.09, tool_force, -1.49, 0.11, 0.21, actual_rep, 1, curr_step, 19, track_size, 67, robot_vel, 22.16, joints_pos, 17.74, 42.64, -19.09, -76.7, 17.11, 61.01, 43.25, tool_torque, -0.195, 0.125, 0.135, joint_torque, -0.2, -13.05, -1.55, 8.47, 0.38, -0.56, 0.2, robot_mode, sine_overlay, 
08/06/2022 11:36:04:279, robot_pos, 1654684437746, 623.76, 60.78, 326.8, 2.31, -0.01, 3.09, circuit_pos, 620.78, 66.07, 315.52, 2.31, -0.01, 3.09, tool_force, 0.76, -0.27, 0.39, actual_rep, 1, curr_step, 19, track_size, 67, robot_vel, 68.51, joints_pos, 17.0, 43.26, -19.27, -75.68, 17.51, 61.51, 42.48, tool_torque, -0.308, -0.027, 0.249, joint_torque, 0.73, -13.15, -1.04, 7.63, 0.62, -0.27, 0.27, robot_mode, sine_overlay, 
08/06/2022 11:36:04:435, robot_pos, 1654684437890, 626.02, 61.95, 325.84, 2.31, -0.01, 3.09, circuit_pos, 620.78, 66.07, 315.52, 2.31, -0.01, 3.09, tool_force, 1.98, -0.2, 0.28, actual_rep, 1, curr_step, 19, track_size, 67, robot_vel, 33.6, joints_pos, 16.7, 43.68, -18.87, -75.02, 17.6, 62.11, 42.47, tool_torque, -0.167, -0.042, 0.203, joint_torque, 1.38, -12.96, -0.9, 7.97, 0.74, -0.3, 0.09, robot_mode, sine_overlay, 
08/06/2022 11:36:04:546, robot_pos, 1654684438040, 621.92, 69.21, 325.5, 2.31, -0.02, 3.09, circuit_pos, 620.78, 66.07, 315.52, 2.31, -0.01, 3.09, tool_force, -1.37, -1.26, 0.22, actual_rep, 1, curr_step, 19, track_size, 67, robot_vel, 52.96, joints_pos, 17.34, 43.22, -18.58, -75.8, 17.27, 61.8, 43.24, tool_torque, -0.083, 0.425, -0.067, joint_torque, -0.91, -13.57, -2.32, 8.17, 0.32, -0.16, -0.1, robot_mode, sine_overlay, 
08/06/2022 11:36:04:716, robot_pos, 1654684438188, 618.05, 70.54, 326.35, 2.31, -0.01, 3.09, circuit_pos, 620.78, 66.07, 315.52, 2.31, -0.01, 3.09, tool_force, -2.8, -0.4, -0.05, actual_rep, 1, curr_step, 19, track_size, 67, robot_vel, 38.8, joints_pos, 17.83, 42.64, -18.87, -76.74, 17.09, 61.07, 43.5, tool_torque, -0.192, 0.264, -0.038, joint_torque, -0.83, -13.22, -2.03, 8.67, 0.25, -0.56, 0.01, robot_mode, sine_overlay, 
08/06/2022 11:36:04:853, robot_pos, 1654684438342, 621.26, 63.47, 327.07, 2.31, 0.0, 3.09, circuit_pos, 620.78, 66.07, 315.52, 2.31, -0.01, 3.09, tool_force, 0.87, -1.09, -0.48, actual_rep, 1, curr_step, 19, track_size, 67, robot_vel, 48.66, joints_pos, 17.36, 42.92, -19.27, -76.22, 17.34, 61.2, 42.77, tool_torque, -0.276, -0.179, 0.266, joint_torque, 0.73, -13.28, -1.17, 7.9, 0.51, -0.48, 0.28, robot_mode, sine_overlay, 
08/06/2022 11:36:04:998, robot_pos, 1654684438488, 625.88, 60.13, 326.34, 2.31, -0.01, 3.09, circuit_pos, 620.78, 66.07, 315.52, 2.31, -0.01, 3.09, tool_force, 2.01, 0.05, 0.09, actual_rep, 1, curr_step, 19, track_size, 67, robot_vel, 53.06, joints_pos, 16.71, 43.59, -19.09, -75.12, 17.61, 61.96, 42.33, tool_torque, -0.249, -0.014, 0.27, joint_torque, 1.22, -13.26, -0.93, 7.71, 0.72, -0.18, 0.23, robot_mode, sine_overlay, 
08/06/2022 11:36:05:149, robot_pos, 1654684438639, 624.03, 66.3, 325.35, 2.31, -0.02, 3.09, circuit_pos, 620.78, 66.07, 315.52, 2.31, -0.01, 3.09, tool_force, -1.09, -0.37, -0.05, actual_rep, 1, curr_step, 19, track_size, 67, robot_vel, 39.82, joints_pos, 17.0, 43.51, -18.63, -75.33, 17.44, 62.08, 42.87, tool_torque, -0.179, 0.222, -0.0020, joint_torque, -0.21, -13.18, -1.8, 8.22, 0.51, -0.38, -0.07, robot_mode, sine_overlay, 
08/06/2022 11:36:05:335, robot_pos, 1654684438787, 618.92, 71.42, 325.9, 2.31, -0.01, 3.09, circuit_pos, 620.78, 66.07, 315.52, 2.31, -0.01, 3.09, tool_force, -2.6, -1.06, -0.4, actual_rep, 1, curr_step, 19, track_size, 67, robot_vel, 70.02, joints_pos, 17.74, 42.8, -18.68, -76.5, 17.11, 61.3, 43.5, tool_torque, -0.146, 0.288, -0.106, joint_torque, -1.29, -13.28, -2.5, 8.31, 0.14, -0.38, -0.1, robot_mode, sine_overlay, 
08/06/2022 11:36:05:453, robot_pos, 1654684438937, 619.16, 66.84, 326.98, 2.31, 0.0, 3.09, circuit_pos, 620.78, 66.07, 315.52, 2.31, -0.01, 3.09, tool_force, -0.47, 0.69, 0.11, actual_rep, 1, curr_step, 19, track_size, 67, robot_vel, 25.25, joints_pos, 17.67, 42.69, -19.15, -76.62, 17.15, 61.01, 43.16, tool_torque, -0.253, -0.019, 0.199, joint_torque, 0.08, -13.56, -1.61, 8.8, 0.39, -0.69, 0.25, robot_mode, sine_overlay, 
08/06/2022 11:36:05:643, robot_pos, 1654684439087, 624.49, 60.22, 326.69, 2.31, -0.01, 3.09, circuit_pos, 620.78, 66.07, 315.52, 2.31, -0.01, 3.09, tool_force, 1.04, -1.17, 0.57, actual_rep, 1, curr_step, 19, track_size, 67, robot_vel, 55.76, joints_pos, 16.89, 43.37, -19.25, -75.49, 17.56, 61.65, 42.39, tool_torque, -0.341, 0.029, 0.264, joint_torque, 0.61, -13.58, -1.07, 8.32, 0.69, -0.4, 0.27, robot_mode, sine_overlay, 
08/06/2022 11:36:05:757, robot_pos, 1654684439238, 625.73, 63.18, 325.62, 2.31, -0.02, 3.09, circuit_pos, 620.78, 66.07, 315.52, 2.31, -0.01, 3.09, tool_force, 1.16, -0.29, 0.44, actual_rep, 1, curr_step, 19, track_size, 67, robot_vel, 37.21, joints_pos, 16.76, 43.66, -18.79, -75.05, 17.59, 62.12, 42.59, tool_torque, -0.223, 0.14, 0.086, joint_torque, 0.22, -13.11, -1.66, 7.73, 0.51, -0.2, 0.02, robot_mode, sine_overlay, 
08/06/2022 11:36:05:949, robot_pos, 1654684439388, 620.74, 70.3, 325.64, 2.31, -0.02, 3.09, circuit_pos, 620.78, 66.07, 315.52, 2.31, -0.01, 3.09, tool_force, -1.9, -0.53, -0.25, actual_rep, 1, curr_step, 19, track_size, 67, robot_vel, 56.63, joints_pos, 17.48, 43.08, -18.58, -76.02, 17.21, 61.68, 43.34, tool_torque, -0.185, 0.373, -0.082, joint_torque, -1.19, -13.03, -2.45, 8.09, 0.27, -0.3, -0.1, robot_mode, sine_overlay, 
08/06/2022 11:36:06:058, robot_pos, 1654684439535, 618.13, 69.77, 326.54, 2.31, -0.01, 3.09, circuit_pos, 620.78, 66.07, 315.52, 2.31, -0.01, 3.09, tool_force, -2.38, -0.24, -0.3, actual_rep, 1, curr_step, 19, track_size, 67, robot_vel, 29.79, joints_pos, 17.83, 42.62, -18.95, -76.76, 17.09, 61.03, 43.45, tool_torque, -0.191, 0.244, 0.0050, joint_torque, -1.02, -13.47, -2.19, 8.51, 0.19, -0.49, 0.07, robot_mode, sine_overlay, 
08/06/2022 11:36:06:246, robot_pos, 1654684439686, 622.09, 62.45, 326.99, 2.31, 0.0, 3.09, circuit_pos, 620.78, 66.07, 315.52, 2.31, -0.01, 3.09, tool_force, 0.79, 0.18, 1.34, actual_rep, 1, curr_step, 19, track_size, 67, robot_vel, 56.94, joints_pos, 17.23, 43.04, -19.28, -76.04, 17.4, 61.29, 42.64, tool_torque, -0.301, -0.161, 0.252, joint_torque, 0.92, -13.55, -1.0, 8.6, 0.56, -0.62, 0.28, robot_mode, sine_overlay, 
