08/06/2022 15:21:26: File Created!
08/06/2022 15:21:26:352, robot_pos, 1654697959448, 599.99, -167.29, 328.88, 2.36, 0.03, 3.09, circuit_pos, 599.59, -167.21, 324.59, 2.36, 0.03, 3.09, tool_force, -2.63, 2.08, -21.38, actual_rep, 1, curr_step, 1, track_size, 143, robot_vel, 15.38, joints_pos, -3.95, 42.42, -19.2, -76.8, 16.96, 60.55, 18.56, tool_torque, -0.211, 0.047, 0.064, joint_torque, -0.13, -13.26, -1.81, 8.29, 0.35, -0.42, 0.06, robot_mode, normal, 
08/06/2022 15:21:26:446, robot_pos, 1654697959582, 599.99, -167.3, 328.9, 2.36, 0.03, 3.09, circuit_pos, 599.59, -167.21, 324.59, 2.36, 0.03, 3.09, tool_force, -2.51, 2.1, -21.35, actual_rep, 1, curr_step, 1, track_size, 143, robot_vel, 15.38, joints_pos, -3.95, 42.42, -19.2, -76.8, 16.96, 60.55, 18.56, tool_torque, -0.194, 0.024, 0.062, joint_torque, -0.03, -13.31, -1.78, 8.31, 0.35, -0.42, 0.05, robot_mode, normal, 
08/06/2022 15:21:26:598, robot_pos, 1654697959732, 600.14, -167.44, 331.71, 2.36, 0.03, 3.09, circuit_pos, 600.19, -167.61, 326.23, 2.37, 0.04, 3.1, tool_force, -1.38, 1.32, -20.43, actual_rep, 1, curr_step, 3, track_size, 143, robot_vel, 27.47, joints_pos, -3.95, 42.25, -19.26, -76.64, 16.96, 60.88, 18.56, tool_torque, -0.314, -0.182, 0.015, joint_torque, -0.03, -13.24, -1.66, 7.56, 0.28, -0.38, 0.04, robot_mode, normal, 
08/06/2022 15:21:26:747, robot_pos, 1654697959880, 600.53, -167.79, 329.26, 2.37, 0.04, 3.09, circuit_pos, 601.36, -167.67, 331.84, 2.37, 0.04, 3.11, tool_force, -5.17, 3.13, -21.51, actual_rep, 1, curr_step, 5, track_size, 143, robot_vel, 33.74, joints_pos, -3.88, 42.42, -19.25, -76.7, 16.58, 60.35, 18.39, tool_torque, -0.251, 0.096, 0.034, joint_torque, -0.15, -13.54, -1.83, 8.91, 0.4, -0.55, 0.02, robot_mode, normal, 
08/06/2022 15:21:26:901, robot_pos, 1654697960032, 601.43, -167.72, 335.87, 2.37, 0.04, 3.11, circuit_pos, 602.73, -167.48, 339.73, 2.38, 0.05, 3.12, tool_force, -4.03, 1.5, -19.52, actual_rep, 1, curr_step, 7, track_size, 143, robot_vel, 35.12, joints_pos, -3.66, 42.12, -19.39, -76.19, 15.56, 61.14, 18.77, tool_torque, -0.64, -0.056, -0.191, joint_torque, -0.43, -12.74, -1.67, 8.34, 0.34, -0.77, -0.15, robot_mode, normal, 
08/06/2022 15:21:27:053, robot_pos, 1654697960182, 602.37, -167.98, 341.62, 2.38, 0.05, 3.12, circuit_pos, 605.11, -165.8, 351.92, 2.39, 0.07, -3.12, tool_force, -3.49, -0.87, -20.94, actual_rep, 1, curr_step, 10, track_size, 143, robot_vel, 45.01, joints_pos, -3.49, 41.84, -19.43, -75.74, 14.41, 61.64, 19.18, tool_torque, -0.817, -0.071, -0.28, joint_torque, -1.06, -13.61, -1.97, 8.23, 0.24, -0.66, -0.22, robot_mode, normal, 
08/06/2022 15:21:27:203, robot_pos, 1654697960329, 603.45, -167.02, 347.36, 2.38, 0.06, 3.14, circuit_pos, 606.45, -163.34, 359.53, 2.4, 0.08, -3.09, tool_force, -3.55, -0.4, -20.42, actual_rep, 1, curr_step, 12, track_size, 143, robot_vel, 40.14, joints_pos, -3.15, 41.56, -19.46, -75.29, 12.88, 62.16, 19.99, tool_torque, -0.503, -0.151, -0.281, joint_torque, -0.52, -13.0, -1.9, 8.24, 0.05, -0.68, -0.25, robot_mode, normal, 
08/06/2022 15:21:27:352, robot_pos, 1654697960478, 604.51, -165.74, 353.11, 2.39, 0.07, -3.12, circuit_pos, 607.17, -161.73, 364.27, 2.4, 0.09, -3.07, tool_force, -2.96, -0.89, -20.52, actual_rep, 1, curr_step, 13, track_size, 143, robot_vel, 37.99, joints_pos, -2.79, 41.32, -19.48, -74.79, 11.31, 62.82, 20.91, tool_torque, -0.412, -0.185, -0.287, joint_torque, -0.8, -13.43, -2.37, 8.49, -0.2, -0.77, -0.25, robot_mode, normal, 
08/06/2022 15:21:27:508, robot_pos, 1654697960628, 605.53, -164.45, 358.9, 2.39, 0.08, -3.1, circuit_pos, 607.17, -161.73, 364.27, 2.4, 0.09, -3.07, tool_force, -3.25, -1.52, -21.11, actual_rep, 1, curr_step, 13, track_size, 143, robot_vel, 41.01, joints_pos, -2.42, 41.08, -19.5, -74.28, 9.66, 63.51, 21.84, tool_torque, -0.425, -0.185, -0.301, joint_torque, -0.87, -13.2, -2.2, 8.4, -0.23, -0.7, -0.26, robot_mode, normal, 
08/06/2022 15:21:27:654, robot_pos, 1654697960775, 606.5, -162.84, 364.72, 2.4, 0.09, -3.08, circuit_pos, 608.07, -159.76, 369.0, 2.4, 0.09, -3.05, tool_force, -3.69, -1.44, -20.78, actual_rep, 1, curr_step, 14, track_size, 143, robot_vel, 40.16, joints_pos, -2.05, 40.88, -19.51, -73.74, 8.16, 64.34, 22.74, tool_torque, -0.254, -0.25, -0.275, joint_torque, -0.54, -13.23, -2.22, 8.31, -0.41, -0.62, -0.24, robot_mode, normal, 
08/06/2022 15:21:27:810, robot_pos, 1654697960926, 607.71, -160.99, 370.4, 2.4, 0.09, -3.06, circuit_pos, 609.87, -155.68, 378.02, 2.4, 0.11, -3.02, tool_force, -4.92, -3.43, -19.75, actual_rep, 1, curr_step, 16, track_size, 143, robot_vel, 44.84, joints_pos, -1.63, 40.75, -19.52, -73.1, 6.43, 65.29, 23.87, tool_torque, 0.351, -0.592, -0.276, joint_torque, -3.13, -12.66, -4.66, 8.2, -1.78, -0.92, -0.21, robot_mode, normal, 
08/06/2022 15:21:28:009, robot_pos, 1654697961076, 608.84, -158.4, 376.4, 2.4, 0.1, -3.04, circuit_pos, 610.7, -153.31, 382.76, 2.4, 0.11, -3.0, tool_force, -4.01, -2.26, -20.4, actual_rep, 1, curr_step, 17, track_size, 143, robot_vel, 41.89, joints_pos, -1.18, 40.54, -19.53, -72.56, 4.98, 66.16, 24.93, tool_torque, 0.425, -0.537, -0.221, joint_torque, -0.69, -12.63, -2.98, 8.33, -1.08, -0.7, -0.25, robot_mode, normal, 
08/06/2022 15:21:28:131, robot_pos, 1654697961248, 609.95, -156.51, 382.84, 2.4, 0.11, -3.01, circuit_pos, 611.62, -150.79, 387.66, 2.39, 0.12, -2.98, tool_force, -7.36, -6.41, -17.22, actual_rep, 1, curr_step, 18, track_size, 143, robot_vel, 48.4, joints_pos, -0.62, 40.4, -19.66, -71.92, 3.06, 67.14, 26.31, tool_torque, 0.774, -0.884, -0.03, joint_torque, -4.19, -10.72, -5.23, 7.54, -2.09, -1.2, 0.0, robot_mode, normal, 
08/06/2022 15:21:28:267, robot_pos, 1654697961383, 610.82, -153.98, 385.81, 2.39, 0.12, -2.99, circuit_pos, 612.68, -148.32, 392.56, 2.39, 0.13, -2.97, tool_force, -6.55, -4.69, -5.51, actual_rep, 1, curr_step, 19, track_size, 143, robot_vel, 29.51, joints_pos, -0.2, 40.4, -19.65, -71.53, 1.75, 67.78, 27.52, tool_torque, 0.915, -0.816, -0.141, joint_torque, -3.28, -3.49, -3.68, 2.85, -1.83, -0.74, -0.15, robot_mode, normal, 
08/06/2022 15:21:28:418, robot_pos, 1654697961530, 612.21, -151.15, 390.1, 2.39, 0.13, -2.97, circuit_pos, 613.81, -145.58, 397.5, 2.39, 0.14, -2.95, tool_force, -5.31, -3.87, 0.71, actual_rep, 1, curr_step, 20, track_size, 143, robot_vel, 34.41, joints_pos, 0.26, 40.31, -19.67, -71.08, 0.55, 68.38, 28.57, tool_torque, 0.91, -0.792, -0.214, joint_torque, -3.66, -0.33, -3.39, 0.73, -1.93, -0.57, -0.2, robot_mode, normal, 
08/06/2022 15:21:28:568, robot_pos, 1654697961680, 613.51, -147.9, 395.37, 2.39, 0.14, -2.95, circuit_pos, 614.75, -143.33, 402.14, 2.4, 0.15, -2.94, tool_force, -5.32, -1.31, 2.85, actual_rep, 1, curr_step, 21, track_size, 143, robot_vel, 43.57, joints_pos, 0.79, 40.17, -19.64, -70.59, -1.03, 69.07, 29.78, tool_torque, 0.905, -0.811, -0.14, joint_torque, -2.41, 1.58, -2.31, 0.24, -1.53, -0.77, -0.16, robot_mode, normal, 
08/06/2022 15:21:28:734, robot_pos, 1654697961839, 614.98, -144.94, 401.56, 2.4, 0.15, -2.94, circuit_pos, 615.82, -140.88, 406.9, 2.4, 0.16, -2.93, tool_force, -5.27, -1.84, 2.39, actual_rep, 1, curr_step, 22, track_size, 143, robot_vel, 42.82, joints_pos, 1.23, 39.94, -19.65, -70.09, -2.18, 69.64, 30.36, tool_torque, 0.816, -0.864, -0.112, joint_torque, -3.13, 0.75, -2.8, 0.44, -1.68, -0.77, -0.11, robot_mode, normal, 
08/06/2022 15:21:28:878, robot_pos, 1654697961991, 616.14, -142.51, 406.87, 2.4, 0.17, -2.92, circuit_pos, 616.77, -138.75, 411.48, 2.4, 0.18, -2.91, tool_force, -6.05, -2.17, 2.25, actual_rep, 1, curr_step, 23, track_size, 143, robot_vel, 39.49, joints_pos, 1.68, 39.75, -19.66, -69.73, -3.54, 70.0, 31.22, tool_torque, 0.788, -0.937, -0.127, joint_torque, -3.39, 0.22, -3.05, 0.85, -1.8, -0.86, -0.11, robot_mode, normal, 
08/06/2022 15:21:29:031, robot_pos, 1654697962138, 617.22, -139.59, 412.46, 2.4, 0.19, -2.9, circuit_pos, 618.12, -133.17, 423.36, 2.41, 0.22, -2.87, tool_force, -5.81, -1.79, 2.4, actual_rep, 1, curr_step, 26, track_size, 143, robot_vel, 45.02, joints_pos, 2.2, 39.52, -19.66, -69.37, -5.06, 70.42, 32.24, tool_torque, 0.983, -0.956, -0.141, joint_torque, -2.99, 0.32, -2.91, 0.72, -1.88, -0.71, -0.15, robot_mode, normal, 
08/06/2022 15:21:29:178, robot_pos, 1654697962288, 617.91, -137.23, 417.91, 2.41, 0.21, -2.88, circuit_pos, 618.66, -129.34, 431.24, 2.42, 0.24, -2.84, tool_force, -5.38, -1.75, 1.74, actual_rep, 1, curr_step, 28, track_size, 143, robot_vel, 40.64, joints_pos, 2.7, 39.25, -19.67, -69.16, -6.75, 70.66, 33.21, tool_torque, 0.677, -0.742, -0.194, joint_torque, -2.64, 0.54, -2.31, 0.71, -1.54, -0.73, -0.18, robot_mode, normal, 
08/06/2022 15:21:29:330, robot_pos, 1654697962437, 618.41, -134.12, 423.8, 2.41, 0.23, -2.86, circuit_pos, 619.74, -125.04, 439.88, 2.43, 0.27, -2.81, tool_force, -4.9, -1.85, 1.72, actual_rep, 1, curr_step, 30, track_size, 143, robot_vel, 46.43, joints_pos, 3.31, 38.94, -19.68, -68.95, -8.59, 71.0, 34.19, tool_torque, 0.734, -0.822, -0.212, joint_torque, -2.52, 0.35, -2.33, 0.71, -1.61, -0.7, -0.2, robot_mode, normal, 
08/06/2022 15:21:29:483, robot_pos, 1654697962588, 619.01, -131.26, 429.69, 2.42, 0.24, -2.84, circuit_pos, 619.74, -125.04, 439.88, 2.43, 0.27, -2.81, tool_force, -5.11, -2.11, 1.59, actual_rep, 1, curr_step, 30, track_size, 143, robot_vel, 48.43, joints_pos, 3.87, 38.68, -19.68, -68.67, -10.34, 71.45, 35.09, tool_torque, 0.732, -0.742, -0.234, joint_torque, -2.77, 0.48, -2.41, 0.54, -1.6, -0.61, -0.22, robot_mode, normal, 
08/06/2022 15:21:29:635, robot_pos, 1654697962737, 619.69, -128.44, 435.36, 2.43, 0.26, -2.82, circuit_pos, 619.74, -125.04, 439.88, 2.43, 0.27, -2.81, tool_force, -4.77, -0.88, 2.02, actual_rep, 1, curr_step, 30, track_size, 143, robot_vel, 41.02, joints_pos, 4.39, 38.47, -19.67, -68.37, -12.03, 71.89, 35.93, tool_torque, 0.713, -0.752, -0.232, joint_torque, -2.21, 0.67, -2.03, 0.44, -1.49, -0.55, -0.23, robot_mode, normal, 
08/06/2022 15:21:29:785, robot_pos, 1654697962888, 620.28, -125.93, 440.41, 2.44, 0.28, -2.8, circuit_pos, 620.28, -122.66, 444.57, 2.44, 0.29, -2.79, tool_force, -5.13, -1.49, 3.15, actual_rep, 1, curr_step, 31, track_size, 143, robot_vel, 47.86, joints_pos, 4.88, 38.25, -19.67, -68.16, -13.61, 72.17, 36.63, tool_torque, 0.671, -0.676, -0.243, joint_torque, -2.62, 0.88, -2.16, 0.33, -1.43, -0.59, -0.24, robot_mode, normal, 
08/06/2022 15:21:29:933, robot_pos, 1654697963036, 620.7, -123.24, 444.47, 2.44, 0.29, -2.79, circuit_pos, 620.63, -120.19, 449.21, 2.45, 0.3, -2.77, tool_force, -4.84, -1.02, 3.82, actual_rep, 1, curr_step, 32, track_size, 143, robot_vel, 38.11, joints_pos, 5.26, 38.06, -19.63, -67.99, -14.63, 72.45, 37.16, tool_torque, 0.851, -0.777, -0.19, joint_torque, -2.76, 1.24, -2.45, -0.09, -1.61, -0.43, -0.2, robot_mode, sine_overlay, 
08/06/2022 15:21:30:089, robot_pos, 1654697963172, 620.77, -123.97, 444.54, 2.44, 0.29, -2.79, circuit_pos, 620.63, -120.19, 449.21, 2.45, 0.3, -2.77, tool_force, -3.77, -1.07, 1.08, actual_rep, 1, curr_step, 32, track_size, 143, robot_vel, 16.86, joints_pos, 5.23, 38.06, -19.66, -67.99, -14.72, 72.35, 37.15, tool_torque, 0.896, -0.79, -0.03, joint_torque, -1.87, 0.18, -2.0, 0.56, -1.45, -0.43, -0.03, robot_mode, sine_overlay, 
08/06/2022 15:21:30:239, robot_pos, 1654697963321, 620.98, -121.56, 448.5, 2.45, 0.3, -2.76, circuit_pos, 620.73, -117.54, 453.61, 2.45, 0.31, -2.75, tool_force, -4.25, -0.69, 2.35, actual_rep, 1, curr_step, 33, track_size, 143, robot_vel, 39.92, joints_pos, 5.7, 38.02, -19.67, -67.68, -16.24, 73.12, 37.75, tool_torque, 0.631, -0.745, -0.204, joint_torque, -2.01, 0.96, -1.71, 0.29, -1.34, -0.58, -0.19, robot_mode, sine_overlay, 
08/06/2022 15:21:30:392, robot_pos, 1654697963471, 620.51, -116.63, 453.04, 2.46, 0.32, -2.74, circuit_pos, 620.98, -108.42, 463.87, 2.46, 0.34, -2.71, tool_force, -5.62, -0.52, 2.79, actual_rep, 1, curr_step, 36, track_size, 143, robot_vel, 45.46, joints_pos, 6.39, 37.75, -19.68, -67.61, -17.62, 73.77, 38.42, tool_torque, 0.833, -0.667, -0.207, joint_torque, -2.53, 0.83, -2.16, 0.41, -1.61, -0.43, -0.19, robot_mode, sine_overlay, 
08/06/2022 15:21:30:540, robot_pos, 1654697963621, 619.59, -111.67, 458.35, 2.46, 0.34, -2.71, circuit_pos, 622.07, -100.74, 468.58, 2.47, 0.36, -2.68, tool_force, -4.81, -0.32, 2.02, actual_rep, 1, curr_step, 38, track_size, 143, robot_vel, 50.55, joints_pos, 7.23, 37.43, -19.73, -67.67, -19.64, 74.39, 39.63, tool_torque, 0.685, -0.62, -0.264, joint_torque, -2.42, 0.62, -1.97, 0.48, -1.52, -0.48, -0.22, robot_mode, sine_overlay, 
08/06/2022 15:21:30:687, robot_pos, 1654697963771, 620.4, -106.45, 462.92, 2.47, 0.35, -2.69, circuit_pos, 624.75, -88.59, 475.5, 2.49, 0.39, -2.64, tool_force, -4.21, 0.32, 3.3, actual_rep, 1, curr_step, 41, track_size, 143, robot_vel, 44.95, joints_pos, 7.97, 37.34, -19.78, -67.41, -21.2, 74.88, 40.6, tool_torque, 0.823, -0.64, -0.289, joint_torque, -2.08, 1.58, -1.59, 0.02, -1.47, -0.44, -0.26, robot_mode, sine_overlay, 
08/06/2022 15:21:30:842, robot_pos, 1654697963921, 623.44, -103.86, 468.38, 2.48, 0.37, -2.67, circuit_pos, 625.57, -84.03, 478.79, 2.49, 0.4, -2.62, tool_force, -3.86, -0.4, 3.66, actual_rep, 1, curr_step, 42, track_size, 143, robot_vel, 47.9, joints_pos, 8.33, 37.64, -19.82, -66.35, -22.44, 75.78, 41.05, tool_torque, 0.6, -0.575, -0.323, joint_torque, -2.34, 0.94, -1.71, -0.12, -1.4, -0.29, -0.28, robot_mode, sine_overlay, 
08/06/2022 15:21:30:992, robot_pos, 1654697964074, 627.58, -100.39, 473.55, 2.48, 0.38, -2.65, circuit_pos, 625.57, -84.03, 478.79, 2.49, 0.4, -2.62, tool_force, -3.35, -1.04, 3.19, actual_rep, 1, curr_step, 42, track_size, 143, robot_vel, 48.36, joints_pos, 8.65, 38.16, -19.77, -64.96, -23.59, 77.01, 41.44, tool_torque, 0.739, -0.553, -0.305, joint_torque, -2.37, 1.34, -1.83, -0.4, -1.32, -0.22, -0.3, robot_mode, sine_overlay, 
08/06/2022 15:21:31:146, robot_pos, 1654697964228, 630.55, -94.63, 477.64, 2.49, 0.39, -2.63, circuit_pos, 625.57, -84.03, 478.79, 2.49, 0.4, -2.62, tool_force, -3.77, -0.09, 3.06, actual_rep, 1, curr_step, 42, track_size, 143, robot_vel, 49.6, joints_pos, 9.22, 38.57, -19.72, -63.97, -24.81, 78.22, 42.12, tool_torque, 0.789, -0.47, -0.304, joint_torque, -2.44, 1.38, -1.94, -0.42, -1.3, -0.16, -0.31, robot_mode, sine_overlay, 
08/06/2022 15:21:31:302, robot_pos, 1654697964381, 630.78, -87.63, 480.25, 2.49, 0.4, -2.61, circuit_pos, 625.57, -84.03, 478.79, 2.49, 0.4, -2.62, tool_force, -3.71, -1.23, 2.49, actual_rep, 1, curr_step, 42, track_size, 143, robot_vel, 51.76, joints_pos, 9.96, 38.61, -19.71, -63.7, -25.7, 79.11, 42.87, tool_torque, 1.012, -0.688, -0.241, joint_torque, -2.0, 0.6, -2.04, -0.03, -1.53, -0.07, -0.27, robot_mode, sine_overlay, 
08/06/2022 15:21:31:449, robot_pos, 1654697964530, 628.41, -85.01, 479.17, 2.49, 0.4, -2.61, circuit_pos, 626.15, -80.01, 481.82, 2.5, 0.41, -2.6, tool_force, -6.28, -1.67, 1.22, actual_rep, 1, curr_step, 43, track_size, 143, robot_vel, 26.15, joints_pos, 10.31, 38.31, -19.76, -64.37, -25.72, 79.07, 43.18, tool_torque, 1.091, -0.404, -0.24, joint_torque, -3.4, -0.35, -2.86, 0.74, -1.93, 0.04, -0.2, robot_mode, sine_overlay, 
08/06/2022 15:21:31:602, robot_pos, 1654697964681, 625.33, -78.97, 480.25, 2.5, 0.41, -2.59, circuit_pos, 626.7, -75.57, 484.88, 2.5, 0.42, -2.58, tool_force, -5.97, 0.14, 2.64, actual_rep, 1, curr_step, 44, track_size, 143, robot_vel, 36.97, joints_pos, 11.2, 37.88, -19.69, -65.18, -27.47, 79.38, 44.44, tool_torque, 0.96, -0.487, -0.178, joint_torque, -2.41, 0.78, -2.26, 0.41, -1.51, -0.24, -0.2, robot_mode, sine_overlay, 
08/06/2022 15:21:31:759, robot_pos, 1654697964833, 623.51, -72.36, 481.86, 2.51, 0.43, -2.57, circuit_pos, 627.39, -70.85, 487.74, 2.51, 0.44, -2.56, tool_force, -5.05, -1.16, 2.25, actual_rep, 1, curr_step, 45, track_size, 143, robot_vel, 56.61, joints_pos, 12.12, 37.61, -19.81, -65.65, -28.68, 79.66, 45.51, tool_torque, 0.778, -0.622, -0.222, joint_torque, -2.49, 0.23, -1.95, 0.33, -1.49, -0.27, -0.2, robot_mode, sine_overlay, 
08/06/2022 15:21:31:904, robot_pos, 1654697964981, 623.78, -69.46, 484.44, 2.51, 0.44, -2.55, circuit_pos, 627.39, -70.85, 487.74, 2.51, 0.44, -2.56, tool_force, -5.08, 0.54, 4.25, actual_rep, 1, curr_step, 45, track_size, 143, robot_vel, 30.88, joints_pos, 12.61, 37.57, -19.89, -65.59, -29.83, 79.85, 46.11, tool_torque, 0.779, -0.36, -0.319, joint_torque, -3.08, 2.01, -1.91, -0.77, -1.35, -0.08, -0.26, robot_mode, sine_overlay, 
08/06/2022 15:21:32:052, robot_pos, 1654697965130, 625.43, -69.96, 487.1, 2.51, 0.45, -2.55, circuit_pos, 627.97, -66.32, 489.84, 2.51, 0.44, -2.55, tool_force, -3.65, 0.33, 3.21, actual_rep, 1, curr_step, 46, track_size, 143, robot_vel, 18.01, joints_pos, 12.47, 37.77, -19.88, -64.87, -29.84, 80.31, 45.89, tool_torque, 0.704, -0.625, 0.0080, joint_torque, -2.44, 1.06, -1.81, -0.34, -1.29, -0.14, 0.05, robot_mode, sine_overlay, 
08/06/2022 15:21:32:202, robot_pos, 1654697965281, 629.45, -67.66, 491.13, 2.52, 0.45, -2.54, circuit_pos, 628.49, -61.56, 491.32, 2.52, 0.45, -2.53, tool_force, -1.91, 0.37, 4.21, actual_rep, 1, curr_step, 47, track_size, 143, robot_vel, 50.81, joints_pos, 12.55, 38.39, -19.8, -63.47, -30.59, 81.4, 45.75, tool_torque, 0.711, -0.633, 0.031, joint_torque, -2.19, 1.91, -1.61, -1.01, -1.04, -0.07, 0.02, robot_mode, sine_overlay, 
08/06/2022 15:21:32:351, robot_pos, 1654697965430, 633.03, -65.94, 493.33, 2.52, 0.45, -2.52, circuit_pos, 628.49, -61.56, 491.32, 2.52, 0.45, -2.53, tool_force, -0.81, 0.34, 3.77, actual_rep, 1, curr_step, 47, track_size, 143, robot_vel, 25.14, joints_pos, 12.59, 39.0, -19.81, -62.31, -30.94, 82.2, 45.58, tool_torque, 0.932, -0.722, 0.08, joint_torque, -1.66, 2.04, -1.44, -1.17, -1.13, 0.05, 0.07, robot_mode, sine_overlay, 
08/06/2022 15:21:32:502, robot_pos, 1654697965581, 634.21, -66.62, 493.27, 2.52, 0.45, -2.52, circuit_pos, 628.49, -61.56, 491.32, 2.52, 0.45, -2.53, tool_force, -1.12, -0.11, 3.34, actual_rep, 1, curr_step, 47, track_size, 143, robot_vel, 4.86, joints_pos, 12.46, 39.21, -19.82, -61.96, -30.73, 82.39, 45.39, tool_torque, 1.025, -0.665, 0.062, joint_torque, -1.89, 1.53, -1.69, -0.89, -1.28, 0.15, 0.05, robot_mode, sine_overlay, 
08/06/2022 15:21:32:654, robot_pos, 1654697965732, 633.29, -64.92, 492.07, 2.52, 0.45, -2.52, circuit_pos, 628.49, -61.56, 491.32, 2.52, 0.45, -2.53, tool_force, -3.31, 0.14, 3.18, actual_rep, 1, curr_step, 47, track_size, 143, robot_vel, 16.61, joints_pos, 12.61, 39.15, -19.76, -62.22, -30.74, 82.52, 45.57, tool_torque, 1.11, -0.495, -0.09, joint_torque, -2.33, 1.28, -2.04, -0.46, -1.39, 0.16, -0.11, robot_mode, sine_overlay, 
08/06/2022 15:21:32:807, robot_pos, 1654697965881, 630.37, -61.24, 490.48, 2.52, 0.45, -2.52, circuit_pos, 629.84, -47.34, 494.75, 2.52, 0.46, -2.49, tool_force, -4.88, -0.19, 3.2, actual_rep, 1, curr_step, 50, track_size, 143, robot_vel, 31.72, joints_pos, 13.04, 38.86, -19.68, -62.96, -31.04, 82.79, 46.19, tool_torque, 0.924, -0.34, -0.152, joint_torque, -3.13, 1.61, -2.3, -0.5, -1.25, -0.08, -0.17, robot_mode, sine_overlay, 
08/06/2022 15:21:32:956, robot_pos, 1654697966030, 627.73, -52.39, 490.06, 2.52, 0.46, -2.5, circuit_pos, 630.73, -40.19, 498.69, 2.53, 0.47, -2.46, tool_force, -4.73, -0.16, 3.62, actual_rep, 1, curr_step, 52, track_size, 143, robot_vel, 62.79, joints_pos, 14.03, 38.7, -19.59, -63.5, -32.13, 83.53, 47.38, tool_torque, 1.124, -0.63, -0.109, joint_torque, -2.28, 1.19, -2.21, -0.16, -1.51, -0.04, -0.16, robot_mode, sine_overlay, 
08/06/2022 15:21:33:127, robot_pos, 1654697966180, 626.39, -45.98, 491.87, 2.53, 0.47, -2.48, circuit_pos, 633.49, -29.29, 506.13, 2.55, 0.5, -2.41, tool_force, -4.53, 0.61, 3.82, actual_rep, 1, curr_step, 55, track_size, 143, robot_vel, 42.94, joints_pos, 14.87, 38.65, -19.76, -63.57, -33.37, 84.37, 48.24, tool_torque, 0.821, -0.466, -0.194, joint_torque, -2.82, 1.55, -1.81, -0.4, -1.35, -0.15, -0.15, robot_mode, sine_overlay, 
08/06/2022 15:21:33:256, robot_pos, 1654697966329, 627.28, -41.5, 495.69, 2.54, 0.48, -2.46, circuit_pos, 636.86, -18.2, 511.18, 2.58, 0.52, -2.36, tool_force, -3.82, 0.51, 4.14, actual_rep, 1, curr_step, 58, track_size, 143, robot_vel, 41.66, joints_pos, 15.38, 38.84, -19.77, -63.04, -34.35, 85.1, 48.45, tool_torque, 0.787, -0.486, -0.21, joint_torque, -2.78, 1.44, -1.65, -0.58, -1.28, -0.12, -0.16, robot_mode, sine_overlay, 
08/06/2022 15:21:33:414, robot_pos, 1654697966481, 630.88, -38.14, 500.52, 2.55, 0.49, -2.43, circuit_pos, 639.1, -10.6, 514.23, 2.59, 0.53, -2.33, tool_force, -2.13, 0.22, 3.8, actual_rep, 1, curr_step, 60, track_size, 143, robot_vel, 45.92, joints_pos, 15.62, 39.45, -19.74, -61.64, -35.52, 86.23, 48.37, tool_torque, 0.794, -0.465, -0.039, joint_torque, -2.33, 1.55, -1.51, -0.99, -1.06, 0.1, 0.0, robot_mode, sine_overlay, 
08/06/2022 15:21:33:556, robot_pos, 1654697966629, 635.59, -35.02, 505.15, 2.56, 0.5, -2.41, circuit_pos, 642.38, 1.41, 516.69, 2.62, 0.55, -2.28, tool_force, -1.46, 1.41, 4.57, actual_rep, 1, curr_step, 63, track_size, 143, robot_vel, 48.74, joints_pos, 15.74, 40.26, -19.71, -59.96, -36.54, 87.48, 48.16, tool_torque, 0.78, -0.363, 0.055, joint_torque, -2.4, 1.56, -1.55, -1.15, -0.94, 0.14, 0.08, robot_mode, sine_overlay, 
08/06/2022 15:21:33:712, robot_pos, 1654697966781, 639.97, -30.31, 508.61, 2.57, 0.51, -2.38, circuit_pos, 646.44, 12.64, 515.72, 2.64, 0.56, -2.24, tool_force, -1.49, 0.63, 4.61, actual_rep, 1, curr_step, 66, track_size, 143, robot_vel, 46.08, joints_pos, 15.98, 41.14, -19.66, -58.33, -37.57, 88.79, 48.0, tool_torque, 0.782, -0.315, 0.055, joint_torque, -2.79, 1.62, -1.75, -1.19, -0.94, 0.24, 0.07, robot_mode, sine_overlay, 
08/06/2022 15:21:33:857, robot_pos, 1654697966929, 642.6, -24.43, 509.75, 2.58, 0.52, -2.36, circuit_pos, 648.86, 19.39, 515.9, 2.65, 0.58, -2.22, tool_force, -1.46, -0.03, 4.13, actual_rep, 1, curr_step, 68, track_size, 143, robot_vel, 46.68, joints_pos, 16.42, 41.79, -19.63, -57.37, -38.47, 89.85, 48.13, tool_torque, 0.858, -0.336, -0.063, joint_torque, -2.68, 1.71, -1.81, -1.35, -0.92, 0.25, -0.09, robot_mode, sine_overlay, 
08/06/2022 15:21:34:054, robot_pos, 1654697967085, 643.07, -16.51, 509.13, 2.59, 0.53, -2.34, circuit_pos, 653.22, 28.6, 517.95, 2.68, 0.6, -2.19, tool_force, -2.55, 0.46, 4.57, actual_rep, 1, curr_step, 71, track_size, 143, robot_vel, 53.23, joints_pos, 17.18, 42.18, -19.62, -57.13, -39.48, 90.67, 48.71, tool_torque, 0.927, -0.341, -0.231, joint_torque, -2.77, 1.91, -1.88, -1.37, -0.99, 0.22, -0.25, robot_mode, sine_overlay, 
08/06/2022 15:21:34:160, robot_pos, 1654697967230, 642.25, -8.59, 507.81, 2.6, 0.54, -2.32, circuit_pos, 656.05, 35.97, 519.02, 2.71, 0.61, -2.18, tool_force, -3.2, 0.69, 4.38, actual_rep, 1, curr_step, 73, track_size, 143, robot_vel, 58.61, joints_pos, 18.04, 42.32, -19.65, -57.4, -40.44, 91.12, 49.47, tool_torque, 0.913, -0.365, -0.228, joint_torque, -2.44, 1.54, -1.7, -0.92, -1.05, 0.14, -0.24, robot_mode, sine_overlay, 
08/06/2022 15:21:34:346, robot_pos, 1654697967383, 641.06, -1.19, 506.74, 2.62, 0.55, -2.3, circuit_pos, 658.89, 46.2, 519.39, 2.74, 0.62, -2.16, tool_force, -3.75, 0.66, 4.67, actual_rep, 1, curr_step, 76, track_size, 143, robot_vel, 49.97, joints_pos, 18.89, 42.32, -19.67, -57.83, -41.38, 91.3, 50.18, tool_torque, 0.926, -0.343, -0.266, joint_torque, -3.18, 1.55, -1.93, -0.91, -1.18, 0.09, -0.25, robot_mode, sine_overlay, 
08/06/2022 15:21:34:467, robot_pos, 1654697967534, 640.86, 4.68, 507.16, 2.63, 0.56, -2.28, circuit_pos, 660.09, 53.96, 520.37, 2.78, 0.64, -2.1, tool_force, -3.35, 1.27, 4.65, actual_rep, 1, curr_step, 79, track_size, 143, robot_vel, 37.42, joints_pos, 19.55, 42.38, -19.68, -57.95, -42.37, 91.43, 50.58, tool_torque, 0.786, -0.348, -0.27, joint_torque, -3.1, 1.84, -1.75, -1.09, -1.03, 0.0, -0.25, robot_mode, sine_overlay, 
08/06/2022 15:21:34:648, robot_pos, 1654697967685, 642.76, 9.0, 509.29, 2.65, 0.57, -2.26, circuit_pos, 659.84, 58.58, 520.08, 2.8, 0.64, -2.06, tool_force, -2.14, 1.12, 4.53, actual_rep, 1, curr_step, 81, track_size, 143, robot_vel, 33.69, joints_pos, 19.93, 42.72, -19.69, -57.38, -43.42, 91.76, 50.63, tool_torque, 0.687, -0.392, -0.177, joint_torque, -3.02, 1.87, -1.58, -1.36, -0.91, 0.07, -0.14, robot_mode, sine_overlay, 
08/06/2022 15:21:34:766, robot_pos, 1654697967833, 646.56, 12.66, 512.49, 2.67, 0.58, -2.24, circuit_pos, 659.48, 65.34, 519.23, 2.83, 0.64, -2.02, tool_force, -0.3, 1.23, 5.17, actual_rep, 1, curr_step, 83, track_size, 143, robot_vel, 40.14, joints_pos, 20.11, 43.39, -19.69, -56.11, -44.54, 92.39, 50.26, tool_torque, 0.714, -0.336, 0.022, joint_torque, -2.76, 1.79, -1.46, -1.44, -0.82, 0.25, 0.06, robot_mode, sine_overlay, 
08/06/2022 15:21:34:957, robot_pos, 1654697967984, 650.17, 17.51, 514.49, 2.68, 0.59, -2.22, circuit_pos, 659.4, 69.36, 518.55, 2.85, 0.65, -2.0, tool_force, -0.33, 0.02, 4.21, actual_rep, 1, curr_step, 84, track_size, 143, robot_vel, 40.48, joints_pos, 20.33, 44.2, -19.63, -54.75, -45.56, 93.36, 49.88, tool_torque, 0.857, -0.433, 0.063, joint_torque, -3.32, 1.55, -2.13, -1.64, -0.98, 0.39, 0.07, robot_mode, sine_overlay, 
08/06/2022 15:21:35:068, robot_pos, 1654697968135, 652.6, 23.4, 515.14, 2.7, 0.59, -2.19, circuit_pos, 659.4, 69.36, 518.55, 2.85, 0.65, -2.0, tool_force, -1.42, 0.33, 5.05, actual_rep, 1, curr_step, 84, track_size, 143, robot_vel, 43.57, joints_pos, 20.76, 44.86, -19.63, -53.93, -46.65, 94.05, 49.81, tool_torque, 0.954, -0.379, 0.077, joint_torque, -3.38, 1.75, -2.07, -1.57, -0.93, 0.39, 0.08, robot_mode, sine_overlay, 
08/06/2022 15:21:35:259, robot_pos, 1654697968284, 653.88, 29.32, 515.58, 2.72, 0.6, -2.16, circuit_pos, 659.4, 69.36, 518.55, 2.85, 0.65, -2.0, tool_force, -0.36, 0.36, 4.76, actual_rep, 1, curr_step, 84, track_size, 143, robot_vel, 43.03, joints_pos, 21.26, 45.33, -19.64, -53.44, -47.74, 94.61, 49.81, tool_torque, 0.772, -0.403, 0.015, joint_torque, -2.92, 1.74, -1.7, -1.59, -0.76, 0.28, 0.01, robot_mode, sine_overlay, 
08/06/2022 15:21:35:367, robot_pos, 1654697968435, 654.55, 35.45, 515.51, 2.74, 0.61, -2.14, circuit_pos, 659.4, 69.36, 518.55, 2.85, 0.65, -2.0, tool_force, -0.69, 1.03, 4.97, actual_rep, 1, curr_step, 84, track_size, 143, robot_vel, 45.96, joints_pos, 21.82, 45.7, -19.64, -53.17, -48.84, 95.09, 49.91, tool_torque, 0.759, -0.366, -0.126, joint_torque, -3.02, 2.04, -1.6, -1.67, -0.71, 0.12, -0.13, robot_mode, sine_overlay, 
08/06/2022 15:21:35:522, robot_pos, 1654697968585, 654.98, 41.56, 515.29, 2.76, 0.62, -2.11, circuit_pos, 659.4, 69.36, 518.55, 2.85, 0.65, -2.0, tool_force, -0.85, 1.22, 5.11, actual_rep, 1, curr_step, 84, track_size, 143, robot_vel, 42.33, joints_pos, 22.4, 46.08, -19.67, -52.94, -49.95, 95.58, 50.04, tool_torque, 0.699, -0.33, -0.222, joint_torque, -3.1, 2.04, -1.52, -1.73, -0.66, 0.14, -0.22, robot_mode, sine_overlay, 
08/06/2022 15:21:35:669, robot_pos, 1654697968736, 655.22, 47.55, 515.16, 2.78, 0.62, -2.08, circuit_pos, 659.4, 69.36, 518.55, 2.85, 0.65, -2.0, tool_force, -0.74, 0.36, 5.74, actual_rep, 1, curr_step, 84, track_size, 143, robot_vel, 51.3, joints_pos, 22.94, 46.41, -19.69, -52.77, -51.06, 96.06, 50.15, tool_torque, 0.678, -0.289, -0.255, joint_torque, -3.72, 1.46, -1.88, -1.76, -0.76, 0.33, -0.24, robot_mode, sine_overlay, 
08/06/2022 15:21:35:857, robot_pos, 1654697968888, 655.44, 53.57, 514.95, 2.8, 0.63, -2.06, circuit_pos, 659.4, 69.36, 518.55, 2.85, 0.65, -2.0, tool_force, -1.23, 1.0, 5.99, actual_rep, 1, curr_step, 84, track_size, 143, robot_vel, 41.58, joints_pos, 23.49, 46.75, -19.69, -52.6, -52.2, 96.51, 50.29, tool_torque, 0.671, -0.337, -0.235, joint_torque, -3.76, 1.49, -1.87, -1.69, -0.76, 0.23, -0.22, robot_mode, sine_overlay, 
08/06/2022 15:21:35:969, robot_pos, 1654697969035, 655.74, 59.52, 514.71, 2.82, 0.64, -2.03, circuit_pos, 659.4, 69.36, 518.55, 2.85, 0.65, -2.0, tool_force, -1.2, 1.49, 6.12, actual_rep, 1, curr_step, 84, track_size, 143, robot_vel, 51.43, joints_pos, 24.02, 47.11, -19.69, -52.39, -53.32, 96.98, 50.38, tool_torque, 0.65, -0.258, -0.225, joint_torque, -3.79, 1.83, -1.76, -1.71, -0.64, 0.14, -0.21, robot_mode, sine_overlay, 
08/06/2022 15:21:36:139, robot_pos, 1654697969201, 656.11, 65.0, 514.4, 2.83, 0.64, -2.01, circuit_pos, 659.4, 69.36, 518.55, 2.85, 0.65, -2.0, tool_force, -0.05, 0.16, 6.21, actual_rep, 1, curr_step, 84, track_size, 143, robot_vel, 46.68, joints_pos, 24.45, 47.46, -19.68, -52.09, -54.0, 97.42, 50.4, tool_torque, 0.832, -0.463, -0.16, joint_torque, -3.5, 1.65, -1.98, -1.84, -0.79, 0.29, -0.17, robot_mode, sine_overlay, 
08/06/2022 15:21:36:285, robot_pos, 1654697969328, 656.17, 64.5, 514.52, 2.83, 0.64, -2.01, circuit_pos, 659.4, 69.36, 518.55, 2.85, 0.65, -2.0, tool_force, -0.33, 0.64, 5.06, actual_rep, 1, curr_step, 84, track_size, 143, robot_vel, 1.85, joints_pos, 24.42, 47.45, -19.74, -52.09, -53.92, 97.38, 50.4, tool_torque, 0.864, -0.317, -0.118, joint_torque, -3.44, 1.71, -1.76, -1.68, -0.81, 0.35, -0.1, robot_mode, sine_overlay, 
08/06/2022 15:21:36:507, robot_pos, 1654697969474, 657.13, 65.6, 515.65, 2.84, 0.65, -2.01, circuit_pos, 659.35, 78.03, 516.06, 2.87, 0.65, -1.96, tool_force, -1.45, 2.11, 6.6, actual_rep, 1, curr_step, 86, track_size, 143, robot_vel, 3.2, joints_pos, 24.5, 47.59, -19.75, -51.8, -54.4, 97.35, 50.34, tool_torque, 0.799, 0.051, -0.123, joint_torque, -4.31, 3.19, -1.49, -2.39, -0.32, 0.36, -0.08, robot_mode, normal, 
08/06/2022 15:21:36:579, robot_pos, 1654697969623, 658.32, 71.92, 515.75, 2.86, 0.65, -1.98, circuit_pos, 658.61, 86.29, 513.32, 2.9, 0.65, -1.93, tool_force, -0.74, 2.25, 5.96, actual_rep, 1, curr_step, 88, track_size, 143, robot_vel, 41.96, joints_pos, 24.9, 48.2, -19.68, -51.11, -55.49, 98.14, 50.13, tool_torque, 0.895, -0.203, 0.067, joint_torque, -3.96, 2.49, -1.89, -1.96, -0.56, 0.26, 0.07, robot_mode, normal, 
08/06/2022 15:21:36:729, robot_pos, 1654697969776, 658.51, 77.65, 514.54, 2.88, 0.65, -1.96, circuit_pos, 657.93, 96.79, 510.85, 2.93, 0.65, -1.89, tool_force, 1.09, 0.15, 6.28, actual_rep, 1, curr_step, 91, track_size, 143, robot_vel, 40.83, joints_pos, 25.38, 48.57, -19.69, -50.94, -56.32, 98.56, 50.08, tool_torque, 0.61, -0.398, 0.084, joint_torque, -3.78, 1.33, -1.92, -1.75, -0.61, 0.25, 0.08, robot_mode, normal, 
08/06/2022 15:21:36:880, robot_pos, 1654697969923, 658.21, 83.24, 513.2, 2.89, 0.65, -1.93, circuit_pos, 657.26, 106.74, 510.11, 2.95, 0.65, -1.86, tool_force, -0.34, 1.29, 6.87, actual_rep, 1, curr_step, 94, track_size, 143, robot_vel, 39.69, joints_pos, 25.87, 48.9, -19.7, -50.86, -57.08, 98.99, 50.1, tool_torque, 0.582, -0.328, 0.022, joint_torque, -4.5, 1.81, -2.04, -1.92, -0.57, 0.14, 0.04, robot_mode, normal, 
08/06/2022 15:21:37:024, robot_pos, 1654697970072, 658.07, 88.71, 512.28, 2.91, 0.65, -1.91, circuit_pos, 656.57, 112.89, 509.51, 2.95, 0.66, -1.84, tool_force, -0.08, 1.88, 7.22, actual_rep, 1, curr_step, 96, track_size, 143, robot_vel, 36.79, joints_pos, 26.3, 49.26, -19.7, -50.64, -57.79, 99.51, 50.05, tool_torque, 0.479, -0.384, 0.076, joint_torque, -4.35, 1.85, -1.91, -1.95, -0.49, 0.02, 0.08, robot_mode, normal, 
08/06/2022 15:21:37:179, robot_pos, 1654697970226, 657.77, 94.69, 511.48, 2.92, 0.65, -1.9, circuit_pos, 655.44, 121.06, 509.19, 2.95, 0.66, -1.84, tool_force, -0.28, 2.1, 8.06, actual_rep, 1, curr_step, 99, track_size, 143, robot_vel, 40.36, joints_pos, 26.75, 49.66, -19.7, -50.31, -58.41, 100.19, 50.11, tool_torque, 0.529, -0.32, -0.0090, joint_torque, -4.91, 2.2, -2.04, -1.97, -0.48, -0.05, 0.0, robot_mode, normal, 
08/06/2022 15:21:37:333, robot_pos, 1654697970375, 657.35, 100.3, 510.9, 2.93, 0.66, -1.88, circuit_pos, 655.17, 126.43, 509.4, 2.95, 0.66, -1.83, tool_force, -0.33, 2.1, 8.04, actual_rep, 1, curr_step, 101, track_size, 143, robot_vel, 37.78, joints_pos, 27.16, 50.01, -19.7, -49.97, -58.82, 100.82, 50.12, tool_torque, 0.57, -0.399, -0.0090, joint_torque, -4.81, 1.86, -2.13, -2.01, -0.55, 0.0, -0.01, robot_mode, normal, 
08/06/2022 15:21:37:479, robot_pos, 1654697970525, 656.97, 106.05, 510.44, 2.93, 0.66, -1.87, circuit_pos, 655.29, 133.8, 507.77, 2.96, 0.66, -1.81, tool_force, -0.67, 2.08, 7.57, actual_rep, 1, curr_step, 104, track_size, 143, robot_vel, 38.19, joints_pos, 27.56, 50.37, -19.69, -49.56, -59.22, 101.48, 50.12, tool_torque, 0.65, -0.424, 0.033, joint_torque, -5.27, 1.99, -2.36, -1.93, -0.66, -0.02, 0.04, robot_mode, normal, 
08/06/2022 15:21:37:688, robot_pos, 1654697970683, 656.73, 112.17, 509.61, 2.94, 0.66, -1.85, circuit_pos, 655.75, 137.42, 506.49, 2.98, 0.66, -1.8, tool_force, -0.32, 1.87, 8.34, actual_rep, 1, curr_step, 106, track_size, 143, robot_vel, 39.2, joints_pos, 27.98, 50.82, -19.69, -49.09, -59.71, 102.2, 50.05, tool_torque, 0.489, -0.525, 0.17, joint_torque, -5.43, 1.54, -2.43, -1.75, -0.71, -0.22, 0.18, robot_mode, normal, 
08/06/2022 15:21:37:795, robot_pos, 1654697970830, 656.61, 117.76, 508.74, 2.95, 0.66, -1.84, circuit_pos, 656.1, 140.39, 506.31, 2.98, 0.67, -1.78, tool_force, -0.63, 2.77, 8.42, actual_rep, 1, curr_step, 109, track_size, 143, robot_vel, 40.11, joints_pos, 28.37, 51.26, -19.69, -48.66, -60.22, 102.79, 49.96, tool_torque, 0.4, -0.56, 0.228, joint_torque, -5.34, 1.75, -2.28, -1.82, -0.64, -0.32, 0.24, robot_mode, normal, 
08/06/2022 15:21:37:939, robot_pos, 1654697970977, 656.57, 123.51, 507.93, 2.96, 0.66, -1.82, circuit_pos, 656.45, 141.49, 505.99, 2.98, 0.67, -1.77, tool_force, -0.8, 2.32, 9.0, actual_rep, 1, curr_step, 111, track_size, 143, robot_vel, 38.55, joints_pos, 28.73, 51.76, -19.71, -48.13, -60.82, 103.53, 49.91, tool_torque, 0.411, -0.544, 0.215, joint_torque, -5.85, 1.93, -2.34, -2.01, -0.6, -0.34, 0.23, robot_mode, normal, 
08/06/2022 15:21:38:085, robot_pos, 1654697971128, 656.69, 129.21, 507.03, 2.97, 0.67, -1.8, circuit_pos, 656.31, 141.0, 506.79, 2.98, 0.67, -1.78, tool_force, 0.02, 3.34, 8.66, actual_rep, 1, curr_step, 113, track_size, 143, robot_vel, 39.57, joints_pos, 29.07, 52.35, -19.71, -47.49, -61.5, 104.35, 49.87, tool_torque, 0.271, -0.569, 0.213, joint_torque, -5.5, 2.12, -2.05, -2.04, -0.5, -0.5, 0.23, robot_mode, normal, 
08/06/2022 15:21:38:238, robot_pos, 1654697971275, 656.85, 134.9, 506.84, 2.98, 0.67, -1.79, circuit_pos, 656.35, 140.61, 507.53, 2.98, 0.67, -1.78, tool_force, -0.13, 3.56, 9.05, actual_rep, 1, curr_step, 116, track_size, 143, robot_vel, 39.84, joints_pos, 29.39, 52.83, -19.71, -46.84, -62.0, 104.99, 49.73, tool_torque, 0.277, -0.529, 0.225, joint_torque, -5.61, 2.32, -2.0, -2.1, -0.42, -0.54, 0.23, robot_mode, normal, 
08/06/2022 15:21:38:389, robot_pos, 1654697971426, 656.97, 139.31, 506.57, 2.98, 0.67, -1.78, circuit_pos, 656.36, 140.83, 507.25, 2.98, 0.67, -1.77, tool_force, 0.82, 3.65, 8.08, actual_rep, 1, curr_step, 119, track_size, 143, robot_vel, 31.9, joints_pos, 29.63, 53.24, -19.73, -46.3, -62.4, 105.55, 49.59, tool_torque, 0.398, -0.698, 0.237, joint_torque, -4.66, 2.63, -1.78, -2.24, -0.44, -0.5, 0.23, robot_mode, normal, 
08/06/2022 15:21:38:536, robot_pos, 1654697971574, 657.03, 139.05, 506.19, 2.98, 0.67, -1.77, circuit_pos, 656.43, 140.68, 506.8, 2.98, 0.67, -1.77, tool_force, 0.37, 4.03, 8.59, actual_rep, 1, curr_step, 121, track_size, 143, robot_vel, 5.04, joints_pos, 29.62, 53.4, -19.82, -46.22, -62.63, 105.8, 49.54, tool_torque, 0.157, -0.616, 0.164, joint_torque, -5.23, 2.52, -1.73, -2.23, -0.33, -0.61, 0.17, robot_mode, normal, 
08/06/2022 15:21:38:690, robot_pos, 1654697971727, 657.1, 139.03, 506.03, 2.98, 0.67, -1.77, circuit_pos, 656.48, 140.65, 506.78, 2.98, 0.67, -1.77, tool_force, -0.54, 3.71, 8.32, actual_rep, 1, curr_step, 124, track_size, 143, robot_vel, 3.01, joints_pos, 29.61, 53.41, -19.8, -46.2, -62.63, 105.82, 49.55, tool_torque, 0.359, -0.598, 0.134, joint_torque, -5.35, 2.36, -2.04, -2.11, -0.43, -0.53, 0.13, robot_mode, normal, 
08/06/2022 15:21:38:839, robot_pos, 1654697971875, 657.08, 139.09, 506.03, 2.98, 0.67, -1.77, circuit_pos, 656.48, 140.63, 506.79, 2.98, 0.67, -1.77, tool_force, -0.68, 3.82, 8.33, actual_rep, 1, curr_step, 126, track_size, 143, robot_vel, 0.13, joints_pos, 29.61, 53.41, -19.8, -46.2, -62.63, 105.83, 49.55, tool_torque, 0.346, -0.588, 0.134, joint_torque, -5.34, 2.35, -2.01, -2.08, -0.42, -0.55, 0.13, robot_mode, normal, 
08/06/2022 15:21:39:038, robot_pos, 1654697972071, 657.07, 139.1, 506.03, 2.98, 0.67, -1.77, circuit_pos, 656.49, 140.63, 506.77, 2.98, 0.67, -1.77, tool_force, -0.84, 3.88, 8.08, actual_rep, 1, curr_step, 129, track_size, 143, robot_vel, 0.16, joints_pos, 29.61, 53.41, -19.8, -46.2, -62.63, 105.83, 49.55, tool_torque, 0.378, -0.569, 0.133, joint_torque, -5.27, 2.36, -1.98, -2.03, -0.45, -0.53, 0.13, robot_mode, normal, 
08/06/2022 15:21:39:186, robot_pos, 1654697972219, 657.07, 139.09, 506.04, 2.98, 0.67, -1.77, circuit_pos, 656.49, 140.63, 506.77, 2.98, 0.67, -1.77, tool_force, -0.9, 3.76, 8.11, actual_rep, 1, curr_step, 132, track_size, 143, robot_vel, 0.21, joints_pos, 29.61, 53.41, -19.8, -46.2, -62.63, 105.83, 49.55, tool_torque, 0.391, -0.563, 0.137, joint_torque, -5.3, 2.24, -2.02, -1.98, -0.48, -0.5, 0.14, robot_mode, normal, 
08/06/2022 15:21:39:345, robot_pos, 1654697972369, 657.06, 139.08, 506.06, 2.98, 0.67, -1.77, circuit_pos, 656.49, 140.63, 506.76, 2.98, 0.67, -1.77, tool_force, -0.91, 3.62, 8.13, actual_rep, 1, curr_step, 134, track_size, 143, robot_vel, 0.2, joints_pos, 29.61, 53.41, -19.8, -46.2, -62.63, 105.83, 49.55, tool_torque, 0.42, -0.557, 0.141, joint_torque, -5.36, 2.18, -2.07, -1.97, -0.51, -0.46, 0.14, robot_mode, normal, 
08/06/2022 15:21:39:487, robot_pos, 1654697972517, 657.05, 139.09, 506.07, 2.98, 0.67, -1.77, circuit_pos, 656.49, 140.63, 506.76, 2.98, 0.67, -1.77, tool_force, -1.03, 3.51, 8.08, actual_rep, 1, curr_step, 137, track_size, 143, robot_vel, 0.06, joints_pos, 29.61, 53.41, -19.8, -46.2, -62.63, 105.83, 49.55, tool_torque, 0.446, -0.586, 0.145, joint_torque, -5.36, 2.05, -2.14, -1.92, -0.58, -0.45, 0.15, robot_mode, normal, 
08/06/2022 15:21:39:640, robot_pos, 1654697972666, 657.05, 139.07, 506.13, 2.98, 0.67, -1.77, circuit_pos, 656.49, 140.63, 506.76, 2.98, 0.67, -1.77, tool_force, -1.24, 3.44, 8.04, actual_rep, 1, curr_step, 140, track_size, 143, robot_vel, 0.4, joints_pos, 29.61, 53.41, -19.81, -46.2, -62.65, 105.83, 49.55, tool_torque, 0.486, -0.589, 0.159, joint_torque, -5.37, 2.0, -2.18, -1.86, -0.63, -0.44, 0.16, robot_mode, normal, 
08/06/2022 15:21:39:788, robot_pos, 1654697972816, 657.0, 139.1, 506.13, 2.98, 0.67, -1.77, circuit_pos, 656.49, 140.63, 506.76, 2.98, 0.67, -1.77, tool_force, -1.0, 2.82, 7.98, actual_rep, 1, curr_step, 142, track_size, 143, robot_vel, 0.54, joints_pos, 29.62, 53.41, -19.81, -46.2, -62.65, 105.86, 49.55, tool_torque, 0.542, -0.596, 0.143, joint_torque, -5.34, 1.7, -2.29, -1.82, -0.71, -0.31, 0.15, robot_mode, normal, 
08/06/2022 15:21:39:941, robot_pos, 1654697972966, 656.98, 139.09, 506.22, 2.98, 0.67, -1.77, circuit_pos, 656.49, 140.63, 506.76, 2.98, 0.67, -1.77, tool_force, -1.2, 2.98, 7.77, actual_rep, 1, curr_step, 140, track_size, 143, robot_vel, 0.13, joints_pos, 29.62, 53.41, -19.8, -46.2, -62.67, 105.86, 49.54, tool_torque, 0.605, -0.581, 0.16, joint_torque, -5.2, 1.78, -2.25, -1.76, -0.73, -0.3, 0.16, robot_mode, normal, 
08/06/2022 15:21:40:089, robot_pos, 1654697973116, 656.99, 139.21, 506.31, 2.98, 0.67, -1.77, circuit_pos, 656.49, 140.63, 506.76, 2.98, 0.67, -1.77, tool_force, -1.67, 2.71, 7.08, actual_rep, 1, curr_step, 138, track_size, 143, robot_vel, 1.33, joints_pos, 29.62, 53.4, -19.8, -46.19, -62.68, 105.86, 49.54, tool_torque, 0.607, -0.685, 0.178, joint_torque, -4.81, 1.46, -2.24, -1.45, -0.88, -0.37, 0.18, robot_mode, normal, 
08/06/2022 15:21:40:238, robot_pos, 1654697973263, 656.95, 139.18, 506.4, 2.98, 0.67, -1.77, circuit_pos, 656.49, 140.63, 506.76, 2.98, 0.67, -1.77, tool_force, -1.47, 1.73, 7.45, actual_rep, 1, curr_step, 135, track_size, 143, robot_vel, 0.75, joints_pos, 29.62, 53.4, -19.8, -46.19, -62.7, 105.88, 49.53, tool_torque, 0.782, -0.737, 0.177, joint_torque, -5.05, 1.03, -2.62, -1.45, -1.08, -0.17, 0.17, robot_mode, normal, 
08/06/2022 15:21:40:396, robot_pos, 1654697973414, 656.88, 139.14, 506.71, 2.98, 0.67, -1.77, circuit_pos, 656.49, 140.63, 506.77, 2.98, 0.67, -1.77, tool_force, -2.33, 0.36, 7.08, actual_rep, 1, curr_step, 132, track_size, 143, robot_vel, 1.95, joints_pos, 29.62, 53.38, -19.81, -46.19, -62.75, 105.9, 49.5, tool_torque, 0.96, -0.823, 0.199, joint_torque, -5.01, 0.03, -2.98, -0.93, -1.48, -0.02, 0.2, robot_mode, normal, 
08/06/2022 15:21:40:543, robot_pos, 1654697973564, 656.84, 139.32, 506.96, 2.98, 0.67, -1.76, circuit_pos, 656.49, 140.63, 506.77, 2.98, 0.67, -1.77, tool_force, -3.02, -0.27, 5.83, actual_rep, 1, curr_step, 130, track_size, 143, robot_vel, 1.95, joints_pos, 29.63, 53.37, -19.8, -46.18, -62.79, 105.91, 49.48, tool_torque, 0.967, -0.901, 0.235, joint_torque, -4.26, -0.5, -2.86, -0.4, -1.64, -0.07, 0.24, robot_mode, normal, 
08/06/2022 15:21:40:693, robot_pos, 1654697973716, 656.85, 139.4, 507.06, 2.98, 0.67, -1.76, circuit_pos, 656.49, 140.64, 506.77, 2.98, 0.67, -1.77, tool_force, -3.29, -0.4, 5.62, actual_rep, 1, curr_step, 127, track_size, 143, robot_vel, 0.51, joints_pos, 29.64, 53.38, -19.79, -46.16, -62.8, 105.91, 49.47, tool_torque, 0.952, -0.967, 0.223, joint_torque, -4.07, -0.65, -2.85, -0.24, -1.7, -0.14, 0.22, robot_mode, normal, 
08/06/2022 15:21:40:845, robot_pos, 1654697973864, 656.84, 139.44, 507.1, 2.98, 0.67, -1.76, circuit_pos, 656.48, 140.64, 506.77, 2.98, 0.67, -1.77, tool_force, -3.44, -0.55, 5.48, actual_rep, 1, curr_step, 125, track_size, 143, robot_vel, 1.13, joints_pos, 29.64, 53.38, -19.79, -46.15, -62.81, 105.93, 49.47, tool_torque, 1.036, -1.018, 0.206, joint_torque, -4.08, -0.68, -2.96, -0.24, -1.8, -0.11, 0.21, robot_mode, normal, 
08/06/2022 15:21:40:997, robot_pos, 1654697974013, 656.81, 139.35, 507.22, 2.98, 0.67, -1.76, circuit_pos, 656.47, 140.63, 506.78, 2.98, 0.67, -1.77, tool_force, -3.62, -1.56, 6.11, actual_rep, 1, curr_step, 122, track_size, 143, robot_vel, 0.95, joints_pos, 29.64, 53.38, -19.8, -46.15, -62.84, 105.95, 49.44, tool_torque, 1.247, -1.06, 0.203, joint_torque, -4.58, -1.31, -3.46, -0.17, -2.09, 0.13, 0.21, robot_mode, normal, 
08/06/2022 15:21:41:145, robot_pos, 1654697974162, 656.82, 139.36, 507.35, 2.98, 0.67, -1.76, circuit_pos, 656.41, 140.76, 507.05, 2.98, 0.67, -1.77, tool_force, -4.01, -1.84, 5.81, actual_rep, 1, curr_step, 120, track_size, 143, robot_vel, 0.83, joints_pos, 29.64, 53.38, -19.81, -46.14, -62.85, 105.95, 49.42, tool_torque, 1.213, -1.101, 0.229, joint_torque, -4.46, -1.63, -3.43, 0.09, -2.21, 0.08, 0.24, robot_mode, normal, 
08/06/2022 15:21:41:299, robot_pos, 1654697974312, 656.83, 139.59, 507.84, 2.98, 0.67, -1.76, circuit_pos, 656.33, 140.69, 507.47, 2.98, 0.67, -1.78, tool_force, -4.22, -1.33, 5.47, actual_rep, 1, curr_step, 117, track_size, 143, robot_vel, 3.65, joints_pos, 29.64, 53.37, -19.8, -46.07, -62.87, 105.97, 49.37, tool_torque, 1.139, -1.129, 0.271, joint_torque, -4.13, -1.45, -3.26, 0.19, -2.14, -0.07, 0.28, robot_mode, normal, 
08/06/2022 15:21:41:449, robot_pos, 1654697974464, 657.0, 139.77, 508.16, 2.98, 0.67, -1.77, circuit_pos, 656.3, 140.68, 507.61, 2.98, 0.67, -1.78, tool_force, -5.12, -2.08, 4.26, actual_rep, 1, curr_step, 115, track_size, 143, robot_vel, 4.24, joints_pos, 29.63, 53.27, -19.71, -46.07, -62.67, 105.75, 49.36, tool_torque, 1.693, -1.078, 0.218, joint_torque, -3.83, -1.82, -3.81, 0.44, -2.49, 0.38, 0.2, robot_mode, normal, 
08/06/2022 15:21:41:603, robot_pos, 1654697974614, 656.76, 139.58, 508.24, 2.98, 0.67, -1.77, circuit_pos, 656.41, 141.21, 506.25, 2.98, 0.67, -1.77, tool_force, -6.63, -3.02, 4.64, actual_rep, 1, curr_step, 112, track_size, 143, robot_vel, 3.22, joints_pos, 29.66, 53.2, -19.75, -46.21, -62.63, 105.66, 49.39, tool_torque, 1.809, -0.972, 0.105, joint_torque, -4.55, -3.03, -4.18, 0.92, -2.85, 0.56, 0.11, robot_mode, normal, 
08/06/2022 15:21:41:751, robot_pos, 1654697974763, 656.57, 139.77, 507.49, 2.99, 0.67, -1.76, circuit_pos, 656.39, 141.31, 506.04, 2.98, 0.67, -1.77, tool_force, -6.35, -3.71, 5.63, actual_rep, 1, curr_step, 110, track_size, 143, robot_vel, 4.44, joints_pos, 29.69, 53.33, -19.81, -46.2, -62.85, 105.92, 49.44, tool_torque, 1.586, -1.078, 0.087, joint_torque, -5.07, -3.38, -4.24, 0.87, -2.82, 0.39, 0.11, robot_mode, normal, 
08/06/2022 15:21:41:919, robot_pos, 1654697974917, 657.0, 139.76, 507.16, 2.98, 0.67, -1.77, circuit_pos, 655.78, 138.59, 506.18, 2.98, 0.66, -1.79, tool_force, -4.33, -3.48, 4.55, actual_rep, 1, curr_step, 107, track_size, 143, robot_vel, 4.39, joints_pos, 29.63, 53.36, -19.76, -46.09, -62.63, 105.84, 49.38, tool_torque, 1.944, -1.035, 0.193, joint_torque, -4.44, -2.85, -4.32, 0.54, -2.75, 0.75, 0.2, robot_mode, normal, 
08/06/2022 15:21:42:055, robot_pos, 1654697975063, 656.89, 137.92, 507.39, 2.98, 0.66, -1.78, circuit_pos, 655.58, 135.88, 507.0, 2.97, 0.66, -1.8, tool_force, -5.67, -2.94, 3.28, actual_rep, 1, curr_step, 105, track_size, 143, robot_vel, 13.54, joints_pos, 29.59, 52.97, -19.76, -46.55, -62.09, 105.09, 49.12, tool_torque, 2.124, -0.94, 0.218, joint_torque, -3.84, -2.35, -4.15, 0.61, -2.8, 0.86, 0.21, robot_mode, normal, 
08/06/2022 15:21:42:209, robot_pos, 1654697975215, 655.78, 134.56, 508.44, 2.98, 0.66, -1.8, circuit_pos, 655.16, 128.94, 509.13, 2.95, 0.66, -1.83, tool_force, -5.07, -4.09, 2.96, actual_rep, 1, curr_step, 102, track_size, 143, robot_vel, 27.28, joints_pos, 29.52, 52.4, -19.85, -47.28, -61.62, 104.53, 49.36, tool_torque, 1.899, -1.018, 0.0090, joint_torque, -3.15, -2.64, -3.78, 0.84, -2.78, 0.78, 0.0, robot_mode, normal, 
08/06/2022 15:21:42:354, robot_pos, 1654697975363, 655.63, 128.58, 509.88, 2.96, 0.66, -1.82, circuit_pos, 655.44, 121.06, 509.19, 2.95, 0.66, -1.84, tool_force, -6.54, -3.84, 3.6, actual_rep, 1, curr_step, 99, track_size, 143, robot_vel, 44.28, joints_pos, 29.12, 51.95, -19.92, -47.62, -60.84, 104.12, 49.46, tool_torque, 1.937, -0.981, -0.024, joint_torque, -3.66, -2.42, -3.85, 0.81, -2.81, 0.63, -0.02, robot_mode, normal, 
08/06/2022 15:21:42:509, robot_pos, 1654697975513, 655.74, 123.01, 510.16, 2.96, 0.66, -1.82, circuit_pos, 656.21, 115.6, 509.16, 2.95, 0.66, -1.84, tool_force, -5.87, -4.9, 2.96, actual_rep, 1, curr_step, 97, track_size, 143, robot_vel, 38.75, joints_pos, 28.81, 51.52, -19.95, -48.25, -60.62, 103.44, 49.65, tool_torque, 2.104, -1.024, -0.071, joint_torque, -3.64, -3.14, -4.2, 0.91, -2.99, 0.93, -0.07, robot_mode, normal, 
08/06/2022 15:21:42:811, robot_pos, 1654697975812, 656.83, 111.64, 510.72, 2.95, 0.66, -1.84, circuit_pos, 657.74, 99.82, 510.37, 2.93, 0.65, -1.88, tool_force, -4.83, -4.13, 1.44, actual_rep, 1, curr_step, 92, track_size, 143, robot_vel, 39.05, joints_pos, 28.1, 50.79, -20.01, -49.24, -60.11, 101.97, 49.68, tool_torque, 1.993, -0.949, 0.074, joint_torque, -2.07, -2.37, -3.37, 1.0, -2.69, 0.91, 0.07, robot_mode, normal, 
08/06/2022 15:21:42:959, robot_pos, 1654697975960, 657.2, 105.97, 511.17, 2.94, 0.65, -1.86, circuit_pos, 658.29, 89.75, 512.46, 2.91, 0.65, -1.92, tool_force, -4.59, -3.81, 0.8, actual_rep, 1, curr_step, 89, track_size, 143, robot_vel, 38.82, joints_pos, 27.7, 50.42, -20.01, -49.63, -59.59, 101.32, 49.69, tool_torque, 2.003, -0.886, 0.034, joint_torque, -2.07, -2.33, -3.37, 0.94, -2.64, 0.92, 0.02, robot_mode, normal, 
08/06/2022 15:21:43:111, robot_pos, 1654697976111, 657.62, 100.23, 512.16, 2.93, 0.65, -1.88, circuit_pos, 659.1, 82.11, 514.6, 2.89, 0.65, -1.95, tool_force, -4.53, -4.51, 1.56, actual_rep, 1, curr_step, 87, track_size, 143, robot_vel, 38.82, joints_pos, 27.26, 50.02, -20.0, -49.91, -58.92, 100.68, 49.7, tool_torque, 2.031, -0.812, -0.04, joint_torque, -2.68, -2.8, -3.74, 0.9, -2.7, 1.13, -0.05, robot_mode, normal, 
08/06/2022 15:21:43:261, robot_pos, 1654697976258, 657.99, 94.53, 513.4, 2.92, 0.65, -1.9, circuit_pos, 659.4, 69.36, 518.55, 2.85, 0.65, -2.0, tool_force, -4.8, -4.21, -0.01, actual_rep, 1, curr_step, 84, track_size, 143, robot_vel, 39.66, joints_pos, 26.8, 49.66, -20.0, -50.07, -58.22, 100.17, 49.72, tool_torque, 2.128, -0.846, -0.081, joint_torque, -1.85, -2.38, -3.39, 1.07, -2.72, 1.05, -0.09, robot_mode, normal, 
08/06/2022 15:21:43:412, robot_pos, 1654697976409, 658.38, 88.55, 514.75, 2.9, 0.65, -1.92, circuit_pos, 659.84, 58.58, 520.08, 2.8, 0.64, -2.06, tool_force, -5.06, -4.67, 0.36, actual_rep, 1, curr_step, 81, track_size, 143, robot_vel, 41.3, joints_pos, 26.31, 49.3, -20.0, -50.19, -57.39, 99.66, 49.72, tool_torque, 2.22, -0.894, -0.023, joint_torque, -2.4, -2.98, -3.81, 1.13, -2.9, 1.18, -0.03, robot_mode, normal, 
08/06/2022 15:21:43:564, robot_pos, 1654697976558, 658.75, 82.73, 515.99, 2.88, 0.65, -1.95, circuit_pos, 660.09, 53.96, 520.37, 2.78, 0.64, -2.1, tool_force, -5.92, -4.23, 0.75, actual_rep, 1, curr_step, 79, track_size, 143, robot_vel, 39.53, joints_pos, 25.8, 48.93, -19.98, -50.29, -56.43, 99.13, 49.72, tool_torque, 2.13, -0.988, -0.036, joint_torque, -2.56, -2.88, -3.84, 1.22, -2.92, 0.92, -0.05, robot_mode, normal, 
08/06/2022 15:21:43:710, robot_pos, 1654697976707, 659.08, 77.06, 517.02, 2.86, 0.65, -1.98, circuit_pos, 658.89, 46.2, 519.39, 2.74, 0.62, -2.16, tool_force, -6.52, -4.58, 0.26, actual_rep, 1, curr_step, 76, track_size, 143, robot_vel, 38.42, joints_pos, 25.28, 48.56, -19.97, -50.34, -55.22, 98.59, 49.76, tool_torque, 2.239, -1.049, -0.074, joint_torque, -2.59, -3.03, -3.99, 1.51, -3.12, 0.93, -0.09, robot_mode, normal, 
08/06/2022 15:21:43:862, robot_pos, 1654697976858, 659.07, 71.17, 517.71, 2.84, 0.64, -2.01, circuit_pos, 657.05, 39.37, 519.16, 2.72, 0.61, -2.17, tool_force, -6.35, -5.25, -0.08, actual_rep, 1, curr_step, 74, track_size, 143, robot_vel, 39.72, joints_pos, 24.76, 48.15, -19.96, -50.51, -53.95, 98.04, 49.78, tool_torque, 2.398, -1.037, -0.078, joint_torque, -2.41, -3.26, -4.13, 1.58, -3.22, 1.1, -0.1, robot_mode, normal, 
08/06/2022 15:21:44:016, robot_pos, 1654697977006, 658.51, 65.51, 518.12, 2.82, 0.64, -2.04, circuit_pos, 653.22, 28.6, 517.95, 2.68, 0.6, -2.19, tool_force, -6.49, -4.27, -0.49, actual_rep, 1, curr_step, 71, track_size, 143, robot_vel, 34.57, joints_pos, 24.28, 47.73, -19.97, -50.81, -52.84, 97.59, 49.81, tool_torque, 2.28, -1.025, -0.079, joint_torque, -2.34, -3.04, -3.9, 1.52, -3.13, 1.0, -0.09, robot_mode, normal, 
08/06/2022 15:21:44:161, robot_pos, 1654697977156, 657.69, 59.8, 518.03, 2.8, 0.63, -2.06, circuit_pos, 648.86, 19.39, 515.9, 2.65, 0.58, -2.22, tool_force, -5.93, -3.19, -0.73, actual_rep, 1, curr_step, 68, track_size, 143, robot_vel, 39.08, joints_pos, 23.82, 47.36, -19.98, -51.12, -51.82, 97.3, 49.84, tool_torque, 2.192, -0.985, -0.084, joint_torque, -1.93, -2.65, -3.5, 1.5, -2.96, 0.89, -0.1, robot_mode, normal, 
08/06/2022 15:21:44:337, robot_pos, 1654697977324, 656.52, 53.41, 517.72, 2.77, 0.62, -2.09, circuit_pos, 645.17, 8.9, 516.09, 2.64, 0.56, -2.25, tool_force, -5.06, -3.52, -0.83, actual_rep, 1, curr_step, 65, track_size, 143, robot_vel, 39.3, joints_pos, 23.3, 46.92, -19.98, -51.56, -50.69, 96.97, 49.86, tool_torque, 2.046, -0.926, -0.036, joint_torque, -1.88, -1.89, -3.27, 1.24, -2.73, 0.79, -0.04, robot_mode, normal, 
08/06/2022 15:21:44:473, robot_pos, 1654697977456, 655.3, 48.16, 517.51, 2.76, 0.62, -2.1, circuit_pos, 642.38, 1.41, 516.69, 2.62, 0.55, -2.28, tool_force, -5.2, -2.12, 0.5, actual_rep, 1, curr_step, 63, track_size, 143, robot_vel, 42.37, joints_pos, 22.9, 46.5, -19.98, -52.03, -49.85, 96.6, 49.86, tool_torque, 1.995, -0.887, 0.0020, joint_torque, -2.44, -1.47, -3.25, 0.94, -2.63, 0.66, -0.01, robot_mode, normal, 
08/06/2022 15:21:44:622, robot_pos, 1654697977607, 653.78, 42.17, 517.39, 2.74, 0.61, -2.13, circuit_pos, 639.1, -10.6, 514.23, 2.59, 0.53, -2.33, tool_force, -5.1, -2.18, 0.32, actual_rep, 1, curr_step, 60, track_size, 143, robot_vel, 38.89, joints_pos, 22.45, 45.99, -19.98, -52.61, -48.91, 96.12, 49.86, tool_torque, 1.927, -0.963, -0.013, joint_torque, -2.03, -1.15, -3.04, 0.74, -2.53, 0.63, -0.03, robot_mode, normal, 
08/06/2022 15:21:44:767, robot_pos, 1654697977756, 652.31, 36.42, 517.01, 2.72, 0.6, -2.15, circuit_pos, 636.86, -18.2, 511.18, 2.58, 0.52, -2.36, tool_force, -5.17, -1.85, 0.63, actual_rep, 1, curr_step, 58, track_size, 143, robot_vel, 39.78, joints_pos, 22.01, 45.49, -19.98, -53.21, -47.92, 95.56, 49.86, tool_torque, 1.927, -0.917, 0.044, joint_torque, -2.6, -1.07, -3.23, 0.7, -2.58, 0.62, 0.04, robot_mode, normal, 
08/06/2022 15:21:44:920, robot_pos, 1654697977905, 650.74, 30.6, 516.29, 2.71, 0.6, -2.17, circuit_pos, 633.49, -29.29, 506.13, 2.55, 0.5, -2.41, tool_force, -5.14, -1.76, 0.31, actual_rep, 1, curr_step, 55, track_size, 143, robot_vel, 41.49, joints_pos, 21.57, 44.97, -19.98, -53.86, -46.94, 94.95, 49.86, tool_torque, 1.936, -0.971, 0.058, joint_torque, -2.19, -1.04, -3.14, 0.68, -2.53, 0.63, 0.04, robot_mode, normal, 
08/06/2022 15:21:45:069, robot_pos, 1654697978057, 649.14, 24.8, 515.34, 2.69, 0.59, -2.2, circuit_pos, 631.5, -36.59, 501.27, 2.54, 0.48, -2.44, tool_force, -5.13, -1.67, 0.83, actual_rep, 1, curr_step, 53, track_size, 143, robot_vel, 41.59, joints_pos, 21.11, 44.45, -19.98, -54.55, -45.9, 94.27, 49.86, tool_torque, 1.961, -0.994, 0.052, joint_torque, -2.43, -0.8, -3.2, 0.65, -2.59, 0.59, 0.03, robot_mode, normal, 
08/06/2022 15:21:45:223, robot_pos, 1654697978207, 647.64, 18.86, 513.93, 2.67, 0.58, -2.22, circuit_pos, 629.84, -47.34, 494.75, 2.52, 0.46, -2.49, tool_force, -5.39, -1.79, 0.39, actual_rep, 1, curr_step, 50, track_size, 143, robot_vel, 38.94, joints_pos, 20.65, 43.96, -19.97, -55.23, -44.85, 93.54, 49.86, tool_torque, 2.005, -1.014, 0.099, joint_torque, -2.62, -0.7, -3.32, 0.67, -2.66, 0.56, 0.08, robot_mode, normal, 
08/06/2022 15:21:45:380, robot_pos, 1654697978366, 646.1, 12.76, 512.27, 2.66, 0.57, -2.25, circuit_pos, 628.49, -61.56, 491.32, 2.52, 0.45, -2.53, tool_force, -5.43, -2.13, 0.59, actual_rep, 1, curr_step, 47, track_size, 143, robot_vel, 41.79, joints_pos, 20.15, 43.44, -19.97, -56.0, -43.76, 92.68, 49.86, tool_torque, 1.977, -1.069, 0.144, joint_torque, -2.74, -1.5, -3.58, 1.02, -2.83, 0.6, 0.13, robot_mode, normal, 
08/06/2022 15:21:45:552, robot_pos, 1654697978534, 644.59, 6.08, 510.57, 2.64, 0.56, -2.27, circuit_pos, 627.97, -66.32, 489.84, 2.51, 0.44, -2.55, tool_force, -5.79, -2.71, 0.66, actual_rep, 1, curr_step, 46, track_size, 143, robot_vel, 42.82, joints_pos, 19.61, 42.92, -19.97, -56.76, -42.66, 91.74, 49.78, tool_torque, 2.095, -1.128, 0.244, joint_torque, -2.94, -1.31, -3.72, 0.91, -2.87, 0.67, 0.23, robot_mode, normal, 
08/06/2022 15:21:45:709, robot_pos, 1654697978683, 643.33, 0.35, 509.07, 2.63, 0.55, -2.29, circuit_pos, 627.97, -66.32, 489.84, 2.51, 0.44, -2.55, tool_force, -5.42, -1.95, 0.53, actual_rep, 1, curr_step, 46, track_size, 143, robot_vel, 40.31, joints_pos, 19.13, 42.48, -19.97, -57.41, -41.69, 90.88, 49.67, tool_torque, 2.139, -1.096, 0.307, joint_torque, -2.72, -1.33, -3.65, 1.0, -2.86, 0.67, 0.29, robot_mode, normal, 
08/06/2022 15:21:45:856, robot_pos, 1654697978832, 642.04, -5.47, 507.44, 2.62, 0.54, -2.32, circuit_pos, 627.97, -66.32, 489.84, 2.51, 0.44, -2.55, tool_force, -5.28, -2.12, 0.67, actual_rep, 1, curr_step, 46, track_size, 143, robot_vel, 38.61, joints_pos, 18.63, 42.04, -19.97, -58.06, -40.68, 90.03, 49.54, tool_torque, 2.111, -1.126, 0.326, joint_torque, -2.93, -1.03, -3.69, 0.99, -2.91, 0.64, 0.32, robot_mode, normal, 
08/06/2022 15:21:46:010, robot_pos, 1654697978982, 640.88, -11.15, 505.85, 2.61, 0.54, -2.34, circuit_pos, 627.97, -66.32, 489.84, 2.51, 0.44, -2.55, tool_force, -5.52, -1.41, 0.2, actual_rep, 1, curr_step, 46, track_size, 143, robot_vel, 49.57, joints_pos, 18.12, 41.64, -19.97, -58.66, -39.65, 89.17, 49.35, tool_torque, 2.09, -1.099, 0.349, joint_torque, -2.69, -0.96, -3.52, 1.11, -2.82, 0.52, 0.34, robot_mode, normal, 
08/06/2022 15:21:46:154, robot_pos, 1654697979130, 639.64, -16.88, 504.28, 2.6, 0.53, -2.36, circuit_pos, 627.97, -66.32, 489.84, 2.51, 0.44, -2.55, tool_force, -5.28, -1.28, -0.14, actual_rep, 1, curr_step, 46, track_size, 143, robot_vel, 45.92, joints_pos, 17.6, 41.24, -19.97, -59.23, -38.67, 88.35, 49.12, tool_torque, 1.975, -1.21, 0.373, joint_torque, -2.04, -1.12, -3.19, 1.37, -2.75, 0.38, 0.36, robot_mode, normal, 
08/06/2022 15:21:46:314, robot_pos, 1654697979282, 638.43, -22.64, 502.63, 2.59, 0.52, -2.39, circuit_pos, 627.97, -66.32, 489.84, 2.51, 0.44, -2.55, tool_force, -5.65, -1.21, -0.12, actual_rep, 1, curr_step, 46, track_size, 143, robot_vel, 42.16, joints_pos, 17.05, 40.85, -19.97, -59.8, -37.62, 87.5, 48.85, tool_torque, 1.948, -1.121, 0.409, joint_torque, -2.35, -0.95, -3.3, 1.3, -2.71, 0.33, 0.4, robot_mode, normal, 
08/06/2022 15:21:46:457, robot_pos, 1654697979432, 637.23, -28.45, 501.2, 2.57, 0.51, -2.41, circuit_pos, 627.97, -66.32, 489.84, 2.51, 0.44, -2.55, tool_force, -6.01, -1.09, -0.54, actual_rep, 1, curr_step, 46, track_size, 143, robot_vel, 42.77, joints_pos, 16.51, 40.48, -19.97, -60.32, -36.64, 86.71, 48.56, tool_torque, 1.937, -1.21, 0.447, joint_torque, -2.27, -1.35, -3.33, 1.64, -2.81, 0.28, 0.44, robot_mode, normal, 
08/06/2022 15:21:46:614, robot_pos, 1654697979584, 635.96, -34.38, 499.75, 2.56, 0.5, -2.43, circuit_pos, 627.97, -66.32, 489.84, 2.51, 0.44, -2.55, tool_force, -6.54, -1.15, -1.44, actual_rep, 1, curr_step, 46, track_size, 143, robot_vel, 41.52, joints_pos, 15.94, 40.11, -19.97, -60.85, -35.58, 85.88, 48.2, tool_torque, 1.954, -1.262, 0.465, joint_torque, -2.17, -1.54, -3.32, 2.02, -2.87, 0.15, 0.46, robot_mode, normal, 
08/06/2022 15:21:46:805, robot_pos, 1654697979732, 634.75, -40.0, 498.33, 2.55, 0.49, -2.45, circuit_pos, 627.97, -66.32, 489.84, 2.51, 0.44, -2.55, tool_force, -6.54, -1.56, -2.3, actual_rep, 1, curr_step, 46, track_size, 143, robot_vel, 45.55, joints_pos, 15.37, 39.76, -19.97, -61.34, -34.55, 85.11, 47.81, tool_torque, 2.027, -1.302, 0.505, joint_torque, -1.69, -1.93, -3.23, 2.41, -2.94, 0.16, 0.49, robot_mode, normal, 
08/06/2022 15:21:46:913, robot_pos, 1654697979881, 633.47, -45.96, 496.95, 2.54, 0.48, -2.47, circuit_pos, 627.97, -66.32, 489.84, 2.51, 0.44, -2.55, tool_force, -6.75, -2.99, -2.08, actual_rep, 1, curr_step, 46, track_size, 143, robot_vel, 40.68, joints_pos, 14.77, 39.43, -19.97, -61.8, -33.54, 84.36, 47.37, tool_torque, 2.05, -1.278, 0.494, joint_torque, -2.36, -2.81, -3.79, 2.62, -3.13, 0.29, 0.49, robot_mode, normal, 
08/06/2022 15:21:47:064, robot_pos, 1654697980032, 632.17, -51.6, 495.39, 2.53, 0.47, -2.49, circuit_pos, 627.97, -66.32, 489.84, 2.51, 0.44, -2.55, tool_force, -6.37, -1.86, -3.13, actual_rep, 1, curr_step, 46, track_size, 143, robot_vel, 40.18, joints_pos, 14.19, 39.11, -19.97, -62.28, -32.49, 83.59, 46.93, tool_torque, 2.058, -1.301, 0.489, joint_torque, -1.86, -2.98, -3.49, 2.78, -3.08, 0.33, 0.48, robot_mode, normal, 
08/06/2022 15:21:47:216, robot_pos, 1654697980180, 630.83, -57.43, 493.98, 2.52, 0.46, -2.51, circuit_pos, 627.97, -66.32, 489.84, 2.51, 0.44, -2.55, tool_force, -6.34, -2.65, -3.9, actual_rep, 1, curr_step, 46, track_size, 143, robot_vel, 40.17, joints_pos, 13.59, 38.79, -19.97, -62.74, -31.42, 82.84, 46.43, tool_torque, 2.052, -1.224, 0.501, joint_torque, -1.78, -2.83, -3.39, 2.81, -2.98, 0.28, 0.5, robot_mode, normal, 
08/06/2022 15:21:47:371, robot_pos, 1654697980334, 629.56, -63.22, 492.42, 2.52, 0.45, -2.53, circuit_pos, 627.39, -70.85, 487.74, 2.51, 0.44, -2.56, tool_force, -6.07, -2.57, -4.43, actual_rep, 1, curr_step, 45, track_size, 143, robot_vel, 44.29, joints_pos, 12.97, 38.5, -19.96, -63.16, -30.32, 82.11, 45.89, tool_torque, 2.034, -1.196, 0.48, joint_torque, -1.25, -3.22, -3.12, 3.09, -2.9, 0.24, 0.47, robot_mode, normal, 
08/06/2022 15:21:47:536, robot_pos, 1654697980499, 628.43, -69.45, 489.87, 2.51, 0.44, -2.55, circuit_pos, 626.7, -75.57, 484.88, 2.5, 0.42, -2.58, tool_force, -5.36, -3.75, -4.71, actual_rep, 1, curr_step, 44, track_size, 143, robot_vel, 48.84, joints_pos, 12.38, 38.24, -19.96, -63.78, -29.64, 81.08, 45.52, tool_torque, 2.001, -1.035, 0.468, joint_torque, -1.74, -3.59, -3.39, 2.72, -2.78, 0.48, 0.46, robot_mode, normal, 
08/06/2022 15:21:47:668, robot_pos, 1654697980631, 627.56, -73.7, 487.59, 2.5, 0.43, -2.57, circuit_pos, 626.15, -80.01, 481.82, 2.5, 0.41, -2.6, tool_force, -6.67, -2.4, -3.33, actual_rep, 1, curr_step, 43, track_size, 143, robot_vel, 44.22, joints_pos, 11.83, 38.1, -19.95, -64.05, -28.37, 80.54, 44.84, tool_torque, 2.005, -1.282, 0.528, joint_torque, -1.81, -3.09, -3.46, 3.06, -2.92, 0.13, 0.51, robot_mode, normal, 
08/06/2022 15:21:47:815, robot_pos, 1654697980779, 627.14, -79.49, 483.83, 2.5, 0.41, -2.59, circuit_pos, 625.57, -84.03, 478.79, 2.49, 0.4, -2.62, tool_force, -5.92, -2.15, -3.25, actual_rep, 1, curr_step, 42, track_size, 143, robot_vel, 46.53, joints_pos, 11.13, 37.99, -19.93, -64.47, -26.9, 79.52, 43.98, tool_torque, 1.862, -1.174, 0.563, joint_torque, -2.07, -2.57, -3.45, 2.52, -2.68, 0.11, 0.54, robot_mode, normal, 
08/06/2022 15:21:47:968, robot_pos, 1654697980929, 626.4, -84.79, 479.86, 2.49, 0.4, -2.62, circuit_pos, 624.75, -88.59, 475.5, 2.49, 0.39, -2.64, tool_force, -6.45, -1.85, -1.71, actual_rep, 1, curr_step, 41, track_size, 143, robot_vel, 40.53, joints_pos, 10.47, 37.86, -19.92, -64.97, -25.56, 78.5, 43.25, tool_torque, 2.011, -1.261, 0.615, joint_torque, -2.24, -2.14, -3.63, 2.56, -2.74, -0.04, 0.58, robot_mode, normal, 
08/06/2022 15:21:48:127, robot_pos, 1654697981078, 625.19, -90.53, 476.06, 2.48, 0.39, -2.64, circuit_pos, 622.07, -100.74, 468.58, 2.47, 0.36, -2.68, tool_force, -6.07, -1.67, -2.09, actual_rep, 1, curr_step, 38, track_size, 143, robot_vel, 42.78, joints_pos, 9.81, 37.73, -19.93, -65.5, -24.27, 77.6, 42.58, tool_torque, 1.841, -1.324, 0.581, joint_torque, -2.37, -2.07, -3.57, 2.42, -2.72, -0.14, 0.57, robot_mode, normal, 
08/06/2022 15:21:48:268, robot_pos, 1654697981228, 624.13, -96.54, 472.66, 2.48, 0.37, -2.66, circuit_pos, 620.81, -111.67, 460.93, 2.46, 0.33, -2.72, tool_force, -6.43, -1.49, -1.72, actual_rep, 1, curr_step, 35, track_size, 143, robot_vel, 49.26, joints_pos, 9.09, 37.66, -19.94, -65.85, -22.89, 76.92, 41.74, tool_torque, 1.846, -1.242, 0.593, joint_torque, -2.72, -2.05, -3.74, 2.57, -2.75, -0.22, 0.59, robot_mode, normal, 
08/06/2022 15:21:48:419, robot_pos, 1654697981377, 623.35, -102.07, 468.69, 2.47, 0.36, -2.68, circuit_pos, 620.73, -117.54, 453.61, 2.45, 0.31, -2.75, tool_force, -6.75, -1.77, -1.24, actual_rep, 1, curr_step, 33, track_size, 143, robot_vel, 48.52, joints_pos, 8.37, 37.65, -19.94, -66.2, -21.4, 76.15, 40.79, tool_torque, 1.926, -1.242, 0.633, joint_torque, -2.79, -1.84, -3.75, 2.43, -2.69, -0.2, 0.61, robot_mode, normal, 
08/06/2022 15:21:48:568, robot_pos, 1654697981528, 622.6, -107.93, 463.24, 2.46, 0.34, -2.71, circuit_pos, 620.63, -120.19, 449.21, 2.45, 0.3, -2.77, tool_force, -5.96, -1.6, -2.74, actual_rep, 1, curr_step, 32, track_size, 143, robot_vel, 50.48, joints_pos, 7.56, 37.7, -19.89, -66.62, -19.63, 75.25, 39.83, tool_torque, 1.887, -1.42, 0.652, joint_torque, -2.82, -2.46, -4.12, 2.63, -2.79, -0.3, 0.62, robot_mode, normal, 
08/06/2022 15:21:48:723, robot_pos, 1654697981678, 622.07, -113.94, 457.35, 2.46, 0.32, -2.74, circuit_pos, 620.63, -120.19, 449.21, 2.45, 0.3, -2.77, tool_force, -6.42, -2.69, -2.01, actual_rep, 1, curr_step, 32, track_size, 143, robot_vel, 56.87, joints_pos, 6.71, 37.82, -19.89, -67.0, -17.68, 74.32, 38.67, tool_torque, 1.917, -1.448, 0.671, joint_torque, -2.54, -2.55, -3.93, 2.77, -2.69, -0.38, 0.61, robot_mode, normal, 
08/06/2022 15:21:48:872, robot_pos, 1654697981827, 621.63, -119.59, 451.71, 2.45, 0.31, -2.76, circuit_pos, 620.28, -122.66, 444.57, 2.44, 0.29, -2.79, tool_force, -5.77, -1.4, -3.19, actual_rep, 1, curr_step, 31, track_size, 143, robot_vel, 60.18, joints_pos, 5.95, 37.97, -19.9, -67.35, -15.99, 73.42, 37.63, tool_torque, 1.821, -1.435, 0.674, joint_torque, -2.03, -2.43, -3.62, 2.82, -2.5, -0.48, 0.63, robot_mode, normal, 
08/06/2022 15:21:49:021, robot_pos, 1654697981976, 621.13, -122.07, 446.96, 2.44, 0.29, -2.78, circuit_pos, 619.74, -125.04, 439.88, 2.43, 0.27, -2.81, tool_force, -6.26, -2.42, -2.76, actual_rep, 1, curr_step, 30, track_size, 143, robot_vel, 35.15, joints_pos, 5.51, 38.09, -19.87, -67.68, -14.68, 72.9, 37.22, tool_torque, 1.876, -1.437, 0.678, joint_torque, -2.83, -2.35, -4.1, 2.71, -2.6, -0.5, 0.62, robot_mode, normal, 
08/06/2022 15:21:49:211, robot_pos, 1654697982130, 620.58, -125.39, 441.6, 2.43, 0.28, -2.81, circuit_pos, 619.16, -127.3, 435.32, 2.42, 0.26, -2.83, tool_force, -6.06, -2.4, -3.62, actual_rep, 1, curr_step, 29, track_size, 143, robot_vel, 29.54, joints_pos, 4.91, 38.29, -19.89, -67.92, -12.78, 72.46, 36.47, tool_torque, 1.745, -1.381, 0.693, joint_torque, -2.58, -2.99, -3.91, 3.02, -2.47, -0.51, 0.65, robot_mode, normal, 
08/06/2022 15:21:49:323, robot_pos, 1654697982277, 619.82, -127.86, 436.43, 2.42, 0.26, -2.83, circuit_pos, 618.41, -130.96, 427.83, 2.41, 0.23, -2.86, tool_force, -6.29, -1.57, -4.09, actual_rep, 1, curr_step, 27, track_size, 143, robot_vel, 42.84, joints_pos, 4.43, 38.45, -19.88, -68.23, -11.26, 72.05, 35.78, tool_torque, 1.684, -1.278, 0.695, joint_torque, -2.41, -3.19, -3.77, 3.28, -2.32, -0.57, 0.65, robot_mode, normal, 
08/06/2022 15:21:49:475, robot_pos, 1654697982425, 619.43, -130.78, 430.89, 2.41, 0.24, -2.85, circuit_pos, 617.52, -136.77, 415.79, 2.4, 0.19, -2.9, tool_force, -6.65, -2.18, -5.28, actual_rep, 1, curr_step, 24, track_size, 143, robot_vel, 45.85, joints_pos, 3.8, 38.73, -19.87, -68.39, -9.19, 71.75, 34.71, tool_torque, 1.591, -1.289, 0.747, joint_torque, -3.15, -4.08, -4.36, 3.78, -2.41, -0.71, 0.72, robot_mode, normal, 
08/06/2022 15:21:49:627, robot_pos, 1654697982577, 618.98, -133.32, 425.13, 2.41, 0.22, -2.87, circuit_pos, 615.82, -140.88, 406.9, 2.4, 0.16, -2.93, tool_force, -6.01, -1.3, -6.28, actual_rep, 1, curr_step, 22, track_size, 143, robot_vel, 39.75, joints_pos, 3.3, 39.0, -19.87, -68.63, -7.53, 71.41, 33.85, tool_torque, 1.624, -1.28, 0.81, joint_torque, -2.05, -4.27, -3.78, 4.18, -2.15, -0.8, 0.74, robot_mode, normal, 
08/06/2022 15:21:49:780, robot_pos, 1654697982728, 618.14, -135.96, 419.44, 2.4, 0.2, -2.89, circuit_pos, 615.82, -140.88, 406.9, 2.4, 0.16, -2.93, tool_force, -6.21, -1.18, -7.14, actual_rep, 1, curr_step, 22, track_size, 143, robot_vel, 47.95, joints_pos, 2.77, 39.24, -19.88, -68.93, -5.78, 71.06, 32.81, tool_torque, 1.484, -1.177, 0.753, joint_torque, -1.94, -4.98, -3.61, 4.5, -2.04, -0.71, 0.71, robot_mode, normal, 
08/06/2022 15:21:49:929, robot_pos, 1654697982874, 617.28, -138.69, 414.02, 2.4, 0.18, -2.91, circuit_pos, 615.82, -140.88, 406.9, 2.4, 0.16, -2.93, tool_force, -5.65, -2.3, -9.84, actual_rep, 1, curr_step, 22, track_size, 143, robot_vel, 40.48, joints_pos, 2.22, 39.49, -19.88, -69.21, -4.05, 70.77, 31.74, tool_torque, 1.501, -1.038, 0.703, joint_torque, -1.6, -6.21, -3.6, 4.94, -1.91, -0.51, 0.63, robot_mode, normal, 
08/06/2022 15:21:50:081, robot_pos, 1654697983025, 616.54, -141.43, 408.96, 2.4, 0.16, -2.93, circuit_pos, 614.75, -143.33, 402.14, 2.4, 0.15, -2.94, tool_force, -6.63, -1.48, -11.88, actual_rep, 1, curr_step, 21, track_size, 143, robot_vel, 38.71, joints_pos, 1.77, 39.74, -19.89, -69.46, -2.79, 70.45, 30.9, tool_torque, 1.197, -0.866, 0.674, joint_torque, -1.46, -7.56, -3.41, 5.99, -1.66, -0.7, 0.65, robot_mode, normal, 
08/06/2022 15:21:50:229, robot_pos, 1654697983174, 615.49, -143.94, 403.29, 2.39, 0.15, -2.94, circuit_pos, 613.81, -145.58, 397.5, 2.39, 0.14, -2.95, tool_force, -6.05, -0.64, -11.67, actual_rep, 1, curr_step, 20, track_size, 143, robot_vel, 39.66, joints_pos, 1.37, 39.97, -19.9, -69.87, -1.65, 69.98, 30.33, tool_torque, 0.99, -1.027, 0.746, joint_torque, -1.08, -7.42, -3.06, 5.98, -1.42, -0.94, 0.71, robot_mode, normal, 
08/06/2022 15:21:50:381, robot_pos, 1654697983325, 614.71, -146.58, 398.28, 2.39, 0.14, -2.95, circuit_pos, 612.68, -148.32, 392.56, 2.39, 0.13, -2.97, tool_force, -6.4, 0.88, -11.21, actual_rep, 1, curr_step, 19, track_size, 143, robot_vel, 39.3, joints_pos, 0.96, 40.21, -19.91, -70.16, -0.53, 69.59, 29.76, tool_torque, 1.229, -1.048, 0.786, joint_torque, -0.52, -6.69, -2.75, 5.95, -1.38, -1.01, 0.73, robot_mode, normal, 
08/06/2022 15:21:50:533, robot_pos, 1654697983473, 613.29, -149.41, 392.81, 2.39, 0.13, -2.97, circuit_pos, 611.62, -150.79, 387.66, 2.39, 0.12, -2.98, tool_force, -5.66, -0.33, -10.91, actual_rep, 1, curr_step, 18, track_size, 143, robot_vel, 40.73, joints_pos, 0.51, 40.35, -19.91, -70.69, 0.71, 68.91, 28.84, tool_torque, 0.856, -0.947, 0.73, joint_torque, -1.26, -7.09, -2.96, 5.91, -1.24, -1.1, 0.72, robot_mode, normal, 
08/06/2022 15:21:50:688, robot_pos, 1654697983625, 612.47, -151.85, 387.78, 2.39, 0.12, -2.99, circuit_pos, 610.7, -153.31, 382.76, 2.4, 0.11, -3.0, tool_force, -6.08, 0.66, -9.44, actual_rep, 1, curr_step, 17, track_size, 143, robot_vel, 43.85, joints_pos, 0.08, 40.54, -19.89, -71.08, 2.02, 68.3, 27.59, tool_torque, 1.227, -1.084, 0.812, joint_torque, -1.01, -6.13, -3.07, 5.38, -1.33, -1.04, 0.74, robot_mode, normal, 
08/06/2022 15:21:50:840, robot_pos, 1654697983775, 611.45, -154.84, 382.18, 2.4, 0.11, -3.01, circuit_pos, 609.05, -157.6, 373.96, 2.4, 0.1, -3.03, tool_force, -5.72, -1.11, -8.65, actual_rep, 1, curr_step, 15, track_size, 143, robot_vel, 44.68, joints_pos, -0.36, 40.63, -19.89, -71.73, 3.33, 67.12, 26.38, tool_torque, 1.353, -0.99, 0.737, joint_torque, -1.95, -5.37, -3.6, 4.62, -1.53, -0.88, 0.67, robot_mode, normal, 
08/06/2022 15:21:50:987, robot_pos, 1654697983925, 609.76, -157.51, 376.36, 2.4, 0.1, -3.03, circuit_pos, 608.07, -159.76, 369.0, 2.4, 0.09, -3.05, tool_force, -5.63, -1.03, -8.41, actual_rep, 1, curr_step, 14, track_size, 143, robot_vel, 43.65, joints_pos, -0.83, 40.73, -19.88, -72.43, 4.89, 66.18, 25.22, tool_torque, 1.269, -1.22, 0.788, joint_torque, -2.52, -5.23, -3.98, 4.46, -1.54, -1.13, 0.73, robot_mode, normal, 
08/06/2022 15:21:51:137, robot_pos, 1654697984075, 609.21, -160.32, 370.32, 2.4, 0.09, -3.05, circuit_pos, 607.17, -161.73, 364.27, 2.4, 0.09, -3.07, tool_force, -6.11, -0.11, -7.63, actual_rep, 1, curr_step, 13, track_size, 143, robot_vel, 41.61, joints_pos, -1.32, 41.05, -19.88, -72.76, 6.42, 65.53, 24.06, tool_torque, 1.182, -1.156, 0.794, joint_torque, -2.13, -4.68, -3.6, 4.54, -1.31, -1.28, 0.73, robot_mode, normal, 
08/06/2022 15:21:51:315, robot_pos, 1654697984229, 607.94, -162.33, 364.53, 2.4, 0.09, -3.07, circuit_pos, 606.45, -163.34, 359.53, 2.4, 0.08, -3.09, tool_force, -6.06, 0.09, -5.91, actual_rep, 1, curr_step, 12, track_size, 143, robot_vel, 44.66, joints_pos, -1.73, 41.15, -19.87, -73.46, 8.06, 64.44, 22.88, tool_torque, 1.292, -1.22, 0.813, joint_torque, -2.17, -3.99, -3.64, 4.08, -1.31, -1.36, 0.73, robot_mode, normal, 
08/06/2022 15:21:51:447, robot_pos, 1654697984373, 607.17, -164.41, 359.1, 2.4, 0.08, -3.09, circuit_pos, 604.29, -166.68, 347.89, 2.39, 0.07, -3.13, tool_force, -6.73, 0.02, -5.16, actual_rep, 1, curr_step, 9, track_size, 143, robot_vel, 43.31, joints_pos, -2.08, 41.38, -19.87, -73.9, 9.27, 63.66, 22.05, tool_torque, 1.156, -1.073, 0.758, joint_torque, -2.11, -3.67, -3.33, 4.04, -1.11, -1.36, 0.69, robot_mode, normal, 
08/06/2022 15:21:51:590, robot_pos, 1654697984525, 606.06, -165.63, 353.31, 2.39, 0.08, -3.11, circuit_pos, 601.99, -167.58, 335.63, 2.38, 0.05, 3.11, tool_force, -6.41, 0.09, -5.36, actual_rep, 1, curr_step, 6, track_size, 143, robot_vel, 43.52, joints_pos, -2.41, 41.59, -19.88, -74.47, 10.9, 62.9, 21.21, tool_torque, 1.212, -1.214, 0.774, joint_torque, -1.95, -3.69, -3.26, 4.04, -1.08, -1.45, 0.7, robot_mode, normal, 
08/06/2022 15:21:51:753, robot_pos, 1654697984678, 605.04, -166.52, 347.37, 2.38, 0.07, -3.13, circuit_pos, 600.19, -167.61, 326.23, 2.37, 0.04, 3.1, tool_force, -6.61, 0.23, -5.33, actual_rep, 1, curr_step, 3, track_size, 143, robot_vel, 39.01, joints_pos, -2.72, 41.84, -19.86, -74.96, 12.4, 62.27, 20.47, tool_torque, 1.092, -1.279, 0.786, joint_torque, -2.48, -3.85, -3.66, 4.11, -1.06, -1.61, 0.72, robot_mode, normal, 
08/06/2022 15:21:51:924, robot_pos, 1654697984828, 603.95, -166.93, 341.63, 2.38, 0.06, 3.14, circuit_pos, 599.59, -167.21, 324.59, 2.36, 0.03, 3.09, tool_force, -6.52, 0.73, -5.41, actual_rep, 1, curr_step, 1, track_size, 143, robot_vel, 38.98, joints_pos, -2.93, 42.09, -19.86, -75.45, 13.64, 61.68, 19.97, tool_torque, 1.147, -1.314, 0.815, joint_torque, -2.54, -4.04, -3.8, 4.08, -1.08, -1.59, 0.75, robot_mode, normal, 
08/06/2022 15:21:52:048, robot_pos, 1654697984979, 602.79, -167.3, 335.83, 2.37, 0.05, 3.12, circuit_pos, 599.69, -167.03, 324.58, 2.36, 0.03, 3.09, tool_force, -6.13, 0.49, -5.78, actual_rep, 1, curr_step, 0, track_size, 143, robot_vel, 40.49, joints_pos, -3.15, 42.36, -19.88, -75.94, 15.01, 61.16, 19.4, tool_torque, 1.174, -1.356, 0.821, joint_torque, -2.31, -4.17, -3.68, 4.21, -0.99, -1.64, 0.74, robot_mode, normal, 
08/06/2022 15:21:52:232, robot_pos, 1654697985131, 601.64, -167.62, 330.0, 2.36, 0.04, 3.1, circuit_pos, 599.69, -167.03, 324.58, 2.36, 0.03, 3.09, tool_force, -6.16, 0.75, -5.41, actual_rep, 2, curr_step, 0, track_size, 143, robot_vel, 53.59, joints_pos, -3.38, 42.65, -19.89, -76.42, 16.43, 60.64, 18.82, tool_torque, 1.17, -1.303, 0.811, joint_torque, -2.12, -3.78, -3.5, 4.01, -0.92, -1.62, 0.73, robot_mode, normal, 
08/06/2022 15:21:52:351, robot_pos, 1654697985278, 600.63, -168.19, 325.33, 2.36, 0.03, 3.09, circuit_pos, 599.69, -167.03, 324.58, 2.36, 0.03, 3.09, tool_force, -7.69, 1.41, -4.66, actual_rep, 2, curr_step, 0, track_size, 143, robot_vel, 39.31, joints_pos, -3.53, 42.85, -19.93, -76.82, 17.43, 60.14, 18.34, tool_torque, 0.97, -1.252, 0.788, joint_torque, -2.35, -3.02, -3.26, 4.24, -0.73, -1.9, 0.75, robot_mode, normal, 
