08/06/2022 15:18:12: File Created!
08/06/2022 15:18:12:952, robot_pos, 1654697766960, 599.69, -167.01, 324.53, 2.36, 0.03, 3.09, circuit_pos, 599.59, -167.21, 324.59, 2.36, 0.03, 3.09, tool_force, -1.3, 0.77, 8.24, actual_rep, 1, curr_step, 1, track_size, 143, robot_vel, 0.0, joints_pos, -5.26, 42.39, -16.99, -77.05, 15.33, 59.81, 19.53, tool_torque, 0.118, -0.071, 0.101, joint_torque, 0.16, 5.0, 0.41, -2.26, 0.09, -0.2, 0.03, robot_mode, normal, 
08/06/2022 15:18:13:114, robot_pos, 1654697767104, 599.79, -167.04, 323.27, 2.36, 0.03, 3.09, circuit_pos, 599.59, -167.21, 324.59, 2.36, 0.03, 3.09, tool_force, -0.74, 0.37, 7.58, actual_rep, 1, curr_step, 1, track_size, 143, robot_vel, 0.0, joints_pos, -5.26, 42.52, -16.99, -77.03, 15.33, 59.75, 19.53, tool_torque, 0.184, 0.126, 0.109, joint_torque, 0.18, 5.9, 0.51, -2.54, 0.09, -0.07, 0.02, robot_mode, normal, 
08/06/2022 15:18:13:257, robot_pos, 1654697767253, 600.1, -167.1, 322.99, 2.36, 0.03, 3.09, circuit_pos, 599.59, -167.21, 324.59, 2.36, 0.03, 3.09, tool_force, -2.17, 2.15, -20.84, actual_rep, 1, curr_step, 1, track_size, 143, robot_vel, 0.0, joints_pos, -5.26, 42.57, -16.99, -76.99, 15.33, 59.73, 19.53, tool_torque, -0.112, -0.171, 0.094, joint_torque, 0.12, -13.16, -1.74, 8.16, 0.36, -0.51, 0.02, robot_mode, normal, 
08/06/2022 15:18:13:411, robot_pos, 1654697767404, 600.03, -167.31, 323.21, 2.36, 0.03, 3.09, circuit_pos, 600.19, -167.61, 326.23, 2.37, 0.04, 3.1, tool_force, -1.62, 2.61, -21.6, actual_rep, 1, curr_step, 3, track_size, 143, robot_vel, 1.48, joints_pos, -5.28, 42.53, -16.99, -77.01, 15.33, 59.7, 19.53, tool_torque, 0.011, -0.23, 0.139, joint_torque, 0.59, -13.68, -1.63, 8.49, 0.41, -0.51, 0.03, robot_mode, normal, 
08/06/2022 15:18:13:557, robot_pos, 1654697767550, 600.73, -167.83, 325.47, 2.37, 0.04, 3.1, circuit_pos, 601.36, -167.67, 331.84, 2.37, 0.04, 3.11, tool_force, -3.13, 2.19, -21.69, actual_rep, 1, curr_step, 5, track_size, 143, robot_vel, 7.58, joints_pos, -5.23, 42.42, -17.0, -76.81, 14.73, 59.71, 19.46, tool_torque, -0.31, 0.198, 0.0060, joint_torque, 0.24, -12.83, -1.28, 7.56, 0.5, 0.0, -0.06, robot_mode, normal, 
08/06/2022 15:18:13:712, robot_pos, 1654697767700, 601.51, -167.66, 331.37, 2.37, 0.04, 3.11, circuit_pos, 603.46, -167.34, 343.89, 2.38, 0.06, 3.14, tool_force, -4.79, 1.24, -20.25, actual_rep, 1, curr_step, 8, track_size, 143, robot_vel, 37.72, joints_pos, -5.07, 42.14, -17.0, -76.32, 13.66, 60.49, 19.83, tool_torque, -0.46, -0.269, -0.117, joint_torque, -0.21, -13.12, -1.66, 8.76, 0.33, -0.88, -0.15, robot_mode, normal, 
08/06/2022 15:18:13:867, robot_pos, 1654697767850, 602.67, -167.7, 337.03, 2.38, 0.05, 3.13, circuit_pos, 605.71, -164.8, 355.32, 2.4, 0.08, -3.1, tool_force, -2.03, 0.65, -20.96, actual_rep, 1, curr_step, 11, track_size, 143, robot_vel, 41.11, joints_pos, -4.86, 41.86, -17.0, -75.87, 12.26, 60.97, 20.52, tool_torque, -0.613, -0.162, -0.189, joint_torque, 0.39, -13.54, -1.18, 8.52, 0.44, -0.71, -0.22, robot_mode, normal, 
08/06/2022 15:18:14:020, robot_pos, 1654697768002, 603.72, -166.74, 343.04, 2.39, 0.06, -3.14, circuit_pos, 607.17, -161.73, 364.27, 2.4, 0.09, -3.07, tool_force, -2.68, 0.3, -20.05, actual_rep, 1, curr_step, 13, track_size, 143, robot_vel, 37.53, joints_pos, -4.48, 41.59, -17.07, -75.4, 10.73, 61.59, 21.3, tool_torque, -0.584, 0.048, -0.231, joint_torque, 0.14, -13.0, -1.11, 8.32, 0.33, -0.64, -0.21, robot_mode, normal, 
08/06/2022 15:18:14:171, robot_pos, 1654697768153, 604.79, -165.35, 348.83, 2.39, 0.07, -3.12, circuit_pos, 607.17, -161.73, 364.27, 2.4, 0.09, -3.07, tool_force, -3.37, -0.11, -21.06, actual_rep, 1, curr_step, 13, track_size, 143, robot_vel, 40.82, joints_pos, -4.07, 41.35, -17.16, -74.92, 9.26, 62.27, 22.19, tool_torque, -0.595, -0.313, -0.262, joint_torque, -0.08, -13.63, -1.49, 8.85, 0.0, -0.91, -0.22, robot_mode, normal, 
08/06/2022 15:18:14:348, robot_pos, 1654697768324, 605.98, -163.83, 355.52, 2.39, 0.08, -3.09, circuit_pos, 607.17, -161.73, 364.27, 2.4, 0.09, -3.07, tool_force, -4.52, -1.53, -20.39, actual_rep, 1, curr_step, 13, track_size, 143, robot_vel, 40.47, joints_pos, -3.64, 41.07, -17.19, -74.35, 7.46, 63.08, 23.2, tool_torque, -0.329, -0.267, -0.261, joint_torque, -0.77, -13.2, -2.09, 8.66, -0.3, -0.8, -0.22, robot_mode, normal, 
08/06/2022 15:18:14:497, robot_pos, 1654697768474, 607.03, -162.43, 361.27, 2.4, 0.09, -3.07, circuit_pos, 608.07, -159.76, 369.0, 2.4, 0.09, -3.05, tool_force, -2.98, -1.34, -20.88, actual_rep, 1, curr_step, 14, track_size, 143, robot_vel, 39.38, joints_pos, -3.29, 40.85, -17.19, -73.85, 5.99, 63.82, 24.01, tool_torque, -0.181, -0.089, -0.263, joint_torque, -0.49, -12.75, -1.95, 7.77, -0.44, -0.36, -0.24, robot_mode, normal, 
08/06/2022 15:18:14:643, robot_pos, 1654697768620, 608.07, -160.35, 367.02, 2.4, 0.09, -3.05, circuit_pos, 609.05, -157.6, 373.96, 2.4, 0.1, -3.03, tool_force, -5.64, -1.65, -20.36, actual_rep, 1, curr_step, 15, track_size, 143, robot_vel, 50.92, joints_pos, -2.9, 40.77, -17.19, -73.1, 4.51, 65.16, 25.02, tool_torque, -0.148, -0.439, -0.268, joint_torque, -1.2, -13.1, -2.64, 8.89, -0.8, -1.05, -0.24, robot_mode, normal, 
08/06/2022 15:18:14:801, robot_pos, 1654697768776, 609.51, -157.83, 372.73, 2.4, 0.1, -3.03, circuit_pos, 610.7, -153.31, 382.76, 2.4, 0.11, -3.0, tool_force, -3.68, -2.05, -20.75, actual_rep, 1, curr_step, 17, track_size, 143, robot_vel, 38.22, joints_pos, -2.42, 40.57, -17.19, -72.63, 2.94, 65.77, 26.2, tool_torque, 0.098, -0.28, -0.237, joint_torque, -0.1, -12.87, -2.05, 7.83, -0.89, -0.35, -0.23, robot_mode, normal, 
08/06/2022 15:18:14:947, robot_pos, 1654697768918, 610.08, -155.25, 378.32, 2.4, 0.11, -3.01, circuit_pos, 611.62, -150.79, 387.66, 2.39, 0.12, -2.98, tool_force, -4.32, -2.78, -20.54, actual_rep, 1, curr_step, 18, track_size, 143, robot_vel, 52.22, joints_pos, -1.99, 40.34, -17.19, -72.19, 1.58, 66.68, 27.18, tool_torque, 0.103, -0.266, -0.253, joint_torque, -0.46, -12.87, -2.22, 8.23, -0.86, -0.41, -0.23, robot_mode, normal, 
08/06/2022 15:18:15:099, robot_pos, 1654697769067, 611.32, -152.91, 383.16, 2.4, 0.12, -2.99, circuit_pos, 612.68, -148.32, 392.56, 2.39, 0.13, -2.97, tool_force, -4.75, -2.43, -20.0, actual_rep, 1, curr_step, 19, track_size, 143, robot_vel, 40.16, joints_pos, -1.57, 40.31, -17.2, -71.57, 0.24, 67.69, 28.52, tool_torque, 0.098, -0.321, -0.261, joint_torque, 0.17, -13.05, -1.72, 8.78, -0.79, -0.6, -0.23, robot_mode, normal, 
08/06/2022 15:18:15:251, robot_pos, 1654697769216, 612.57, -149.77, 389.06, 2.39, 0.13, -2.97, circuit_pos, 613.81, -145.58, 397.5, 2.39, 0.14, -2.95, tool_force, -5.83, -3.34, -20.5, actual_rep, 1, curr_step, 20, track_size, 143, robot_vel, 47.03, joints_pos, -1.1, 40.09, -17.19, -71.09, -1.0, 68.39, 29.71, tool_torque, 0.347, -0.535, -0.214, joint_torque, -0.32, -12.74, -2.3, 8.29, -1.17, -0.45, -0.2, robot_mode, normal, 
08/06/2022 15:18:15:440, robot_pos, 1654697769365, 613.56, -146.92, 394.38, 2.39, 0.14, -2.95, circuit_pos, 614.75, -143.33, 402.14, 2.4, 0.15, -2.94, tool_force, -4.71, -2.06, -20.12, actual_rep, 1, curr_step, 21, track_size, 143, robot_vel, 39.46, joints_pos, -0.58, 39.91, -17.18, -70.64, -2.55, 69.1, 30.83, tool_torque, 0.344, -0.433, -0.184, joint_torque, 0.34, -12.78, -2.09, 8.89, -1.18, -0.72, -0.19, robot_mode, normal, 
08/06/2022 15:18:15:548, robot_pos, 1654697769512, 614.93, -144.17, 400.15, 2.4, 0.15, -2.94, circuit_pos, 615.82, -140.88, 406.9, 2.4, 0.16, -2.93, tool_force, -4.37, -3.82, -20.21, actual_rep, 1, curr_step, 22, track_size, 143, robot_vel, 48.26, joints_pos, -0.17, 39.7, -17.19, -70.2, -3.58, 69.59, 31.26, tool_torque, 0.422, -0.398, -0.193, joint_torque, -0.13, -12.89, -2.45, 8.4, -1.38, -0.38, -0.18, robot_mode, normal, 
08/06/2022 15:18:15:699, robot_pos, 1654697769661, 616.0, -141.45, 405.41, 2.4, 0.16, -2.93, circuit_pos, 616.77, -138.75, 411.48, 2.4, 0.18, -2.91, tool_force, -6.8, -4.62, -19.69, actual_rep, 1, curr_step, 23, track_size, 143, robot_vel, 46.05, joints_pos, 0.27, 39.48, -17.19, -69.84, -4.8, 70.02, 32.1, tool_torque, 0.62, -0.663, -0.203, joint_torque, -1.23, -12.79, -3.27, 8.58, -1.86, -0.54, -0.18, robot_mode, normal, 
08/06/2022 15:18:15:849, robot_pos, 1654697769808, 617.03, -138.96, 409.97, 2.4, 0.18, -2.91, circuit_pos, 618.0, -134.84, 419.67, 2.41, 0.2, -2.89, tool_force, -7.02, -4.18, -20.04, actual_rep, 1, curr_step, 25, track_size, 143, robot_vel, 30.2, joints_pos, 0.76, 39.31, -17.19, -69.56, -6.27, 70.35, 33.14, tool_torque, 0.772, -0.777, -0.183, joint_torque, -0.72, -13.09, -3.2, 9.4, -2.04, -0.82, -0.18, robot_mode, normal, 
08/06/2022 15:18:16:069, robot_pos, 1654697770020, 617.93, -135.39, 418.2, 2.41, 0.21, -2.88, circuit_pos, 619.16, -127.3, 435.32, 2.42, 0.26, -2.83, tool_force, -6.28, -4.73, -18.88, actual_rep, 1, curr_step, 29, track_size, 143, robot_vel, 38.2, joints_pos, 1.53, 38.88, -17.2, -69.25, -8.81, 70.76, 34.51, tool_torque, 0.75, -0.466, -0.198, joint_torque, -0.15, -12.37, -2.52, 8.2, -1.77, -0.22, -0.18, robot_mode, normal, 
08/06/2022 15:18:16:209, robot_pos, 1654697770168, 618.36, -132.66, 423.96, 2.42, 0.23, -2.86, circuit_pos, 619.74, -125.04, 439.88, 2.43, 0.27, -2.81, tool_force, -7.37, -4.81, -20.16, actual_rep, 1, curr_step, 30, track_size, 143, robot_vel, 44.99, joints_pos, 2.08, 38.6, -17.22, -69.02, -10.5, 71.16, 35.4, tool_torque, 0.655, -0.833, -0.201, joint_torque, 0.15, -12.7, -2.5, 9.08, -2.02, -0.76, -0.17, robot_mode, normal, 
08/06/2022 15:18:16:372, robot_pos, 1654697770325, 619.14, -129.6, 430.11, 2.42, 0.25, -2.84, circuit_pos, 619.74, -125.04, 439.88, 2.43, 0.27, -2.81, tool_force, -7.76, -5.26, -19.17, actual_rep, 1, curr_step, 30, track_size, 143, robot_vel, 52.82, joints_pos, 2.67, 38.35, -17.22, -68.7, -12.32, 71.66, 36.32, tool_torque, 0.837, -0.832, -0.194, joint_torque, 0.03, -12.87, -2.7, 9.09, -2.28, -0.51, -0.17, robot_mode, normal, 
08/06/2022 15:18:16:520, robot_pos, 1654697770472, 619.79, -126.77, 435.88, 2.43, 0.27, -2.81, circuit_pos, 620.28, -122.66, 444.57, 2.44, 0.29, -2.79, tool_force, -7.42, -6.0, -19.02, actual_rep, 1, curr_step, 31, track_size, 143, robot_vel, 45.13, joints_pos, 3.19, 38.13, -17.22, -68.39, -13.95, 72.15, 37.13, tool_torque, 0.965, -0.86, -0.15, joint_torque, -0.08, -12.44, -2.82, 8.62, -2.36, -0.41, -0.13, robot_mode, normal, 
08/06/2022 15:18:16:675, robot_pos, 1654697770622, 620.22, -124.95, 439.99, 2.44, 0.28, -2.8, circuit_pos, 620.28, -122.66, 444.57, 2.44, 0.29, -2.79, tool_force, -9.09, -5.88, -18.32, actual_rep, 1, curr_step, 31, track_size, 143, robot_vel, 30.48, joints_pos, 3.56, 37.95, -17.23, -68.23, -15.16, 72.34, 37.62, tool_torque, 1.023, -0.817, -0.178, joint_torque, -0.57, -12.44, -3.04, 8.77, -2.53, -0.31, -0.14, robot_mode, normal, 
08/06/2022 15:18:16:836, robot_pos, 1654697770778, 620.67, -122.06, 445.09, 2.45, 0.3, -2.78, circuit_pos, 620.73, -117.54, 453.61, 2.45, 0.31, -2.75, tool_force, -8.04, -7.02, -19.0, actual_rep, 1, curr_step, 33, track_size, 143, robot_vel, 38.41, joints_pos, 4.08, 37.76, -17.2, -67.99, -16.8, 72.84, 38.23, tool_torque, 1.006, -1.11, -0.145, joint_torque, 0.01, -12.51, -2.89, 8.84, -2.6, -0.5, -0.13, robot_mode, normal, 
08/06/2022 15:18:16:981, robot_pos, 1654697770925, 620.89, -119.41, 449.78, 2.45, 0.31, -2.76, circuit_pos, 620.7, -114.9, 457.62, 2.46, 0.32, -2.74, tool_force, -8.39, -7.13, -18.16, actual_rep, 1, curr_step, 34, track_size, 143, robot_vel, 38.64, joints_pos, 4.52, 37.65, -17.2, -67.65, -18.13, 73.62, 38.91, tool_torque, 1.165, -1.017, -0.147, joint_torque, 0.56, -12.82, -2.66, 8.9, -2.69, -0.25, -0.13, robot_mode, normal, 
08/06/2022 15:18:17:322, robot_pos, 1654697771237, 621.13, -111.46, 459.63, 2.46, 0.33, -2.72, circuit_pos, 620.98, -108.42, 463.87, 2.46, 0.34, -2.71, tool_force, -8.21, -7.49, -18.08, actual_rep, 1, curr_step, 36, track_size, 143, robot_vel, 36.72, joints_pos, 5.62, 37.35, -17.2, -67.07, -20.61, 75.11, 40.22, tool_torque, 1.531, -1.459, -0.028, joint_torque, 0.36, -12.67, -3.21, 8.67, -3.28, -0.04, -0.01, robot_mode, sine_overlay, 
08/06/2022 15:18:17:453, robot_pos, 1654697771374, 621.54, -112.03, 461.02, 2.46, 0.33, -2.72, circuit_pos, 620.98, -108.42, 463.87, 2.46, 0.34, -2.71, tool_force, -6.86, -2.54, -10.22, actual_rep, 1, curr_step, 36, track_size, 143, robot_vel, 7.68, joints_pos, 5.58, 37.31, -17.2, -66.87, -20.72, 75.16, 40.2, tool_torque, 1.648, -0.921, 0.063, joint_torque, -0.53, -7.53, -3.02, 6.41, -2.82, -0.2, 0.05, robot_mode, sine_overlay, 
08/06/2022 15:18:17:779, robot_pos, 1654697771682, 625.31, -99.15, 476.02, 2.48, 0.37, -2.67, circuit_pos, 625.57, -84.03, 478.79, 2.49, 0.4, -2.62, tool_force, -8.85, -9.76, -18.67, actual_rep, 1, curr_step, 42, track_size, 143, robot_vel, 56.06, joints_pos, 7.2, 37.38, -17.17, -65.14, -24.07, 77.6, 41.81, tool_torque, 1.318, -1.588, -0.128, joint_torque, -0.7, -13.9, -4.08, 9.2, -3.84, -0.16, -0.09, robot_mode, sine_overlay, 
08/06/2022 15:18:17:939, robot_pos, 1654697771858, 627.41, -91.79, 480.55, 2.48, 0.38, -2.64, circuit_pos, 625.57, -84.03, 478.79, 2.49, 0.4, -2.62, tool_force, -11.55, -8.13, -16.63, actual_rep, 1, curr_step, 42, track_size, 143, robot_vel, 49.4, joints_pos, 8.07, 37.62, -17.27, -64.44, -25.58, 78.68, 42.71, tool_torque, 1.756, -1.297, -0.153, joint_torque, -1.09, -11.81, -4.01, 8.55, -4.0, -0.05, -0.1, robot_mode, sine_overlay, 
08/06/2022 15:18:18:105, robot_pos, 1654697772020, 627.7, -87.74, 485.95, 2.49, 0.4, -2.62, circuit_pos, 625.57, -84.03, 478.79, 2.49, 0.4, -2.62, tool_force, -10.01, -10.67, -17.18, actual_rep, 1, curr_step, 42, track_size, 143, robot_vel, 41.83, joints_pos, 8.67, 37.61, -17.35, -63.95, -27.0, 79.69, 43.29, tool_torque, 1.705, -1.511, -0.139, joint_torque, -0.9, -13.14, -4.1, 8.87, -4.19, 0.01, -0.08, robot_mode, sine_overlay, 
08/06/2022 15:18:18:250, robot_pos, 1654697772167, 626.24, -85.56, 491.36, 2.49, 0.41, -2.61, circuit_pos, 625.57, -84.03, 478.79, 2.49, 0.4, -2.62, tool_force, -11.12, -8.18, -15.89, actual_rep, 1, curr_step, 42, track_size, 143, robot_vel, 36.03, joints_pos, 9.02, 37.28, -17.39, -63.84, -27.78, 80.36, 43.52, tool_torque, 2.05, -1.522, -0.043, joint_torque, -0.22, -11.49, -3.71, 8.59, -4.22, 0.02, -0.01, robot_mode, sine_overlay, 
08/06/2022 15:18:18:403, robot_pos, 1654697772316, 623.84, -88.0, 492.6, 2.49, 0.41, -2.61, circuit_pos, 625.57, -84.03, 478.79, 2.49, 0.4, -2.62, tool_force, -9.67, -8.97, -18.24, actual_rep, 1, curr_step, 42, track_size, 143, robot_vel, 19.58, joints_pos, 8.93, 36.88, -17.5, -64.32, -27.77, 80.13, 43.38, tool_torque, 2.094, -1.476, 0.152, joint_torque, 0.24, -12.54, -3.74, 8.89, -4.11, 0.19, 0.17, robot_mode, sine_overlay, 
08/06/2022 15:18:18:550, robot_pos, 1654697772466, 622.86, -87.7, 492.73, 2.49, 0.41, -2.61, circuit_pos, 625.57, -84.03, 478.79, 2.49, 0.4, -2.62, tool_force, -11.62, -8.19, -17.22, actual_rep, 1, curr_step, 42, track_size, 143, robot_vel, 6.71, joints_pos, 8.96, 36.69, -17.45, -64.6, -27.78, 79.94, 43.38, tool_torque, 2.09, -1.427, 0.112, joint_torque, -0.29, -12.09, -4.02, 9.11, -4.15, 0.06, 0.1, robot_mode, sine_overlay, 
08/06/2022 15:18:18:704, robot_pos, 1654697772616, 623.99, -85.79, 490.9, 2.49, 0.41, -2.61, circuit_pos, 625.57, -84.03, 478.79, 2.49, 0.4, -2.62, tool_force, -11.51, -8.68, -16.81, actual_rep, 1, curr_step, 42, track_size, 143, robot_vel, 23.53, joints_pos, 9.07, 36.87, -17.37, -64.55, -27.79, 79.83, 43.62, tool_torque, 2.092, -1.349, -0.047, joint_torque, -0.61, -12.36, -4.26, 9.02, -4.2, 0.16, -0.06, robot_mode, sine_overlay, 
08/06/2022 15:18:18:857, robot_pos, 1654697772763, 626.83, -82.83, 488.34, 2.5, 0.41, -2.61, circuit_pos, 625.57, -84.03, 478.79, 2.49, 0.4, -2.62, tool_force, -11.34, -9.5, -16.59, actual_rep, 1, curr_step, 42, track_size, 143, robot_vel, 32.82, joints_pos, 9.24, 37.39, -17.3, -64.11, -27.77, 79.9, 43.89, tool_torque, 1.956, -1.552, -0.045, joint_torque, -0.7, -12.38, -4.37, 8.91, -4.23, 0.07, -0.06, robot_mode, sine_overlay, 
08/06/2022 15:18:19:003, robot_pos, 1654697772914, 629.94, -80.5, 486.33, 2.5, 0.41, -2.61, circuit_pos, 625.57, -84.03, 478.79, 2.49, 0.4, -2.62, tool_force, -10.98, -9.64, -16.54, actual_rep, 1, curr_step, 42, track_size, 143, robot_vel, 30.65, joints_pos, 9.35, 37.93, -17.3, -63.52, -27.62, 80.13, 44.01, tool_torque, 2.027, -1.594, -0.068, joint_torque, -0.71, -12.29, -4.37, 8.74, -4.33, 0.09, -0.07, robot_mode, sine_overlay, 
08/06/2022 15:18:19:157, robot_pos, 1654697773065, 631.88, -79.76, 485.75, 2.49, 0.41, -2.61, circuit_pos, 625.57, -84.03, 478.79, 2.49, 0.4, -2.62, tool_force, -10.8, -9.39, -16.5, actual_rep, 1, curr_step, 42, track_size, 143, robot_vel, 13.24, joints_pos, 9.36, 38.29, -17.33, -63.04, -27.55, 80.38, 44.02, tool_torque, 2.03, -1.602, -0.0040, joint_torque, -0.77, -12.55, -4.42, 8.8, -4.38, 0.17, 0.02, robot_mode, sine_overlay, 
08/06/2022 15:18:19:319, robot_pos, 1654697773213, 631.61, -80.95, 486.77, 2.49, 0.41, -2.61, circuit_pos, 625.57, -84.03, 478.79, 2.49, 0.4, -2.62, tool_force, -10.23, -9.2, -16.73, actual_rep, 1, curr_step, 42, track_size, 143, robot_vel, 13.04, joints_pos, 9.31, 38.27, -17.43, -62.96, -27.53, 80.52, 43.89, tool_torque, 2.107, -1.63, 0.143, joint_torque, -0.41, -12.28, -4.16, 8.76, -4.34, 0.14, 0.17, robot_mode, sine_overlay, 
08/06/2022 15:18:19:456, robot_pos, 1654697773361, 629.32, -83.52, 489.19, 2.49, 0.41, -2.61, circuit_pos, 625.57, -84.03, 478.79, 2.49, 0.4, -2.62, tool_force, -10.14, -8.42, -17.29, actual_rep, 1, curr_step, 42, track_size, 143, robot_vel, 29.89, joints_pos, 9.17, 37.86, -17.52, -63.25, -27.54, 80.55, 43.64, tool_torque, 2.183, -1.611, 0.229, joint_torque, -0.01, -12.04, -3.95, 8.88, -4.29, 0.11, 0.25, robot_mode, sine_overlay, 
08/06/2022 15:18:19:638, robot_pos, 1654697773511, 626.09, -86.23, 491.54, 2.49, 0.41, -2.61, circuit_pos, 625.57, -84.03, 478.79, 2.49, 0.4, -2.62, tool_force, -9.68, -8.26, -17.47, actual_rep, 1, curr_step, 42, track_size, 143, robot_vel, 32.25, joints_pos, 9.05, 37.27, -17.57, -63.87, -27.66, 80.33, 43.46, tool_torque, 2.221, -1.539, 0.244, joint_torque, 0.37, -12.56, -3.8, 9.07, -4.2, 0.27, 0.25, robot_mode, sine_overlay, 
08/06/2022 15:18:19:756, robot_pos, 1654697773660, 623.44, -87.68, 492.86, 2.49, 0.41, -2.61, circuit_pos, 625.57, -84.03, 478.79, 2.49, 0.4, -2.62, tool_force, -10.45, -8.06, -17.8, actual_rep, 1, curr_step, 42, track_size, 143, robot_vel, 23.87, joints_pos, 9.01, 36.81, -17.57, -64.41, -27.76, 80.09, 43.41, tool_torque, 2.191, -1.511, 0.249, joint_torque, 0.23, -12.11, -3.83, 8.92, -4.12, 0.16, 0.23, robot_mode, sine_overlay, 
08/06/2022 15:18:19:911, robot_pos, 1654697773810, 622.75, -87.35, 492.5, 2.49, 0.41, -2.61, circuit_pos, 625.57, -84.03, 478.79, 2.49, 0.4, -2.62, tool_force, -10.55, -7.9, -17.48, actual_rep, 1, curr_step, 42, track_size, 143, robot_vel, 6.97, joints_pos, 9.06, 36.68, -17.53, -64.67, -27.78, 79.89, 43.46, tool_torque, 2.184, -1.441, 0.133, joint_torque, 0.27, -11.85, -3.76, 8.94, -4.08, 0.14, 0.1, robot_mode, sine_overlay, 
08/06/2022 15:18:20:060, robot_pos, 1654697773958, 624.19, -85.13, 490.5, 2.5, 0.41, -2.61, circuit_pos, 625.57, -84.03, 478.79, 2.49, 0.4, -2.62, tool_force, -11.34, -8.75, -16.83, actual_rep, 1, curr_step, 42, track_size, 143, robot_vel, 24.88, joints_pos, 9.18, 36.92, -17.44, -64.56, -27.78, 79.81, 43.68, tool_torque, 2.112, -1.461, 0.0080, joint_torque, -0.34, -12.16, -4.19, 8.95, -4.19, 0.12, -0.02, robot_mode, sine_overlay, 
08/06/2022 15:18:20:212, robot_pos, 1654697774109, 627.22, -82.24, 487.92, 2.5, 0.41, -2.61, circuit_pos, 625.57, -84.03, 478.79, 2.49, 0.4, -2.62, tool_force, -11.27, -9.26, -16.65, actual_rep, 1, curr_step, 42, track_size, 143, robot_vel, 33.11, joints_pos, 9.33, 37.46, -17.38, -64.06, -27.69, 79.9, 43.91, tool_torque, 2.013, -1.607, -0.024, joint_torque, -0.69, -12.11, -4.41, 8.72, -4.27, 0.07, -0.05, robot_mode, sine_overlay, 
08/06/2022 15:18:20:361, robot_pos, 1654697774259, 630.31, -80.24, 486.14, 2.5, 0.41, -2.61, circuit_pos, 625.57, -84.03, 478.79, 2.49, 0.4, -2.62, tool_force, -11.06, -9.37, -16.29, actual_rep, 1, curr_step, 42, track_size, 143, robot_vel, 28.03, joints_pos, 9.41, 38.01, -17.38, -63.44, -27.57, 80.15, 44.0, tool_torque, 2.031, -1.574, -0.052, joint_torque, -0.8, -12.41, -4.47, 8.79, -4.34, 0.1, -0.06, robot_mode, sine_overlay, 
08/06/2022 15:18:20:512, robot_pos, 1654697774410, 631.98, -79.78, 485.81, 2.49, 0.41, -2.61, circuit_pos, 625.57, -84.03, 478.79, 2.49, 0.4, -2.62, tool_force, -10.55, -9.65, -16.62, actual_rep, 1, curr_step, 42, track_size, 143, robot_vel, 9.19, joints_pos, 9.41, 38.32, -17.42, -63.0, -27.49, 80.4, 44.0, tool_torque, 2.07, -1.612, 0.022, joint_torque, -0.65, -12.51, -4.37, 8.74, -4.35, 0.17, 0.03, robot_mode, sine_overlay, 
08/06/2022 15:18:20:662, robot_pos, 1654697774558, 631.4, -81.27, 487.1, 2.49, 0.41, -2.61, circuit_pos, 625.57, -84.03, 478.79, 2.49, 0.4, -2.62, tool_force, -10.51, -8.9, -16.79, actual_rep, 1, curr_step, 42, track_size, 143, robot_vel, 14.94, joints_pos, 9.32, 38.23, -17.51, -62.97, -27.49, 80.53, 43.84, tool_torque, 2.127, -1.629, 0.17, joint_torque, -0.47, -12.29, -4.25, 8.79, -4.35, 0.15, 0.19, robot_mode, sine_overlay, 
08/06/2022 15:18:20:820, robot_pos, 1654697774707, 628.83, -83.95, 489.63, 2.49, 0.41, -2.61, circuit_pos, 625.57, -84.03, 478.79, 2.49, 0.4, -2.62, tool_force, -10.52, -8.29, -17.28, actual_rep, 1, curr_step, 42, track_size, 143, robot_vel, 29.98, joints_pos, 9.18, 37.79, -17.58, -63.33, -27.53, 80.51, 43.59, tool_torque, 2.148, -1.666, 0.225, joint_torque, -0.03, -12.34, -3.98, 9.04, -4.31, 0.08, 0.24, robot_mode, sine_overlay, 
08/06/2022 15:18:20:965, robot_pos, 1654697774857, 625.56, -86.52, 491.83, 2.49, 0.41, -2.61, circuit_pos, 625.57, -84.03, 478.79, 2.49, 0.4, -2.62, tool_force, -10.11, -8.06, -17.72, actual_rep, 1, curr_step, 42, track_size, 143, robot_vel, 32.54, joints_pos, 9.06, 37.19, -17.61, -63.96, -27.66, 80.3, 43.43, tool_torque, 2.263, -1.504, 0.247, joint_torque, 0.2, -11.99, -3.82, 8.96, -4.19, 0.18, 0.25, robot_mode, sine_overlay, 
08/06/2022 15:18:21:121, robot_pos, 1654697775007, 623.16, -87.74, 492.92, 2.49, 0.41, -2.61, circuit_pos, 625.57, -84.03, 478.79, 2.49, 0.4, -2.62, tool_force, -10.21, -7.91, -17.32, actual_rep, 1, curr_step, 42, track_size, 143, robot_vel, 23.01, joints_pos, 9.03, 36.76, -17.6, -64.49, -27.75, 80.04, 43.4, tool_torque, 2.228, -1.513, 0.249, joint_torque, 0.21, -11.69, -3.81, 8.85, -4.12, 0.13, 0.23, robot_mode, sine_overlay, 
08/06/2022 15:18:21:266, robot_pos, 1654697775157, 622.8, -87.05, 492.28, 2.49, 0.41, -2.61, circuit_pos, 625.57, -84.03, 478.79, 2.49, 0.4, -2.62, tool_force, -11.17, -7.88, -17.42, actual_rep, 1, curr_step, 42, track_size, 143, robot_vel, 10.31, joints_pos, 9.09, 36.69, -17.54, -64.68, -27.77, 79.87, 43.5, tool_torque, 2.145, -1.424, 0.094, joint_torque, -0.11, -11.93, -4.0, 9.0, -4.13, 0.11, 0.07, robot_mode, sine_overlay, 
08/06/2022 15:18:21:418, robot_pos, 1654697775307, 624.61, -84.68, 490.1, 2.5, 0.41, -2.61, circuit_pos, 625.57, -84.03, 478.79, 2.49, 0.4, -2.62, tool_force, -11.09, -8.64, -16.95, actual_rep, 1, curr_step, 42, track_size, 143, robot_vel, 26.35, joints_pos, 9.22, 37.0, -17.46, -64.5, -27.76, 79.81, 43.72, tool_torque, 2.088, -1.492, 0.0050, joint_torque, -0.34, -12.39, -4.25, 9.06, -4.23, 0.11, -0.02, robot_mode, sine_overlay, 
08/06/2022 15:18:21:569, robot_pos, 1654697775459, 627.8, -81.85, 487.57, 2.5, 0.41, -2.61, circuit_pos, 625.57, -84.03, 478.79, 2.49, 0.4, -2.62, tool_force, -10.81, -9.71, -16.9, actual_rep, 1, curr_step, 42, track_size, 143, robot_vel, 32.32, joints_pos, 9.36, 37.55, -17.41, -63.97, -27.65, 79.92, 43.93, tool_torque, 2.082, -1.602, -0.022, joint_torque, -0.53, -12.3, -4.39, 8.67, -4.28, 0.18, -0.05, robot_mode, sine_overlay, 
08/06/2022 15:18:21:735, robot_pos, 1654697775622, 630.94, -79.9, 485.86, 2.5, 0.41, -2.61, circuit_pos, 625.57, -84.03, 478.79, 2.49, 0.4, -2.62, tool_force, -10.82, -9.59, -16.42, actual_rep, 1, curr_step, 42, track_size, 143, robot_vel, 24.28, joints_pos, 9.43, 38.14, -17.41, -63.29, -27.52, 80.22, 44.0, tool_torque, 2.076, -1.593, -0.043, joint_torque, -0.68, -12.51, -4.46, 8.79, -4.35, 0.14, -0.05, robot_mode, sine_overlay, 
08/06/2022 15:18:21:870, robot_pos, 1654697775759, 632.0, -79.88, 485.9, 2.49, 0.41, -2.61, circuit_pos, 625.57, -84.03, 478.79, 2.49, 0.4, -2.62, tool_force, -10.08, -9.81, -16.89, actual_rep, 1, curr_step, 42, track_size, 143, robot_vel, 15.74, joints_pos, 9.42, 38.33, -17.46, -62.98, -27.48, 80.43, 44.0, tool_torque, 2.094, -1.61, 0.032, joint_torque, -0.56, -12.59, -4.4, 8.65, -4.35, 0.25, 0.04, robot_mode, sine_overlay, 
08/06/2022 15:18:22:026, robot_pos, 1654697775907, 631.11, -81.66, 487.45, 2.49, 0.41, -2.61, circuit_pos, 625.57, -84.03, 478.79, 2.49, 0.4, -2.62, tool_force, -10.5, -8.95, -16.56, actual_rep, 1, curr_step, 42, track_size, 143, robot_vel, 22.75, joints_pos, 9.31, 38.19, -17.54, -63.0, -27.48, 80.54, 43.79, tool_torque, 2.135, -1.63, 0.198, joint_torque, -0.38, -12.16, -4.2, 8.74, -4.31, 0.13, 0.22, robot_mode, sine_overlay, 
08/06/2022 15:18:22:170, robot_pos, 1654697776059, 628.35, -84.45, 490.08, 2.49, 0.41, -2.61, circuit_pos, 625.57, -84.03, 478.79, 2.49, 0.4, -2.62, tool_force, -10.07, -9.08, -18.03, actual_rep, 1, curr_step, 42, track_size, 143, robot_vel, 32.82, joints_pos, 9.17, 37.7, -17.62, -63.42, -27.53, 80.47, 43.55, tool_torque, 2.17, -1.599, 0.224, joint_torque, 0.04, -12.62, -3.99, 8.91, -4.26, 0.29, 0.24, robot_mode, sine_overlay, 
08/06/2022 15:18:22:348, robot_pos, 1654697776220, 624.86, -87.02, 492.26, 2.49, 0.41, -2.61, circuit_pos, 625.57, -84.03, 478.79, 2.49, 0.4, -2.62, tool_force, -10.59, -7.91, -17.41, actual_rep, 1, curr_step, 42, track_size, 143, robot_vel, 29.68, joints_pos, 9.06, 37.07, -17.63, -64.11, -27.68, 80.22, 43.41, tool_torque, 2.229, -1.521, 0.252, joint_torque, 0.16, -11.88, -3.84, 8.91, -4.16, 0.17, 0.25, robot_mode, sine_overlay, 
08/06/2022 15:18:22:486, robot_pos, 1654697776370, 622.85, -87.77, 492.9, 2.49, 0.41, -2.61, circuit_pos, 625.57, -84.03, 478.79, 2.49, 0.4, -2.62, tool_force, -10.07, -8.11, -17.73, actual_rep, 1, curr_step, 42, track_size, 143, robot_vel, 13.72, joints_pos, 9.05, 36.71, -17.62, -64.57, -27.74, 79.98, 43.39, tool_torque, 2.188, -1.543, 0.215, joint_torque, 0.49, -12.45, -3.78, 9.22, -4.13, 0.14, 0.19, robot_mode, sine_overlay, 
08/06/2022 15:18:22:638, robot_pos, 1654697776522, 623.09, -86.58, 491.88, 2.49, 0.41, -2.61, circuit_pos, 625.57, -84.03, 478.79, 2.49, 0.4, -2.62, tool_force, -11.07, -8.1, -17.07, actual_rep, 1, curr_step, 42, track_size, 143, robot_vel, 10.96, joints_pos, 9.12, 36.73, -17.53, -64.67, -27.76, 79.84, 43.51, tool_torque, 2.16, -1.431, 0.071, joint_torque, -0.14, -11.79, -4.06, 8.84, -4.13, 0.16, 0.04, robot_mode, sine_overlay, 
08/06/2022 15:18:22:787, robot_pos, 1654697776671, 625.33, -83.97, 489.53, 2.5, 0.41, -2.61, circuit_pos, 625.57, -84.03, 478.79, 2.49, 0.4, -2.62, tool_force, -10.59, -9.22, -17.18, actual_rep, 1, curr_step, 42, track_size, 143, robot_vel, 28.57, joints_pos, 9.27, 37.11, -17.46, -64.4, -27.75, 79.81, 43.79, tool_torque, 2.081, -1.536, 0.0040, joint_torque, -0.32, -12.23, -4.24, 8.81, -4.2, 0.15, -0.03, robot_mode, sine_overlay, 
08/06/2022 15:18:22:951, robot_pos, 1654697776834, 628.83, -81.1, 486.87, 2.5, 0.41, -2.61, circuit_pos, 625.57, -84.03, 478.79, 2.49, 0.4, -2.62, tool_force, -11.61, -9.63, -16.99, actual_rep, 1, curr_step, 42, track_size, 143, robot_vel, 32.28, joints_pos, 9.4, 37.75, -17.43, -63.76, -27.6, 80.01, 43.96, tool_torque, 2.001, -1.613, -0.044, joint_torque, -0.91, -12.5, -4.57, 8.85, -4.36, 0.07, -0.05, robot_mode, sine_overlay, 
08/06/2022 15:18:23:289, robot_pos, 1654697777174, 631.74, -80.75, 486.59, 2.49, 0.41, -2.61, circuit_pos, 625.57, -84.03, 478.79, 2.49, 0.4, -2.62, tool_force, -9.8, -9.25, -16.87, actual_rep, 1, curr_step, 42, track_size, 143, robot_vel, 6.77, joints_pos, 9.37, 38.29, -17.52, -62.95, -27.48, 80.49, 43.89, tool_torque, 2.173, -1.671, 0.152, joint_torque, -0.19, -12.21, -4.16, 8.68, -4.32, 0.17, 0.16, robot_mode, sine_overlay, 
08/06/2022 15:18:23:454, robot_pos, 1654697777324, 629.61, -83.19, 488.94, 2.49, 0.41, -2.61, circuit_pos, 625.57, -84.03, 478.79, 2.49, 0.4, -2.62, tool_force, -10.14, -8.57, -17.3, actual_rep, 1, curr_step, 42, track_size, 143, robot_vel, 35.08, joints_pos, 9.23, 37.93, -17.59, -63.2, -27.48, 80.54, 43.65, tool_torque, 2.21, -1.639, 0.231, joint_torque, 0.04, -12.18, -3.98, 8.92, -4.31, 0.14, 0.24, robot_mode, sine_overlay, 
08/06/2022 15:18:23:595, robot_pos, 1654697777475, 626.38, -85.98, 491.4, 2.49, 0.41, -2.61, circuit_pos, 625.57, -84.03, 478.79, 2.49, 0.4, -2.62, tool_force, -10.22, -8.09, -17.44, actual_rep, 1, curr_step, 42, track_size, 143, robot_vel, 32.06, joints_pos, 9.11, 37.34, -17.64, -63.8, -27.6, 80.34, 43.45, tool_torque, 2.216, -1.54, 0.248, joint_torque, 0.23, -12.27, -3.87, 8.92, -4.18, 0.23, 0.25, robot_mode, sine_overlay, 
08/06/2022 15:18:23:791, robot_pos, 1654697777670, 623.1, -87.76, 492.92, 2.49, 0.41, -2.61, circuit_pos, 625.57, -84.03, 478.79, 2.49, 0.4, -2.62, tool_force, -10.26, -7.7, -17.31, actual_rep, 1, curr_step, 42, track_size, 143, robot_vel, 20.55, joints_pos, 9.05, 36.76, -17.64, -64.5, -27.73, 80.02, 43.39, tool_torque, 2.204, -1.515, 0.24, joint_torque, 0.19, -11.84, -3.84, 8.94, -4.13, 0.13, 0.22, robot_mode, sine_overlay, 
08/06/2022 15:18:23:969, robot_pos, 1654697777851, 623.09, -86.57, 491.86, 2.49, 0.41, -2.61, circuit_pos, 625.57, -84.03, 478.79, 2.49, 0.4, -2.62, tool_force, -11.1, -8.29, -17.02, actual_rep, 1, curr_step, 42, track_size, 143, robot_vel, 12.15, joints_pos, 9.12, 36.73, -17.54, -64.67, -27.75, 79.83, 43.51, tool_torque, 2.154, -1.418, 0.069, joint_torque, -0.27, -11.93, -4.15, 8.84, -4.14, 0.17, 0.04, robot_mode, sine_overlay, 
08/06/2022 15:18:24:128, robot_pos, 1654697778007, 625.51, -83.82, 489.38, 2.5, 0.41, -2.61, circuit_pos, 625.57, -84.03, 478.79, 2.49, 0.4, -2.62, tool_force, -10.65, -9.31, -17.12, actual_rep, 1, curr_step, 42, track_size, 143, robot_vel, 27.49, joints_pos, 9.28, 37.15, -17.46, -64.37, -27.74, 79.81, 43.79, tool_torque, 2.047, -1.547, 0.0030, joint_torque, -0.34, -12.57, -4.3, 8.91, -4.22, 0.16, -0.03, robot_mode, sine_overlay, 
08/06/2022 15:18:24:281, robot_pos, 1654697778159, 628.58, -81.3, 487.89, 2.49, 0.41, -2.61, circuit_pos, 625.57, -84.03, 478.79, 2.49, 0.4, -2.62, tool_force, -7.68, -20.75, -25.55, actual_rep, 1, curr_step, 42, track_size, 143, robot_vel, 28.43, joints_pos, 9.4, 37.66, -17.44, -63.73, -27.6, 80.06, 43.94, tool_torque, 1.024, -2.301, 0.0010, joint_torque, -0.05, -22.09, -5.42, 12.19, -4.68, 0.45, -0.01, robot_mode, sine_overlay, 
08/06/2022 15:18:24:435, robot_pos, 1654697778307, 626.31, -78.66, 486.74, 2.49, 0.41, -2.61, circuit_pos, 625.57, -84.03, 478.79, 2.49, 0.4, -2.62, tool_force, 7.26, -24.96, -17.47, actual_rep, 1, curr_step, 42, track_size, 143, robot_vel, 43.83, joints_pos, 9.72, 37.32, -17.45, -64.48, -27.61, 79.8, 44.32, tool_torque, 1.031, -3.044, -0.056, joint_torque, 0.21, -17.69, -4.68, 6.17, -4.3, 1.53, -0.07, robot_mode, sine_overlay, 
08/06/2022 15:18:24:712, robot_pos, 1654697778498, 622.4, -78.67, 485.05, 2.5, 0.41, -2.61, circuit_pos, 625.57, -84.03, 478.79, 2.49, 0.4, -2.62, tool_force, 3.86, -17.39, -14.63, actual_rep, 1, curr_step, 42, track_size, 143, robot_vel, 24.76, joints_pos, 9.98, 36.74, -17.55, -65.7, -28.0, 79.19, 44.69, tool_torque, 1.593, -2.409, -0.101, joint_torque, 0.28, -12.87, -3.74, 5.11, -4.02, 1.3, -0.08, robot_mode, sine_overlay, 
08/06/2022 15:18:24:793, robot_pos, 1654697778668, 622.75, -81.65, 485.31, 2.5, 0.41, -2.61, circuit_pos, 625.57, -84.03, 478.79, 2.49, 0.4, -2.62, tool_force, -5.45, -2.04, -12.63, actual_rep, 1, curr_step, 42, track_size, 143, robot_vel, 19.46, joints_pos, 9.73, 36.88, -17.63, -65.46, -28.0, 79.28, 44.5, tool_torque, 2.617, -1.921, 0.179, joint_torque, 2.16, -6.34, -1.87, 5.84, -3.78, 0.06, 0.18, robot_mode, sine_overlay, 
08/06/2022 15:18:24:942, robot_pos, 1654697778820, 624.84, -85.24, 486.98, 2.49, 0.41, -2.6, circuit_pos, 625.57, -84.03, 478.79, 2.49, 0.4, -2.62, tool_force, -11.54, 1.59, -10.81, actual_rep, 1, curr_step, 42, track_size, 143, robot_vel, 29.41, joints_pos, 9.34, 37.26, -17.71, -64.63, -27.87, 79.74, 43.97, tool_torque, 2.914, -1.496, 0.253, joint_torque, 1.47, -5.31, -2.18, 6.64, -3.84, -0.22, 0.25, robot_mode, sine_overlay, 
08/06/2022 15:18:25:157, robot_pos, 1654697778972, 626.0, -89.04, 489.54, 2.49, 0.41, -2.61, circuit_pos, 625.57, -84.03, 478.79, 2.49, 0.4, -2.62, tool_force, -17.3, 0.88, -10.98, actual_rep, 1, curr_step, 42, track_size, 143, robot_vel, 32.04, joints_pos, 8.93, 37.4, -17.77, -64.0, -27.57, 80.0, 43.35, tool_torque, 2.761, -0.955, 0.286, joint_torque, -1.08, -5.71, -3.79, 7.58, -3.93, -0.52, 0.27, robot_mode, sine_overlay, 
08/06/2022 15:18:25:259, robot_pos, 1654697779133, 627.22, -88.69, 489.78, 2.49, 0.4, -2.61, circuit_pos, 625.57, -84.03, 478.79, 2.49, 0.4, -2.62, tool_force, -13.55, -2.1, -13.75, actual_rep, 1, curr_step, 42, track_size, 143, robot_vel, 7.7, joints_pos, 8.86, 37.55, -17.67, -63.69, -27.49, 80.13, 43.25, tool_torque, 2.646, -1.316, 0.261, joint_torque, 0.38, -8.82, -3.52, 8.03, -3.95, -0.04, 0.2, robot_mode, sine_overlay, 
08/06/2022 15:18:25:459, robot_pos, 1654697779299, 627.11, -84.61, 489.94, 2.49, 0.41, -2.61, circuit_pos, 625.57, -84.03, 478.79, 2.49, 0.4, -2.62, tool_force, -10.13, -9.5, -17.48, actual_rep, 1, curr_step, 42, track_size, 143, robot_vel, 28.36, joints_pos, 9.19, 37.44, -17.57, -63.83, -27.56, 80.12, 43.56, tool_torque, 2.007, -1.592, -0.0020, joint_torque, -0.08, -12.83, -4.16, 8.96, -4.18, 0.16, -0.03, robot_mode, sine_overlay, 
08/06/2022 15:18:25:606, robot_pos, 1654697779479, 628.97, -81.34, 487.05, 2.5, 0.41, -2.61, circuit_pos, 625.57, -84.03, 478.79, 2.49, 0.4, -2.62, tool_force, -11.88, -8.95, -16.65, actual_rep, 1, curr_step, 42, track_size, 143, robot_vel, 27.49, joints_pos, 9.41, 37.77, -17.48, -63.72, -27.56, 79.99, 43.91, tool_torque, 2.098, -1.503, -0.03, joint_torque, -0.72, -12.37, -4.49, 8.9, -4.31, 0.13, -0.05, robot_mode, sine_overlay, 
08/06/2022 15:18:25:761, robot_pos, 1654697779632, 630.39, -77.66, 486.03, 2.5, 0.41, -2.61, circuit_pos, 625.57, -84.03, 478.79, 2.49, 0.4, -2.62, tool_force, -0.43, -3.7, -17.48, actual_rep, 1, curr_step, 42, track_size, 143, robot_vel, 26.92, joints_pos, 9.66, 38.02, -17.38, -63.47, -27.62, 80.25, 44.17, tool_torque, 2.594, -2.741, -0.066, joint_torque, 6.07, -8.05, 0.04, 6.26, -3.91, 0.06, -0.08, robot_mode, sine_overlay, 
08/06/2022 15:18:25:994, robot_pos, 1654697779782, 631.43, -73.28, 480.46, 2.5, 0.41, -2.59, circuit_pos, 625.57, -84.03, 478.79, 2.49, 0.4, -2.62, tool_force, 4.46, 9.38, -15.49, actual_rep, 1, curr_step, 42, track_size, 143, robot_vel, 45.32, joints_pos, 10.12, 38.47, -17.3, -63.72, -28.36, 80.28, 45.14, tool_torque, 4.404, -3.408, -0.141, joint_torque, 11.28, -0.78, 3.61, 3.69, -4.27, 0.17, -0.11, robot_mode, sine_overlay, 
08/06/2022 15:18:26:083, robot_pos, 1654697779956, 629.45, -73.45, 481.54, 2.5, 0.41, -2.59, circuit_pos, 625.57, -84.03, 478.79, 2.49, 0.4, -2.62, tool_force, 8.65, 11.06, -18.8, actual_rep, 1, curr_step, 42, track_size, 143, robot_vel, 15.83, joints_pos, 10.22, 38.14, -17.36, -64.11, -28.57, 80.3, 45.22, tool_torque, 4.475, -4.088, -0.125, joint_torque, 14.53, -1.66, 5.53, 4.26, -4.44, 0.17, -0.04, robot_mode, sine_overlay, 
08/06/2022 15:18:26:249, robot_pos, 1654697780106, 625.32, -74.99, 484.59, 2.5, 0.42, -2.59, circuit_pos, 625.57, -84.03, 478.79, 2.49, 0.4, -2.62, tool_force, 9.26, 10.69, -19.42, actual_rep, 1, curr_step, 42, track_size, 143, robot_vel, 36.88, joints_pos, 10.22, 37.39, -17.36, -64.89, -28.83, 80.17, 45.2, tool_torque, 4.442, -4.158, -0.012, joint_torque, 14.58, -1.41, 5.67, 4.19, -4.35, 0.06, 0.06, robot_mode, sine_overlay, 
08/06/2022 15:18:26:386, robot_pos, 1654697780256, 622.05, -78.46, 485.2, 2.5, 0.42, -2.59, circuit_pos, 625.57, -84.03, 478.79, 2.49, 0.4, -2.62, tool_force, 6.55, 10.59, -15.44, actual_rep, 1, curr_step, 42, track_size, 143, robot_vel, 35.37, joints_pos, 10.04, 36.84, -17.42, -65.66, -28.87, 79.67, 45.09, tool_torque, 4.492, -3.475, 0.13, joint_torque, 11.76, -0.13, 4.26, 3.11, -4.07, 0.39, 0.17, robot_mode, sine_overlay, 
08/06/2022 15:18:26:573, robot_pos, 1654697780438, 621.43, -79.85, 483.92, 2.5, 0.42, -2.6, circuit_pos, 625.57, -84.03, 478.79, 2.49, 0.4, -2.62, tool_force, 3.9, 11.14, -11.64, actual_rep, 1, curr_step, 42, track_size, 143, robot_vel, 10.38, joints_pos, 9.91, 36.78, -17.39, -65.93, -28.81, 79.36, 45.07, tool_torque, 4.57, -3.163, 0.136, joint_torque, 9.53, 1.63, 3.06, 2.22, -4.03, 0.39, 0.14, robot_mode, sine_overlay, 
08/06/2022 15:18:26:727, robot_pos, 1654697780590, 623.6, -78.82, 481.33, 2.5, 0.41, -2.6, circuit_pos, 625.57, -84.03, 478.79, 2.49, 0.4, -2.62, tool_force, 4.0, 10.05, -10.18, actual_rep, 1, curr_step, 42, track_size, 143, robot_vel, 21.85, joints_pos, 9.92, 37.18, -17.35, -65.65, -28.65, 79.27, 45.14, tool_torque, 4.395, -3.167, 0.016, joint_torque, 8.71, 1.34, 2.54, 1.97, -4.07, 0.37, 0.02, robot_mode, sine_overlay, 
08/06/2022 15:18:26:895, robot_pos, 1654697780761, 627.45, -75.78, 478.67, 2.5, 0.41, -2.6, circuit_pos, 625.57, -84.03, 478.79, 2.49, 0.4, -2.62, tool_force, 3.56, 9.54, -10.84, actual_rep, 1, curr_step, 42, track_size, 143, robot_vel, 35.38, joints_pos, 10.05, 37.86, -17.29, -64.93, -28.51, 79.47, 45.32, tool_torque, 4.354, -3.296, -0.098, joint_torque, 9.14, 0.69, 2.6, 2.56, -4.22, 0.23, -0.08, robot_mode, sine_overlay, 
08/06/2022 15:18:27:045, robot_pos, 1654697780912, 630.38, -72.13, 477.98, 2.5, 0.42, -2.59, circuit_pos, 625.57, -84.03, 478.79, 2.49, 0.4, -2.62, tool_force, 5.73, 10.09, -14.33, actual_rep, 1, curr_step, 42, track_size, 143, robot_vel, 28.96, joints_pos, 10.26, 38.34, -17.24, -64.27, -28.5, 79.87, 45.51, tool_torque, 4.437, -3.711, -0.117, joint_torque, 11.61, -0.53, 3.81, 3.38, -4.39, 0.19, -0.08, robot_mode, sine_overlay, 
08/06/2022 15:18:27:226, robot_pos, 1654697781091, 631.51, -70.65, 477.89, 2.5, 0.42, -2.59, circuit_pos, 625.57, -84.03, 478.79, 2.49, 0.4, -2.62, tool_force, 7.11, 13.23, -15.67, actual_rep, 1, curr_step, 42, track_size, 143, robot_vel, 8.93, joints_pos, 10.38, 38.57, -17.25, -63.95, -28.61, 80.19, 45.61, tool_torque, 4.953, -3.782, -0.125, joint_torque, 13.49, 1.29, 5.07, 2.9, -4.4, 0.32, -0.07, robot_mode, sine_overlay, 
08/06/2022 15:18:27:380, robot_pos, 1654697781242, 630.52, -72.5, 478.69, 2.5, 0.42, -2.59, circuit_pos, 625.57, -84.03, 478.79, 2.49, 0.4, -2.62, tool_force, 5.74, 15.76, -12.3, actual_rep, 1, curr_step, 42, track_size, 143, robot_vel, 15.6, joints_pos, 10.3, 38.47, -17.37, -64.04, -28.64, 80.29, 45.49, tool_torque, 5.231, -3.486, 0.037, joint_torque, 12.28, 3.82, 4.89, 1.6, -4.27, 0.42, 0.13, robot_mode, sine_overlay, 
08/06/2022 15:18:27:561, robot_pos, 1654697781423, 628.55, -77.52, 477.23, 2.5, 0.41, -2.59, circuit_pos, 625.57, -84.03, 478.79, 2.49, 0.4, -2.62, tool_force, 4.54, 25.45, -3.73, actual_rep, 1, curr_step, 42, track_size, 143, robot_vel, 32.52, joints_pos, 9.92, 38.3, -17.4, -64.54, -28.68, 79.99, 45.34, tool_torque, 6.314, -2.891, 0.174, joint_torque, 11.61, 12.24, 5.52, -2.19, -3.85, 0.68, 0.24, robot_mode, sine_overlay, 
08/06/2022 15:18:27:750, robot_pos, 1654697781572, 626.9, -79.64, 477.04, 2.5, 0.41, -2.58, circuit_pos, 626.7, -75.57, 484.88, 2.5, 0.42, -2.58, tool_force, 8.27, 25.94, -1.84, actual_rep, 1, curr_step, 44, track_size, 143, robot_vel, 26.02, joints_pos, 9.8, 38.06, -17.38, -64.98, -28.84, 79.77, 45.33, tool_torque, 6.304, -3.193, 0.2, joint_torque, 12.32, 13.25, 6.03, -3.34, -3.68, 0.73, 0.24, robot_mode, sine_overlay, 
08/06/2022 15:18:28:064, robot_pos, 1654697781891, 625.7, -72.15, 479.2, 2.51, 0.44, -2.55, circuit_pos, 626.7, -75.57, 484.88, 2.5, 0.42, -2.58, tool_force, 5.31, 19.85, 3.68, actual_rep, 1, curr_step, 44, track_size, 143, robot_vel, 40.01, joints_pos, 10.8, 37.92, -17.26, -65.3, -31.14, 80.4, 46.74, tool_torque, 5.269, -2.874, -0.163, joint_torque, 6.23, 12.91, 2.75, -4.47, -3.72, 0.63, -0.1, robot_mode, sine_overlay, 
08/06/2022 15:18:28:267, robot_pos, 1654697782066, 628.66, -70.45, 481.6, 2.51, 0.43, -2.56, circuit_pos, 626.7, -75.57, 484.88, 2.5, 0.42, -2.58, tool_force, 1.89, 4.07, -6.48, actual_rep, 1, curr_step, 44, track_size, 143, robot_vel, 24.3, joints_pos, 10.8, 38.24, -17.3, -64.33, -30.65, 80.81, 46.47, tool_torque, 3.84, -2.875, 0.195, joint_torque, 4.2, 0.25, -0.28, 1.49, -4.23, 0.6, 0.23, robot_mode, sine_overlay, 
08/06/2022 15:18:28:349, robot_pos, 1654697782214, 631.08, -69.89, 485.26, 2.51, 0.43, -2.56, circuit_pos, 626.7, -75.57, 484.88, 2.5, 0.42, -2.58, tool_force, -5.97, -2.09, -10.48, actual_rep, 1, curr_step, 44, track_size, 143, robot_vel, 28.42, joints_pos, 10.68, 38.47, -17.3, -63.38, -30.23, 81.3, 45.98, tool_torque, 2.983, -2.293, 0.277, joint_torque, 1.51, -5.86, -2.63, 5.71, -4.44, 0.15, 0.29, robot_mode, sine_overlay, 
08/06/2022 15:18:28:508, robot_pos, 1654697782369, 632.69, -70.3, 489.41, 2.5, 0.43, -2.57, circuit_pos, 626.7, -75.57, 484.88, 2.5, 0.42, -2.58, tool_force, -8.86, -9.44, -15.74, actual_rep, 1, curr_step, 44, track_size, 143, robot_vel, 29.88, joints_pos, 10.55, 38.6, -17.37, -62.53, -29.95, 81.88, 45.45, tool_torque, 2.325, -2.022, 0.325, joint_torque, 0.11, -12.04, -4.18, 8.45, -4.61, 0.24, 0.33, robot_mode, sine_overlay, 
08/06/2022 15:18:28:836, robot_pos, 1654697782567, 631.65, -73.11, 493.25, 2.5, 0.43, -2.57, circuit_pos, 626.7, -75.57, 484.88, 2.5, 0.42, -2.58, tool_force, -9.97, -9.06, -16.28, actual_rep, 1, curr_step, 44, track_size, 143, robot_vel, 26.8, joints_pos, 10.37, 38.36, -17.54, -62.36, -29.82, 82.15, 44.94, tool_torque, 2.304, -1.871, 0.311, joint_torque, 0.0, -12.13, -4.23, 8.7, -4.58, 0.21, 0.32, robot_mode, sine_overlay, 
08/06/2022 15:18:29:000, robot_pos, 1654697782861, 625.94, -78.18, 498.37, 2.5, 0.43, -2.57, circuit_pos, 626.7, -75.57, 484.88, 2.5, 0.42, -2.58, tool_force, -10.3, -8.81, -17.45, actual_rep, 1, curr_step, 44, track_size, 143, robot_vel, 28.0, joints_pos, 10.15, 37.33, -17.67, -63.29, -29.94, 81.94, 44.51, tool_torque, 2.358, -1.689, 0.311, joint_torque, 0.39, -12.11, -3.99, 8.89, -4.46, 0.33, 0.3, robot_mode, sine_overlay, 
08/06/2022 15:18:29:153, robot_pos, 1654697783011, 624.0, -79.0, 499.1, 2.5, 0.43, -2.57, circuit_pos, 626.7, -75.57, 484.88, 2.5, 0.42, -2.58, tool_force, -10.66, -8.7, -17.1, actual_rep, 1, curr_step, 44, track_size, 143, robot_vel, 12.21, joints_pos, 10.14, 36.96, -17.65, -63.76, -30.02, 81.7, 44.5, tool_torque, 2.347, -1.61, 0.253, joint_torque, 0.15, -11.87, -4.06, 8.82, -4.41, 0.3, 0.23, robot_mode, sine_overlay, 
08/06/2022 15:18:29:305, robot_pos, 1654697783164, 624.18, -77.92, 498.05, 2.5, 0.43, -2.57, circuit_pos, 626.7, -75.57, 484.88, 2.5, 0.42, -2.58, tool_force, -11.46, -9.04, -16.53, actual_rep, 1, curr_step, 44, track_size, 143, robot_vel, 11.7, joints_pos, 10.2, 36.99, -17.57, -63.85, -30.03, 81.57, 44.62, tool_torque, 2.26, -1.575, 0.074, joint_torque, -0.13, -11.91, -4.18, 8.82, -4.41, 0.23, 0.05, robot_mode, sine_overlay, 
08/06/2022 15:18:29:488, robot_pos, 1654697783314, 626.41, -75.51, 495.52, 2.51, 0.43, -2.57, circuit_pos, 626.7, -75.57, 484.88, 2.5, 0.42, -2.58, tool_force, -11.07, -9.47, -16.48, actual_rep, 1, curr_step, 44, track_size, 143, robot_vel, 28.28, joints_pos, 10.33, 37.38, -17.49, -63.59, -30.01, 81.51, 44.85, tool_torque, 2.214, -1.606, -0.022, joint_torque, -0.26, -12.11, -4.31, 8.79, -4.46, 0.29, -0.05, robot_mode, sine_overlay, 
08/06/2022 15:18:29:608, robot_pos, 1654697783465, 628.95, -71.5, 492.96, 2.51, 0.43, -2.57, circuit_pos, 626.7, -75.57, 484.88, 2.5, 0.42, -2.58, tool_force, -5.11, -7.16, -17.62, actual_rep, 1, curr_step, 44, track_size, 143, robot_vel, 35.72, joints_pos, 10.56, 37.87, -17.38, -63.18, -29.92, 81.71, 45.15, tool_torque, 2.151, -1.996, -0.075, joint_torque, 3.39, -10.54, -1.73, 7.51, -3.85, 0.3, -0.11, robot_mode, sine_overlay, 
08/06/2022 15:18:29:752, robot_pos, 1654697783613, 631.41, -66.88, 488.79, 2.51, 0.43, -2.56, circuit_pos, 626.7, -75.57, 484.88, 2.5, 0.42, -2.58, tool_force, -1.11, -0.14, -18.21, actual_rep, 1, curr_step, 44, track_size, 143, robot_vel, 43.63, joints_pos, 10.9, 38.4, -17.32, -62.94, -30.03, 81.83, 45.66, tool_torque, 2.554, -2.367, -0.263, joint_torque, 7.53, -7.01, 1.35, 6.29, -3.48, 0.07, -0.27, robot_mode, sine_overlay, 
08/06/2022 15:18:29:990, robot_pos, 1654697783770, 632.59, -65.39, 487.24, 2.51, 0.43, -2.56, circuit_pos, 626.7, -75.57, 484.88, 2.5, 0.42, -2.58, tool_force, 1.41, 6.72, -17.13, actual_rep, 1, curr_step, 44, track_size, 143, robot_vel, 14.37, joints_pos, 11.0, 38.68, -17.33, -62.75, -30.04, 81.98, 45.77, tool_torque, 2.878, -2.323, -0.446, joint_torque, 10.49, -3.19, 3.68, 4.97, -2.99, -0.05, -0.44, robot_mode, sine_overlay, 
08/06/2022 15:18:30:092, robot_pos, 1654697783915, 631.95, -65.74, 487.05, 2.51, 0.43, -2.56, circuit_pos, 626.7, -75.57, 484.88, 2.5, 0.42, -2.58, tool_force, 2.98, 13.76, -15.83, actual_rep, 1, curr_step, 44, track_size, 143, robot_vel, 5.98, joints_pos, 11.01, 38.63, -17.36, -62.86, -30.05, 82.04, 45.76, tool_torque, 3.087, -2.349, -0.566, joint_torque, 13.06, 0.92, 6.03, 3.68, -2.45, -0.42, -0.55, robot_mode, sine_overlay, 
08/06/2022 15:18:30:209, robot_pos, 1654697784065, 630.02, -67.59, 488.3, 2.51, 0.43, -2.56, circuit_pos, 626.7, -75.57, 484.88, 2.5, 0.42, -2.58, tool_force, 2.1, 17.2, -14.91, actual_rep, 1, curr_step, 44, track_size, 143, robot_vel, 21.54, joints_pos, 10.96, 38.31, -17.45, -63.23, -30.18, 81.96, 45.7, tool_torque, 3.195, -2.307, -0.512, joint_torque, 13.46, 2.51, 6.59, 3.4, -2.29, -0.66, -0.48, robot_mode, sine_overlay, 
08/06/2022 15:18:30:364, robot_pos, 1654697784215, 627.38, -70.91, 490.88, 2.51, 0.43, -2.56, circuit_pos, 626.7, -75.57, 484.88, 2.5, 0.42, -2.58, tool_force, 0.59, 12.67, -14.5, actual_rep, 1, curr_step, 44, track_size, 143, robot_vel, 33.62, joints_pos, 10.78, 37.81, -17.52, -63.68, -30.23, 81.81, 45.47, tool_torque, 3.147, -2.162, -0.154, joint_torque, 10.97, 0.03, 4.56, 4.19, -2.64, -0.34, -0.13, robot_mode, sine_overlay, 
08/06/2022 15:18:30:509, robot_pos, 1654697784367, 624.95, -73.96, 493.73, 2.5, 0.43, -2.56, circuit_pos, 626.7, -75.57, 484.88, 2.5, 0.42, -2.58, tool_force, -3.26, 1.32, -15.35, actual_rep, 1, curr_step, 44, track_size, 143, robot_vel, 34.73, joints_pos, 10.59, 37.29, -17.56, -64.05, -30.26, 81.6, 45.29, tool_torque, 2.771, -1.985, 0.187, joint_torque, 5.23, -5.88, 0.01, 5.94, -3.54, 0.24, 0.2, robot_mode, sine_overlay, 
08/06/2022 15:18:30:659, robot_pos, 1654697784514, 624.36, -75.38, 495.36, 2.51, 0.43, -2.57, circuit_pos, 626.7, -75.57, 484.88, 2.5, 0.42, -2.58, tool_force, -8.6, -5.57, -16.31, actual_rep, 1, curr_step, 44, track_size, 143, robot_vel, 22.12, joints_pos, 10.45, 37.09, -17.53, -64.11, -30.17, 81.42, 45.1, tool_torque, 2.443, -1.798, 0.264, joint_torque, 1.61, -9.75, -2.86, 7.93, -4.15, 0.14, 0.25, robot_mode, sine_overlay, 
08/06/2022 15:18:30:812, robot_pos, 1654697784664, 626.46, -74.33, 494.47, 2.51, 0.43, -2.57, circuit_pos, 626.7, -75.57, 484.88, 2.5, 0.42, -2.58, tool_force, -10.06, -9.05, -16.39, actual_rep, 1, curr_step, 44, track_size, 143, robot_vel, 19.97, joints_pos, 10.43, 37.42, -17.46, -63.68, -30.04, 81.47, 45.08, tool_torque, 2.282, -1.866, 0.236, joint_torque, 0.27, -12.19, -4.18, 8.76, -4.47, 0.19, 0.19, robot_mode, sine_overlay, 
08/06/2022 15:18:31:003, robot_pos, 1654697784811, 629.84, -72.25, 492.45, 2.51, 0.43, -2.57, circuit_pos, 626.7, -75.57, 484.88, 2.5, 0.42, -2.58, tool_force, -10.14, -10.42, -16.81, actual_rep, 1, curr_step, 44, track_size, 143, robot_vel, 30.74, joints_pos, 10.49, 38.02, -17.43, -63.01, -29.91, 81.67, 45.15, tool_torque, 2.248, -1.844, 0.111, joint_torque, -0.16, -12.8, -4.54, 8.76, -4.62, 0.35, 0.08, robot_mode, sine_overlay, 
08/06/2022 15:18:31:110, robot_pos, 1654697784961, 632.39, -71.06, 491.45, 2.5, 0.43, -2.57, circuit_pos, 626.7, -75.57, 484.88, 2.5, 0.42, -2.58, tool_force, -11.0, -9.36, -15.98, actual_rep, 1, curr_step, 44, track_size, 143, robot_vel, 17.51, joints_pos, 10.51, 38.5, -17.46, -62.39, -29.78, 81.97, 45.16, tool_torque, 2.262, -1.812, 0.114, joint_torque, -0.49, -12.16, -4.51, 8.62, -4.66, 0.25, 0.12, robot_mode, sine_overlay, 
08/06/2022 15:18:31:307, robot_pos, 1654697785108, 632.83, -71.66, 491.99, 2.5, 0.43, -2.57, circuit_pos, 626.7, -75.57, 484.88, 2.5, 0.42, -2.58, tool_force, -9.85, -10.22, -16.6, actual_rep, 1, curr_step, 44, track_size, 143, robot_vel, 8.21, joints_pos, 10.47, 38.59, -17.54, -62.19, -29.75, 82.15, 45.06, tool_torque, 2.19, -1.973, 0.241, joint_torque, -0.11, -12.77, -4.36, 8.81, -4.68, 0.22, 0.25, robot_mode, sine_overlay, 
08/06/2022 15:18:31:418, robot_pos, 1654697785260, 631.15, -74.0, 494.36, 2.5, 0.43, -2.56, circuit_pos, 626.7, -75.57, 484.88, 2.5, 0.42, -2.58, tool_force, -10.16, -9.08, -16.71, actual_rep, 1, curr_step, 44, track_size, 143, robot_vel, 26.91, joints_pos, 10.35, 38.28, -17.63, -62.36, -29.75, 82.21, 44.79, tool_torque, 2.362, -1.777, 0.283, joint_torque, 0.19, -12.02, -4.08, 8.74, -4.55, 0.27, 0.29, robot_mode, sine_overlay, 
08/06/2022 15:18:31:564, robot_pos, 1654697785410, 628.02, -76.76, 497.14, 2.5, 0.43, -2.57, circuit_pos, 626.7, -75.57, 484.88, 2.5, 0.42, -2.58, tool_force, -10.55, -8.64, -17.05, actual_rep, 1, curr_step, 44, track_size, 143, robot_vel, 34.94, joints_pos, 10.22, 37.71, -17.69, -62.86, -29.85, 82.12, 44.57, tool_torque, 2.329, -1.672, 0.279, joint_torque, 0.16, -12.25, -4.05, 8.8, -4.48, 0.29, 0.29, robot_mode, sine_overlay, 
08/06/2022 15:18:31:716, robot_pos, 1654697785557, 625.12, -78.71, 498.83, 2.5, 0.43, -2.57, circuit_pos, 626.7, -75.57, 484.88, 2.5, 0.42, -2.58, tool_force, -10.47, -8.58, -17.47, actual_rep, 1, curr_step, 44, track_size, 143, robot_vel, 21.87, joints_pos, 10.14, 37.17, -17.68, -63.47, -29.96, 81.86, 44.48, tool_torque, 2.35, -1.693, 0.305, joint_torque, 0.4, -11.86, -3.94, 8.85, -4.42, 0.25, 0.29, robot_mode, sine_overlay, 
08/06/2022 15:18:31:868, robot_pos, 1654697785707, 623.82, -78.89, 498.98, 2.5, 0.43, -2.57, circuit_pos, 626.7, -75.57, 484.88, 2.5, 0.42, -2.58, tool_force, -11.0, -8.41, -17.11, actual_rep, 1, curr_step, 44, track_size, 143, robot_vel, 6.25, joints_pos, 10.15, 36.93, -17.64, -63.82, -30.02, 81.67, 44.48, tool_torque, 2.364, -1.59, 0.203, joint_torque, 0.21, -11.83, -4.06, 8.98, -4.42, 0.2, 0.17, robot_mode, sine_overlay, 
08/06/2022 15:18:32:014, robot_pos, 1654697785856, 624.71, -77.24, 497.31, 2.51, 0.43, -2.57, circuit_pos, 626.7, -75.57, 484.88, 2.5, 0.42, -2.58, tool_force, -11.25, -9.23, -17.05, actual_rep, 1, curr_step, 44, track_size, 143, robot_vel, 20.09, joints_pos, 10.25, 37.08, -17.55, -63.81, -30.02, 81.53, 44.68, tool_torque, 2.273, -1.612, 0.027, joint_torque, -0.14, -12.0, -4.28, 8.86, -4.47, 0.25, -0.01, robot_mode, sine_overlay, 
08/06/2022 15:18:32:167, robot_pos, 1654697786005, 627.37, -74.63, 494.64, 2.51, 0.43, -2.57, circuit_pos, 626.7, -75.57, 484.88, 2.5, 0.42, -2.58, tool_force, -10.93, -9.85, -16.15, actual_rep, 1, curr_step, 44, track_size, 143, robot_vel, 32.95, joints_pos, 10.37, 37.56, -17.48, -63.43, -29.95, 81.56, 44.91, tool_torque, 2.287, -1.612, -0.025, joint_torque, -0.48, -11.94, -4.49, 8.65, -4.52, 0.25, -0.05, robot_mode, sine_overlay, 
08/06/2022 15:18:32:316, robot_pos, 1654697786153, 630.66, -72.3, 492.39, 2.51, 0.43, -2.57, circuit_pos, 626.7, -75.57, 484.88, 2.5, 0.42, -2.58, tool_force, -11.25, -10.14, -16.15, actual_rep, 1, curr_step, 44, track_size, 143, robot_vel, 28.98, joints_pos, 10.46, 38.17, -17.46, -62.78, -29.82, 81.77, 45.04, tool_torque, 2.228, -1.708, -0.035, joint_torque, -0.56, -12.53, -4.63, 8.73, -4.61, 0.32, -0.05, robot_mode, sine_overlay, 
08/06/2022 15:18:32:469, robot_pos, 1654697786303, 632.83, -71.33, 491.55, 2.51, 0.43, -2.57, circuit_pos, 626.7, -75.57, 484.88, 2.5, 0.42, -2.58, tool_force, -11.14, -10.17, -16.06, actual_rep, 1, curr_step, 44, track_size, 143, robot_vel, 14.85, joints_pos, 10.47, 38.57, -17.48, -62.26, -29.74, 82.04, 45.06, tool_torque, 2.252, -1.701, 0.017, joint_torque, -0.71, -12.06, -4.6, 8.53, -4.62, 0.28, 0.02, robot_mode, sine_overlay, 
08/06/2022 15:18:32:621, robot_pos, 1654697786452, 632.87, -72.27, 492.4, 2.5, 0.43, -2.57, circuit_pos, 626.7, -75.57, 484.88, 2.5, 0.42, -2.58, tool_force, -9.98, -10.02, -16.49, actual_rep, 1, curr_step, 44, track_size, 143, robot_vel, 9.44, joints_pos, 10.42, 38.59, -17.56, -62.13, -29.72, 82.18, 44.95, tool_torque, 2.296, -1.803, 0.15, joint_torque, -0.21, -12.31, -4.37, 8.59, -4.63, 0.3, 0.16, robot_mode, sine_overlay, 
08/06/2022 15:18:32:770, robot_pos, 1654697786600, 630.91, -74.6, 494.81, 2.5, 0.43, -2.57, circuit_pos, 626.7, -75.57, 484.88, 2.5, 0.42, -2.58, tool_force, -10.6, -8.4, -16.63, actual_rep, 1, curr_step, 44, track_size, 143, robot_vel, 28.15, joints_pos, 10.29, 38.23, -17.63, -62.35, -29.73, 82.24, 44.71, tool_torque, 2.366, -1.684, 0.252, joint_torque, -0.1, -11.88, -4.18, 8.72, -4.56, 0.28, 0.27, robot_mode, sine_overlay, 
