08/06/2022 11:59:46: File Created!
08/06/2022 11:59:46:194, robot_pos, 1654685860794, 613.85, -94.19, 298.77, 2.34, 0.01, 3.1, circuit_pos, 614.3, -90.51, 297.41, 2.34, 0.0, 3.1, tool_force, -0.99, -0.5, -0.16, actual_rep, 1, curr_step, 1, track_size, 72, robot_vel, 40.23, joints_pos, -6.71, 43.34, -3.68, -77.79, 4.87, 57.14, 33.99, tool_torque, -0.09, 0.102, 0.099, joint_torque, 0.25, -13.41, -0.1, 8.15, 0.34, -0.33, 0.07, robot_mode, impedance, 
08/06/2022 11:59:46:295, robot_pos, 1654685860958, 614.31, -94.2, 302.97, 2.34, 0.01, 3.1, circuit_pos, 614.3, -90.51, 297.41, 2.34, 0.0, 3.1, tool_force, 3.63, -3.69, -2.69, actual_rep, 1, curr_step, 1, track_size, 72, robot_vel, 40.23, joints_pos, -6.71, 43.08, -3.69, -77.56, 4.87, 57.63, 33.99, tool_torque, -0.418, -0.386, 0.068, joint_torque, 0.44, -14.93, 0.03, 7.73, 0.33, -0.28, 0.05, robot_mode, impedance, 
08/06/2022 11:59:46:501, robot_pos, 1654685861136, 614.79, -89.44, 301.92, 2.35, 0.0, 3.1, circuit_pos, 615.03, -85.14, 296.67, 2.36, 0.0, 3.09, tool_force, -1.27, -1.93, 0.48, actual_rep, 1, curr_step, 2, track_size, 72, robot_vel, 18.72, joints_pos, -6.53, 43.24, -3.44, -77.45, 5.34, 57.97, 33.67, tool_torque, -0.254, -0.166, 0.117, joint_torque, -0.79, -13.99, -0.68, 8.12, 0.16, -0.45, 0.16, robot_mode, impedance, 
08/06/2022 11:59:46:603, robot_pos, 1654685861257, 615.51, -85.29, 301.06, 2.36, 0.0, 3.09, circuit_pos, 616.23, -78.75, 296.86, 2.37, 0.0, 3.09, tool_force, -0.32, -0.95, -0.55, actual_rep, 1, curr_step, 3, track_size, 72, robot_vel, 32.97, joints_pos, -6.29, 43.26, -3.3, -77.55, 5.59, 57.68, 33.24, tool_torque, -0.116, 0.103, 0.165, joint_torque, -0.28, -13.72, -0.35, 8.08, 0.27, -0.25, 0.17, robot_mode, impedance, 
08/06/2022 11:59:46:805, robot_pos, 1654685861409, 616.26, -79.61, 301.29, 2.37, 0.0, 3.09, circuit_pos, 617.78, -71.85, 297.69, 2.37, -0.01, 3.09, tool_force, -0.91, -1.89, -0.47, actual_rep, 1, curr_step, 4, track_size, 72, robot_vel, 39.67, joints_pos, -5.82, 43.23, -3.22, -77.56, 5.56, 57.64, 33.24, tool_torque, -0.368, 0.173, 0.061, joint_torque, -0.31, -13.62, -0.18, 8.19, 0.46, -0.36, 0.05, robot_mode, impedance, 
08/06/2022 11:59:46:907, robot_pos, 1654685861559, 617.28, -73.82, 301.82, 2.37, -0.01, 3.09, circuit_pos, 619.15, -64.3, 298.91, 2.37, -0.01, 3.09, tool_force, -1.48, -1.96, 0.44, actual_rep, 1, curr_step, 5, track_size, 72, robot_vel, 37.91, joints_pos, -5.35, 43.3, -3.19, -77.34, 5.8, 58.05, 33.59, tool_torque, -0.58, 0.133, -0.164, joint_torque, -0.69, -13.13, -0.36, 8.04, 0.33, -0.54, -0.15, robot_mode, impedance, 
08/06/2022 11:59:47:094, robot_pos, 1654685861710, 618.52, -68.02, 302.49, 2.37, -0.01, 3.09, circuit_pos, 620.04, -56.04, 300.07, 2.37, -0.01, 3.09, tool_force, 0.07, -2.73, -0.26, actual_rep, 1, curr_step, 6, track_size, 72, robot_vel, 40.42, joints_pos, -4.81, 43.33, -3.19, -77.17, 5.83, 58.26, 34.09, tool_torque, -0.604, 0.154, -0.178, joint_torque, -0.47, -13.76, -0.19, 7.88, 0.39, -0.34, -0.16, robot_mode, impedance, 
08/06/2022 11:59:47:205, robot_pos, 1654685861860, 619.34, -62.24, 303.27, 2.37, -0.01, 3.09, circuit_pos, 620.04, -56.04, 300.07, 2.37, -0.01, 3.09, tool_force, -0.66, -2.48, 0.14, actual_rep, 1, curr_step, 6, track_size, 72, robot_vel, 37.46, joints_pos, -4.28, 43.3, -3.19, -77.1, 5.85, 58.35, 34.6, tool_torque, -0.63, 0.244, -0.205, joint_torque, -0.62, -13.35, -0.19, 7.83, 0.39, -0.34, -0.18, robot_mode, impedance, 
08/06/2022 11:59:47:383, robot_pos, 1654685862009, 619.9, -56.48, 303.89, 2.37, -0.01, 3.09, circuit_pos, 620.58, -46.71, 300.66, 2.36, -0.01, 3.09, tool_force, -0.83, -2.16, 0.25, actual_rep, 1, curr_step, 7, track_size, 72, robot_vel, 39.28, joints_pos, -3.74, 43.26, -3.2, -77.08, 5.85, 58.41, 35.28, tool_torque, -0.671, 0.265, -0.225, joint_torque, -0.63, -13.41, -0.15, 7.93, 0.39, -0.38, -0.19, robot_mode, impedance, 
08/06/2022 11:59:47:530, robot_pos, 1654685862160, 620.41, -50.61, 304.46, 2.36, -0.01, 3.09, circuit_pos, 621.1, -36.42, 300.61, 2.35, -0.02, 3.09, tool_force, -0.38, -2.06, 0.06, actual_rep, 1, curr_step, 8, track_size, 72, robot_vel, 44.69, joints_pos, -3.2, 43.2, -3.21, -77.08, 5.85, 58.43, 36.07, tool_torque, -0.686, 0.272, -0.231, joint_torque, -0.62, -13.44, -0.08, 7.9, 0.39, -0.37, -0.18, robot_mode, impedance, 
08/06/2022 11:59:47:685, robot_pos, 1654685862310, 620.63, -44.76, 304.6, 2.36, -0.01, 3.09, circuit_pos, 621.1, -36.42, 300.61, 2.35, -0.02, 3.09, tool_force, -0.8, -2.01, 0.54, actual_rep, 1, curr_step, 8, track_size, 72, robot_vel, 43.1, joints_pos, -2.68, 43.2, -3.2, -77.07, 5.95, 58.56, 36.84, tool_torque, -0.564, 0.244, -0.174, joint_torque, -0.41, -13.01, -0.07, 7.82, 0.43, -0.4, -0.16, robot_mode, impedance, 
08/06/2022 11:59:47:834, robot_pos, 1654685862458, 620.99, -39.05, 304.72, 2.35, -0.02, 3.09, circuit_pos, 621.3, -26.89, 300.2, 2.34, -0.02, 3.09, tool_force, -0.43, -2.02, 0.08, actual_rep, 1, curr_step, 9, track_size, 72, robot_vel, 34.4, joints_pos, -2.19, 43.22, -3.2, -77.01, 6.1, 58.74, 37.61, tool_torque, -0.613, 0.148, -0.159, joint_torque, -0.42, -13.42, -0.08, 7.92, 0.42, -0.42, -0.13, robot_mode, impedance, 
08/06/2022 11:59:47:986, robot_pos, 1654685862608, 621.31, -33.25, 304.58, 2.35, -0.02, 3.09, circuit_pos, 621.3, -26.89, 300.2, 2.34, -0.02, 3.09, tool_force, -0.51, -1.96, 0.15, actual_rep, 1, curr_step, 9, track_size, 72, robot_vel, 42.4, joints_pos, -1.65, 43.23, -3.2, -77.01, 6.12, 58.75, 38.47, tool_torque, -0.609, 0.287, -0.157, joint_torque, -0.57, -13.37, -0.11, 7.93, 0.44, -0.36, -0.13, robot_mode, impedance, 
08/06/2022 11:59:48:139, robot_pos, 1654685862760, 621.49, -27.45, 304.45, 2.34, -0.02, 3.09, circuit_pos, 621.41, -16.2, 299.67, 2.34, -0.02, 3.09, tool_force, -0.77, -1.74, 0.03, actual_rep, 1, curr_step, 10, track_size, 72, robot_vel, 38.97, joints_pos, -1.11, 43.24, -3.2, -77.03, 6.14, 58.75, 39.23, tool_torque, -0.52, 0.361, -0.137, joint_torque, -0.49, -13.39, -0.06, 8.01, 0.45, -0.31, -0.1, robot_mode, impedance, 
08/06/2022 11:59:48:284, robot_pos, 1654685862911, 621.65, -21.6, 304.21, 2.34, -0.02, 3.09, circuit_pos, 621.41, -16.2, 299.67, 2.34, -0.02, 3.09, tool_force, -0.8, -1.46, -0.19, actual_rep, 1, curr_step, 10, track_size, 72, robot_vel, 39.2, joints_pos, -0.59, 43.24, -3.2, -77.06, 6.14, 58.69, 39.84, tool_torque, -0.477, 0.472, -0.146, joint_torque, -0.58, -13.42, -0.12, 8.04, 0.44, -0.23, -0.11, robot_mode, impedance, 
08/06/2022 11:59:48:437, robot_pos, 1654685863059, 621.76, -15.87, 304.02, 2.34, -0.02, 3.09, circuit_pos, 621.4, -3.17, 299.31, 2.33, -0.02, 3.09, tool_force, -1.19, -1.44, -0.11, actual_rep, 1, curr_step, 11, track_size, 72, robot_vel, 38.97, joints_pos, -0.04, 43.24, -3.2, -77.09, 6.14, 58.65, 40.52, tool_torque, -0.432, 0.503, -0.14, joint_torque, -0.55, -13.33, -0.09, 8.03, 0.45, -0.21, -0.11, robot_mode, impedance, 
08/06/2022 11:59:48:607, robot_pos, 1654685863208, 621.81, -10.11, 303.84, 2.34, -0.02, 3.09, circuit_pos, 621.4, -3.17, 299.31, 2.33, -0.02, 3.09, tool_force, -1.31, -1.35, -0.09, actual_rep, 1, curr_step, 11, track_size, 72, robot_vel, 38.19, joints_pos, 0.48, 43.24, -3.2, -77.12, 6.14, 58.6, 41.25, tool_torque, -0.474, 0.548, -0.147, joint_torque, -0.83, -13.37, -0.24, 8.13, 0.44, -0.25, -0.1, robot_mode, impedance, 
08/06/2022 11:59:48:736, robot_pos, 1654685863380, 621.83, -3.47, 303.72, 2.33, -0.02, 3.09, circuit_pos, 621.31, 7.17, 299.27, 2.33, -0.02, 3.09, tool_force, -1.03, -1.01, -0.1, actual_rep, 1, curr_step, 12, track_size, 72, robot_vel, 39.64, joints_pos, 1.11, 43.23, -3.2, -77.16, 6.13, 58.52, 42.05, tool_torque, -0.421, 0.554, -0.136, joint_torque, -0.5, -13.38, -0.03, 8.09, 0.48, -0.2, -0.09, robot_mode, impedance, 
08/06/2022 11:59:48:940, robot_pos, 1654685863528, 621.78, 2.34, 303.65, 2.33, -0.02, 3.09, circuit_pos, 621.31, 7.17, 299.27, 2.33, -0.02, 3.09, tool_force, -1.51, -1.36, -0.28, actual_rep, 1, curr_step, 12, track_size, 72, robot_vel, 38.68, joints_pos, 1.63, 43.22, -3.2, -77.18, 6.11, 58.48, 42.63, tool_torque, -0.434, 0.556, -0.124, joint_torque, -0.49, -13.37, -0.03, 8.14, 0.52, -0.23, -0.1, robot_mode, impedance, 
08/06/2022 11:59:49:057, robot_pos, 1654685863695, 621.75, 8.88, 303.69, 2.33, -0.02, 3.09, circuit_pos, 621.22, 18.66, 299.53, 2.33, -0.02, 3.09, tool_force, -1.26, -1.31, -0.27, actual_rep, 1, curr_step, 13, track_size, 72, robot_vel, 41.39, joints_pos, 2.26, 43.21, -3.2, -77.19, 6.1, 58.44, 43.29, tool_torque, -0.45, 0.565, -0.139, joint_torque, -0.63, -13.47, -0.13, 8.15, 0.49, -0.23, -0.11, robot_mode, impedance, 
08/06/2022 11:59:49:259, robot_pos, 1654685863846, 621.69, 14.68, 303.75, 2.33, -0.02, 3.09, circuit_pos, 621.3, 29.46, 300.25, 2.32, -0.02, 3.09, tool_force, -1.08, -1.11, -0.22, actual_rep, 1, curr_step, 14, track_size, 72, robot_vel, 37.97, joints_pos, 2.78, 43.21, -3.2, -77.19, 6.09, 58.42, 43.83, tool_torque, -0.426, 0.56, -0.128, joint_torque, -0.48, -13.38, -0.02, 8.11, 0.52, -0.23, -0.1, robot_mode, impedance, 
08/06/2022 11:59:49:360, robot_pos, 1654685864008, 621.64, 20.93, 304.04, 2.33, -0.02, 3.09, circuit_pos, 621.3, 29.46, 300.25, 2.32, -0.02, 3.09, tool_force, -0.85, -1.28, -0.23, actual_rep, 1, curr_step, 14, track_size, 72, robot_vel, 38.34, joints_pos, 3.36, 43.19, -3.2, -77.18, 6.07, 58.4, 44.65, tool_torque, -0.486, 0.552, -0.143, joint_torque, -0.54, -13.48, -0.06, 8.07, 0.52, -0.24, -0.11, robot_mode, impedance, 
08/06/2022 11:59:49:555, robot_pos, 1654685864159, 621.87, 26.67, 304.85, 2.32, -0.02, 3.09, circuit_pos, 621.5, 39.55, 301.39, 2.31, -0.02, 3.09, tool_force, -1.18, -1.25, 0.36, actual_rep, 1, curr_step, 15, track_size, 72, robot_vel, 38.76, joints_pos, 3.88, 43.15, -3.2, -77.1, 6.06, 58.4, 45.39, tool_torque, -0.632, 0.51, -0.161, joint_torque, -0.58, -13.53, -0.05, 8.73, 0.56, -0.59, -0.12, robot_mode, impedance, 
08/06/2022 11:59:49:982, robot_pos, 1654685864528, 622.99, 39.94, 308.43, 2.31, -0.02, 3.08, circuit_pos, 621.5, 39.55, 301.39, 2.31, -0.02, 3.09, tool_force, -0.48, -2.07, 0.37, actual_rep, 1, curr_step, 15, track_size, 72, robot_vel, 35.37, joints_pos, 5.05, 43.07, -3.19, -76.67, 6.21, 58.74, 47.23, tool_torque, -0.428, 0.223, -0.135, joint_torque, -0.51, -13.25, -0.25, 7.83, 0.27, -0.37, -0.11, robot_mode, impedance, 
08/06/2022 11:59:50:180, robot_pos, 1654685864653, 622.97, 39.97, 308.49, 2.31, -0.02, 3.09, circuit_pos, 621.5, 39.55, 301.39, 2.31, -0.02, 3.09, tool_force, -0.34, -1.63, 0.1, actual_rep, 1, curr_step, 15, track_size, 72, robot_vel, 10.29, joints_pos, 5.15, 43.07, -3.34, -76.66, 6.2, 58.76, 47.25, tool_torque, -0.734, 0.519, -0.156, joint_torque, -0.73, -13.52, 0.12, 8.05, 0.49, -0.43, -0.04, robot_mode, impedance, 
08/06/2022 11:59:50:284, robot_pos, 1654685864828, 623.0, 39.95, 308.48, 2.31, -0.02, 3.08, circuit_pos, 621.5, 39.55, 301.39, 2.31, -0.02, 3.09, tool_force, 0.07, -1.44, 0.12, actual_rep, 1, curr_step, 15, track_size, 72, robot_vel, 0.48, joints_pos, 5.13, 43.08, -3.31, -76.65, 6.21, 58.77, 47.25, tool_torque, -0.513, 0.239, -0.039, joint_torque, -0.32, -13.54, -0.03, 8.03, 0.44, -0.43, 0.0, robot_mode, impedance, 
08/06/2022 11:59:50:484, robot_pos, 1654685864978, 623.01, 39.94, 308.49, 2.31, -0.02, 3.08, circuit_pos, 621.5, 39.55, 301.39, 2.31, -0.02, 3.09, tool_force, 0.2, -1.29, 0.19, actual_rep, 1, curr_step, 15, track_size, 72, robot_vel, 0.12, joints_pos, 5.13, 43.08, -3.31, -76.65, 6.23, 58.77, 47.25, tool_torque, -0.48, 0.218, -0.016, joint_torque, -0.24, -13.47, 0.0, 8.0, 0.45, -0.42, 0.02, robot_mode, impedance, 
08/06/2022 11:59:50:669, robot_pos, 1654685865141, 623.02, 39.94, 308.49, 2.31, -0.02, 3.08, circuit_pos, 621.5, 39.55, 301.39, 2.31, -0.02, 3.09, tool_force, 0.11, -1.31, 0.19, actual_rep, 1, curr_step, 15, track_size, 72, robot_vel, 0.06, joints_pos, 5.13, 43.08, -3.31, -76.65, 6.23, 58.77, 47.24, tool_torque, -0.493, 0.237, -0.02, joint_torque, -0.28, -13.46, 0.0, 8.0, 0.45, -0.42, 0.02, robot_mode, impedance, 
08/06/2022 11:59:50:788, robot_pos, 1654685865308, 623.02, 39.95, 308.49, 2.31, -0.02, 3.08, circuit_pos, 621.5, 39.55, 301.39, 2.31, -0.02, 3.09, tool_force, 0.08, -1.3, 0.2, actual_rep, 1, curr_step, 15, track_size, 72, robot_vel, 0.03, joints_pos, 5.13, 43.08, -3.31, -76.64, 6.23, 58.77, 47.24, tool_torque, -0.492, 0.244, -0.02, joint_torque, -0.28, -13.46, 0.01, 8.0, 0.45, -0.42, 0.02, robot_mode, impedance, 
08/06/2022 11:59:50:990, robot_pos, 1654685865458, 623.03, 39.95, 308.49, 2.31, -0.02, 3.08, circuit_pos, 621.5, 39.55, 301.39, 2.31, -0.02, 3.09, tool_force, 0.09, -1.32, 0.21, actual_rep, 1, curr_step, 15, track_size, 72, robot_vel, 0.03, joints_pos, 5.13, 43.08, -3.31, -76.64, 6.23, 58.78, 47.24, tool_torque, -0.5, 0.249, -0.022, joint_torque, -0.3, -13.46, 0.0, 8.0, 0.45, -0.42, 0.02, robot_mode, impedance, 
08/06/2022 11:59:51:092, robot_pos, 1654685865607, 623.03, 39.95, 308.49, 2.31, -0.02, 3.08, circuit_pos, 621.5, 39.55, 301.39, 2.31, -0.02, 3.09, tool_force, 0.11, -1.35, 0.16, actual_rep, 1, curr_step, 15, track_size, 72, robot_vel, 0.02, joints_pos, 5.13, 43.08, -3.31, -76.64, 6.23, 58.78, 47.24, tool_torque, -0.505, 0.249, -0.022, joint_torque, -0.3, -13.48, 0.01, 8.0, 0.46, -0.42, 0.02, robot_mode, impedance, 
08/06/2022 11:59:51:295, robot_pos, 1654685865757, 623.03, 39.95, 308.49, 2.31, -0.02, 3.08, circuit_pos, 621.5, 39.55, 301.39, 2.31, -0.02, 3.09, tool_force, 0.1, -1.32, 0.19, actual_rep, 1, curr_step, 15, track_size, 72, robot_vel, 0.02, joints_pos, 5.13, 43.08, -3.31, -76.64, 6.23, 58.78, 47.24, tool_torque, -0.498, 0.248, -0.021, joint_torque, -0.29, -13.46, 0.01, 8.0, 0.46, -0.42, 0.02, robot_mode, impedance, 
08/06/2022 11:59:51:400, robot_pos, 1654685865907, 623.04, 39.95, 308.49, 2.31, -0.02, 3.08, circuit_pos, 621.5, 39.55, 301.39, 2.31, -0.02, 3.09, tool_force, 0.08, -1.32, 0.18, actual_rep, 1, curr_step, 15, track_size, 72, robot_vel, 0.01, joints_pos, 5.13, 43.08, -3.31, -76.64, 6.23, 58.78, 47.24, tool_torque, -0.499, 0.253, -0.022, joint_torque, -0.3, -13.46, 0.0, 8.0, 0.46, -0.42, 0.02, robot_mode, impedance, 
08/06/2022 11:59:51:601, robot_pos, 1654685866062, 623.04, 39.95, 308.49, 2.31, -0.02, 3.08, circuit_pos, 621.5, 39.55, 301.39, 2.31, -0.02, 3.09, tool_force, 0.09, -1.35, 0.17, actual_rep, 1, curr_step, 15, track_size, 72, robot_vel, 0.02, joints_pos, 5.13, 43.08, -3.31, -76.64, 6.23, 58.78, 47.24, tool_torque, -0.503, 0.254, -0.023, joint_torque, -0.32, -13.48, 0.0, 8.01, 0.46, -0.42, 0.02, robot_mode, impedance, 
08/06/2022 11:59:51:703, robot_pos, 1654685866206, 623.04, 39.95, 308.49, 2.31, -0.02, 3.08, circuit_pos, 621.5, 39.55, 301.39, 2.31, -0.02, 3.09, tool_force, 0.09, -1.35, 0.18, actual_rep, 1, curr_step, 15, track_size, 72, robot_vel, 0.01, joints_pos, 5.13, 43.08, -3.31, -76.64, 6.23, 58.78, 47.24, tool_torque, -0.502, 0.253, -0.022, joint_torque, -0.3, -13.48, 0.01, 8.01, 0.46, -0.42, 0.02, robot_mode, impedance, 
08/06/2022 11:59:51:905, robot_pos, 1654685866356, 623.04, 39.95, 308.49, 2.31, -0.02, 3.08, circuit_pos, 621.5, 39.55, 301.39, 2.31, -0.02, 3.09, tool_force, 0.08, -1.34, 0.19, actual_rep, 1, curr_step, 15, track_size, 72, robot_vel, 0.01, joints_pos, 5.13, 43.08, -3.31, -76.64, 6.23, 58.78, 47.24, tool_torque, -0.501, 0.254, -0.022, joint_torque, -0.31, -13.47, 0.0, 8.01, 0.46, -0.42, 0.02, robot_mode, impedance, 
08/06/2022 11:59:52:025, robot_pos, 1654685866504, 623.04, 39.95, 308.49, 2.31, -0.02, 3.08, circuit_pos, 621.5, 39.55, 301.39, 2.31, -0.02, 3.09, tool_force, 0.07, -1.32, 0.2, actual_rep, 1, curr_step, 15, track_size, 72, robot_vel, 0.02, joints_pos, 5.13, 43.08, -3.31, -76.64, 6.23, 58.78, 47.24, tool_torque, -0.5, 0.257, -0.022, joint_torque, -0.31, -13.45, 0.01, 8.0, 0.46, -0.42, 0.02, robot_mode, impedance, 
08/06/2022 11:59:52:209, robot_pos, 1654685866657, 623.04, 39.95, 308.49, 2.31, -0.02, 3.08, circuit_pos, 621.5, 39.55, 301.39, 2.31, -0.02, 3.09, tool_force, 0.1, -1.32, 0.16, actual_rep, 1, curr_step, 15, track_size, 72, robot_vel, 0.01, joints_pos, 5.13, 43.08, -3.31, -76.64, 6.23, 58.78, 47.24, tool_torque, -0.501, 0.253, -0.021, joint_torque, -0.3, -13.47, 0.01, 8.0, 0.46, -0.42, 0.02, robot_mode, impedance, 
08/06/2022 11:59:52:316, robot_pos, 1654685866804, 623.04, 39.96, 308.49, 2.31, -0.02, 3.08, circuit_pos, 621.5, 39.55, 301.39, 2.31, -0.02, 3.09, tool_force, 0.09, -1.33, 0.16, actual_rep, 1, curr_step, 15, track_size, 72, robot_vel, 0.01, joints_pos, 5.13, 43.08, -3.31, -76.64, 6.23, 58.78, 47.24, tool_torque, -0.502, 0.254, -0.021, joint_torque, -0.3, -13.47, 0.01, 8.01, 0.46, -0.42, 0.02, robot_mode, impedance, 
08/06/2022 11:59:52:515, robot_pos, 1654685866954, 623.04, 39.96, 308.49, 2.31, -0.02, 3.08, circuit_pos, 621.5, 39.55, 301.39, 2.31, -0.02, 3.09, tool_force, 0.09, -1.33, 0.18, actual_rep, 1, curr_step, 15, track_size, 72, robot_vel, 0.0, joints_pos, 5.13, 43.08, -3.31, -76.64, 6.23, 58.78, 47.24, tool_torque, -0.502, 0.256, -0.022, joint_torque, -0.31, -13.47, 0.0, 8.01, 0.46, -0.42, 0.02, robot_mode, impedance, 
08/06/2022 11:59:52:618, robot_pos, 1654685867104, 622.99, 40.42, 308.15, 2.31, -0.02, 3.08, circuit_pos, 621.5, 39.55, 301.39, 2.31, -0.02, 3.09, tool_force, 0.35, 0.86, 2.34, actual_rep, 1, curr_step, 15, track_size, 72, robot_vel, 6.1, joints_pos, 5.15, 43.12, -3.28, -76.64, 6.24, 58.78, 47.25, tool_torque, -0.21, 0.357, -0.06, joint_torque, 0.78, -11.82, 0.81, 7.53, 0.5, -0.33, -0.01, robot_mode, impedance, 
08/06/2022 11:59:52:817, robot_pos, 1654685867256, 624.07, 41.02, 307.36, 2.31, -0.03, 3.09, circuit_pos, 621.5, 39.55, 301.39, 2.31, -0.02, 3.09, tool_force, -3.18, 4.2, 5.53, actual_rep, 1, curr_step, 15, track_size, 72, robot_vel, 10.6, joints_pos, 5.17, 43.38, -3.26, -76.29, 6.23, 59.08, 47.28, tool_torque, 0.273, 0.959, -0.146, joint_torque, 0.56, -9.92, 0.88, 7.58, 0.49, -0.2, -0.07, robot_mode, impedance, 
08/06/2022 11:59:52:916, robot_pos, 1654685867403, 626.69, 41.42, 306.76, 2.31, -0.03, 3.09, circuit_pos, 621.5, 39.55, 301.39, 2.31, -0.02, 3.09, tool_force, -4.0, 5.62, 7.19, actual_rep, 1, curr_step, 15, track_size, 72, robot_vel, 19.19, joints_pos, 5.17, 43.84, -3.24, -75.55, 6.19, 59.62, 47.35, tool_torque, 0.529, 1.197, -0.156, joint_torque, 0.87, -8.1, 1.12, 7.05, 0.55, -0.1, -0.09, robot_mode, impedance, 
08/06/2022 11:59:53:110, robot_pos, 1654685867551, 629.31, 41.7, 306.25, 2.31, -0.03, 3.09, circuit_pos, 621.5, 39.55, 301.39, 2.31, -0.02, 3.09, tool_force, -4.17, 5.86, 7.93, actual_rep, 1, curr_step, 15, track_size, 72, robot_vel, 17.15, joints_pos, 5.16, 44.28, -3.23, -74.85, 6.17, 60.12, 47.4, tool_torque, 0.655, 1.281, -0.128, joint_torque, 0.86, -7.35, 1.08, 6.47, 0.57, 0.1, -0.08, robot_mode, impedance, 
08/06/2022 11:59:53:219, robot_pos, 1654685867700, 630.97, 41.73, 306.04, 2.31, -0.03, 3.1, circuit_pos, 621.5, 39.55, 301.39, 2.31, -0.02, 3.09, tool_force, -4.58, 6.03, 8.27, actual_rep, 1, curr_step, 15, track_size, 72, robot_vel, 13.53, joints_pos, 5.14, 44.54, -3.23, -74.41, 6.17, 60.41, 47.42, tool_torque, 0.754, 1.361, -0.106, joint_torque, 0.74, -7.14, 0.95, 6.4, 0.57, 0.19, -0.07, robot_mode, impedance, 
08/06/2022 11:59:53:544, robot_pos, 1654685868001, 632.53, 42.25, 306.03, 2.31, -0.03, 3.1, circuit_pos, 621.5, 39.55, 301.39, 2.31, -0.02, 3.09, tool_force, -4.82, 7.86, 8.36, actual_rep, 1, curr_step, 15, track_size, 72, robot_vel, 5.58, joints_pos, 5.17, 44.78, -3.21, -73.99, 6.1, 60.7, 47.5, tool_torque, 1.012, 1.419, -0.164, joint_torque, 1.38, -7.18, 1.45, 6.82, 0.49, 0.21, -0.09, robot_mode, impedance, 
08/06/2022 11:59:53:849, robot_pos, 1654685868312, 633.07, 44.73, 306.23, 2.31, -0.03, 3.1, circuit_pos, 621.5, 39.55, 301.39, 2.31, -0.02, 3.09, tool_force, -2.4, 9.53, 7.81, actual_rep, 1, curr_step, 15, track_size, 72, robot_vel, 9.11, joints_pos, 5.35, 44.87, -3.07, -73.78, 5.69, 60.88, 47.97, tool_torque, 1.349, 1.021, -0.198, joint_torque, 3.16, -7.55, 2.49, 6.96, 0.28, 0.24, -0.1, robot_mode, impedance, 
08/06/2022 11:59:53:951, robot_pos, 1654685868460, 633.01, 45.44, 306.25, 2.31, -0.03, 3.1, circuit_pos, 621.5, 39.55, 301.39, 2.31, -0.02, 3.09, tool_force, -2.76, 10.06, 7.97, actual_rep, 1, curr_step, 15, track_size, 72, robot_vel, 3.81, joints_pos, 5.42, 44.87, -3.06, -73.77, 5.6, 60.89, 48.1, tool_torque, 1.514, 1.092, -0.197, joint_torque, 3.3, -7.2, 2.63, 6.93, 0.25, 0.31, -0.08, robot_mode, impedance, 
08/06/2022 11:59:54:156, robot_pos, 1654685868609, 633.17, 46.26, 306.26, 2.31, -0.03, 3.1, circuit_pos, 621.5, 39.55, 301.39, 2.31, -0.02, 3.09, tool_force, -2.26, 11.53, 8.4, actual_rep, 1, curr_step, 15, track_size, 72, robot_vel, 6.56, joints_pos, 5.49, 44.92, -3.03, -73.69, 5.5, 60.97, 48.23, tool_torque, 1.768, 0.941, -0.195, joint_torque, 4.23, -7.02, 3.13, 7.03, 0.16, 0.31, -0.08, robot_mode, impedance, 
08/06/2022 11:59:54:254, robot_pos, 1654685868760, 633.54, 47.3, 306.17, 2.31, -0.03, 3.11, circuit_pos, 621.5, 39.55, 301.39, 2.31, -0.02, 3.09, tool_force, -1.97, 12.12, 8.7, actual_rep, 1, curr_step, 15, track_size, 72, robot_vel, 7.2, joints_pos, 5.59, 45.0, -3.02, -73.54, 5.35, 61.1, 48.42, tool_torque, 1.86, 0.952, -0.201, joint_torque, 4.47, -6.66, 3.3, 6.95, 0.14, 0.33, -0.08, robot_mode, impedance, 
08/06/2022 11:59:54:460, robot_pos, 1654685868909, 634.02, 48.02, 306.09, 2.31, -0.03, 3.11, circuit_pos, 621.5, 39.55, 301.39, 2.31, -0.02, 3.09, tool_force, -0.76, 12.42, 8.69, actual_rep, 1, curr_step, 15, track_size, 72, robot_vel, 5.58, joints_pos, 5.66, 45.09, -3.02, -73.41, 5.3, 61.18, 48.52, tool_torque, 1.945, 0.788, -0.211, joint_torque, 5.19, -6.71, 3.72, 6.81, 0.08, 0.36, -0.08, robot_mode, impedance, 
08/06/2022 11:59:54:557, robot_pos, 1654685869057, 633.91, 49.63, 306.48, 2.31, -0.03, 3.11, circuit_pos, 621.5, 39.55, 301.39, 2.31, -0.02, 3.09, tool_force, 3.66, 11.37, 6.48, actual_rep, 1, curr_step, 15, track_size, 72, robot_vel, 9.74, joints_pos, 5.83, 45.05, -3.0, -73.41, 5.12, 61.17, 48.75, tool_torque, 1.884, 0.137, -0.204, joint_torque, 6.94, -8.68, 4.52, 7.02, 0.03, 0.39, -0.1, robot_mode, impedance, 
08/06/2022 11:59:54:762, robot_pos, 1654685869206, 632.11, 50.32, 306.77, 2.31, -0.02, 3.11, circuit_pos, 621.5, 39.55, 301.39, 2.31, -0.02, 3.09, tool_force, 4.81, 6.26, 6.03, actual_rep, 1, curr_step, 15, track_size, 72, robot_vel, 14.33, joints_pos, 6.0, 44.73, -3.11, -73.95, 5.06, 60.76, 48.91, tool_torque, 1.185, 0.164, -0.174, joint_torque, 5.29, -9.22, 3.71, 6.1, 0.17, 0.46, -0.06, robot_mode, impedance, 
08/06/2022 11:59:54:860, robot_pos, 1654685869353, 627.99, 49.15, 306.61, 2.31, -0.02, 3.1, circuit_pos, 621.5, 39.55, 301.39, 2.31, -0.02, 3.09, tool_force, 8.75, -0.11, 5.37, actual_rep, 1, curr_step, 15, track_size, 72, robot_vel, 30.61, joints_pos, 5.99, 44.08, -3.24, -75.15, 5.39, 59.82, 48.74, tool_torque, 0.221, -0.397, 0.106, joint_torque, 4.48, -11.02, 3.13, 5.11, 0.4, 0.31, 0.2, robot_mode, impedance, 
08/06/2022 11:59:55:067, robot_pos, 1654685869506, 621.76, 47.69, 305.96, 2.31, -0.02, 3.09, circuit_pos, 621.5, 39.55, 301.39, 2.31, -0.02, 3.09, tool_force, 9.44, -2.72, 8.59, actual_rep, 1, curr_step, 15, track_size, 72, robot_vel, 41.85, joints_pos, 5.98, 43.21, -3.36, -76.83, 5.72, 58.65, 48.45, tool_torque, -0.154, -0.311, 0.23, joint_torque, 3.76, -8.59, 2.78, 3.17, 0.65, 0.37, 0.28, robot_mode, impedance, 
08/06/2022 11:59:55:164, robot_pos, 1654685869653, 617.48, 46.64, 305.65, 2.31, -0.02, 3.09, circuit_pos, 621.5, 39.55, 301.39, 2.31, -0.02, 3.09, tool_force, 9.92, -2.85, 8.21, actual_rep, 1, curr_step, 15, track_size, 72, robot_vel, 26.37, joints_pos, 5.97, 42.61, -3.44, -77.95, 5.88, 57.85, 48.22, tool_torque, -0.258, -0.574, 0.215, joint_torque, 3.93, -8.28, 2.86, 2.96, 0.55, 0.26, 0.27, robot_mode, impedance, 
08/06/2022 11:59:55:365, robot_pos, 1654685869803, 615.38, 46.38, 305.83, 2.31, -0.01, 3.09, circuit_pos, 621.5, 39.55, 301.39, 2.31, -0.02, 3.09, tool_force, 10.01, -3.27, 8.06, actual_rep, 1, curr_step, 15, track_size, 72, robot_vel, 12.81, joints_pos, 5.98, 42.29, -3.45, -78.5, 5.86, 57.42, 48.19, tool_torque, -0.317, -0.786, 0.168, joint_torque, 3.76, -8.6, 2.72, 3.13, 0.36, 0.1, 0.25, robot_mode, impedance, 
08/06/2022 11:59:55:463, robot_pos, 1654685869950, 615.14, 45.77, 305.43, 2.31, -0.01, 3.09, circuit_pos, 621.5, 39.55, 301.39, 2.31, -0.02, 3.09, tool_force, 4.7, -0.4, 11.6, actual_rep, 1, curr_step, 15, track_size, 72, robot_vel, 5.63, joints_pos, 5.95, 42.3, -3.47, -78.55, 5.82, 57.37, 48.17, tool_torque, 0.078, -0.014, 0.162, joint_torque, 2.34, -5.71, 1.93, 3.07, 0.39, 0.11, 0.25, robot_mode, impedance, 
08/06/2022 11:59:55:663, robot_pos, 1654685870102, 618.19, 43.95, 304.82, 2.31, -0.02, 3.09, circuit_pos, 621.5, 39.55, 301.39, 2.31, -0.02, 3.09, tool_force, -0.22, 3.34, 13.79, actual_rep, 1, curr_step, 15, track_size, 72, robot_vel, 27.71, joints_pos, 5.71, 42.82, -3.47, -77.71, 5.96, 58.09, 47.93, tool_torque, 0.677, 0.856, 0.213, joint_torque, 1.64, -4.08, 1.53, 3.63, 0.58, 0.34, 0.27, robot_mode, impedance, 
08/06/2022 11:59:55:817, robot_pos, 1654685870252, 623.55, 44.71, 305.28, 2.31, -0.03, 3.09, circuit_pos, 621.78, 57.42, 303.83, 2.3, -0.01, 3.09, tool_force, 0.0, 4.02, 11.89, actual_rep, 1, curr_step, 17, track_size, 72, robot_vel, 41.15, joints_pos, 5.59, 43.55, -3.31, -76.31, 6.11, 59.04, 47.89, tool_torque, 0.583, 0.708, 0.152, joint_torque, 2.71, -5.56, 2.11, 4.46, 0.76, 0.18, 0.13, robot_mode, impedance, 
08/06/2022 11:59:55:967, robot_pos, 1654685870401, 625.76, 51.5, 306.69, 2.31, -0.02, 3.09, circuit_pos, 621.78, 57.42, 303.83, 2.3, -0.01, 3.09, tool_force, 6.67, -1.12, 6.44, actual_rep, 1, curr_step, 17, track_size, 72, robot_vel, 49.22, joints_pos, 6.09, 43.72, -3.12, -75.77, 5.83, 59.2, 48.76, tool_torque, -0.245, -0.578, -0.12, joint_torque, 3.09, -10.23, 1.94, 5.0, 0.23, -0.29, -0.09, robot_mode, impedance, 
08/06/2022 11:59:56:086, robot_pos, 1654685870548, 622.9, 58.85, 308.41, 2.3, -0.01, 3.09, circuit_pos, 621.7, 64.77, 304.79, 2.29, -0.01, 3.09, tool_force, 10.11, -6.98, 4.04, actual_rep, 1, curr_step, 18, track_size, 72, robot_vel, 51.48, joints_pos, 6.93, 43.12, -3.17, -76.58, 5.29, 58.33, 50.04, tool_torque, -1.125, -1.11, -0.138, joint_torque, 2.98, -11.95, 1.9, 4.53, 0.34, -0.45, -0.14, robot_mode, impedance, 
08/06/2022 11:59:56:268, robot_pos, 1654685870698, 617.01, 63.05, 308.87, 2.3, 0.0, 3.08, circuit_pos, 621.7, 64.77, 304.79, 2.29, -0.01, 3.09, tool_force, 8.53, -8.71, 5.02, actual_rep, 1, curr_step, 18, track_size, 72, robot_vel, 56.3, joints_pos, 7.53, 42.22, -3.35, -78.13, 5.37, 57.04, 50.74, tool_torque, -1.823, -0.82, -0.193, joint_torque, 1.67, -11.37, 1.51, 3.88, 0.51, -0.64, -0.14, robot_mode, impedance, 
08/06/2022 11:59:56:367, robot_pos, 1654685870845, 613.56, 67.4, 309.64, 2.29, 0.0, 3.08, circuit_pos, 621.7, 64.77, 304.79, 2.29, -0.01, 3.09, tool_force, 3.79, -3.77, 6.98, actual_rep, 1, curr_step, 18, track_size, 72, robot_vel, 41.83, joints_pos, 7.94, 41.76, -3.33, -78.81, 5.45, 56.64, 51.41, tool_torque, -0.922, -0.334, -0.17, joint_torque, 0.99, -9.99, 0.92, 5.25, 0.25, -0.67, -0.1, robot_mode, impedance, 
08/06/2022 11:59:56:570, robot_pos, 1654685870998, 615.73, 67.64, 310.83, 2.29, 0.0, 3.08, circuit_pos, 621.7, 64.77, 304.79, 2.29, -0.01, 3.09, tool_force, 1.98, -1.27, 3.38, actual_rep, 1, curr_step, 18, track_size, 72, robot_vel, 12.25, joints_pos, 8.03, 42.01, -3.45, -78.15, 5.36, 57.24, 51.5, tool_torque, -0.665, -0.026, -0.155, joint_torque, 0.77, -12.1, 0.91, 7.13, 0.28, -0.64, -0.04, robot_mode, impedance, 
08/06/2022 11:59:56:672, robot_pos, 1654685871144, 619.2, 66.96, 311.94, 2.29, -0.01, 3.08, circuit_pos, 621.7, 64.77, 304.79, 2.29, -0.01, 3.09, tool_force, 1.67, -1.05, -0.3, actual_rep, 1, curr_step, 18, track_size, 72, robot_vel, 25.41, joints_pos, 7.91, 42.43, -3.46, -77.21, 5.37, 58.05, 51.5, tool_torque, -0.425, -0.124, 0.035, joint_torque, 0.66, -14.24, 0.4, 8.24, 0.34, -0.52, 0.07, robot_mode, impedance, 
08/06/2022 11:59:56:877, robot_pos, 1654685871294, 621.72, 66.3, 311.96, 2.29, -0.01, 3.09, circuit_pos, 621.7, 64.77, 304.79, 2.29, -0.01, 3.09, tool_force, 1.07, -0.69, 0.29, actual_rep, 1, curr_step, 18, track_size, 72, robot_vel, 15.28, joints_pos, 7.79, 42.79, -3.46, -76.58, 5.46, 58.51, 51.42, tool_torque, -0.331, -0.035, 0.149, joint_torque, 0.27, -13.52, 0.13, 8.09, 0.37, -0.52, 0.18, robot_mode, impedance, 
08/06/2022 11:59:56:978, robot_pos, 1654685871444, 622.94, 66.08, 311.93, 2.29, -0.01, 3.09, circuit_pos, 621.7, 64.77, 304.79, 2.29, -0.01, 3.09, tool_force, 0.79, -0.84, 0.23, actual_rep, 1, curr_step, 18, track_size, 72, robot_vel, 6.83, joints_pos, 7.75, 42.96, -3.46, -76.29, 5.49, 58.68, 51.4, tool_torque, -0.367, -0.053, 0.176, joint_torque, 0.14, -13.52, 0.05, 8.01, 0.37, -0.51, 0.2, robot_mode, impedance, 
08/06/2022 11:59:57:306, robot_pos, 1654685871745, 623.18, 66.08, 311.92, 2.29, -0.01, 3.09, circuit_pos, 621.7, 64.77, 304.79, 2.29, -0.01, 3.09, tool_force, 1.5, -0.81, 0.74, actual_rep, 1, curr_step, 18, track_size, 72, robot_vel, 0.16, joints_pos, 7.75, 42.99, -3.46, -76.24, 5.49, 58.7, 51.4, tool_torque, -0.3, -0.111, 0.164, joint_torque, 0.65, -13.04, 0.43, 7.73, 0.34, -0.47, 0.2, robot_mode, impedance, 
08/06/2022 11:59:57:510, robot_pos, 1654685871895, 623.22, 69.12, 310.67, 2.29, -0.01, 3.09, circuit_pos, 621.7, 64.77, 304.79, 2.29, -0.01, 3.09, tool_force, 4.88, 5.69, 4.15, actual_rep, 1, curr_step, 18, track_size, 72, robot_vel, 18.05, joints_pos, 8.0, 43.17, -3.33, -76.11, 5.11, 58.78, 51.73, tool_torque, 0.805, -0.788, -0.063, joint_torque, 4.9, -11.0, 2.86, 7.38, -0.11, -0.37, -0.04, robot_mode, impedance, 
08/06/2022 11:59:57:608, robot_pos, 1654685872043, 623.86, 72.94, 310.95, 2.29, 0.0, 3.1, circuit_pos, 621.7, 64.77, 304.79, 2.29, -0.01, 3.09, tool_force, 5.7, 6.13, 5.09, actual_rep, 1, curr_step, 18, track_size, 72, robot_vel, 36.35, joints_pos, 8.43, 43.31, -3.36, -75.81, 4.58, 59.02, 52.44, tool_torque, 1.072, -0.793, -0.185, joint_torque, 5.73, -10.01, 3.47, 6.9, -0.26, -0.15, -0.12, robot_mode, impedance, 
08/06/2022 11:59:57:809, robot_pos, 1654685872191, 624.6, 74.89, 310.84, 2.29, 0.0, 3.1, circuit_pos, 621.7, 64.77, 304.79, 2.29, -0.01, 3.09, tool_force, 6.66, 7.54, 4.51, actual_rep, 1, curr_step, 18, track_size, 72, robot_vel, 12.43, joints_pos, 8.69, 43.48, -3.45, -75.54, 4.45, 59.23, 52.71, tool_torque, 1.234, -0.932, -0.215, joint_torque, 6.75, -10.48, 4.24, 7.35, -0.37, -0.22, -0.09, robot_mode, impedance, 
08/06/2022 11:59:57:914, robot_pos, 1654685872342, 625.27, 76.63, 310.62, 2.29, 0.0, 3.1, circuit_pos, 621.7, 64.77, 304.79, 2.29, -0.01, 3.09, tool_force, 7.69, 8.03, 4.97, actual_rep, 1, curr_step, 18, track_size, 72, robot_vel, 12.54, joints_pos, 8.87, 43.62, -3.45, -75.31, 4.25, 59.38, 52.99, tool_torque, 1.498, -1.032, -0.213, joint_torque, 7.41, -9.92, 4.55, 6.88, -0.45, -0.01, -0.09, robot_mode, impedance, 
08/06/2022 11:59:58:114, robot_pos, 1654685872491, 625.64, 75.78, 310.47, 2.29, 0.0, 3.1, circuit_pos, 621.7, 64.77, 304.79, 2.29, -0.01, 3.09, tool_force, 4.88, 4.7, 4.33, actual_rep, 1, curr_step, 18, track_size, 72, robot_vel, 10.31, joints_pos, 8.84, 43.68, -3.55, -75.24, 4.3, 59.43, 53.04, tool_torque, 0.836, -0.666, -0.026, joint_torque, 4.48, -10.57, 2.69, 6.91, -0.2, -0.18, 0.08, robot_mode, impedance, 
08/06/2022 11:59:58:216, robot_pos, 1654685872640, 626.23, 71.61, 311.27, 2.29, -0.01, 3.1, circuit_pos, 621.7, 64.77, 304.79, 2.29, -0.01, 3.09, tool_force, -0.29, 1.12, 0.94, actual_rep, 1, curr_step, 18, track_size, 72, robot_vel, 24.38, joints_pos, 8.47, 43.61, -3.73, -75.24, 5.02, 59.43, 52.35, tool_torque, 0.225, 0.107, 0.235, joint_torque, 0.52, -12.81, 0.25, 8.08, 0.22, -0.25, 0.29, robot_mode, impedance, 
08/06/2022 11:59:58:416, robot_pos, 1654685872791, 625.88, 67.65, 311.98, 2.29, -0.01, 3.09, circuit_pos, 621.7, 64.77, 304.79, 2.29, -0.01, 3.09, tool_force, -0.28, 0.54, 0.16, actual_rep, 1, curr_step, 18, track_size, 72, robot_vel, 34.8, joints_pos, 8.02, 43.43, -3.7, -75.46, 5.52, 59.32, 51.63, tool_torque, -0.032, 0.078, 0.296, joint_torque, -0.07, -13.42, -0.22, 8.28, 0.34, -0.35, 0.32, robot_mode, impedance, 
08/06/2022 11:59:58:527, robot_pos, 1654685872941, 625.01, 66.47, 312.07, 2.29, -0.01, 3.09, circuit_pos, 621.7, 64.77, 304.79, 2.29, -0.01, 3.09, tool_force, 0.08, 0.34, -0.37, actual_rep, 1, curr_step, 18, track_size, 72, robot_vel, 7.0, joints_pos, 7.88, 43.28, -3.64, -75.71, 5.55, 59.16, 51.47, tool_torque, 0.056, 0.013, 0.31, joint_torque, 0.14, -13.73, -0.25, 8.4, 0.36, -0.31, 0.29, robot_mode, impedance, 
08/06/2022 11:59:58:721, robot_pos, 1654685873089, 624.57, 66.28, 312.09, 2.29, -0.01, 3.09, circuit_pos, 621.7, 64.77, 304.79, 2.29, -0.01, 3.09, tool_force, -0.01, 0.5, -0.2, actual_rep, 1, curr_step, 18, track_size, 72, robot_vel, 3.14, joints_pos, 7.88, 43.21, -3.65, -75.83, 5.55, 59.08, 51.45, tool_torque, 0.033, 0.05, 0.283, joint_torque, 0.13, -13.6, -0.19, 8.41, 0.36, -0.35, 0.28, robot_mode, impedance, 
08/06/2022 11:59:58:820, robot_pos, 1654685873241, 624.47, 66.19, 312.11, 2.29, -0.01, 3.09, circuit_pos, 621.7, 64.77, 304.79, 2.29, -0.01, 3.09, tool_force, -0.01, 0.28, -0.22, actual_rep, 1, curr_step, 18, track_size, 72, robot_vel, 0.53, joints_pos, 7.88, 43.2, -3.66, -75.85, 5.55, 59.07, 51.44, tool_torque, 0.0030, 0.094, 0.264, joint_torque, 0.09, -13.58, -0.14, 8.37, 0.36, -0.33, 0.27, robot_mode, impedance, 
08/06/2022 11:59:59:021, robot_pos, 1654685873387, 623.99, 67.43, 311.27, 2.29, -0.01, 3.09, circuit_pos, 621.7, 64.77, 304.79, 2.29, -0.01, 3.09, tool_force, 2.88, 5.8, 5.2, actual_rep, 1, curr_step, 18, track_size, 72, robot_vel, 15.14, joints_pos, 7.95, 43.24, -3.59, -75.91, 5.51, 59.06, 51.45, tool_torque, 0.899, -0.271, 0.183, joint_torque, 3.92, -9.91, 2.44, 7.12, 0.15, -0.2, 0.23, robot_mode, impedance, 
08/06/2022 11:59:59:124, robot_pos, 1654685873537, 623.49, 73.25, 311.58, 2.29, 0.0, 3.09, circuit_pos, 621.7, 64.77, 304.79, 2.29, -0.01, 3.09, tool_force, 14.37, 1.1, 0.12, actual_rep, 1, curr_step, 18, track_size, 72, robot_vel, 43.73, joints_pos, 8.54, 43.14, -3.44, -76.01, 4.59, 58.74, 52.42, tool_torque, 0.276, -2.263, -0.094, joint_torque, 8.48, -13.9, 4.75, 6.73, -0.26, -0.48, -0.1, robot_mode, impedance, 
08/06/2022 11:59:59:326, robot_pos, 1654685873685, 620.22, 75.02, 311.42, 2.29, 0.01, 3.09, circuit_pos, 621.7, 64.77, 304.79, 2.29, -0.01, 3.09, tool_force, 5.21, -0.37, 1.24, actual_rep, 1, curr_step, 18, track_size, 72, robot_vel, 24.24, joints_pos, 8.97, 42.7, -3.71, -76.85, 4.41, 58.1, 52.9, tool_torque, 0.0050, -0.819, -0.095, joint_torque, 3.02, -12.87, 1.78, 7.51, -0.15, -0.51, 0.0, robot_mode, impedance, 
08/06/2022 11:59:59:432, robot_pos, 1654685873835, 620.58, 69.75, 312.14, 2.29, 0.0, 3.09, circuit_pos, 621.7, 64.77, 304.79, 2.29, -0.01, 3.09, tool_force, 0.75, -0.11, 0.04, actual_rep, 1, curr_step, 18, track_size, 72, robot_vel, 38.38, joints_pos, 8.56, 42.66, -4.0, -76.81, 5.35, 58.3, 51.98, tool_torque, -0.269, -0.039, 0.246, joint_torque, 0.16, -13.41, 0.01, 8.2, 0.29, -0.56, 0.31, robot_mode, impedance, 
08/06/2022 11:59:59:613, robot_pos, 1654685873982, 621.95, 66.84, 311.98, 2.29, -0.01, 3.09, circuit_pos, 621.7, 64.77, 304.79, 2.29, -0.01, 3.09, tool_force, 1.17, -0.56, -0.2, actual_rep, 1, curr_step, 18, track_size, 72, robot_vel, 19.45, joints_pos, 8.12, 42.84, -3.88, -76.52, 5.68, 58.54, 51.44, tool_torque, -0.203, -0.219, 0.327, joint_torque, 0.43, -13.68, -0.08, 8.16, 0.41, -0.51, 0.3, robot_mode, impedance, 
08/06/2022 11:59:59:732, robot_pos, 1654685874134, 622.86, 66.14, 311.96, 2.29, -0.01, 3.09, circuit_pos, 621.7, 64.77, 304.79, 2.29, -0.01, 3.09, tool_force, 1.11, -0.64, 0.3, actual_rep, 1, curr_step, 18, track_size, 72, robot_vel, 6.74, joints_pos, 7.98, 42.97, -3.8, -76.3, 5.68, 58.68, 51.37, tool_torque, -0.182, -0.21, 0.324, joint_torque, 0.33, -13.54, -0.19, 7.93, 0.38, -0.45, 0.29, robot_mode, impedance, 
08/06/2022 11:59:59:937, robot_pos, 1654685874281, 622.88, 66.3, 311.67, 2.29, -0.01, 3.09, circuit_pos, 621.7, 64.77, 304.79, 2.29, -0.01, 3.09, tool_force, 5.13, -2.37, -0.09, actual_rep, 1, curr_step, 18, track_size, 72, robot_vel, 2.39, joints_pos, 7.99, 42.98, -3.78, -76.31, 5.64, 58.66, 51.36, tool_torque, -0.752, -0.927, 0.25, joint_torque, 2.0, -14.82, 1.06, 7.75, 0.37, -0.81, 0.26, robot_mode, impedance, 
08/06/2022 12:00:00:060, robot_pos, 1654685874431, 617.62, 71.03, 312.23, 2.29, 0.0, 3.08, circuit_pos, 621.7, 64.77, 304.79, 2.29, -0.01, 3.09, tool_force, 18.52, -9.03, -4.06, actual_rep, 1, curr_step, 18, track_size, 72, robot_vel, 60.75, joints_pos, 8.35, 42.2, -3.45, -77.61, 5.13, 57.7, 51.91, tool_torque, -1.228, -2.293, -0.051, joint_torque, 6.48, -17.56, 3.86, 6.27, 0.21, -0.44, -0.05, robot_mode, impedance, 
08/06/2022 12:00:00:382, robot_pos, 1654685874742, 612.34, 70.44, 311.88, 2.29, 0.0, 3.08, circuit_pos, 621.7, 64.77, 304.79, 2.29, -0.01, 3.09, tool_force, 3.43, -2.44, 0.75, actual_rep, 1, curr_step, 18, track_size, 72, robot_vel, 25.62, joints_pos, 8.59, 41.5, -3.73, -78.92, 5.12, 56.77, 52.13, tool_torque, -0.506, -0.352, 0.17, joint_torque, 0.88, -13.01, 0.58, 7.13, 0.27, -0.5, 0.25, robot_mode, impedance, 
08/06/2022 12:00:00:509, robot_pos, 1654685874891, 616.95, 67.28, 311.73, 2.29, 0.0, 3.08, circuit_pos, 621.7, 64.77, 304.79, 2.29, -0.01, 3.09, tool_force, 0.31, -0.38, 2.5, actual_rep, 1, curr_step, 18, track_size, 72, robot_vel, 43.94, joints_pos, 8.16, 42.16, -3.75, -77.75, 5.54, 57.73, 51.57, tool_torque, -0.293, 0.042, 0.263, joint_torque, -0.05, -12.55, -0.05, 7.79, 0.37, -0.59, 0.31, robot_mode, impedance, 
08/06/2022 12:00:00:699, robot_pos, 1654685875041, 621.26, 66.03, 311.82, 2.29, -0.01, 3.09, circuit_pos, 621.7, 64.77, 304.79, 2.29, -0.01, 3.09, tool_force, 1.3, -1.13, 0.8, actual_rep, 1, curr_step, 18, track_size, 72, robot_vel, 31.59, joints_pos, 7.92, 42.77, -3.69, -76.66, 5.63, 58.52, 51.38, tool_torque, -0.216, -0.122, 0.32, joint_torque, 0.29, -13.63, -0.11, 8.14, 0.43, -0.5, 0.3, robot_mode, impedance, 
08/06/2022 12:00:00:843, robot_pos, 1654685875190, 623.17, 66.02, 311.84, 2.29, -0.01, 3.09, circuit_pos, 621.7, 64.77, 304.79, 2.29, -0.01, 3.09, tool_force, 0.96, -1.03, 0.31, actual_rep, 1, curr_step, 18, track_size, 72, robot_vel, 13.92, joints_pos, 7.88, 43.02, -3.68, -76.22, 5.63, 58.76, 51.37, tool_torque, -0.237, -0.16, 0.3, joint_torque, 0.09, -13.43, -0.27, 8.0, 0.38, -0.5, 0.28, robot_mode, impedance, 
08/06/2022 12:00:00:968, robot_pos, 1654685875366, 623.46, 66.08, 311.92, 2.29, -0.01, 3.09, circuit_pos, 621.7, 64.77, 304.79, 2.29, -0.01, 3.09, tool_force, 0.74, -0.78, 0.09, actual_rep, 1, curr_step, 18, track_size, 72, robot_vel, 0.43, joints_pos, 7.88, 43.04, -3.67, -76.16, 5.62, 58.78, 51.37, tool_torque, -0.222, -0.126, 0.279, joint_torque, 0.11, -13.63, -0.26, 8.12, 0.38, -0.48, 0.26, robot_mode, impedance, 
08/06/2022 12:00:01:144, robot_pos, 1654685875519, 623.33, 66.88, 311.74, 2.29, -0.01, 3.09, circuit_pos, 621.7, 64.77, 304.79, 2.29, -0.01, 3.09, tool_force, 6.92, -0.14, 1.43, actual_rep, 1, curr_step, 18, track_size, 72, robot_vel, 0.09, joints_pos, 7.93, 43.03, -3.59, -76.21, 5.55, 58.78, 51.37, tool_torque, -0.114, -0.495, 0.224, joint_torque, 3.64, -12.7, 2.3, 6.86, 0.57, -0.19, 0.22, robot_mode, impedance, 
08/06/2022 12:00:01:248, robot_pos, 1654685875665, 622.81, 69.65, 308.81, 2.29, -0.01, 3.09, circuit_pos, 621.7, 64.77, 304.79, 2.29, -0.01, 3.09, tool_force, -1.38, 8.57, 13.44, actual_rep, 1, curr_step, 18, track_size, 72, robot_vel, 34.07, joints_pos, 8.13, 43.32, -3.49, -76.16, 5.3, 58.79, 51.72, tool_torque, 1.156, 0.737, -0.049, joint_torque, 3.08, -3.88, 2.32, 4.64, 0.43, 0.17, -0.02, robot_mode, impedance, 
08/06/2022 12:00:01:448, robot_pos, 1654685875849, 626.97, 70.57, 306.54, 2.29, -0.02, 3.1, circuit_pos, 621.7, 64.77, 304.79, 2.29, -0.01, 3.09, tool_force, 0.3, 6.98, 18.78, actual_rep, 1, curr_step, 18, track_size, 72, robot_vel, 27.13, joints_pos, 8.13, 44.23, -3.48, -74.9, 5.32, 59.78, 51.79, tool_torque, 1.414, 1.008, -0.056, joint_torque, 3.5, -0.31, 2.74, 2.04, 0.5, 0.67, -0.02, robot_mode, impedance, 
08/06/2022 12:00:01:651, robot_pos, 1654685875999, 628.5, 73.17, 307.15, 2.29, -0.02, 3.1, circuit_pos, 621.7, 64.77, 304.79, 2.29, -0.01, 3.09, tool_force, 11.37, 3.66, 11.14, actual_rep, 1, curr_step, 18, track_size, 72, robot_vel, 19.02, joints_pos, 8.26, 44.38, -3.35, -74.52, 5.23, 59.98, 51.99, tool_torque, 1.036, -0.582, -0.085, joint_torque, 8.14, -5.82, 5.32, 2.94, 0.39, 0.62, -0.06, robot_mode, impedance, 
08/06/2022 12:00:01:750, robot_pos, 1654685876150, 625.59, 76.87, 308.65, 2.29, -0.01, 3.1, circuit_pos, 621.7, 64.77, 304.79, 2.29, -0.01, 3.09, tool_force, 11.57, 4.2, 9.1, actual_rep, 1, curr_step, 18, track_size, 72, robot_vel, 29.26, joints_pos, 8.74, 43.87, -3.35, -75.19, 4.64, 59.51, 52.73, tool_torque, 0.944, -0.685, -0.159, joint_torque, 8.34, -7.83, 5.6, 4.33, 0.33, 0.39, -0.1, robot_mode, impedance, 
08/06/2022 12:00:01:953, robot_pos, 1654685876300, 622.03, 77.99, 309.3, 2.29, 0.0, 3.1, circuit_pos, 621.7, 64.77, 304.79, 2.29, -0.01, 3.09, tool_force, 12.26, 3.66, 7.25, actual_rep, 1, curr_step, 18, track_size, 72, robot_vel, 22.16, joints_pos, 9.0, 43.28, -3.47, -76.14, 4.6, 58.82, 52.92, tool_torque, 0.736, -0.745, -0.179, joint_torque, 8.33, -8.68, 5.79, 4.49, 0.3, 0.34, -0.06, robot_mode, impedance, 
08/06/2022 12:00:02:089, robot_pos, 1654685876446, 620.3, 78.97, 310.13, 2.29, 0.0, 3.1, circuit_pos, 621.7, 64.77, 304.79, 2.29, -0.01, 3.09, tool_force, 14.02, 8.32, 6.3, actual_rep, 1, curr_step, 18, track_size, 72, robot_vel, 12.97, joints_pos, 9.11, 42.99, -3.44, -76.52, 4.52, 58.59, 53.02, tool_torque, 1.241, -1.106, -0.195, joint_torque, 10.89, -9.17, 7.34, 5.78, 0.23, 0.16, -0.09, robot_mode, impedance, 
08/06/2022 12:00:02:268, robot_pos, 1654685876597, 620.35, 83.1, 310.15, 2.29, 0.0, 3.1, circuit_pos, 621.7, 64.77, 304.79, 2.29, -0.01, 3.09, tool_force, 16.95, 12.39, 7.19, actual_rep, 1, curr_step, 18, track_size, 72, robot_vel, 29.51, joints_pos, 9.48, 43.09, -3.32, -76.34, 3.99, 58.72, 53.72, tool_torque, 1.946, -1.735, -0.216, joint_torque, 13.74, -8.52, 8.85, 5.84, -0.04, 0.16, -0.12, robot_mode, impedance, 
08/06/2022 12:00:02:381, robot_pos, 1654685876774, 620.88, 87.33, 310.26, 2.29, 0.01, 3.11, circuit_pos, 621.7, 64.77, 304.79, 2.29, -0.01, 3.09, tool_force, 17.99, 10.28, 5.76, actual_rep, 1, curr_step, 18, track_size, 72, robot_vel, 25.64, joints_pos, 10.01, 43.23, -3.45, -76.06, 3.59, 58.88, 54.43, tool_torque, 1.681, -1.973, -0.243, joint_torque, 13.38, -9.46, 8.59, 5.85, -0.23, 0.12, -0.1, robot_mode, impedance, 
08/06/2022 12:00:02:594, robot_pos, 1654685876924, 621.01, 84.18, 310.01, 2.28, 0.01, 3.11, circuit_pos, 621.7, 64.77, 304.79, 2.29, -0.01, 3.09, tool_force, 9.55, 3.76, 7.26, actual_rep, 1, curr_step, 18, track_size, 72, robot_vel, 12.2, joints_pos, 9.96, 43.23, -3.84, -76.13, 3.92, 58.86, 54.3, tool_torque, 0.975, -0.966, 0.098, joint_torque, 6.03, -8.37, 3.66, 4.89, -0.13, 0.18, 0.2, robot_mode, impedance, 
08/06/2022 12:00:02:803, robot_pos, 1654685877111, 622.99, 71.21, 309.03, 2.28, -0.01, 3.09, circuit_pos, 621.7, 64.77, 304.79, 2.29, -0.01, 3.09, tool_force, 1.04, 0.38, 8.36, actual_rep, 1, curr_step, 18, track_size, 72, robot_vel, 73.22, joints_pos, 8.78, 43.36, -4.27, -76.09, 5.73, 58.83, 51.92, tool_torque, 0.0, 0.631, 0.303, joint_torque, 0.99, -8.02, 1.02, 4.94, 0.78, 0.06, 0.34, robot_mode, impedance, 
08/06/2022 12:00:02:933, robot_pos, 1654685877279, 623.71, 68.69, 309.11, 2.29, -0.02, 3.09, circuit_pos, 621.7, 64.77, 304.79, 2.29, -0.01, 3.09, tool_force, 7.6, 4.87, 9.34, actual_rep, 1, curr_step, 18, track_size, 72, robot_vel, 18.92, joints_pos, 8.13, 43.41, -3.73, -75.97, 5.85, 58.96, 51.36, tool_torque, 0.629, -0.221, 0.259, joint_torque, 5.9, -7.63, 3.95, 4.91, 0.71, 0.08, 0.26, robot_mode, impedance, 
08/06/2022 12:00:03:103, robot_pos, 1654685877430, 621.69, 79.01, 310.85, 2.3, 0.0, 3.1, circuit_pos, 621.7, 64.77, 304.79, 2.29, -0.01, 3.09, tool_force, 26.83, 4.52, 1.37, actual_rep, 1, curr_step, 18, track_size, 72, robot_vel, 62.66, joints_pos, 8.79, 43.07, -2.96, -76.24, 4.31, 58.75, 52.98, tool_torque, 1.023, -3.165, -0.109, joint_torque, 15.74, -14.1, 9.59, 5.67, -0.04, 0.18, -0.11, robot_mode, impedance, 
08/06/2022 12:00:03:203, robot_pos, 1654685877599, 615.87, 82.22, 311.09, 2.29, 0.01, 3.1, circuit_pos, 621.7, 64.77, 304.79, 2.29, -0.01, 3.09, tool_force, 11.82, -1.3, 3.35, actual_rep, 1, curr_step, 18, track_size, 72, robot_vel, 37.02, joints_pos, 9.72, 42.3, -3.58, -77.61, 3.68, 57.76, 54.19, tool_torque, -0.0010, -1.313, -0.03, joint_torque, 5.94, -11.18, 3.87, 5.29, 0.09, -0.22, 0.08, robot_mode, impedance, 
08/06/2022 12:00:03:421, robot_pos, 1654685877748, 616.02, 72.59, 309.46, 2.28, 0.0, 3.09, circuit_pos, 621.7, 64.77, 304.79, 2.29, -0.01, 3.09, tool_force, -2.84, 0.57, 10.99, actual_rep, 1, curr_step, 18, track_size, 72, robot_vel, 58.92, joints_pos, 9.16, 42.36, -4.38, -77.83, 5.45, 57.65, 52.34, tool_torque, -0.097, 1.074, 0.223, joint_torque, -1.36, -5.58, -0.29, 4.38, 0.64, -0.13, 0.32, robot_mode, impedance, 
08/06/2022 12:00:03:522, robot_pos, 1654685877929, 619.16, 69.36, 309.98, 2.29, -0.01, 3.08, circuit_pos, 621.7, 64.77, 304.79, 2.29, -0.01, 3.09, tool_force, 14.24, -5.72, 1.83, actual_rep, 1, curr_step, 18, track_size, 72, robot_vel, 16.61, joints_pos, 8.42, 42.64, -3.94, -77.19, 5.93, 58.05, 51.35, tool_torque, -0.76, -1.736, 0.288, joint_torque, 5.1, -13.73, 2.82, 5.19, 0.42, -0.37, 0.23, robot_mode, impedance, 
08/06/2022 12:00:03:724, robot_pos, 1654685878078, 615.22, 72.96, 311.97, 2.29, 0.0, 3.08, circuit_pos, 621.7, 64.77, 304.79, 2.29, -0.01, 3.09, tool_force, 20.89, -11.15, -4.37, actual_rep, 1, curr_step, 18, track_size, 72, robot_vel, 35.2, joints_pos, 8.77, 41.88, -3.7, -78.24, 5.09, 57.14, 52.15, tool_torque, -1.557, -2.735, 0.016, joint_torque, 7.17, -17.94, 3.98, 5.53, 0.33, -0.5, -0.07, robot_mode, impedance, 
08/06/2022 12:00:03:828, robot_pos, 1654685878228, 607.37, 73.94, 312.62, 2.29, 0.01, 3.08, circuit_pos, 621.7, 64.77, 304.79, 2.29, -0.01, 3.09, tool_force, 21.64, -13.99, -6.06, actual_rep, 1, curr_step, 18, track_size, 72, robot_vel, 51.51, joints_pos, 9.14, 40.71, -3.87, -80.21, 4.99, 55.77, 52.38, tool_torque, -2.137, -2.763, -0.06, joint_torque, 6.51, -18.99, 3.95, 5.32, 0.32, -0.7, -0.07, robot_mode, impedance, 
08/06/2022 12:00:04:015, robot_pos, 1654685878376, 601.95, 73.83, 312.68, 2.29, 0.01, 3.07, circuit_pos, 621.7, 64.77, 304.79, 2.29, -0.01, 3.09, tool_force, 18.96, -11.51, -4.94, actual_rep, 1, curr_step, 18, track_size, 72, robot_vel, 53.1, joints_pos, 9.27, 39.97, -3.95, -81.51, 5.08, 54.91, 52.41, tool_torque, -1.908, -2.463, -0.015, joint_torque, 5.63, -17.98, 3.47, 5.75, 0.27, -0.76, 0.01, robot_mode, impedance, 
08/06/2022 12:00:04:075, robot_pos, 1654685878526, 602.52, 72.01, 311.43, 2.29, 0.01, 3.07, circuit_pos, 621.7, 64.77, 304.79, 2.29, -0.01, 3.09, tool_force, 9.64, -5.01, 2.59, actual_rep, 1, curr_step, 18, track_size, 72, robot_vel, 24.0, joints_pos, 9.14, 40.18, -4.05, -81.33, 5.25, 55.06, 52.24, tool_torque, -1.062, -1.229, 0.18, joint_torque, 3.22, -12.29, 2.07, 5.5, 0.39, -0.79, 0.23, robot_mode, impedance, 
08/06/2022 12:00:04:287, robot_pos, 1654685878673, 609.93, 69.2, 310.39, 2.29, 0.0, 3.08, circuit_pos, 621.7, 64.77, 304.79, 2.29, -0.01, 3.09, tool_force, -0.71, 3.18, 8.84, actual_rep, 1, curr_step, 18, track_size, 72, robot_vel, 42.62, joints_pos, 8.68, 41.39, -4.05, -79.39, 5.56, 56.63, 51.79, tool_torque, 0.186, 0.328, 0.266, joint_torque, 0.76, -8.15, 0.61, 6.53, 0.45, -0.52, 0.31, robot_mode, impedance, 
08/06/2022 12:00:04:375, robot_pos, 1654685878822, 620.36, 67.28, 309.22, 2.29, -0.01, 3.09, circuit_pos, 621.7, 64.77, 304.79, 2.29, -0.01, 3.09, tool_force, -4.35, 6.36, 11.55, actual_rep, 1, curr_step, 18, track_size, 72, robot_vel, 70.86, joints_pos, 8.16, 43.01, -3.88, -76.65, 5.79, 58.78, 51.4, tool_torque, 1.141, 1.255, 0.298, joint_torque, 0.23, -4.85, 0.39, 5.24, 0.59, 0.26, 0.3, robot_mode, impedance, 
08/06/2022 12:00:04:560, robot_pos, 1654685878972, 628.25, 68.51, 308.49, 2.29, -0.03, 3.1, circuit_pos, 621.58, 73.04, 305.87, 2.28, -0.01, 3.09, tool_force, -5.85, 7.28, 13.19, actual_rep, 1, curr_step, 19, track_size, 72, robot_vel, 64.8, joints_pos, 7.89, 44.26, -3.56, -74.52, 5.93, 60.26, 51.52, tool_torque, 1.178, 1.725, 0.168, joint_torque, 0.09, -2.77, 0.48, 3.9, 0.82, 0.64, 0.11, robot_mode, impedance, 
08/06/2022 12:00:04:680, robot_pos, 1654685879122, 631.99, 73.65, 308.55, 2.28, -0.03, 3.1, circuit_pos, 621.58, 73.04, 305.87, 2.28, -0.01, 3.09, tool_force, -6.91, 4.08, 14.28, actual_rep, 1, curr_step, 19, track_size, 72, robot_vel, 47.25, joints_pos, 8.09, 44.84, -3.29, -73.46, 5.86, 60.9, 52.29, tool_torque, 0.955, 1.844, -0.093, joint_torque, -1.35, -3.28, -0.33, 3.83, 0.54, 0.62, -0.08, robot_mode, impedance, 
08/06/2022 12:00:04:836, robot_pos, 1654685879273, 632.75, 74.48, 309.29, 2.28, -0.03, 3.1, circuit_pos, 621.58, 73.04, 305.87, 2.28, -0.01, 3.09, tool_force, -1.51, 1.82, 9.22, actual_rep, 1, curr_step, 19, track_size, 72, robot_vel, 12.9, joints_pos, 8.19, 44.84, -3.3, -73.35, 5.68, 60.84, 52.45, tool_torque, 0.205, 1.16, -0.132, joint_torque, 0.3, -7.17, 0.83, 5.0, 0.66, 0.25, -0.08, robot_mode, impedance, 
08/06/2022 12:00:05:042, robot_pos, 1654685879422, 630.66, 74.24, 311.43, 2.28, -0.02, 3.09, circuit_pos, 621.58, 73.04, 305.87, 2.28, -0.01, 3.09, tool_force, -1.79, 0.55, 2.32, actual_rep, 1, curr_step, 19, track_size, 72, robot_vel, 23.29, joints_pos, 8.22, 44.26, -3.3, -74.04, 5.58, 60.25, 52.5, tool_torque, -0.155, 0.788, -0.115, joint_torque, -0.49, -11.71, 0.08, 7.5, 0.51, -0.19, -0.06, robot_mode, impedance, 
08/06/2022 12:00:05:140, robot_pos, 1654685879573, 627.46, 73.56, 312.78, 2.28, -0.02, 3.09, circuit_pos, 621.58, 73.04, 305.87, 2.28, -0.01, 3.09, tool_force, 0.04, -0.77, 0.09, actual_rep, 1, curr_step, 19, track_size, 72, robot_vel, 23.26, joints_pos, 8.22, 43.65, -3.3, -74.92, 5.56, 59.63, 52.5, tool_torque, -0.311, 0.354, 0.012, joint_torque, -0.01, -13.62, 0.13, 7.99, 0.49, -0.26, 0.03, robot_mode, impedance, 
08/06/2022 12:00:05:341, robot_pos, 1654685879727, 623.41, 74.92, 312.44, 2.28, -0.01, 3.09, circuit_pos, 621.58, 73.04, 305.87, 2.28, -0.01, 3.09, tool_force, -1.96, 1.74, 5.76, actual_rep, 1, curr_step, 19, track_size, 72, robot_vel, 34.5, joints_pos, 8.43, 43.14, -3.28, -75.89, 5.32, 59.04, 52.77, tool_torque, 0.35, 0.85, -0.133, joint_torque, 0.01, -8.3, 0.42, 6.09, 0.35, 0.15, -0.08, robot_mode, impedance, 
08/06/2022 12:00:05:445, robot_pos, 1654685879877, 623.78, 75.55, 306.46, 2.28, -0.02, 3.09, circuit_pos, 621.28, 81.29, 306.83, 2.28, -0.01, 3.09, tool_force, -8.67, 8.71, 23.23, actual_rep, 1, curr_step, 20, track_size, 72, robot_vel, 48.84, joints_pos, 8.42, 43.77, -3.19, -75.73, 5.35, 59.01, 52.77, tool_torque, 1.427, 3.266, -0.126, joint_torque, -0.88, 4.17, 1.04, 0.54, 1.02, 1.29, 0.01, robot_mode, normal, 
08/06/2022 12:00:05:644, robot_pos, 1654685880023, 623.8, 80.56, 305.57, 2.28, -0.02, 3.1, circuit_pos, 620.78, 89.35, 307.67, 2.27, -0.01, 3.09, tool_force, -8.42, 4.23, 28.63, actual_rep, 1, curr_step, 21, track_size, 72, robot_vel, 29.15, joints_pos, 8.74, 43.92, -2.99, -75.59, 5.26, 59.07, 53.47, tool_torque, 1.142, 3.114, -0.149, joint_torque, -1.58, 6.65, 0.42, -1.71, 1.16, 1.43, -0.11, robot_mode, normal, 
08/06/2022 12:00:05:748, robot_pos, 1654685880173, 623.27, 86.08, 306.01, 2.27, -0.02, 3.09, circuit_pos, 620.25, 96.98, 308.51, 2.27, -0.02, 3.08, tool_force, -7.36, 2.58, 26.5, actual_rep, 1, curr_step, 22, track_size, 72, robot_vel, 37.48, joints_pos, 9.22, 43.88, -2.96, -75.59, 5.26, 59.0, 54.23, tool_torque, 0.992, 2.934, -0.146, joint_torque, -1.94, 5.16, 0.05, -1.2, 1.08, 1.33, -0.11, robot_mode, normal, 
08/06/2022 12:00:05:913, robot_pos, 1654685880322, 622.49, 92.26, 308.26, 2.27, -0.02, 3.09, circuit_pos, 619.96, 103.53, 309.26, 2.26, -0.02, 3.08, tool_force, -4.36, 2.78, 17.79, actual_rep, 1, curr_step, 23, track_size, 72, robot_vel, 52.0, joints_pos, 9.7, 43.66, -2.91, -75.62, 5.57, 58.95, 54.68, tool_torque, 0.783, 2.022, -0.14, joint_torque, -0.75, -1.03, 0.44, 2.2, 0.8, 0.78, -0.1, robot_mode, normal, 
08/06/2022 12:00:06:052, robot_pos, 1654685880472, 621.56, 98.66, 312.38, 2.27, -0.02, 3.08, circuit_pos, 619.96, 103.53, 309.26, 2.26, -0.02, 3.08, tool_force, -0.04, -1.45, 0.14, actual_rep, 1, curr_step, 23, track_size, 72, robot_vel, 53.45, joints_pos, 10.3, 43.23, -2.95, -75.72, 5.68, 58.92, 55.58, tool_torque, -0.484, 0.6, -0.193, joint_torque, -0.7, -13.28, -0.02, 8.09, 0.43, -0.46, -0.12, robot_mode, normal, 
08/06/2022 12:00:06:194, robot_pos, 1654685880621, 620.51, 103.64, 313.26, 2.26, -0.02, 3.08, circuit_pos, 619.88, 109.67, 310.15, 2.26, -0.02, 3.08, tool_force, -1.29, -0.27, 0.21, actual_rep, 1, curr_step, 24, track_size, 72, robot_vel, 40.56, joints_pos, 10.76, 43.13, -2.95, -75.75, 5.71, 58.8, 56.19, tool_torque, -0.466, 0.582, -0.169, joint_torque, -0.45, -13.45, 0.13, 8.38, 0.46, -0.48, -0.1, robot_mode, normal, 
08/06/2022 12:00:06:498, robot_pos, 1654685880920, 620.13, 115.11, 315.08, 2.26, -0.02, 3.07, circuit_pos, 619.61, 120.68, 311.81, 2.26, -0.02, 3.07, tool_force, -0.85, -1.2, -0.15, actual_rep, 1, curr_step, 26, track_size, 72, robot_vel, 35.73, joints_pos, 11.74, 43.09, -2.94, -75.54, 6.01, 58.65, 57.14, tool_torque, -0.522, 0.544, -0.147, joint_torque, -0.85, -13.81, -0.15, 8.28, 0.44, -0.46, -0.08, robot_mode, normal, 
08/06/2022 12:00:06:728, robot_pos, 1654685881074, 619.83, 121.11, 315.94, 2.26, -0.02, 3.07, circuit_pos, 619.45, 126.37, 312.42, 2.25, -0.02, 3.07, tool_force, -0.59, -0.99, 0.21, actual_rep, 1, curr_step, 27, track_size, 72, robot_vel, 41.38, joints_pos, 12.27, 43.11, -2.95, -75.38, 6.01, 58.64, 57.91, tool_torque, -0.588, 0.576, -0.187, joint_torque, -0.58, -13.76, 0.09, 8.3, 0.48, -0.52, -0.11, robot_mode, normal, 
08/06/2022 12:00:06:796, robot_pos, 1654685881221, 619.66, 126.89, 316.5, 2.25, -0.02, 3.07, circuit_pos, 619.15, 132.12, 312.83, 2.25, -0.02, 3.07, tool_force, -0.1, -1.19, -0.04, actual_rep, 1, curr_step, 28, track_size, 72, robot_vel, 41.39, joints_pos, 12.79, 43.17, -2.96, -75.18, 6.01, 58.7, 58.67, tool_torque, -0.645, 0.583, -0.181, joint_torque, -0.59, -13.89, 0.1, 8.23, 0.48, -0.53, -0.1, robot_mode, normal, 
08/06/2022 12:00:07:000, robot_pos, 1654685881371, 619.43, 132.68, 316.87, 2.25, -0.02, 3.07, circuit_pos, 618.9, 137.78, 313.01, 2.25, -0.02, 3.07, tool_force, -0.32, -1.54, -0.02, actual_rep, 1, curr_step, 29, track_size, 72, robot_vel, 42.32, joints_pos, 13.33, 43.26, -2.96, -74.97, 5.97, 58.78, 59.33, tool_torque, -0.735, 0.521, -0.143, joint_torque, -0.56, -14.1, 0.13, 8.32, 0.54, -0.58, -0.07, robot_mode, normal, 
08/06/2022 12:00:07:103, robot_pos, 1654685881521, 619.16, 138.47, 317.17, 2.25, -0.02, 3.07, circuit_pos, 618.68, 143.43, 313.21, 2.25, -0.02, 3.07, tool_force, -0.35, -1.1, 0.44, actual_rep, 1, curr_step, 30, track_size, 72, robot_vel, 38.96, joints_pos, 13.84, 43.35, -2.96, -74.75, 5.94, 58.86, 59.9, tool_torque, -0.705, 0.616, -0.15, joint_torque, -0.92, -13.7, -0.08, 8.26, 0.51, -0.61, -0.07, robot_mode, normal, 
08/06/2022 12:00:07:272, robot_pos, 1654685881674, 619.23, 144.52, 317.44, 2.25, -0.02, 3.06, circuit_pos, 618.69, 148.48, 313.26, 2.24, -0.02, 3.06, tool_force, -0.19, -0.69, -0.08, actual_rep, 1, curr_step, 31, track_size, 72, robot_vel, 45.01, joints_pos, 14.36, 43.46, -2.95, -74.51, 5.95, 58.78, 60.68, tool_torque, -0.608, 0.615, -0.154, joint_torque, -0.59, -13.95, 0.09, 8.23, 0.53, -0.44, -0.09, robot_mode, normal, 
08/06/2022 12:00:07:404, robot_pos, 1654685881821, 618.9, 150.03, 317.41, 2.24, -0.02, 3.06, circuit_pos, 618.26, 162.37, 312.13, 2.22, -0.01, 3.06, tool_force, -1.11, -0.47, 0.17, actual_rep, 1, curr_step, 34, track_size, 72, robot_vel, 36.96, joints_pos, 14.82, 43.5, -2.94, -74.45, 6.09, 58.49, 61.36, tool_torque, -0.646, 0.593, -0.154, joint_torque, -0.89, -14.14, -0.11, 8.64, 0.48, -0.68, -0.08, robot_mode, normal, 
08/06/2022 12:00:07:563, robot_pos, 1654685881972, 618.72, 156.1, 316.93, 2.23, -0.02, 3.06, circuit_pos, 617.91, 169.87, 311.16, 2.22, -0.01, 3.06, tool_force, -0.4, -0.65, 0.31, actual_rep, 1, curr_step, 36, track_size, 72, robot_vel, 44.73, joints_pos, 15.44, 43.66, -3.0, -74.26, 5.8, 58.35, 62.55, tool_torque, -0.533, 0.657, -0.171, joint_torque, -0.72, -13.77, -0.03, 8.5, 0.45, -0.62, -0.08, robot_mode, normal, 
08/06/2022 12:00:07:768, robot_pos, 1654685882122, 618.49, 161.74, 316.22, 2.23, -0.02, 3.06, circuit_pos, 617.47, 173.7, 309.87, 2.21, -0.01, 3.07, tool_force, -0.93, -1.08, -0.09, actual_rep, 1, curr_step, 38, track_size, 72, robot_vel, 35.63, joints_pos, 15.98, 43.84, -3.02, -74.05, 5.67, 58.29, 63.55, tool_torque, -0.596, 0.724, -0.189, joint_torque, -1.06, -14.01, -0.11, 8.28, 0.44, -0.53, -0.09, robot_mode, normal, 
08/06/2022 12:00:07:866, robot_pos, 1654685882272, 618.04, 167.57, 314.95, 2.22, -0.01, 3.06, circuit_pos, 617.59, 172.67, 309.2, 2.21, -0.01, 3.07, tool_force, 0.16, -1.07, 0.08, actual_rep, 1, curr_step, 41, track_size, 72, robot_vel, 39.34, joints_pos, 16.54, 44.1, -3.02, -73.79, 5.35, 58.39, 64.74, tool_torque, -0.697, 0.554, -0.154, joint_torque, -0.77, -14.0, -0.04, 8.33, 0.42, -0.71, -0.07, robot_mode, normal, 
08/06/2022 12:00:08:067, robot_pos, 1654685882421, 617.93, 172.88, 313.88, 2.21, -0.01, 3.07, circuit_pos, 617.51, 173.25, 310.15, 2.21, -0.01, 3.07, tool_force, -2.58, -2.33, -0.07, actual_rep, 1, curr_step, 44, track_size, 72, robot_vel, 40.24, joints_pos, 17.07, 44.4, -3.06, -73.42, 5.04, 58.65, 65.81, tool_torque, -0.567, 0.479, -0.17, joint_torque, -1.78, -13.95, -0.8, 8.26, 0.12, -0.63, -0.07, robot_mode, normal, 
08/06/2022 12:00:08:171, robot_pos, 1654685882571, 618.05, 173.32, 314.55, 2.21, -0.01, 3.07, circuit_pos, 617.62, 173.49, 309.59, 2.21, -0.01, 3.07, tool_force, -0.47, -0.65, 0.12, actual_rep, 1, curr_step, 47, track_size, 72, robot_vel, 6.57, joints_pos, 17.17, 44.39, -3.18, -73.33, 5.13, 58.78, 65.86, tool_torque, -0.492, 0.39, -0.017, joint_torque, -0.59, -14.24, 0.0, 8.46, 0.31, -0.6, 0.1, robot_mode, normal, 
08/06/2022 12:00:08:359, robot_pos, 1654685882721, 618.04, 173.52, 313.74, 2.21, -0.01, 3.07, circuit_pos, 617.74, 173.65, 309.52, 2.21, -0.01, 3.07, tool_force, -0.69, -0.33, -0.43, actual_rep, 1, curr_step, 49, track_size, 72, robot_vel, 5.4, joints_pos, 17.18, 44.45, -3.17, -73.35, 5.13, 58.67, 65.84, tool_torque, -0.432, 0.474, 0.013, joint_torque, -0.75, -14.11, -0.12, 8.51, 0.36, -0.6, 0.11, robot_mode, normal, 
08/06/2022 12:00:08:472, robot_pos, 1654685882871, 618.1, 173.42, 313.81, 2.21, -0.01, 3.07, circuit_pos, 617.7, 173.69, 309.5, 2.21, -0.01, 3.07, tool_force, -0.44, -0.39, -0.07, actual_rep, 1, curr_step, 52, track_size, 72, robot_vel, 2.21, joints_pos, 17.17, 44.45, -3.17, -73.34, 5.12, 58.71, 65.85, tool_torque, -0.442, 0.434, 0.02, joint_torque, -0.47, -13.84, 0.06, 8.42, 0.42, -0.61, 0.1, robot_mode, normal, 
08/06/2022 12:00:08:645, robot_pos, 1654685883020, 618.07, 173.58, 313.78, 2.21, -0.01, 3.07, circuit_pos, 617.73, 173.58, 309.53, 2.21, -0.01, 3.07, tool_force, -0.51, -0.44, -0.02, actual_rep, 1, curr_step, 55, track_size, 72, robot_vel, 1.27, joints_pos, 17.18, 44.45, -3.16, -73.34, 5.12, 58.7, 65.86, tool_torque, -0.445, 0.451, -0.018, joint_torque, -0.7, -14.09, -0.15, 8.48, 0.36, -0.6, 0.06, robot_mode, normal, 
08/06/2022 12:00:08:779, robot_pos, 1654685883176, 618.09, 173.54, 313.8, 2.21, -0.01, 3.07, circuit_pos, 617.71, 173.62, 309.53, 2.21, -0.01, 3.07, tool_force, -0.34, -0.45, -0.02, actual_rep, 1, curr_step, 57, track_size, 72, robot_vel, 0.12, joints_pos, 17.18, 44.45, -3.17, -73.34, 5.12, 58.7, 65.86, tool_torque, -0.459, 0.445, -0.0020, joint_torque, -0.56, -14.08, -0.03, 8.48, 0.39, -0.61, 0.08, robot_mode, normal, 
08/06/2022 12:00:08:917, robot_pos, 1654685883326, 618.08, 173.56, 313.8, 2.21, -0.01, 3.07, circuit_pos, 617.7, 173.64, 309.53, 2.21, -0.01, 3.07, tool_force, -0.51, -0.48, -0.02, actual_rep, 1, curr_step, 60, track_size, 72, robot_vel, 0.17, joints_pos, 17.18, 44.45, -3.17, -73.34, 5.12, 58.7, 65.86, tool_torque, -0.469, 0.467, -0.013, joint_torque, -0.63, -14.05, -0.06, 8.48, 0.39, -0.61, 0.07, robot_mode, normal, 
08/06/2022 12:00:09:219, robot_pos, 1654685883628, 618.08, 173.57, 313.8, 2.21, -0.01, 3.07, circuit_pos, 617.71, 173.63, 309.53, 2.21, -0.01, 3.07, tool_force, -0.45, -0.35, -0.01, actual_rep, 1, curr_step, 65, track_size, 72, robot_vel, 0.02, joints_pos, 17.18, 44.45, -3.16, -73.34, 5.12, 58.7, 65.86, tool_torque, -0.444, 0.46, -0.012, joint_torque, -0.59, -14.05, -0.05, 8.49, 0.39, -0.6, 0.07, robot_mode, normal, 
08/06/2022 12:00:09:461, robot_pos, 1654685883779, 618.08, 173.57, 313.81, 2.21, -0.01, 3.07, circuit_pos, 617.71, 173.63, 309.53, 2.21, -0.01, 3.07, tool_force, -0.43, -0.32, 0.01, actual_rep, 1, curr_step, 68, track_size, 72, robot_vel, 0.03, joints_pos, 17.18, 44.45, -3.16, -73.34, 5.12, 58.7, 65.86, tool_torque, -0.442, 0.447, -0.0090, joint_torque, -0.57, -14.03, -0.05, 8.48, 0.39, -0.61, 0.07, robot_mode, normal, 
08/06/2022 12:00:09:522, robot_pos, 1654685883930, 618.08, 173.56, 313.81, 2.21, -0.01, 3.07, circuit_pos, 617.71, 173.63, 309.53, 2.21, -0.01, 3.07, tool_force, -0.42, -0.32, -0.01, actual_rep, 1, curr_step, 71, track_size, 72, robot_vel, 0.02, joints_pos, 17.18, 44.45, -3.16, -73.34, 5.12, 58.7, 65.86, tool_torque, -0.443, 0.449, -0.0090, joint_torque, -0.58, -14.04, -0.05, 8.5, 0.39, -0.61, 0.07, robot_mode, normal, 
08/06/2022 12:00:09:732, robot_pos, 1654685884079, 618.08, 173.56, 313.81, 2.21, -0.01, 3.07, circuit_pos, 617.71, 173.63, 309.53, 2.21, -0.01, 3.07, tool_force, -0.43, -0.31, 0.01, actual_rep, 1, curr_step, 70, track_size, 72, robot_vel, 0.01, joints_pos, 17.18, 44.45, -3.17, -73.34, 5.12, 58.7, 65.86, tool_torque, -0.444, 0.454, -0.011, joint_torque, -0.57, -14.04, -0.04, 8.49, 0.39, -0.61, 0.07, robot_mode, normal, 
08/06/2022 12:00:09:819, robot_pos, 1654685884230, 618.08, 173.56, 313.81, 2.21, -0.01, 3.07, circuit_pos, 617.71, 173.63, 309.53, 2.21, -0.01, 3.07, tool_force, -0.45, -0.32, -0.01, actual_rep, 1, curr_step, 67, track_size, 72, robot_vel, 0.0, joints_pos, 17.18, 44.45, -3.17, -73.34, 5.12, 58.7, 65.86, tool_torque, -0.444, 0.458, -0.011, joint_torque, -0.59, -14.05, -0.05, 8.5, 0.38, -0.61, 0.07, robot_mode, normal, 
08/06/2022 12:00:10:001, robot_pos, 1654685884380, 618.08, 173.56, 313.81, 2.21, -0.01, 3.07, circuit_pos, 617.71, 173.63, 309.53, 2.21, -0.01, 3.07, tool_force, -0.46, -0.31, -0.01, actual_rep, 1, curr_step, 65, track_size, 72, robot_vel, 0.0, joints_pos, 17.18, 44.45, -3.17, -73.34, 5.12, 58.7, 65.86, tool_torque, -0.444, 0.457, -0.011, joint_torque, -0.59, -14.05, -0.05, 8.5, 0.38, -0.61, 0.07, robot_mode, normal, 
08/06/2022 12:00:10:122, robot_pos, 1654685884529, 618.08, 173.57, 313.81, 2.21, -0.01, 3.07, circuit_pos, 617.7, 173.64, 309.53, 2.21, -0.01, 3.07, tool_force, -0.5, -0.32, 0.01, actual_rep, 1, curr_step, 62, track_size, 72, robot_vel, 0.03, joints_pos, 17.18, 44.45, -3.17, -73.34, 5.12, 58.7, 65.86, tool_torque, -0.446, 0.469, -0.014, joint_torque, -0.61, -14.04, -0.05, 8.5, 0.39, -0.6, 0.07, robot_mode, normal, 
08/06/2022 12:00:10:293, robot_pos, 1654685884681, 618.07, 173.57, 313.81, 2.21, -0.01, 3.07, circuit_pos, 617.7, 173.64, 309.53, 2.21, -0.01, 3.07, tool_force, -0.49, -0.31, 0.0, actual_rep, 1, curr_step, 60, track_size, 72, robot_vel, 0.01, joints_pos, 17.18, 44.45, -3.16, -73.34, 5.12, 58.7, 65.86, tool_torque, -0.447, 0.465, -0.013, joint_torque, -0.61, -14.05, -0.06, 8.51, 0.38, -0.61, 0.07, robot_mode, normal, 
08/06/2022 12:00:10:498, robot_pos, 1654685884831, 618.07, 173.57, 313.81, 2.21, -0.01, 3.07, circuit_pos, 617.71, 173.62, 309.53, 2.21, -0.01, 3.07, tool_force, -0.5, -0.32, -0.01, actual_rep, 1, curr_step, 57, track_size, 72, robot_vel, 0.0, joints_pos, 17.18, 44.45, -3.16, -73.34, 5.12, 58.7, 65.86, tool_torque, -0.447, 0.466, -0.014, joint_torque, -0.61, -14.05, -0.06, 8.5, 0.38, -0.61, 0.07, robot_mode, normal, 
08/06/2022 12:00:10:595, robot_pos, 1654685884981, 618.08, 173.54, 313.81, 2.21, -0.01, 3.07, circuit_pos, 617.72, 173.59, 309.52, 2.21, -0.01, 3.07, tool_force, -0.37, -0.28, -0.01, actual_rep, 1, curr_step, 54, track_size, 72, robot_vel, 0.2, joints_pos, 17.18, 44.45, -3.17, -73.34, 5.12, 58.7, 65.86, tool_torque, -0.436, 0.442, -0.0030, joint_torque, -0.54, -14.04, -0.03, 8.49, 0.39, -0.6, 0.08, robot_mode, normal, 
08/06/2022 12:00:10:799, robot_pos, 1654685885133, 618.07, 173.56, 313.81, 2.21, -0.01, 3.07, circuit_pos, 617.7, 173.69, 309.5, 2.21, -0.01, 3.07, tool_force, -0.59, -0.35, -0.03, actual_rep, 1, curr_step, 52, track_size, 72, robot_vel, 0.12, joints_pos, 17.18, 44.45, -3.17, -73.34, 5.12, 58.7, 65.86, tool_torque, -0.451, 0.491, -0.017, joint_torque, -0.68, -14.05, -0.07, 8.51, 0.38, -0.6, 0.07, robot_mode, normal, 
08/06/2022 12:00:10:897, robot_pos, 1654685885283, 618.09, 173.45, 313.79, 2.21, -0.01, 3.07, circuit_pos, 617.74, 173.65, 309.52, 2.21, -0.01, 3.07, tool_force, -0.23, -0.16, -0.06, actual_rep, 1, curr_step, 49, track_size, 72, robot_vel, 2.02, joints_pos, 17.18, 44.45, -3.18, -73.34, 5.12, 58.7, 65.86, tool_torque, -0.433, 0.48, 0.0070, joint_torque, -0.62, -14.09, -0.06, 8.53, 0.39, -0.6, 0.1, robot_mode, normal, 
08/06/2022 12:00:11:086, robot_pos, 1654685885431, 618.07, 173.57, 313.79, 2.21, -0.01, 3.07, circuit_pos, 617.62, 173.49, 309.59, 2.21, -0.01, 3.07, tool_force, -0.37, -0.38, -0.08, actual_rep, 1, curr_step, 47, track_size, 72, robot_vel, 1.41, joints_pos, 17.18, 44.45, -3.16, -73.34, 5.12, 58.7, 65.86, tool_torque, -0.428, 0.442, -0.0090, joint_torque, -0.65, -14.07, -0.11, 8.48, 0.36, -0.59, 0.07, robot_mode, normal, 
08/06/2022 12:00:11:201, robot_pos, 1654685885581, 618.02, 173.44, 314.44, 2.21, -0.01, 3.07, circuit_pos, 617.51, 173.25, 310.15, 2.21, -0.01, 3.07, tool_force, -0.53, -0.07, 0.27, actual_rep, 1, curr_step, 44, track_size, 72, robot_vel, 5.16, joints_pos, 17.18, 44.39, -3.18, -73.34, 5.12, 58.75, 65.86, tool_torque, -0.487, 0.443, 0.01, joint_torque, -0.68, -13.79, -0.09, 8.43, 0.36, -0.67, 0.1, robot_mode, normal, 
08/06/2022 12:00:11:355, robot_pos, 1654685885733, 617.84, 173.03, 313.82, 2.21, -0.01, 3.07, circuit_pos, 617.53, 172.87, 309.29, 2.21, -0.01, 3.07, tool_force, -0.22, 0.06, -0.04, actual_rep, 1, curr_step, 42, track_size, 72, robot_vel, 10.7, joints_pos, 17.16, 44.4, -3.19, -73.43, 5.11, 58.65, 65.84, tool_torque, -0.276, 0.418, 0.065, joint_torque, -0.32, -13.88, 0.08, 8.43, 0.4, -0.51, 0.15, robot_mode, normal, 
08/06/2022 12:00:11:500, robot_pos, 1654685885883, 617.88, 173.03, 313.49, 2.21, -0.01, 3.07, circuit_pos, 617.3, 174.03, 309.36, 2.21, -0.01, 3.07, tool_force, 0.13, -0.18, -0.3, actual_rep, 1, curr_step, 39, track_size, 72, robot_vel, 1.55, joints_pos, 17.15, 44.43, -3.18, -73.42, 5.11, 58.64, 65.82, tool_torque, -0.398, 0.42, 0.097, joint_torque, -0.07, -14.3, 0.27, 8.61, 0.53, -0.58, 0.16, robot_mode, normal, 
08/06/2022 12:00:11:632, robot_pos, 1654685886034, 618.01, 173.52, 314.27, 2.21, -0.01, 3.07, circuit_pos, 617.91, 169.87, 311.16, 2.22, -0.01, 3.06, tool_force, 0.33, -0.29, -0.5, actual_rep, 1, curr_step, 36, track_size, 72, robot_vel, 6.54, joints_pos, 17.22, 44.4, -3.22, -73.35, 5.1, 58.71, 65.9, tool_torque, -0.59, 0.35, 0.0060, joint_torque, -0.42, -14.62, 0.07, 8.94, 0.38, -0.86, 0.11, robot_mode, normal, 
08/06/2022 12:00:11:902, robot_pos, 1654685886185, 618.23, 169.85, 315.07, 2.22, -0.01, 3.06, circuit_pos, 618.26, 162.37, 312.13, 2.22, -0.01, 3.06, tool_force, 1.24, 1.62, 0.02, actual_rep, 1, curr_step, 34, track_size, 72, robot_vel, 34.01, joints_pos, 16.95, 44.13, -3.36, -73.73, 5.41, 58.22, 64.87, tool_torque, 0.0060, -0.061, 0.33, joint_torque, 0.25, -13.76, 0.1, 8.62, 0.3, -0.56, 0.38, robot_mode, normal, 
08/06/2022 12:00:11:933, robot_pos, 1654685886336, 618.42, 164.23, 315.97, 2.22, -0.01, 3.06, circuit_pos, 618.69, 148.48, 313.26, 2.24, -0.02, 3.06, tool_force, 1.01, 1.65, 0.11, actual_rep, 1, curr_step, 31, track_size, 72, robot_vel, 39.59, joints_pos, 16.53, 43.9, -3.5, -74.0, 5.64, 58.18, 64.01, tool_torque, -0.087, 0.034, 0.346, joint_torque, 0.3, -13.83, 0.16, 8.72, 0.39, -0.62, 0.4, robot_mode, normal, 
08/06/2022 12:00:12:170, robot_pos, 1654685886483, 618.63, 158.33, 316.43, 2.23, -0.01, 3.06, circuit_pos, 618.68, 143.43, 313.21, 2.25, -0.02, 3.07, tool_force, 0.43, 1.53, 0.3, actual_rep, 1, curr_step, 30, track_size, 72, robot_vel, 44.55, joints_pos, 16.0, 43.75, -3.55, -74.19, 5.97, 58.34, 62.84, tool_torque, -0.343, 0.062, 0.316, joint_torque, 0.07, -13.95, 0.12, 8.85, 0.43, -0.8, 0.38, robot_mode, normal, 
08/06/2022 12:00:12:235, robot_pos, 1654685886634, 618.82, 152.67, 316.83, 2.24, -0.02, 3.06, circuit_pos, 618.68, 143.43, 313.21, 2.25, -0.02, 3.07, tool_force, 1.02, 1.21, 0.1, actual_rep, 1, curr_step, 30, track_size, 72, robot_vel, 41.81, joints_pos, 15.49, 43.64, -3.55, -74.32, 6.06, 58.59, 61.85, tool_torque, -0.232, -0.051, 0.346, joint_torque, 0.39, -13.82, 0.19, 8.65, 0.43, -0.67, 0.39, robot_mode, normal, 
08/06/2022 12:00:12:444, robot_pos, 1654685886784, 618.97, 146.89, 317.18, 2.24, -0.02, 3.07, circuit_pos, 618.68, 143.43, 313.21, 2.25, -0.02, 3.07, tool_force, 1.16, 1.18, 0.07, actual_rep, 1, curr_step, 30, track_size, 72, robot_vel, 45.18, joints_pos, 14.95, 43.53, -3.55, -74.45, 6.18, 58.86, 60.82, tool_torque, -0.236, -0.109, 0.365, joint_torque, 0.44, -14.16, 0.21, 8.85, 0.44, -0.72, 0.4, robot_mode, normal, 
08/06/2022 12:00:12:533, robot_pos, 1654685886933, 619.23, 141.09, 317.25, 2.25, -0.02, 3.07, circuit_pos, 618.9, 137.78, 313.01, 2.25, -0.02, 3.07, tool_force, 0.36, 1.04, 0.39, actual_rep, 1, curr_step, 29, track_size, 72, robot_vel, 39.75, joints_pos, 14.44, 43.44, -3.57, -74.61, 6.25, 58.94, 60.06, tool_torque, -0.198, 0.104, 0.308, joint_torque, -0.05, -13.66, 0.02, 8.63, 0.42, -0.6, 0.37, robot_mode, normal, 
08/06/2022 12:00:12:712, robot_pos, 1654685887084, 619.44, 135.36, 317.24, 2.25, -0.02, 3.07, circuit_pos, 619.15, 132.12, 312.83, 2.25, -0.02, 3.07, tool_force, 0.78, 1.31, 0.04, actual_rep, 1, curr_step, 28, track_size, 72, robot_vel, 38.96, joints_pos, 13.93, 43.32, -3.58, -74.82, 6.29, 58.92, 59.48, tool_torque, -0.189, 0.117, 0.296, joint_torque, -0.15, -13.8, -0.06, 8.61, 0.38, -0.55, 0.37, robot_mode, normal, 
08/06/2022 12:00:12:836, robot_pos, 1654685887233, 619.75, 129.53, 316.96, 2.25, -0.02, 3.07, circuit_pos, 619.45, 126.37, 312.42, 2.25, -0.02, 3.07, tool_force, 0.62, 1.05, -0.11, actual_rep, 1, curr_step, 27, track_size, 72, robot_vel, 37.15, joints_pos, 13.42, 43.23, -3.59, -75.02, 6.34, 58.85, 58.91, tool_torque, -0.056, 0.143, 0.324, joint_torque, 0.18, -13.7, 0.13, 8.52, 0.45, -0.42, 0.39, robot_mode, normal, 
08/06/2022 12:00:13:015, robot_pos, 1654685887382, 619.95, 123.81, 316.5, 2.25, -0.02, 3.07, circuit_pos, 619.61, 120.68, 311.81, 2.26, -0.02, 3.07, tool_force, 0.78, 1.43, -0.09, actual_rep, 1, curr_step, 26, track_size, 72, robot_vel, 45.4, joints_pos, 12.9, 43.16, -3.59, -75.23, 6.39, 58.77, 58.03, tool_torque, -0.025, 0.147, 0.322, joint_torque, 0.25, -13.64, 0.18, 8.57, 0.44, -0.44, 0.37, robot_mode, normal, 
08/06/2022 12:00:13:216, robot_pos, 1654685887533, 620.19, 117.99, 315.79, 2.26, -0.02, 3.07, circuit_pos, 619.73, 115.25, 310.98, 2.26, -0.02, 3.07, tool_force, 0.21, 1.48, -0.24, actual_rep, 1, curr_step, 25, track_size, 72, robot_vel, 35.93, joints_pos, 12.38, 43.11, -3.59, -75.44, 6.45, 58.67, 57.21, tool_torque, -0.045, 0.147, 0.325, joint_torque, 0.11, -13.55, 0.09, 8.52, 0.44, -0.42, 0.38, robot_mode, normal, 
08/06/2022 12:00:13:314, robot_pos, 1654685887682, 620.02, 112.15, 314.96, 2.26, -0.02, 3.07, circuit_pos, 619.88, 109.67, 310.15, 2.26, -0.02, 3.08, tool_force, 0.34, 1.15, 0.4, actual_rep, 1, curr_step, 24, track_size, 72, robot_vel, 39.23, joints_pos, 11.92, 43.08, -3.67, -75.61, 6.4, 58.8, 56.71, tool_torque, -0.245, 0.059, 0.318, joint_torque, 0.04, -13.43, 0.09, 8.62, 0.47, -0.69, 0.37, robot_mode, normal, 
08/06/2022 12:00:13:520, robot_pos, 1654685887856, 620.43, 105.63, 313.97, 2.26, -0.02, 3.08, circuit_pos, 619.96, 103.53, 309.26, 2.26, -0.02, 3.08, tool_force, 0.68, 1.08, 0.27, actual_rep, 1, curr_step, 23, track_size, 72, robot_vel, 31.56, joints_pos, 11.43, 43.14, -3.76, -75.68, 6.26, 58.94, 56.22, tool_torque, -0.098, 0.155, 0.323, joint_torque, 0.18, -13.47, 0.2, 8.5, 0.53, -0.51, 0.36, robot_mode, normal, 
08/06/2022 12:00:13:618, robot_pos, 1654685887984, 620.62, 101.37, 313.36, 2.26, -0.02, 3.08, circuit_pos, 620.25, 96.98, 308.51, 2.27, -0.02, 3.08, tool_force, 1.45, 1.94, 0.04, actual_rep, 1, curr_step, 22, track_size, 72, robot_vel, 35.57, joints_pos, 11.01, 43.12, -3.72, -75.8, 6.3, 58.88, 55.53, tool_torque, 0.17, -0.182, 0.394, joint_torque, 0.95, -13.49, 0.12, 8.44, 0.39, -0.38, 0.36, robot_mode, normal, 
08/06/2022 12:00:13:802, robot_pos, 1654685888131, 620.82, 95.47, 312.78, 2.27, -0.02, 3.08, circuit_pos, 620.78, 89.35, 307.67, 2.27, -0.01, 3.09, tool_force, 0.13, 0.29, -0.35, actual_rep, 1, curr_step, 21, track_size, 72, robot_vel, 40.25, joints_pos, 10.53, 43.09, -3.78, -75.94, 6.24, 58.84, 54.76, tool_torque, -0.019, 0.062, 0.3, joint_torque, -0.34, -13.66, -0.4, 8.45, 0.29, -0.39, 0.33, robot_mode, normal, 
08/06/2022 12:00:14:070, robot_pos, 1654685888280, 621.1, 89.76, 312.16, 2.27, -0.01, 3.09, circuit_pos, 621.28, 81.29, 306.83, 2.28, -0.01, 3.09, tool_force, 0.36, 0.55, -0.34, actual_rep, 1, curr_step, 20, track_size, 72, robot_vel, 37.1, joints_pos, 10.19, 43.1, -3.85, -76.03, 5.55, 58.84, 54.57, tool_torque, -0.128, 0.152, 0.288, joint_torque, 0.07, -13.7, -0.01, 8.51, 0.46, -0.43, 0.33, robot_mode, normal, 
