13/05/2022 14:23:06: File Created!
13/05/2022 14:23:06:369, robot_pos, 1652448075673, 612.85, 280.93, 203.65, 2.36, -0.03, 3.07, circuit_pos, 614.15, 276.57, 203.47, 2.36, -0.03, 3.07, tool_force, -0.4, 0.44, 6.08, actual_rep, 1, curr_step, 1, track_size, 99, robot_vel, 49.31, joints_pos, 34.77, 59.02, -19.7, -66.98, 24.57, 54.73, 55.46, tool_torque, 0.301, 0.0010, 0.331, joint_torque, -0.31, 2.96, 0.27, -1.14, 0.03, -0.03, 0.31, robot_mode, normal, 
13/05/2022 14:23:06:489, robot_pos, 1652448075808, 612.99, 280.75, 202.55, 2.36, -0.03, 3.07, circuit_pos, 615.8, 269.32, 202.82, 2.35, -0.02, 3.08, tool_force, -1.69, 0.97, 2.22, actual_rep, 1, curr_step, 2, track_size, 99, robot_vel, 1.91, joints_pos, 34.74, 59.13, -19.71, -66.97, 24.57, 54.6, 55.46, tool_torque, 0.354, 0.183, 0.258, joint_torque, -0.88, 0.96, -0.29, 0.08, 0.03, -0.04, 0.29, robot_mode, normal, 
13/05/2022 14:23:06:792, robot_pos, 1652448076107, 615.76, 269.52, 201.54, 2.35, -0.02, 3.08, circuit_pos, 617.23, 260.65, 201.8, 2.34, -0.01, 3.09, tool_force, 0.46, 0.21, 1.68, actual_rep, 1, curr_step, 3, track_size, 99, robot_vel, 39.59, joints_pos, 34.15, 59.12, -20.13, -67.3, 24.04, 54.69, 55.42, tool_torque, 0.033, -0.016, 0.099, joint_torque, 0.3, 0.62, 0.26, 0.23, 0.15, -0.18, 0.08, robot_mode, normal, 
13/05/2022 14:23:06:937, robot_pos, 1652448076261, 616.76, 263.77, 200.98, 2.34, -0.01, 3.09, circuit_pos, 618.61, 250.37, 200.73, 2.34, -0.01, 3.1, tool_force, 0.11, 0.25, 1.64, actual_rep, 1, curr_step, 4, track_size, 99, robot_vel, 40.06, joints_pos, 33.88, 59.07, -20.24, -67.52, 23.66, 54.67, 55.53, tool_torque, 0.052, 0.0040, 0.107, joint_torque, 0.25, 0.51, 0.15, 0.25, 0.13, -0.16, 0.09, robot_mode, normal, 
13/05/2022 14:23:07:093, robot_pos, 1652448076408, 617.58, 258.06, 200.42, 2.34, -0.01, 3.09, circuit_pos, 618.61, 250.37, 200.73, 2.34, -0.01, 3.1, tool_force, 0.61, 0.67, 1.98, actual_rep, 1, curr_step, 4, track_size, 99, robot_vel, 40.72, joints_pos, 33.47, 59.01, -20.23, -67.75, 23.33, 54.71, 55.36, tool_torque, 0.145, -0.259, 0.331, joint_torque, 0.37, 0.66, 0.16, 0.24, 0.13, -0.23, 0.32, robot_mode, normal, 
13/05/2022 14:23:07:218, robot_pos, 1652448076563, 618.49, 252.2, 199.87, 2.34, -0.01, 3.1, circuit_pos, 619.55, 239.35, 199.74, 2.33, 0.0, 3.1, tool_force, 0.5, 0.8, 1.66, actual_rep, 1, curr_step, 5, track_size, 99, robot_vel, 38.38, joints_pos, 33.04, 58.93, -20.21, -67.98, 23.0, 54.69, 55.25, tool_torque, 0.303, -0.259, 0.408, joint_torque, 0.25, 0.83, 0.01, 0.15, 0.12, -0.13, 0.38, robot_mode, normal, 
13/05/2022 14:23:07:394, robot_pos, 1652448076708, 619.06, 246.6, 199.35, 2.33, -0.01, 3.1, circuit_pos, 619.55, 239.35, 199.74, 2.33, 0.0, 3.1, tool_force, 0.1, 1.12, 1.57, actual_rep, 1, curr_step, 5, track_size, 99, robot_vel, 47.42, joints_pos, 32.67, 58.79, -20.2, -68.38, 22.74, 54.43, 55.14, tool_torque, 0.426, -0.122, 0.42, joint_torque, -0.07, 0.74, -0.12, 0.2, 0.11, -0.03, 0.4, robot_mode, normal, 
13/05/2022 14:23:07:598, robot_pos, 1652448076860, 619.48, 240.75, 198.9, 2.33, 0.0, 3.1, circuit_pos, 619.98, 227.9, 199.03, 2.32, 0.0, 3.11, tool_force, 0.59, 0.86, 1.12, actual_rep, 1, curr_step, 6, track_size, 99, robot_vel, 44.5, joints_pos, 32.29, 58.64, -20.2, -68.76, 22.5, 54.27, 55.04, tool_torque, 0.379, -0.171, 0.419, joint_torque, 0.12, 0.55, -0.06, 0.21, 0.12, -0.03, 0.39, robot_mode, normal, 
13/05/2022 14:23:07:696, robot_pos, 1652448077009, 619.85, 235.01, 198.48, 2.32, 0.0, 3.11, circuit_pos, 619.98, 227.9, 199.03, 2.32, 0.0, 3.11, tool_force, 0.62, 1.16, 1.46, actual_rep, 1, curr_step, 6, track_size, 99, robot_vel, 38.92, joints_pos, 31.88, 58.52, -20.2, -69.09, 22.3, 54.23, 54.92, tool_torque, 0.433, -0.189, 0.415, joint_torque, 0.27, 0.7, 0.0, 0.2, 0.13, -0.02, 0.38, robot_mode, normal, 
13/05/2022 14:23:07:900, robot_pos, 1652448077161, 620.08, 229.09, 198.16, 2.32, 0.0, 3.11, circuit_pos, 619.92, 216.18, 198.76, 2.31, 0.0, 3.12, tool_force, 0.62, 1.17, 1.61, actual_rep, 1, curr_step, 7, track_size, 99, robot_vel, 36.99, joints_pos, 31.48, 58.38, -20.2, -69.43, 22.11, 54.22, 54.81, tool_torque, 0.388, -0.226, 0.416, joint_torque, 0.31, 0.69, 0.02, 0.25, 0.14, -0.07, 0.38, robot_mode, normal, 
13/05/2022 14:23:07:999, robot_pos, 1652448077311, 620.14, 223.33, 197.92, 2.31, 0.0, 3.12, circuit_pos, 619.92, 216.18, 198.76, 2.31, 0.0, 3.12, tool_force, 0.8, 0.95, 1.23, actual_rep, 1, curr_step, 7, track_size, 99, robot_vel, 39.49, joints_pos, 31.08, 58.23, -20.2, -69.78, 21.91, 54.22, 54.7, tool_torque, 0.367, -0.263, 0.418, joint_torque, 0.38, 0.57, 0.0, 0.22, 0.12, -0.08, 0.38, robot_mode, normal, 
13/05/2022 14:23:08:199, robot_pos, 1652448077470, 620.12, 217.17, 197.82, 2.31, 0.0, 3.12, circuit_pos, 619.33, 204.63, 198.88, 2.3, 0.01, 3.13, tool_force, 0.37, 0.98, 1.51, actual_rep, 1, curr_step, 8, track_size, 99, robot_vel, 41.28, joints_pos, 30.68, 58.05, -20.21, -70.17, 21.59, 54.21, 54.63, tool_torque, 0.349, -0.083, 0.324, joint_torque, 0.0, 0.64, -0.09, 0.22, 0.11, -0.03, 0.29, robot_mode, normal, 
13/05/2022 14:23:08:289, robot_pos, 1652448077610, 619.95, 211.7, 197.75, 2.31, 0.01, 3.12, circuit_pos, 619.33, 204.63, 198.88, 2.3, 0.01, 3.13, tool_force, 0.53, 1.01, 1.76, actual_rep, 1, curr_step, 8, track_size, 99, robot_vel, 39.91, joints_pos, 30.35, 57.87, -20.22, -70.58, 21.26, 54.1, 54.63, tool_torque, 0.37, -0.112, 0.278, joint_torque, 0.36, 0.43, 0.12, 0.38, 0.12, -0.03, 0.25, robot_mode, normal, 
13/05/2022 14:23:08:422, robot_pos, 1652448077759, 619.51, 206.02, 197.8, 2.3, 0.01, 3.13, circuit_pos, 618.07, 193.54, 199.34, 2.3, 0.0, 3.14, tool_force, 0.28, 0.9, 1.72, actual_rep, 1, curr_step, 9, track_size, 99, robot_vel, 38.44, joints_pos, 29.97, 57.66, -20.21, -71.0, 20.97, 54.11, 54.49, tool_torque, 0.318, -0.213, 0.41, joint_torque, 0.23, 0.87, 0.09, 0.19, 0.12, -0.14, 0.4, robot_mode, normal, 
13/05/2022 14:23:08:570, robot_pos, 1652448077911, 619.05, 200.15, 197.91, 2.3, 0.0, 3.13, circuit_pos, 618.07, 193.54, 199.34, 2.3, 0.0, 3.14, tool_force, 0.57, 0.35, 1.68, actual_rep, 1, curr_step, 9, track_size, 99, robot_vel, 39.18, joints_pos, 29.52, 57.45, -20.15, -71.39, 20.89, 54.21, 54.12, tool_torque, 0.193, -0.38, 0.458, joint_torque, 0.2, 0.5, -0.12, 0.27, 0.11, -0.25, 0.43, robot_mode, normal, 
13/05/2022 14:23:08:723, robot_pos, 1652448078060, 618.4, 194.4, 198.21, 2.3, 0.0, 3.14, circuit_pos, 616.29, 182.76, 200.06, 2.3, 0.0, -3.14, tool_force, 0.75, 0.67, 1.67, actual_rep, 1, curr_step, 10, track_size, 99, robot_vel, 38.92, joints_pos, 29.08, 57.2, -20.12, -71.84, 20.79, 54.27, 53.65, tool_torque, 0.317, -0.41, 0.458, joint_torque, 0.46, 0.7, -0.01, 0.29, 0.12, -0.19, 0.4, robot_mode, normal, 
13/05/2022 14:23:08:905, robot_pos, 1652448078211, 617.6, 188.61, 198.56, 2.3, 0.0, 3.14, circuit_pos, 616.29, 182.76, 200.06, 2.3, 0.0, -3.14, tool_force, 0.88, 0.87, 1.15, actual_rep, 1, curr_step, 10, track_size, 99, robot_vel, 41.25, joints_pos, 28.71, 56.92, -20.12, -72.35, 20.7, 54.18, 53.22, tool_torque, 0.438, -0.311, 0.497, joint_torque, 0.35, 0.73, -0.03, 0.13, 0.12, -0.05, 0.45, robot_mode, normal, 
13/05/2022 14:23:09:023, robot_pos, 1652448078360, 616.48, 182.77, 198.96, 2.3, 0.0, -3.14, circuit_pos, 613.82, 173.02, 200.94, 2.3, 0.0, -3.13, tool_force, 0.65, 1.17, 1.64, actual_rep, 1, curr_step, 11, track_size, 99, robot_vel, 41.14, joints_pos, 28.33, 56.63, -20.12, -72.9, 20.54, 54.17, 52.78, tool_torque, 0.448, -0.215, 0.477, joint_torque, 0.25, 0.82, 0.0, 0.24, 0.13, -0.06, 0.45, robot_mode, normal, 
13/05/2022 14:23:09:207, robot_pos, 1652448078511, 615.22, 177.02, 199.4, 2.3, 0.0, -3.13, circuit_pos, 610.26, 162.17, 202.23, 2.31, -0.01, -3.13, tool_force, 0.81, 0.82, 0.76, actual_rep, 1, curr_step, 12, track_size, 99, robot_vel, 38.42, joints_pos, 27.98, 56.33, -20.13, -73.44, 20.34, 54.17, 52.38, tool_torque, 0.423, -0.253, 0.474, joint_torque, 0.43, 0.6, 0.07, 0.27, 0.14, -0.04, 0.44, robot_mode, normal, 
13/05/2022 14:23:09:324, robot_pos, 1652448078663, 613.51, 171.24, 200.06, 2.3, 0.0, -3.13, circuit_pos, 610.26, 162.17, 202.23, 2.31, -0.01, -3.13, tool_force, 0.81, 1.29, 1.45, actual_rep, 1, curr_step, 12, track_size, 99, robot_vel, 37.99, joints_pos, 27.57, 55.94, -20.09, -74.11, 20.35, 54.1, 51.61, tool_torque, 0.558, -0.343, 0.526, joint_torque, 0.36, 0.65, -0.13, 0.18, 0.08, -0.02, 0.48, robot_mode, normal, 
13/05/2022 14:23:09:510, robot_pos, 1652448078814, 611.72, 165.35, 200.67, 2.31, -0.01, -3.13, circuit_pos, 606.79, 153.9, 203.36, 2.32, -0.02, -3.13, tool_force, 0.2, 1.03, 1.55, actual_rep, 1, curr_step, 13, track_size, 99, robot_vel, 42.11, joints_pos, 27.12, 55.53, -20.03, -74.81, 20.47, 54.0, 50.66, tool_torque, 0.564, -0.308, 0.526, joint_torque, 0.07, 0.78, -0.26, 0.21, 0.04, -0.04, 0.48, robot_mode, normal, 
13/05/2022 14:23:09:626, robot_pos, 1652448078963, 609.5, 159.59, 201.39, 2.31, -0.01, -3.13, circuit_pos, 606.79, 153.9, 203.36, 2.32, -0.02, -3.13, tool_force, 0.58, 1.41, 1.22, actual_rep, 1, curr_step, 13, track_size, 99, robot_vel, 40.33, joints_pos, 26.7, 55.1, -20.0, -75.56, 20.7, 53.92, 49.57, tool_torque, 0.626, -0.371, 0.527, joint_torque, 0.38, 0.7, -0.11, 0.2, 0.04, -0.01, 0.48, robot_mode, normal, 
13/05/2022 14:23:09:813, robot_pos, 1652448079115, 607.37, 153.66, 202.2, 2.32, -0.02, -3.13, circuit_pos, 603.97, 146.3, 204.51, 2.33, -0.02, -3.13, tool_force, 0.08, 0.95, 1.3, actual_rep, 1, curr_step, 14, track_size, 99, robot_vel, 42.49, joints_pos, 26.3, 54.66, -19.99, -76.33, 20.82, 53.76, 48.5, tool_torque, 0.572, -0.2, 0.5, joint_torque, -0.03, 0.83, -0.21, 0.21, 0.04, 0.0, 0.47, robot_mode, normal, 
13/05/2022 14:23:09:934, robot_pos, 1652448079263, 605.24, 148.03, 202.97, 2.33, -0.02, -3.13, circuit_pos, 601.01, 139.35, 205.37, 2.34, -0.02, -3.14, tool_force, 0.25, 1.26, 0.81, actual_rep, 1, curr_step, 15, track_size, 99, robot_vel, 41.85, joints_pos, 25.93, 54.2, -19.99, -77.12, 20.89, 53.43, 47.44, tool_torque, 0.611, -0.256, 0.516, joint_torque, 0.04, 0.84, -0.24, 0.13, 0.03, 0.02, 0.48, robot_mode, normal, 
13/05/2022 14:23:10:115, robot_pos, 1652448079413, 602.81, 142.18, 203.74, 2.33, -0.02, -3.14, circuit_pos, 597.41, 132.91, 205.91, 2.34, -0.01, 3.14, tool_force, 0.38, 1.3, 0.84, actual_rep, 1, curr_step, 16, track_size, 99, robot_vel, 40.92, joints_pos, 25.55, 53.64, -19.99, -78.12, 21.18, 52.8, 46.16, tool_torque, 0.597, -0.224, 0.499, joint_torque, 0.15, 0.54, -0.19, 0.22, 0.03, 0.02, 0.47, robot_mode, normal, 
13/05/2022 14:23:10:229, robot_pos, 1652448079563, 599.86, 136.42, 204.2, 2.34, -0.01, -3.14, circuit_pos, 593.12, 127.86, 206.25, 2.35, -0.01, 3.13, tool_force, 0.17, 1.54, 0.9, actual_rep, 1, curr_step, 17, track_size, 99, robot_vel, 43.08, joints_pos, 25.29, 53.06, -20.03, -79.25, 21.13, 51.87, 45.46, tool_torque, 0.571, -0.217, 0.483, joint_torque, 0.38, 0.84, 0.07, 0.07, 0.1, 0.03, 0.45, robot_mode, normal, 
13/05/2022 14:23:10:420, robot_pos, 1652448079715, 595.62, 130.71, 204.79, 2.34, -0.01, 3.14, circuit_pos, 588.4, 123.46, 206.41, 2.35, -0.01, 3.13, tool_force, -0.02, 1.25, 1.63, actual_rep, 1, curr_step, 18, track_size, 99, robot_vel, 44.46, joints_pos, 25.03, 52.31, -20.0, -80.67, 21.25, 50.81, 44.3, tool_torque, 0.679, -0.249, 0.496, joint_torque, 0.27, 0.76, -0.11, 0.14, 0.05, 0.02, 0.46, robot_mode, normal, 
13/05/2022 14:23:10:531, robot_pos, 1652448079863, 589.92, 124.95, 205.12, 2.35, -0.01, 3.13, circuit_pos, 582.86, 118.76, 206.76, 2.35, -0.02, 3.13, tool_force, 0.16, 1.2, 1.29, actual_rep, 1, curr_step, 19, track_size, 99, robot_vel, 52.91, joints_pos, 24.78, 51.49, -19.98, -82.27, 21.48, 49.94, 43.34, tool_torque, 0.677, -0.251, 0.484, joint_torque, 0.17, 0.94, -0.21, 0.24, 0.04, 0.01, 0.43, robot_mode, normal, 
13/05/2022 14:23:10:723, robot_pos, 1652448080017, 584.17, 119.87, 205.54, 2.35, -0.02, 3.13, circuit_pos, 577.4, 114.29, 207.37, 2.35, -0.02, 3.12, tool_force, -0.22, 0.98, 1.09, actual_rep, 1, curr_step, 20, track_size, 99, robot_vel, 53.46, joints_pos, 24.5, 50.78, -19.95, -83.62, 21.9, 49.49, 42.4, tool_torque, 0.652, -0.214, 0.486, joint_torque, 0.18, 1.13, -0.12, 0.16, 0.04, 0.04, 0.44, robot_mode, normal, 
13/05/2022 14:23:10:836, robot_pos, 1652448080166, 578.33, 115.08, 206.16, 2.35, -0.02, 3.12, circuit_pos, 572.02, 110.24, 208.21, 2.35, -0.02, 3.12, tool_force, 0.0, 0.94, 1.36, actual_rep, 1, curr_step, 21, track_size, 99, robot_vel, 58.68, joints_pos, 24.26, 49.95, -19.91, -85.18, 22.35, 48.62, 41.45, tool_torque, 0.635, -0.227, 0.482, joint_torque, 0.07, 0.55, -0.27, 0.39, 0.04, 0.0, 0.44, robot_mode, normal, 
13/05/2022 14:23:11:000, robot_pos, 1652448080317, 572.49, 110.97, 207.04, 2.35, -0.02, 3.12, circuit_pos, 566.75, 106.83, 209.31, 2.35, -0.02, 3.12, tool_force, 0.08, 1.39, 1.39, actual_rep, 1, curr_step, 22, track_size, 99, robot_vel, 49.36, joints_pos, 24.14, 49.19, -19.92, -86.56, 22.44, 47.97, 40.88, tool_torque, 0.695, -0.223, 0.475, joint_torque, 0.25, 0.83, -0.07, 0.2, 0.05, 0.02, 0.44, robot_mode, normal, 
13/05/2022 14:23:11:136, robot_pos, 1652448080467, 566.83, 107.16, 208.13, 2.35, -0.02, 3.12, circuit_pos, 561.73, 103.94, 210.6, 2.35, -0.01, 3.12, tool_force, -0.14, 0.68, 1.41, actual_rep, 1, curr_step, 23, track_size, 99, robot_vel, 45.77, joints_pos, 24.09, 48.41, -19.97, -87.94, 22.41, 47.24, 40.45, tool_torque, 0.571, -0.135, 0.431, joint_torque, 0.25, 0.71, 0.09, 0.24, 0.09, 0.04, 0.41, robot_mode, normal, 
13/05/2022 14:23:11:284, robot_pos, 1652448080618, 561.01, 104.1, 209.67, 2.35, -0.01, 3.12, circuit_pos, 556.83, 101.58, 211.93, 2.35, -0.01, 3.11, tool_force, -0.38, 1.1, 1.24, actual_rep, 1, curr_step, 24, track_size, 99, robot_vel, 45.31, joints_pos, 24.13, 47.54, -19.97, -89.4, 22.16, 46.25, 40.24, tool_torque, 0.532, -0.068, 0.401, joint_torque, 0.05, 0.94, 0.0, 0.03, 0.1, 0.04, 0.39, robot_mode, normal, 
13/05/2022 14:23:11:435, robot_pos, 1652448080770, 554.91, 101.83, 211.3, 2.35, -0.01, 3.11, circuit_pos, 547.94, 99.45, 214.4, 2.35, -0.02, 3.11, tool_force, 0.17, 0.93, 1.06, actual_rep, 1, curr_step, 26, track_size, 99, robot_vel, 43.38, joints_pos, 24.09, 46.67, -19.9, -90.76, 22.4, 45.61, 39.75, tool_torque, 0.721, -0.282, 0.485, joint_torque, 0.26, 0.57, -0.22, 0.34, 0.05, 0.02, 0.43, robot_mode, normal, 
13/05/2022 14:23:11:632, robot_pos, 1652448080921, 549.37, 100.51, 212.72, 2.35, -0.02, 3.11, circuit_pos, 541.87, 99.37, 215.93, 2.35, -0.02, 3.11, tool_force, -0.46, 1.0, 1.63, actual_rep, 1, curr_step, 27, track_size, 99, robot_vel, 38.87, joints_pos, 24.09, 45.96, -19.85, -91.87, 22.64, 45.37, 39.33, tool_torque, 0.719, -0.146, 0.443, joint_torque, 0.0, 0.81, -0.25, 0.36, 0.04, 0.03, 0.4, robot_mode, normal, 
13/05/2022 14:23:11:737, robot_pos, 1652448081070, 543.49, 100.0, 214.26, 2.35, -0.02, 3.11, circuit_pos, 533.09, 100.96, 218.68, 2.35, -0.03, 3.11, tool_force, -1.1, 0.47, 2.04, actual_rep, 1, curr_step, 29, track_size, 99, robot_vel, 41.04, joints_pos, 24.21, 45.24, -19.79, -92.97, 22.64, 45.09, 39.21, tool_torque, 0.503, 0.029, 0.365, joint_torque, -0.22, 0.73, -0.19, 0.4, 0.06, -0.01, 0.36, robot_mode, normal, 
13/05/2022 14:23:11:934, robot_pos, 1652448081222, 537.8, 101.07, 216.21, 2.35, -0.03, 3.11, circuit_pos, 523.37, 106.24, 223.12, 2.35, -0.04, 3.1, tool_force, -1.13, 0.51, 1.58, actual_rep, 1, curr_step, 32, track_size, 99, robot_vel, 39.3, joints_pos, 24.29, 44.49, -19.57, -93.97, 22.8, 45.04, 39.11, tool_torque, 0.469, 0.074, 0.342, joint_torque, -0.39, 0.9, -0.21, 0.22, 0.04, 0.03, 0.37, robot_mode, normal, 
13/05/2022 14:23:12:042, robot_pos, 1652448081371, 532.06, 103.4, 218.54, 2.35, -0.03, 3.11, circuit_pos, 518.08, 110.8, 225.78, 2.36, -0.05, 3.1, tool_force, -1.02, 0.67, 1.33, actual_rep, 1, curr_step, 34, track_size, 99, robot_vel, 43.47, joints_pos, 24.49, 43.7, -19.34, -94.96, 23.02, 44.83, 38.96, tool_torque, 0.495, 0.078, 0.342, joint_torque, -0.26, 0.6, -0.14, 0.36, 0.05, 0.04, 0.37, robot_mode, normal, 
13/05/2022 14:23:12:236, robot_pos, 1652448081521, 526.13, 107.03, 220.98, 2.36, -0.04, 3.1, circuit_pos, 508.92, 119.92, 228.16, 2.37, -0.06, 3.1, tool_force, -1.44, 0.28, 1.93, actual_rep, 1, curr_step, 37, track_size, 99, robot_vel, 46.98, joints_pos, 24.9, 42.92, -19.18, -95.92, 23.13, 44.71, 38.95, tool_torque, 0.442, 0.207, 0.28, joint_torque, -0.55, 1.1, -0.27, 0.14, 0.04, 0.04, 0.3, robot_mode, normal, 
13/05/2022 14:23:12:340, robot_pos, 1652448081673, 520.36, 111.5, 222.95, 2.36, -0.05, 3.1, circuit_pos, 508.92, 119.92, 228.16, 2.37, -0.06, 3.1, tool_force, -1.01, 0.32, 1.6, actual_rep, 1, curr_step, 37, track_size, 99, robot_vel, 51.66, joints_pos, 25.48, 42.26, -19.14, -96.78, 23.36, 44.71, 38.95, tool_torque, 0.335, 0.117, 0.265, joint_torque, -0.53, 0.8, -0.27, 0.2, 0.04, -0.02, 0.3, robot_mode, normal, 
13/05/2022 14:23:12:539, robot_pos, 1652448081822, 514.53, 115.97, 224.88, 2.36, -0.05, 3.1, circuit_pos, 508.92, 119.92, 228.16, 2.37, -0.06, 3.1, tool_force, -0.5, 0.36, 1.85, actual_rep, 1, curr_step, 37, track_size, 99, robot_vel, 52.55, joints_pos, 26.09, 41.63, -19.14, -97.6, 23.63, 44.72, 38.91, tool_torque, 0.383, -0.0020, 0.318, joint_torque, -0.33, 0.69, -0.21, 0.35, 0.04, -0.08, 0.35, robot_mode, normal, 
13/05/2022 14:23:12:649, robot_pos, 1652448081973, 508.77, 120.66, 226.62, 2.37, -0.06, 3.1, circuit_pos, 501.06, 127.92, 228.67, 2.38, -0.07, 3.1, tool_force, -1.41, -0.15, 1.99, actual_rep, 1, curr_step, 39, track_size, 99, robot_vel, 51.19, joints_pos, 26.75, 41.0, -19.13, -98.45, 23.92, 44.66, 38.95, tool_torque, 0.259, 0.235, 0.145, joint_torque, -0.55, 0.84, -0.18, 0.31, 0.06, 0.0, 0.13, robot_mode, normal, 
13/05/2022 14:23:12:846, robot_pos, 1652448082123, 503.29, 126.22, 227.15, 2.38, -0.06, 3.1, circuit_pos, 497.75, 131.87, 229.05, 2.38, -0.06, 3.1, tool_force, -0.93, -0.1, 1.82, actual_rep, 1, curr_step, 40, track_size, 99, robot_vel, 51.33, joints_pos, 27.47, 40.6, -19.13, -99.11, 24.18, 44.61, 38.87, tool_torque, 0.14, 0.094, 0.175, joint_torque, -0.52, 0.72, -0.28, 0.27, 0.05, -0.13, 0.22, robot_mode, normal, 
13/05/2022 14:23:12:953, robot_pos, 1652448082273, 498.55, 131.84, 227.48, 2.38, -0.06, 3.1, circuit_pos, 494.57, 136.11, 229.4, 2.38, -0.06, 3.1, tool_force, -1.86, 0.28, 2.23, actual_rep, 1, curr_step, 41, track_size, 99, robot_vel, 47.24, joints_pos, 28.34, 40.24, -19.19, -99.76, 24.21, 44.22, 39.28, tool_torque, 0.113, 0.395, -0.046, joint_torque, -0.35, 0.92, -0.04, 0.3, 0.11, 0.02, -0.08, robot_mode, normal, 
13/05/2022 14:23:13:151, robot_pos, 1652448082422, 494.23, 137.75, 228.19, 2.38, -0.06, 3.1, circuit_pos, 488.14, 145.72, 230.36, 2.37, -0.06, 3.09, tool_force, -0.94, 0.33, 2.0, actual_rep, 1, curr_step, 43, track_size, 99, robot_vel, 56.56, joints_pos, 29.22, 39.86, -19.27, -100.35, 24.3, 43.72, 39.93, tool_torque, 0.082, 0.435, -0.095, joint_torque, -0.35, 0.77, -0.01, 0.27, 0.06, 0.04, -0.09, robot_mode, normal, 
13/05/2022 14:23:13:251, robot_pos, 1652448082576, 490.37, 143.38, 228.75, 2.37, -0.06, 3.09, circuit_pos, 485.37, 150.81, 230.98, 2.37, -0.06, 3.09, tool_force, -1.56, 0.44, 2.3, actual_rep, 1, curr_step, 44, track_size, 99, robot_vel, 44.82, joints_pos, 29.95, 39.52, -19.26, -100.89, 24.65, 43.26, 40.66, tool_torque, 0.09, 0.471, -0.121, joint_torque, -0.34, 1.04, 0.02, 0.29, 0.05, 0.04, -0.12, robot_mode, normal, 
13/05/2022 14:23:13:434, robot_pos, 1652448082724, 487.14, 149.22, 229.4, 2.37, -0.06, 3.09, circuit_pos, 483.04, 156.04, 231.64, 2.37, -0.06, 3.09, tool_force, -1.8, -0.31, 1.67, actual_rep, 1, curr_step, 45, track_size, 99, robot_vel, 47.21, joints_pos, 30.72, 39.28, -19.28, -101.19, 24.66, 43.09, 41.44, tool_torque, -0.025, 0.542, -0.124, joint_torque, -0.7, 0.65, -0.18, 0.31, 0.06, 0.04, -0.1, robot_mode, normal, 
13/05/2022 14:23:13:554, robot_pos, 1652448082877, 484.51, 155.09, 230.13, 2.37, -0.06, 3.09, circuit_pos, 480.96, 161.51, 232.39, 2.37, -0.06, 3.08, tool_force, -0.81, 0.22, 1.58, actual_rep, 1, curr_step, 46, track_size, 99, robot_vel, 42.06, joints_pos, 31.46, 39.1, -19.28, -101.37, 24.69, 42.93, 42.16, tool_torque, 0.125, 0.351, -0.094, joint_torque, -0.12, 0.67, 0.1, 0.24, 0.05, 0.07, -0.09, robot_mode, normal, 
13/05/2022 14:23:13:706, robot_pos, 1652448083025, 482.03, 160.86, 230.89, 2.37, -0.06, 3.08, circuit_pos, 478.97, 167.29, 233.08, 2.37, -0.06, 3.08, tool_force, -1.55, 0.23, 1.9, actual_rep, 1, curr_step, 47, track_size, 99, robot_vel, 47.15, joints_pos, 32.14, 38.89, -19.26, -101.61, 25.04, 42.62, 42.55, tool_torque, 0.145, 0.379, -0.073, joint_torque, -0.21, 0.81, 0.08, 0.38, 0.06, 0.04, -0.08, robot_mode, normal, 
13/05/2022 14:23:13:857, robot_pos, 1652448083174, 480.03, 166.71, 231.55, 2.37, -0.06, 3.08, circuit_pos, 477.2, 172.62, 233.55, 2.37, -0.06, 3.08, tool_force, -1.3, 0.14, 1.85, actual_rep, 1, curr_step, 48, track_size, 99, robot_vel, 41.89, joints_pos, 32.84, 38.79, -19.26, -101.67, 25.07, 42.53, 43.24, tool_torque, 0.077, 0.409, -0.081, joint_torque, -0.43, 0.66, -0.09, 0.34, 0.06, 0.03, -0.08, robot_mode, normal, 
13/05/2022 14:23:14:061, robot_pos, 1652448083323, 478.09, 172.58, 232.06, 2.37, -0.06, 3.08, circuit_pos, 475.44, 178.11, 233.97, 2.37, -0.06, 3.08, tool_force, -1.24, 0.24, 1.99, actual_rep, 1, curr_step, 49, track_size, 99, robot_vel, 39.09, joints_pos, 33.54, 38.72, -19.27, -101.69, 25.08, 42.48, 43.92, tool_torque, 0.138, 0.367, -0.068, joint_torque, -0.23, 0.83, 0.06, 0.31, 0.07, 0.03, -0.07, robot_mode, normal, 
13/05/2022 14:23:14:160, robot_pos, 1652448083474, 476.2, 178.23, 232.53, 2.37, -0.06, 3.08, circuit_pos, 474.0, 183.53, 234.35, 2.37, -0.06, 3.08, tool_force, -1.32, -0.25, 2.17, actual_rep, 1, curr_step, 50, track_size, 99, robot_vel, 41.4, joints_pos, 34.22, 38.67, -19.29, -101.68, 25.08, 42.45, 44.61, tool_torque, 0.0, 0.473, -0.1, joint_torque, -0.52, 0.84, -0.04, 0.16, 0.07, 0.03, -0.08, robot_mode, normal, 
13/05/2022 14:23:14:364, robot_pos, 1652448083624, 474.65, 184.07, 232.99, 2.37, -0.06, 3.08, circuit_pos, 472.86, 188.82, 234.79, 2.36, -0.06, 3.08, tool_force, -1.05, -0.58, 2.05, actual_rep, 1, curr_step, 51, track_size, 99, robot_vel, 48.38, joints_pos, 34.9, 38.66, -19.3, -101.59, 25.07, 42.44, 45.53, tool_torque, -0.04, 0.397, -0.089, joint_torque, -0.31, 0.74, 0.12, 0.08, 0.08, 0.01, -0.06, robot_mode, normal, 
13/05/2022 14:23:14:465, robot_pos, 1652448083776, 473.43, 190.01, 233.57, 2.36, -0.06, 3.08, circuit_pos, 472.12, 194.89, 235.39, 2.36, -0.06, 3.08, tool_force, -0.44, -0.69, 2.11, actual_rep, 1, curr_step, 52, track_size, 99, robot_vel, 40.02, joints_pos, 35.58, 38.68, -19.31, -101.44, 25.02, 42.45, 46.49, tool_torque, -0.122, 0.327, -0.085, joint_torque, -0.25, 0.71, 0.09, 0.01, 0.09, -0.05, -0.06, robot_mode, normal, 
13/05/2022 14:23:14:666, robot_pos, 1652448083920, 472.8, 195.65, 234.12, 2.36, -0.06, 3.08, circuit_pos, 472.04, 200.86, 236.12, 2.35, -0.06, 3.08, tool_force, -0.56, -1.14, 2.28, actual_rep, 1, curr_step, 53, track_size, 99, robot_vel, 40.87, joints_pos, 36.17, 38.75, -19.31, -101.18, 24.97, 42.54, 47.48, tool_torque, -0.284, 0.275, -0.122, joint_torque, -0.32, 0.55, 0.07, 0.1, 0.11, -0.17, -0.1, robot_mode, normal, 
13/05/2022 14:23:14:768, robot_pos, 1652448084070, 472.97, 201.43, 234.84, 2.35, -0.06, 3.08, circuit_pos, 472.65, 206.71, 236.9, 2.35, -0.05, 3.07, tool_force, -0.66, -1.07, 1.68, actual_rep, 1, curr_step, 54, track_size, 99, robot_vel, 39.76, joints_pos, 36.78, 38.83, -19.32, -100.87, 24.88, 42.39, 48.45, tool_torque, -0.144, 0.391, -0.105, joint_torque, -0.35, 0.55, 0.09, 0.01, 0.11, 0.0, -0.09, robot_mode, normal, 
13/05/2022 14:23:14:969, robot_pos, 1652448084222, 473.29, 207.25, 235.67, 2.35, -0.05, 3.07, circuit_pos, 474.04, 212.37, 237.73, 2.34, -0.05, 3.07, tool_force, -0.7, -0.91, 2.06, actual_rep, 1, curr_step, 55, track_size, 99, robot_vel, 39.83, joints_pos, 37.39, 38.92, -19.35, -100.53, 24.76, 42.2, 49.57, tool_torque, -0.16, 0.362, -0.107, joint_torque, -0.26, 0.58, 0.14, 0.1, 0.12, -0.08, -0.09, robot_mode, normal, 
13/05/2022 14:23:15:068, robot_pos, 1652448084372, 474.49, 213.12, 236.42, 2.34, -0.05, 3.07, circuit_pos, 475.9, 217.82, 238.46, 2.34, -0.05, 3.07, tool_force, -0.15, -1.27, 1.94, actual_rep, 1, curr_step, 56, track_size, 99, robot_vel, 40.62, joints_pos, 37.9, 39.15, -19.36, -99.94, 24.64, 42.37, 50.53, tool_torque, -0.314, 0.23, -0.09, joint_torque, -0.19, 0.76, 0.19, -0.01, 0.12, -0.2, -0.06, robot_mode, normal, 
13/05/2022 14:23:15:270, robot_pos, 1652448084519, 476.92, 218.96, 237.03, 2.34, -0.05, 3.06, circuit_pos, 480.57, 228.14, 239.39, 2.32, -0.04, 3.06, tool_force, -0.55, -0.84, 2.08, actual_rep, 1, curr_step, 58, track_size, 99, robot_vel, 38.41, joints_pos, 38.38, 39.46, -19.39, -99.25, 24.51, 42.23, 51.64, tool_torque, -0.136, 0.413, -0.095, joint_torque, -0.4, 0.68, 0.07, -0.01, 0.11, -0.02, -0.07, robot_mode, normal, 
13/05/2022 14:23:15:370, robot_pos, 1652448084670, 479.02, 224.72, 237.68, 2.33, -0.04, 3.06, circuit_pos, 483.28, 232.74, 239.56, 2.32, -0.04, 3.06, tool_force, -1.05, -0.84, 2.43, actual_rep, 1, curr_step, 59, track_size, 99, robot_vel, 43.25, joints_pos, 38.86, 39.75, -19.44, -98.58, 24.35, 42.26, 52.92, tool_torque, -0.246, 0.461, -0.109, joint_torque, -0.51, 0.55, 0.07, 0.13, 0.12, -0.15, -0.06, robot_mode, normal, 
13/05/2022 14:23:15:574, robot_pos, 1652448084817, 482.11, 230.45, 237.99, 2.32, -0.04, 3.06, circuit_pos, 486.23, 237.14, 239.56, 2.31, -0.03, 3.05, tool_force, -0.26, -0.98, 2.0, actual_rep, 1, curr_step, 60, track_size, 99, robot_vel, 42.29, joints_pos, 39.2, 40.22, -19.44, -97.62, 24.25, 42.55, 53.81, tool_torque, -0.268, 0.172, -0.056, joint_torque, -0.12, 0.43, 0.12, 0.01, 0.13, -0.2, -0.05, robot_mode, normal, 
13/05/2022 14:23:15:675, robot_pos, 1652448084967, 485.81, 236.29, 238.06, 2.31, -0.03, 3.05, circuit_pos, 489.33, 241.33, 239.48, 2.31, -0.03, 3.05, tool_force, -0.54, -1.04, 1.83, actual_rep, 1, curr_step, 61, track_size, 99, robot_vel, 47.13, joints_pos, 39.59, 40.68, -19.45, -96.76, 24.0, 42.32, 54.98, tool_torque, -0.167, 0.397, -0.074, joint_torque, -0.46, 0.58, 0.03, -0.03, 0.13, -0.07, -0.05, robot_mode, normal, 
13/05/2022 14:23:15:874, robot_pos, 1652448085115, 490.03, 242.03, 237.99, 2.31, -0.03, 3.05, circuit_pos, 497.75, 251.1, 238.0, 2.29, -0.02, 3.06, tool_force, -0.83, -1.12, 2.25, actual_rep, 1, curr_step, 64, track_size, 99, robot_vel, 52.61, joints_pos, 39.85, 41.3, -19.47, -95.6, 23.95, 42.62, 56.05, tool_torque, -0.324, 0.351, -0.087, joint_torque, -0.56, 0.61, -0.02, 0.0, 0.12, -0.23, -0.05, robot_mode, normal, 
13/05/2022 14:23:15:975, robot_pos, 1652448085264, 495.21, 247.5, 237.1, 2.3, -0.03, 3.05, circuit_pos, 502.72, 255.49, 237.33, 2.29, -0.02, 3.06, tool_force, -0.39, -0.71, 2.71, actual_rep, 1, curr_step, 66, track_size, 99, robot_vel, 56.58, joints_pos, 40.13, 42.15, -19.56, -94.18, 23.39, 43.25, 57.49, tool_torque, -0.32, 0.31, -0.08, joint_torque, -0.36, 0.57, 0.11, 0.14, 0.14, -0.27, -0.05, robot_mode, normal, 
13/05/2022 14:23:16:146, robot_pos, 1652448085411, 501.11, 253.38, 236.6, 2.29, -0.02, 3.06, circuit_pos, 508.3, 259.25, 237.85, 2.28, -0.02, 3.06, tool_force, -0.08, -0.84, 1.87, actual_rep, 1, curr_step, 69, track_size, 99, robot_vel, 53.79, joints_pos, 40.32, 43.05, -19.62, -92.58, 22.98, 43.98, 58.63, tool_torque, -0.31, 0.23, -0.078, joint_torque, -0.18, 0.46, 0.12, 0.07, 0.11, -0.27, -0.04, robot_mode, normal, 
13/05/2022 14:23:16:278, robot_pos, 1652448085562, 506.89, 257.79, 236.63, 2.28, -0.02, 3.06, circuit_pos, 510.53, 260.4, 238.15, 2.28, -0.02, 3.07, tool_force, -0.02, -0.8, 2.12, actual_rep, 1, curr_step, 71, track_size, 99, robot_vel, 53.13, joints_pos, 40.35, 43.79, -19.65, -91.17, 22.83, 44.64, 59.59, tool_torque, -0.294, 0.207, -0.068, joint_torque, -0.18, 0.51, 0.17, 0.15, 0.12, -0.26, -0.04, robot_mode, normal, 
13/05/2022 14:23:16:415, robot_pos, 1652448085712, 510.2, 259.57, 236.63, 2.28, -0.02, 3.07, circuit_pos, 511.73, 260.2, 238.15, 2.28, -0.02, 3.06, tool_force, -0.4, -0.71, 2.22, actual_rep, 1, curr_step, 73, track_size, 99, robot_vel, 32.15, joints_pos, 40.35, 44.33, -19.75, -90.15, 22.34, 45.72, 60.23, tool_torque, -0.26, 0.274, -0.078, joint_torque, -0.3, 0.74, 0.17, 0.12, 0.14, -0.28, -0.05, robot_mode, normal, 
13/05/2022 14:23:16:581, robot_pos, 1652448085860, 511.33, 260.21, 236.63, 2.28, -0.02, 3.06, circuit_pos, 511.54, 259.9, 237.89, 2.28, -0.02, 3.07, tool_force, 0.11, 0.01, 1.38, actual_rep, 1, curr_step, 76, track_size, 99, robot_vel, 5.09, joints_pos, 40.31, 44.36, -19.69, -90.1, 22.49, 45.34, 60.21, tool_torque, 0.236, -0.102, 0.236, joint_torque, -0.17, 0.74, -0.11, 0.11, 0.07, -0.06, 0.24, robot_mode, normal, 
13/05/2022 14:23:16:781, robot_pos, 1652448086009, 511.9, 259.94, 236.82, 2.28, -0.02, 3.07, circuit_pos, 511.79, 260.02, 238.44, 2.28, -0.01, 3.07, tool_force, 0.62, -0.94, 1.57, actual_rep, 1, curr_step, 79, track_size, 99, robot_vel, 10.28, joints_pos, 40.27, 44.46, -19.73, -89.87, 22.3, 45.77, 60.34, tool_torque, -0.161, -0.069, 0.081, joint_torque, -0.07, 0.35, -0.04, 0.07, 0.12, -0.24, 0.05, robot_mode, normal, 
13/05/2022 14:23:16:881, robot_pos, 1652448086159, 512.19, 259.98, 236.99, 2.28, -0.01, 3.07, circuit_pos, 511.9, 260.12, 238.46, 2.28, -0.01, 3.06, tool_force, -0.81, -0.04, 2.25, actual_rep, 1, curr_step, 81, track_size, 99, robot_vel, 3.56, joints_pos, 40.43, 44.46, -19.82, -89.84, 21.67, 45.61, 60.84, tool_torque, 0.03, 0.413, -0.071, joint_torque, -0.46, 0.89, 0.1, 0.08, 0.12, -0.04, -0.05, robot_mode, normal, 
13/05/2022 14:23:17:085, robot_pos, 1652448086306, 511.98, 260.42, 237.14, 2.28, -0.01, 3.06, circuit_pos, 512.03, 260.26, 238.11, 2.28, -0.01, 3.07, tool_force, -0.11, 0.35, 1.49, actual_rep, 1, curr_step, 84, track_size, 99, robot_vel, 4.36, joints_pos, 40.4, 44.36, -19.72, -90.01, 21.92, 45.2, 60.7, tool_torque, 0.293, -0.118, 0.277, joint_torque, -0.22, 0.68, -0.2, 0.21, 0.05, -0.06, 0.29, robot_mode, normal, 
13/05/2022 14:23:17:183, robot_pos, 1652448086457, 512.11, 260.2, 236.81, 2.28, -0.01, 3.07, circuit_pos, 512.02, 260.28, 238.05, 2.28, -0.02, 3.07, tool_force, 1.28, -0.92, 1.42, actual_rep, 1, curr_step, 86, track_size, 99, robot_vel, 4.89, joints_pos, 40.37, 44.45, -19.69, -89.85, 21.57, 45.52, 60.94, tool_torque, -0.065, -0.327, 0.15, joint_torque, 0.28, 0.43, -0.08, 0.06, 0.12, -0.24, 0.05, robot_mode, normal, 
13/05/2022 14:23:17:385, robot_pos, 1652448086604, 512.23, 260.68, 236.92, 2.28, -0.02, 3.07, circuit_pos, 512.03, 260.28, 238.03, 2.28, -0.02, 3.07, tool_force, 1.76, -0.15, 1.62, actual_rep, 1, curr_step, 89, track_size, 99, robot_vel, 3.36, joints_pos, 40.24, 44.5, -19.63, -89.73, 22.15, 45.84, 60.56, tool_torque, 0.174, -0.528, 0.392, joint_torque, 0.14, 0.67, -0.22, 0.1, 0.06, -0.22, 0.35, robot_mode, normal, 
13/05/2022 14:23:17:490, robot_pos, 1652448086754, 512.31, 260.5, 236.8, 2.28, -0.02, 3.07, circuit_pos, 512.04, 260.28, 238.03, 2.28, -0.01, 3.07, tool_force, 1.12, -0.07, 1.94, actual_rep, 1, curr_step, 91, track_size, 99, robot_vel, 4.37, joints_pos, 40.3, 44.52, -19.71, -89.74, 22.09, 45.77, 60.54, tool_torque, 0.149, -0.249, 0.26, joint_torque, 0.2, 0.77, 0.11, 0.09, 0.11, -0.11, 0.22, robot_mode, normal, 
13/05/2022 14:23:17:694, robot_pos, 1652448086903, 512.23, 260.67, 236.84, 2.28, -0.01, 3.07, circuit_pos, 512.04, 260.29, 238.03, 2.28, -0.01, 3.07, tool_force, 0.71, 0.01, 1.52, actual_rep, 1, curr_step, 94, track_size, 99, robot_vel, 5.75, joints_pos, 40.5, 44.52, -19.81, -89.77, 21.58, 45.6, 61.02, tool_torque, 0.132, -0.019, 0.106, joint_torque, 0.26, 0.64, 0.31, 0.14, 0.1, -0.05, 0.11, robot_mode, normal, 
13/05/2022 14:23:17:774, robot_pos, 1652448087054, 512.29, 260.54, 236.84, 2.28, -0.01, 3.07, circuit_pos, 512.04, 260.29, 238.03, 2.28, -0.01, 3.07, tool_force, 0.65, 0.14, 1.62, actual_rep, 1, curr_step, 97, track_size, 99, robot_vel, 1.24, joints_pos, 40.45, 44.51, -19.77, -89.77, 21.59, 45.61, 61.01, tool_torque, 0.208, -0.158, 0.236, joint_torque, 0.06, 0.71, 0.03, 0.15, 0.09, -0.08, 0.22, robot_mode, normal, 
13/05/2022 14:23:17:994, robot_pos, 1652448087201, 512.31, 260.49, 236.85, 2.28, -0.01, 3.07, circuit_pos, 512.04, 260.29, 238.03, 2.28, -0.01, 3.07, tool_force, 0.53, 0.16, 1.7, actual_rep, 1, curr_step, 98, track_size, 99, robot_vel, 1.08, joints_pos, 40.44, 44.51, -19.77, -89.77, 21.59, 45.61, 61.0, tool_torque, 0.189, -0.146, 0.23, joint_torque, -0.04, 0.61, -0.07, 0.14, 0.1, -0.08, 0.21, robot_mode, normal, 
13/05/2022 14:23:18:094, robot_pos, 1652448087351, 512.31, 260.49, 236.85, 2.28, -0.01, 3.07, circuit_pos, 512.04, 260.29, 238.03, 2.28, -0.01, 3.07, tool_force, 0.48, 0.07, 1.62, actual_rep, 1, curr_step, 95, track_size, 99, robot_vel, 0.1, joints_pos, 40.44, 44.51, -19.77, -89.77, 21.59, 45.61, 61.0, tool_torque, 0.191, -0.134, 0.224, joint_torque, -0.04, 0.69, -0.04, 0.13, 0.1, -0.08, 0.21, robot_mode, normal, 
13/05/2022 14:23:18:295, robot_pos, 1652448087499, 512.31, 260.49, 236.85, 2.28, -0.01, 3.07, circuit_pos, 512.04, 260.29, 238.03, 2.28, -0.01, 3.07, tool_force, 0.56, 0.1, 1.59, actual_rep, 1, curr_step, 93, track_size, 99, robot_vel, 0.06, joints_pos, 40.44, 44.51, -19.77, -89.77, 21.58, 45.61, 61.0, tool_torque, 0.202, -0.145, 0.227, joint_torque, 0.01, 0.68, -0.02, 0.14, 0.1, -0.07, 0.21, robot_mode, normal, 
13/05/2022 14:23:18:396, robot_pos, 1652448087649, 512.31, 260.5, 236.85, 2.28, -0.01, 3.07, circuit_pos, 512.03, 260.28, 238.03, 2.28, -0.01, 3.07, tool_force, 0.54, 0.07, 1.57, actual_rep, 1, curr_step, 90, track_size, 99, robot_vel, 0.01, joints_pos, 40.44, 44.51, -19.77, -89.77, 21.58, 45.61, 61.0, tool_torque, 0.193, -0.132, 0.217, joint_torque, 0.0, 0.66, -0.02, 0.14, 0.1, -0.07, 0.2, robot_mode, normal, 
13/05/2022 14:23:18:580, robot_pos, 1652448087798, 512.27, 260.48, 236.83, 2.28, -0.01, 3.07, circuit_pos, 512.03, 260.28, 238.04, 2.28, -0.02, 3.07, tool_force, 0.74, 0.09, 1.64, actual_rep, 1, curr_step, 88, track_size, 99, robot_vel, 0.12, joints_pos, 40.42, 44.51, -19.76, -89.77, 21.64, 45.66, 60.99, tool_torque, 0.182, -0.209, 0.253, joint_torque, 0.02, 0.65, -0.06, 0.14, 0.08, -0.13, 0.24, robot_mode, normal, 
13/05/2022 14:23:18:698, robot_pos, 1652448087948, 512.29, 260.33, 236.81, 2.28, -0.02, 3.07, circuit_pos, 512.03, 260.28, 238.07, 2.28, -0.01, 3.07, tool_force, 0.73, -0.16, 1.69, actual_rep, 1, curr_step, 85, track_size, 99, robot_vel, 2.79, joints_pos, 40.24, 44.51, -19.69, -89.75, 22.26, 45.86, 60.46, tool_torque, 0.141, -0.408, 0.378, joint_torque, -0.09, 0.66, -0.26, 0.08, 0.07, -0.21, 0.35, robot_mode, normal, 
13/05/2022 14:23:18:850, robot_pos, 1652448088098, 512.45, 260.25, 236.84, 2.28, -0.01, 3.07, circuit_pos, 511.98, 260.19, 238.14, 2.28, -0.01, 3.07, tool_force, 0.18, 0.03, 1.58, actual_rep, 1, curr_step, 83, track_size, 99, robot_vel, 5.36, joints_pos, 40.4, 44.52, -19.81, -89.77, 21.81, 45.67, 60.78, tool_torque, 0.13, 0.131, 0.089, joint_torque, -0.24, 0.63, -0.04, 0.13, 0.11, -0.04, 0.07, robot_mode, normal, 
13/05/2022 14:23:18:999, robot_pos, 1652448088246, 512.19, 260.43, 237.08, 2.28, -0.01, 3.07, circuit_pos, 511.89, 260.11, 238.57, 2.28, -0.01, 3.06, tool_force, -0.51, 0.1, 1.64, actual_rep, 1, curr_step, 80, track_size, 99, robot_vel, 2.51, joints_pos, 40.49, 44.48, -19.83, -89.8, 21.59, 45.61, 61.01, tool_torque, 0.133, 0.235, 0.106, joint_torque, -0.53, 0.66, -0.02, 0.2, 0.09, -0.04, 0.16, robot_mode, normal, 
13/05/2022 14:23:19:127, robot_pos, 1652448088394, 512.05, 260.34, 237.24, 2.28, -0.01, 3.06, circuit_pos, 511.77, 259.95, 238.2, 2.28, -0.01, 3.07, tool_force, 1.35, 0.3, 1.19, actual_rep, 1, curr_step, 78, track_size, 99, robot_vel, 7.33, joints_pos, 40.4, 44.31, -19.71, -90.07, 21.91, 45.02, 60.7, tool_torque, 0.407, -0.422, 0.377, joint_torque, 0.25, 0.7, -0.12, 0.09, 0.06, -0.02, 0.33, robot_mode, normal, 
13/05/2022 14:23:19:303, robot_pos, 1652448088545, 511.81, 260.11, 237.01, 2.28, -0.01, 3.07, circuit_pos, 511.58, 259.94, 237.93, 2.28, -0.02, 3.07, tool_force, 0.39, -0.18, 2.41, actual_rep, 1, curr_step, 75, track_size, 99, robot_vel, 4.03, joints_pos, 40.42, 44.45, -19.76, -89.86, 21.63, 45.68, 60.92, tool_torque, -0.028, -0.184, 0.121, joint_torque, 0.15, 0.78, 0.07, 0.16, 0.1, -0.26, 0.09, robot_mode, normal, 
13/05/2022 14:23:19:502, robot_pos, 1652448088693, 511.99, 260.24, 236.79, 2.28, -0.02, 3.07, circuit_pos, 511.73, 260.2, 238.15, 2.28, -0.02, 3.06, tool_force, 1.23, -0.2, 1.48, actual_rep, 1, curr_step, 73, track_size, 99, robot_vel, 2.75, joints_pos, 40.25, 44.48, -19.69, -89.81, 22.27, 45.81, 60.47, tool_torque, 0.157, -0.451, 0.373, joint_torque, -0.02, 0.65, -0.26, 0.05, 0.06, -0.2, 0.34, robot_mode, normal, 
13/05/2022 14:23:19:603, robot_pos, 1652448088842, 511.93, 260.77, 236.93, 2.28, -0.02, 3.06, circuit_pos, 510.53, 260.4, 238.15, 2.28, -0.02, 3.07, tool_force, 0.32, 1.04, 1.63, actual_rep, 1, curr_step, 71, track_size, 99, robot_vel, 8.15, joints_pos, 40.3, 44.39, -19.66, -89.98, 22.45, 45.33, 60.36, tool_torque, 0.472, -0.291, 0.378, joint_torque, -0.14, 1.14, -0.21, 0.22, 0.05, -0.03, 0.35, robot_mode, normal, 
13/05/2022 14:23:19:807, robot_pos, 1652448088991, 510.55, 260.07, 236.96, 2.28, -0.02, 3.07, circuit_pos, 506.59, 258.26, 237.64, 2.28, -0.02, 3.06, tool_force, 0.37, 0.18, 2.15, actual_rep, 1, curr_step, 68, track_size, 99, robot_vel, 11.96, joints_pos, 40.4, 44.32, -19.78, -90.11, 22.37, 45.66, 60.37, tool_torque, -0.016, -0.059, 0.17, joint_torque, -0.09, 0.55, 0.06, 0.16, 0.12, -0.22, 0.18, robot_mode, normal, 
13/05/2022 14:23:19:905, robot_pos, 1652448089144, 507.32, 258.97, 236.17, 2.28, -0.02, 3.06, circuit_pos, 502.72, 255.49, 237.33, 2.29, -0.02, 3.06, tool_force, -0.91, 0.82, 2.06, actual_rep, 1, curr_step, 66, track_size, 99, robot_vel, 33.08, joints_pos, 40.46, 43.94, -19.67, -91.0, 22.56, 44.8, 59.91, tool_torque, 0.395, -0.063, 0.325, joint_torque, -0.35, 0.98, -0.13, 0.12, 0.06, 0.01, 0.35, robot_mode, normal, 
13/05/2022 14:23:20:107, robot_pos, 1652448089292, 502.15, 254.53, 236.39, 2.29, -0.02, 3.06, circuit_pos, 495.24, 248.33, 238.64, 2.3, -0.03, 3.05, tool_force, 0.62, 0.6, 2.27, actual_rep, 1, curr_step, 63, track_size, 99, robot_vel, 45.11, joints_pos, 40.45, 43.22, -19.7, -92.35, 22.72, 44.23, 59.16, tool_torque, 0.467, -0.299, 0.376, joint_torque, 0.29, 0.42, 0.11, 0.35, 0.07, 0.01, 0.38, robot_mode, normal, 
13/05/2022 14:23:20:205, robot_pos, 1652448089441, 496.94, 249.85, 237.37, 2.29, -0.02, 3.06, circuit_pos, 489.33, 241.33, 239.48, 2.31, -0.03, 3.05, tool_force, 1.59, 0.81, 1.26, actual_rep, 1, curr_step, 61, track_size, 99, robot_vel, 47.3, joints_pos, 40.35, 42.38, -19.71, -93.79, 23.25, 43.49, 57.91, tool_torque, 0.522, -0.437, 0.419, joint_torque, 0.43, 0.6, 0.15, 0.27, 0.05, 0.05, 0.41, robot_mode, normal, 
13/05/2022 14:23:20:409, robot_pos, 1652448089618, 491.04, 242.79, 237.95, 2.3, -0.03, 3.05, circuit_pos, 486.23, 237.14, 239.56, 2.31, -0.03, 3.05, tool_force, 1.39, 1.69, 1.13, actual_rep, 1, curr_step, 60, track_size, 99, robot_vel, 53.19, joints_pos, 40.12, 41.45, -19.75, -95.44, 23.66, 42.81, 56.45, tool_torque, 0.638, -0.51, 0.482, joint_torque, 0.47, 0.69, 0.12, 0.25, 0.06, 0.05, 0.46, robot_mode, normal, 
13/05/2022 14:23:20:493, robot_pos, 1652448089740, 487.21, 238.24, 238.24, 2.31, -0.03, 3.05, circuit_pos, 483.28, 232.74, 239.56, 2.32, -0.04, 3.06, tool_force, 1.2, 0.67, 1.08, actual_rep, 1, curr_step, 59, track_size, 99, robot_vel, 46.52, joints_pos, 39.98, 40.87, -19.79, -96.48, 23.87, 42.42, 55.52, tool_torque, 0.506, -0.433, 0.441, joint_torque, 0.31, 0.54, 0.06, 0.38, 0.06, -0.03, 0.44, robot_mode, normal, 
13/05/2022 14:23:20:711, robot_pos, 1652448089890, 483.65, 232.54, 238.28, 2.32, -0.04, 3.06, circuit_pos, 480.57, 228.14, 239.39, 2.32, -0.04, 3.06, tool_force, 1.78, 0.58, 1.29, actual_rep, 1, curr_step, 58, track_size, 99, robot_vel, 49.05, joints_pos, 39.6, 40.46, -19.81, -97.24, 24.24, 42.82, 54.35, tool_torque, 0.329, -0.566, 0.438, joint_torque, 0.48, 0.57, 0.16, 0.21, 0.06, -0.2, 0.44, robot_mode, normal, 
13/05/2022 14:23:20:812, robot_pos, 1652448090038, 480.37, 226.89, 238.02, 2.32, -0.04, 3.06, circuit_pos, 475.9, 217.82, 238.46, 2.34, -0.05, 3.07, tool_force, 0.85, 1.38, 1.83, actual_rep, 1, curr_step, 56, track_size, 99, robot_vel, 42.39, joints_pos, 39.29, 39.95, -19.82, -98.25, 24.33, 42.44, 53.32, tool_torque, 0.564, -0.299, 0.413, joint_torque, 0.15, 1.08, 0.08, 0.3, 0.06, -0.02, 0.42, robot_mode, normal, 
13/05/2022 14:23:21:014, robot_pos, 1652448090194, 477.48, 220.67, 237.54, 2.33, -0.04, 3.07, circuit_pos, 474.04, 212.37, 237.73, 2.34, -0.05, 3.07, tool_force, 1.69, 0.47, 1.49, actual_rep, 1, curr_step, 55, track_size, 99, robot_vel, 42.13, joints_pos, 38.86, 39.57, -19.84, -99.08, 24.55, 42.44, 52.02, tool_torque, 0.374, -0.548, 0.439, joint_torque, 0.51, 0.49, 0.19, 0.27, 0.06, -0.17, 0.44, robot_mode, normal, 
13/05/2022 14:23:21:114, robot_pos, 1652448090342, 475.54, 214.94, 236.81, 2.34, -0.05, 3.07, circuit_pos, 472.65, 206.71, 236.9, 2.35, -0.05, 3.07, tool_force, 1.14, 0.74, 1.62, actual_rep, 1, curr_step, 54, track_size, 99, robot_vel, 47.9, joints_pos, 38.41, 39.31, -19.84, -99.7, 24.7, 42.45, 50.98, tool_torque, 0.438, -0.447, 0.431, joint_torque, 0.16, 0.81, -0.02, 0.31, 0.04, -0.13, 0.43, robot_mode, normal, 
13/05/2022 14:23:21:292, robot_pos, 1652448090492, 473.91, 209.07, 236.15, 2.34, -0.05, 3.07, circuit_pos, 472.04, 200.86, 236.12, 2.35, -0.06, 3.08, tool_force, 0.98, 1.53, 1.92, actual_rep, 1, curr_step, 53, track_size, 99, robot_vel, 41.72, joints_pos, 37.94, 39.04, -19.85, -100.37, 24.84, 42.26, 49.82, tool_torque, 0.597, -0.33, 0.426, joint_torque, 0.25, 1.04, 0.14, 0.17, 0.06, -0.01, 0.43, robot_mode, normal, 
13/05/2022 14:23:21:414, robot_pos, 1652448090641, 473.03, 203.31, 235.39, 2.35, -0.05, 3.08, circuit_pos, 472.12, 194.89, 235.39, 2.36, -0.06, 3.08, tool_force, 0.96, 0.49, 1.73, actual_rep, 1, curr_step, 52, track_size, 99, robot_vel, 40.88, joints_pos, 37.38, 38.94, -19.86, -100.72, 25.02, 42.62, 48.78, tool_torque, 0.315, -0.451, 0.393, joint_torque, 0.33, 0.68, 0.14, 0.26, 0.06, -0.21, 0.4, robot_mode, normal, 
13/05/2022 14:23:21:563, robot_pos, 1652448090796, 472.82, 197.36, 234.64, 2.35, -0.06, 3.08, circuit_pos, 472.86, 188.82, 234.79, 2.36, -0.06, 3.08, tool_force, 0.93, 0.92, 1.85, actual_rep, 1, curr_step, 51, track_size, 99, robot_vel, 40.77, joints_pos, 36.78, 38.83, -19.87, -101.09, 25.16, 42.64, 47.65, tool_torque, 0.42, -0.401, 0.382, joint_torque, 0.38, 0.85, 0.22, 0.26, 0.06, -0.14, 0.39, robot_mode, normal, 
13/05/2022 14:23:21:719, robot_pos, 1652448090938, 473.16, 191.76, 234.06, 2.36, -0.06, 3.08, circuit_pos, 474.0, 183.53, 234.35, 2.37, -0.06, 3.08, tool_force, 0.78, 0.93, 1.66, actual_rep, 1, curr_step, 50, track_size, 99, robot_vel, 38.99, joints_pos, 36.22, 38.75, -19.89, -101.38, 25.24, 42.58, 46.72, tool_torque, 0.49, -0.287, 0.368, joint_torque, 0.25, 0.67, 0.1, 0.32, 0.05, -0.05, 0.37, robot_mode, normal, 
13/05/2022 14:23:21:922, robot_pos, 1652448091090, 474.07, 185.9, 233.53, 2.36, -0.06, 3.08, circuit_pos, 475.44, 178.11, 233.97, 2.37, -0.06, 3.08, tool_force, 1.08, 1.12, 1.6, actual_rep, 1, curr_step, 49, track_size, 99, robot_vel, 45.44, joints_pos, 35.59, 38.71, -19.91, -101.58, 25.34, 42.55, 45.65, tool_torque, 0.551, -0.283, 0.362, joint_torque, 0.39, 0.74, 0.19, 0.29, 0.05, -0.01, 0.36, robot_mode, normal, 
13/05/2022 14:23:22:022, robot_pos, 1652448091236, 475.37, 180.16, 233.08, 2.37, -0.06, 3.08, circuit_pos, 477.2, 172.62, 233.55, 2.37, -0.06, 3.08, tool_force, 0.64, 0.85, 1.42, actual_rep, 1, curr_step, 48, track_size, 99, robot_vel, 42.22, joints_pos, 34.95, 38.7, -19.93, -101.7, 25.39, 42.55, 44.77, tool_torque, 0.48, -0.184, 0.356, joint_torque, 0.08, 0.67, 0.03, 0.3, 0.04, -0.02, 0.37, robot_mode, normal, 
13/05/2022 14:23:22:223, robot_pos, 1652448091386, 476.98, 174.36, 232.68, 2.37, -0.06, 3.08, circuit_pos, 478.97, 167.29, 233.08, 2.37, -0.06, 3.08, tool_force, 0.81, 0.85, 1.34, actual_rep, 1, curr_step, 47, track_size, 99, robot_vel, 38.64, joints_pos, 34.28, 38.71, -19.93, -101.78, 25.44, 42.54, 43.98, tool_torque, 0.481, -0.197, 0.354, joint_torque, 0.14, 0.62, 0.07, 0.31, 0.05, -0.02, 0.37, robot_mode, normal, 
13/05/2022 14:23:22:323, robot_pos, 1652448091536, 478.81, 168.54, 232.09, 2.37, -0.06, 3.08, circuit_pos, 480.96, 161.51, 232.39, 2.37, -0.06, 3.08, tool_force, 0.72, 0.77, 1.32, actual_rep, 1, curr_step, 46, track_size, 99, robot_vel, 42.53, joints_pos, 33.58, 38.77, -19.94, -101.8, 25.52, 42.54, 43.18, tool_torque, 0.503, -0.246, 0.358, joint_torque, 0.33, 0.69, 0.2, 0.27, 0.06, -0.03, 0.37, robot_mode, normal, 
13/05/2022 14:23:22:524, robot_pos, 1652448091684, 480.64, 162.77, 231.34, 2.37, -0.06, 3.08, circuit_pos, 483.04, 156.04, 231.64, 2.37, -0.06, 3.09, tool_force, 0.83, 0.19, 1.43, actual_rep, 1, curr_step, 45, track_size, 99, robot_vel, 39.96, joints_pos, 32.92, 38.86, -19.96, -101.79, 25.54, 42.59, 42.5, tool_torque, 0.314, -0.195, 0.333, joint_torque, 0.05, 0.47, 0.03, 0.18, 0.07, -0.1, 0.36, robot_mode, normal, 
13/05/2022 14:23:22:624, robot_pos, 1652448091832, 482.9, 156.89, 230.62, 2.37, -0.06, 3.09, circuit_pos, 485.37, 150.81, 230.98, 2.37, -0.06, 3.09, tool_force, 1.41, -0.16, 1.48, actual_rep, 1, curr_step, 44, track_size, 99, robot_vel, 43.1, joints_pos, 32.29, 39.05, -20.04, -101.61, 25.3, 42.85, 42.01, tool_torque, 0.194, -0.385, 0.368, joint_torque, 0.25, 0.49, 0.12, 0.08, 0.1, -0.21, 0.38, robot_mode, normal, 
13/05/2022 14:23:22:826, robot_pos, 1652448091985, 485.52, 151.0, 229.94, 2.37, -0.06, 3.09, circuit_pos, 488.14, 145.72, 230.36, 2.37, -0.06, 3.09, tool_force, 0.9, -0.3, 1.78, actual_rep, 1, curr_step, 43, track_size, 99, robot_vel, 40.97, joints_pos, 31.56, 39.23, -20.05, -101.42, 25.27, 43.0, 41.33, tool_torque, 0.164, -0.309, 0.345, joint_torque, 0.03, 0.67, 0.0, 0.0, 0.1, -0.22, 0.36, robot_mode, normal, 
13/05/2022 14:23:22:920, robot_pos, 1652448092132, 488.67, 145.3, 229.26, 2.37, -0.06, 3.09, circuit_pos, 491.33, 140.66, 229.82, 2.38, -0.06, 3.09, tool_force, 1.32, -0.09, 1.81, actual_rep, 1, curr_step, 42, track_size, 99, robot_vel, 49.22, joints_pos, 30.82, 39.46, -20.05, -101.13, 25.26, 43.18, 40.42, tool_torque, 0.275, -0.473, 0.371, joint_torque, 0.51, 0.62, 0.19, 0.07, 0.11, -0.22, 0.35, robot_mode, normal, 
13/05/2022 14:23:23:129, robot_pos, 1652448092281, 492.3, 139.37, 228.63, 2.38, -0.06, 3.09, circuit_pos, 497.75, 131.87, 229.05, 2.38, -0.06, 3.1, tool_force, 1.48, -0.5, 1.35, actual_rep, 1, curr_step, 40, track_size, 99, robot_vel, 45.32, joints_pos, 30.05, 39.79, -20.06, -100.65, 24.98, 43.61, 39.72, tool_torque, 0.078, -0.341, 0.334, joint_torque, 0.07, 0.45, 0.01, -0.03, 0.11, -0.24, 0.35, robot_mode, normal, 
13/05/2022 14:23:23:229, robot_pos, 1652448092430, 496.62, 133.67, 228.08, 2.38, -0.06, 3.1, circuit_pos, 501.06, 127.92, 228.67, 2.38, -0.07, 3.1, tool_force, 0.75, -0.62, 1.64, actual_rep, 1, curr_step, 39, track_size, 99, robot_vel, 49.95, joints_pos, 29.27, 40.16, -20.06, -100.05, 24.77, 44.09, 39.2, tool_torque, 0.083, -0.309, 0.327, joint_torque, 0.04, 0.61, -0.03, -0.02, 0.1, -0.25, 0.33, robot_mode, normal, 
13/05/2022 14:23:23:429, robot_pos, 1652448092580, 501.7, 127.86, 227.64, 2.37, -0.06, 3.1, circuit_pos, 508.92, 119.92, 228.16, 2.37, -0.06, 3.1, tool_force, 1.0, -0.3, 1.48, actual_rep, 1, curr_step, 37, track_size, 99, robot_vel, 50.39, joints_pos, 28.33, 40.61, -20.02, -99.29, 24.96, 44.68, 38.58, tool_torque, 0.251, -0.386, 0.356, joint_torque, 0.24, 0.62, 0.04, -0.05, 0.07, -0.18, 0.35, robot_mode, normal, 
13/05/2022 14:23:23:533, robot_pos, 1652448092727, 507.03, 122.09, 227.18, 2.37, -0.06, 3.1, circuit_pos, 512.54, 116.38, 227.7, 2.37, -0.05, 3.1, tool_force, 1.07, 0.05, 1.91, actual_rep, 1, curr_step, 36, track_size, 99, robot_vel, 53.08, joints_pos, 27.6, 41.01, -20.07, -98.61, 24.76, 44.82, 38.36, tool_torque, 0.193, -0.35, 0.338, joint_torque, 0.43, 0.73, 0.3, 0.02, 0.11, -0.21, 0.35, robot_mode, normal, 
13/05/2022 14:23:23:731, robot_pos, 1652448092878, 512.88, 116.31, 226.29, 2.37, -0.05, 3.1, circuit_pos, 518.08, 110.8, 225.78, 2.36, -0.05, 3.1, tool_force, 0.63, -0.59, 1.39, actual_rep, 1, curr_step, 34, track_size, 99, robot_vel, 50.16, joints_pos, 26.88, 41.5, -20.11, -97.87, 24.43, 44.8, 38.28, tool_torque, 0.13, -0.206, 0.168, joint_torque, 0.38, 0.34, 0.2, -0.01, 0.1, -0.11, 0.11, robot_mode, normal, 
13/05/2022 14:23:23:834, robot_pos, 1652448093026, 518.45, 111.0, 224.34, 2.36, -0.05, 3.1, circuit_pos, 526.1, 104.32, 221.72, 2.35, -0.04, 3.1, tool_force, 0.45, -0.71, 1.81, actual_rep, 1, curr_step, 31, track_size, 99, robot_vel, 55.09, joints_pos, 26.12, 42.11, -20.08, -97.1, 24.45, 44.89, 38.07, tool_torque, 0.189, -0.302, 0.273, joint_torque, 0.26, 0.52, 0.01, 0.09, 0.09, -0.18, 0.25, robot_mode, normal, 
13/05/2022 14:23:23:999, robot_pos, 1652448093176, 523.99, 106.57, 221.75, 2.35, -0.04, 3.1, circuit_pos, 533.09, 100.96, 218.68, 2.35, -0.03, 3.11, tool_force, 0.32, -0.54, 1.67, actual_rep, 1, curr_step, 29, track_size, 99, robot_vel, 51.36, joints_pos, 25.53, 42.81, -20.09, -96.3, 24.24, 44.77, 38.09, tool_torque, 0.137, -0.048, 0.144, joint_torque, 0.16, 0.54, 0.14, 0.12, 0.13, -0.06, 0.09, robot_mode, normal, 
13/05/2022 14:23:24:136, robot_pos, 1652448093325, 529.8, 103.75, 219.32, 2.35, -0.04, 3.11, circuit_pos, 541.87, 99.37, 215.93, 2.35, -0.02, 3.11, tool_force, 0.35, -1.22, 2.02, actual_rep, 1, curr_step, 27, track_size, 99, robot_vel, 47.22, joints_pos, 25.12, 43.58, -20.1, -95.29, 23.82, 44.95, 38.29, tool_torque, -0.053, -0.154, 0.021, joint_torque, 0.21, 0.53, 0.01, 0.09, 0.13, -0.22, -0.06, robot_mode, normal, 
13/05/2022 14:23:24:272, robot_pos, 1652448093475, 535.59, 102.39, 217.43, 2.35, -0.03, 3.11, circuit_pos, 547.94, 99.45, 214.4, 2.35, -0.02, 3.11, tool_force, 0.72, -1.13, 1.99, actual_rep, 1, curr_step, 26, track_size, 99, robot_vel, 40.52, joints_pos, 24.82, 44.29, -20.1, -94.3, 23.56, 45.05, 38.46, tool_torque, -0.127, -0.18, -0.012, joint_torque, 0.21, 0.41, -0.03, 0.12, 0.12, -0.24, -0.1, robot_mode, normal, 
13/05/2022 14:23:24:440, robot_pos, 1652448093623, 541.35, 101.14, 215.55, 2.35, -0.03, 3.11, circuit_pos, 547.94, 99.45, 214.4, 2.35, -0.02, 3.11, tool_force, 0.34, -1.12, 2.08, actual_rep, 1, curr_step, 26, track_size, 99, robot_vel, 42.19, joints_pos, 24.52, 45.02, -20.1, -93.26, 23.37, 45.22, 38.6, tool_torque, -0.172, -0.135, -0.041, joint_torque, 0.18, 0.51, 0.07, 0.07, 0.12, -0.25, -0.11, robot_mode, normal, 
13/05/2022 14:23:24:639, robot_pos, 1652448093774, 547.26, 100.43, 213.76, 2.35, -0.02, 3.11, circuit_pos, 552.75, 100.33, 213.06, 2.35, -0.01, 3.11, tool_force, 0.07, -0.99, 1.79, actual_rep, 1, curr_step, 25, track_size, 99, robot_vel, 41.97, joints_pos, 24.29, 45.72, -20.09, -92.23, 23.11, 45.3, 38.84, tool_torque, -0.057, -0.113, -0.018, joint_torque, 0.12, 0.61, -0.04, -0.03, 0.11, -0.19, -0.1, robot_mode, normal, 
13/05/2022 14:23:24:741, robot_pos, 1652448093921, 552.8, 101.37, 212.09, 2.35, -0.01, 3.11, circuit_pos, 561.73, 103.94, 210.6, 2.35, -0.01, 3.12, tool_force, 0.37, -1.13, 1.83, actual_rep, 1, curr_step, 23, track_size, 99, robot_vel, 36.69, joints_pos, 24.2, 46.44, -20.06, -91.13, 22.79, 45.5, 39.29, tool_torque, -0.101, -0.208, -0.019, joint_torque, 0.18, 0.52, -0.08, 0.09, 0.12, -0.25, -0.12, robot_mode, normal, 
13/05/2022 14:23:24:943, robot_pos, 1652448094072, 558.69, 103.0, 210.48, 2.35, -0.01, 3.12, circuit_pos, 566.75, 106.83, 209.31, 2.35, -0.02, 3.12, tool_force, 0.66, -0.89, 2.06, actual_rep, 1, curr_step, 22, track_size, 99, robot_vel, 43.01, joints_pos, 24.17, 47.24, -20.07, -89.84, 22.41, 46.08, 39.88, tool_torque, -0.094, -0.283, -0.011, joint_torque, 0.46, 0.52, 0.1, 0.06, 0.13, -0.27, -0.12, robot_mode, normal, 
13/05/2022 14:23:25:043, robot_pos, 1652448094219, 564.53, 105.74, 208.97, 2.35, -0.02, 3.12, circuit_pos, 572.02, 110.24, 208.21, 2.35, -0.02, 3.12, tool_force, 0.08, -1.3, 2.09, actual_rep, 1, curr_step, 21, track_size, 99, robot_vel, 45.97, joints_pos, 24.09, 48.09, -19.99, -88.41, 22.46, 46.94, 40.17, tool_torque, -0.069, -0.179, -0.0050, joint_torque, -0.16, 0.74, -0.32, 0.06, 0.07, -0.27, -0.1, robot_mode, normal, 
13/05/2022 14:23:25:245, robot_pos, 1652448094370, 570.34, 109.17, 207.66, 2.35, -0.02, 3.12, circuit_pos, 577.4, 114.29, 207.37, 2.35, -0.02, 3.12, tool_force, -0.06, -1.08, 2.43, actual_rep, 1, curr_step, 20, track_size, 99, robot_vel, 45.95, joints_pos, 24.08, 48.87, -19.91, -87.08, 22.54, 47.57, 40.54, tool_torque, -0.073, -0.206, -0.022, joint_torque, -0.11, 0.94, -0.26, -0.07, 0.06, -0.29, -0.12, robot_mode, normal, 
13/05/2022 14:23:25:348, robot_pos, 1652448094520, 576.12, 113.3, 206.68, 2.35, -0.02, 3.12, circuit_pos, 582.86, 118.76, 206.76, 2.35, -0.02, 3.13, tool_force, -0.14, -1.45, 2.14, actual_rep, 1, curr_step, 19, track_size, 99, robot_vel, 49.52, joints_pos, 24.15, 49.64, -19.86, -85.69, 22.54, 48.28, 41.02, tool_torque, -0.175, -0.102, -0.075, joint_torque, -0.2, 0.51, -0.14, -0.11, 0.08, -0.29, -0.13, robot_mode, normal, 
13/05/2022 14:23:25:548, robot_pos, 1652448094669, 582.12, 117.78, 205.91, 2.35, -0.02, 3.13, circuit_pos, 588.4, 123.46, 206.41, 2.35, -0.01, 3.13, tool_force, -0.69, -1.54, 2.03, actual_rep, 1, curr_step, 18, track_size, 99, robot_vel, 51.8, joints_pos, 24.33, 50.5, -19.87, -84.1, 22.11, 49.18, 41.9, tool_torque, -0.346, 0.063, -0.097, joint_torque, -0.46, 0.59, -0.15, -0.1, 0.12, -0.26, -0.13, robot_mode, normal, 
13/05/2022 14:23:25:624, robot_pos, 1652448094817, 587.8, 122.83, 205.4, 2.35, -0.01, 3.13, circuit_pos, 593.12, 127.86, 206.25, 2.35, -0.01, 3.13, tool_force, -0.86, -1.41, 1.95, actual_rep, 1, curr_step, 17, track_size, 99, robot_vel, 52.33, joints_pos, 24.55, 51.19, -19.82, -82.76, 21.7, 49.62, 42.79, tool_torque, -0.308, 0.079, -0.064, joint_torque, -0.52, 0.71, -0.21, 0.03, 0.11, -0.29, -0.09, robot_mode, normal, 
13/05/2022 14:23:25:853, robot_pos, 1652448094968, 593.26, 128.17, 205.02, 2.35, -0.01, 3.13, circuit_pos, 597.41, 132.91, 205.91, 2.34, -0.01, 3.14, tool_force, -0.89, -1.12, 1.35, actual_rep, 1, curr_step, 16, track_size, 99, robot_vel, 49.35, joints_pos, 24.75, 51.94, -19.75, -81.27, 21.35, 50.37, 43.87, tool_torque, -0.311, 0.057, -0.069, joint_torque, -0.45, 0.5, -0.17, 0.0, 0.14, -0.29, -0.09, robot_mode, normal, 
13/05/2022 14:23:25:951, robot_pos, 1652448095115, 597.81, 134.19, 204.55, 2.34, -0.01, 3.14, circuit_pos, 601.01, 139.35, 205.37, 2.34, -0.02, -3.14, tool_force, 0.14, -1.32, 1.45, actual_rep, 1, curr_step, 15, track_size, 99, robot_vel, 60.61, joints_pos, 25.0, 52.67, -19.69, -79.84, 21.02, 51.42, 45.01, tool_torque, -0.207, -0.118, -0.029, joint_torque, -0.06, 0.53, -0.09, -0.02, 0.1, -0.26, -0.08, robot_mode, normal, 
13/05/2022 14:23:26:152, robot_pos, 1652448095269, 600.88, 139.96, 203.95, 2.34, -0.02, -3.14, circuit_pos, 603.97, 146.3, 204.51, 2.33, -0.02, -3.13, tool_force, -0.79, -1.46, 1.69, actual_rep, 1, curr_step, 14, track_size, 99, robot_vel, 41.08, joints_pos, 25.24, 53.27, -19.61, -78.7, 20.99, 52.28, 45.89, tool_torque, -0.267, 0.0030, -0.044, joint_torque, -0.34, 0.72, -0.11, -0.04, 0.12, -0.29, -0.08, robot_mode, normal, 
13/05/2022 14:23:26:255, robot_pos, 1652448095414, 603.54, 145.71, 203.34, 2.33, -0.02, -3.13, circuit_pos, 606.79, 153.9, 203.36, 2.32, -0.02, -3.13, tool_force, -0.8, -0.93, 2.04, actual_rep, 1, curr_step, 13, track_size, 99, robot_vel, 44.12, joints_pos, 25.59, 53.83, -19.62, -77.68, 20.8, 52.98, 47.05, tool_torque, -0.303, 0.128, -0.073, joint_torque, -0.67, 0.51, -0.22, 0.12, 0.11, -0.29, -0.08, robot_mode, normal, 
13/05/2022 14:23:26:438, robot_pos, 1652448095567, 605.88, 151.54, 202.57, 2.32, -0.02, -3.13, circuit_pos, 610.26, 162.17, 202.23, 2.31, -0.01, -3.13, tool_force, -0.54, -1.14, 1.66, actual_rep, 1, curr_step, 12, track_size, 99, robot_vel, 40.31, joints_pos, 25.95, 54.32, -19.62, -76.81, 20.77, 53.37, 48.06, tool_torque, -0.254, 0.047, -0.075, joint_torque, -0.31, 0.72, -0.11, -0.12, 0.12, -0.25, -0.1, robot_mode, normal, 
13/05/2022 14:23:26:559, robot_pos, 1652448095712, 608.14, 157.27, 201.79, 2.32, -0.01, -3.13, circuit_pos, 613.82, 173.02, 200.94, 2.3, 0.0, -3.13, tool_force, -0.81, -1.22, 1.79, actual_rep, 1, curr_step, 11, track_size, 99, robot_vel, 44.01, joints_pos, 26.36, 54.78, -19.64, -75.85, 20.5, 53.61, 49.43, tool_torque, -0.284, 0.152, -0.085, joint_torque, -0.44, 0.39, -0.06, -0.02, 0.14, -0.24, -0.09, robot_mode, normal, 
13/05/2022 14:23:26:711, robot_pos, 1652448095867, 610.33, 163.19, 201.02, 2.31, -0.01, -3.13, circuit_pos, 613.82, 173.02, 200.94, 2.3, 0.0, -3.13, tool_force, -0.36, -1.24, 1.58, actual_rep, 1, curr_step, 11, track_size, 99, robot_vel, 47.01, joints_pos, 26.78, 55.23, -19.65, -75.23, 20.3, 53.74, 50.37, tool_torque, -0.292, 0.132, -0.07, joint_torque, -0.39, 0.65, -0.02, 0.01, 0.15, -0.26, -0.08, robot_mode, normal, 
13/05/2022 14:23:26:859, robot_pos, 1652448096011, 612.27, 168.87, 200.35, 2.3, 0.0, -3.13, circuit_pos, 616.29, 182.76, 200.06, 2.3, 0.0, -3.14, tool_force, -0.56, -1.3, 1.72, actual_rep, 1, curr_step, 10, track_size, 99, robot_vel, 43.37, joints_pos, 27.2, 55.66, -19.66, -74.48, 20.07, 53.88, 51.42, tool_torque, -0.298, 0.147, -0.072, joint_torque, -0.49, 0.46, -0.1, 0.07, 0.13, -0.26, -0.07, robot_mode, normal, 
13/05/2022 14:23:26:987, robot_pos, 1652448096165, 614.0, 174.81, 199.77, 2.3, 0.0, -3.13, circuit_pos, 616.29, 182.76, 200.06, 2.3, 0.0, -3.14, tool_force, -0.35, -0.98, 1.77, actual_rep, 1, curr_step, 10, track_size, 99, robot_vel, 41.21, joints_pos, 27.54, 56.01, -19.59, -73.83, 20.06, 53.92, 52.09, tool_torque, -0.166, 0.038, -0.055, joint_torque, -0.33, 0.45, -0.16, 0.04, 0.09, -0.22, -0.09, robot_mode, normal, 
13/05/2022 14:23:27:160, robot_pos, 1652448096313, 615.43, 180.5, 199.24, 2.3, 0.0, -3.14, circuit_pos, 618.07, 193.54, 199.34, 2.3, 0.0, 3.14, tool_force, -0.72, -0.96, 1.99, actual_rep, 1, curr_step, 9, track_size, 99, robot_vel, 53.01, joints_pos, 27.87, 56.34, -19.54, -73.23, 20.11, 53.98, 52.66, tool_torque, -0.147, 0.0020, -0.026, joint_torque, -0.37, 0.71, -0.16, 0.03, 0.06, -0.27, -0.05, robot_mode, normal, 
13/05/2022 14:23:27:362, robot_pos, 1652448096463, 616.6, 186.34, 198.79, 2.3, 0.0, -3.14, circuit_pos, 618.07, 193.54, 199.34, 2.3, 0.0, 3.14, tool_force, -0.38, -1.45, 1.1, actual_rep, 1, curr_step, 9, track_size, 99, robot_vel, 41.26, joints_pos, 28.26, 56.67, -19.53, -72.64, 20.18, 54.08, 53.21, tool_torque, -0.226, -0.011, -0.031, joint_torque, -0.45, 0.38, -0.24, 0.06, 0.04, -0.27, -0.05, robot_mode, normal, 
13/05/2022 14:23:27:464, robot_pos, 1652448096610, 617.68, 192.07, 198.42, 2.3, 0.0, 3.14, circuit_pos, 619.33, 204.63, 198.88, 2.3, 0.01, 3.13, tool_force, -0.99, -0.65, 1.97, actual_rep, 1, curr_step, 8, track_size, 99, robot_vel, 40.32, joints_pos, 28.63, 56.97, -19.53, -72.07, 20.23, 54.17, 53.74, tool_torque, -0.079, 0.104, -0.026, joint_torque, -0.48, 0.79, -0.11, -0.04, 0.06, -0.2, -0.04, robot_mode, normal, 
13/05/2022 14:23:27:588, robot_pos, 1652448096761, 618.47, 197.9, 198.13, 2.3, 0.0, 3.14, circuit_pos, 619.33, 204.63, 198.88, 2.3, 0.01, 3.13, tool_force, -0.08, -0.76, 0.89, actual_rep, 1, curr_step, 8, track_size, 99, robot_vel, 38.78, joints_pos, 29.09, 57.21, -19.56, -71.63, 20.22, 54.02, 54.32, tool_torque, -0.0090, 0.18, -0.058, joint_torque, -0.36, 0.35, -0.09, 0.02, 0.07, -0.06, -0.06, robot_mode, normal, 
13/05/2022 14:23:27:766, robot_pos, 1652448096935, 619.09, 204.81, 197.96, 2.3, 0.0, 3.13, circuit_pos, 619.92, 216.18, 198.76, 2.31, 0.0, 3.12, tool_force, -0.38, -0.9, 1.23, actual_rep, 1, curr_step, 7, track_size, 99, robot_vel, 36.23, joints_pos, 29.51, 57.46, -19.5, -71.13, 20.36, 53.99, 54.69, tool_torque, 0.01, 0.015, 0.01, joint_torque, -0.18, 0.19, -0.14, 0.17, 0.05, -0.11, -0.01, robot_mode, normal, 
13/05/2022 14:23:27:891, robot_pos, 1652448097059, 619.52, 209.42, 197.8, 2.31, 0.0, 3.13, circuit_pos, 619.92, 216.18, 198.76, 2.31, 0.0, 3.12, tool_force, -0.45, -0.8, 1.39, actual_rep, 1, curr_step, 7, track_size, 99, robot_vel, 40.82, joints_pos, 29.76, 57.65, -19.43, -70.74, 20.61, 54.02, 54.76, tool_torque, -0.051, 0.019, 0.0070, joint_torque, -0.28, 0.5, -0.17, 0.05, 0.05, -0.16, -0.02, robot_mode, normal, 
13/05/2022 14:23:28:063, robot_pos, 1652448097207, 619.85, 215.26, 197.77, 2.31, 0.0, 3.12, circuit_pos, 619.98, 227.9, 199.03, 2.32, 0.0, 3.11, tool_force, -0.95, -0.86, 1.39, actual_rep, 1, curr_step, 6, track_size, 99, robot_vel, 52.68, joints_pos, 30.12, 57.84, -19.4, -70.33, 20.82, 54.05, 54.9, tool_torque, -0.082, 0.063, 0.0, joint_torque, -0.54, 0.69, -0.21, -0.07, 0.04, -0.18, -0.01, robot_mode, normal, 
13/05/2022 14:23:28:189, robot_pos, 1652448097358, 619.98, 221.15, 197.81, 2.31, 0.0, 3.12, circuit_pos, 619.98, 227.9, 199.03, 2.32, 0.0, 3.11, tool_force, -0.46, -0.89, 1.34, actual_rep, 1, curr_step, 6, track_size, 99, robot_vel, 40.47, joints_pos, 30.53, 58.03, -19.4, -69.94, 21.05, 54.02, 55.02, tool_torque, -0.031, 0.036, 0.0060, joint_torque, -0.28, 0.47, -0.1, 0.06, 0.04, -0.14, -0.01, robot_mode, normal, 
13/05/2022 14:23:28:338, robot_pos, 1652448097507, 620.03, 226.84, 197.99, 2.32, 0.0, 3.11, circuit_pos, 619.55, 239.35, 199.74, 2.33, 0.0, 3.1, tool_force, -0.34, -0.53, 1.61, actual_rep, 1, curr_step, 5, track_size, 99, robot_vel, 34.74, joints_pos, 30.91, 58.19, -19.41, -69.59, 21.24, 54.01, 55.14, tool_torque, 0.013, 0.078, -0.0020, joint_torque, -0.36, 0.65, -0.1, 0.01, 0.04, -0.11, -0.01, robot_mode, normal, 
13/05/2022 14:23:28:492, robot_pos, 1652448097658, 619.94, 232.69, 198.26, 2.32, 0.0, 3.11, circuit_pos, 619.55, 239.35, 199.74, 2.33, 0.0, 3.1, tool_force, -0.35, -0.55, 1.1, actual_rep, 1, curr_step, 5, track_size, 99, robot_vel, 40.1, joints_pos, 31.33, 58.33, -19.41, -69.24, 21.44, 53.97, 55.25, tool_torque, 0.059, 0.127, -0.015, joint_torque, -0.42, 0.52, -0.13, 0.04, 0.04, -0.06, -0.02, robot_mode, normal, 
13/05/2022 14:23:28:672, robot_pos, 1652448097805, 619.58, 238.41, 198.6, 2.33, 0.0, 3.1, circuit_pos, 618.61, 250.37, 200.73, 2.34, -0.01, 3.1, tool_force, -0.58, -0.88, 1.77, actual_rep, 1, curr_step, 4, track_size, 99, robot_vel, 38.94, joints_pos, 31.72, 58.47, -19.41, -68.89, 21.66, 54.06, 55.33, tool_torque, -0.133, 0.098, -0.023, joint_torque, -0.6, 0.61, -0.17, -0.02, 0.03, -0.21, -0.01, robot_mode, normal, 
13/05/2022 14:23:28:790, robot_pos, 1652448097956, 619.23, 244.2, 199.0, 2.33, -0.01, 3.1, circuit_pos, 618.61, 250.37, 200.73, 2.34, -0.01, 3.1, tool_force, -0.26, -1.1, 1.49, actual_rep, 1, curr_step, 4, track_size, 99, robot_vel, 37.54, joints_pos, 32.08, 58.64, -19.39, -68.45, 21.9, 54.35, 55.4, tool_torque, -0.204, 0.023, -0.012, joint_torque, -0.66, 0.65, -0.27, -0.03, 0.02, -0.29, -0.01, robot_mode, normal, 
13/05/2022 14:23:28:977, robot_pos, 1652448098114, 618.8, 250.42, 199.51, 2.34, -0.01, 3.1, circuit_pos, 617.23, 260.65, 201.8, 2.34, -0.01, 3.09, tool_force, -0.38, -0.9, 1.57, actual_rep, 1, curr_step, 3, track_size, 99, robot_vel, 37.77, joints_pos, 32.49, 58.79, -19.38, -68.05, 22.12, 54.48, 55.66, tool_torque, -0.137, -0.01, -0.0060, joint_torque, -0.32, 0.51, -0.16, 0.04, 0.04, -0.24, -0.02, robot_mode, normal, 
13/05/2022 14:23:29:090, robot_pos, 1652448098254, 618.15, 255.88, 200.11, 2.34, -0.01, 3.09, circuit_pos, 615.8, 269.32, 202.82, 2.35, -0.02, 3.08, tool_force, -0.51, -1.12, 1.45, actual_rep, 1, curr_step, 2, track_size, 99, robot_vel, 39.96, joints_pos, 32.89, 58.86, -19.4, -67.8, 22.3, 54.48, 55.94, tool_torque, -0.152, 0.086, -0.022, joint_torque, -0.39, 0.48, -0.1, 0.03, 0.05, -0.21, -0.02, robot_mode, normal, 
13/05/2022 14:23:29:277, robot_pos, 1652448098403, 617.28, 261.69, 200.68, 2.34, -0.01, 3.09, circuit_pos, 615.8, 269.32, 202.82, 2.35, -0.02, 3.08, tool_force, 0.28, -0.73, 1.49, actual_rep, 1, curr_step, 2, track_size, 99, robot_vel, 39.26, joints_pos, 33.27, 58.93, -19.36, -67.55, 22.69, 54.49, 55.97, tool_torque, -0.09, -0.131, 0.13, joint_torque, -0.15, 0.37, -0.15, 0.09, 0.04, -0.26, 0.14, robot_mode, normal, 
13/05/2022 14:23:29:393, robot_pos, 1652448098553, 616.32, 267.59, 201.28, 2.35, -0.02, 3.08, circuit_pos, 614.15, 276.57, 203.47, 2.36, -0.03, 3.07, tool_force, -0.21, -0.45, 1.58, actual_rep, 1, curr_step, 1, track_size, 99, robot_vel, 42.33, joints_pos, 33.6, 58.99, -19.28, -67.31, 23.15, 54.52, 55.85, tool_torque, -0.0050, -0.11, 0.246, joint_torque, -0.45, 0.57, -0.21, 0.05, 0.04, -0.25, 0.26, robot_mode, normal, 
13/05/2022 14:23:29:581, robot_pos, 1652448098702, 615.27, 273.36, 201.9, 2.35, -0.03, 3.07, circuit_pos, 612.88, 280.93, 203.72, 2.36, -0.03, 3.07, tool_force, 0.15, -0.46, 1.22, actual_rep, 1, curr_step, 0, track_size, 99, robot_vel, 45.63, joints_pos, 33.92, 59.02, -19.18, -67.1, 23.73, 54.52, 55.56, tool_torque, 0.035, -0.144, 0.322, joint_torque, -0.46, 0.38, -0.27, 0.06, 0.04, -0.21, 0.34, robot_mode, normal, 
13/05/2022 14:23:29:691, robot_pos, 1652448098852, 614.48, 276.71, 202.24, 2.36, -0.03, 3.07, circuit_pos, 612.88, 280.93, 203.72, 2.36, -0.03, 3.07, tool_force, 1.22, 0.31, 1.61, actual_rep, 1, curr_step, 0, track_size, 99, robot_vel, 10.44, joints_pos, 34.17, 59.05, -19.27, -67.03, 24.11, 54.53, 55.38, tool_torque, 0.027, -0.218, 0.269, joint_torque, 0.34, 0.54, 0.31, 0.18, 0.07, -0.26, 0.3, robot_mode, normal, 
13/05/2022 14:23:29:881, robot_pos, 1652448099004, 614.45, 276.75, 202.24, 2.36, -0.03, 3.07, circuit_pos, 612.88, 280.93, 203.72, 2.36, -0.03, 3.07, tool_force, -0.03, -0.35, 1.47, actual_rep, 1, curr_step, 0, track_size, 99, robot_vel, 3.43, joints_pos, 34.21, 59.06, -19.36, -67.04, 24.31, 54.53, 55.24, tool_torque, -0.097, 0.077, 0.212, joint_torque, -0.41, 0.47, 0.16, 0.12, 0.07, -0.24, 0.3, robot_mode, normal, 
13/05/2022 14:23:29:993, robot_pos, 1652448099152, 614.47, 276.71, 202.25, 2.36, -0.03, 3.07, circuit_pos, 612.88, 280.93, 203.72, 2.36, -0.03, 3.07, tool_force, 0.1, -0.06, 1.58, actual_rep, 1, curr_step, 0, track_size, 99, robot_vel, 0.64, joints_pos, 34.21, 59.06, -19.36, -67.04, 24.3, 54.54, 55.23, tool_torque, -0.048, 0.02, 0.214, joint_torque, -0.3, 0.53, 0.12, 0.18, 0.07, -0.26, 0.28, robot_mode, normal, 
13/05/2022 14:23:30:184, robot_pos, 1652448099313, 614.48, 276.7, 202.25, 2.36, -0.03, 3.07, circuit_pos, 612.88, 280.93, 203.72, 2.36, -0.03, 3.07, tool_force, -0.24, 0.01, 1.78, actual_rep, 1, curr_step, 0, track_size, 99, robot_vel, 0.15, joints_pos, 34.21, 59.06, -19.36, -67.04, 24.3, 54.54, 55.23, tool_torque, -0.054, 0.059, 0.209, joint_torque, -0.41, 0.61, 0.09, 0.13, 0.08, -0.26, 0.27, robot_mode, normal, 
13/05/2022 14:23:30:292, robot_pos, 1652448099454, 614.48, 276.7, 202.26, 2.36, -0.03, 3.07, circuit_pos, 612.88, 280.93, 203.72, 2.36, -0.03, 3.07, tool_force, -0.22, -0.1, 1.67, actual_rep, 1, curr_step, 0, track_size, 99, robot_vel, 0.1, joints_pos, 34.21, 59.06, -19.36, -67.04, 24.3, 54.54, 55.23, tool_torque, -0.068, 0.062, 0.207, joint_torque, -0.45, 0.55, 0.06, 0.13, 0.07, -0.26, 0.27, robot_mode, normal, 
13/05/2022 14:23:30:486, robot_pos, 1652448099604, 614.48, 276.69, 202.26, 2.36, -0.03, 3.07, circuit_pos, 612.88, 280.93, 203.72, 2.36, -0.03, 3.07, tool_force, -0.24, -0.09, 1.69, actual_rep, 1, curr_step, 0, track_size, 99, robot_vel, 0.06, joints_pos, 34.21, 59.06, -19.36, -67.04, 24.3, 54.54, 55.23, tool_torque, -0.061, 0.052, 0.211, joint_torque, -0.4, 0.57, 0.08, 0.14, 0.08, -0.26, 0.27, robot_mode, normal, 
13/05/2022 14:23:31:044, robot_pos, 1652448099757, 614.48, 276.69, 202.26, 2.36, -0.03, 3.07, circuit_pos, 612.88, 280.93, 203.72, 2.36, -0.03, 3.07, tool_force, -0.19, -0.05, 1.72, actual_rep, 2, curr_step, 0, track_size, 99, robot_vel, 0.02, joints_pos, 34.21, 59.06, -19.36, -67.04, 24.3, 54.54, 55.23, tool_torque, -0.052, 0.039, 0.213, joint_torque, -0.36, 0.58, 0.09, 0.14, 0.08, -0.25, 0.27, robot_mode, normal, 
