08/06/2022 15:29:49: File Created!
08/06/2022 15:29:49:815, robot_pos, 1654698463301, 600.84, -167.63, 324.31, 2.36, 0.03, 3.09, circuit_pos, 599.59, -167.21, 324.59, 2.36, 0.03, 3.09, tool_force, -5.11, 2.22, 0.98, actual_rep, 1, curr_step, 1, track_size, 143, robot_vel, 37.8, joints_pos, -4.67, 42.63, -17.97, -76.88, 15.93, 59.72, 19.23, tool_torque, 0.507, -1.648, 0.34, joint_torque, -0.8, -0.52, -1.64, 2.54, -0.62, -2.08, 0.3, robot_mode, normal, 
08/06/2022 15:29:49:951, robot_pos, 1654698463450, 601.09, -167.83, 324.33, 2.36, 0.04, 3.09, circuit_pos, 600.19, -167.61, 326.23, 2.37, 0.04, 3.1, tool_force, -5.54, 2.28, 1.63, actual_rep, 1, curr_step, 3, track_size, 143, robot_vel, 7.69, joints_pos, -4.64, 42.64, -17.97, -76.86, 15.75, 59.65, 19.32, tool_torque, 0.224, -1.644, 0.157, joint_torque, -0.92, -0.86, -1.49, 2.56, -0.58, -2.11, 0.15, robot_mode, normal, 
08/06/2022 15:29:50:122, robot_pos, 1654698463598, 601.04, -167.91, 325.19, 2.36, 0.04, 3.09, circuit_pos, 601.36, -167.67, 331.84, 2.37, 0.04, 3.11, tool_force, -4.31, 1.79, 0.44, actual_rep, 1, curr_step, 5, track_size, 143, robot_vel, 10.32, joints_pos, -4.68, 42.58, -17.97, -76.83, 15.89, 59.71, 19.07, tool_torque, 0.452, -1.935, 0.419, joint_torque, -0.96, -0.97, -1.83, 2.57, -0.69, -2.24, 0.4, robot_mode, normal, 
08/06/2022 15:29:50:225, robot_pos, 1654698463747, 601.99, -168.05, 330.45, 2.37, 0.04, 3.11, circuit_pos, 602.73, -167.48, 339.73, 2.38, 0.05, 3.12, tool_force, -6.04, 1.15, 2.21, actual_rep, 1, curr_step, 7, track_size, 143, robot_vel, 47.53, joints_pos, -4.51, 42.34, -17.97, -76.36, 14.59, 60.27, 19.47, tool_torque, -0.098, -1.715, 0.12, joint_torque, -1.25, -0.39, -1.39, 2.45, -0.47, -2.31, 0.14, robot_mode, normal, 
08/06/2022 15:29:50:422, robot_pos, 1654698463900, 603.01, -168.12, 335.95, 2.38, 0.05, 3.12, circuit_pos, 605.11, -165.8, 351.92, 2.39, 0.07, -3.12, tool_force, -5.81, 0.89, 2.23, actual_rep, 1, curr_step, 10, track_size, 143, robot_vel, 34.01, joints_pos, -4.37, 42.05, -17.97, -75.95, 13.53, 60.7, 19.87, tool_torque, -0.152, -1.539, 0.074, joint_torque, -1.22, 0.09, -1.24, 2.23, -0.43, -2.22, 0.09, robot_mode, normal, 
08/06/2022 15:29:50:539, robot_pos, 1654698464047, 604.06, -167.36, 341.75, 2.38, 0.06, 3.14, circuit_pos, 606.45, -163.34, 359.53, 2.4, 0.08, -3.09, tool_force, -5.8, 1.48, 2.66, actual_rep, 1, curr_step, 12, track_size, 143, robot_vel, 38.45, joints_pos, -4.06, 41.77, -17.97, -75.49, 11.94, 61.25, 20.68, tool_torque, -0.123, -1.579, 0.042, joint_torque, -1.19, -0.11, -1.24, 2.41, -0.53, -2.29, 0.08, robot_mode, normal, 
08/06/2022 15:29:50:741, robot_pos, 1654698464198, 605.16, -166.13, 347.68, 2.39, 0.07, -3.13, circuit_pos, 607.17, -161.73, 364.27, 2.4, 0.09, -3.07, tool_force, -5.59, 1.31, 2.46, actual_rep, 1, curr_step, 13, track_size, 143, robot_vel, 40.47, joints_pos, -3.71, 41.51, -17.97, -75.0, 10.36, 61.94, 21.59, tool_torque, -0.044, -1.589, 0.063, joint_torque, -1.14, -0.23, -1.27, 2.39, -0.6, -2.24, 0.09, robot_mode, normal, 
08/06/2022 15:29:50:841, robot_pos, 1654698464348, 606.16, -164.93, 353.61, 2.39, 0.08, -3.1, circuit_pos, 607.17, -161.73, 364.27, 2.4, 0.09, -3.07, tool_force, -5.73, 1.31, 2.4, actual_rep, 1, curr_step, 13, track_size, 143, robot_vel, 38.32, joints_pos, -3.35, 41.26, -17.97, -74.5, 8.71, 62.63, 22.54, tool_torque, 0.098, -1.666, 0.096, joint_torque, -0.93, -0.12, -1.24, 2.65, -0.68, -2.33, 0.1, robot_mode, normal, 
08/06/2022 15:29:51:047, robot_pos, 1654698464499, 607.21, -163.63, 359.38, 2.4, 0.09, -3.08, circuit_pos, 607.17, -161.73, 364.27, 2.4, 0.09, -3.07, tool_force, -6.39, 0.74, 2.91, actual_rep, 1, curr_step, 13, track_size, 143, robot_vel, 41.77, joints_pos, -3.01, 41.03, -17.97, -74.0, 7.22, 63.34, 23.37, tool_torque, -0.023, -1.566, 0.123, joint_torque, -1.46, -0.41, -1.52, 2.63, -0.69, -2.27, 0.15, robot_mode, normal, 
08/06/2022 15:29:51:150, robot_pos, 1654698464649, 608.15, -161.82, 365.22, 2.4, 0.09, -3.06, circuit_pos, 609.05, -157.6, 373.96, 2.4, 0.1, -3.03, tool_force, -5.87, 0.3, 2.14, actual_rep, 1, curr_step, 15, track_size, 143, robot_vel, 41.68, joints_pos, -2.64, 40.87, -17.97, -73.38, 5.7, 64.41, 24.3, tool_torque, -0.07, -1.633, 0.126, joint_torque, -1.47, -0.51, -1.44, 2.61, -0.7, -2.26, 0.15, robot_mode, normal, 
08/06/2022 15:29:51:451, robot_pos, 1654698464949, 610.36, -156.89, 376.62, 2.4, 0.11, -3.02, circuit_pos, 610.7, -153.31, 382.76, 2.4, 0.11, -3.0, tool_force, -5.74, 1.09, 2.48, actual_rep, 1, curr_step, 17, track_size, 143, robot_vel, 42.82, joints_pos, -1.73, 40.49, -17.97, -72.34, 2.64, 66.08, 26.49, tool_torque, -0.095, -1.509, 0.113, joint_torque, -0.94, 0.03, -0.98, 2.15, -0.59, -2.15, 0.12, robot_mode, normal, 
08/06/2022 15:29:51:652, robot_pos, 1654698465099, 611.66, -154.11, 382.41, 2.4, 0.12, -3.0, circuit_pos, 611.62, -150.79, 387.66, 2.39, 0.12, -2.98, tool_force, -5.67, 1.72, 2.75, actual_rep, 1, curr_step, 18, track_size, 143, robot_vel, 45.64, joints_pos, -1.25, 40.39, -17.97, -71.67, 1.1, 67.2, 27.84, tool_torque, -0.134, -1.318, 0.084, joint_torque, -0.87, 0.3, -0.89, 2.1, -0.58, -2.0, 0.1, robot_mode, normal, 
08/06/2022 15:29:51:752, robot_pos, 1654698465247, 612.93, -151.01, 388.23, 2.39, 0.13, -2.98, circuit_pos, 612.68, -148.32, 392.56, 2.39, 0.13, -2.97, tool_force, -6.12, 1.86, 2.8, actual_rep, 1, curr_step, 19, track_size, 143, robot_vel, 45.65, joints_pos, -0.77, 40.23, -17.97, -71.12, -0.26, 68.06, 29.13, tool_torque, -0.023, -1.335, 0.074, joint_torque, -1.16, 0.51, -1.12, 1.78, -0.76, -1.87, 0.08, robot_mode, normal, 
08/06/2022 15:29:51:959, robot_pos, 1654698465397, 613.93, -148.12, 394.04, 2.39, 0.14, -2.96, circuit_pos, 614.75, -143.33, 402.14, 2.4, 0.15, -2.94, tool_force, -5.52, 1.34, 2.16, actual_rep, 1, curr_step, 21, track_size, 143, robot_vel, 45.05, joints_pos, -0.28, 40.03, -17.97, -70.65, -1.75, 68.81, 30.28, tool_torque, -0.254, -1.198, 0.053, joint_torque, -1.19, 0.58, -0.93, 1.54, -0.56, -1.82, 0.08, robot_mode, normal, 
08/06/2022 15:29:52:058, robot_pos, 1654698465544, 615.21, -145.14, 399.6, 2.4, 0.15, -2.94, circuit_pos, 615.82, -140.88, 406.9, 2.4, 0.16, -2.93, tool_force, -5.11, 2.25, 3.51, actual_rep, 1, curr_step, 22, track_size, 143, robot_vel, 45.54, joints_pos, 0.17, 39.83, -17.97, -70.21, -2.88, 69.36, 30.87, tool_torque, -0.113, -1.208, 0.067, joint_torque, -0.79, 0.98, -0.67, 1.49, -0.59, -1.83, 0.09, robot_mode, normal, 
08/06/2022 15:29:52:256, robot_pos, 1654698465696, 616.42, -142.35, 405.09, 2.4, 0.16, -2.93, circuit_pos, 616.77, -138.75, 411.48, 2.4, 0.18, -2.91, tool_force, -5.1, 2.15, 3.65, actual_rep, 1, curr_step, 23, track_size, 143, robot_vel, 42.61, joints_pos, 0.62, 39.62, -17.97, -69.81, -4.08, 69.83, 31.66, tool_torque, 0.039, -1.274, 0.063, joint_torque, -1.03, 1.38, -0.91, 1.16, -0.77, -1.76, 0.07, robot_mode, normal, 
08/06/2022 15:29:52:357, robot_pos, 1654698465843, 617.51, -139.64, 410.1, 2.4, 0.18, -2.91, circuit_pos, 618.0, -134.84, 419.67, 2.41, 0.2, -2.89, tool_force, -4.66, 3.09, 3.09, actual_rep, 1, curr_step, 25, track_size, 143, robot_vel, 45.24, joints_pos, 1.15, 39.43, -17.97, -69.49, -5.73, 70.18, 32.79, tool_torque, -0.014, -1.209, 0.047, joint_torque, -0.13, 1.65, -0.23, 1.06, -0.57, -1.68, 0.04, robot_mode, normal, 
08/06/2022 15:29:52:566, robot_pos, 1654698465994, 618.27, -137.3, 415.88, 2.41, 0.2, -2.89, circuit_pos, 618.66, -129.34, 431.24, 2.42, 0.24, -2.84, tool_force, -5.13, 2.94, 4.16, actual_rep, 1, curr_step, 28, track_size, 143, robot_vel, 38.48, joints_pos, 1.61, 39.15, -17.97, -69.22, -7.22, 70.5, 33.58, tool_torque, -0.22, -0.975, 0.0010, joint_torque, -0.53, 1.32, -0.18, 1.18, -0.37, -1.69, 0.02, robot_mode, normal, 
08/06/2022 15:29:52:666, robot_pos, 1654698466141, 618.81, -134.11, 421.61, 2.41, 0.22, -2.87, circuit_pos, 619.74, -125.04, 439.88, 2.43, 0.27, -2.81, tool_force, -4.24, 2.8, 3.72, actual_rep, 1, curr_step, 30, track_size, 143, robot_vel, 44.69, joints_pos, 2.24, 38.84, -17.97, -69.03, -9.18, 70.82, 34.72, tool_torque, -0.163, -1.115, -0.0050, joint_torque, -0.41, 1.52, -0.26, 0.88, -0.51, -1.61, 0.0, robot_mode, normal, 
08/06/2022 15:29:52:868, robot_pos, 1654698466295, 619.4, -131.36, 427.59, 2.42, 0.24, -2.85, circuit_pos, 619.74, -125.04, 439.88, 2.43, 0.27, -2.81, tool_force, -4.72, 3.77, 3.93, actual_rep, 1, curr_step, 30, track_size, 143, robot_vel, 43.29, joints_pos, 2.78, 38.59, -17.97, -68.74, -10.92, 71.27, 35.58, tool_torque, -0.217, -0.995, -0.0090, joint_torque, 0.11, 1.79, 0.18, 1.02, -0.36, -1.67, 0.0, robot_mode, normal, 
08/06/2022 15:29:52:974, robot_pos, 1654698466441, 620.1, -128.5, 433.23, 2.43, 0.26, -2.83, circuit_pos, 619.74, -125.04, 439.88, 2.43, 0.27, -2.81, tool_force, -4.39, 4.04, 4.51, actual_rep, 1, curr_step, 30, track_size, 143, robot_vel, 43.04, joints_pos, 3.32, 38.37, -17.97, -68.44, -12.6, 71.73, 36.41, tool_torque, -0.143, -1.022, -0.021, joint_torque, -0.1, 1.91, 0.06, 0.93, -0.46, -1.64, -0.01, robot_mode, normal, 
08/06/2022 15:29:53:167, robot_pos, 1654698466598, 620.72, -125.52, 439.47, 2.43, 0.28, -2.8, circuit_pos, 620.28, -122.66, 444.57, 2.44, 0.29, -2.79, tool_force, -4.27, 3.32, 3.74, actual_rep, 1, curr_step, 31, track_size, 143, robot_vel, 36.62, joints_pos, 3.9, 38.11, -17.97, -68.15, -14.43, 72.17, 37.24, tool_torque, -0.159, -0.9, 0.014, joint_torque, -0.19, 1.68, 0.02, 0.84, -0.4, -1.48, 0.03, robot_mode, normal, 
08/06/2022 15:29:53:269, robot_pos, 1654698466744, 621.16, -123.12, 443.44, 2.44, 0.29, -2.79, circuit_pos, 620.63, -120.19, 449.21, 2.45, 0.3, -2.77, tool_force, -3.03, 5.17, 3.31, actual_rep, 1, curr_step, 32, track_size, 143, robot_vel, 37.18, joints_pos, 4.29, 37.93, -17.95, -68.02, -15.57, 72.42, 37.78, tool_torque, 0.251, -0.968, 0.09, joint_torque, 0.92, 3.09, 0.63, 0.23, -0.39, -1.34, 0.07, robot_mode, sine_overlay, 
08/06/2022 15:29:53:473, robot_pos, 1654698466876, 621.23, -123.03, 443.98, 2.44, 0.29, -2.79, circuit_pos, 620.63, -120.19, 449.21, 2.45, 0.3, -2.77, tool_force, -6.77, 7.29, 4.18, actual_rep, 1, curr_step, 32, track_size, 143, robot_vel, 33.63, joints_pos, 4.33, 37.9, -17.99, -68.01, -15.63, 72.34, 37.85, tool_torque, 0.263, -0.823, 0.228, joint_torque, 0.51, 2.8, 0.47, 1.07, -0.46, -1.46, 0.25, robot_mode, sine_overlay, 
08/06/2022 15:29:53:579, robot_pos, 1654698467025, 622.04, -122.2, 446.22, 2.45, 0.3, -2.78, circuit_pos, 620.73, -117.54, 453.61, 2.45, 0.31, -2.75, tool_force, -2.33, 2.99, 1.25, actual_rep, 1, curr_step, 33, track_size, 143, robot_vel, 10.06, joints_pos, 4.55, 37.9, -17.99, -67.76, -16.53, 72.6, 38.06, tool_torque, -0.157, -1.083, 0.073, joint_torque, 0.37, -0.01, 0.11, 1.49, -0.55, -1.41, 0.11, robot_mode, sine_overlay, 
08/06/2022 15:29:53:779, robot_pos, 1654698467176, 622.63, -119.62, 450.04, 2.45, 0.32, -2.75, circuit_pos, 620.7, -114.9, 457.62, 2.46, 0.32, -2.74, tool_force, -3.73, 3.79, 2.38, actual_rep, 1, curr_step, 34, track_size, 143, robot_vel, 37.6, joints_pos, 5.01, 37.96, -17.99, -67.35, -18.06, 73.46, 38.88, tool_torque, -0.14, -0.885, 0.061, joint_torque, 0.3, 1.6, 0.4, 1.09, -0.38, -1.52, 0.09, robot_mode, sine_overlay, 
08/06/2022 15:29:53:881, robot_pos, 1654698467328, 623.35, -117.74, 452.91, 2.46, 0.32, -2.74, circuit_pos, 621.4, -104.73, 466.4, 2.47, 0.35, -2.69, tool_force, -5.06, 3.95, 2.78, actual_rep, 1, curr_step, 37, track_size, 143, robot_vel, 23.53, joints_pos, 5.28, 37.95, -17.99, -67.03, -18.77, 73.9, 39.08, tool_torque, -0.122, -0.825, 0.08, joint_torque, 0.04, 1.44, 0.28, 1.14, -0.4, -1.46, 0.11, robot_mode, sine_overlay, 
08/06/2022 15:29:54:083, robot_pos, 1654698467476, 624.14, -111.67, 458.99, 2.47, 0.35, -2.71, circuit_pos, 622.9, -96.75, 470.76, 2.48, 0.37, -2.67, tool_force, -3.17, 3.9, 2.26, actual_rep, 1, curr_step, 39, track_size, 143, robot_vel, 61.4, joints_pos, 6.21, 37.85, -17.99, -66.67, -21.19, 74.82, 40.55, tool_torque, -0.287, -0.74, 0.041, joint_torque, 0.1, 1.54, 0.41, 0.79, -0.27, -1.4, 0.08, robot_mode, sine_overlay, 
08/06/2022 15:29:54:183, robot_pos, 1654698467627, 624.69, -103.37, 465.22, 2.47, 0.36, -2.69, circuit_pos, 625.57, -84.03, 478.79, 2.49, 0.4, -2.62, tool_force, -4.7, 3.92, 3.87, actual_rep, 1, curr_step, 42, track_size, 143, robot_vel, 71.26, joints_pos, 7.16, 37.66, -17.99, -66.28, -22.52, 75.81, 41.43, tool_torque, -0.135, -0.925, 0.089, joint_torque, -0.29, 1.73, 0.06, 0.86, -0.49, -1.5, 0.12, robot_mode, sine_overlay, 
08/06/2022 15:29:54:383, robot_pos, 1654698467774, 625.73, -96.01, 472.12, 2.48, 0.37, -2.67, circuit_pos, 625.57, -84.03, 478.79, 2.49, 0.4, -2.62, tool_force, -3.25, 4.54, 3.6, actual_rep, 1, curr_step, 42, track_size, 143, robot_vel, 66.55, joints_pos, 8.02, 37.58, -17.99, -65.61, -23.86, 77.0, 42.23, tool_torque, -0.14, -0.893, 0.096, joint_torque, 0.13, 2.18, 0.38, 0.52, -0.39, -1.46, 0.12, robot_mode, sine_overlay, 
08/06/2022 15:29:54:486, robot_pos, 1654698467924, 626.65, -89.27, 476.85, 2.48, 0.39, -2.65, circuit_pos, 625.57, -84.03, 478.79, 2.49, 0.4, -2.62, tool_force, -3.84, 4.19, 4.41, actual_rep, 1, curr_step, 42, track_size, 143, robot_vel, 74.62, joints_pos, 8.78, 37.6, -17.99, -65.13, -25.15, 77.95, 43.04, tool_torque, -0.178, -0.852, 0.082, joint_torque, -0.36, 2.32, 0.17, 0.35, -0.45, -1.42, 0.12, robot_mode, sine_overlay, 
08/06/2022 15:29:54:688, robot_pos, 1654698468072, 627.57, -84.41, 479.45, 2.49, 0.4, -2.62, circuit_pos, 626.15, -80.01, 481.82, 2.5, 0.41, -2.6, tool_force, -3.76, 4.2, 4.15, actual_rep, 1, curr_step, 43, track_size, 143, robot_vel, 48.85, joints_pos, 9.42, 37.75, -17.99, -64.8, -26.62, 78.64, 43.81, tool_torque, -0.198, -0.833, 0.095, joint_torque, -0.54, 2.37, 0.11, 0.22, -0.45, -1.41, 0.14, robot_mode, sine_overlay, 
08/06/2022 15:29:54:786, robot_pos, 1654698468224, 628.29, -81.0, 480.25, 2.5, 0.42, -2.6, circuit_pos, 626.7, -75.57, 484.88, 2.5, 0.42, -2.58, tool_force, -3.81, 4.29, 4.27, actual_rep, 1, curr_step, 44, track_size, 143, robot_vel, 24.64, joints_pos, 9.92, 37.97, -17.99, -64.63, -28.05, 79.21, 44.64, tool_torque, -0.28, -0.822, 0.094, joint_torque, -0.61, 2.19, 0.15, 0.38, -0.41, -1.49, 0.14, robot_mode, sine_overlay, 
08/06/2022 15:29:54:992, robot_pos, 1654698468374, 629.09, -77.88, 480.62, 2.5, 0.42, -2.58, circuit_pos, 626.7, -75.57, 484.88, 2.5, 0.42, -2.58, tool_force, -4.45, 4.89, 5.21, actual_rep, 1, curr_step, 44, track_size, 143, robot_vel, 22.18, joints_pos, 10.33, 38.25, -17.99, -64.37, -29.08, 79.83, 45.33, tool_torque, -0.221, -0.733, 0.101, joint_torque, -0.97, 3.38, 0.14, -0.12, -0.35, -1.53, 0.15, robot_mode, sine_overlay, 
08/06/2022 15:29:55:087, robot_pos, 1654698468526, 629.53, -79.46, 478.66, 2.5, 0.42, -2.58, circuit_pos, 626.7, -75.57, 484.88, 2.5, 0.42, -2.58, tool_force, -2.73, 5.06, 1.86, actual_rep, 1, curr_step, 44, track_size, 143, robot_vel, 23.65, joints_pos, 10.16, 38.4, -17.99, -64.4, -29.0, 79.66, 45.35, tool_torque, 0.065, -0.769, 0.284, joint_torque, 0.67, 1.87, 0.48, 0.66, -0.33, -1.2, 0.29, robot_mode, sine_overlay, 
08/06/2022 15:29:55:291, robot_pos, 1654698468675, 629.57, -79.37, 479.14, 2.5, 0.42, -2.58, circuit_pos, 626.7, -75.57, 484.88, 2.5, 0.42, -2.58, tool_force, -3.18, 5.01, 2.92, actual_rep, 1, curr_step, 44, track_size, 143, robot_vel, 3.79, joints_pos, 10.18, 38.38, -17.99, -64.36, -29.01, 79.68, 45.33, tool_torque, 0.142, -0.839, 0.336, joint_torque, -0.05, 2.23, 0.09, 0.45, -0.51, -1.22, 0.35, robot_mode, sine_overlay, 
08/06/2022 15:29:55:414, robot_pos, 1654698468825, 629.51, -77.48, 481.53, 2.5, 0.43, -2.58, circuit_pos, 627.39, -70.85, 487.74, 2.51, 0.44, -2.56, tool_force, -3.24, 4.29, 3.52, actual_rep, 1, curr_step, 45, track_size, 143, robot_vel, 20.2, joints_pos, 10.34, 38.28, -17.99, -64.17, -29.01, 80.01, 45.31, tool_torque, -0.047, -0.895, 0.335, joint_torque, -0.45, 2.07, 0.05, 0.43, -0.55, -1.39, 0.38, robot_mode, sine_overlay, 
08/06/2022 15:29:55:594, robot_pos, 1654698468973, 630.05, -73.16, 486.63, 2.51, 0.43, -2.57, circuit_pos, 627.97, -66.32, 489.84, 2.51, 0.44, -2.55, tool_force, -3.17, 3.51, 2.66, actual_rep, 1, curr_step, 46, track_size, 143, robot_vel, 45.51, joints_pos, 10.78, 38.19, -17.99, -63.67, -29.63, 80.7, 45.51, tool_torque, -0.088, -0.889, 0.152, joint_torque, 0.12, 1.35, 0.25, 0.67, -0.55, -1.23, 0.18, robot_mode, sine_overlay, 
08/06/2022 15:29:55:903, robot_pos, 1654698469465, 631.83, -53.07, 493.8, 2.52, 0.46, -2.51, circuit_pos, 632.38, -32.96, 503.88, 2.54, 0.49, -2.43, tool_force, -3.69, 4.86, 4.13, actual_rep, 1, curr_step, 54, track_size, 143, robot_vel, 25.57, joints_pos, 12.9, 38.9, -17.98, -62.27, -32.84, 83.97, 47.41, tool_torque, -0.156, -0.761, 0.152, joint_torque, -0.47, 2.74, 0.21, 0.07, -0.34, -1.42, 0.18, robot_mode, sine_overlay, 
08/06/2022 15:29:56:004, robot_pos, 1654698469616, 632.83, -50.14, 493.37, 2.53, 0.47, -2.48, circuit_pos, 634.54, -25.87, 507.78, 2.56, 0.5, -2.4, tool_force, -3.24, 5.5, 3.84, actual_rep, 1, curr_step, 56, track_size, 143, robot_vel, 21.31, joints_pos, 13.26, 39.26, -17.98, -62.02, -33.9, 84.55, 47.98, tool_torque, -0.303, -0.71, 0.169, joint_torque, -0.1, 3.1, 0.66, -0.1, -0.12, -1.48, 0.2, robot_mode, sine_overlay, 
08/06/2022 15:29:56:239, robot_pos, 1654698469786, 634.07, -46.35, 493.48, 2.54, 0.48, -2.46, circuit_pos, 638.07, -14.31, 512.76, 2.59, 0.52, -2.35, tool_force, -2.73, 6.14, 3.9, actual_rep, 1, curr_step, 59, track_size, 143, robot_vel, 26.83, joints_pos, 13.73, 39.67, -17.98, -61.67, -35.15, 85.22, 48.51, tool_torque, -0.46, -0.577, 0.184, joint_torque, -0.29, 3.08, 0.71, -0.17, 0.02, -1.54, 0.23, robot_mode, sine_overlay, 
08/06/2022 15:29:56:406, robot_pos, 1654698469916, 635.13, -42.14, 495.06, 2.55, 0.49, -2.44, circuit_pos, 640.18, -6.19, 515.72, 2.6, 0.54, -2.31, tool_force, -2.44, 6.69, 3.94, actual_rep, 1, curr_step, 61, track_size, 143, robot_vel, 40.52, joints_pos, 14.17, 39.95, -17.98, -61.23, -36.12, 85.94, 48.82, tool_torque, -0.393, -0.573, 0.183, joint_torque, -0.1, 3.78, 0.86, -0.51, 0.11, -1.51, 0.22, robot_mode, sine_overlay, 
08/06/2022 15:29:56:511, robot_pos, 1654698470066, 636.57, -34.96, 498.68, 2.56, 0.5, -2.42, circuit_pos, 642.38, 1.41, 516.69, 2.62, 0.55, -2.28, tool_force, -2.14, 6.73, 4.03, actual_rep, 1, curr_step, 63, track_size, 143, robot_vel, 55.52, joints_pos, 14.85, 40.31, -17.98, -60.43, -37.27, 87.12, 49.14, tool_torque, -0.43, -0.529, 0.187, joint_torque, -0.37, 3.67, 0.76, -0.45, 0.09, -1.51, 0.23, robot_mode, sine_overlay, 
08/06/2022 15:29:56:608, robot_pos, 1654698470214, 638.18, -26.57, 502.97, 2.57, 0.51, -2.39, circuit_pos, 646.44, 12.64, 515.72, 2.64, 0.56, -2.24, tool_force, -2.31, 7.46, 4.34, actual_rep, 1, curr_step, 66, track_size, 143, robot_vel, 65.86, joints_pos, 15.62, 40.72, -17.98, -59.44, -38.36, 88.44, 49.35, tool_torque, -0.306, -0.556, 0.197, joint_torque, -0.35, 4.3, 0.81, -0.87, 0.11, -1.47, 0.23, robot_mode, sine_overlay, 
08/06/2022 15:29:56:785, robot_pos, 1654698470394, 640.24, -15.89, 507.59, 2.58, 0.52, -2.37, circuit_pos, 650.4, 22.62, 516.56, 2.66, 0.58, -2.21, tool_force, -2.21, 7.44, 5.34, actual_rep, 1, curr_step, 69, track_size, 143, robot_vel, 64.78, joints_pos, 16.51, 41.3, -17.98, -58.19, -39.52, 90.05, 49.56, tool_torque, -0.25, -0.521, 0.184, joint_torque, -0.73, 4.36, 0.65, -0.94, 0.09, -1.46, 0.21, robot_mode, sine_overlay, 
08/06/2022 15:29:56:972, robot_pos, 1654698470542, 642.2, -8.55, 509.87, 2.59, 0.53, -2.34, circuit_pos, 654.62, 31.97, 518.58, 2.7, 0.6, -2.19, tool_force, -1.83, 6.58, 5.33, actual_rep, 1, curr_step, 72, track_size, 143, robot_vel, 47.07, joints_pos, 17.11, 41.83, -17.98, -57.26, -40.45, 91.09, 49.73, tool_torque, -0.287, -0.553, 0.155, joint_torque, -0.89, 4.0, 0.44, -1.08, 0.04, -1.35, 0.18, robot_mode, sine_overlay, 
08/06/2022 15:29:57:056, robot_pos, 1654698470692, 644.32, -3.58, 510.31, 2.6, 0.54, -2.32, circuit_pos, 657.05, 39.37, 519.16, 2.72, 0.61, -2.17, tool_force, -1.76, 6.76, 4.66, actual_rep, 1, curr_step, 74, track_size, 143, robot_vel, 36.42, joints_pos, 17.53, 42.35, -17.98, -56.63, -41.38, 91.64, 49.88, tool_torque, -0.179, -0.546, 0.149, joint_torque, -0.7, 4.11, 0.53, -1.11, 0.02, -1.24, 0.18, robot_mode, sine_overlay, 
08/06/2022 15:29:57:273, robot_pos, 1654698470842, 646.21, -0.76, 509.31, 2.62, 0.55, -2.31, circuit_pos, 659.55, 48.96, 519.73, 2.75, 0.63, -2.14, tool_force, -1.52, 6.73, 4.81, actual_rep, 1, curr_step, 77, track_size, 143, robot_vel, 23.67, joints_pos, 17.8, 42.77, -17.98, -56.34, -42.28, 91.77, 50.06, tool_torque, -0.168, -0.453, 0.129, joint_torque, -1.09, 3.92, 0.34, -1.24, 0.01, -1.09, 0.16, robot_mode, sine_overlay, 
08/06/2022 15:29:57:376, robot_pos, 1654698470992, 647.64, 1.39, 507.95, 2.63, 0.56, -2.29, circuit_pos, 660.0, 56.14, 520.23, 2.79, 0.64, -2.08, tool_force, -1.43, 5.96, 4.25, actual_rep, 1, curr_step, 80, track_size, 143, robot_vel, 19.73, joints_pos, 18.06, 43.1, -17.98, -56.26, -43.21, 91.77, 50.32, tool_torque, -0.098, -0.366, 0.113, joint_torque, -1.14, 3.73, 0.29, -1.17, 0.02, -0.97, 0.15, robot_mode, sine_overlay, 
08/06/2022 15:29:57:576, robot_pos, 1654698471145, 648.85, 4.5, 507.25, 2.65, 0.57, -2.27, circuit_pos, 659.68, 61.64, 519.72, 2.82, 0.64, -2.04, tool_force, -0.84, 5.94, 3.73, actual_rep, 1, curr_step, 82, track_size, 143, robot_vel, 23.02, joints_pos, 18.42, 43.43, -17.98, -56.14, -44.34, 91.93, 50.57, tool_torque, -0.156, -0.315, 0.119, joint_torque, -0.68, 3.86, 0.63, -1.26, 0.2, -1.0, 0.15, robot_mode, sine_overlay, 
08/06/2022 15:29:57:677, robot_pos, 1654698471302, 649.95, 10.44, 507.97, 2.67, 0.58, -2.24, circuit_pos, 659.42, 73.57, 517.48, 2.86, 0.65, -1.98, tool_force, -0.83, 5.85, 3.51, actual_rep, 1, curr_step, 85, track_size, 143, robot_vel, 45.15, joints_pos, 18.99, 43.8, -17.98, -55.77, -45.52, 92.45, 50.71, tool_torque, -0.2, -0.333, 0.135, joint_torque, -0.64, 3.53, 0.55, -1.11, 0.17, -0.95, 0.16, robot_mode, sine_overlay, 
08/06/2022 15:29:57:866, robot_pos, 1654698471449, 650.77, 18.52, 509.93, 2.69, 0.59, -2.22, circuit_pos, 659.1, 82.11, 514.6, 2.89, 0.65, -1.95, tool_force, -0.77, 5.75, 2.8, actual_rep, 1, curr_step, 87, track_size, 143, robot_vel, 53.02, joints_pos, 19.69, 44.19, -17.98, -55.17, -46.63, 93.29, 50.79, tool_torque, -0.077, -0.408, 0.142, joint_torque, -0.78, 3.55, 0.41, -1.13, 0.01, -0.92, 0.17, robot_mode, sine_overlay, 
08/06/2022 15:29:57:978, robot_pos, 1654698471600, 651.49, 27.95, 512.08, 2.7, 0.6, -2.19, circuit_pos, 658.08, 93.47, 511.58, 2.92, 0.65, -1.9, tool_force, -0.92, 5.12, 3.85, actual_rep, 1, curr_step, 90, track_size, 143, robot_vel, 65.85, joints_pos, 20.49, 44.61, -17.98, -54.48, -47.68, 94.25, 50.79, tool_torque, -0.038, -0.42, 0.188, joint_torque, -1.68, 3.5, -0.12, -1.38, -0.09, -0.83, 0.22, robot_mode, sine_overlay, 
08/06/2022 15:29:58:140, robot_pos, 1654698471749, 652.64, 32.79, 511.36, 2.72, 0.6, -2.17, circuit_pos, 658.08, 93.47, 511.58, 2.92, 0.65, -1.9, tool_force, -1.38, 8.54, 3.25, actual_rep, 1, curr_step, 90, track_size, 143, robot_vel, 28.4, joints_pos, 20.91, 45.09, -17.99, -54.14, -48.7, 94.72, 50.84, tool_torque, 0.132, -0.213, 0.155, joint_torque, -0.45, 4.5, 0.77, -1.39, 0.16, -0.81, 0.18, robot_mode, sine_overlay, 
08/06/2022 15:29:58:285, robot_pos, 1654698471899, 653.66, 37.63, 511.2, 2.74, 0.61, -2.14, circuit_pos, 658.08, 93.47, 511.58, 2.92, 0.65, -1.9, tool_force, 0.59, 4.91, 3.31, actual_rep, 1, curr_step, 90, track_size, 143, robot_vel, 35.73, joints_pos, 21.34, 45.49, -17.99, -53.82, -49.73, 95.15, 50.86, tool_torque, -0.101, -0.382, 0.183, joint_torque, -0.94, 3.75, 0.4, -1.56, 0.16, -0.76, 0.2, robot_mode, sine_overlay, 
08/06/2022 15:29:58:427, robot_pos, 1654698472049, 654.22, 43.58, 510.68, 2.76, 0.62, -2.12, circuit_pos, 658.08, 93.47, 511.58, 2.92, 0.65, -1.9, tool_force, -0.55, 6.38, 3.9, actual_rep, 1, curr_step, 90, track_size, 143, robot_vel, 39.47, joints_pos, 21.87, 45.88, -17.99, -53.56, -50.73, 95.65, 50.97, tool_torque, -0.056, -0.219, 0.182, joint_torque, -1.22, 3.72, 0.35, -1.38, 0.18, -0.84, 0.21, robot_mode, sine_overlay, 
08/06/2022 15:29:58:588, robot_pos, 1654698472199, 654.54, 49.54, 510.04, 2.78, 0.62, -2.09, circuit_pos, 658.08, 93.47, 511.58, 2.92, 0.65, -1.9, tool_force, 0.17, 6.31, 3.47, actual_rep, 1, curr_step, 90, track_size, 143, robot_vel, 39.42, joints_pos, 22.41, 46.25, -17.99, -53.37, -51.77, 96.13, 51.1, tool_torque, -0.102, -0.313, 0.209, joint_torque, -0.97, 3.69, 0.46, -1.4, 0.21, -0.83, 0.23, robot_mode, sine_overlay, 
08/06/2022 15:29:58:790, robot_pos, 1654698472348, 654.46, 55.66, 509.15, 2.8, 0.63, -2.07, circuit_pos, 658.08, 93.47, 511.58, 2.92, 0.65, -1.9, tool_force, -0.16, 5.74, 4.02, actual_rep, 1, curr_step, 90, track_size, 143, robot_vel, 40.06, joints_pos, 22.99, 46.57, -17.99, -53.32, -52.79, 96.58, 51.27, tool_torque, -0.117, -0.275, 0.233, joint_torque, -1.35, 4.11, 0.36, -1.58, 0.26, -0.91, 0.25, robot_mode, sine_overlay, 
08/06/2022 15:29:58:893, robot_pos, 1654698472499, 654.19, 61.76, 508.11, 2.81, 0.63, -2.04, circuit_pos, 658.08, 93.47, 511.58, 2.92, 0.65, -1.9, tool_force, -0.14, 6.43, 3.66, actual_rep, 1, curr_step, 90, track_size, 143, robot_vel, 40.15, joints_pos, 23.58, 46.88, -17.99, -53.3, -53.82, 97.02, 51.48, tool_torque, -0.136, -0.284, 0.211, joint_torque, -1.41, 3.83, 0.32, -1.49, 0.23, -0.87, 0.23, robot_mode, sine_overlay, 
08/06/2022 15:29:59:093, robot_pos, 1654698472646, 653.9, 67.74, 507.12, 2.83, 0.64, -2.02, circuit_pos, 658.08, 93.47, 511.58, 2.92, 0.65, -1.9, tool_force, 0.15, 5.95, 3.9, actual_rep, 1, curr_step, 90, track_size, 143, robot_vel, 42.06, joints_pos, 24.15, 47.19, -17.99, -53.29, -54.85, 97.47, 51.64, tool_torque, -0.142, -0.275, 0.232, joint_torque, -1.14, 3.99, 0.5, -1.47, 0.29, -0.95, 0.25, robot_mode, sine_overlay, 
08/06/2022 15:29:59:200, robot_pos, 1654698472811, 653.61, 74.26, 506.02, 2.86, 0.64, -1.99, circuit_pos, 658.08, 93.47, 511.58, 2.92, 0.65, -1.9, tool_force, 0.31, 6.07, 3.94, actual_rep, 1, curr_step, 90, track_size, 143, robot_vel, 41.83, joints_pos, 24.73, 47.51, -17.99, -53.26, -55.91, 97.91, 51.79, tool_torque, -0.247, -0.255, 0.235, joint_torque, -1.58, 3.81, 0.35, -1.57, 0.35, -0.92, 0.25, robot_mode, sine_overlay, 
08/06/2022 15:29:59:399, robot_pos, 1654698472959, 653.42, 79.99, 505.19, 2.88, 0.65, -1.96, circuit_pos, 658.08, 93.47, 511.58, 2.92, 0.65, -1.9, tool_force, 0.21, 6.7, 4.2, actual_rep, 1, curr_step, 90, track_size, 143, robot_vel, 40.19, joints_pos, 25.26, 47.84, -17.99, -53.19, -56.94, 98.35, 51.88, tool_torque, -0.222, -0.183, 0.241, joint_torque, -1.56, 4.08, 0.42, -1.69, 0.44, -0.95, 0.26, robot_mode, sine_overlay, 
08/06/2022 15:29:59:502, robot_pos, 1654698473112, 653.59, 85.77, 504.61, 2.9, 0.65, -1.94, circuit_pos, 658.08, 93.47, 511.58, 2.92, 0.65, -1.9, tool_force, 0.43, 7.35, 3.64, actual_rep, 1, curr_step, 90, track_size, 143, robot_vel, 37.12, joints_pos, 25.75, 48.21, -17.99, -52.98, -57.99, 98.79, 51.9, tool_torque, -0.223, -0.165, 0.28, joint_torque, -1.67, 4.36, 0.45, -1.84, 0.5, -0.92, 0.3, robot_mode, sine_overlay, 
08/06/2022 15:29:59:703, robot_pos, 1654698473261, 654.06, 90.66, 504.13, 2.91, 0.65, -1.92, circuit_pos, 658.08, 93.47, 511.58, 2.92, 0.65, -1.9, tool_force, 0.98, 6.64, 4.08, actual_rep, 1, curr_step, 90, track_size, 143, robot_vel, 36.89, joints_pos, 26.11, 48.59, -17.99, -52.66, -58.63, 99.18, 51.86, tool_torque, -0.158, -0.278, 0.437, joint_torque, -1.51, 3.75, 0.23, -1.64, 0.33, -0.8, 0.46, robot_mode, sine_overlay, 
08/06/2022 15:29:59:813, robot_pos, 1654698473398, 654.5, 90.32, 504.55, 2.91, 0.65, -1.92, circuit_pos, 658.08, 93.47, 511.58, 2.92, 0.65, -1.9, tool_force, 1.85, 6.07, 3.07, actual_rep, 1, curr_step, 90, track_size, 143, robot_vel, 4.98, joints_pos, 26.04, 48.63, -17.99, -52.49, -58.58, 99.19, 51.77, tool_torque, -0.184, -0.32, 0.558, joint_torque, -1.13, 3.76, 0.31, -1.7, 0.45, -0.77, 0.57, robot_mode, sine_overlay, 
08/06/2022 15:30:00:004, robot_pos, 1654698473540, 655.21, 91.05, 504.65, 2.92, 0.66, -1.91, circuit_pos, 657.74, 99.82, 510.37, 2.93, 0.65, -1.88, tool_force, 1.76, 7.64, 2.54, actual_rep, 1, curr_step, 92, track_size, 143, robot_vel, 10.16, joints_pos, 26.09, 48.76, -17.99, -52.33, -58.91, 99.2, 51.7, tool_torque, -0.041, -0.088, 0.529, joint_torque, -1.2, 4.84, 0.68, -2.07, 0.69, -0.71, 0.56, robot_mode, normal, 
08/06/2022 15:30:00:149, robot_pos, 1654698473737, 657.61, 98.86, 507.28, 2.93, 0.65, -1.88, circuit_pos, 656.95, 109.87, 509.86, 2.95, 0.66, -1.85, tool_force, 1.97, 8.5, 4.37, actual_rep, 1, curr_step, 95, track_size, 143, robot_vel, 39.63, joints_pos, 26.42, 49.75, -17.99, -50.58, -59.95, 100.65, 50.67, tool_torque, -0.268, -0.055, 0.633, joint_torque, -2.01, 4.9, 0.52, -2.07, 0.71, -0.91, 0.65, robot_mode, normal, 
08/06/2022 15:30:00:338, robot_pos, 1654698473910, 657.48, 105.59, 507.72, 2.94, 0.66, -1.86, circuit_pos, 655.8, 118.23, 509.04, 2.95, 0.66, -1.84, tool_force, 1.27, 7.01, 4.94, actual_rep, 1, curr_step, 98, track_size, 143, robot_vel, 40.44, joints_pos, 26.88, 50.24, -17.99, -49.96, -60.67, 101.54, 50.61, tool_torque, -0.44, -0.251, 0.582, joint_torque, -2.28, 4.28, 0.36, -1.91, 0.63, -1.1, 0.59, robot_mode, normal, 
08/06/2022 15:30:00:538, robot_pos, 1654698474060, 657.09, 111.22, 507.69, 2.95, 0.66, -1.85, circuit_pos, 655.17, 126.43, 509.4, 2.95, 0.66, -1.83, tool_force, 0.88, 8.16, 4.88, actual_rep, 1, curr_step, 101, track_size, 143, robot_vel, 37.41, joints_pos, 27.26, 50.6, -17.99, -49.45, -60.92, 102.24, 50.61, tool_torque, -0.428, -0.264, 0.588, joint_torque, -2.16, 4.53, 0.4, -1.88, 0.58, -1.14, 0.61, robot_mode, normal, 
08/06/2022 15:30:00:624, robot_pos, 1654698474208, 656.56, 116.89, 507.75, 2.95, 0.66, -1.85, circuit_pos, 655.15, 131.43, 508.57, 2.96, 0.66, -1.82, tool_force, 1.1, 7.68, 5.17, actual_rep, 1, curr_step, 103, track_size, 143, robot_vel, 37.33, joints_pos, 27.64, 50.94, -17.99, -48.94, -61.16, 102.96, 50.51, tool_torque, -0.414, -0.337, 0.633, joint_torque, -1.9, 4.62, 0.5, -1.83, 0.55, -1.24, 0.65, robot_mode, normal, 
08/06/2022 15:30:00:846, robot_pos, 1654698474359, 656.37, 122.6, 507.29, 2.95, 0.66, -1.83, circuit_pos, 655.75, 137.42, 506.49, 2.98, 0.66, -1.8, tool_force, 0.4, 7.36, 5.08, actual_rep, 1, curr_step, 106, track_size, 143, robot_vel, 38.2, joints_pos, 28.0, 51.41, -17.99, -48.35, -61.54, 103.71, 50.37, tool_torque, -0.394, -0.375, 0.643, joint_torque, -2.52, 4.4, 0.12, -1.84, 0.42, -1.2, 0.66, robot_mode, normal, 
08/06/2022 15:30:00:940, robot_pos, 1654698474522, 656.5, 128.95, 506.4, 2.96, 0.66, -1.82, circuit_pos, 655.94, 139.6, 506.18, 2.98, 0.66, -1.78, tool_force, 1.13, 7.05, 5.2, actual_rep, 1, curr_step, 108, track_size, 143, robot_vel, 45.66, joints_pos, 28.4, 51.95, -17.99, -47.74, -62.13, 104.41, 50.15, tool_torque, -0.425, -0.361, 0.64, joint_torque, -2.52, 3.85, 0.05, -1.82, 0.45, -1.04, 0.65, robot_mode, normal, 
08/06/2022 15:30:01:191, robot_pos, 1654698474674, 656.57, 134.7, 505.64, 2.97, 0.67, -1.79, circuit_pos, 656.45, 141.49, 505.99, 2.98, 0.67, -1.77, tool_force, 0.42, 7.21, 5.27, actual_rep, 1, curr_step, 111, track_size, 143, robot_vel, 37.96, joints_pos, 28.75, 52.55, -17.99, -47.1, -62.96, 105.27, 50.1, tool_torque, -0.458, -0.345, 0.567, joint_torque, -2.8, 4.12, 0.04, -1.83, 0.45, -1.18, 0.58, robot_mode, normal, 
08/06/2022 15:30:01:327, robot_pos, 1654698474821, 657.02, 140.01, 505.03, 2.98, 0.67, -1.77, circuit_pos, 656.35, 140.77, 507.28, 2.98, 0.67, -1.78, tool_force, 0.11, 8.04, 6.25, actual_rep, 1, curr_step, 114, track_size, 143, robot_vel, 34.05, joints_pos, 28.99, 53.28, -17.99, -46.2, -63.79, 106.31, 49.99, tool_torque, -0.505, -0.306, 0.6, joint_torque, -4.18, 4.03, -0.39, -1.96, 0.4, -1.3, 0.63, robot_mode, normal, 
08/06/2022 15:30:01:451, robot_pos, 1654698474973, 657.85, 140.18, 506.15, 2.98, 0.67, -1.78, circuit_pos, 656.35, 140.61, 507.53, 2.98, 0.67, -1.78, tool_force, 0.45, 6.95, 4.07, actual_rep, 1, curr_step, 116, track_size, 143, robot_vel, 10.53, joints_pos, 28.92, 53.29, -17.99, -45.87, -63.47, 106.16, 49.81, tool_torque, 0.077, -0.236, 0.607, joint_torque, -2.73, 3.96, -0.27, -1.68, 0.19, -0.8, 0.61, robot_mode, normal, 
08/06/2022 15:30:01:699, robot_pos, 1654698475173, 657.07, 139.93, 506.22, 2.98, 0.67, -1.78, circuit_pos, 656.41, 140.76, 507.05, 2.98, 0.67, -1.77, tool_force, -1.64, 7.9, 4.52, actual_rep, 1, curr_step, 120, track_size, 143, robot_vel, 3.66, joints_pos, 28.97, 53.18, -17.99, -46.15, -63.67, 106.23, 49.89, tool_torque, -0.064, -0.2, 0.444, joint_torque, -3.26, 3.66, -0.43, -1.41, 0.16, -1.09, 0.45, robot_mode, normal, 
08/06/2022 15:30:01:743, robot_pos, 1654698475316, 657.28, 139.95, 505.94, 2.98, 0.67, -1.77, circuit_pos, 656.47, 140.63, 506.78, 2.98, 0.67, -1.77, tool_force, -0.91, 4.8, 4.18, actual_rep, 1, curr_step, 122, track_size, 143, robot_vel, 3.57, joints_pos, 28.95, 53.3, -17.99, -46.05, -63.91, 106.4, 49.86, tool_torque, 0.01, -0.57, 0.499, joint_torque, -2.8, 2.21, -0.92, -0.98, -0.31, -0.88, 0.5, robot_mode, normal, 
08/06/2022 15:30:01:937, robot_pos, 1654698475467, 657.28, 140.03, 506.44, 2.98, 0.67, -1.77, circuit_pos, 656.48, 140.64, 506.77, 2.98, 0.67, -1.77, tool_force, -1.78, 2.61, 3.55, actual_rep, 1, curr_step, 125, track_size, 143, robot_vel, 4.3, joints_pos, 28.94, 53.3, -17.99, -45.98, -63.94, 106.44, 49.81, tool_torque, 0.197, -0.719, 0.559, joint_torque, -2.33, 0.84, -1.23, -0.21, -0.79, -0.71, 0.56, robot_mode, normal, 
08/06/2022 15:30:02:076, robot_pos, 1654698475644, 657.28, 140.02, 506.51, 2.98, 0.67, -1.77, circuit_pos, 656.49, 140.63, 506.77, 2.98, 0.67, -1.77, tool_force, -2.33, 3.07, 3.35, actual_rep, 1, curr_step, 128, track_size, 143, robot_vel, 0.28, joints_pos, 28.94, 53.3, -17.99, -45.99, -63.97, 106.45, 49.79, tool_torque, 0.343, -0.735, 0.546, joint_torque, -2.44, 1.08, -1.33, -0.27, -0.89, -0.7, 0.55, robot_mode, normal, 
08/06/2022 15:30:02:319, robot_pos, 1654698475791, 657.26, 139.97, 506.41, 2.98, 0.67, -1.77, circuit_pos, 656.49, 140.63, 506.77, 2.98, 0.67, -1.77, tool_force, -2.17, 3.69, 3.52, actual_rep, 1, curr_step, 130, track_size, 143, robot_vel, 1.06, joints_pos, 28.94, 53.3, -17.99, -46.0, -63.97, 106.44, 49.79, tool_torque, 0.369, -0.676, 0.529, joint_torque, -2.57, 1.45, -1.29, -0.46, -0.79, -0.68, 0.53, robot_mode, normal, 
08/06/2022 15:30:02:419, robot_pos, 1654698475946, 657.26, 139.97, 506.4, 2.98, 0.67, -1.77, circuit_pos, 656.49, 140.63, 506.77, 2.98, 0.67, -1.77, tool_force, -2.11, 3.58, 3.49, actual_rep, 1, curr_step, 133, track_size, 143, robot_vel, 0.2, joints_pos, 28.94, 53.3, -17.99, -46.01, -63.97, 106.44, 49.8, tool_torque, 0.335, -0.631, 0.495, joint_torque, -2.54, 1.41, -1.23, -0.47, -0.75, -0.66, 0.5, robot_mode, normal, 
08/06/2022 15:30:02:526, robot_pos, 1654698476095, 657.23, 139.95, 506.42, 2.98, 0.67, -1.77, circuit_pos, 656.49, 140.63, 506.76, 2.98, 0.67, -1.77, tool_force, -2.09, 3.06, 3.64, actual_rep, 1, curr_step, 135, track_size, 143, robot_vel, 0.43, joints_pos, 28.94, 53.29, -17.99, -46.01, -63.97, 106.44, 49.8, tool_torque, 0.396, -0.687, 0.49, joint_torque, -2.6, 1.17, -1.39, -0.42, -0.85, -0.6, 0.49, robot_mode, normal, 
08/06/2022 15:30:02:749, robot_pos, 1654698476248, 657.21, 139.93, 506.46, 2.98, 0.67, -1.77, circuit_pos, 656.49, 140.63, 506.76, 2.98, 0.67, -1.77, tool_force, -2.32, 3.01, 3.52, actual_rep, 1, curr_step, 138, track_size, 143, robot_vel, 0.39, joints_pos, 28.94, 53.29, -17.99, -46.02, -63.97, 106.44, 49.8, tool_torque, 0.422, -0.648, 0.485, joint_torque, -2.64, 1.08, -1.39, -0.36, -0.87, -0.56, 0.49, robot_mode, normal, 
08/06/2022 15:30:02:882, robot_pos, 1654698476451, 657.21, 139.92, 506.47, 2.98, 0.67, -1.77, circuit_pos, 656.49, 140.63, 506.76, 2.98, 0.67, -1.77, tool_force, -2.43, 3.11, 3.51, actual_rep, 1, curr_step, 141, track_size, 143, robot_vel, 0.06, joints_pos, 28.94, 53.29, -17.99, -46.02, -63.97, 106.44, 49.8, tool_torque, 0.42, -0.657, 0.494, joint_torque, -2.64, 1.1, -1.39, -0.35, -0.89, -0.59, 0.5, robot_mode, normal, 
08/06/2022 15:30:03:122, robot_pos, 1654698476595, 657.21, 139.93, 506.48, 2.98, 0.67, -1.77, circuit_pos, 656.49, 140.63, 506.76, 2.98, 0.67, -1.77, tool_force, -2.48, 3.04, 3.5, actual_rep, 1, curr_step, 141, track_size, 143, robot_vel, 0.02, joints_pos, 28.94, 53.29, -17.99, -46.02, -63.98, 106.44, 49.8, tool_torque, 0.422, -0.671, 0.498, joint_torque, -2.64, 1.04, -1.41, -0.31, -0.91, -0.59, 0.5, robot_mode, normal, 
08/06/2022 15:30:03:255, robot_pos, 1654698476746, 657.21, 139.93, 506.5, 2.98, 0.67, -1.77, circuit_pos, 656.49, 140.63, 506.76, 2.98, 0.67, -1.77, tool_force, -2.49, 2.93, 3.5, actual_rep, 1, curr_step, 139, track_size, 143, robot_vel, 0.13, joints_pos, 28.94, 53.29, -17.99, -46.02, -63.98, 106.44, 49.8, tool_torque, 0.416, -0.68, 0.506, joint_torque, -2.63, 0.96, -1.42, -0.27, -0.93, -0.59, 0.51, robot_mode, normal, 
08/06/2022 15:30:03:374, robot_pos, 1654698476942, 657.21, 139.93, 506.52, 2.98, 0.67, -1.77, circuit_pos, 656.49, 140.63, 506.76, 2.98, 0.67, -1.77, tool_force, -2.61, 2.79, 3.4, actual_rep, 1, curr_step, 135, track_size, 143, robot_vel, 0.12, joints_pos, 28.94, 53.29, -17.99, -46.02, -63.99, 106.45, 49.8, tool_torque, 0.44, -0.704, 0.506, joint_torque, -2.58, 0.84, -1.46, -0.2, -0.99, -0.58, 0.51, robot_mode, normal, 
08/06/2022 15:30:03:597, robot_pos, 1654698477103, 657.18, 139.9, 506.74, 2.98, 0.67, -1.77, circuit_pos, 656.49, 140.63, 506.77, 2.98, 0.67, -1.77, tool_force, -3.05, 1.51, 3.51, actual_rep, 1, curr_step, 133, track_size, 143, robot_vel, 1.44, joints_pos, 28.94, 53.28, -17.99, -46.02, -64.03, 106.46, 49.77, tool_torque, 0.616, -0.861, 0.524, joint_torque, -2.69, 0.05, -1.92, 0.11, -1.37, -0.46, 0.53, robot_mode, normal, 
08/06/2022 15:30:03:712, robot_pos, 1654698477275, 657.12, 139.9, 507.01, 2.98, 0.67, -1.77, circuit_pos, 656.49, 140.63, 506.76, 2.98, 0.67, -1.77, tool_force, -3.75, 0.69, 3.23, actual_rep, 1, curr_step, 131, track_size, 143, robot_vel, 1.84, joints_pos, 28.95, 53.26, -17.99, -46.01, -64.08, 106.47, 49.74, tool_torque, 0.768, -0.924, 0.512, joint_torque, -2.67, -0.53, -2.14, 0.41, -1.63, -0.36, 0.52, robot_mode, normal, 
08/06/2022 15:30:03:925, robot_pos, 1654698477424, 657.11, 139.93, 507.11, 2.98, 0.67, -1.76, circuit_pos, 656.49, 140.63, 506.77, 2.98, 0.67, -1.77, tool_force, -3.97, 0.33, 2.96, actual_rep, 1, curr_step, 128, track_size, 143, robot_vel, 0.83, joints_pos, 28.95, 53.26, -17.99, -46.0, -64.09, 106.48, 49.74, tool_torque, 0.815, -0.964, 0.495, joint_torque, -2.52, -0.75, -2.17, 0.55, -1.74, -0.34, 0.51, robot_mode, normal, 
08/06/2022 15:30:04:053, robot_pos, 1654698477574, 657.11, 139.99, 507.1, 2.98, 0.67, -1.76, circuit_pos, 656.48, 140.64, 506.77, 2.98, 0.67, -1.77, tool_force, -3.91, 0.8, 2.6, actual_rep, 1, curr_step, 125, track_size, 143, robot_vel, 0.35, joints_pos, 28.95, 53.26, -17.99, -46.0, -64.09, 106.48, 49.73, tool_torque, 0.776, -0.897, 0.507, joint_torque, -2.3, -0.44, -1.94, 0.5, -1.62, -0.37, 0.52, robot_mode, normal, 
08/06/2022 15:30:04:174, robot_pos, 1654698477738, 657.13, 140.04, 507.06, 2.98, 0.67, -1.77, circuit_pos, 656.47, 140.63, 506.78, 2.98, 0.67, -1.77, tool_force, -3.84, 0.97, 2.54, actual_rep, 1, curr_step, 122, track_size, 143, robot_vel, 0.38, joints_pos, 28.95, 53.27, -17.99, -45.99, -64.08, 106.48, 49.73, tool_torque, 0.76, -0.942, 0.481, joint_torque, -2.24, -0.34, -1.9, 0.45, -1.63, -0.41, 0.49, robot_mode, normal, 
08/06/2022 15:30:04:406, robot_pos, 1654698477888, 657.12, 140.07, 507.05, 2.98, 0.67, -1.77, circuit_pos, 656.41, 140.76, 507.05, 2.98, 0.67, -1.77, tool_force, -3.61, 0.98, 2.87, actual_rep, 1, curr_step, 120, track_size, 143, robot_vel, 0.3, joints_pos, 28.96, 53.27, -17.99, -45.99, -64.08, 106.49, 49.73, tool_torque, 0.736, -0.93, 0.48, joint_torque, -2.42, -0.25, -1.92, 0.32, -1.58, -0.41, 0.49, robot_mode, normal, 
08/06/2022 15:30:04:512, robot_pos, 1654698478039, 657.08, 140.17, 507.48, 2.98, 0.67, -1.77, circuit_pos, 656.33, 140.69, 507.47, 2.98, 0.67, -1.78, tool_force, -3.13, 0.87, 3.3, actual_rep, 1, curr_step, 117, track_size, 143, robot_vel, 2.84, joints_pos, 28.96, 53.26, -17.99, -45.94, -64.08, 106.52, 49.68, tool_torque, 0.715, -0.964, 0.524, joint_torque, -2.56, -0.17, -1.99, 0.21, -1.56, -0.41, 0.53, robot_mode, normal, 
08/06/2022 15:30:04:740, robot_pos, 1654698478207, 657.24, 140.06, 507.8, 2.98, 0.67, -1.78, circuit_pos, 656.3, 140.68, 507.61, 2.98, 0.67, -1.78, tool_force, -3.82, 0.25, 3.27, actual_rep, 1, curr_step, 115, track_size, 143, robot_vel, 3.9, joints_pos, 28.96, 53.13, -17.97, -45.99, -63.74, 106.2, 49.68, tool_torque, 1.126, -0.758, 0.462, joint_torque, -3.17, -0.38, -2.45, 0.15, -1.72, -0.04, 0.47, robot_mode, normal, 
08/06/2022 15:30:04:974, robot_pos, 1654698478510, 656.96, 140.35, 506.33, 2.98, 0.67, -1.77, circuit_pos, 656.1, 140.39, 506.31, 2.98, 0.67, -1.78, tool_force, -3.98, 1.41, 3.54, actual_rep, 1, curr_step, 109, track_size, 143, robot_vel, 4.64, joints_pos, 28.99, 53.27, -17.95, -46.1, -64.08, 106.46, 49.84, tool_torque, 0.64, -0.846, 0.356, joint_torque, -2.94, 0.07, -1.91, 0.15, -1.4, -0.59, 0.37, robot_mode, normal, 
08/06/2022 15:30:05:109, robot_pos, 1654698478660, 657.32, 140.03, 506.29, 2.98, 0.67, -1.77, circuit_pos, 655.78, 138.59, 506.18, 2.98, 0.66, -1.79, tool_force, -3.05, 0.17, 3.52, actual_rep, 1, curr_step, 107, track_size, 143, robot_vel, 4.6, joints_pos, 28.93, 53.23, -17.94, -46.04, -63.72, 106.28, 49.72, tool_torque, 1.0, -0.914, 0.474, joint_torque, -2.94, -0.19, -2.39, 0.09, -1.66, -0.2, 0.49, robot_mode, normal, 
08/06/2022 15:30:05:306, robot_pos, 1654698478811, 657.2, 138.25, 506.45, 2.98, 0.66, -1.79, circuit_pos, 655.29, 133.8, 507.77, 2.96, 0.66, -1.81, tool_force, -3.83, 1.9, 2.22, actual_rep, 1, curr_step, 104, track_size, 143, robot_vel, 11.88, joints_pos, 28.89, 52.82, -17.93, -46.54, -63.18, 105.5, 49.49, tool_torque, 1.324, -0.752, 0.526, joint_torque, -2.71, 0.41, -2.45, 0.03, -1.7, -0.03, 0.51, robot_mode, normal, 
08/06/2022 15:30:05:434, robot_pos, 1654698478989, 656.02, 133.73, 507.64, 2.97, 0.66, -1.81, circuit_pos, 655.16, 128.94, 509.13, 2.95, 0.66, -1.83, tool_force, -3.69, 2.38, 0.95, actual_rep, 1, curr_step, 102, track_size, 143, robot_vel, 27.69, joints_pos, 28.71, 52.2, -18.03, -47.26, -62.47, 104.97, 49.8, tool_torque, 1.182, -0.921, 0.268, joint_torque, -1.34, 0.82, -1.64, 0.1, -1.63, -0.19, 0.26, robot_mode, normal, 
08/06/2022 15:30:05:608, robot_pos, 1654698479165, 656.37, 127.03, 508.78, 2.96, 0.66, -1.82, circuit_pos, 655.8, 118.23, 509.04, 2.95, 0.66, -1.84, tool_force, -3.69, 2.35, 1.43, actual_rep, 1, curr_step, 98, track_size, 143, robot_vel, 41.71, joints_pos, 28.26, 51.74, -18.09, -47.7, -61.86, 104.33, 49.95, tool_torque, 1.046, -0.816, 0.244, joint_torque, -1.35, 0.44, -1.63, 0.24, -1.52, -0.17, 0.23, robot_mode, normal, 
08/06/2022 15:30:05:963, robot_pos, 1654698479501, 657.2, 114.1, 509.2, 2.95, 0.66, -1.84, circuit_pos, 657.74, 99.82, 510.37, 2.93, 0.65, -1.88, tool_force, -2.87, 3.51, 2.25, actual_rep, 1, curr_step, 92, track_size, 143, robot_vel, 36.56, joints_pos, 27.48, 50.85, -18.17, -49.0, -61.34, 102.7, 50.2, tool_torque, 1.008, -0.691, 0.372, joint_torque, -1.48, 1.55, -1.33, -0.33, -1.19, -0.2, 0.38, robot_mode, normal, 
08/06/2022 15:30:06:139, robot_pos, 1654698479646, 657.59, 108.46, 509.59, 2.95, 0.66, -1.85, circuit_pos, 658.08, 93.47, 511.58, 2.92, 0.65, -1.9, tool_force, -2.88, 3.05, 2.35, actual_rep, 1, curr_step, 90, track_size, 143, robot_vel, 38.89, joints_pos, 27.09, 50.47, -18.17, -49.43, -60.89, 102.01, 50.19, tool_torque, 0.977, -0.798, 0.394, joint_torque, -1.93, 1.28, -1.62, -0.21, -1.34, -0.29, 0.39, robot_mode, normal, 
08/06/2022 15:30:06:265, robot_pos, 1654698479825, 658.07, 101.63, 510.57, 2.93, 0.65, -1.87, circuit_pos, 659.1, 82.11, 514.6, 2.89, 0.65, -1.95, tool_force, -3.03, 2.7, 1.68, actual_rep, 1, curr_step, 87, track_size, 143, robot_vel, 37.42, joints_pos, 26.58, 50.0, -18.16, -49.82, -60.19, 101.22, 50.19, tool_torque, 1.019, -0.802, 0.355, joint_torque, -1.5, 1.39, -1.46, -0.14, -1.32, -0.27, 0.35, robot_mode, normal, 
08/06/2022 15:30:06:419, robot_pos, 1654698479975, 658.5, 95.82, 511.7, 2.92, 0.65, -1.9, circuit_pos, 659.42, 73.57, 517.48, 2.86, 0.65, -1.98, tool_force, -2.81, 2.81, 2.17, actual_rep, 1, curr_step, 85, track_size, 143, robot_vel, 36.63, joints_pos, 26.11, 49.62, -18.16, -50.04, -59.48, 100.64, 50.23, tool_torque, 1.047, -0.764, 0.269, joint_torque, -1.77, 1.9, -1.46, -0.42, -1.25, -0.35, 0.26, robot_mode, normal, 
08/06/2022 15:30:06:562, robot_pos, 1654698480126, 658.92, 90.1, 513.04, 2.9, 0.65, -1.92, circuit_pos, 659.68, 61.64, 519.72, 2.82, 0.64, -2.04, tool_force, -2.88, 3.2, 1.72, actual_rep, 1, curr_step, 82, track_size, 143, robot_vel, 38.13, joints_pos, 25.64, 49.27, -18.16, -50.15, -58.69, 100.13, 50.23, tool_torque, 1.092, -0.815, 0.299, joint_torque, -1.64, 1.35, -1.59, -0.18, -1.4, -0.23, 0.29, robot_mode, normal, 
08/06/2022 15:30:06:727, robot_pos, 1654698480291, 659.28, 83.65, 514.37, 2.88, 0.65, -1.95, circuit_pos, 660.09, 53.96, 520.37, 2.78, 0.64, -2.1, tool_force, -3.02, 3.23, 2.08, actual_rep, 1, curr_step, 79, track_size, 143, robot_vel, 38.45, joints_pos, 25.08, 48.87, -18.15, -50.28, -57.65, 99.56, 50.24, tool_torque, 1.217, -0.807, 0.264, joint_torque, -1.71, 1.57, -1.73, -0.33, -1.45, -0.13, 0.24, robot_mode, normal, 
08/06/2022 15:30:06:931, robot_pos, 1654698480443, 659.59, 77.85, 515.38, 2.86, 0.65, -1.98, circuit_pos, 659.55, 48.96, 519.73, 2.75, 0.63, -2.14, tool_force, -3.5, 3.06, 2.17, actual_rep, 1, curr_step, 77, track_size, 143, robot_vel, 39.5, joints_pos, 24.55, 48.48, -18.13, -50.36, -56.45, 98.98, 50.29, tool_torque, 1.268, -0.889, 0.224, joint_torque, -2.04, 1.31, -2.0, -0.21, -1.57, -0.17, 0.2, robot_mode, normal, 
08/06/2022 15:30:07:032, robot_pos, 1654698480592, 659.58, 72.04, 516.07, 2.84, 0.65, -2.01, circuit_pos, 657.05, 39.37, 519.16, 2.72, 0.61, -2.17, tool_force, -3.35, 2.59, 2.3, actual_rep, 1, curr_step, 74, track_size, 143, robot_vel, 40.76, joints_pos, 24.04, 48.07, -18.13, -50.54, -55.17, 98.41, 50.34, tool_torque, 1.351, -0.867, 0.206, joint_torque, -2.1, 1.24, -2.06, -0.21, -1.62, -0.13, 0.19, robot_mode, normal, 
08/06/2022 15:30:07:236, robot_pos, 1654698480744, 659.18, 66.25, 516.49, 2.82, 0.64, -2.04, circuit_pos, 653.22, 28.6, 517.95, 2.68, 0.6, -2.19, tool_force, -3.65, 2.81, 2.22, actual_rep, 1, curr_step, 71, track_size, 143, robot_vel, 39.68, joints_pos, 23.54, 47.65, -18.13, -50.82, -54.06, 97.91, 50.36, tool_torque, 1.28, -0.923, 0.235, joint_torque, -2.02, 1.34, -2.0, -0.15, -1.67, -0.18, 0.22, robot_mode, normal, 
08/06/2022 15:30:07:335, robot_pos, 1654698480895, 658.33, 60.48, 516.58, 2.8, 0.63, -2.06, circuit_pos, 648.86, 19.39, 515.9, 2.65, 0.58, -2.22, tool_force, -3.71, 2.84, 1.52, actual_rep, 1, curr_step, 68, track_size, 143, robot_vel, 37.38, joints_pos, 23.07, 47.27, -18.14, -51.14, -53.07, 97.61, 50.4, tool_torque, 1.217, -1.099, 0.268, joint_torque, -1.55, 1.66, -1.7, -0.24, -1.63, -0.33, 0.26, robot_mode, normal, 
08/06/2022 15:30:07:484, robot_pos, 1654698481046, 657.28, 54.75, 516.43, 2.78, 0.63, -2.08, circuit_pos, 646.44, 12.64, 515.72, 2.64, 0.56, -2.24, tool_force, -3.72, 2.92, 1.94, actual_rep, 1, curr_step, 66, track_size, 143, robot_vel, 39.36, joints_pos, 22.59, 46.87, -18.14, -51.52, -52.05, 97.32, 50.42, tool_torque, 1.272, -1.013, 0.335, joint_torque, -1.64, 1.65, -1.75, -0.03, -1.69, -0.33, 0.33, robot_mode, normal, 
08/06/2022 15:30:07:637, robot_pos, 1654698481196, 655.93, 48.99, 516.34, 2.76, 0.62, -2.1, circuit_pos, 642.38, 1.41, 516.69, 2.62, 0.55, -2.28, tool_force, -4.06, 3.61, 2.47, actual_rep, 1, curr_step, 63, track_size, 143, robot_vel, 37.21, joints_pos, 22.15, 46.42, -18.14, -52.01, -51.12, 96.94, 50.42, tool_torque, 1.234, -1.074, 0.382, joint_torque, -2.09, 1.7, -1.88, 0.0, -1.74, -0.48, 0.38, robot_mode, normal, 
08/06/2022 15:30:07:837, robot_pos, 1654698481350, 654.46, 43.15, 516.35, 2.74, 0.61, -2.13, circuit_pos, 640.18, -6.19, 515.72, 2.6, 0.54, -2.31, tool_force, -3.64, 3.4, 1.57, actual_rep, 1, curr_step, 61, track_size, 143, robot_vel, 46.12, joints_pos, 21.69, 45.92, -18.14, -52.54, -50.17, 96.5, 50.42, tool_torque, 1.164, -1.156, 0.431, joint_torque, -1.27, 1.65, -1.61, -0.09, -1.66, -0.54, 0.41, robot_mode, normal, 
08/06/2022 15:30:07:941, robot_pos, 1654698481499, 652.97, 37.41, 516.2, 2.72, 0.61, -2.15, circuit_pos, 638.07, -14.31, 512.76, 2.59, 0.52, -2.35, tool_force, -4.48, 3.67, 2.05, actual_rep, 1, curr_step, 59, track_size, 143, robot_vel, 39.36, joints_pos, 21.24, 45.42, -18.14, -53.11, -49.2, 95.99, 50.41, tool_torque, 1.143, -1.17, 0.466, joint_torque, -1.69, 1.78, -1.78, 0.13, -1.74, -0.58, 0.45, robot_mode, normal, 
08/06/2022 15:30:08:144, robot_pos, 1654698481654, 651.48, 31.53, 515.56, 2.71, 0.6, -2.17, circuit_pos, 634.54, -25.87, 507.78, 2.56, 0.5, -2.4, tool_force, -4.69, 3.59, 1.52, actual_rep, 1, curr_step, 56, track_size, 143, robot_vel, 40.38, joints_pos, 20.78, 44.9, -18.14, -53.76, -48.2, 95.34, 50.41, tool_torque, 1.14, -1.167, 0.438, joint_torque, -1.7, 1.56, -1.8, 0.28, -1.76, -0.6, 0.43, robot_mode, normal, 
08/06/2022 15:30:08:246, robot_pos, 1654698481808, 649.87, 25.57, 514.72, 2.69, 0.59, -2.2, circuit_pos, 631.5, -36.59, 501.27, 2.54, 0.48, -2.44, tool_force, -4.68, 3.35, 1.4, actual_rep, 1, curr_step, 53, track_size, 143, robot_vel, 40.19, joints_pos, 20.31, 44.37, -18.14, -54.44, -47.15, 94.66, 50.41, tool_torque, 1.149, -1.241, 0.447, joint_torque, -1.43, 1.34, -1.81, 0.64, -1.9, -0.64, 0.43, robot_mode, normal, 
08/06/2022 15:30:08:441, robot_pos, 1654698481958, 648.36, 19.92, 513.47, 2.68, 0.58, -2.22, circuit_pos, 630.21, -43.74, 496.39, 2.53, 0.47, -2.47, tool_force, -4.92, 3.73, 1.69, actual_rep, 1, curr_step, 51, track_size, 143, robot_vel, 40.73, joints_pos, 19.85, 43.88, -18.14, -55.1, -46.09, 93.96, 50.41, tool_torque, 1.226, -1.249, 0.454, joint_torque, -1.27, 1.74, -1.68, 0.47, -1.86, -0.62, 0.44, robot_mode, normal, 
08/06/2022 15:30:08:540, robot_pos, 1654698482109, 646.87, 14.1, 511.92, 2.66, 0.57, -2.24, circuit_pos, 628.96, -56.8, 492.42, 2.52, 0.45, -2.51, tool_force, -4.51, 3.24, 1.65, actual_rep, 1, curr_step, 48, track_size, 143, robot_vel, 42.2, joints_pos, 19.37, 43.39, -18.14, -55.82, -45.04, 93.16, 50.41, tool_torque, 1.156, -1.233, 0.486, joint_torque, -1.49, 1.34, -1.83, 0.57, -1.87, -0.59, 0.48, robot_mode, normal, 
08/06/2022 15:30:08:700, robot_pos, 1654698482260, 645.53, 8.31, 510.36, 2.65, 0.56, -2.27, circuit_pos, 627.97, -66.32, 489.84, 2.51, 0.44, -2.55, tool_force, -4.51, 3.16, 1.3, actual_rep, 1, curr_step, 46, track_size, 143, robot_vel, 37.58, joints_pos, 18.89, 42.92, -18.14, -56.53, -44.05, 92.3, 50.37, tool_torque, 1.272, -1.265, 0.555, joint_torque, -1.31, 1.39, -1.79, 0.82, -1.96, -0.53, 0.55, robot_mode, normal, 
08/06/2022 15:30:08:845, robot_pos, 1654698482411, 644.24, 2.51, 508.77, 2.64, 0.56, -2.29, circuit_pos, 627.97, -66.32, 489.84, 2.51, 0.44, -2.55, tool_force, -4.68, 3.58, 1.17, actual_rep, 1, curr_step, 46, track_size, 143, robot_vel, 45.05, joints_pos, 18.4, 42.47, -18.14, -57.19, -43.06, 91.44, 50.29, tool_torque, 1.237, -1.268, 0.621, joint_torque, -1.3, 1.45, -1.78, 0.62, -1.94, -0.54, 0.62, robot_mode, normal, 
08/06/2022 15:30:08:998, robot_pos, 1654698482563, 642.98, -3.28, 507.2, 2.62, 0.55, -2.31, circuit_pos, 627.97, -66.32, 489.84, 2.51, 0.44, -2.55, tool_force, -4.31, 3.27, 1.68, actual_rep, 1, curr_step, 46, track_size, 143, robot_vel, 40.41, joints_pos, 17.89, 42.02, -18.14, -57.85, -42.05, 90.56, 50.17, tool_torque, 1.24, -1.335, 0.671, joint_torque, -1.37, 1.14, -1.92, 0.77, -2.01, -0.55, 0.67, robot_mode, normal, 
08/06/2022 15:30:09:156, robot_pos, 1654698482717, 641.71, -9.15, 505.59, 2.61, 0.54, -2.34, circuit_pos, 627.97, -66.32, 489.84, 2.51, 0.44, -2.55, tool_force, -4.8, 3.26, 1.12, actual_rep, 1, curr_step, 46, track_size, 143, robot_vel, 42.53, joints_pos, 17.37, 41.6, -18.14, -58.47, -41.03, 89.7, 50.0, tool_torque, 1.281, -1.358, 0.674, joint_torque, -1.12, 1.04, -1.81, 0.91, -2.01, -0.58, 0.66, robot_mode, normal, 
08/06/2022 15:30:09:307, robot_pos, 1654698482872, 640.43, -15.03, 504.03, 2.6, 0.53, -2.36, circuit_pos, 627.97, -66.32, 489.84, 2.51, 0.44, -2.55, tool_force, -4.4, 3.37, 0.99, actual_rep, 1, curr_step, 46, track_size, 143, robot_vel, 39.59, joints_pos, 16.82, 41.18, -18.13, -59.08, -39.99, 88.83, 49.77, tool_torque, 1.264, -1.43, 0.707, joint_torque, -1.08, 0.89, -1.89, 1.01, -2.05, -0.61, 0.69, robot_mode, normal, 
08/06/2022 15:30:09:455, robot_pos, 1654698483020, 639.19, -20.92, 502.46, 2.59, 0.52, -2.38, circuit_pos, 627.97, -66.32, 489.84, 2.51, 0.44, -2.55, tool_force, -4.68, 3.09, 1.25, actual_rep, 1, curr_step, 46, track_size, 143, robot_vel, 42.92, joints_pos, 16.28, 40.79, -18.13, -59.65, -39.0, 88.0, 49.53, tool_torque, 1.292, -1.366, 0.694, joint_torque, -1.26, 0.95, -1.93, 1.03, -2.03, -0.59, 0.69, robot_mode, normal, 
08/06/2022 15:30:09:605, robot_pos, 1654698483172, 637.97, -26.62, 500.92, 2.58, 0.51, -2.4, circuit_pos, 627.97, -66.32, 489.84, 2.51, 0.44, -2.55, tool_force, -4.41, 3.23, 0.96, actual_rep, 1, curr_step, 46, track_size, 143, robot_vel, 39.15, joints_pos, 15.71, 40.41, -18.13, -60.2, -37.97, 87.15, 49.24, tool_torque, 1.314, -1.415, 0.724, joint_torque, -0.83, 0.9, -1.78, 1.06, -2.0, -0.6, 0.71, robot_mode, normal, 
08/06/2022 15:30:09:756, robot_pos, 1654698483323, 636.67, -32.41, 499.34, 2.57, 0.5, -2.42, circuit_pos, 627.97, -66.32, 489.84, 2.51, 0.44, -2.55, tool_force, -4.44, 3.03, 1.12, actual_rep, 1, curr_step, 46, track_size, 143, robot_vel, 49.04, joints_pos, 15.16, 40.05, -18.13, -60.73, -36.96, 86.35, 48.93, tool_torque, 1.258, -1.415, 0.722, joint_torque, -1.16, 0.8, -1.88, 1.18, -2.03, -0.67, 0.72, robot_mode, normal, 
08/06/2022 15:30:09:904, robot_pos, 1654698483473, 635.48, -38.18, 497.76, 2.56, 0.49, -2.45, circuit_pos, 627.97, -66.32, 489.84, 2.51, 0.44, -2.55, tool_force, -4.45, 3.2, 0.68, actual_rep, 1, curr_step, 46, track_size, 143, robot_vel, 52.59, joints_pos, 14.57, 39.69, -18.13, -61.26, -35.91, 85.5, 48.56, tool_torque, 1.243, -1.468, 0.737, joint_torque, -0.86, 0.92, -1.73, 1.16, -1.97, -0.69, 0.72, robot_mode, normal, 
08/06/2022 15:30:10:062, robot_pos, 1654698483624, 634.25, -43.93, 496.17, 2.55, 0.48, -2.47, circuit_pos, 627.97, -66.32, 489.84, 2.51, 0.44, -2.55, tool_force, -5.4, 3.78, 1.25, actual_rep, 1, curr_step, 46, track_size, 143, robot_vel, 39.12, joints_pos, 14.0, 39.37, -18.13, -61.73, -34.9, 84.73, 48.17, tool_torque, 1.244, -1.415, 0.734, joint_torque, -1.06, 0.76, -1.72, 1.46, -1.99, -0.76, 0.73, robot_mode, normal, 
08/06/2022 15:30:10:213, robot_pos, 1654698483775, 633.03, -49.8, 494.58, 2.54, 0.47, -2.49, circuit_pos, 627.97, -66.32, 489.84, 2.51, 0.44, -2.55, tool_force, -4.96, 2.88, 0.88, actual_rep, 1, curr_step, 46, track_size, 143, robot_vel, 38.38, joints_pos, 13.38, 39.04, -18.13, -62.22, -33.82, 83.92, 47.72, tool_torque, 1.264, -1.509, 0.741, joint_torque, -1.06, 0.76, -1.86, 1.33, -2.02, -0.79, 0.73, robot_mode, normal, 
08/06/2022 15:30:10:355, robot_pos, 1654698483926, 631.74, -55.46, 493.02, 2.53, 0.46, -2.51, circuit_pos, 627.97, -66.32, 489.84, 2.51, 0.44, -2.55, tool_force, -4.87, 4.14, 0.66, actual_rep, 1, curr_step, 46, track_size, 143, robot_vel, 39.8, joints_pos, 12.8, 38.74, -18.13, -62.68, -32.79, 83.16, 47.26, tool_torque, 1.208, -1.424, 0.714, joint_torque, -0.98, 0.87, -1.78, 1.45, -1.96, -0.78, 0.71, robot_mode, normal, 
08/06/2022 15:30:10:509, robot_pos, 1654698484078, 630.52, -61.4, 491.44, 2.52, 0.45, -2.53, circuit_pos, 627.97, -66.32, 489.84, 2.51, 0.44, -2.55, tool_force, -4.94, 3.46, 0.99, actual_rep, 1, curr_step, 46, track_size, 143, robot_vel, 45.98, joints_pos, 12.16, 38.45, -18.13, -63.1, -31.68, 82.39, 46.73, tool_torque, 1.247, -1.442, 0.737, joint_torque, -0.85, 1.07, -1.62, 1.47, -1.9, -0.91, 0.73, robot_mode, normal, 
08/06/2022 15:30:10:658, robot_pos, 1654698484229, 629.52, -67.03, 489.51, 2.51, 0.45, -2.55, circuit_pos, 626.7, -75.57, 484.88, 2.5, 0.42, -2.58, tool_force, -4.44, 3.79, 0.69, actual_rep, 1, curr_step, 44, track_size, 143, robot_vel, 50.41, joints_pos, 11.6, 38.21, -18.15, -63.58, -30.9, 81.51, 46.32, tool_torque, 1.049, -1.275, 0.717, joint_torque, -0.15, 0.72, -1.0, 1.58, -1.56, -0.88, 0.72, robot_mode, normal, 
08/06/2022 15:30:10:808, robot_pos, 1654698484379, 628.42, -72.08, 486.85, 2.5, 0.43, -2.57, circuit_pos, 626.15, -80.01, 481.82, 2.5, 0.41, -2.6, tool_force, -4.94, 3.09, 0.95, actual_rep, 1, curr_step, 43, track_size, 143, robot_vel, 39.48, joints_pos, 11.02, 38.02, -18.13, -64.02, -29.76, 80.79, 45.73, tool_torque, 1.325, -1.492, 0.737, joint_torque, -1.13, 0.78, -1.9, 1.43, -2.0, -0.84, 0.73, robot_mode, normal, 
08/06/2022 15:30:10:957, robot_pos, 1654698484530, 627.83, -78.01, 483.4, 2.5, 0.42, -2.59, circuit_pos, 625.57, -84.03, 478.79, 2.49, 0.4, -2.62, tool_force, -4.61, 3.08, 0.45, actual_rep, 1, curr_step, 42, track_size, 143, robot_vel, 43.31, joints_pos, 10.28, 37.88, -18.12, -64.41, -28.25, 79.8, 44.76, tool_torque, 1.209, -1.476, 0.785, joint_torque, -0.36, 0.09, -1.53, 1.72, -1.75, -0.84, 0.76, robot_mode, normal, 
08/06/2022 15:30:11:112, robot_pos, 1654698484683, 627.01, -82.28, 480.04, 2.49, 0.41, -2.61, circuit_pos, 624.75, -88.59, 475.5, 2.49, 0.39, -2.64, tool_force, -3.26, 3.98, -0.5, actual_rep, 1, curr_step, 41, track_size, 143, robot_vel, 34.08, joints_pos, 9.73, 37.74, -18.08, -64.87, -27.03, 78.95, 44.24, tool_torque, 1.049, -1.389, 0.798, joint_torque, 0.67, 0.52, -0.76, 1.72, -1.37, -0.89, 0.75, robot_mode, normal, 
08/06/2022 15:30:11:261, robot_pos, 1654698484833, 625.89, -88.47, 476.12, 2.49, 0.39, -2.64, circuit_pos, 622.9, -96.75, 470.76, 2.48, 0.37, -2.67, tool_force, -3.77, 3.68, -0.53, actual_rep, 1, curr_step, 39, track_size, 143, robot_vel, 53.27, joints_pos, 9.01, 37.58, -18.11, -65.42, -25.58, 77.91, 43.38, tool_torque, 0.834, -1.139, 0.737, joint_torque, 0.64, 0.32, -0.48, 1.88, -1.12, -0.99, 0.72, robot_mode, normal, 
08/06/2022 15:30:11:412, robot_pos, 1654698484985, 624.73, -94.31, 472.46, 2.48, 0.38, -2.66, circuit_pos, 620.98, -108.42, 463.87, 2.46, 0.34, -2.71, tool_force, -3.95, 4.16, 0.95, actual_rep, 1, curr_step, 36, track_size, 143, robot_vel, 48.74, joints_pos, 8.3, 37.51, -18.12, -65.82, -24.22, 77.18, 42.6, tool_torque, 0.91, -1.186, 0.74, joint_torque, -0.48, 0.99, -1.02, 1.32, -1.28, -0.94, 0.75, robot_mode, normal, 
08/06/2022 15:30:11:567, robot_pos, 1654698485141, 623.79, -100.01, 468.74, 2.47, 0.36, -2.68, circuit_pos, 620.73, -117.54, 453.61, 2.45, 0.31, -2.75, tool_force, -3.09, 4.04, 0.22, actual_rep, 1, curr_step, 33, track_size, 143, robot_vel, 44.15, joints_pos, 7.58, 37.48, -18.1, -66.16, -22.83, 76.49, 41.78, tool_torque, 1.069, -1.35, 0.773, joint_torque, 0.55, 0.72, -0.74, 1.44, -1.28, -0.91, 0.74, robot_mode, normal, 
08/06/2022 15:30:11:717, robot_pos, 1654698485289, 623.05, -105.86, 463.53, 2.46, 0.35, -2.71, circuit_pos, 620.63, -120.19, 449.21, 2.45, 0.3, -2.77, tool_force, -3.25, 2.74, 0.65, actual_rep, 1, curr_step, 32, track_size, 143, robot_vel, 51.18, joints_pos, 6.78, 37.51, -18.09, -66.6, -21.08, 75.5, 40.77, tool_torque, 1.032, -1.292, 0.754, joint_torque, -0.28, 0.64, -1.24, 1.39, -1.3, -0.9, 0.71, robot_mode, normal, 
08/06/2022 15:30:11:866, robot_pos, 1654698485441, 622.49, -111.56, 457.7, 2.46, 0.33, -2.73, circuit_pos, 620.63, -120.19, 449.21, 2.45, 0.3, -2.77, tool_force, -3.62, 3.42, 0.82, actual_rep, 1, curr_step, 32, track_size, 143, robot_vel, 60.73, joints_pos, 5.96, 37.6, -18.08, -67.0, -19.21, 74.56, 39.71, tool_torque, 1.093, -1.321, 0.773, joint_torque, 0.36, 0.71, -0.84, 1.48, -1.19, -0.96, 0.72, robot_mode, normal, 
08/06/2022 15:30:12:019, robot_pos, 1654698485593, 621.96, -117.37, 452.0, 2.45, 0.31, -2.76, circuit_pos, 620.28, -122.66, 444.57, 2.44, 0.29, -2.79, tool_force, -3.48, 2.95, -0.1, actual_rep, 1, curr_step, 31, track_size, 143, robot_vel, 63.29, joints_pos, 5.13, 37.74, -18.08, -67.35, -17.31, 73.66, 38.54, tool_torque, 1.019, -1.37, 0.75, joint_torque, 0.31, -0.01, -1.04, 1.9, -1.22, -1.05, 0.7, robot_mode, normal, 
08/06/2022 15:30:12:168, robot_pos, 1654698485745, 621.59, -120.73, 446.85, 2.44, 0.3, -2.78, circuit_pos, 619.74, -125.04, 439.88, 2.43, 0.27, -2.81, tool_force, -2.61, 2.66, 0.0, actual_rep, 1, curr_step, 30, track_size, 143, robot_vel, 40.72, joints_pos, 4.62, 37.89, -18.05, -67.69, -15.99, 73.0, 38.05, tool_torque, 1.05, -1.335, 0.705, joint_torque, 0.21, 0.21, -1.11, 1.57, -1.17, -0.96, 0.64, robot_mode, normal, 
08/06/2022 15:30:12:323, robot_pos, 1654698485898, 620.9, -123.99, 441.35, 2.43, 0.28, -2.81, circuit_pos, 619.16, -127.3, 435.32, 2.42, 0.26, -2.83, tool_force, -3.4, 3.21, 0.23, actual_rep, 1, curr_step, 29, track_size, 143, robot_vel, 49.39, joints_pos, 4.01, 38.07, -18.06, -67.96, -14.04, 72.53, 37.29, tool_torque, 0.958, -1.193, 0.681, joint_torque, 0.15, 0.27, -0.95, 1.81, -1.08, -1.1, 0.64, robot_mode, normal, 
08/06/2022 15:30:12:520, robot_pos, 1654698486049, 620.19, -126.69, 435.56, 2.42, 0.26, -2.83, circuit_pos, 618.41, -130.96, 427.83, 2.41, 0.23, -2.86, tool_force, -3.06, 3.42, -0.34, actual_rep, 1, curr_step, 27, track_size, 143, robot_vel, 42.3, joints_pos, 3.49, 38.27, -18.06, -68.29, -12.32, 72.05, 36.52, tool_torque, 0.831, -1.226, 0.708, joint_torque, 0.58, -0.04, -0.73, 1.81, -0.9, -1.03, 0.65, robot_mode, normal, 
08/06/2022 15:30:12:626, robot_pos, 1654698486200, 619.83, -129.78, 429.76, 2.41, 0.24, -2.85, circuit_pos, 617.52, -136.77, 415.79, 2.4, 0.19, -2.9, tool_force, -4.14, 3.28, 0.33, actual_rep, 1, curr_step, 24, track_size, 143, robot_vel, 45.05, joints_pos, 2.86, 38.56, -18.06, -68.46, -10.33, 71.7, 35.49, tool_torque, 0.834, -1.165, 0.697, joint_torque, -0.08, 0.16, -1.03, 1.81, -0.93, -1.09, 0.66, robot_mode, normal, 
08/06/2022 15:30:12:791, robot_pos, 1654698486351, 619.31, -132.39, 424.04, 2.41, 0.22, -2.87, circuit_pos, 615.82, -140.88, 406.9, 2.4, 0.16, -2.93, tool_force, -3.36, 3.22, 0.03, actual_rep, 1, curr_step, 22, track_size, 143, robot_vel, 41.84, joints_pos, 2.35, 38.83, -18.06, -68.74, -8.74, 71.29, 34.67, tool_torque, 0.837, -1.243, 0.735, joint_torque, 0.34, -0.21, -0.9, 2.06, -0.88, -1.22, 0.68, robot_mode, normal, 
08/06/2022 15:30:12:931, robot_pos, 1654698486503, 618.52, -135.22, 418.05, 2.4, 0.2, -2.89, circuit_pos, 615.82, -140.88, 406.9, 2.4, 0.16, -2.93, tool_force, -3.73, 4.32, 0.04, actual_rep, 1, curr_step, 22, track_size, 143, robot_vel, 43.65, joints_pos, 1.81, 39.08, -18.06, -69.04, -7.03, 70.86, 33.65, tool_torque, 0.848, -1.286, 0.749, joint_torque, 0.26, 0.32, -0.88, 1.96, -0.88, -1.33, 0.7, robot_mode, normal, 
08/06/2022 15:30:13:133, robot_pos, 1654698486655, 617.77, -137.99, 412.32, 2.4, 0.18, -2.91, circuit_pos, 615.82, -140.88, 406.9, 2.4, 0.16, -2.93, tool_force, -3.83, 3.82, -0.31, actual_rep, 1, curr_step, 22, track_size, 143, robot_vel, 45.14, joints_pos, 1.26, 39.36, -18.06, -69.3, -5.28, 70.54, 32.6, tool_torque, 0.751, -1.268, 0.767, joint_torque, 0.41, -0.34, -0.86, 2.33, -0.78, -1.38, 0.72, robot_mode, normal, 
08/06/2022 15:30:13:244, robot_pos, 1654698486817, 616.82, -141.0, 406.22, 2.4, 0.16, -2.93, circuit_pos, 613.81, -145.58, 397.5, 2.39, 0.14, -2.95, tool_force, -3.52, 4.11, -1.82, actual_rep, 1, curr_step, 20, track_size, 143, robot_vel, 44.46, joints_pos, 0.73, 39.65, -18.07, -69.65, -3.77, 70.12, 31.59, tool_torque, 0.479, -1.031, 0.736, joint_torque, 1.08, -0.97, -0.18, 2.58, -0.3, -1.25, 0.69, robot_mode, normal, 
08/06/2022 15:30:13:440, robot_pos, 1654698486968, 615.59, -143.84, 400.43, 2.39, 0.15, -2.94, circuit_pos, 612.68, -148.32, 392.56, 2.39, 0.13, -2.97, tool_force, -3.81, 4.21, -1.36, actual_rep, 1, curr_step, 19, track_size, 143, robot_vel, 43.22, joints_pos, 0.31, 39.88, -18.08, -70.05, -2.69, 69.68, 31.07, tool_torque, 0.443, -1.147, 0.687, joint_torque, 0.51, -1.2, -0.53, 2.67, -0.46, -1.37, 0.66, robot_mode, normal, 
08/06/2022 15:30:13:548, robot_pos, 1654698487120, 614.42, -147.01, 394.55, 2.39, 0.13, -2.97, circuit_pos, 611.62, -150.79, 387.66, 2.39, 0.12, -2.98, tool_force, -3.65, 3.58, -1.26, actual_rep, 1, curr_step, 18, track_size, 143, robot_vel, 44.65, joints_pos, -0.24, 40.09, -18.08, -70.5, -1.09, 69.06, 30.07, tool_torque, 0.646, -1.168, 0.71, joint_torque, 0.49, -0.94, -0.68, 2.54, -0.55, -1.33, 0.67, robot_mode, normal, 
08/06/2022 15:30:13:737, robot_pos, 1654698487272, 613.28, -149.8, 388.85, 2.39, 0.12, -2.98, circuit_pos, 610.7, -153.31, 382.76, 2.4, 0.11, -3.0, tool_force, -3.33, 4.87, -1.63, actual_rep, 1, curr_step, 17, track_size, 143, robot_vel, 39.85, joints_pos, -0.67, 40.31, -18.07, -70.97, 0.05, 68.36, 29.13, tool_torque, 0.671, -1.14, 0.744, joint_torque, 1.24, -0.7, -0.34, 2.6, -0.4, -1.37, 0.68, robot_mode, normal, 
08/06/2022 15:30:13:848, robot_pos, 1654698487420, 612.26, -153.09, 383.03, 2.4, 0.11, -3.0, circuit_pos, 609.87, -155.68, 378.02, 2.4, 0.11, -3.02, tool_force, -3.95, 4.1, -1.1, actual_rep, 1, curr_step, 16, track_size, 143, robot_vel, 46.54, joints_pos, -1.2, 40.46, -18.07, -71.5, 1.61, 67.41, 27.69, tool_torque, 0.532, -1.076, 0.702, joint_torque, 0.38, -0.79, -0.68, 2.39, -0.4, -1.32, 0.66, robot_mode, normal, 
08/06/2022 15:30:14:005, robot_pos, 1654698487571, 610.76, -155.6, 377.08, 2.4, 0.11, -3.02, circuit_pos, 608.07, -159.76, 369.0, 2.4, 0.09, -3.05, tool_force, -3.84, 4.0, -0.81, actual_rep, 1, curr_step, 14, track_size, 143, robot_vel, 42.92, joints_pos, -1.64, 40.55, -18.05, -72.23, 3.02, 66.33, 26.56, tool_torque, 0.496, -1.224, 0.69, joint_torque, 0.91, -1.18, -0.41, 2.85, -0.27, -1.55, 0.63, robot_mode, normal, 
08/06/2022 15:30:14:148, robot_pos, 1654698487719, 609.82, -158.32, 371.43, 2.4, 0.1, -3.04, circuit_pos, 607.17, -161.73, 364.27, 2.4, 0.09, -3.07, tool_force, -4.19, 3.91, -1.22, actual_rep, 1, curr_step, 13, track_size, 143, robot_vel, 46.53, joints_pos, -2.15, 40.8, -18.05, -72.61, 4.63, 65.73, 25.29, tool_torque, 0.567, -1.209, 0.682, joint_torque, 0.64, -1.08, -0.62, 2.88, -0.32, -1.55, 0.61, robot_mode, normal, 
08/06/2022 15:30:14:305, robot_pos, 1654698487869, 609.03, -160.43, 366.15, 2.4, 0.09, -3.06, circuit_pos, 606.45, -163.34, 359.53, 2.4, 0.08, -3.09, tool_force, -3.07, 4.44, -1.81, actual_rep, 1, curr_step, 12, track_size, 143, robot_vel, 35.02, joints_pos, -2.52, 40.94, -18.05, -73.18, 5.95, 64.69, 24.34, tool_torque, 0.69, -1.197, 0.629, joint_torque, 1.27, -1.42, -0.32, 2.76, -0.27, -1.37, 0.55, robot_mode, normal, 
08/06/2022 15:30:14:449, robot_pos, 1654698488018, 607.8, -162.87, 360.31, 2.4, 0.08, -3.09, circuit_pos, 605.11, -165.8, 351.92, 2.39, 0.07, -3.12, tool_force, -3.81, 4.05, -1.19, actual_rep, 1, curr_step, 10, track_size, 143, robot_vel, 44.45, joints_pos, -3.0, 41.11, -18.05, -73.75, 7.7, 63.78, 23.01, tool_torque, 0.512, -1.161, 0.641, joint_torque, 0.51, -1.34, -0.66, 2.58, -0.23, -1.38, 0.58, robot_mode, normal, 
08/06/2022 15:30:14:603, robot_pos, 1654698488171, 606.86, -164.02, 354.96, 2.39, 0.08, -3.1, circuit_pos, 602.73, -167.48, 339.73, 2.38, 0.05, 3.12, tool_force, -3.9, 4.96, -0.8, actual_rep, 1, curr_step, 7, track_size, 143, robot_vel, 37.91, joints_pos, -3.27, 41.3, -18.05, -74.29, 8.92, 62.96, 22.49, tool_torque, 0.773, -1.238, 0.625, joint_torque, 1.45, -0.71, -0.13, 2.76, -0.19, -1.54, 0.53, robot_mode, normal, 
08/06/2022 15:30:14:752, robot_pos, 1654698488320, 605.83, -165.31, 349.12, 2.39, 0.07, -3.13, circuit_pos, 601.36, -167.67, 331.84, 2.37, 0.04, 3.11, tool_force, -3.21, 4.75, -0.4, actual_rep, 1, curr_step, 5, track_size, 143, robot_vel, 39.35, joints_pos, -3.64, 41.54, -18.05, -74.8, 10.59, 62.27, 21.54, tool_torque, 0.711, -1.249, 0.594, joint_torque, 1.06, -1.08, -0.46, 2.7, -0.25, -1.51, 0.51, robot_mode, normal, 
08/06/2022 15:30:14:908, robot_pos, 1654698488472, 604.74, -165.83, 343.1, 2.38, 0.06, 3.14, circuit_pos, 599.67, -167.41, 324.98, 2.36, 0.03, 3.09, tool_force, -3.78, 4.72, 0.15, actual_rep, 1, curr_step, 2, track_size, 143, robot_vel, 38.02, joints_pos, -3.86, 41.79, -18.05, -75.3, 11.84, 61.62, 20.97, tool_torque, 0.564, -1.201, 0.58, joint_torque, 0.99, -1.31, -0.36, 2.99, -0.13, -1.62, 0.52, robot_mode, normal, 
08/06/2022 15:30:15:060, robot_pos, 1654698488624, 603.55, -166.2, 337.35, 2.37, 0.05, 3.13, circuit_pos, 599.69, -167.03, 324.58, 2.36, 0.03, 3.09, tool_force, -3.84, 4.42, -0.67, actual_rep, 1, curr_step, 0, track_size, 143, robot_vel, 39.06, joints_pos, -4.08, 42.04, -18.05, -75.8, 13.14, 61.06, 20.47, tool_torque, 0.613, -1.265, 0.555, joint_torque, 0.67, -1.08, -0.59, 2.79, -0.23, -1.64, 0.49, robot_mode, normal, 
08/06/2022 15:30:15:228, robot_pos, 1654698488773, 602.4, -166.58, 331.34, 2.37, 0.04, 3.11, circuit_pos, 599.69, -167.03, 324.58, 2.36, 0.03, 3.09, tool_force, -3.94, 4.6, -0.42, actual_rep, 2, curr_step, 0, track_size, 143, robot_vel, 40.23, joints_pos, -4.32, 42.33, -18.05, -76.28, 14.54, 60.51, 19.9, tool_torque, 0.631, -1.242, 0.557, joint_torque, 0.73, -1.07, -0.55, 2.82, -0.18, -1.63, 0.5, robot_mode, normal, 
08/06/2022 15:30:15:364, robot_pos, 1654698488925, 601.23, -167.0, 325.7, 2.36, 0.03, 3.09, circuit_pos, 599.69, -167.03, 324.58, 2.36, 0.03, 3.09, tool_force, -4.11, 4.64, -1.43, actual_rep, 2, curr_step, 0, track_size, 143, robot_vel, 41.98, joints_pos, -4.55, 42.6, -18.05, -76.74, 15.86, 59.97, 19.31, tool_torque, 0.637, -1.386, 0.537, joint_torque, 0.46, -1.51, -0.85, 2.93, -0.27, -1.64, 0.47, robot_mode, normal, 
