08/06/2022 15:30:27: File Created!
08/06/2022 15:30:27:377, robot_pos, 1654698500931, 600.54, -167.3, 325.36, 2.36, 0.03, 3.09, circuit_pos, 599.59, -167.21, 324.59, 2.36, 0.03, 3.09, tool_force, -2.21, 2.12, -21.13, actual_rep, 1, curr_step, 1, track_size, 143, robot_vel, 23.04, joints_pos, -4.56, 42.55, -18.12, -76.89, 16.06, 59.9, 19.17, tool_torque, -0.23, -0.139, 0.057, joint_torque, 0.07, -13.3, -1.62, 8.27, 0.33, -0.55, 0.05, robot_mode, normal, 
08/06/2022 15:30:27:468, robot_pos, 1654698501061, 600.48, -167.27, 328.52, 2.36, 0.03, 3.09, circuit_pos, 599.59, -167.21, 324.59, 2.36, 0.03, 3.09, tool_force, 0.41, 1.9, -19.52, actual_rep, 1, curr_step, 1, track_size, 143, robot_vel, 23.04, joints_pos, -4.58, 42.35, -18.15, -76.73, 16.11, 60.43, 19.13, tool_torque, -0.115, -0.185, 0.078, joint_torque, 0.28, -14.35, -1.62, 7.86, 0.21, -0.4, 0.1, robot_mode, normal, 
08/06/2022 15:30:27:610, robot_pos, 1654698501203, 600.19, -167.33, 328.78, 2.36, 0.03, 3.09, circuit_pos, 599.67, -167.41, 324.98, 2.36, 0.03, 3.09, tool_force, -1.57, 2.41, -21.8, actual_rep, 1, curr_step, 2, track_size, 143, robot_vel, 0.2, joints_pos, -4.56, 42.28, -18.15, -76.79, 15.97, 60.31, 19.13, tool_torque, -0.386, -0.178, 0.018, joint_torque, 0.26, -13.4, -1.33, 8.36, 0.45, -0.61, 0.02, robot_mode, normal, 
08/06/2022 15:30:27:762, robot_pos, 1654698501353, 600.32, -167.62, 329.81, 2.36, 0.03, 3.09, circuit_pos, 600.85, -167.7, 328.62, 2.37, 0.04, 3.1, tool_force, -2.43, 2.12, -21.67, actual_rep, 1, curr_step, 4, track_size, 143, robot_vel, 4.75, joints_pos, -4.6, 42.24, -18.18, -76.71, 16.07, 60.43, 18.87, tool_torque, -0.12, -0.278, 0.111, joint_torque, -0.17, -13.37, -1.87, 8.43, 0.18, -0.67, 0.11, robot_mode, normal, 
08/06/2022 15:30:27:975, robot_pos, 1654698501536, 601.3, -167.77, 336.35, 2.37, 0.04, 3.11, circuit_pos, 603.46, -167.34, 343.89, 2.38, 0.06, 3.14, tool_force, -1.81, -1.7, -19.67, actual_rep, 1, curr_step, 8, track_size, 143, robot_vel, 45.21, joints_pos, -4.33, 41.93, -18.27, -76.17, 14.58, 61.14, 19.27, tool_torque, -0.115, -0.179, -0.508, joint_torque, -2.48, -11.68, -3.35, 6.76, -0.95, -0.48, -0.44, robot_mode, normal, 
08/06/2022 15:30:28:093, robot_pos, 1654698501683, 602.3, -168.28, 341.75, 2.38, 0.05, 3.12, circuit_pos, 605.11, -165.8, 351.92, 2.39, 0.07, -3.12, tool_force, -3.47, -2.39, -19.75, actual_rep, 1, curr_step, 10, track_size, 143, robot_vel, 42.76, joints_pos, -4.18, 41.67, -18.31, -75.75, 13.48, 61.5, 19.69, tool_torque, -0.313, -0.205, -0.344, joint_torque, -1.75, -12.84, -2.76, 7.66, -0.22, -0.51, -0.31, robot_mode, normal, 
08/06/2022 15:30:28:241, robot_pos, 1654698501833, 603.53, -167.28, 347.55, 2.38, 0.06, 3.14, circuit_pos, 607.17, -161.73, 364.27, 2.4, 0.09, -3.07, tool_force, -4.48, -2.08, -20.44, actual_rep, 1, curr_step, 13, track_size, 143, robot_vel, 42.6, joints_pos, -3.8, 41.42, -18.37, -75.25, 11.85, 62.07, 20.6, tool_torque, -0.391, -0.286, -0.345, joint_torque, -2.25, -12.88, -3.14, 7.99, -0.51, -0.8, -0.29, robot_mode, normal, 
08/06/2022 15:30:28:394, robot_pos, 1654698501985, 604.55, -165.9, 353.26, 2.39, 0.07, -3.12, circuit_pos, 607.17, -161.73, 364.27, 2.4, 0.09, -3.07, tool_force, -5.76, -1.3, -19.16, actual_rep, 1, curr_step, 13, track_size, 143, robot_vel, 39.43, joints_pos, -3.43, 41.19, -18.4, -74.76, 10.32, 62.75, 21.53, tool_torque, -0.455, -0.369, -0.313, joint_torque, -1.58, -12.53, -2.69, 8.68, -0.37, -1.21, -0.27, robot_mode, normal, 
08/06/2022 15:30:28:547, robot_pos, 1654698502136, 605.47, -164.55, 357.13, 2.39, 0.08, -3.1, circuit_pos, 607.17, -161.73, 364.27, 2.4, 0.09, -3.07, tool_force, -3.92, -0.96, -8.49, actual_rep, 1, curr_step, 13, track_size, 143, robot_vel, 34.95, joints_pos, -3.05, 41.05, -18.42, -74.41, 8.8, 63.16, 22.38, tool_torque, -0.319, -0.288, -0.329, joint_torque, -1.14, -5.29, -1.35, 4.03, -0.37, -0.89, -0.28, robot_mode, normal, 
08/06/2022 15:30:28:703, robot_pos, 1654698502284, 606.7, -163.46, 361.29, 2.4, 0.09, -3.08, circuit_pos, 608.07, -159.76, 369.0, 2.4, 0.09, -3.05, tool_force, -4.01, -1.05, -0.74, actual_rep, 1, curr_step, 14, track_size, 143, robot_vel, 30.82, joints_pos, -2.68, 40.95, -18.43, -73.92, 7.22, 63.76, 23.28, tool_torque, 0.094, -0.685, -0.253, joint_torque, -2.21, -1.39, -1.96, 1.6, -0.97, -0.96, -0.2, robot_mode, normal, 
08/06/2022 15:30:28:846, robot_pos, 1654698502435, 607.93, -161.34, 366.62, 2.4, 0.09, -3.06, circuit_pos, 609.05, -157.6, 373.96, 2.4, 0.1, -3.03, tool_force, -5.21, -0.3, 0.9, actual_rep, 1, curr_step, 15, track_size, 143, robot_vel, 39.53, joints_pos, -2.31, 40.86, -18.41, -73.28, 5.76, 64.78, 24.24, tool_torque, 0.164, -1.015, -0.137, joint_torque, -1.85, 0.13, -1.71, 1.47, -0.9, -1.41, -0.12, robot_mode, normal, 
08/06/2022 15:30:29:002, robot_pos, 1654698502585, 609.37, -159.14, 372.09, 2.4, 0.1, -3.03, circuit_pos, 610.7, -153.31, 382.76, 2.4, 0.11, -3.0, tool_force, -5.3, -0.24, 1.7, actual_rep, 1, curr_step, 17, track_size, 143, robot_vel, 43.4, joints_pos, -1.82, 40.72, -18.43, -72.71, 3.98, 65.54, 25.51, tool_torque, 0.084, -1.194, -0.068, joint_torque, -1.55, -0.11, -1.53, 1.46, -0.9, -1.54, -0.05, robot_mode, normal, 
08/06/2022 15:30:29:151, robot_pos, 1654698502736, 610.29, -156.52, 377.8, 2.4, 0.11, -3.01, circuit_pos, 610.7, -153.31, 382.76, 2.4, 0.11, -3.0, tool_force, -6.42, -0.1, 3.38, actual_rep, 1, curr_step, 17, track_size, 143, robot_vel, 47.12, joints_pos, -1.38, 40.51, -18.43, -72.24, 2.64, 66.35, 26.5, tool_torque, 0.146, -1.294, -0.014, joint_torque, -1.89, 0.79, -1.61, 1.55, -0.99, -1.85, 0.02, robot_mode, normal, 
08/06/2022 15:30:29:308, robot_pos, 1654698502891, 611.76, -153.75, 383.74, 2.4, 0.12, -2.99, circuit_pos, 612.68, -148.32, 392.56, 2.39, 0.13, -2.97, tool_force, -6.44, 0.35, 2.34, actual_rep, 1, curr_step, 19, track_size, 143, robot_vel, 45.8, joints_pos, -0.88, 40.42, -18.43, -71.52, 0.96, 67.49, 28.07, tool_torque, -0.012, -1.162, -0.02, joint_torque, -1.78, 0.46, -1.44, 1.74, -0.87, -1.77, 0.02, robot_mode, normal, 
08/06/2022 15:30:29:462, robot_pos, 1654698503042, 613.03, -150.62, 389.65, 2.39, 0.13, -2.97, circuit_pos, 613.81, -145.58, 397.5, 2.39, 0.14, -2.95, tool_force, -5.65, 1.54, 3.55, actual_rep, 1, curr_step, 20, track_size, 143, robot_vel, 41.25, joints_pos, -0.42, 40.25, -18.43, -70.99, -0.23, 68.31, 29.2, tool_torque, 0.246, -1.095, -0.052, joint_torque, -1.2, 1.37, -1.06, 1.42, -0.93, -1.63, -0.04, robot_mode, normal, 
08/06/2022 15:30:29:605, robot_pos, 1654698503191, 614.14, -147.25, 395.38, 2.39, 0.14, -2.95, circuit_pos, 614.75, -143.33, 402.14, 2.4, 0.15, -2.94, tool_force, -4.98, 1.85, 2.95, actual_rep, 1, curr_step, 21, track_size, 143, robot_vel, 48.87, joints_pos, 0.13, 40.06, -18.42, -70.52, -1.87, 69.04, 30.37, tool_torque, 0.089, -1.197, -0.085, joint_torque, -0.66, 1.12, -0.71, 1.2, -0.76, -1.6, -0.09, robot_mode, normal, 
08/06/2022 15:30:29:759, robot_pos, 1654698503341, 615.35, -144.6, 401.02, 2.4, 0.15, -2.94, circuit_pos, 615.82, -140.88, 406.9, 2.4, 0.16, -2.93, tool_force, -5.09, 1.69, 3.9, actual_rep, 1, curr_step, 22, track_size, 143, robot_vel, 41.49, joints_pos, 0.54, 39.82, -18.42, -70.11, -2.88, 69.52, 30.84, tool_torque, 0.117, -1.038, -0.111, joint_torque, -0.96, 1.01, -0.9, 0.97, -0.83, -1.37, -0.1, robot_mode, normal, 
08/06/2022 15:30:29:911, robot_pos, 1654698503491, 616.49, -142.04, 406.13, 2.4, 0.17, -2.92, circuit_pos, 616.77, -138.75, 411.48, 2.4, 0.18, -2.91, tool_force, -4.85, 1.36, 3.98, actual_rep, 1, curr_step, 23, track_size, 143, robot_vel, 45.58, joints_pos, 0.99, 39.63, -18.43, -69.75, -4.25, 69.91, 31.72, tool_torque, 0.1, -0.966, -0.135, joint_torque, -1.27, 1.43, -0.92, 0.73, -0.81, -1.37, -0.11, robot_mode, normal, 
08/06/2022 15:30:30:061, robot_pos, 1654698503642, 617.54, -139.16, 411.51, 2.4, 0.19, -2.91, circuit_pos, 618.12, -133.17, 423.36, 2.41, 0.22, -2.87, tool_force, -5.24, 2.25, 4.45, actual_rep, 1, curr_step, 26, track_size, 143, robot_vel, 40.1, joints_pos, 1.51, 39.42, -18.43, -69.42, -5.73, 70.3, 32.74, tool_torque, 0.18, -0.995, -0.143, joint_torque, -0.85, 2.23, -0.6, 0.69, -0.81, -1.43, -0.13, robot_mode, normal, 
08/06/2022 15:30:30:208, robot_pos, 1654698503791, 618.31, -136.74, 417.12, 2.41, 0.2, -2.89, circuit_pos, 618.66, -129.34, 431.24, 2.42, 0.24, -2.84, tool_force, -4.42, 2.82, 4.36, actual_rep, 1, curr_step, 28, track_size, 143, robot_vel, 39.64, joints_pos, 2.02, 39.14, -18.43, -69.17, -7.43, 70.59, 33.66, tool_torque, -0.105, -0.834, -0.157, joint_torque, -0.17, 1.9, 0.09, 0.55, -0.43, -1.35, -0.14, robot_mode, normal, 
08/06/2022 15:30:30:360, robot_pos, 1654698503943, 618.82, -133.57, 422.86, 2.41, 0.22, -2.87, circuit_pos, 619.74, -125.04, 439.88, 2.43, 0.27, -2.81, tool_force, -4.85, 2.91, 4.38, actual_rep, 1, curr_step, 30, track_size, 143, robot_vel, 41.61, joints_pos, 2.62, 38.85, -18.45, -68.98, -9.17, 70.91, 34.63, tool_torque, -0.164, -0.858, -0.184, joint_torque, -0.36, 2.12, 0.06, 0.6, -0.46, -1.48, -0.15, robot_mode, normal, 
08/06/2022 15:30:30:514, robot_pos, 1654698504094, 619.5, -130.71, 428.71, 2.42, 0.24, -2.84, circuit_pos, 619.74, -125.04, 439.88, 2.43, 0.27, -2.81, tool_force, -3.94, 3.62, 4.31, actual_rep, 1, curr_step, 30, track_size, 143, robot_vel, 42.34, joints_pos, 3.18, 38.6, -18.44, -68.68, -10.96, 71.37, 35.57, tool_torque, -0.112, -0.852, -0.166, joint_torque, -0.05, 2.55, 0.29, 0.41, -0.38, -1.46, -0.15, robot_mode, normal, 
08/06/2022 15:30:30:661, robot_pos, 1654698504244, 620.18, -127.9, 434.35, 2.43, 0.26, -2.82, circuit_pos, 619.74, -125.04, 439.88, 2.43, 0.27, -2.81, tool_force, -3.64, 3.71, 4.13, actual_rep, 1, curr_step, 30, track_size, 143, robot_vel, 44.14, joints_pos, 3.7, 38.38, -18.44, -68.39, -12.63, 71.81, 36.39, tool_torque, -0.083, -0.75, -0.169, joint_torque, -0.05, 3.05, 0.34, 0.05, -0.33, -1.38, -0.15, robot_mode, normal, 
08/06/2022 15:30:30:813, robot_pos, 1654698504395, 620.72, -125.43, 439.31, 2.43, 0.28, -2.8, circuit_pos, 620.28, -122.66, 444.57, 2.44, 0.29, -2.79, tool_force, -3.51, 3.36, 4.56, actual_rep, 1, curr_step, 31, track_size, 143, robot_vel, 41.14, joints_pos, 4.16, 38.17, -18.44, -68.16, -14.07, 72.14, 37.04, tool_torque, -0.114, -0.851, -0.142, joint_torque, -0.1, 2.47, 0.32, 0.08, -0.33, -1.32, -0.12, robot_mode, normal, 
08/06/2022 15:30:30:986, robot_pos, 1654698504563, 621.22, -122.79, 443.77, 2.44, 0.29, -2.79, circuit_pos, 620.63, -120.19, 449.21, 2.45, 0.3, -2.77, tool_force, -4.17, 2.93, 5.92, actual_rep, 1, curr_step, 32, track_size, 143, robot_vel, 31.72, joints_pos, 4.58, 37.97, -18.39, -67.99, -15.34, 72.42, 37.65, tool_torque, 0.057, -0.956, -0.087, joint_torque, -0.93, 2.55, -0.55, 0.0, -0.7, -1.29, -0.08, robot_mode, sine_overlay, 
08/06/2022 15:30:31:116, robot_pos, 1654698504682, 621.68, -123.05, 443.18, 2.44, 0.3, -2.79, circuit_pos, 620.63, -120.19, 449.21, 2.45, 0.3, -2.77, tool_force, -1.65, 3.06, 1.77, actual_rep, 1, curr_step, 32, track_size, 143, robot_vel, 19.36, joints_pos, 4.56, 38.01, -18.4, -68.02, -15.34, 72.15, 37.65, tool_torque, 0.115, -0.859, 0.023, joint_torque, 0.51, 1.2, 0.11, 0.26, -0.46, -0.83, 0.01, robot_mode, sine_overlay, 
08/06/2022 15:30:31:269, robot_pos, 1654698504833, 622.7, -121.16, 445.85, 2.45, 0.3, -2.77, circuit_pos, 620.73, -117.54, 453.61, 2.45, 0.31, -2.75, tool_force, -3.12, 3.31, 4.83, actual_rep, 1, curr_step, 33, track_size, 143, robot_vel, 16.12, joints_pos, 4.9, 38.09, -18.4, -67.64, -16.44, 72.68, 37.95, tool_torque, -0.045, -0.733, -0.103, joint_torque, -0.01, 2.68, 0.3, 0.05, -0.3, -1.26, -0.11, robot_mode, sine_overlay, 
08/06/2022 15:30:31:420, robot_pos, 1654698504983, 624.14, -117.19, 449.14, 2.45, 0.31, -2.75, circuit_pos, 620.73, -117.54, 453.61, 2.45, 0.31, -2.75, tool_force, -3.21, 4.63, 4.61, actual_rep, 1, curr_step, 33, track_size, 143, robot_vel, 38.91, joints_pos, 5.4, 38.22, -18.4, -67.09, -17.53, 73.52, 38.73, tool_torque, -0.099, -0.617, -0.138, joint_torque, 0.4, 2.85, 0.63, -0.14, -0.13, -1.14, -0.14, robot_mode, sine_overlay, 
08/06/2022 15:30:31:567, robot_pos, 1654698505136, 625.09, -115.04, 450.4, 2.45, 0.31, -2.75, circuit_pos, 620.73, -117.54, 453.61, 2.45, 0.31, -2.75, tool_force, -1.36, 2.33, 3.75, actual_rep, 1, curr_step, 33, track_size, 143, robot_vel, 30.34, joints_pos, 5.61, 38.36, -18.4, -66.75, -17.81, 74.01, 39.0, tool_torque, 0.068, -0.818, -0.066, joint_torque, -0.34, 2.36, -0.13, -0.38, -0.48, -0.98, -0.07, robot_mode, sine_overlay, 
08/06/2022 15:30:31:718, robot_pos, 1654698505284, 624.78, -116.45, 450.63, 2.45, 0.31, -2.75, circuit_pos, 620.73, -117.54, 453.61, 2.45, 0.31, -2.75, tool_force, -2.25, 4.77, 4.68, actual_rep, 1, curr_step, 33, track_size, 143, robot_vel, 9.21, joints_pos, 5.47, 38.34, -18.4, -66.73, -17.78, 74.07, 38.92, tool_torque, 0.409, -1.025, 0.198, joint_torque, 0.44, 3.07, 0.1, -0.16, -0.51, -1.16, 0.16, robot_mode, sine_overlay, 
08/06/2022 15:30:31:872, robot_pos, 1654698505436, 623.08, -118.25, 454.28, 2.45, 0.32, -2.74, circuit_pos, 620.98, -108.42, 463.87, 2.46, 0.34, -2.71, tool_force, -2.1, 6.32, 3.03, actual_rep, 1, curr_step, 36, track_size, 143, robot_vel, 35.54, joints_pos, 5.43, 37.96, -18.46, -66.85, -18.23, 74.19, 38.69, tool_torque, 0.132, -0.874, 0.307, joint_torque, 1.53, 2.87, 1.16, 0.27, -0.04, -1.31, 0.29, robot_mode, sine_overlay, 
08/06/2022 15:30:32:021, robot_pos, 1654698505587, 620.81, -115.75, 461.66, 2.46, 0.34, -2.71, circuit_pos, 622.9, -96.75, 470.76, 2.48, 0.37, -2.67, tool_force, -2.92, 5.74, 3.46, actual_rep, 1, curr_step, 39, track_size, 143, robot_vel, 56.37, joints_pos, 6.1, 37.37, -18.47, -67.06, -20.62, 74.8, 39.78, tool_torque, -0.307, -0.434, -0.079, joint_torque, 0.33, 3.02, 0.93, -0.06, 0.07, -1.23, -0.03, robot_mode, sine_overlay, 
08/06/2022 15:30:32:172, robot_pos, 1654698505738, 619.86, -109.91, 465.58, 2.47, 0.36, -2.69, circuit_pos, 625.57, -84.03, 478.79, 2.49, 0.4, -2.62, tool_force, -3.71, 5.8, 4.64, actual_rep, 1, curr_step, 42, track_size, 143, robot_vel, 46.96, joints_pos, 6.91, 37.03, -18.44, -67.29, -22.23, 75.14, 40.8, tool_torque, -0.192, -0.523, -0.053, joint_torque, 0.43, 3.34, 0.92, -0.16, 0.07, -1.31, -0.05, robot_mode, sine_overlay, 
08/06/2022 15:30:32:334, robot_pos, 1654698505892, 621.15, -102.5, 468.5, 2.48, 0.37, -2.67, circuit_pos, 625.57, -84.03, 478.79, 2.49, 0.4, -2.62, tool_force, -2.76, 5.29, 4.7, actual_rep, 1, curr_step, 42, track_size, 143, robot_vel, 47.25, joints_pos, 7.75, 37.07, -18.38, -67.01, -23.58, 75.76, 41.86, tool_torque, -0.253, -0.65, -0.053, joint_torque, 0.42, 3.3, 0.94, -0.18, 0.08, -1.42, -0.08, robot_mode, sine_overlay, 
08/06/2022 15:30:32:477, robot_pos, 1654698506044, 624.47, -93.74, 470.0, 2.49, 0.39, -2.65, circuit_pos, 625.57, -84.03, 478.79, 2.49, 0.4, -2.62, tool_force, -2.52, 4.81, 4.91, actual_rep, 1, curr_step, 42, track_size, 143, robot_vel, 67.32, joints_pos, 8.67, 37.54, -18.33, -66.27, -24.85, 76.66, 43.0, tool_torque, -0.099, -0.63, -0.079, joint_torque, 0.25, 3.69, 0.59, -0.64, -0.04, -1.21, -0.11, robot_mode, sine_overlay, 
08/06/2022 15:30:32:630, robot_pos, 1654698506196, 628.53, -85.15, 471.79, 2.49, 0.4, -2.63, circuit_pos, 625.57, -84.03, 478.79, 2.49, 0.4, -2.62, tool_force, -2.63, 3.5, 5.32, actual_rep, 1, curr_step, 42, track_size, 143, robot_vel, 63.8, joints_pos, 9.52, 38.19, -18.35, -65.23, -26.02, 77.79, 43.96, tool_torque, 0.045, -0.577, -0.118, joint_torque, -0.07, 3.22, 0.37, -0.75, -0.19, -0.96, -0.13, robot_mode, sine_overlay, 
08/06/2022 15:30:32:779, robot_pos, 1654698506350, 631.43, -79.9, 473.43, 2.49, 0.4, -2.62, circuit_pos, 625.57, -84.03, 478.79, 2.49, 0.4, -2.62, tool_force, -0.12, 2.44, 4.33, actual_rep, 1, curr_step, 42, track_size, 143, robot_vel, 46.67, joints_pos, 9.99, 38.67, -18.41, -64.35, -26.46, 78.69, 44.36, tool_torque, 0.189, -0.738, -0.048, joint_torque, -0.54, 2.81, -0.05, -1.22, -0.48, -0.6, -0.01, robot_mode, sine_overlay, 
08/06/2022 15:30:32:930, robot_pos, 1654698506500, 631.55, -81.35, 473.69, 2.49, 0.4, -2.62, circuit_pos, 625.57, -84.03, 478.79, 2.49, 0.4, -2.62, tool_force, -0.22, 2.53, 4.09, actual_rep, 1, curr_step, 42, track_size, 143, robot_vel, 12.9, joints_pos, 9.88, 38.72, -18.49, -64.24, -26.33, 78.77, 44.26, tool_torque, 0.457, -0.77, 0.234, joint_torque, -0.45, 3.09, -0.14, -1.08, -0.6, -0.54, 0.26, robot_mode, sine_overlay, 
08/06/2022 15:30:33:092, robot_pos, 1654698506652, 629.77, -83.57, 475.83, 2.49, 0.4, -2.62, circuit_pos, 625.57, -84.03, 478.79, 2.49, 0.4, -2.62, tool_force, -0.71, 4.28, 3.43, actual_rep, 1, curr_step, 42, track_size, 143, robot_vel, 26.33, joints_pos, 9.76, 38.4, -18.55, -64.45, -26.4, 78.81, 44.06, tool_torque, 0.498, -0.667, 0.376, joint_torque, 0.19, 2.88, 0.23, -0.58, -0.4, -0.61, 0.38, robot_mode, sine_overlay, 
08/06/2022 15:30:33:277, robot_pos, 1654698506802, 626.96, -85.1, 479.59, 2.49, 0.41, -2.61, circuit_pos, 626.15, -80.01, 481.82, 2.5, 0.41, -2.6, tool_force, -0.73, 4.73, 3.11, actual_rep, 1, curr_step, 43, track_size, 143, robot_vel, 34.61, joints_pos, 9.77, 37.84, -18.56, -64.85, -26.93, 78.89, 43.9, tool_torque, 0.299, -0.666, 0.357, joint_torque, 0.49, 2.83, 0.52, -0.46, -0.2, -0.79, 0.36, robot_mode, sine_overlay, 
08/06/2022 15:30:33:386, robot_pos, 1654698506954, 624.38, -84.04, 483.69, 2.5, 0.41, -2.6, circuit_pos, 626.7, -75.57, 484.88, 2.5, 0.42, -2.58, tool_force, -2.55, 4.64, 3.38, actual_rep, 1, curr_step, 44, track_size, 143, robot_vel, 30.64, joints_pos, 10.04, 37.37, -18.51, -65.19, -27.93, 79.24, 44.17, tool_torque, 0.275, -0.476, 0.087, joint_torque, -0.3, 3.19, 0.15, -0.45, -0.34, -0.86, 0.09, robot_mode, sine_overlay, 
08/06/2022 15:30:33:542, robot_pos, 1654698507108, 623.6, -81.16, 486.05, 2.5, 0.42, -2.58, circuit_pos, 626.7, -75.57, 484.88, 2.5, 0.42, -2.58, tool_force, -2.52, 5.33, 3.65, actual_rep, 1, curr_step, 44, track_size, 143, robot_vel, 24.41, joints_pos, 10.42, 37.26, -18.43, -65.19, -28.92, 79.77, 44.78, tool_torque, 0.042, -0.349, 0.018, joint_torque, -0.04, 3.05, 0.37, -0.49, -0.07, -0.88, 0.01, robot_mode, sine_overlay, 
08/06/2022 15:30:33:693, robot_pos, 1654698507257, 624.8, -77.73, 485.45, 2.5, 0.43, -2.58, circuit_pos, 627.39, -70.85, 487.74, 2.51, 0.44, -2.56, tool_force, -3.0, 4.46, 4.77, actual_rep, 1, curr_step, 45, track_size, 143, robot_vel, 32.27, joints_pos, 10.7, 37.46, -18.4, -64.98, -29.0, 79.89, 45.14, tool_torque, 0.084, -0.29, -0.041, joint_torque, -1.01, 3.3, -0.12, -0.7, -0.24, -0.81, -0.03, robot_mode, sine_overlay, 
08/06/2022 15:30:33:837, robot_pos, 1654698507405, 627.99, -71.65, 484.73, 2.51, 0.44, -2.56, circuit_pos, 627.97, -66.32, 489.84, 2.51, 0.44, -2.55, tool_force, -0.84, 3.85, 3.32, actual_rep, 1, curr_step, 46, track_size, 143, robot_vel, 46.81, joints_pos, 11.33, 38.0, -18.35, -64.49, -30.19, 80.28, 46.0, tool_torque, -0.012, -0.399, -0.079, joint_torque, -0.19, 2.4, 0.14, -0.6, -0.19, -0.65, -0.09, robot_mode, sine_overlay, 
08/06/2022 15:30:33:992, robot_pos, 1654698507557, 631.36, -63.65, 484.76, 2.51, 0.44, -2.55, circuit_pos, 627.97, -66.32, 489.84, 2.51, 0.44, -2.55, tool_force, -1.85, 4.47, 4.77, actual_rep, 1, curr_step, 46, track_size, 143, robot_vel, 71.57, joints_pos, 11.96, 38.69, -18.32, -63.47, -30.51, 81.38, 46.54, tool_torque, 0.161, -0.446, -0.061, joint_torque, -0.6, 4.13, 0.16, -1.36, -0.14, -0.79, -0.07, robot_mode, sine_overlay, 
08/06/2022 15:30:34:185, robot_pos, 1654698507711, 633.87, -62.69, 483.77, 2.51, 0.44, -2.55, circuit_pos, 627.97, -66.32, 489.84, 2.51, 0.44, -2.55, tool_force, -0.1, 3.33, 3.74, actual_rep, 1, curr_step, 46, track_size, 143, robot_vel, 29.42, joints_pos, 11.99, 39.16, -18.44, -62.89, -30.32, 81.63, 46.54, tool_torque, 0.232, -0.618, 0.048, joint_torque, -0.29, 2.53, 0.09, -1.02, -0.41, -0.47, 0.08, robot_mode, sine_overlay, 
08/06/2022 15:30:34:296, robot_pos, 1654698507864, 633.7, -63.75, 484.83, 2.51, 0.44, -2.55, circuit_pos, 627.97, -66.32, 489.84, 2.51, 0.44, -2.55, tool_force, 0.08, 4.38, 3.94, actual_rep, 1, curr_step, 46, track_size, 143, robot_vel, 6.6, joints_pos, 11.91, 39.15, -18.49, -62.78, -30.34, 81.82, 46.39, tool_torque, 0.407, -0.637, 0.244, joint_torque, -0.21, 3.33, 0.14, -1.22, -0.38, -0.46, 0.28, robot_mode, sine_overlay, 
08/06/2022 15:30:34:448, robot_pos, 1654698508013, 631.56, -65.99, 487.49, 2.51, 0.44, -2.55, circuit_pos, 628.49, -61.56, 491.32, 2.52, 0.45, -2.53, tool_force, -0.28, 4.14, 2.42, actual_rep, 1, curr_step, 47, track_size, 143, robot_vel, 28.08, joints_pos, 11.81, 38.73, -18.56, -63.06, -30.43, 81.87, 46.2, tool_torque, 0.523, -0.589, 0.37, joint_torque, 0.43, 2.5, 0.26, -0.56, -0.39, -0.42, 0.38, robot_mode, sine_overlay, 
08/06/2022 15:30:34:599, robot_pos, 1654698508165, 628.68, -66.47, 491.39, 2.52, 0.45, -2.53, circuit_pos, 628.96, -56.8, 492.42, 2.52, 0.45, -2.51, tool_force, -1.32, 3.74, 2.74, actual_rep, 1, curr_step, 48, track_size, 143, robot_vel, 38.09, joints_pos, 11.97, 38.2, -18.53, -63.51, -31.34, 82.03, 46.23, tool_torque, 0.279, -0.421, 0.254, joint_torque, -0.12, 2.82, 0.22, -0.68, -0.19, -0.58, 0.25, robot_mode, sine_overlay, 
08/06/2022 15:30:34:752, robot_pos, 1654698508317, 626.2, -62.45, 494.11, 2.52, 0.45, -2.51, circuit_pos, 630.21, -43.74, 496.39, 2.53, 0.47, -2.47, tool_force, -2.53, 4.53, 3.33, actual_rep, 1, curr_step, 51, track_size, 143, robot_vel, 39.56, joints_pos, 12.46, 37.94, -18.41, -63.73, -32.38, 82.9, 46.69, tool_torque, 0.117, -0.525, 0.11, joint_torque, -0.41, 2.71, -0.05, -0.34, -0.28, -0.86, 0.09, robot_mode, sine_overlay, 
08/06/2022 15:30:34:898, robot_pos, 1654698508465, 626.18, -56.69, 495.63, 2.53, 0.46, -2.5, circuit_pos, 631.5, -36.59, 501.27, 2.54, 0.48, -2.44, tool_force, -1.28, 4.8, 2.68, actual_rep, 1, curr_step, 53, track_size, 143, robot_vel, 40.8, joints_pos, 13.07, 38.06, -18.4, -63.52, -33.19, 83.7, 47.32, tool_torque, 0.0060, -0.426, 0.066, joint_torque, -0.25, 3.04, 0.23, -0.7, -0.07, -0.85, 0.05, robot_mode, sine_overlay, 
08/06/2022 15:30:35:092, robot_pos, 1654698508617, 628.37, -48.77, 496.27, 2.53, 0.47, -2.48, circuit_pos, 634.54, -25.87, 507.78, 2.56, 0.5, -2.4, tool_force, -1.77, 4.84, 3.99, actual_rep, 1, curr_step, 56, track_size, 143, robot_vel, 51.76, joints_pos, 13.83, 38.6, -18.4, -62.83, -34.14, 84.67, 48.02, tool_torque, 0.055, -0.405, 0.031, joint_torque, -0.56, 3.59, 0.1, -0.98, -0.07, -0.83, 0.02, robot_mode, sine_overlay, 
08/06/2022 15:30:35:205, robot_pos, 1654698508768, 632.31, -40.51, 496.33, 2.54, 0.48, -2.45, circuit_pos, 636.86, -18.2, 511.18, 2.58, 0.52, -2.36, tool_force, -0.76, 4.16, 3.54, actual_rep, 1, curr_step, 58, track_size, 143, robot_vel, 61.29, joints_pos, 14.55, 39.49, -18.4, -61.68, -35.14, 85.81, 48.57, tool_torque, 0.157, -0.441, -0.0020, joint_torque, -0.1, 3.31, 0.32, -1.05, -0.07, -0.68, -0.02, robot_mode, sine_overlay, 
08/06/2022 15:30:35:393, robot_pos, 1654698508919, 636.68, -32.93, 496.61, 2.55, 0.49, -2.43, circuit_pos, 640.18, -6.19, 515.72, 2.6, 0.54, -2.31, tool_force, -0.65, 3.75, 3.92, actual_rep, 1, curr_step, 61, track_size, 143, robot_vel, 56.34, joints_pos, 15.14, 40.44, -18.41, -60.41, -36.12, 86.98, 48.93, tool_torque, 0.189, -0.322, -0.026, joint_torque, -0.47, 3.07, 0.13, -1.14, -0.12, -0.55, -0.03, robot_mode, sine_overlay, 
08/06/2022 15:30:35:509, robot_pos, 1654698509070, 639.9, -26.7, 498.25, 2.56, 0.5, -2.4, circuit_pos, 643.74, 5.2, 516.45, 2.63, 0.56, -2.26, tool_force, -0.14, 4.35, 4.07, actual_rep, 1, curr_step, 64, track_size, 143, robot_vel, 44.99, joints_pos, 15.65, 41.21, -18.43, -59.23, -37.2, 88.22, 49.17, tool_torque, 0.122, -0.212, -0.032, joint_torque, -0.62, 3.6, 0.35, -1.33, 0.0, -0.47, -0.02, robot_mode, sine_overlay, 
08/06/2022 15:30:35:685, robot_pos, 1654698509221, 641.23, -22.0, 501.43, 2.57, 0.51, -2.38, circuit_pos, 646.44, 12.64, 515.72, 2.64, 0.56, -2.24, tool_force, 0.07, 5.02, 3.8, actual_rep, 1, curr_step, 66, track_size, 143, robot_vel, 39.06, joints_pos, 16.08, 41.57, -18.44, -58.49, -38.28, 89.24, 49.27, tool_torque, 0.077, -0.15, -0.013, joint_torque, -0.75, 3.8, 0.39, -1.63, 0.15, -0.54, 0.01, robot_mode, sine_overlay, 
08/06/2022 15:30:35:809, robot_pos, 1654698509372, 640.8, -18.22, 505.61, 2.58, 0.52, -2.36, circuit_pos, 650.4, 22.62, 516.56, 2.66, 0.58, -2.21, tool_force, 0.03, 4.97, 4.03, actual_rep, 1, curr_step, 69, track_size, 143, robot_vel, 36.17, joints_pos, 16.52, 41.6, -18.45, -58.14, -39.41, 90.11, 49.37, tool_torque, -0.033, -0.207, 0.0080, joint_torque, -0.33, 3.8, 0.7, -1.55, 0.25, -0.64, 0.03, robot_mode, sine_overlay, 
08/06/2022 15:30:35:959, robot_pos, 1654698509526, 639.64, -14.49, 509.74, 2.59, 0.53, -2.34, circuit_pos, 653.22, 28.6, 517.95, 2.68, 0.6, -2.19, tool_force, -0.38, 7.0, 3.82, actual_rep, 1, curr_step, 71, track_size, 143, robot_vel, 36.92, joints_pos, 16.99, 41.45, -18.44, -58.06, -40.53, 90.76, 49.51, tool_torque, -0.108, -0.173, 0.017, joint_torque, -0.25, 4.53, 0.93, -1.58, 0.41, -0.9, 0.04, robot_mode, sine_overlay, 
08/06/2022 15:30:36:109, robot_pos, 1654698509676, 639.22, -9.81, 512.35, 2.6, 0.54, -2.32, circuit_pos, 657.05, 39.37, 519.16, 2.72, 0.61, -2.17, tool_force, 0.07, 7.73, 4.38, actual_rep, 1, curr_step, 74, track_size, 143, robot_vel, 38.94, joints_pos, 17.52, 41.42, -18.43, -58.02, -41.55, 91.1, 49.74, tool_torque, -0.089, -0.139, -0.0010, joint_torque, 0.01, 5.05, 1.09, -1.87, 0.57, -0.9, -0.01, robot_mode, sine_overlay, 
08/06/2022 15:30:36:263, robot_pos, 1654698509829, 640.29, -3.62, 512.46, 2.62, 0.55, -2.3, circuit_pos, 659.55, 48.96, 519.73, 2.75, 0.63, -2.14, tool_force, 0.77, 6.4, 4.17, actual_rep, 1, curr_step, 77, track_size, 143, robot_vel, 44.18, joints_pos, 18.12, 41.7, -18.4, -57.81, -42.48, 91.36, 50.07, tool_torque, -0.107, -0.188, -0.018, joint_torque, -0.39, 4.62, 0.72, -2.07, 0.53, -0.8, -0.03, robot_mode, sine_overlay, 
08/06/2022 15:30:36:414, robot_pos, 1654698509978, 643.37, 3.45, 510.57, 2.64, 0.56, -2.29, circuit_pos, 660.09, 53.96, 520.37, 2.78, 0.64, -2.1, tool_force, 0.83, 5.66, 4.48, actual_rep, 1, curr_step, 79, track_size, 143, robot_vel, 51.97, joints_pos, 18.69, 42.42, -18.4, -57.15, -43.28, 91.71, 50.42, tool_torque, -0.049, -0.153, -0.031, joint_torque, -0.46, 4.32, 0.6, -2.05, 0.52, -0.65, -0.05, robot_mode, sine_overlay, 
08/06/2022 15:30:36:571, robot_pos, 1654698510129, 647.76, 11.15, 507.95, 2.65, 0.57, -2.26, circuit_pos, 659.68, 61.64, 519.72, 2.82, 0.64, -2.04, tool_force, 0.91, 5.86, 4.71, actual_rep, 1, curr_step, 82, track_size, 143, robot_vel, 63.5, joints_pos, 19.22, 43.46, -18.39, -56.11, -44.16, 92.28, 50.69, tool_torque, 0.054, -0.081, -0.061, joint_torque, -0.95, 4.9, 0.46, -2.39, 0.55, -0.54, -0.08, robot_mode, sine_overlay, 
08/06/2022 15:30:36:715, robot_pos, 1654698510277, 652.03, 18.09, 506.26, 2.67, 0.58, -2.24, circuit_pos, 659.4, 69.36, 518.55, 2.85, 0.65, -2.0, tool_force, 1.19, 5.8, 4.69, actual_rep, 1, curr_step, 84, track_size, 143, robot_vel, 53.86, joints_pos, 19.67, 44.53, -18.39, -54.9, -45.14, 93.07, 50.74, tool_torque, 0.063, -0.043, -0.031, joint_torque, -0.87, 4.07, 0.4, -2.13, 0.5, -0.42, -0.04, robot_mode, sine_overlay, 
08/06/2022 15:30:36:901, robot_pos, 1654698510430, 654.64, 24.33, 506.42, 2.68, 0.59, -2.21, circuit_pos, 659.1, 82.11, 514.6, 2.89, 0.65, -1.95, tool_force, 2.19, 5.53, 3.83, actual_rep, 1, curr_step, 87, track_size, 143, robot_vel, 47.99, joints_pos, 20.1, 45.26, -18.39, -53.98, -46.17, 93.88, 50.74, tool_torque, 0.048, -0.0010, 0.106, joint_torque, -1.1, 4.2, 0.34, -2.24, 0.53, -0.33, 0.11, robot_mode, sine_overlay, 
08/06/2022 15:30:37:016, robot_pos, 1654698510577, 654.87, 28.97, 508.55, 2.7, 0.6, -2.19, circuit_pos, 658.29, 89.75, 512.46, 2.91, 0.65, -1.92, tool_force, 2.14, 5.27, 4.47, actual_rep, 1, curr_step, 89, track_size, 143, robot_vel, 32.01, joints_pos, 20.55, 45.49, -18.39, -53.63, -47.34, 94.55, 50.69, tool_torque, 0.139, -0.06, 0.259, joint_torque, -1.17, 4.4, 0.26, -2.25, 0.47, -0.32, 0.26, robot_mode, sine_overlay, 
08/06/2022 15:30:37:198, robot_pos, 1654698510730, 654.1, 33.35, 510.96, 2.72, 0.6, -2.16, circuit_pos, 658.08, 93.47, 511.58, 2.92, 0.65, -1.9, tool_force, 1.65, 5.92, 4.15, actual_rep, 1, curr_step, 90, track_size, 143, robot_vel, 34.37, joints_pos, 21.04, 45.47, -18.4, -53.64, -48.46, 94.93, 50.64, tool_torque, 0.187, 0.083, 0.297, joint_torque, -1.15, 4.47, 0.3, -2.26, 0.57, -0.25, 0.29, robot_mode, sine_overlay, 
08/06/2022 15:30:37:321, robot_pos, 1654698510878, 653.41, 39.15, 510.75, 2.74, 0.61, -2.14, circuit_pos, 658.08, 93.47, 511.58, 2.92, 0.65, -1.9, tool_force, 0.72, 5.57, 4.3, actual_rep, 1, curr_step, 90, track_size, 143, robot_vel, 40.09, joints_pos, 21.65, 45.62, -18.4, -53.77, -49.52, 95.3, 50.82, tool_torque, 0.111, 0.101, 0.084, joint_torque, -1.1, 3.96, 0.32, -1.95, 0.58, -0.4, 0.06, robot_mode, sine_overlay, 
08/06/2022 15:30:37:467, robot_pos, 1654698511027, 653.21, 45.07, 509.72, 2.76, 0.61, -2.11, circuit_pos, 658.08, 93.47, 511.58, 2.92, 0.65, -1.9, tool_force, 0.65, 5.76, 4.2, actual_rep, 1, curr_step, 90, track_size, 143, robot_vel, 41.92, joints_pos, 22.24, 45.89, -18.4, -53.8, -50.53, 95.69, 51.06, tool_torque, -0.019, 0.109, 0.064, joint_torque, -1.28, 4.28, 0.37, -2.06, 0.66, -0.5, 0.05, robot_mode, sine_overlay, 
08/06/2022 15:30:37:617, robot_pos, 1654698511176, 653.05, 51.3, 508.67, 2.78, 0.62, -2.09, circuit_pos, 658.08, 93.47, 511.58, 2.92, 0.65, -1.9, tool_force, 1.0, 6.83, 3.84, actual_rep, 1, curr_step, 90, track_size, 143, robot_vel, 42.24, joints_pos, 22.83, 46.19, -18.4, -53.78, -51.52, 96.11, 51.28, tool_torque, -0.111, 0.126, 0.074, joint_torque, -1.33, 4.75, 0.54, -2.26, 0.81, -0.66, 0.07, robot_mode, sine_overlay, 
08/06/2022 15:30:37:769, robot_pos, 1654698511325, 652.96, 57.16, 507.56, 2.8, 0.63, -2.07, circuit_pos, 658.08, 93.47, 511.58, 2.92, 0.65, -1.9, tool_force, 1.27, 6.99, 3.99, actual_rep, 1, curr_step, 90, track_size, 143, robot_vel, 40.49, joints_pos, 23.4, 46.51, -18.41, -53.76, -52.52, 96.52, 51.49, tool_torque, -0.14, 0.128, 0.064, joint_torque, -0.95, 4.59, 0.72, -2.22, 0.84, -0.55, 0.06, robot_mode, sine_overlay, 
08/06/2022 15:30:37:917, robot_pos, 1654698511474, 652.67, 63.33, 506.52, 2.81, 0.63, -2.04, circuit_pos, 658.08, 93.47, 511.58, 2.92, 0.65, -1.9, tool_force, 1.01, 7.38, 4.26, actual_rep, 1, curr_step, 90, track_size, 143, robot_vel, 42.16, joints_pos, 23.98, 46.81, -18.41, -53.74, -53.51, 96.96, 51.66, tool_torque, -0.154, 0.216, 0.065, joint_torque, -1.78, 4.95, 0.53, -2.42, 0.9, -0.59, 0.07, robot_mode, sine_overlay, 
08/06/2022 15:30:38:075, robot_pos, 1654698511625, 652.39, 69.31, 505.39, 2.83, 0.64, -2.01, circuit_pos, 658.08, 93.47, 511.58, 2.92, 0.65, -1.9, tool_force, 1.53, 7.28, 3.39, actual_rep, 1, curr_step, 90, track_size, 143, robot_vel, 42.81, joints_pos, 24.55, 47.14, -18.42, -53.73, -54.55, 97.4, 51.85, tool_torque, -0.197, 0.126, 0.065, joint_torque, -1.06, 4.67, 0.75, -2.23, 0.89, -0.6, 0.06, robot_mode, sine_overlay, 
08/06/2022 15:30:38:221, robot_pos, 1654698511773, 652.05, 75.21, 504.4, 2.85, 0.64, -1.99, circuit_pos, 658.08, 93.47, 511.58, 2.92, 0.65, -1.9, tool_force, 1.41, 7.1, 4.25, actual_rep, 1, curr_step, 90, track_size, 143, robot_vel, 41.95, joints_pos, 25.1, 47.43, -18.42, -53.72, -55.53, 97.82, 51.99, tool_torque, -0.303, 0.182, 0.044, joint_torque, -1.73, 4.99, 0.68, -2.42, 0.99, -0.77, 0.05, robot_mode, sine_overlay, 
08/06/2022 15:30:38:373, robot_pos, 1654698511924, 651.86, 80.84, 503.52, 2.88, 0.65, -1.96, circuit_pos, 658.08, 93.47, 511.58, 2.92, 0.65, -1.9, tool_force, 1.55, 7.25, 4.13, actual_rep, 1, curr_step, 90, track_size, 143, robot_vel, 38.93, joints_pos, 25.62, 47.75, -18.42, -53.67, -56.56, 98.23, 52.1, tool_torque, -0.27, 0.153, 0.067, joint_torque, -1.46, 4.84, 0.76, -2.35, 1.0, -0.74, 0.07, robot_mode, sine_overlay, 
08/06/2022 15:30:38:525, robot_pos, 1654698512075, 651.9, 86.55, 502.76, 2.9, 0.65, -1.94, circuit_pos, 658.08, 93.47, 511.58, 2.92, 0.65, -1.9, tool_force, 1.44, 8.16, 4.7, actual_rep, 1, curr_step, 90, track_size, 143, robot_vel, 39.37, joints_pos, 26.11, 48.11, -18.42, -53.52, -57.56, 98.65, 52.15, tool_torque, -0.342, 0.213, 0.078, joint_torque, -2.03, 5.05, 0.62, -2.57, 1.06, -0.73, 0.09, robot_mode, sine_overlay, 
08/06/2022 15:30:38:679, robot_pos, 1654698512230, 652.24, 91.33, 502.11, 2.91, 0.65, -1.92, circuit_pos, 658.08, 93.47, 511.58, 2.92, 0.65, -1.9, tool_force, 2.79, 7.29, 4.14, actual_rep, 1, curr_step, 90, track_size, 143, robot_vel, 28.79, joints_pos, 26.47, 48.45, -18.41, -53.26, -58.2, 99.01, 52.14, tool_torque, -0.227, -0.046, 0.22, joint_torque, -0.93, 5.13, 0.86, -2.47, 0.98, -0.79, 0.2, robot_mode, sine_overlay, 
08/06/2022 15:30:38:847, robot_pos, 1654698512373, 652.53, 90.92, 502.36, 2.91, 0.65, -1.92, circuit_pos, 658.08, 93.47, 511.58, 2.92, 0.65, -1.9, tool_force, 3.48, 7.91, 2.96, actual_rep, 1, curr_step, 90, track_size, 143, robot_vel, 1.59, joints_pos, 26.43, 48.47, -18.45, -53.17, -58.12, 98.99, 52.08, tool_torque, -0.184, 0.058, 0.306, joint_torque, -0.89, 5.44, 1.03, -2.59, 1.08, -0.67, 0.31, robot_mode, sine_overlay, 
08/06/2022 15:30:38:978, robot_pos, 1654698512509, 653.3, 91.26, 502.23, 2.91, 0.65, -1.92, circuit_pos, 657.74, 99.82, 510.37, 2.93, 0.65, -1.88, tool_force, 2.86, 9.14, 2.89, actual_rep, 1, curr_step, 92, track_size, 143, robot_vel, 10.85, joints_pos, 26.44, 48.6, -18.45, -53.01, -58.33, 98.91, 52.04, tool_torque, -0.166, 0.06, 0.283, joint_torque, -0.77, 5.82, 1.19, -2.59, 1.09, -0.73, 0.29, robot_mode, normal, 
08/06/2022 15:30:39:164, robot_pos, 1654698512662, 656.17, 96.98, 506.24, 2.93, 0.65, -1.89, circuit_pos, 657.26, 106.74, 510.11, 2.95, 0.65, -1.86, tool_force, 3.37, 7.51, 4.09, actual_rep, 1, curr_step, 94, track_size, 143, robot_vel, 51.8, joints_pos, 26.59, 49.46, -18.45, -51.25, -59.28, 100.17, 50.92, tool_torque, -0.466, 0.134, 0.447, joint_torque, -1.61, 5.39, 0.96, -2.73, 1.2, -0.77, 0.46, robot_mode, normal, 
08/06/2022 15:30:39:279, robot_pos, 1654698512808, 657.09, 102.44, 506.53, 2.94, 0.65, -1.87, circuit_pos, 656.21, 115.6, 509.16, 2.95, 0.66, -1.84, tool_force, 3.69, 7.7, 4.45, actual_rep, 1, curr_step, 97, track_size, 143, robot_vel, 39.06, joints_pos, 26.9, 50.03, -18.45, -50.44, -59.94, 101.0, 50.7, tool_torque, -0.586, 0.189, 0.422, joint_torque, -1.41, 5.54, 1.26, -2.73, 1.38, -0.82, 0.44, robot_mode, normal, 
08/06/2022 15:30:39:427, robot_pos, 1654698512957, 656.83, 108.14, 506.7, 2.94, 0.66, -1.86, circuit_pos, 655.44, 121.06, 509.19, 2.95, 0.66, -1.84, tool_force, 3.43, 8.83, 5.03, actual_rep, 1, curr_step, 99, track_size, 143, robot_vel, 36.97, joints_pos, 27.28, 50.41, -18.45, -49.93, -60.36, 101.69, 50.66, tool_torque, -0.613, 0.113, 0.402, joint_torque, -1.77, 5.99, 1.22, -2.97, 1.39, -0.93, 0.41, robot_mode, normal, 
08/06/2022 15:30:39:578, robot_pos, 1654698513107, 656.45, 113.88, 506.99, 2.94, 0.66, -1.85, circuit_pos, 655.16, 128.94, 509.13, 2.95, 0.66, -1.83, tool_force, 3.3, 9.23, 4.71, actual_rep, 1, curr_step, 102, track_size, 143, robot_vel, 40.23, joints_pos, 27.66, 50.76, -18.45, -49.37, -60.57, 102.4, 50.57, tool_torque, -0.712, 0.032, 0.454, joint_torque, -1.56, 5.76, 1.24, -2.72, 1.37, -1.1, 0.46, robot_mode, normal, 
08/06/2022 15:30:39:884, robot_pos, 1654698513408, 656.33, 125.48, 506.14, 2.96, 0.66, -1.83, circuit_pos, 655.78, 138.59, 506.18, 2.98, 0.66, -1.79, tool_force, 2.61, 10.33, 6.06, actual_rep, 1, curr_step, 107, track_size, 143, robot_vel, 39.29, joints_pos, 28.38, 51.69, -18.45, -48.18, -61.33, 103.81, 50.26, tool_torque, -0.649, 0.083, 0.461, joint_torque, -2.79, 6.19, 0.87, -2.92, 1.3, -1.13, 0.47, robot_mode, normal, 
08/06/2022 15:30:40:040, robot_pos, 1654698513557, 656.28, 131.11, 505.38, 2.97, 0.66, -1.81, circuit_pos, 656.1, 140.39, 506.31, 2.98, 0.67, -1.78, tool_force, 3.18, 9.54, 6.42, actual_rep, 1, curr_step, 109, track_size, 143, robot_vel, 39.37, joints_pos, 28.74, 52.17, -18.45, -47.67, -61.98, 104.5, 50.09, tool_torque, -0.801, 0.074, 0.456, joint_torque, -2.7, 6.25, 1.05, -3.13, 1.5, -1.24, 0.47, robot_mode, normal, 
08/06/2022 15:30:40:184, robot_pos, 1654698513709, 656.52, 136.85, 504.68, 2.98, 0.67, -1.79, circuit_pos, 656.41, 141.21, 506.25, 2.98, 0.67, -1.77, tool_force, 2.89, 9.4, 5.71, actual_rep, 1, curr_step, 112, track_size, 143, robot_vel, 38.22, joints_pos, 29.06, 52.86, -18.45, -46.89, -62.9, 105.49, 50.08, tool_torque, -0.905, 0.083, 0.379, joint_torque, -2.93, 6.04, 1.05, -2.99, 1.51, -1.27, 0.39, robot_mode, normal, 
08/06/2022 15:30:40:336, robot_pos, 1654698513856, 657.39, 140.79, 504.41, 2.98, 0.67, -1.77, circuit_pos, 656.35, 140.77, 507.28, 2.98, 0.67, -1.78, tool_force, 3.35, 9.24, 5.21, actual_rep, 1, curr_step, 114, track_size, 143, robot_vel, 38.9, joints_pos, 29.17, 53.47, -18.45, -45.98, -63.3, 106.27, 49.87, tool_torque, -0.688, -0.018, 0.472, joint_torque, -2.19, 6.44, 1.07, -3.12, 1.47, -1.19, 0.46, robot_mode, normal, 
08/06/2022 15:30:40:486, robot_pos, 1654698514007, 657.59, 140.19, 505.76, 2.98, 0.67, -1.78, circuit_pos, 656.35, 140.61, 507.53, 2.98, 0.67, -1.78, tool_force, 2.5, 10.48, 4.19, actual_rep, 1, curr_step, 116, track_size, 143, robot_vel, 12.26, joints_pos, 29.13, 53.28, -18.45, -45.99, -62.98, 105.97, 49.8, tool_torque, -0.414, 0.288, 0.384, joint_torque, -2.42, 6.16, 0.96, -2.87, 1.35, -0.87, 0.39, robot_mode, normal, 
08/06/2022 15:30:40:640, robot_pos, 1654698514156, 657.23, 140.02, 505.56, 2.98, 0.67, -1.78, circuit_pos, 656.36, 140.83, 507.25, 2.98, 0.67, -1.77, tool_force, 1.09, 10.47, 4.07, actual_rep, 1, curr_step, 119, track_size, 143, robot_vel, 4.91, joints_pos, 29.16, 53.2, -18.45, -46.2, -63.06, 105.9, 49.87, tool_torque, -0.216, 0.39, 0.228, joint_torque, -2.72, 6.14, 0.76, -2.84, 1.23, -0.75, 0.24, robot_mode, normal, 
08/06/2022 15:30:40:793, robot_pos, 1654698514307, 657.17, 140.13, 505.08, 2.98, 0.67, -1.77, circuit_pos, 656.47, 140.63, 506.78, 2.98, 0.67, -1.77, tool_force, 1.27, 10.08, 4.19, actual_rep, 1, curr_step, 122, track_size, 143, robot_vel, 5.89, joints_pos, 29.15, 53.36, -18.45, -46.13, -63.41, 106.21, 49.88, tool_torque, -0.462, 0.091, 0.277, joint_torque, -2.49, 5.97, 0.78, -2.73, 1.25, -1.13, 0.27, robot_mode, normal, 
08/06/2022 15:30:40:943, robot_pos, 1654698514458, 657.34, 140.01, 504.97, 2.98, 0.67, -1.77, circuit_pos, 656.48, 140.65, 506.78, 2.98, 0.67, -1.77, tool_force, 2.96, 8.23, 4.64, actual_rep, 1, curr_step, 124, track_size, 143, robot_vel, 1.47, joints_pos, 29.12, 53.39, -18.45, -46.07, -63.35, 106.24, 49.86, tool_torque, -0.605, -0.057, 0.329, joint_torque, -2.17, 5.18, 0.74, -2.6, 1.18, -1.05, 0.32, robot_mode, normal, 
08/06/2022 15:30:41:102, robot_pos, 1654698514608, 657.32, 140.04, 504.96, 2.98, 0.67, -1.77, circuit_pos, 656.49, 140.64, 506.77, 2.98, 0.67, -1.77, tool_force, 2.49, 8.82, 4.45, actual_rep, 1, curr_step, 127, track_size, 143, robot_vel, 0.34, joints_pos, 29.13, 53.39, -18.45, -46.07, -63.36, 106.24, 49.86, tool_torque, -0.555, 0.024, 0.307, joint_torque, -2.32, 5.49, 0.77, -2.67, 1.21, -1.06, 0.3, robot_mode, normal, 
08/06/2022 15:30:41:245, robot_pos, 1654698514757, 657.31, 140.03, 504.97, 2.98, 0.67, -1.77, circuit_pos, 656.49, 140.63, 506.77, 2.98, 0.67, -1.77, tool_force, 2.27, 8.94, 4.29, actual_rep, 1, curr_step, 129, track_size, 143, robot_vel, 0.21, joints_pos, 29.13, 53.39, -18.45, -46.08, -63.37, 106.24, 49.86, tool_torque, -0.493, 0.037, 0.305, joint_torque, -2.29, 5.55, 0.75, -2.64, 1.17, -1.04, 0.3, robot_mode, normal, 
08/06/2022 15:30:41:402, robot_pos, 1654698514908, 657.3, 140.02, 504.99, 2.98, 0.67, -1.77, circuit_pos, 656.49, 140.63, 506.77, 2.98, 0.67, -1.77, tool_force, 2.16, 8.74, 4.39, actual_rep, 1, curr_step, 132, track_size, 143, robot_vel, 0.29, joints_pos, 29.13, 53.39, -18.45, -46.08, -63.37, 106.24, 49.86, tool_torque, -0.48, 0.014, 0.31, joint_torque, -2.39, 5.31, 0.64, -2.57, 1.11, -1.02, 0.31, robot_mode, normal, 
08/06/2022 15:30:41:546, robot_pos, 1654698515058, 657.3, 140.01, 505.05, 2.98, 0.67, -1.77, circuit_pos, 656.49, 140.63, 506.76, 2.98, 0.67, -1.77, tool_force, 1.95, 8.74, 4.32, actual_rep, 1, curr_step, 134, track_size, 143, robot_vel, 0.17, joints_pos, 29.13, 53.38, -18.45, -46.08, -63.38, 106.24, 49.85, tool_torque, -0.45, 0.013, 0.321, joint_torque, -2.39, 5.34, 0.63, -2.52, 1.07, -1.03, 0.32, robot_mode, normal, 
08/06/2022 15:30:41:720, robot_pos, 1654698515207, 657.29, 140.02, 505.07, 2.98, 0.67, -1.77, circuit_pos, 656.49, 140.63, 506.76, 2.98, 0.67, -1.77, tool_force, 1.92, 8.64, 4.31, actual_rep, 1, curr_step, 137, track_size, 143, robot_vel, 0.26, joints_pos, 29.13, 53.38, -18.45, -46.08, -63.39, 106.24, 49.85, tool_torque, -0.451, 0.0080, 0.322, joint_torque, -2.39, 5.27, 0.61, -2.51, 1.04, -1.01, 0.32, robot_mode, normal, 
08/06/2022 15:30:41:845, robot_pos, 1654698515355, 657.28, 140.01, 505.12, 2.98, 0.67, -1.77, circuit_pos, 656.49, 140.63, 506.76, 2.98, 0.67, -1.77, tool_force, 1.83, 8.33, 4.31, actual_rep, 1, curr_step, 139, track_size, 143, robot_vel, 0.49, joints_pos, 29.13, 53.38, -18.45, -46.08, -63.4, 106.24, 49.85, tool_torque, -0.415, -0.035, 0.327, joint_torque, -2.38, 5.08, 0.51, -2.42, 0.98, -1.0, 0.32, robot_mode, normal, 
08/06/2022 15:30:42:000, robot_pos, 1654698515506, 657.27, 140.0, 505.17, 2.98, 0.67, -1.77, circuit_pos, 656.49, 140.63, 506.76, 2.98, 0.67, -1.77, tool_force, 1.64, 8.12, 4.24, actual_rep, 1, curr_step, 142, track_size, 143, robot_vel, 0.43, joints_pos, 29.13, 53.37, -18.45, -46.08, -63.4, 106.24, 49.84, tool_torque, -0.376, -0.047, 0.323, joint_torque, -2.39, 4.88, 0.44, -2.33, 0.89, -0.97, 0.32, robot_mode, normal, 
08/06/2022 15:30:42:145, robot_pos, 1654698515654, 657.26, 140.0, 505.25, 2.98, 0.67, -1.77, circuit_pos, 656.49, 140.63, 506.76, 2.98, 0.67, -1.77, tool_force, 1.39, 7.76, 4.2, actual_rep, 1, curr_step, 140, track_size, 143, robot_vel, 0.38, joints_pos, 29.13, 53.37, -18.45, -46.08, -63.42, 106.25, 49.84, tool_torque, -0.316, -0.092, 0.328, joint_torque, -2.4, 4.64, 0.31, -2.2, 0.77, -0.93, 0.33, robot_mode, normal, 
08/06/2022 15:30:42:300, robot_pos, 1654698515806, 657.24, 139.98, 505.39, 2.98, 0.67, -1.77, circuit_pos, 656.49, 140.63, 506.76, 2.98, 0.67, -1.77, tool_force, 0.99, 7.17, 4.19, actual_rep, 1, curr_step, 138, track_size, 143, robot_vel, 0.95, joints_pos, 29.13, 53.36, -18.45, -46.08, -63.45, 106.25, 49.82, tool_torque, -0.222, -0.169, 0.333, joint_torque, -2.46, 4.21, 0.08, -2.01, 0.57, -0.89, 0.33, robot_mode, normal, 
08/06/2022 15:30:42:447, robot_pos, 1654698515953, 657.21, 139.96, 505.56, 2.98, 0.67, -1.77, circuit_pos, 656.49, 140.63, 506.76, 2.98, 0.67, -1.77, tool_force, 0.5, 6.31, 4.14, actual_rep, 1, curr_step, 135, track_size, 143, robot_vel, 1.37, joints_pos, 29.13, 53.35, -18.45, -46.08, -63.48, 106.26, 49.81, tool_torque, -0.078, -0.266, 0.354, joint_torque, -2.53, 3.62, -0.25, -1.74, 0.3, -0.8, 0.35, robot_mode, normal, 
08/06/2022 15:30:42:607, robot_pos, 1654698516107, 657.16, 139.93, 505.79, 2.98, 0.67, -1.77, circuit_pos, 656.49, 140.63, 506.77, 2.98, 0.67, -1.77, tool_force, -0.14, 5.33, 4.02, actual_rep, 1, curr_step, 133, track_size, 143, robot_vel, 1.36, joints_pos, 29.13, 53.34, -18.45, -46.08, -63.53, 106.28, 49.79, tool_torque, 0.082, -0.36, 0.381, joint_torque, -2.55, 2.97, -0.56, -1.41, -0.02, -0.7, 0.38, robot_mode, normal, 
08/06/2022 15:30:42:752, robot_pos, 1654698516255, 657.14, 139.96, 505.9, 2.98, 0.67, -1.77, circuit_pos, 656.49, 140.63, 506.77, 2.98, 0.67, -1.77, tool_force, -0.64, 5.23, 3.56, actual_rep, 1, curr_step, 130, track_size, 143, robot_vel, 0.68, joints_pos, 29.13, 53.34, -18.45, -46.08, -63.54, 106.28, 49.78, tool_torque, 0.124, -0.371, 0.378, joint_torque, -2.4, 2.79, -0.56, -1.22, -0.11, -0.7, 0.38, robot_mode, normal, 
08/06/2022 15:30:42:903, robot_pos, 1654698516406, 657.12, 140.02, 505.94, 2.98, 0.67, -1.77, circuit_pos, 656.49, 140.64, 506.77, 2.98, 0.67, -1.77, tool_force, -0.91, 5.1, 3.13, actual_rep, 1, curr_step, 127, track_size, 143, robot_vel, 0.55, joints_pos, 29.14, 53.33, -18.45, -46.08, -63.55, 106.28, 49.78, tool_torque, 0.139, -0.391, 0.373, joint_torque, -2.16, 2.63, -0.5, -1.07, -0.17, -0.7, 0.38, robot_mode, normal, 
08/06/2022 15:30:43:052, robot_pos, 1654698516557, 657.08, 140.05, 506.01, 2.98, 0.67, -1.77, circuit_pos, 656.48, 140.64, 506.77, 2.98, 0.67, -1.77, tool_force, -0.97, 4.87, 2.99, actual_rep, 1, curr_step, 125, track_size, 143, robot_vel, 0.7, joints_pos, 29.14, 53.33, -18.45, -46.08, -63.56, 106.29, 49.77, tool_torque, 0.19, -0.395, 0.366, joint_torque, -2.12, 2.5, -0.55, -1.01, -0.25, -0.64, 0.37, robot_mode, normal, 
08/06/2022 15:30:43:201, robot_pos, 1654698516705, 657.05, 140.06, 506.03, 2.98, 0.67, -1.77, circuit_pos, 656.47, 140.63, 506.78, 2.98, 0.67, -1.77, tool_force, -0.64, 4.68, 3.1, actual_rep, 1, curr_step, 122, track_size, 143, robot_vel, 0.17, joints_pos, 29.14, 53.33, -18.45, -46.08, -63.56, 106.3, 49.77, tool_torque, 0.225, -0.348, 0.351, joint_torque, -2.18, 2.5, -0.57, -1.12, -0.21, -0.54, 0.36, robot_mode, normal, 
08/06/2022 15:30:43:357, robot_pos, 1654698516855, 657.03, 140.06, 506.03, 2.98, 0.67, -1.77, circuit_pos, 656.41, 140.76, 507.05, 2.98, 0.67, -1.77, tool_force, -0.41, 4.77, 3.4, actual_rep, 1, curr_step, 120, track_size, 143, robot_vel, 0.16, joints_pos, 29.14, 53.33, -18.45, -46.08, -63.56, 106.31, 49.77, tool_torque, 0.214, -0.32, 0.348, joint_torque, -2.31, 2.58, -0.59, -1.21, -0.16, -0.52, 0.35, robot_mode, normal, 
08/06/2022 15:30:43:509, robot_pos, 1654698517006, 656.94, 140.11, 506.41, 2.98, 0.67, -1.77, circuit_pos, 656.33, 140.69, 507.47, 2.98, 0.67, -1.78, tool_force, -0.24, 4.71, 3.77, actual_rep, 1, curr_step, 117, track_size, 143, robot_vel, 3.02, joints_pos, 29.15, 53.3, -18.45, -46.07, -63.56, 106.32, 49.75, tool_torque, 0.139, -0.335, 0.38, joint_torque, -2.45, 2.61, -0.57, -1.28, -0.12, -0.57, 0.39, robot_mode, normal, 
08/06/2022 15:30:43:658, robot_pos, 1654698517153, 657.17, 140.17, 506.63, 2.98, 0.67, -1.78, circuit_pos, 656.3, 140.68, 507.61, 2.98, 0.67, -1.78, tool_force, -0.55, 5.01, 2.99, actual_rep, 1, curr_step, 115, track_size, 143, robot_vel, 4.32, joints_pos, 29.16, 53.23, -18.45, -46.06, -63.3, 106.08, 49.74, tool_torque, 0.58, -0.123, 0.318, joint_torque, -2.55, 3.07, -0.65, -1.47, -0.23, -0.19, 0.33, robot_mode, normal, 
08/06/2022 15:30:43:878, robot_pos, 1654698517325, 656.96, 140.33, 506.12, 2.98, 0.67, -1.78, circuit_pos, 656.41, 141.21, 506.25, 2.98, 0.67, -1.77, tool_force, -1.74, 5.0, 3.35, actual_rep, 1, curr_step, 112, track_size, 143, robot_vel, 3.89, joints_pos, 29.2, 53.18, -18.45, -46.21, -63.22, 105.96, 49.82, tool_torque, 0.491, -0.012, 0.196, joint_torque, -2.94, 2.76, -0.72, -1.33, -0.21, -0.22, 0.21, robot_mode, normal, 
08/06/2022 15:30:43:997, robot_pos, 1654698517487, 656.97, 140.72, 505.22, 2.98, 0.67, -1.77, circuit_pos, 656.1, 140.39, 506.31, 2.98, 0.67, -1.78, tool_force, -0.95, 5.17, 3.28, actual_rep, 1, curr_step, 109, track_size, 143, robot_vel, 6.47, joints_pos, 29.2, 53.39, -18.45, -46.1, -63.55, 106.32, 49.84, tool_torque, 0.155, -0.348, 0.218, joint_torque, -2.71, 2.57, -0.75, -1.29, -0.16, -0.6, 0.22, robot_mode, normal, 
08/06/2022 15:30:44:145, robot_pos, 1654698517634, 657.1, 139.84, 505.39, 2.98, 0.67, -1.78, circuit_pos, 655.75, 137.42, 506.49, 2.98, 0.66, -1.8, tool_force, -0.03, 4.66, 2.8, actual_rep, 1, curr_step, 106, track_size, 143, robot_vel, 6.57, joints_pos, 29.13, 53.24, -18.45, -46.17, -63.06, 106.05, 49.62, tool_torque, 0.324, -0.365, 0.4, joint_torque, -2.04, 2.48, -0.67, -1.13, -0.27, -0.43, 0.41, robot_mode, normal, 
08/06/2022 15:30:44:294, robot_pos, 1654698517785, 656.93, 137.96, 505.83, 2.98, 0.66, -1.8, circuit_pos, 655.29, 133.8, 507.77, 2.96, 0.66, -1.81, tool_force, -0.78, 3.9, 2.76, actual_rep, 1, curr_step, 104, track_size, 143, robot_vel, 12.93, joints_pos, 29.11, 52.76, -18.45, -46.73, -62.5, 105.17, 49.57, tool_torque, 0.778, -0.162, 0.306, joint_torque, -2.52, 2.56, -1.09, -1.36, -0.42, 0.01, 0.29, robot_mode, normal, 
08/06/2022 15:30:44:448, robot_pos, 1654698517933, 656.05, 133.27, 507.18, 2.97, 0.66, -1.81, circuit_pos, 655.17, 126.43, 509.4, 2.95, 0.66, -1.83, tool_force, -1.33, 3.64, 1.64, actual_rep, 1, curr_step, 101, track_size, 143, robot_vel, 35.18, joints_pos, 28.83, 52.2, -18.47, -47.33, -61.94, 104.76, 49.8, tool_torque, 0.821, -0.317, 0.085, joint_torque, -1.59, 2.47, -0.86, -1.05, -0.55, -0.1, 0.07, robot_mode, normal, 
08/06/2022 15:30:44:596, robot_pos, 1654698518083, 656.2, 127.3, 508.14, 2.96, 0.66, -1.83, circuit_pos, 655.44, 121.06, 509.19, 2.95, 0.66, -1.84, tool_force, -1.23, 3.72, 2.74, actual_rep, 1, curr_step, 99, track_size, 143, robot_vel, 41.6, joints_pos, 28.48, 51.81, -18.56, -47.72, -61.38, 104.24, 49.89, tool_torque, 0.798, -0.249, 0.047, joint_torque, -2.03, 2.21, -0.96, -1.12, -0.56, 0.06, 0.04, robot_mode, normal, 
08/06/2022 15:30:44:747, robot_pos, 1654698518234, 656.24, 121.45, 508.31, 2.95, 0.66, -1.83, circuit_pos, 656.57, 112.89, 509.51, 2.95, 0.66, -1.84, tool_force, -0.94, 4.15, 2.85, actual_rep, 1, curr_step, 96, track_size, 143, robot_vel, 40.53, joints_pos, 28.17, 51.37, -18.65, -48.41, -61.16, 103.52, 50.11, tool_torque, 0.744, -0.134, 0.02, joint_torque, -2.17, 2.71, -0.78, -1.31, -0.38, 0.0, 0.03, robot_mode, normal, 
08/06/2022 15:30:44:907, robot_pos, 1654698518386, 656.84, 115.77, 508.7, 2.95, 0.66, -1.84, circuit_pos, 657.45, 103.38, 510.22, 2.94, 0.65, -1.87, tool_force, -0.75, 4.35, 2.78, actual_rep, 1, curr_step, 93, track_size, 143, robot_vel, 35.71, joints_pos, 27.8, 51.0, -18.66, -48.94, -60.99, 102.74, 50.17, tool_torque, 0.8, -0.133, 0.106, joint_torque, -2.64, 2.7, -1.01, -1.43, -0.41, 0.01, 0.12, robot_mode, normal, 
08/06/2022 15:30:45:047, robot_pos, 1654698518535, 657.2, 109.85, 509.12, 2.95, 0.66, -1.85, circuit_pos, 657.93, 96.79, 510.85, 2.93, 0.65, -1.89, tool_force, -0.46, 3.66, 2.72, actual_rep, 1, curr_step, 91, track_size, 143, robot_vel, 39.25, joints_pos, 27.39, 50.59, -18.64, -49.4, -60.58, 102.06, 50.13, tool_torque, 0.759, -0.283, 0.228, joint_torque, -2.22, 2.19, -1.13, -1.15, -0.53, 0.01, 0.22, robot_mode, normal, 
08/06/2022 15:30:45:207, robot_pos, 1654698518685, 657.74, 103.98, 509.75, 2.94, 0.65, -1.87, circuit_pos, 658.61, 86.29, 513.32, 2.9, 0.65, -1.93, tool_force, -0.5, 3.58, 2.0, actual_rep, 1, curr_step, 88, track_size, 143, robot_vel, 39.6, joints_pos, 26.96, 50.19, -18.64, -49.77, -60.0, 101.34, 50.13, tool_torque, 0.865, -0.335, 0.195, joint_torque, -1.49, 2.34, -0.97, -1.14, -0.58, 0.07, 0.18, robot_mode, normal, 
08/06/2022 15:30:45:389, robot_pos, 1654698518835, 658.12, 98.32, 510.85, 2.92, 0.65, -1.89, circuit_pos, 659.42, 73.57, 517.48, 2.86, 0.65, -1.98, tool_force, -1.16, 3.94, 2.23, actual_rep, 1, curr_step, 85, track_size, 143, robot_vel, 39.3, joints_pos, 26.53, 49.81, -18.64, -50.01, -59.34, 100.74, 50.15, tool_torque, 0.962, -0.226, 0.119, joint_torque, -1.96, 2.98, -1.0, -1.4, -0.48, 0.07, 0.1, robot_mode, normal, 
08/06/2022 15:30:45:501, robot_pos, 1654698518986, 658.58, 92.49, 512.12, 2.91, 0.65, -1.91, circuit_pos, 659.48, 65.34, 519.23, 2.83, 0.64, -2.02, tool_force, -0.81, 3.23, 2.51, actual_rep, 1, curr_step, 83, track_size, 143, robot_vel, 38.28, joints_pos, 26.04, 49.47, -18.64, -50.14, -58.6, 100.24, 50.19, tool_torque, 0.891, -0.321, 0.107, joint_torque, -1.85, 2.43, -1.04, -1.22, -0.58, 0.09, 0.1, robot_mode, normal, 
08/06/2022 15:30:45:651, robot_pos, 1654698519134, 658.82, 86.77, 513.39, 2.89, 0.65, -1.93, circuit_pos, 660.0, 56.14, 520.23, 2.79, 0.64, -2.08, tool_force, -1.11, 4.28, 1.99, actual_rep, 1, curr_step, 80, track_size, 143, robot_vel, 41.41, joints_pos, 25.56, 49.09, -18.63, -50.28, -57.7, 99.72, 50.19, tool_torque, 0.93, -0.438, 0.14, joint_torque, -1.56, 2.49, -1.04, -1.04, -0.7, -0.06, 0.12, robot_mode, normal, 
08/06/2022 15:30:45:806, robot_pos, 1654698519284, 659.21, 80.87, 514.56, 2.87, 0.65, -1.96, circuit_pos, 659.55, 48.96, 519.73, 2.75, 0.63, -2.14, tool_force, -1.45, 3.23, 3.0, actual_rep, 1, curr_step, 77, track_size, 143, robot_vel, 38.32, joints_pos, 25.03, 48.71, -18.62, -50.36, -56.61, 99.16, 50.21, tool_torque, 1.015, -0.42, 0.059, joint_torque, -1.99, 2.25, -1.35, -1.1, -0.79, 0.07, 0.04, robot_mode, normal, 
08/06/2022 15:30:45:955, robot_pos, 1654698519434, 659.39, 75.05, 515.37, 2.85, 0.65, -2.0, circuit_pos, 658.01, 42.87, 519.2, 2.73, 0.62, -2.17, tool_force, -2.01, 3.14, 2.53, actual_rep, 1, curr_step, 75, track_size, 143, robot_vel, 39.82, joints_pos, 24.5, 48.31, -18.6, -50.48, -55.34, 98.58, 50.25, tool_torque, 1.195, -0.502, 0.063, joint_torque, -1.88, 2.51, -1.48, -1.14, -0.92, 0.06, 0.03, robot_mode, normal, 
08/06/2022 15:30:46:107, robot_pos, 1654698519584, 659.14, 69.2, 515.94, 2.83, 0.64, -2.03, circuit_pos, 654.62, 31.97, 518.58, 2.7, 0.6, -2.19, tool_force, -1.78, 3.13, 2.31, actual_rep, 1, curr_step, 72, track_size, 143, robot_vel, 37.68, joints_pos, 24.01, 47.89, -18.61, -50.72, -54.14, 98.04, 50.28, tool_torque, 1.132, -0.505, 0.068, joint_torque, -1.88, 2.48, -1.37, -1.07, -0.93, 0.01, 0.05, robot_mode, normal, 
08/06/2022 15:30:46:257, robot_pos, 1654698519733, 658.56, 63.39, 516.15, 2.81, 0.64, -2.05, circuit_pos, 651.83, 25.43, 517.24, 2.67, 0.59, -2.2, tool_force, -1.68, 3.14, 2.43, actual_rep, 1, curr_step, 70, track_size, 143, robot_vel, 40.04, joints_pos, 23.53, 47.5, -18.63, -51.03, -53.11, 97.64, 50.33, tool_torque, 1.063, -0.507, 0.065, joint_torque, -1.8, 2.41, -1.26, -1.08, -0.96, -0.01, 0.06, robot_mode, normal, 
08/06/2022 15:30:46:409, robot_pos, 1654698519883, 657.57, 57.69, 516.08, 2.79, 0.63, -2.07, circuit_pos, 647.54, 16.19, 515.65, 2.65, 0.57, -2.23, tool_force, -2.09, 4.65, 2.12, actual_rep, 1, curr_step, 67, track_size, 143, robot_vel, 38.87, joints_pos, 23.05, 47.12, -18.63, -51.37, -52.09, 97.38, 50.34, tool_torque, 1.036, -0.55, 0.103, joint_torque, -1.6, 3.01, -1.06, -1.11, -0.9, -0.19, 0.09, robot_mode, normal, 
08/06/2022 15:30:46:608, robot_pos, 1654698520038, 656.31, 51.8, 515.93, 2.77, 0.62, -2.1, circuit_pos, 645.17, 8.9, 516.09, 2.64, 0.56, -2.25, tool_force, -2.01, 4.22, 2.66, actual_rep, 1, curr_step, 65, track_size, 143, robot_vel, 38.12, joints_pos, 22.58, 46.68, -18.62, -51.83, -51.11, 97.03, 50.34, tool_torque, 0.981, -0.66, 0.199, joint_torque, -1.58, 2.82, -1.16, -1.02, -0.97, -0.25, 0.19, robot_mode, normal, 
08/06/2022 15:30:46:711, robot_pos, 1654698520184, 654.97, 46.19, 515.89, 2.75, 0.62, -2.12, circuit_pos, 641.24, -2.44, 516.4, 2.61, 0.55, -2.29, tool_force, -2.2, 4.25, 2.48, actual_rep, 1, curr_step, 62, track_size, 143, robot_vel, 37.19, joints_pos, 22.14, 46.2, -18.62, -52.35, -50.21, 96.59, 50.34, tool_torque, 1.002, -0.665, 0.228, joint_torque, -1.67, 2.71, -1.2, -0.82, -1.03, -0.29, 0.22, robot_mode, normal, 
08/06/2022 15:30:46:899, robot_pos, 1654698520339, 653.43, 40.25, 515.86, 2.73, 0.61, -2.14, circuit_pos, 639.1, -10.6, 514.23, 2.59, 0.53, -2.33, tool_force, -2.24, 4.33, 1.82, actual_rep, 1, curr_step, 60, track_size, 143, robot_vel, 39.43, joints_pos, 21.69, 45.69, -18.61, -52.92, -49.26, 96.12, 50.34, tool_torque, 0.969, -0.759, 0.255, joint_torque, -1.34, 2.58, -1.14, -0.67, -1.07, -0.34, 0.24, robot_mode, normal, 
08/06/2022 15:30:47:048, robot_pos, 1654698520484, 652.05, 34.61, 515.45, 2.71, 0.6, -2.16, circuit_pos, 635.6, -22.16, 509.46, 2.57, 0.51, -2.38, tool_force, -2.51, 4.36, 2.86, actual_rep, 1, curr_step, 57, track_size, 143, robot_vel, 39.09, joints_pos, 21.23, 45.19, -18.61, -53.51, -48.29, 95.53, 50.32, tool_torque, 1.021, -0.751, 0.295, joint_torque, -1.55, 2.7, -1.26, -0.74, -1.09, -0.31, 0.27, robot_mode, normal, 
08/06/2022 15:30:47:161, robot_pos, 1654698520634, 650.46, 28.86, 514.76, 2.7, 0.59, -2.19, circuit_pos, 632.38, -32.96, 503.88, 2.54, 0.49, -2.43, tool_force, -2.63, 3.95, 1.77, actual_rep, 1, curr_step, 54, track_size, 143, robot_vel, 41.91, joints_pos, 20.79, 44.67, -18.62, -54.16, -47.29, 94.9, 50.32, tool_torque, 1.025, -0.801, 0.272, joint_torque, -1.13, 2.41, -1.09, -0.42, -1.16, -0.4, 0.25, robot_mode, normal, 
08/06/2022 15:30:47:314, robot_pos, 1654698520782, 648.95, 22.94, 513.61, 2.68, 0.58, -2.21, circuit_pos, 630.73, -40.19, 498.69, 2.53, 0.47, -2.46, tool_force, -3.05, 4.73, 2.3, actual_rep, 1, curr_step, 52, track_size, 143, robot_vel, 41.98, joints_pos, 20.33, 44.17, -18.62, -54.84, -46.24, 94.19, 50.32, tool_torque, 1.093, -0.811, 0.276, joint_torque, -1.22, 2.44, -1.22, -0.37, -1.27, -0.33, 0.26, robot_mode, normal, 
08/06/2022 15:30:47:462, robot_pos, 1654698520933, 647.47, 17.31, 512.21, 2.67, 0.58, -2.23, circuit_pos, 629.42, -51.93, 493.4, 2.52, 0.46, -2.5, tool_force, -3.47, 3.96, 2.19, actual_rep, 1, curr_step, 49, track_size, 143, robot_vel, 40.64, joints_pos, 19.87, 43.69, -18.62, -55.51, -45.2, 93.45, 50.32, tool_torque, 1.113, -0.848, 0.301, joint_torque, -1.19, 2.23, -1.26, -0.18, -1.33, -0.4, 0.29, robot_mode, normal, 
08/06/2022 15:30:47:653, robot_pos, 1654698521083, 646.07, 11.42, 510.6, 2.65, 0.57, -2.26, circuit_pos, 627.97, -66.32, 489.84, 2.51, 0.44, -2.55, tool_force, -3.41, 4.17, 2.05, actual_rep, 1, curr_step, 46, track_size, 143, robot_vel, 40.76, joints_pos, 19.39, 43.21, -18.62, -56.23, -44.18, 92.6, 50.28, tool_torque, 1.072, -0.872, 0.366, joint_torque, -1.27, 2.47, -1.23, -0.25, -1.31, -0.36, 0.36, robot_mode, normal, 
08/06/2022 15:30:47:767, robot_pos, 1654698521234, 644.79, 5.71, 509.02, 2.64, 0.56, -2.28, circuit_pos, 627.97, -66.32, 489.84, 2.51, 0.44, -2.55, tool_force, -2.69, 4.07, 1.57, actual_rep, 1, curr_step, 46, track_size, 143, robot_vel, 39.74, joints_pos, 18.9, 42.75, -18.62, -56.91, -43.17, 91.74, 50.22, tool_torque, 1.136, -0.896, 0.43, joint_torque, -0.66, 2.64, -0.94, -0.29, -1.23, -0.39, 0.41, robot_mode, normal, 
08/06/2022 15:30:47:917, robot_pos, 1654698521382, 643.55, -0.05, 507.54, 2.63, 0.55, -2.3, circuit_pos, 627.97, -66.32, 489.84, 2.51, 0.44, -2.55, tool_force, -2.97, 4.17, 1.88, actual_rep, 1, curr_step, 46, track_size, 143, robot_vel, 41.15, joints_pos, 18.41, 42.31, -18.61, -57.54, -42.2, 90.9, 50.12, tool_torque, 1.083, -0.952, 0.487, joint_torque, -0.84, 1.99, -1.12, 0.05, -1.34, -0.41, 0.47, robot_mode, normal, 
08/06/2022 15:30:48:069, robot_pos, 1654698521534, 642.33, -5.87, 505.85, 2.62, 0.54, -2.33, circuit_pos, 627.97, -66.32, 489.84, 2.51, 0.44, -2.55, tool_force, -2.97, 4.64, 1.63, actual_rep, 1, curr_step, 46, track_size, 143, robot_vel, 39.92, joints_pos, 17.88, 41.88, -18.61, -58.19, -41.18, 90.01, 49.98, tool_torque, 1.151, -0.967, 0.519, joint_torque, -0.82, 2.48, -1.18, -0.07, -1.34, -0.44, 0.5, robot_mode, normal, 
08/06/2022 15:30:48:217, robot_pos, 1654698521682, 641.12, -11.69, 504.36, 2.61, 0.53, -2.35, circuit_pos, 627.97, -66.32, 489.84, 2.51, 0.44, -2.55, tool_force, -3.07, 4.98, 2.1, actual_rep, 1, curr_step, 46, track_size, 143, robot_vel, 49.17, joints_pos, 17.37, 41.48, -18.61, -58.78, -40.19, 89.16, 49.77, tool_torque, 1.085, -0.974, 0.532, joint_torque, -0.67, 1.9, -1.1, 0.4, -1.4, -0.54, 0.52, robot_mode, normal, 
08/06/2022 15:30:48:367, robot_pos, 1654698521834, 639.82, -17.53, 502.79, 2.59, 0.53, -2.37, circuit_pos, 627.97, -66.32, 489.84, 2.51, 0.44, -2.55, tool_force, -3.34, 4.43, 1.44, actual_rep, 1, curr_step, 46, track_size, 143, robot_vel, 42.53, joints_pos, 16.84, 41.07, -18.62, -59.38, -39.17, 88.31, 49.55, tool_torque, 1.098, -1.035, 0.535, joint_torque, -0.55, 2.03, -1.03, 0.23, -1.41, -0.47, 0.53, robot_mode, normal, 
08/06/2022 15:30:48:517, robot_pos, 1654698521983, 638.6, -23.25, 501.24, 2.58, 0.52, -2.39, circuit_pos, 627.97, -66.32, 489.84, 2.51, 0.44, -2.55, tool_force, -3.16, 4.02, 1.33, actual_rep, 1, curr_step, 46, track_size, 143, robot_vel, 43.65, joints_pos, 16.3, 40.69, -18.62, -59.94, -38.16, 87.49, 49.28, tool_torque, 1.131, -1.037, 0.545, joint_torque, -0.81, 1.97, -1.18, 0.31, -1.47, -0.51, 0.54, robot_mode, normal, 
08/06/2022 15:30:48:672, robot_pos, 1654698522136, 637.34, -29.12, 499.73, 2.57, 0.51, -2.41, circuit_pos, 627.97, -66.32, 489.84, 2.51, 0.44, -2.55, tool_force, -3.08, 4.69, 1.42, actual_rep, 1, curr_step, 46, track_size, 143, robot_vel, 45.33, joints_pos, 15.73, 40.31, -18.61, -60.47, -37.14, 86.68, 48.97, tool_torque, 1.098, -1.081, 0.565, joint_torque, -0.36, 1.85, -0.99, 0.46, -1.43, -0.58, 0.55, robot_mode, normal, 
08/06/2022 15:30:48:823, robot_pos, 1654698522284, 636.1, -34.83, 498.16, 2.56, 0.5, -2.44, circuit_pos, 627.97, -66.32, 489.84, 2.51, 0.44, -2.55, tool_force, -3.47, 4.24, 1.38, actual_rep, 1, curr_step, 46, track_size, 143, robot_vel, 46.45, joints_pos, 15.15, 39.95, -18.61, -61.0, -36.11, 85.85, 48.62, tool_torque, 1.083, -1.116, 0.582, joint_torque, -0.6, 2.35, -1.03, 0.15, -1.38, -0.58, 0.57, robot_mode, normal, 
08/06/2022 15:30:48:977, robot_pos, 1654698522436, 634.88, -40.76, 496.59, 2.55, 0.49, -2.46, circuit_pos, 627.97, -66.32, 489.84, 2.51, 0.44, -2.55, tool_force, -3.57, 4.59, 1.38, actual_rep, 1, curr_step, 46, track_size, 143, robot_vel, 40.93, joints_pos, 14.57, 39.61, -18.61, -61.5, -35.07, 85.04, 48.23, tool_torque, 1.15, -1.137, 0.593, joint_torque, -0.62, 1.81, -1.22, 0.54, -1.5, -0.61, 0.58, robot_mode, normal, 
08/06/2022 15:30:49:139, robot_pos, 1654698522598, 633.55, -47.04, 494.91, 2.54, 0.48, -2.48, circuit_pos, 627.97, -66.32, 489.84, 2.51, 0.44, -2.55, tool_force, -3.65, 5.09, 1.49, actual_rep, 1, curr_step, 46, track_size, 143, robot_vel, 40.51, joints_pos, 13.93, 39.26, -18.61, -62.01, -33.95, 84.19, 47.77, tool_torque, 1.118, -1.147, 0.594, joint_torque, -0.66, 1.94, -1.17, 0.59, -1.48, -0.7, 0.59, robot_mode, normal, 
08/06/2022 15:30:49:333, robot_pos, 1654698522755, 632.23, -53.03, 493.32, 2.53, 0.47, -2.5, circuit_pos, 627.97, -66.32, 489.84, 2.51, 0.44, -2.55, tool_force, -3.65, 4.72, 1.39, actual_rep, 1, curr_step, 46, track_size, 143, robot_vel, 41.59, joints_pos, 13.31, 38.92, -18.61, -62.51, -32.84, 83.37, 47.29, tool_torque, 1.037, -1.205, 0.582, joint_torque, -0.39, 1.94, -0.96, 0.61, -1.42, -0.78, 0.57, robot_mode, normal, 
08/06/2022 15:30:49:441, robot_pos, 1654698522897, 631.05, -58.57, 491.8, 2.52, 0.46, -2.52, circuit_pos, 627.97, -66.32, 489.84, 2.51, 0.44, -2.55, tool_force, -3.9, 4.48, 1.48, actual_rep, 1, curr_step, 46, track_size, 143, robot_vel, 40.53, joints_pos, 12.72, 38.64, -18.61, -62.93, -31.83, 82.64, 46.82, tool_torque, 1.09, -1.195, 0.593, joint_torque, 0.06, 2.1, -0.72, 0.79, -1.39, -0.88, 0.57, robot_mode, normal, 
08/06/2022 15:30:49:629, robot_pos, 1654698523052, 629.96, -64.56, 490.09, 2.51, 0.45, -2.54, circuit_pos, 627.39, -70.85, 487.74, 2.51, 0.44, -2.56, tool_force, -3.81, 4.55, 1.23, actual_rep, 1, curr_step, 45, track_size, 143, robot_vel, 41.3, joints_pos, 12.08, 38.37, -18.62, -63.36, -30.77, 81.8, 46.28, tool_torque, 1.173, -1.297, 0.606, joint_torque, -0.38, 1.75, -1.13, 0.79, -1.54, -0.74, 0.59, robot_mode, normal, 
08/06/2022 15:30:49:742, robot_pos, 1654698523196, 628.88, -69.69, 487.65, 2.51, 0.44, -2.56, circuit_pos, 626.7, -75.57, 484.88, 2.5, 0.42, -2.58, tool_force, -3.81, 4.62, 1.19, actual_rep, 1, curr_step, 44, track_size, 143, robot_vel, 43.63, joints_pos, 11.58, 38.16, -18.61, -63.89, -30.11, 80.99, 45.91, tool_torque, 1.02, -1.167, 0.57, joint_torque, 0.02, 1.83, -0.77, 0.9, -1.36, -0.88, 0.56, robot_mode, normal, 
08/06/2022 15:30:49:896, robot_pos, 1654698523349, 628.2, -75.53, 484.67, 2.5, 0.42, -2.58, circuit_pos, 626.15, -80.01, 481.82, 2.5, 0.41, -2.6, tool_force, -3.87, 3.71, 0.9, actual_rep, 1, curr_step, 43, track_size, 143, robot_vel, 44.8, joints_pos, 10.83, 38.02, -18.6, -64.21, -28.48, 80.14, 44.96, tool_torque, 1.084, -1.261, 0.612, joint_torque, -0.28, 1.22, -1.32, 1.0, -1.56, -0.77, 0.59, robot_mode, normal, 
08/06/2022 15:30:50:050, robot_pos, 1654698523497, 627.3, -80.86, 481.05, 2.49, 0.41, -2.61, circuit_pos, 624.75, -88.59, 475.5, 2.49, 0.39, -2.64, tool_force, -4.36, 3.81, 1.68, actual_rep, 1, curr_step, 41, track_size, 143, robot_vel, 57.59, joints_pos, 10.17, 37.86, -18.58, -64.71, -27.11, 79.18, 44.26, tool_torque, 1.197, -1.279, 0.653, joint_torque, -0.78, 1.29, -1.54, 1.12, -1.58, -0.85, 0.62, robot_mode, normal, 
08/06/2022 15:30:50:199, robot_pos, 1654698523649, 626.33, -86.85, 476.92, 2.49, 0.4, -2.63, circuit_pos, 622.9, -96.75, 470.76, 2.48, 0.37, -2.67, tool_force, -4.0, 3.42, 1.49, actual_rep, 1, curr_step, 39, track_size, 143, robot_vel, 50.34, joints_pos, 9.46, 37.69, -18.6, -65.28, -25.61, 78.04, 43.33, tool_torque, 1.112, -1.164, 0.592, joint_torque, -0.19, 1.16, -1.02, 1.25, -1.42, -0.83, 0.58, robot_mode, normal, 
08/06/2022 15:30:50:348, robot_pos, 1654698523798, 625.16, -92.4, 473.45, 2.48, 0.38, -2.65, circuit_pos, 621.4, -104.73, 466.4, 2.47, 0.35, -2.69, tool_force, -4.39, 4.7, 1.16, actual_rep, 1, curr_step, 37, track_size, 143, robot_vel, 41.58, joints_pos, 8.79, 37.58, -18.6, -65.72, -24.29, 77.27, 42.63, tool_torque, 1.26, -1.279, 0.608, joint_torque, -0.32, 1.24, -1.14, 1.24, -1.53, -0.85, 0.58, robot_mode, normal, 
08/06/2022 15:30:50:507, robot_pos, 1654698523954, 624.09, -98.44, 469.8, 2.47, 0.37, -2.67, circuit_pos, 620.7, -114.9, 457.62, 2.46, 0.32, -2.74, tool_force, -4.24, 3.94, 0.77, actual_rep, 1, curr_step, 34, track_size, 143, robot_vel, 44.56, joints_pos, 8.05, 37.54, -18.6, -66.07, -22.92, 76.58, 41.78, tool_torque, 1.072, -1.265, 0.63, joint_torque, -0.11, 1.09, -1.01, 1.42, -1.38, -1.02, 0.61, robot_mode, normal, 
08/06/2022 15:30:50:655, robot_pos, 1654698524099, 623.34, -104.12, 465.27, 2.47, 0.35, -2.7, circuit_pos, 620.63, -120.19, 449.21, 2.45, 0.3, -2.77, tool_force, -4.22, 4.04, 0.71, actual_rep, 1, curr_step, 32, track_size, 143, robot_vel, 48.36, joints_pos, 7.29, 37.55, -18.58, -66.45, -21.36, 75.75, 40.89, tool_torque, 0.991, -1.293, 0.63, joint_torque, -0.39, 0.76, -1.25, 1.45, -1.38, -0.98, 0.6, robot_mode, normal, 
08/06/2022 15:30:50:850, robot_pos, 1654698524255, 622.73, -110.2, 459.24, 2.46, 0.33, -2.73, circuit_pos, 620.63, -120.19, 449.21, 2.45, 0.3, -2.77, tool_force, -3.74, 3.4, 0.08, actual_rep, 1, curr_step, 32, track_size, 143, robot_vel, 54.7, joints_pos, 6.44, 37.64, -18.57, -66.87, -19.39, 74.75, 39.78, tool_torque, 1.215, -1.385, 0.637, joint_torque, 0.14, 0.67, -1.19, 1.58, -1.47, -0.96, 0.58, robot_mode, normal, 
08/06/2022 15:30:50:957, robot_pos, 1654698524401, 622.16, -115.87, 453.67, 2.45, 0.31, -2.75, circuit_pos, 620.63, -120.19, 449.21, 2.45, 0.3, -2.77, tool_force, -4.42, 2.34, 0.36, actual_rep, 1, curr_step, 32, track_size, 143, robot_vel, 58.53, joints_pos, 5.64, 37.77, -18.57, -67.23, -17.5, 73.87, 38.62, tool_torque, 1.203, -1.335, 0.611, joint_torque, -0.33, 0.12, -1.51, 1.93, -1.52, -1.0, 0.56, robot_mode, normal, 
08/06/2022 15:30:51:111, robot_pos, 1654698524555, 621.79, -120.33, 448.42, 2.45, 0.3, -2.77, circuit_pos, 619.74, -125.04, 439.88, 2.43, 0.27, -2.81, tool_force, -4.93, 2.79, 0.44, actual_rep, 1, curr_step, 30, track_size, 143, robot_vel, 53.49, joints_pos, 5.02, 37.92, -18.55, -67.55, -16.18, 73.13, 37.97, tool_torque, 1.194, -1.331, 0.587, joint_torque, -0.31, 0.2, -1.54, 1.77, -1.47, -0.97, 0.52, robot_mode, normal, 
08/06/2022 15:30:51:257, robot_pos, 1654698524701, 621.04, -123.18, 443.22, 2.43, 0.28, -2.8, circuit_pos, 619.16, -127.3, 435.32, 2.42, 0.26, -2.83, tool_force, -4.28, 2.33, 0.44, actual_rep, 1, curr_step, 29, track_size, 143, robot_vel, 40.88, joints_pos, 4.46, 38.06, -18.56, -67.86, -14.29, 72.65, 37.23, tool_torque, 1.305, -1.438, 0.592, joint_torque, -0.41, 0.27, -1.62, 1.9, -1.6, -1.12, 0.54, robot_mode, normal, 
08/06/2022 15:30:51:407, robot_pos, 1654698524851, 620.55, -126.14, 437.47, 2.42, 0.27, -2.82, circuit_pos, 618.41, -130.96, 427.83, 2.41, 0.23, -2.86, tool_force, -4.15, 2.49, -0.25, actual_rep, 1, curr_step, 27, track_size, 143, robot_vel, 47.05, joints_pos, 3.92, 38.27, -18.56, -68.17, -12.64, 72.11, 36.68, tool_torque, 1.25, -1.378, 0.567, joint_torque, -0.57, 0.24, -1.74, 1.5, -1.55, -0.87, 0.52, robot_mode, normal, 
08/06/2022 15:30:51:560, robot_pos, 1654698525002, 619.92, -129.06, 431.79, 2.42, 0.24, -2.85, circuit_pos, 618.0, -134.84, 419.67, 2.41, 0.2, -2.89, tool_force, -4.49, 2.19, -0.4, actual_rep, 1, curr_step, 25, track_size, 143, robot_vel, 39.93, joints_pos, 3.3, 38.52, -18.56, -68.38, -10.59, 71.8, 35.59, tool_torque, 1.365, -1.552, 0.59, joint_torque, -0.75, -0.27, -2.06, 1.94, -1.74, -1.04, 0.54, robot_mode, normal, 
08/06/2022 15:30:51:710, robot_pos, 1654698525150, 619.55, -131.62, 426.14, 2.41, 0.22, -2.87, circuit_pos, 615.82, -140.88, 406.9, 2.4, 0.16, -2.93, tool_force, -4.12, 3.02, -0.44, actual_rep, 1, curr_step, 22, track_size, 143, robot_vel, 40.49, joints_pos, 2.8, 38.8, -18.55, -68.6, -9.01, 71.45, 34.78, tool_torque, 1.181, -1.316, 0.63, joint_torque, -0.13, -0.23, -1.5, 1.94, -1.3, -1.03, 0.56, robot_mode, normal, 
08/06/2022 15:30:51:862, robot_pos, 1654698525303, 618.67, -134.54, 420.2, 2.41, 0.21, -2.89, circuit_pos, 615.82, -140.88, 406.9, 2.4, 0.16, -2.93, tool_force, -4.43, 2.41, -0.31, actual_rep, 1, curr_step, 22, track_size, 143, robot_vel, 43.46, joints_pos, 2.26, 39.05, -18.56, -68.93, -7.32, 71.02, 33.79, tool_torque, 1.191, -1.357, 0.609, joint_torque, -0.45, -0.37, -1.72, 2.09, -1.42, -1.06, 0.56, robot_mode, normal, 
08/06/2022 15:30:52:014, robot_pos, 1654698525454, 617.89, -137.24, 414.39, 2.4, 0.19, -2.91, circuit_pos, 615.82, -140.88, 406.9, 2.4, 0.16, -2.93, tool_force, -3.79, 3.06, -0.51, actual_rep, 1, curr_step, 22, track_size, 143, robot_vel, 41.65, joints_pos, 1.71, 39.32, -18.56, -69.22, -5.55, 70.66, 32.73, tool_torque, 1.211, -1.287, 0.641, joint_torque, 0.11, -0.3, -1.32, 2.09, -1.23, -1.08, 0.58, robot_mode, normal, 
08/06/2022 15:30:52:206, robot_pos, 1654698525608, 617.12, -140.22, 408.52, 2.4, 0.17, -2.93, circuit_pos, 614.75, -143.33, 402.14, 2.4, 0.15, -2.94, tool_force, -4.23, 2.02, -1.12, actual_rep, 1, curr_step, 21, track_size, 143, robot_vel, 40.92, joints_pos, 1.17, 39.61, -18.56, -69.49, -3.94, 70.31, 31.68, tool_torque, 1.179, -1.342, 0.673, joint_torque, -0.46, -0.74, -1.74, 2.29, -1.31, -1.14, 0.62, robot_mode, normal, 
08/06/2022 15:30:52:316, robot_pos, 1654698525758, 616.03, -142.84, 402.8, 2.4, 0.16, -2.94, circuit_pos, 613.81, -145.58, 397.5, 2.39, 0.14, -2.95, tool_force, -4.33, 2.97, -0.86, actual_rep, 1, curr_step, 20, track_size, 143, robot_vel, 41.36, joints_pos, 0.78, 39.84, -18.58, -69.89, -2.88, 69.85, 31.11, tool_torque, 1.03, -1.267, 0.63, joint_torque, -0.28, -1.02, -1.49, 2.62, -1.17, -1.27, 0.6, robot_mode, normal, 
08/06/2022 15:30:52:470, robot_pos, 1654698525909, 614.98, -145.73, 397.01, 2.39, 0.14, -2.96, circuit_pos, 612.68, -148.32, 392.56, 2.39, 0.13, -2.97, tool_force, -4.16, 3.71, -1.33, actual_rep, 1, curr_step, 19, track_size, 143, robot_vel, 43.82, joints_pos, 0.28, 40.09, -18.57, -70.29, -1.45, 69.34, 30.33, tool_torque, 1.045, -1.251, 0.642, joint_torque, 0.31, -0.61, -1.11, 2.5, -1.05, -1.24, 0.59, robot_mode, normal, 
08/06/2022 15:30:52:624, robot_pos, 1654698526059, 613.68, -148.95, 391.41, 2.39, 0.13, -2.97, circuit_pos, 610.7, -153.31, 382.76, 2.4, 0.11, -3.0, tool_force, -4.18, 3.26, -1.92, actual_rep, 1, curr_step, 17, track_size, 143, robot_vel, 45.8, joints_pos, -0.2, 40.28, -18.57, -70.74, -0.27, 68.73, 29.45, tool_torque, 0.997, -1.214, 0.645, joint_torque, 0.4, -1.21, -1.09, 2.82, -0.92, -1.24, 0.59, robot_mode, normal, 
08/06/2022 15:30:52:770, robot_pos, 1654698526208, 612.57, -151.77, 385.61, 2.39, 0.12, -2.99, circuit_pos, 609.87, -155.68, 378.02, 2.4, 0.11, -3.02, tool_force, -5.09, 2.41, -1.64, actual_rep, 1, curr_step, 16, track_size, 143, robot_vel, 51.95, joints_pos, -0.72, 40.47, -18.57, -71.24, 1.35, 67.96, 27.94, tool_torque, 1.104, -1.321, 0.684, joint_torque, -0.5, -1.08, -1.75, 2.64, -1.11, -1.31, 0.63, robot_mode, normal, 
08/06/2022 15:30:53:073, robot_pos, 1654698526512, 610.1, -157.45, 374.03, 2.4, 0.1, -3.03, circuit_pos, 608.07, -159.76, 369.0, 2.4, 0.09, -3.05, tool_force, -4.6, 3.01, -1.6, actual_rep, 1, curr_step, 14, track_size, 143, robot_vel, 48.22, joints_pos, -1.65, 40.74, -18.55, -72.44, 4.24, 66.03, 25.63, tool_torque, 1.145, -1.274, 0.646, joint_torque, -0.08, -1.41, -1.55, 2.95, -0.99, -1.34, 0.58, robot_mode, normal, 
08/06/2022 15:30:53:223, robot_pos, 1654698526661, 609.37, -160.13, 368.25, 2.4, 0.09, -3.05, circuit_pos, 606.45, -163.34, 359.53, 2.4, 0.08, -3.09, tool_force, -4.61, 2.43, -2.16, actual_rep, 1, curr_step, 12, track_size, 143, robot_vel, 44.46, joints_pos, -2.11, 40.96, -18.55, -72.94, 5.76, 65.09, 24.46, tool_torque, 1.075, -1.181, 0.595, joint_torque, -0.39, -1.55, -1.73, 2.88, -0.93, -1.32, 0.53, robot_mode, normal, 
08/06/2022 15:30:53:374, robot_pos, 1654698526812, 607.98, -162.19, 362.49, 2.4, 0.09, -3.08, circuit_pos, 605.71, -164.8, 355.32, 2.4, 0.08, -3.1, tool_force, -4.37, 2.82, -1.97, actual_rep, 1, curr_step, 11, track_size, 143, robot_vel, 41.9, joints_pos, -2.57, 41.09, -18.55, -73.58, 7.53, 64.14, 23.18, tool_torque, 1.197, -1.433, 0.617, joint_torque, -0.09, -1.64, -1.75, 3.0, -1.01, -1.49, 0.54, robot_mode, normal, 
08/06/2022 15:30:53:528, robot_pos, 1654698526963, 607.25, -164.0, 357.07, 2.39, 0.08, -3.1, circuit_pos, 603.46, -167.34, 343.89, 2.38, 0.06, 3.14, tool_force, -4.01, 3.03, -2.63, actual_rep, 1, curr_step, 8, track_size, 143, robot_vel, 33.54, joints_pos, -2.87, 41.3, -18.55, -74.05, 8.64, 63.31, 22.49, tool_torque, 1.043, -1.25, 0.545, joint_torque, -0.07, -1.61, -1.55, 2.68, -0.84, -1.29, 0.47, robot_mode, normal, 
08/06/2022 15:30:53:734, robot_pos, 1654698527115, 606.0, -165.34, 351.13, 2.39, 0.07, -3.12, circuit_pos, 601.36, -167.67, 331.84, 2.37, 0.04, 3.11, tool_force, -5.24, 2.22, -1.53, actual_rep, 1, curr_step, 5, track_size, 143, robot_vel, 45.65, joints_pos, -3.25, 41.51, -18.55, -74.62, 10.38, 62.56, 21.57, tool_torque, 1.188, -1.289, 0.56, joint_torque, -0.42, -1.12, -1.82, 2.7, -0.93, -1.42, 0.48, robot_mode, normal, 
08/06/2022 15:30:53:830, robot_pos, 1654698527266, 605.02, -165.9, 345.33, 2.38, 0.06, -3.14, circuit_pos, 600.19, -167.61, 326.23, 2.37, 0.04, 3.1, tool_force, -4.22, 3.15, -2.47, actual_rep, 1, curr_step, 3, track_size, 143, robot_vel, 39.06, joints_pos, -3.49, 41.77, -18.55, -75.11, 11.68, 61.92, 21.0, tool_torque, 1.112, -1.362, 0.54, joint_torque, -0.05, -1.72, -1.64, 2.94, -0.82, -1.45, 0.46, robot_mode, normal, 
08/06/2022 15:30:53:980, robot_pos, 1654698527418, 603.81, -166.37, 339.56, 2.38, 0.06, 3.13, circuit_pos, 599.69, -167.03, 324.58, 2.36, 0.03, 3.09, tool_force, -5.09, 2.68, -2.0, actual_rep, 1, curr_step, 0, track_size, 143, robot_vel, 38.99, joints_pos, -3.71, 42.02, -18.56, -75.62, 12.99, 61.34, 20.43, tool_torque, 0.985, -1.347, 0.496, joint_torque, -0.54, -1.77, -1.82, 2.89, -0.82, -1.51, 0.44, robot_mode, normal, 
08/06/2022 15:30:54:129, robot_pos, 1654698527567, 602.65, -166.75, 333.78, 2.37, 0.05, 3.12, circuit_pos, 599.69, -167.03, 324.58, 2.36, 0.03, 3.09, tool_force, -4.66, 2.74, -1.98, actual_rep, 1, curr_step, 0, track_size, 143, robot_vel, 36.48, joints_pos, -3.95, 42.28, -18.55, -76.09, 14.33, 60.82, 19.89, tool_torque, 0.947, -1.25, 0.505, joint_torque, -0.35, -1.76, -1.67, 3.12, -0.69, -1.56, 0.45, robot_mode, normal, 
08/06/2022 15:30:54:285, robot_pos, 1654698527718, 601.51, -167.16, 327.98, 2.36, 0.04, 3.1, circuit_pos, 599.69, -167.03, 324.58, 2.36, 0.03, 3.09, tool_force, -4.69, 2.74, -2.05, actual_rep, 2, curr_step, 0, track_size, 143, robot_vel, 39.31, joints_pos, -4.19, 42.56, -18.55, -76.57, 15.75, 60.28, 19.28, tool_torque, 0.966, -1.246, 0.504, joint_torque, -0.31, -1.61, -1.66, 3.01, -0.64, -1.55, 0.43, robot_mode, normal, 
08/06/2022 15:30:54:476, robot_pos, 1654698527868, 600.83, -167.57, 324.69, 2.36, 0.03, 3.09, circuit_pos, 599.69, -167.03, 324.58, 2.36, 0.03, 3.09, tool_force, -6.08, 4.07, -0.72, actual_rep, 2, curr_step, 0, track_size, 143, robot_vel, 29.88, joints_pos, -4.28, 42.71, -18.6, -76.84, 16.43, 59.9, 18.93, tool_torque, 0.6, -1.15, 0.391, joint_torque, -0.39, -1.41, -1.26, 3.24, -0.46, -1.75, 0.37, robot_mode, normal, 
