14/06/2022 14:12:44:759, robot_pos, 1655212234910, 613.52, -94.23, 294.84, 2.34, 0.01, 3.1, circuit_pos, 614.3, -90.51, 297.41, 2.34, 0.0, 3.1, tool_force, -1.31, -0.8, 24.54, actual_rep, 1, curr_step, 1, track_size, 72, robot_vel, 0.0, joints_pos, 1.64, 44.65, -16.95, -78.03, 15.84, 57.6, 27.14, tool_torque, -0.384, -0.375, 0.11, joint_torque, -0.63, 14.48, 1.3, -7.5, 0.14, -0.58, 0.06, robot_mode, normal, 
14/06/2022 14:12:44:964, robot_pos, 1655212235070, 614.61, -93.99, 294.25, 2.34, 0.01, 3.1, circuit_pos, 614.3, -90.51, 297.41, 2.34, 0.0, 3.1, tool_force, -1.5, 3.7, -1.13, actual_rep, 1, curr_step, 1, track_size, 72, robot_vel, 0.0, joints_pos, 1.62, 44.82, -16.91, -77.78, 15.84, 57.73, 27.14, tool_torque, -0.437, -0.244, 0.136, joint_torque, 2.13, -2.56, 1.23, 3.28, 1.1, -0.99, 0.01, robot_mode, normal, 
14/06/2022 14:12:45:073, robot_pos, 1655212235208, 614.91, -90.16, 292.77, 2.34, 0.0, 3.1, circuit_pos, 615.03, -85.14, 296.67, 2.36, 0.0, 3.09, tool_force, -3.42, 1.95, -6.63, actual_rep, 1, curr_step, 2, track_size, 72, robot_vel, 13.67, joints_pos, 1.7, 44.97, -16.64, -77.7, 16.23, 58.04, 27.11, tool_torque, -0.865, -0.563, 0.102, joint_torque, -0.54, -5.03, -0.71, 4.02, 0.59, -1.29, 0.12, robot_mode, normal, 
14/06/2022 14:12:45:241, robot_pos, 1655212235356, 616.13, -84.98, 292.31, 2.36, 0.0, 3.09, circuit_pos, 616.23, -78.75, 296.86, 2.37, 0.0, 3.09, tool_force, -3.39, 3.89, -6.11, actual_rep, 1, curr_step, 3, track_size, 72, robot_vel, 33.76, joints_pos, 1.99, 45.0, -16.45, -77.68, 16.54, 57.92, 26.44, tool_torque, -0.956, 0.048, 0.199, joint_torque, 0.59, -4.45, 0.53, 4.34, 1.09, -1.08, 0.21, robot_mode, normal, 
14/06/2022 14:12:45:372, robot_pos, 1655212235504, 617.11, -78.79, 292.34, 2.37, 0.0, 3.09, circuit_pos, 617.78, -71.85, 297.69, 2.37, -0.01, 3.09, tool_force, -3.3, 4.94, -5.13, actual_rep, 1, curr_step, 4, track_size, 72, robot_vel, 44.4, joints_pos, 2.48, 44.98, -16.34, -77.69, 16.62, 57.85, 26.44, tool_torque, -1.109, 0.117, 0.156, joint_torque, 0.96, -4.38, 0.95, 4.25, 1.27, -1.06, 0.16, robot_mode, normal, 
14/06/2022 14:12:45:520, robot_pos, 1655212235652, 618.09, -72.94, 292.53, 2.37, -0.01, 3.09, circuit_pos, 619.15, -64.3, 298.91, 2.37, -0.01, 3.09, tool_force, -1.25, 3.86, -4.19, actual_rep, 1, curr_step, 5, track_size, 72, robot_vel, 42.75, joints_pos, 2.94, 45.06, -16.33, -77.51, 16.92, 58.2, 26.76, tool_torque, -1.376, 0.01, 0.035, joint_torque, 1.16, -3.86, 1.17, 4.0, 1.37, -1.32, 0.04, robot_mode, normal, 
14/06/2022 14:12:45:681, robot_pos, 1655212235798, 619.45, -66.86, 293.13, 2.37, -0.01, 3.09, circuit_pos, 619.15, -64.3, 298.91, 2.37, -0.01, 3.09, tool_force, -1.15, 5.58, -3.97, actual_rep, 1, curr_step, 5, track_size, 72, robot_vel, 44.63, joints_pos, 3.47, 45.12, -16.35, -77.3, 17.02, 58.45, 27.27, tool_torque, -1.537, 0.0050, -0.01, joint_torque, 1.55, -3.85, 1.69, 3.76, 1.53, -1.08, 0.01, robot_mode, normal, 
14/06/2022 14:12:45:818, robot_pos, 1655212235947, 620.16, -62.69, 294.06, 2.37, -0.01, 3.09, circuit_pos, 620.04, -56.04, 300.07, 2.37, -0.01, 3.09, tool_force, 0.92, 7.74, -4.18, actual_rep, 1, curr_step, 6, track_size, 72, robot_vel, 41.13, joints_pos, 3.95, 45.09, -16.49, -77.22, 17.07, 58.57, 27.61, tool_torque, -1.758, 0.15, -0.038, joint_torque, 3.61, -4.3, 3.42, 3.99, 1.96, -0.97, 0.01, robot_mode, normal, 
14/06/2022 14:12:45:977, robot_pos, 1655212236094, 620.67, -57.41, 294.8, 2.37, -0.01, 3.09, circuit_pos, 620.58, -46.71, 300.66, 2.36, -0.01, 3.09, tool_force, -1.04, 5.44, -4.51, actual_rep, 1, curr_step, 7, track_size, 72, robot_vel, 39.27, joints_pos, 4.39, 45.03, -16.44, -77.21, 17.04, 58.62, 28.13, tool_torque, -1.528, 0.178, -0.021, joint_torque, 1.63, -4.05, 1.57, 3.9, 1.53, -1.09, -0.01, robot_mode, normal, 
14/06/2022 14:12:46:126, robot_pos, 1655212236243, 621.04, -52.09, 295.27, 2.37, -0.01, 3.09, circuit_pos, 620.58, -46.71, 300.66, 2.36, -0.01, 3.09, tool_force, -1.77, 5.37, -4.5, actual_rep, 1, curr_step, 7, track_size, 72, robot_vel, 38.69, joints_pos, 4.91, 44.98, -16.45, -77.23, 16.99, 58.63, 28.86, tool_torque, -1.662, 0.348, -0.064, joint_torque, 1.96, -4.45, 2.06, 4.14, 1.74, -1.0, -0.04, robot_mode, normal, 
14/06/2022 14:12:46:272, robot_pos, 1655212236390, 621.38, -46.15, 295.51, 2.36, -0.01, 3.09, circuit_pos, 621.1, -36.42, 300.61, 2.35, -0.02, 3.09, tool_force, -1.0, 5.13, -4.61, actual_rep, 1, curr_step, 8, track_size, 72, robot_vel, 49.57, joints_pos, 5.45, 44.94, -16.44, -77.25, 16.96, 58.64, 29.77, tool_torque, -1.401, 0.317, -0.072, joint_torque, 2.0, -3.87, 1.92, 3.47, 1.54, -0.75, -0.07, robot_mode, normal, 
14/06/2022 14:12:46:426, robot_pos, 1655212236540, 621.53, -40.39, 295.6, 2.36, -0.02, 3.09, circuit_pos, 621.1, -36.42, 300.61, 2.35, -0.02, 3.09, tool_force, -1.26, 4.84, -4.25, actual_rep, 1, curr_step, 8, track_size, 72, robot_vel, 39.49, joints_pos, 5.94, 44.94, -16.43, -77.23, 17.1, 58.84, 30.52, tool_torque, -1.41, 0.187, -0.085, joint_torque, 1.97, -3.81, 1.85, 3.69, 1.45, -1.02, -0.07, robot_mode, normal, 
14/06/2022 14:12:46:612, robot_pos, 1655212236686, 621.85, -34.65, 295.46, 2.35, -0.02, 3.09, circuit_pos, 621.3, -26.89, 300.2, 2.34, -0.02, 3.09, tool_force, -1.57, 4.94, -4.23, actual_rep, 1, curr_step, 9, track_size, 72, robot_vel, 44.48, joints_pos, 6.45, 44.97, -16.41, -77.2, 17.16, 58.92, 31.36, tool_torque, -1.351, 0.247, -0.116, joint_torque, 1.7, -3.93, 1.68, 3.82, 1.4, -0.98, -0.1, robot_mode, normal, 
14/06/2022 14:12:46:724, robot_pos, 1655212236834, 622.07, -28.85, 295.38, 2.34, -0.02, 3.09, circuit_pos, 621.41, -16.2, 299.67, 2.34, -0.02, 3.09, tool_force, -1.4, 4.87, -4.67, actual_rep, 1, curr_step, 10, track_size, 72, robot_vel, 42.08, joints_pos, 6.98, 44.97, -16.42, -77.21, 17.18, 58.93, 32.21, tool_torque, -1.345, 0.276, -0.114, joint_torque, 1.42, -4.09, 1.54, 3.84, 1.33, -0.96, -0.08, robot_mode, normal, 
14/06/2022 14:12:46:880, robot_pos, 1655212236982, 622.21, -23.08, 295.2, 2.34, -0.02, 3.09, circuit_pos, 621.41, -16.2, 299.67, 2.34, -0.02, 3.09, tool_force, -2.11, 5.12, -5.09, actual_rep, 1, curr_step, 10, track_size, 72, robot_vel, 43.15, joints_pos, 7.52, 44.97, -16.42, -77.25, 17.18, 58.89, 32.81, tool_torque, -1.236, 0.307, -0.096, joint_torque, 1.4, -4.29, 1.37, 4.1, 1.31, -0.93, -0.08, robot_mode, normal, 
14/06/2022 14:12:47:023, robot_pos, 1655212237131, 622.31, -17.25, 295.03, 2.34, -0.02, 3.09, circuit_pos, 621.4, -3.17, 299.31, 2.33, -0.02, 3.09, tool_force, -2.03, 5.23, -5.18, actual_rep, 1, curr_step, 11, track_size, 72, robot_vel, 39.26, joints_pos, 8.06, 44.97, -16.43, -77.27, 17.19, 58.86, 33.47, tool_torque, -1.161, 0.395, -0.093, joint_torque, 1.15, -4.29, 1.26, 4.13, 1.27, -0.91, -0.07, robot_mode, normal, 
14/06/2022 14:12:47:191, robot_pos, 1655212237295, 622.39, -10.89, 294.84, 2.34, -0.02, 3.09, circuit_pos, 621.4, -3.17, 299.31, 2.33, -0.02, 3.09, tool_force, -2.27, 5.16, -5.43, actual_rep, 1, curr_step, 11, track_size, 72, robot_vel, 38.78, joints_pos, 8.65, 44.97, -16.43, -77.31, 17.19, 58.8, 34.28, tool_torque, -1.11, 0.431, -0.114, joint_torque, 1.08, -4.4, 1.16, 4.22, 1.2, -0.9, -0.09, robot_mode, normal, 
14/06/2022 14:12:47:328, robot_pos, 1655212237426, 622.42, -5.71, 294.7, 2.33, -0.02, 3.09, circuit_pos, 621.31, 7.17, 299.27, 2.33, -0.02, 3.09, tool_force, -2.23, 4.91, -5.47, actual_rep, 1, curr_step, 12, track_size, 72, robot_vel, 39.18, joints_pos, 9.14, 44.97, -16.44, -77.34, 17.18, 58.74, 34.91, tool_torque, -1.108, 0.471, -0.109, joint_torque, 1.06, -4.45, 1.17, 4.18, 1.2, -0.85, -0.08, robot_mode, normal, 
14/06/2022 14:12:47:478, robot_pos, 1655212237574, 622.42, 0.02, 294.64, 2.33, -0.02, 3.09, circuit_pos, 621.31, 7.17, 299.27, 2.33, -0.02, 3.09, tool_force, -2.12, 5.17, -5.51, actual_rep, 1, curr_step, 12, track_size, 72, robot_vel, 38.38, joints_pos, 9.67, 44.96, -16.44, -77.36, 17.18, 58.7, 35.49, tool_torque, -1.065, 0.487, -0.113, joint_torque, 1.12, -4.53, 1.17, 4.22, 1.19, -0.85, -0.08, robot_mode, normal, 
14/06/2022 14:12:47:625, robot_pos, 1655212237721, 622.36, 5.79, 294.63, 2.33, -0.02, 3.09, circuit_pos, 621.22, 18.66, 299.53, 2.33, -0.02, 3.09, tool_force, -2.15, 4.97, -5.79, actual_rep, 1, curr_step, 13, track_size, 72, robot_vel, 41.5, joints_pos, 10.21, 44.95, -16.44, -77.38, 17.17, 58.65, 36.08, tool_torque, -1.046, 0.512, -0.097, joint_torque, 0.94, -4.43, 1.04, 4.06, 1.15, -0.78, -0.06, robot_mode, normal, 
14/06/2022 14:12:47:787, robot_pos, 1655212237868, 622.29, 11.54, 294.73, 2.33, -0.02, 3.09, circuit_pos, 621.22, 18.66, 299.53, 2.33, -0.02, 3.09, tool_force, -2.72, 4.54, -5.72, actual_rep, 1, curr_step, 13, track_size, 72, robot_vel, 39.49, joints_pos, 10.74, 44.94, -16.44, -77.38, 17.14, 58.63, 36.65, tool_torque, -1.016, 0.478, -0.09, joint_torque, 0.76, -4.44, 0.81, 4.11, 1.11, -0.85, -0.07, robot_mode, normal, 
14/06/2022 14:12:47:933, robot_pos, 1655212238016, 622.24, 17.31, 294.79, 2.33, -0.02, 3.09, circuit_pos, 621.3, 29.46, 300.25, 2.32, -0.02, 3.09, tool_force, -2.15, 4.96, -5.75, actual_rep, 1, curr_step, 14, track_size, 72, robot_vel, 38.3, joints_pos, 11.28, 44.94, -16.44, -77.38, 17.13, 58.6, 37.25, tool_torque, -1.03, 0.409, -0.072, joint_torque, 1.09, -4.57, 1.04, 4.23, 1.18, -0.87, -0.06, robot_mode, normal, 
14/06/2022 14:12:48:080, robot_pos, 1655212238165, 622.2, 23.12, 295.12, 2.33, -0.02, 3.09, circuit_pos, 621.3, 29.46, 300.25, 2.32, -0.02, 3.09, tool_force, -2.3, 4.51, -5.43, actual_rep, 1, curr_step, 14, track_size, 72, robot_vel, 48.46, joints_pos, 11.81, 44.92, -16.44, -77.36, 17.1, 58.6, 38.04, tool_torque, -1.069, 0.48, -0.086, joint_torque, 0.56, -4.31, 0.74, 3.97, 1.07, -0.88, -0.06, robot_mode, normal, 
14/06/2022 14:12:48:230, robot_pos, 1655212238310, 622.22, 28.85, 295.37, 2.32, -0.02, 3.09, circuit_pos, 621.5, 39.55, 301.39, 2.31, -0.02, 3.09, tool_force, -2.1, 4.44, -5.2, actual_rep, 1, curr_step, 15, track_size, 72, robot_vel, 39.82, joints_pos, 12.35, 44.92, -16.44, -77.31, 17.09, 58.59, 38.87, tool_torque, -1.035, 0.414, -0.103, joint_torque, 0.59, -4.16, 0.77, 3.83, 1.03, -0.88, -0.07, robot_mode, normal, 
14/06/2022 14:12:48:379, robot_pos, 1655212238457, 622.22, 34.64, 295.87, 2.32, -0.02, 3.09, circuit_pos, 621.5, 39.55, 301.39, 2.31, -0.02, 3.09, tool_force, -1.97, 4.24, -4.88, actual_rep, 1, curr_step, 15, track_size, 72, robot_vel, 44.29, joints_pos, 12.88, 44.9, -16.45, -77.26, 17.05, 58.6, 39.7, tool_torque, -1.168, 0.38, -0.119, joint_torque, 0.74, -4.13, 0.91, 3.8, 1.08, -0.95, -0.09, robot_mode, normal, 
14/06/2022 14:12:48:534, robot_pos, 1655212238605, 622.27, 40.53, 296.48, 2.31, -0.02, 3.09, circuit_pos, 621.68, 48.29, 302.56, 2.3, -0.02, 3.09, tool_force, -1.47, 3.75, -4.76, actual_rep, 1, curr_step, 16, track_size, 72, robot_vel, 37.75, joints_pos, 13.42, 44.89, -16.45, -77.17, 17.01, 58.64, 40.64, tool_torque, -1.124, 0.326, -0.12, joint_torque, 0.51, -4.1, 0.65, 3.69, 0.94, -1.01, -0.08, robot_mode, normal, 
14/06/2022 14:12:48:682, robot_pos, 1655212238751, 622.34, 46.18, 297.19, 2.3, -0.02, 3.09, circuit_pos, 621.68, 48.29, 302.56, 2.3, -0.02, 3.09, tool_force, -1.24, 3.75, -4.61, actual_rep, 1, curr_step, 16, track_size, 72, robot_vel, 42.84, joints_pos, 13.93, 44.88, -16.45, -77.07, 16.96, 58.69, 41.59, tool_torque, -1.139, 0.306, -0.106, joint_torque, 0.66, -4.05, 0.74, 3.57, 0.94, -0.96, -0.07, robot_mode, normal, 
14/06/2022 14:12:48:833, robot_pos, 1655212238899, 622.54, 51.87, 298.02, 2.3, -0.02, 3.09, circuit_pos, 621.78, 57.42, 303.83, 2.3, -0.01, 3.09, tool_force, -0.55, 3.2, -4.95, actual_rep, 1, curr_step, 17, track_size, 72, robot_vel, 38.92, joints_pos, 14.48, 44.86, -16.46, -76.96, 16.76, 58.65, 42.37, tool_torque, -0.942, 0.497, -0.106, joint_torque, 0.88, -3.98, 0.99, 3.45, 1.03, -0.74, -0.07, robot_mode, normal, 
14/06/2022 14:12:48:979, robot_pos, 1655212239047, 622.51, 57.58, 298.83, 2.3, -0.01, 3.09, circuit_pos, 621.7, 64.77, 304.79, 2.29, -0.01, 3.09, tool_force, -1.86, 3.67, -4.85, actual_rep, 1, curr_step, 18, track_size, 72, robot_vel, 42.14, joints_pos, 15.07, 44.81, -16.48, -76.93, 16.48, 58.5, 43.15, tool_torque, -0.971, 0.497, -0.119, joint_torque, 0.68, -3.95, 0.84, 3.62, 0.96, -0.85, -0.08, robot_mode, normal, 
14/06/2022 14:12:49:133, robot_pos, 1655212239197, 622.46, 63.45, 299.58, 2.29, -0.01, 3.09, circuit_pos, 621.7, 64.77, 304.79, 2.29, -0.01, 3.09, tool_force, -2.02, 3.54, -4.94, actual_rep, 1, curr_step, 18, track_size, 72, robot_vel, 39.02, joints_pos, 15.61, 44.79, -16.48, -76.83, 16.39, 58.51, 44.17, tool_torque, -0.97, 0.461, -0.128, joint_torque, 0.17, -3.88, 0.4, 3.25, 0.77, -0.75, -0.07, robot_mode, normal, 
14/06/2022 14:12:49:281, robot_pos, 1655212239342, 622.39, 68.18, 300.29, 2.29, -0.01, 3.09, circuit_pos, 621.58, 73.04, 305.87, 2.28, -0.01, 3.09, tool_force, -2.05, 3.27, -4.89, actual_rep, 1, curr_step, 19, track_size, 72, robot_vel, 43.41, joints_pos, 16.03, 44.78, -16.48, -76.73, 16.34, 58.57, 45.02, tool_torque, -1.096, 0.465, -0.131, joint_torque, 0.38, -4.18, 0.61, 3.57, 0.88, -0.9, -0.07, robot_mode, normal, 
14/06/2022 14:12:49:435, robot_pos, 1655212239491, 622.2, 74.09, 300.96, 2.28, -0.01, 3.09, circuit_pos, 621.28, 81.29, 306.83, 2.28, -0.01, 3.09, tool_force, -1.52, 2.92, -4.95, actual_rep, 1, curr_step, 20, track_size, 72, robot_vel, 40.64, joints_pos, 16.55, 44.77, -16.43, -76.62, 16.21, 58.63, 45.94, tool_torque, -0.926, 0.21, -0.07, joint_torque, 0.42, -4.07, 0.35, 3.46, 0.78, -0.94, -0.06, robot_mode, normal, 
14/06/2022 14:12:49:585, robot_pos, 1655212239638, 621.95, 79.68, 301.66, 2.28, -0.01, 3.09, circuit_pos, 620.78, 89.35, 307.67, 2.27, -0.01, 3.09, tool_force, -2.53, 2.72, -4.97, actual_rep, 1, curr_step, 21, track_size, 72, robot_vel, 37.55, joints_pos, 17.06, 44.78, -16.43, -76.5, 16.17, 58.73, 46.52, tool_torque, -0.97, 0.148, -0.114, joint_torque, -0.51, -3.92, -0.31, 3.31, 0.52, -0.98, -0.08, robot_mode, normal, 
14/06/2022 14:12:49:738, robot_pos, 1655212239789, 621.58, 85.48, 302.25, 2.28, -0.01, 3.09, circuit_pos, 620.78, 89.35, 307.67, 2.27, -0.01, 3.09, tool_force, -1.94, 2.16, -4.9, actual_rep, 1, curr_step, 21, track_size, 72, robot_vel, 36.77, joints_pos, 17.59, 44.78, -16.45, -76.4, 16.1, 58.8, 47.44, tool_torque, -0.794, 0.097, -0.114, joint_torque, -0.49, -3.91, -0.37, 3.18, 0.38, -0.91, -0.08, robot_mode, normal, 
14/06/2022 14:12:49:890, robot_pos, 1655212239938, 621.12, 91.09, 302.85, 2.27, -0.01, 3.09, circuit_pos, 620.25, 96.98, 308.51, 2.27, -0.02, 3.08, tool_force, -1.13, 0.54, -5.34, actual_rep, 1, curr_step, 22, track_size, 72, robot_vel, 40.28, joints_pos, 18.11, 44.77, -16.46, -76.31, 16.08, 58.89, 48.19, tool_torque, -0.619, 0.287, -0.101, joint_torque, -0.5, -3.93, -0.22, 2.5, 0.36, -0.47, -0.04, robot_mode, normal, 
14/06/2022 14:12:50:046, robot_pos, 1655212240088, 620.4, 96.12, 303.68, 2.27, -0.02, 3.08, circuit_pos, 619.96, 103.53, 309.26, 2.26, -0.02, 3.08, tool_force, -6.9, -8.5, 3.88, actual_rep, 1, curr_step, 23, track_size, 72, robot_vel, 35.8, joints_pos, 18.39, 44.7, -16.38, -76.33, 16.73, 59.01, 48.28, tool_torque, 1.328, 0.113, 0.069, joint_torque, -4.3, 0.87, -2.91, -1.2, -1.26, 1.08, 0.11, robot_mode, impedance, 
14/06/2022 14:12:50:231, robot_pos, 1655212240239, 617.48, 95.14, 299.67, 2.26, -0.02, 3.09, circuit_pos, 619.96, 103.53, 309.26, 2.26, -0.02, 3.08, tool_force, -0.82, -3.39, -11.28, actual_rep, 1, curr_step, 23, track_size, 72, robot_vel, 44.04, joints_pos, 18.52, 44.77, -16.55, -76.88, 16.73, 58.91, 48.51, tool_torque, 0.338, 0.695, 0.033, joint_torque, -1.99, -7.14, -1.78, 2.2, -0.25, 1.09, 0.14, robot_mode, impedance, 
14/06/2022 14:12:50:344, robot_pos, 1655212240384, 615.49, 98.41, 301.12, 2.26, -0.03, 3.09, circuit_pos, 619.96, 103.53, 309.26, 2.26, -0.02, 3.08, tool_force, 3.34, -7.73, -11.96, actual_rep, 1, curr_step, 23, track_size, 72, robot_vel, 13.37, joints_pos, 18.76, 44.53, -16.43, -77.04, 16.77, 59.31, 49.16, tool_torque, 1.019, 0.61, 0.318, joint_torque, -1.3, -5.84, -1.65, 0.54, -0.32, 1.84, 0.36, robot_mode, impedance, 
14/06/2022 14:12:50:488, robot_pos, 1655212240531, 612.66, 99.54, 302.83, 2.26, -0.03, 3.1, circuit_pos, 619.96, 103.53, 309.26, 2.26, -0.02, 3.08, tool_force, 3.35, -8.82, -16.76, actual_rep, 1, curr_step, 23, track_size, 72, robot_vel, 32.11, joints_pos, 19.02, 44.13, -16.57, -77.48, 16.77, 59.4, 49.32, tool_torque, 1.22, 1.259, 0.372, joint_torque, -1.93, -8.25, -1.78, 0.91, -0.17, 2.64, 0.48, robot_mode, impedance, 
14/06/2022 14:12:50:653, robot_pos, 1655212240681, 609.44, 99.47, 304.65, 2.26, -0.04, 3.1, circuit_pos, 619.96, 103.53, 309.26, 2.26, -0.02, 3.08, tool_force, 6.83, -10.14, -21.79, actual_rep, 1, curr_step, 23, track_size, 72, robot_vel, 25.04, joints_pos, 19.15, 43.66, -16.61, -78.03, 16.77, 59.58, 49.36, tool_torque, 1.485, 1.587, 0.566, joint_torque, -0.8, -10.76, -1.13, 0.87, 0.17, 3.75, 0.67, robot_mode, impedance, 
14/06/2022 14:12:50:790, robot_pos, 1655212240827, 605.57, 100.37, 306.03, 2.25, -0.04, 3.1, circuit_pos, 619.96, 103.53, 309.26, 2.26, -0.02, 3.08, tool_force, 8.95, -12.18, -24.16, actual_rep, 1, curr_step, 23, track_size, 72, robot_vel, 33.06, joints_pos, 19.3, 43.2, -16.57, -78.62, 16.73, 59.85, 49.56, tool_torque, 1.979, 1.939, 0.815, joint_torque, -0.62, -11.31, -1.09, 0.03, 0.31, 4.73, 0.89, robot_mode, impedance, 
14/06/2022 14:12:50:943, robot_pos, 1655212240975, 601.52, 101.65, 307.07, 2.25, -0.04, 3.11, circuit_pos, 619.96, 103.53, 309.26, 2.26, -0.02, 3.08, tool_force, 12.94, -12.99, -25.32, actual_rep, 1, curr_step, 23, track_size, 72, robot_vel, 27.11, joints_pos, 19.52, 42.71, -16.55, -79.31, 16.71, 59.89, 49.78, tool_torque, 2.249, 2.418, 1.058, joint_torque, 1.33, -11.96, 0.52, -0.38, 1.05, 5.59, 1.1, robot_mode, impedance, 
14/06/2022 14:12:51:096, robot_pos, 1655212241123, 598.15, 103.85, 307.13, 2.25, -0.05, 3.11, circuit_pos, 619.96, 103.53, 309.26, 2.26, -0.02, 3.08, tool_force, 14.17, -14.2, -24.36, actual_rep, 1, curr_step, 23, track_size, 72, robot_vel, 29.72, joints_pos, 19.82, 42.36, -16.54, -79.92, 16.72, 59.74, 50.05, tool_torque, 2.606, 2.72, 1.243, joint_torque, 1.61, -10.77, 0.9, -1.55, 1.19, 6.18, 1.28, robot_mode, impedance, 
14/06/2022 14:12:51:243, robot_pos, 1655212241269, 596.0, 104.99, 307.14, 2.25, -0.05, 3.11, circuit_pos, 619.96, 103.53, 309.26, 2.26, -0.02, 3.08, tool_force, 14.68, -12.49, -24.11, actual_rep, 1, curr_step, 23, track_size, 72, robot_vel, 15.31, joints_pos, 20.05, 42.15, -16.61, -80.3, 16.73, 59.61, 50.22, tool_torque, 2.459, 2.882, 1.286, joint_torque, 2.16, -10.63, 1.63, -1.55, 1.47, 6.21, 1.36, robot_mode, impedance, 
14/06/2022 14:12:51:397, robot_pos, 1655212241420, 595.61, 106.83, 307.09, 2.25, -0.05, 3.1, circuit_pos, 619.96, 103.53, 309.26, 2.26, -0.02, 3.08, tool_force, 14.94, -9.52, -22.61, actual_rep, 1, curr_step, 23, track_size, 72, robot_vel, 16.36, joints_pos, 20.18, 42.08, -16.56, -80.43, 16.93, 59.3, 50.28, tool_torque, 2.029, 2.958, 1.35, joint_torque, 3.3, -10.1, 2.75, -1.04, 2.04, 5.83, 1.41, robot_mode, impedance, 
14/06/2022 14:12:51:547, robot_pos, 1655212241567, 597.2, 108.79, 306.32, 2.25, -0.04, 3.09, circuit_pos, 619.96, 103.53, 309.26, 2.26, -0.02, 3.08, tool_force, 12.65, -6.59, -20.64, actual_rep, 1, curr_step, 23, track_size, 72, robot_vel, 17.95, joints_pos, 20.26, 42.22, -16.48, -80.3, 17.08, 58.7, 50.29, tool_torque, 1.398, 2.518, 1.228, joint_torque, 3.15, -9.93, 2.53, 0.75, 2.09, 4.26, 1.27, robot_mode, impedance, 
14/06/2022 14:12:51:698, robot_pos, 1655212241717, 601.61, 109.11, 305.73, 2.25, -0.03, 3.08, circuit_pos, 619.96, 103.53, 309.26, 2.26, -0.02, 3.08, tool_force, 10.3, -2.12, -18.61, actual_rep, 1, curr_step, 23, track_size, 72, robot_vel, 30.32, joints_pos, 20.25, 42.63, -16.56, -79.71, 17.08, 58.14, 50.19, tool_torque, 0.69, 1.871, 0.935, joint_torque, 3.47, -9.66, 2.67, 2.54, 1.97, 2.67, 0.98, robot_mode, impedance, 
14/06/2022 14:12:51:848, robot_pos, 1655212241863, 607.16, 109.6, 304.85, 2.25, -0.03, 3.08, circuit_pos, 619.96, 103.53, 309.26, 2.26, -0.02, 3.08, tool_force, 6.69, 1.67, -16.05, actual_rep, 1, curr_step, 23, track_size, 72, robot_vel, 43.65, joints_pos, 20.17, 43.27, -16.62, -78.72, 17.08, 58.05, 50.16, tool_torque, 0.156, 1.105, 0.716, joint_torque, 2.8, -9.5, 1.77, 4.36, 1.6, 1.14, 0.75, robot_mode, impedance, 
14/06/2022 14:12:51:998, robot_pos, 1655212242012, 613.01, 109.42, 304.26, 2.25, -0.02, 3.08, circuit_pos, 619.96, 103.53, 309.26, 2.26, -0.02, 3.08, tool_force, 4.92, 4.14, -15.76, actual_rep, 1, curr_step, 23, track_size, 72, robot_vel, 44.69, joints_pos, 20.01, 43.95, -16.69, -77.62, 17.12, 58.13, 50.07, tool_torque, -0.469, 0.47, 0.554, joint_torque, 2.65, -9.86, 1.37, 5.69, 1.43, -0.03, 0.57, robot_mode, impedance, 
14/06/2022 14:12:52:147, robot_pos, 1655212242161, 617.24, 108.89, 303.58, 2.26, -0.02, 3.08, circuit_pos, 619.96, 103.53, 309.26, 2.26, -0.02, 3.08, tool_force, 3.62, 3.88, -13.93, actual_rep, 1, curr_step, 23, track_size, 72, robot_vel, 29.03, joints_pos, 19.85, 44.51, -16.77, -76.75, 17.2, 58.41, 49.96, tool_torque, -0.549, 0.255, 0.449, joint_torque, 2.17, -9.5, 0.94, 5.9, 1.22, -0.41, 0.47, robot_mode, impedance, 
14/06/2022 14:12:52:305, robot_pos, 1655212242309, 619.61, 108.33, 303.15, 2.26, -0.02, 3.08, circuit_pos, 619.96, 103.53, 309.26, 2.26, -0.02, 3.08, tool_force, 3.05, 4.08, -13.72, actual_rep, 1, curr_step, 23, track_size, 72, robot_vel, 17.99, joints_pos, 19.73, 44.86, -16.81, -76.2, 17.22, 58.72, 49.9, tool_torque, -0.612, 0.156, 0.428, joint_torque, 2.23, -9.42, 0.92, 6.01, 1.2, -0.55, 0.44, robot_mode, impedance, 
14/06/2022 14:12:52:449, robot_pos, 1655212242456, 620.51, 108.05, 302.9, 2.26, -0.02, 3.08, circuit_pos, 619.96, 103.53, 309.26, 2.26, -0.02, 3.08, tool_force, 3.19, 3.66, -13.43, actual_rep, 1, curr_step, 23, track_size, 72, robot_vel, 7.88, joints_pos, 19.68, 45.0, -16.82, -75.99, 17.23, 58.87, 49.89, tool_torque, -0.558, 0.121, 0.433, joint_torque, 1.93, -9.01, 0.69, 5.56, 1.07, -0.44, 0.45, robot_mode, impedance, 
14/06/2022 14:12:52:601, robot_pos, 1655212242605, 620.62, 107.91, 302.81, 2.26, -0.02, 3.08, circuit_pos, 619.96, 103.53, 309.26, 2.26, -0.02, 3.08, tool_force, 3.09, 3.99, -13.41, actual_rep, 1, curr_step, 23, track_size, 72, robot_vel, 1.98, joints_pos, 19.66, 45.02, -16.82, -75.98, 17.25, 58.88, 49.88, tool_torque, -0.542, 0.13, 0.444, joint_torque, 2.01, -9.02, 0.74, 5.67, 1.11, -0.47, 0.46, robot_mode, impedance, 
14/06/2022 14:12:52:777, robot_pos, 1655212242753, 620.62, 107.93, 302.78, 2.26, -0.02, 3.08, circuit_pos, 619.96, 103.53, 309.26, 2.26, -0.02, 3.08, tool_force, 2.99, 4.24, -12.99, actual_rep, 1, curr_step, 23, track_size, 72, robot_vel, 0.08, joints_pos, 19.66, 45.02, -16.81, -75.98, 17.25, 58.88, 49.87, tool_torque, -0.528, 0.183, 0.436, joint_torque, 2.09, -8.71, 0.88, 5.57, 1.15, -0.46, 0.45, robot_mode, impedance, 
14/06/2022 14:12:52:904, robot_pos, 1655212242904, 620.63, 107.77, 302.63, 2.26, -0.02, 3.08, circuit_pos, 619.96, 103.53, 309.26, 2.26, -0.02, 3.08, tool_force, 2.72, 4.04, -12.63, actual_rep, 1, curr_step, 23, track_size, 72, robot_vel, 1.63, joints_pos, 19.65, 45.03, -16.82, -75.98, 17.26, 58.88, 49.85, tool_torque, -0.466, 0.101, 0.453, joint_torque, 1.81, -8.5, 0.6, 5.44, 1.04, -0.47, 0.46, robot_mode, impedance, 
14/06/2022 14:12:53:056, robot_pos, 1655212243053, 620.71, 107.29, 302.47, 2.26, -0.02, 3.08, circuit_pos, 619.96, 103.53, 309.26, 2.26, -0.02, 3.08, tool_force, 2.21, 3.49, -12.39, actual_rep, 1, curr_step, 23, track_size, 72, robot_vel, 3.11, joints_pos, 19.63, 45.05, -16.86, -75.98, 17.25, 58.88, 49.81, tool_torque, -0.372, 0.035, 0.453, joint_torque, 1.42, -8.25, 0.28, 5.18, 0.86, -0.43, 0.47, robot_mode, impedance, 
14/06/2022 14:12:53:211, robot_pos, 1655212243199, 620.77, 106.28, 302.35, 2.26, -0.02, 3.08, circuit_pos, 619.96, 103.53, 309.26, 2.26, -0.02, 3.08, tool_force, 1.52, 3.11, -12.42, actual_rep, 1, curr_step, 23, track_size, 72, robot_vel, 6.94, joints_pos, 19.61, 45.07, -16.95, -75.99, 17.19, 58.88, 49.77, tool_torque, -0.302, -0.046, 0.446, joint_torque, 0.93, -8.17, -0.21, 5.1, 0.69, -0.44, 0.45, robot_mode, impedance, 
14/06/2022 14:12:53:356, robot_pos, 1655212243347, 620.82, 105.6, 302.35, 2.26, -0.02, 3.08, circuit_pos, 619.96, 103.53, 309.26, 2.26, -0.02, 3.08, tool_force, 1.51, 2.24, -13.11, actual_rep, 1, curr_step, 23, track_size, 72, robot_vel, 6.1, joints_pos, 19.59, 45.06, -16.99, -76.0, 17.17, 58.88, 49.73, tool_torque, -0.165, -0.049, 0.466, joint_torque, 0.68, -8.34, -0.47, 4.8, 0.57, -0.19, 0.47, robot_mode, impedance, 
14/06/2022 14:12:53:509, robot_pos, 1655212243496, 620.66, 104.79, 302.6, 2.26, -0.02, 3.08, circuit_pos, 619.96, 103.53, 309.26, 2.26, -0.02, 3.08, tool_force, 0.68, 1.53, -13.47, actual_rep, 1, curr_step, 23, track_size, 72, robot_vel, 4.54, joints_pos, 19.58, 45.04, -17.06, -76.02, 17.12, 58.99, 49.69, tool_torque, -0.019, -0.211, 0.463, joint_torque, 0.06, -8.45, -1.11, 4.85, 0.28, -0.24, 0.46, robot_mode, impedance, 
14/06/2022 14:12:53:658, robot_pos, 1655212243643, 620.49, 103.21, 302.32, 2.26, -0.02, 3.08, circuit_pos, 619.96, 103.53, 309.26, 2.26, -0.02, 3.08, tool_force, -1.09, 2.3, -11.64, actual_rep, 1, curr_step, 23, track_size, 72, robot_vel, 10.68, joints_pos, 19.54, 45.04, -17.16, -76.09, 17.02, 58.97, 49.61, tool_torque, 0.061, -0.386, 0.432, joint_torque, -0.74, -7.33, -1.74, 4.68, -0.02, -0.5, 0.43, robot_mode, impedance, 
14/06/2022 14:12:53:808, robot_pos, 1655212243792, 620.7, 102.29, 301.43, 2.26, -0.01, 3.08, circuit_pos, 619.96, 103.53, 309.26, 2.26, -0.02, 3.08, tool_force, -1.42, 1.87, -9.73, actual_rep, 1, curr_step, 23, track_size, 72, robot_vel, 8.74, joints_pos, 19.48, 45.1, -17.18, -76.14, 17.02, 58.78, 49.5, tool_torque, 0.207, -0.464, 0.407, joint_torque, -0.81, -5.83, -1.74, 3.65, -0.16, -0.34, 0.39, robot_mode, impedance, 
14/06/2022 14:12:53:956, robot_pos, 1655212243940, 621.01, 101.94, 299.94, 2.26, -0.01, 3.08, circuit_pos, 619.96, 103.53, 309.26, 2.26, -0.02, 3.08, tool_force, -1.78, 1.2, -6.03, actual_rep, 1, curr_step, 23, track_size, 72, robot_vel, 11.5, joints_pos, 19.46, 45.24, -17.19, -76.14, 17.02, 58.64, 49.46, tool_torque, 0.278, -0.646, 0.389, joint_torque, -1.14, -3.84, -1.89, 2.69, -0.4, -0.53, 0.37, robot_mode, impedance, 
14/06/2022 14:12:54:112, robot_pos, 1655212244092, 621.23, 101.43, 298.7, 2.26, -0.01, 3.09, circuit_pos, 619.96, 103.53, 309.26, 2.26, -0.02, 3.08, tool_force, -1.98, 1.0, -3.72, actual_rep, 1, curr_step, 23, track_size, 72, robot_vel, 10.38, joints_pos, 19.43, 45.36, -17.21, -76.13, 17.02, 58.57, 49.41, tool_torque, 0.353, -0.682, 0.399, joint_torque, -1.28, -2.1, -1.79, 1.64, -0.51, -0.45, 0.39, robot_mode, impedance, 
14/06/2022 14:12:54:259, robot_pos, 1655212244239, 621.3, 101.13, 298.33, 2.26, -0.01, 3.09, circuit_pos, 619.96, 103.53, 309.26, 2.26, -0.02, 3.08, tool_force, -1.75, 0.41, -3.23, actual_rep, 1, curr_step, 23, track_size, 72, robot_vel, 4.6, joints_pos, 19.4, 45.4, -17.21, -76.12, 17.02, 58.57, 49.39, tool_torque, 0.352, -0.754, 0.407, joint_torque, -1.34, -1.96, -1.87, 1.34, -0.57, -0.39, 0.39, robot_mode, impedance, 
14/06/2022 14:12:54:411, robot_pos, 1655212244388, 621.21, 100.82, 298.09, 2.26, -0.01, 3.09, circuit_pos, 619.96, 103.53, 309.26, 2.26, -0.02, 3.08, tool_force, -2.0, 0.48, -2.86, actual_rep, 1, curr_step, 23, track_size, 72, robot_vel, 2.72, joints_pos, 19.39, 45.41, -17.23, -76.14, 17.02, 58.57, 49.38, tool_torque, 0.423, -0.776, 0.415, joint_torque, -1.47, -1.67, -1.95, 1.25, -0.65, -0.39, 0.41, robot_mode, impedance, 
14/06/2022 14:12:54:558, robot_pos, 1655212244536, 620.92, 100.69, 298.01, 2.26, -0.01, 3.09, circuit_pos, 619.96, 103.53, 309.26, 2.26, -0.02, 3.08, tool_force, -1.56, -0.54, -3.63, actual_rep, 1, curr_step, 23, track_size, 72, robot_vel, 0.76, joints_pos, 19.39, 45.41, -17.24, -76.16, 17.02, 58.68, 49.38, tool_torque, 0.497, -0.683, 0.428, joint_torque, -1.53, -2.25, -2.02, 1.08, -0.64, -0.08, 0.42, robot_mode, impedance, 
14/06/2022 14:12:54:711, robot_pos, 1655212244686, 619.24, 100.33, 298.65, 2.25, -0.02, 3.09, circuit_pos, 619.96, 103.53, 309.26, 2.26, -0.02, 3.08, tool_force, 0.17, -4.63, -5.71, actual_rep, 1, curr_step, 23, track_size, 72, robot_vel, 10.66, joints_pos, 19.39, 45.25, -17.25, -76.34, 17.0, 59.06, 49.38, tool_torque, 0.997, -0.377, 0.5, joint_torque, -1.96, -2.47, -2.35, -0.18, -0.81, 0.85, 0.5, robot_mode, impedance, 
14/06/2022 14:12:54:866, robot_pos, 1655212244834, 616.49, 99.9, 299.45, 2.25, -0.02, 3.1, circuit_pos, 619.96, 103.53, 309.26, 2.26, -0.02, 3.08, tool_force, 2.42, -5.74, -8.38, actual_rep, 1, curr_step, 23, track_size, 72, robot_vel, 21.4, joints_pos, 19.41, 44.89, -17.21, -76.85, 16.97, 59.16, 49.38, tool_torque, 1.092, 0.232, 0.643, joint_torque, -1.25, -3.52, -1.58, -0.67, -0.33, 1.76, 0.65, robot_mode, impedance, 
14/06/2022 14:12:55:016, robot_pos, 1655212244983, 613.77, 102.04, 300.85, 2.25, -0.03, 3.09, circuit_pos, 619.96, 103.53, 309.26, 2.26, -0.02, 3.08, tool_force, 5.22, -3.75, -10.95, actual_rep, 1, curr_step, 23, track_size, 72, robot_vel, 24.94, joints_pos, 19.49, 44.46, -16.97, -77.33, 17.18, 59.08, 49.45, tool_torque, 0.849, 0.881, 0.706, joint_torque, 0.63, -5.42, 0.07, 0.75, 0.64, 1.9, 0.7, robot_mode, impedance, 
14/06/2022 14:12:55:166, robot_pos, 1655212245132, 613.07, 106.22, 301.96, 2.25, -0.03, 3.08, circuit_pos, 619.96, 103.53, 309.26, 2.26, -0.02, 3.08, tool_force, 6.86, 0.6, -11.49, actual_rep, 1, curr_step, 23, track_size, 72, robot_vel, 30.96, joints_pos, 19.63, 44.24, -16.68, -77.49, 17.49, 58.72, 49.54, tool_torque, 0.337, 1.338, 0.65, joint_torque, 2.92, -6.38, 2.18, 2.25, 1.63, 1.56, 0.63, robot_mode, impedance, 
14/06/2022 14:12:55:313, robot_pos, 1655212245281, 613.88, 109.17, 302.34, 2.26, -0.03, 3.08, circuit_pos, 619.96, 103.53, 309.26, 2.26, -0.02, 3.08, tool_force, 6.89, 2.4, -11.69, actual_rep, 1, curr_step, 23, track_size, 72, robot_vel, 23.23, joints_pos, 19.77, 44.28, -16.57, -77.33, 17.55, 58.53, 49.73, tool_torque, -0.269, 1.335, 0.536, joint_torque, 3.63, -7.26, 2.85, 3.56, 2.05, 0.9, 0.53, robot_mode, impedance, 
14/06/2022 14:12:55:467, robot_pos, 1655212245430, 615.27, 110.78, 302.35, 2.26, -0.03, 3.08, circuit_pos, 619.96, 103.53, 309.26, 2.26, -0.02, 3.08, tool_force, 6.49, 4.63, -11.72, actual_rep, 1, curr_step, 23, track_size, 72, robot_vel, 17.44, joints_pos, 19.84, 44.45, -16.54, -77.01, 17.59, 58.57, 49.87, tool_torque, -0.683, 1.296, 0.51, joint_torque, 4.05, -7.8, 3.26, 4.57, 2.32, 0.43, 0.53, robot_mode, impedance, 
14/06/2022 14:12:55:615, robot_pos, 1655212245578, 616.63, 111.77, 302.46, 2.26, -0.03, 3.07, circuit_pos, 619.96, 103.53, 309.26, 2.26, -0.02, 3.08, tool_force, 7.25, 4.65, -11.84, actual_rep, 1, curr_step, 23, track_size, 72, robot_vel, 12.94, joints_pos, 19.85, 44.61, -16.51, -76.7, 17.62, 58.64, 49.94, tool_torque, -0.876, 1.252, 0.486, joint_torque, 4.61, -8.07, 3.68, 4.7, 2.48, 0.28, 0.49, robot_mode, impedance, 
14/06/2022 14:12:55:768, robot_pos, 1655212245728, 617.75, 112.35, 302.51, 2.26, -0.03, 3.07, circuit_pos, 619.96, 103.53, 309.26, 2.26, -0.02, 3.08, tool_force, 6.53, 5.81, -11.51, actual_rep, 1, curr_step, 23, track_size, 72, robot_vel, 10.39, joints_pos, 19.85, 44.74, -16.5, -76.46, 17.65, 58.69, 49.96, tool_torque, -0.991, 1.163, 0.451, joint_torque, 4.47, -8.07, 3.55, 5.12, 2.45, 0.0, 0.46, robot_mode, impedance, 
14/06/2022 14:12:55:959, robot_pos, 1655212245877, 618.71, 112.71, 302.53, 2.26, -0.03, 3.07, circuit_pos, 619.96, 103.53, 309.26, 2.26, -0.02, 3.08, tool_force, 6.54, 6.12, -11.17, actual_rep, 1, curr_step, 23, track_size, 72, robot_vel, 6.71, joints_pos, 19.85, 44.85, -16.5, -76.26, 17.66, 58.7, 49.97, tool_torque, -1.066, 1.149, 0.407, joint_torque, 4.66, -8.1, 3.69, 5.41, 2.51, -0.18, 0.42, robot_mode, impedance, 
14/06/2022 14:12:56:070, robot_pos, 1655212246027, 619.5, 112.86, 302.51, 2.26, -0.03, 3.07, circuit_pos, 619.96, 103.53, 309.26, 2.26, -0.02, 3.08, tool_force, 5.67, 5.57, -11.97, actual_rep, 1, curr_step, 23, track_size, 72, robot_vel, 8.08, joints_pos, 19.84, 44.95, -16.52, -76.09, 17.69, 58.74, 49.97, tool_torque, -0.995, 0.852, 0.386, joint_torque, 4.04, -8.26, 2.97, 5.42, 2.13, -0.3, 0.39, robot_mode, impedance, 
14/06/2022 14:12:56:223, robot_pos, 1655212246176, 620.17, 109.78, 302.08, 2.26, -0.02, 3.08, circuit_pos, 619.96, 103.53, 309.26, 2.26, -0.02, 3.08, tool_force, 2.16, 4.07, -10.62, actual_rep, 1, curr_step, 23, track_size, 72, robot_vel, 14.21, joints_pos, 19.79, 45.04, -16.79, -76.05, 17.34, 58.74, 49.91, tool_torque, -0.665, 0.302, 0.343, joint_torque, 1.72, -7.49, 0.87, 4.99, 1.12, -0.57, 0.37, robot_mode, impedance, 
14/06/2022 14:12:56:370, robot_pos, 1655212246323, 620.84, 105.33, 301.03, 2.26, -0.01, 3.08, circuit_pos, 619.96, 103.53, 309.26, 2.26, -0.02, 3.08, tool_force, -0.41, 2.87, -8.16, actual_rep, 1, curr_step, 23, track_size, 72, robot_vel, 31.41, joints_pos, 19.64, 45.17, -17.04, -76.05, 16.99, 58.7, 49.79, tool_torque, -0.146, -0.394, 0.402, joint_torque, -0.35, -5.56, -1.07, 3.89, 0.09, -0.7, 0.42, robot_mode, impedance, 
14/06/2022 14:12:56:540, robot_pos, 1655212246475, 621.37, 102.88, 299.93, 2.26, -0.01, 3.08, circuit_pos, 619.96, 103.53, 309.26, 2.26, -0.02, 3.08, tool_force, -1.23, 2.0, -7.12, actual_rep, 1, curr_step, 23, track_size, 72, robot_vel, 20.75, joints_pos, 19.47, 45.28, -17.1, -76.04, 16.95, 58.64, 49.61, tool_torque, 0.048, -0.6, 0.44, joint_torque, -0.68, -4.72, -1.47, 3.26, -0.14, -0.63, 0.44, robot_mode, impedance, 
14/06/2022 14:12:56:673, robot_pos, 1655212246620, 621.55, 102.54, 299.89, 2.26, -0.01, 3.08, circuit_pos, 619.96, 103.53, 309.26, 2.26, -0.02, 3.08, tool_force, -1.03, 1.41, -6.29, actual_rep, 1, curr_step, 23, track_size, 72, robot_vel, 3.57, joints_pos, 19.43, 45.3, -17.09, -76.02, 16.98, 58.64, 49.57, tool_torque, 0.116, -0.725, 0.443, joint_torque, -0.77, -4.09, -1.6, 2.76, -0.28, -0.59, 0.43, robot_mode, impedance, 
14/06/2022 14:12:56:907, robot_pos, 1655212246774, 621.58, 102.31, 299.53, 2.26, -0.01, 3.08, circuit_pos, 619.96, 103.53, 309.26, 2.26, -0.02, 3.08, tool_force, -1.19, 1.49, -6.13, actual_rep, 1, curr_step, 23, track_size, 72, robot_vel, 3.37, joints_pos, 19.41, 45.33, -17.1, -76.02, 16.98, 58.64, 49.55, tool_torque, 0.147, -0.703, 0.448, joint_torque, -0.79, -3.91, -1.55, 2.7, -0.29, -0.57, 0.45, robot_mode, impedance, 
14/06/2022 14:12:56:977, robot_pos, 1655212246922, 621.6, 102.09, 299.41, 2.26, -0.01, 3.08, circuit_pos, 619.96, 103.53, 309.26, 2.26, -0.02, 3.08, tool_force, -1.44, 1.27, -5.46, actual_rep, 1, curr_step, 23, track_size, 72, robot_vel, 1.65, joints_pos, 19.41, 45.35, -17.12, -76.02, 16.98, 58.64, 49.54, tool_torque, 0.212, -0.734, 0.441, joint_torque, -1.01, -3.5, -1.68, 2.44, -0.4, -0.56, 0.45, robot_mode, impedance, 
14/06/2022 14:12:57:155, robot_pos, 1655212247070, 621.62, 101.88, 299.2, 2.26, -0.01, 3.09, circuit_pos, 619.96, 103.53, 309.26, 2.26, -0.02, 3.08, tool_force, -1.44, 1.05, -5.32, actual_rep, 1, curr_step, 23, track_size, 72, robot_vel, 2.4, joints_pos, 19.41, 45.37, -17.14, -76.02, 16.98, 58.64, 49.52, tool_torque, 0.225, -0.74, 0.436, joint_torque, -1.07, -3.41, -1.72, 2.31, -0.44, -0.53, 0.45, robot_mode, impedance, 
14/06/2022 14:12:57:278, robot_pos, 1655212247219, 621.62, 101.83, 299.13, 2.26, -0.01, 3.09, circuit_pos, 619.96, 103.53, 309.26, 2.26, -0.02, 3.08, tool_force, -1.42, 0.84, -5.15, actual_rep, 1, curr_step, 23, track_size, 72, robot_vel, 0.61, joints_pos, 19.41, 45.37, -17.15, -76.02, 16.98, 58.64, 49.51, tool_torque, 0.271, -0.741, 0.431, joint_torque, -1.11, -3.22, -1.75, 2.15, -0.47, -0.47, 0.43, robot_mode, impedance, 
14/06/2022 14:12:57:463, robot_pos, 1655212247369, 621.61, 101.82, 299.12, 2.26, -0.01, 3.09, circuit_pos, 619.96, 103.53, 309.26, 2.26, -0.02, 3.08, tool_force, -1.36, 1.0, -5.09, actual_rep, 1, curr_step, 23, track_size, 72, robot_vel, 0.19, joints_pos, 19.41, 45.38, -17.15, -76.02, 16.98, 58.64, 49.51, tool_torque, 0.221, -0.718, 0.423, joint_torque, -1.05, -3.25, -1.69, 2.21, -0.43, -0.51, 0.43, robot_mode, impedance, 
14/06/2022 14:12:57:580, robot_pos, 1655212247517, 621.6, 101.87, 299.12, 2.26, -0.01, 3.09, circuit_pos, 619.96, 103.53, 309.26, 2.26, -0.02, 3.08, tool_force, -1.37, 0.98, -5.25, actual_rep, 1, curr_step, 23, track_size, 72, robot_vel, 0.12, joints_pos, 19.41, 45.37, -17.14, -76.02, 16.98, 58.64, 49.51, tool_torque, 0.208, -0.71, 0.422, joint_torque, -1.03, -3.36, -1.68, 2.28, -0.4, -0.51, 0.42, robot_mode, impedance, 
14/06/2022 14:12:57:764, robot_pos, 1655212247666, 621.6, 101.89, 299.16, 2.26, -0.01, 3.09, circuit_pos, 619.96, 103.53, 309.26, 2.26, -0.02, 3.08, tool_force, -1.43, 1.23, -5.35, actual_rep, 1, curr_step, 23, track_size, 72, robot_vel, 0.13, joints_pos, 19.41, 45.37, -17.14, -76.02, 16.98, 58.64, 49.51, tool_torque, 0.207, -0.701, 0.423, joint_torque, -0.98, -3.41, -1.66, 2.38, -0.37, -0.54, 0.42, robot_mode, impedance, 
14/06/2022 14:12:57:883, robot_pos, 1655212247814, 621.61, 101.93, 299.27, 2.26, -0.01, 3.08, circuit_pos, 619.96, 103.53, 309.26, 2.26, -0.02, 3.08, tool_force, -1.39, 1.38, -5.5, actual_rep, 1, curr_step, 23, track_size, 72, robot_vel, 0.85, joints_pos, 19.41, 45.36, -17.14, -76.02, 16.99, 58.64, 49.5, tool_torque, 0.196, -0.693, 0.424, joint_torque, -0.93, -3.54, -1.63, 2.49, -0.36, -0.55, 0.42, robot_mode, impedance, 
14/06/2022 14:12:58:078, robot_pos, 1655212247966, 621.62, 101.97, 299.31, 2.26, -0.01, 3.08, circuit_pos, 619.96, 103.53, 309.26, 2.26, -0.02, 3.08, tool_force, -1.41, 1.5, -5.68, actual_rep, 1, curr_step, 23, track_size, 72, robot_vel, 0.28, joints_pos, 19.41, 45.36, -17.14, -76.02, 17.01, 58.64, 49.5, tool_torque, 0.194, -0.668, 0.425, joint_torque, -0.87, -3.68, -1.57, 2.59, -0.32, -0.54, 0.43, robot_mode, impedance, 
14/06/2022 14:12:58:182, robot_pos, 1655212248110, 621.61, 102.05, 299.38, 2.26, -0.01, 3.08, circuit_pos, 619.96, 103.53, 309.26, 2.26, -0.02, 3.08, tool_force, -1.5, 1.45, -5.76, actual_rep, 1, curr_step, 23, track_size, 72, robot_vel, 0.86, joints_pos, 19.41, 45.35, -17.13, -76.02, 17.01, 58.64, 49.5, tool_torque, 0.21, -0.691, 0.422, joint_torque, -0.96, -3.7, -1.67, 2.6, -0.36, -0.55, 0.42, robot_mode, impedance, 
14/06/2022 14:12:58:374, robot_pos, 1655212248263, 621.63, 102.12, 299.82, 2.26, -0.01, 3.08, circuit_pos, 619.96, 103.53, 309.26, 2.26, -0.02, 3.08, tool_force, -0.94, 2.07, -8.87, actual_rep, 1, curr_step, 23, track_size, 72, robot_vel, 1.02, joints_pos, 19.41, 45.3, -17.12, -76.02, 17.03, 58.64, 49.49, tool_torque, 0.099, -0.45, 0.406, joint_torque, -0.44, -6.33, -1.4, 4.04, -0.04, -0.44, 0.41, robot_mode, impedance, 
14/06/2022 14:12:58:496, robot_pos, 1655212248409, 621.72, 103.66, 303.83, 2.26, -0.02, 3.08, circuit_pos, 619.96, 103.53, 309.26, 2.26, -0.02, 3.08, tool_force, 0.56, 3.08, -18.05, actual_rep, 1, curr_step, 23, track_size, 72, robot_vel, 30.26, joints_pos, 19.42, 44.99, -17.03, -75.86, 17.24, 59.01, 49.48, tool_torque, -0.287, -0.137, 0.371, joint_torque, 0.48, -12.36, -1.11, 7.37, 0.59, -0.47, 0.36, robot_mode, impedance, 
14/06/2022 14:12:58:637, robot_pos, 1655212248557, 621.45, 105.94, 305.92, 2.26, -0.02, 3.08, circuit_pos, 619.88, 109.67, 310.15, 2.26, -0.02, 3.08, tool_force, -0.32, 3.07, -21.18, actual_rep, 1, curr_step, 24, track_size, 72, robot_vel, 16.87, joints_pos, 19.5, 44.86, -16.91, -75.75, 17.27, 59.3, 49.56, tool_torque, -0.538, 0.172, 0.18, joint_torque, 0.36, -13.71, -1.01, 8.59, 0.88, -0.7, 0.16, robot_mode, impedance, 
14/06/2022 14:12:58:788, robot_pos, 1655212248706, 621.52, 111.0, 306.88, 2.26, -0.02, 3.07, circuit_pos, 619.73, 115.25, 310.98, 2.26, -0.02, 3.07, tool_force, -1.45, 2.46, -21.17, actual_rep, 1, curr_step, 25, track_size, 72, robot_vel, 31.21, joints_pos, 19.79, 44.85, -16.7, -75.56, 17.25, 59.31, 49.94, tool_torque, -0.451, 0.1, 0.0, joint_torque, -0.82, -13.92, -2.09, 8.43, 0.42, -0.63, -0.02, robot_mode, impedance, 
14/06/2022 14:12:58:941, robot_pos, 1655212248854, 621.63, 116.58, 307.77, 2.26, -0.02, 3.07, circuit_pos, 619.61, 120.68, 311.81, 2.26, -0.02, 3.07, tool_force, -0.99, 2.52, -20.81, actual_rep, 1, curr_step, 26, track_size, 72, robot_vel, 37.14, joints_pos, 20.17, 44.83, -16.55, -75.42, 17.32, 59.18, 50.39, tool_torque, -0.339, 0.308, -0.044, joint_torque, -0.78, -13.47, -1.95, 7.97, 0.37, -0.43, -0.05, robot_mode, impedance, 
14/06/2022 14:12:59:092, robot_pos, 1655212249003, 621.39, 121.91, 308.55, 2.26, -0.02, 3.07, circuit_pos, 619.45, 126.37, 312.42, 2.25, -0.02, 3.07, tool_force, -0.99, 2.62, -21.14, actual_rep, 1, curr_step, 27, track_size, 72, robot_vel, 37.51, joints_pos, 20.6, 44.84, -16.53, -75.28, 17.32, 59.19, 51.16, tool_torque, -0.472, 0.415, -0.096, joint_torque, -0.76, -13.61, -1.8, 7.95, 0.44, -0.4, -0.07, robot_mode, impedance, 
14/06/2022 14:12:59:241, robot_pos, 1655212249152, 621.07, 127.52, 308.93, 2.25, -0.02, 3.07, circuit_pos, 619.15, 132.12, 312.83, 2.25, -0.02, 3.07, tool_force, -1.29, 2.38, -21.29, actual_rep, 1, curr_step, 28, track_size, 72, robot_vel, 36.1, joints_pos, 21.1, 44.9, -16.53, -75.11, 17.32, 59.24, 51.93, tool_torque, -0.54, 0.341, -0.092, joint_torque, -0.86, -13.41, -1.82, 7.91, 0.43, -0.53, -0.08, robot_mode, impedance, 
14/06/2022 14:12:59:392, robot_pos, 1655212249302, 620.72, 133.23, 309.25, 2.25, -0.02, 3.07, circuit_pos, 618.9, 137.78, 313.01, 2.25, -0.02, 3.07, tool_force, -1.17, 2.33, -20.99, actual_rep, 1, curr_step, 29, track_size, 72, robot_vel, 39.03, joints_pos, 21.59, 44.97, -16.54, -74.92, 17.26, 59.3, 52.52, tool_torque, -0.682, 0.352, -0.095, joint_torque, -0.6, -13.91, -1.58, 8.23, 0.57, -0.63, -0.07, robot_mode, impedance, 
14/06/2022 14:12:59:570, robot_pos, 1655212249449, 620.41, 138.65, 309.32, 2.25, -0.02, 3.07, circuit_pos, 618.68, 143.43, 313.21, 2.25, -0.02, 3.07, tool_force, -0.09, 2.44, -20.39, actual_rep, 1, curr_step, 30, track_size, 72, robot_vel, 36.49, joints_pos, 22.09, 45.07, -16.55, -74.74, 17.23, 59.33, 53.05, tool_torque, -0.674, 0.308, -0.144, joint_torque, -1.2, -13.18, -2.15, 7.66, 0.19, -0.67, -0.12, robot_mode, impedance, 
14/06/2022 14:12:59:693, robot_pos, 1655212249598, 620.02, 144.34, 311.0, 2.25, -0.02, 3.07, circuit_pos, 618.64, 153.34, 313.12, 2.24, -0.02, 3.06, tool_force, -2.15, -0.01, -18.46, actual_rep, 1, curr_step, 32, track_size, 72, robot_vel, 48.26, joints_pos, 22.6, 45.05, -16.58, -74.51, 17.13, 59.52, 53.88, tool_torque, 0.262, -0.17, -0.0060, joint_torque, 0.19, -10.82, -0.75, 5.68, 0.39, 0.38, -0.08, robot_mode, normal, 
14/06/2022 14:12:59:848, robot_pos, 1655212249747, 618.98, 150.36, 310.96, 2.24, -0.02, 3.06, circuit_pos, 618.26, 162.37, 312.13, 2.22, -0.01, 3.06, tool_force, -4.61, 1.0, -18.92, actual_rep, 1, curr_step, 34, track_size, 72, robot_vel, 48.87, joints_pos, 23.15, 45.0, -16.56, -74.62, 17.13, 59.08, 54.83, tool_torque, 0.012, -0.383, -0.065, joint_torque, -1.96, -11.65, -2.95, 6.97, -0.33, -0.51, -0.09, robot_mode, normal, 
14/06/2022 14:12:59:993, robot_pos, 1655212249897, 618.59, 156.63, 309.26, 2.23, -0.02, 3.06, circuit_pos, 617.74, 172.36, 310.59, 2.21, -0.01, 3.06, tool_force, -2.57, 1.14, -12.32, actual_rep, 1, curr_step, 37, track_size, 72, robot_vel, 52.42, joints_pos, 23.72, 45.22, -16.54, -74.5, 17.01, 58.77, 55.93, tool_torque, 0.032, 0.0080, -0.055, joint_torque, -1.44, -8.07, -2.01, 4.79, -0.11, -0.31, -0.06, robot_mode, normal, 
14/06/2022 14:13:00:147, robot_pos, 1655212250047, 618.49, 162.16, 308.32, 2.22, -0.01, 3.06, circuit_pos, 617.47, 173.15, 309.13, 2.21, -0.01, 3.07, tool_force, -1.95, 0.42, -12.93, actual_rep, 1, curr_step, 40, track_size, 72, robot_vel, 33.84, joints_pos, 24.26, 45.45, -16.63, -74.24, 16.9, 58.78, 56.93, tool_torque, -0.265, 0.271, -0.111, joint_torque, -1.22, -8.4, -1.5, 4.87, 0.06, -0.47, -0.07, robot_mode, normal, 
14/06/2022 14:13:00:297, robot_pos, 1655212250196, 618.17, 167.77, 307.15, 2.22, -0.01, 3.07, circuit_pos, 617.53, 172.87, 309.29, 2.21, -0.01, 3.07, tool_force, -4.04, 1.04, -12.69, actual_rep, 1, curr_step, 42, track_size, 72, robot_vel, 39.79, joints_pos, 24.77, 45.72, -16.64, -73.96, 16.62, 58.85, 58.12, tool_torque, -0.491, 0.046, -0.078, joint_torque, -2.27, -8.45, -2.38, 5.19, -0.13, -0.79, -0.03, robot_mode, normal, 
14/06/2022 14:13:00:453, robot_pos, 1655212250347, 618.1, 172.73, 306.53, 2.21, -0.01, 3.07, circuit_pos, 617.6, 173.44, 310.34, 2.21, -0.01, 3.07, tool_force, -3.96, -0.62, -12.0, actual_rep, 1, curr_step, 45, track_size, 72, robot_vel, 33.54, joints_pos, 25.23, 45.96, -16.67, -73.61, 16.35, 59.07, 59.11, tool_torque, -0.153, -0.093, -0.012, joint_torque, -2.61, -7.72, -2.56, 4.59, -0.3, -0.67, 0.03, robot_mode, normal, 
14/06/2022 14:13:00:595, robot_pos, 1655212250493, 618.21, 173.0, 306.54, 2.21, -0.01, 3.07, circuit_pos, 617.62, 173.49, 309.59, 2.21, -0.01, 3.07, tool_force, -3.52, 1.43, -11.68, actual_rep, 1, curr_step, 47, track_size, 72, robot_vel, 1.5, joints_pos, 25.3, 46.0, -16.77, -73.56, 16.42, 59.11, 59.14, tool_torque, -0.367, -0.2, 0.123, joint_torque, -2.18, -7.51, -2.36, 4.75, -0.26, -0.85, 0.19, robot_mode, normal, 
14/06/2022 14:13:00:746, robot_pos, 1655212250644, 618.4, 173.29, 305.49, 2.21, -0.01, 3.07, circuit_pos, 617.74, 173.47, 309.51, 2.21, -0.01, 3.07, tool_force, -3.44, 2.57, -9.11, actual_rep, 1, curr_step, 50, track_size, 72, robot_vel, 7.87, joints_pos, 25.3, 46.1, -16.74, -73.55, 16.45, 58.99, 59.13, tool_torque, -0.228, -0.204, 0.165, joint_torque, -1.93, -6.23, -2.14, 4.29, -0.23, -0.82, 0.21, robot_mode, normal, 
14/06/2022 14:13:00:896, robot_pos, 1655212250792, 618.46, 173.21, 305.51, 2.21, -0.01, 3.07, circuit_pos, 617.7, 173.69, 309.5, 2.21, -0.01, 3.07, tool_force, -2.83, 2.6, -8.98, actual_rep, 1, curr_step, 52, track_size, 72, robot_vel, 1.08, joints_pos, 25.29, 46.11, -16.75, -73.54, 16.45, 58.99, 59.13, tool_torque, -0.252, -0.266, 0.212, joint_torque, -1.7, -6.3, -2.0, 4.29, -0.18, -0.83, 0.25, robot_mode, normal, 
14/06/2022 14:13:01:046, robot_pos, 1655212250942, 618.44, 173.3, 305.18, 2.21, -0.01, 3.07, circuit_pos, 617.73, 173.58, 309.53, 2.21, -0.01, 3.07, tool_force, -3.66, 2.29, -7.43, actual_rep, 1, curr_step, 55, track_size, 72, robot_vel, 2.54, joints_pos, 25.3, 46.13, -16.74, -73.54, 16.44, 58.98, 59.13, tool_torque, -0.152, -0.332, 0.16, joint_torque, -2.02, -4.95, -2.12, 3.49, -0.37, -0.74, 0.2, robot_mode, normal, 
14/06/2022 14:13:01:196, robot_pos, 1655212251089, 618.48, 173.15, 305.0, 2.21, -0.01, 3.07, circuit_pos, 617.71, 173.62, 309.53, 2.21, -0.01, 3.07, tool_force, -3.87, 1.64, -6.51, actual_rep, 1, curr_step, 57, track_size, 72, robot_vel, 0.6, joints_pos, 25.3, 46.15, -16.76, -73.54, 16.42, 58.98, 59.13, tool_torque, -0.1, -0.352, 0.137, joint_torque, -2.17, -4.41, -2.18, 3.09, -0.45, -0.69, 0.18, robot_mode, normal, 
14/06/2022 14:13:01:348, robot_pos, 1655212251238, 618.46, 173.31, 304.96, 2.21, -0.01, 3.07, circuit_pos, 617.7, 173.64, 309.53, 2.21, -0.01, 3.07, tool_force, -3.31, 2.11, -6.49, actual_rep, 1, curr_step, 60, track_size, 72, robot_vel, 1.19, joints_pos, 25.3, 46.15, -16.74, -73.54, 16.42, 58.97, 59.13, tool_torque, -0.111, -0.334, 0.141, joint_torque, -1.83, -4.42, -1.98, 3.2, -0.36, -0.72, 0.17, robot_mode, normal, 
14/06/2022 14:13:01:499, robot_pos, 1655212251389, 618.46, 173.28, 304.93, 2.21, -0.01, 3.07, circuit_pos, 617.71, 173.64, 309.53, 2.21, -0.01, 3.07, tool_force, -3.45, 2.04, -6.42, actual_rep, 1, curr_step, 63, track_size, 72, robot_vel, 0.36, joints_pos, 25.3, 46.16, -16.74, -73.54, 16.42, 58.97, 59.13, tool_torque, -0.09, -0.36, 0.127, joint_torque, -1.94, -4.37, -2.07, 3.17, -0.42, -0.72, 0.16, robot_mode, normal, 
14/06/2022 14:13:01:649, robot_pos, 1655212251537, 618.45, 173.4, 305.45, 2.21, -0.01, 3.07, circuit_pos, 617.71, 173.63, 309.53, 2.21, -0.01, 3.07, tool_force, -2.99, 1.95, -10.12, actual_rep, 1, curr_step, 65, track_size, 72, robot_vel, 2.96, joints_pos, 25.31, 46.11, -16.74, -73.54, 16.45, 58.98, 59.13, tool_torque, -0.111, -0.128, 0.132, joint_torque, -1.7, -6.65, -1.93, 4.21, -0.22, -0.56, 0.19, robot_mode, normal, 
14/06/2022 14:13:01:801, robot_pos, 1655212251687, 618.35, 173.22, 306.03, 2.21, -0.01, 3.07, circuit_pos, 617.71, 173.63, 309.53, 2.21, -0.01, 3.07, tool_force, -3.17, 1.83, -11.34, actual_rep, 1, curr_step, 68, track_size, 72, robot_vel, 2.67, joints_pos, 25.3, 46.06, -16.76, -73.54, 16.44, 59.05, 59.13, tool_torque, -0.242, -0.247, 0.19, joint_torque, -2.03, -7.42, -2.36, 4.65, -0.25, -0.72, 0.24, robot_mode, normal, 
14/06/2022 14:13:01:950, robot_pos, 1655212251835, 618.43, 173.29, 305.84, 2.21, -0.01, 3.07, circuit_pos, 617.71, 173.63, 309.53, 2.21, -0.01, 3.07, tool_force, -3.07, 1.51, -10.65, actual_rep, 1, curr_step, 70, track_size, 72, robot_vel, 1.64, joints_pos, 25.3, 46.08, -16.75, -73.54, 16.44, 59.01, 59.13, tool_torque, -0.277, -0.107, 0.224, joint_torque, -2.06, -7.18, -2.25, 4.65, -0.1, -0.82, 0.27, robot_mode, normal, 
14/06/2022 14:13:02:105, robot_pos, 1655212251987, 618.42, 173.26, 305.65, 2.21, -0.01, 3.07, circuit_pos, 617.71, 173.63, 309.53, 2.21, -0.01, 3.07, tool_force, -3.15, 1.65, -10.11, actual_rep, 1, curr_step, 70, track_size, 72, robot_vel, 1.61, joints_pos, 25.3, 46.09, -16.74, -73.54, 16.44, 59.01, 59.15, tool_torque, -0.261, -0.21, 0.284, joint_torque, -2.07, -6.78, -2.33, 4.3, -0.13, -0.74, 0.31, robot_mode, normal, 
14/06/2022 14:13:02:262, robot_pos, 1655212252137, 618.4, 173.29, 305.66, 2.21, -0.01, 3.07, circuit_pos, 617.71, 173.63, 309.53, 2.21, -0.01, 3.07, tool_force, -3.02, 1.73, -9.93, actual_rep, 1, curr_step, 68, track_size, 72, robot_vel, 0.19, joints_pos, 25.3, 46.09, -16.74, -73.54, 16.45, 59.02, 59.15, tool_torque, -0.278, -0.175, 0.297, joint_torque, -2.0, -6.68, -2.19, 4.22, -0.1, -0.71, 0.33, robot_mode, normal, 
14/06/2022 14:13:02:407, robot_pos, 1655212252285, 618.37, 173.23, 305.65, 2.21, -0.01, 3.07, circuit_pos, 617.71, 173.63, 309.53, 2.21, -0.01, 3.07, tool_force, -3.05, 0.94, -9.7, actual_rep, 1, curr_step, 66, track_size, 72, robot_vel, 0.72, joints_pos, 25.3, 46.09, -16.75, -73.54, 16.45, 59.04, 59.15, tool_torque, -0.234, -0.25, 0.293, joint_torque, -2.16, -6.44, -2.32, 3.88, -0.21, -0.63, 0.33, robot_mode, normal, 
14/06/2022 14:13:02:582, robot_pos, 1655212252435, 618.38, 173.13, 305.53, 2.21, -0.01, 3.07, circuit_pos, 617.71, 173.64, 309.53, 2.21, -0.01, 3.07, tool_force, -3.52, 0.63, -9.27, actual_rep, 1, curr_step, 63, track_size, 72, robot_vel, 1.35, joints_pos, 25.3, 46.1, -16.76, -73.54, 16.43, 59.04, 59.15, tool_torque, -0.185, -0.26, 0.277, joint_torque, -2.51, -6.11, -2.57, 3.66, -0.33, -0.61, 0.32, robot_mode, normal, 
14/06/2022 14:13:02:717, robot_pos, 1655212252586, 618.42, 173.15, 305.54, 2.21, -0.01, 3.07, circuit_pos, 617.7, 173.64, 309.53, 2.21, -0.01, 3.07, tool_force, -3.85, 1.35, -9.36, actual_rep, 1, curr_step, 61, track_size, 72, robot_vel, 0.79, joints_pos, 25.3, 46.1, -16.76, -73.54, 16.43, 59.02, 59.15, tool_torque, -0.223, -0.23, 0.268, joint_torque, -2.52, -6.28, -2.56, 3.99, -0.29, -0.72, 0.32, robot_mode, normal, 
14/06/2022 14:13:02:865, robot_pos, 1655212252735, 618.41, 173.18, 305.57, 2.21, -0.01, 3.07, circuit_pos, 617.7, 173.64, 309.53, 2.21, -0.01, 3.07, tool_force, -3.71, 1.4, -9.64, actual_rep, 1, curr_step, 59, track_size, 72, robot_vel, 0.34, joints_pos, 25.3, 46.1, -16.75, -73.54, 16.43, 59.02, 59.15, tool_torque, -0.226, -0.209, 0.26, joint_torque, -2.43, -6.46, -2.5, 4.05, -0.26, -0.7, 0.3, robot_mode, normal, 
14/06/2022 14:13:03:013, robot_pos, 1655212252887, 618.4, 173.26, 305.62, 2.21, -0.01, 3.07, circuit_pos, 617.72, 173.6, 309.54, 2.21, -0.01, 3.07, tool_force, -3.26, 1.92, -9.95, actual_rep, 1, curr_step, 56, track_size, 72, robot_vel, 0.36, joints_pos, 25.3, 46.09, -16.75, -73.54, 16.44, 59.02, 59.15, tool_torque, -0.242, -0.206, 0.245, joint_torque, -2.03, -6.71, -2.25, 4.35, -0.18, -0.74, 0.28, robot_mode, normal, 
14/06/2022 14:13:03:165, robot_pos, 1655212253036, 618.37, 173.32, 305.94, 2.21, -0.01, 3.07, circuit_pos, 617.7, 173.68, 309.51, 2.21, -0.01, 3.07, tool_force, -2.87, 2.18, -11.4, actual_rep, 1, curr_step, 53, track_size, 72, robot_vel, 2.81, joints_pos, 25.3, 46.06, -16.74, -73.54, 16.44, 59.03, 59.15, tool_torque, -0.333, -0.185, 0.224, joint_torque, -1.76, -7.8, -2.15, 5.03, -0.08, -0.83, 0.26, robot_mode, normal, 
