14/06/2022 14:28:42:990, robot_pos, 1655213194294, 613.87, -94.14, 298.8, 2.34, 0.01, 3.1, circuit_pos, 614.3, -90.51, 297.41, 2.34, 0.0, 3.1, tool_force, -11.09, -5.01, 34.71, actual_rep, 1, curr_step, 1, track_size, 72, robot_vel, 0.0, joints_pos, 1.64, 44.4, -16.99, -77.79, 15.84, 58.2, 27.14, tool_torque, 1.177, -1.951, 0.616, joint_torque, -6.61, 20.53, -4.05, -9.34, -2.21, -2.13, 0.55, robot_mode, normal, 
14/06/2022 14:28:43:145, robot_pos, 1655213194437, 613.62, -95.52, 292.92, 2.34, 0.02, 3.1, circuit_pos, 614.3, -90.51, 297.41, 2.34, 0.0, 3.1, tool_force, -14.14, -0.56, 39.23, actual_rep, 1, curr_step, 1, track_size, 72, robot_vel, 0.0, joints_pos, 1.57, 44.91, -17.0, -78.01, 15.84, 57.27, 27.14, tool_torque, 1.346, -0.75, 0.466, joint_torque, -4.29, 23.94, -1.59, -9.9, -1.45, -1.58, 0.33, robot_mode, normal, 
14/06/2022 14:28:43:261, robot_pos, 1655213194584, 614.72, -94.63, 292.14, 2.34, 0.01, 3.1, circuit_pos, 615.03, -85.14, 296.67, 2.36, 0.0, 3.09, tool_force, -8.09, -1.3, 6.44, actual_rep, 1, curr_step, 2, track_size, 72, robot_vel, 8.46, joints_pos, 1.62, 45.06, -16.96, -77.75, 15.88, 57.68, 27.14, tool_torque, 0.035, -0.889, 0.178, joint_torque, -4.32, 1.84, -3.52, 0.25, -0.94, -1.42, 0.19, robot_mode, normal, 
14/06/2022 14:28:43:415, robot_pos, 1655213194735, 615.72, -88.34, 290.78, 2.35, 0.0, 3.1, circuit_pos, 615.03, -85.14, 296.67, 2.36, 0.0, 3.09, tool_force, -3.32, -0.13, 2.55, actual_rep, 1, curr_step, 2, track_size, 72, robot_vel, 42.2, joints_pos, 1.82, 45.17, -16.55, -77.66, 16.29, 57.84, 26.65, tool_torque, 0.158, -0.6, 0.388, joint_torque, -1.93, 1.42, -1.63, -0.25, -0.48, -0.65, 0.39, robot_mode, normal, 
14/06/2022 14:28:43:604, robot_pos, 1655213194891, 615.94, -85.6, 289.98, 2.36, 0.0, 3.09, circuit_pos, 615.03, -85.14, 296.67, 2.36, 0.0, 3.09, tool_force, -5.69, 4.23, 4.27, actual_rep, 1, curr_step, 2, track_size, 72, robot_vel, 8.86, joints_pos, 1.99, 45.15, -16.52, -77.83, 16.69, 57.52, 26.28, tool_torque, -0.491, -0.21, 0.297, joint_torque, -0.56, 1.74, 0.18, 1.26, 0.39, -1.28, 0.36, robot_mode, normal, 
14/06/2022 14:28:43:710, robot_pos, 1655213195040, 616.11, -85.21, 290.24, 2.36, 0.0, 3.09, circuit_pos, 615.03, -85.14, 296.67, 2.36, 0.0, 3.09, tool_force, -3.97, 4.46, 2.78, actual_rep, 1, curr_step, 2, track_size, 72, robot_vel, 4.14, joints_pos, 2.01, 45.14, -16.53, -77.81, 16.77, 57.55, 26.26, tool_torque, -0.757, -0.123, 0.268, joint_torque, 0.41, 0.54, 0.88, 1.63, 0.77, -1.13, 0.34, robot_mode, normal, 
14/06/2022 14:28:43:898, robot_pos, 1655213195193, 616.13, -84.98, 290.47, 2.36, 0.0, 3.09, circuit_pos, 615.03, -85.14, 296.67, 2.36, 0.0, 3.09, tool_force, -3.49, 4.51, 1.9, actual_rep, 1, curr_step, 2, track_size, 72, robot_vel, 5.11, joints_pos, 2.02, 45.12, -16.53, -77.81, 16.82, 57.58, 26.25, tool_torque, -0.954, -0.125, 0.357, joint_torque, 0.57, -0.07, 1.11, 1.97, 1.05, -1.21, 0.41, robot_mode, normal, 
14/06/2022 14:28:44:014, robot_pos, 1655213195339, 616.35, -84.71, 290.62, 2.36, 0.0, 3.09, circuit_pos, 615.03, -85.14, 296.67, 2.36, 0.0, 3.09, tool_force, -3.25, 6.03, 1.05, actual_rep, 1, curr_step, 2, track_size, 72, robot_vel, 1.21, joints_pos, 2.03, 45.12, -16.52, -77.78, 16.87, 57.58, 26.25, tool_torque, -1.149, -0.111, 0.4, joint_torque, 1.33, -0.85, 1.7, 2.72, 1.4, -1.35, 0.45, robot_mode, normal, 
14/06/2022 14:28:44:184, robot_pos, 1655213195494, 616.32, -84.75, 290.86, 2.36, 0.0, 3.09, circuit_pos, 615.03, -85.14, 296.67, 2.36, 0.0, 3.09, tool_force, -2.61, 5.66, -0.4, actual_rep, 1, curr_step, 2, track_size, 72, robot_vel, 2.7, joints_pos, 2.03, 45.1, -16.54, -77.77, 16.88, 57.63, 26.25, tool_torque, -1.17, -0.084, 0.364, joint_torque, 1.3, -1.62, 1.62, 2.93, 1.32, -1.28, 0.43, robot_mode, normal, 
14/06/2022 14:28:44:318, robot_pos, 1655213195640, 616.23, -85.05, 291.38, 2.36, 0.0, 3.09, circuit_pos, 615.03, -85.14, 296.67, 2.36, 0.0, 3.09, tool_force, -3.97, 5.19, -4.92, actual_rep, 1, curr_step, 2, track_size, 72, robot_vel, 6.19, joints_pos, 2.03, 45.05, -16.57, -77.77, 16.82, 57.65, 26.24, tool_torque, -1.103, -0.079, 0.29, joint_torque, 0.53, -4.94, 0.58, 4.82, 1.15, -1.22, 0.35, robot_mode, normal, 
14/06/2022 14:28:44:469, robot_pos, 1655213195790, 616.39, -82.67, 294.52, 2.37, 0.0, 3.09, circuit_pos, 617.78, -71.85, 297.69, 2.37, -0.01, 3.09, tool_force, -2.96, 1.18, -18.3, actual_rep, 1, curr_step, 4, track_size, 72, robot_vel, 22.63, joints_pos, 2.18, 44.8, -16.46, -77.67, 16.67, 58.07, 26.21, tool_torque, -0.865, 0.16, 0.172, joint_torque, -1.34, -11.64, -1.72, 7.2, 0.66, -0.67, 0.19, robot_mode, normal, 
14/06/2022 14:28:44:616, robot_pos, 1655213195940, 617.24, -76.41, 294.29, 2.37, 0.0, 3.09, circuit_pos, 617.78, -71.85, 297.69, 2.37, -0.01, 3.09, tool_force, -2.26, 2.51, -13.96, actual_rep, 1, curr_step, 4, track_size, 72, robot_vel, 47.22, joints_pos, 2.64, 44.84, -16.31, -77.61, 16.7, 58.19, 26.69, tool_torque, -0.844, -0.037, 0.091, joint_torque, -0.13, -9.54, -0.77, 6.28, 0.85, -0.83, 0.08, robot_mode, normal, 
14/06/2022 14:28:44:768, robot_pos, 1655213196088, 618.54, -71.0, 293.97, 2.37, -0.01, 3.09, circuit_pos, 619.15, -64.3, 298.91, 2.37, -0.01, 3.09, tool_force, -3.18, 2.14, -8.75, actual_rep, 1, curr_step, 5, track_size, 72, robot_vel, 37.72, joints_pos, 3.14, 44.99, -16.35, -77.4, 16.75, 58.4, 27.08, tool_torque, -0.794, -0.096, 0.063, joint_torque, -0.33, -6.01, -0.51, 4.42, 0.6, -0.87, 0.08, robot_mode, normal, 
14/06/2022 14:28:44:917, robot_pos, 1655213196238, 619.44, -65.1, 293.81, 2.37, -0.01, 3.09, circuit_pos, 620.04, -56.04, 300.07, 2.37, -0.01, 3.09, tool_force, -3.0, 1.15, -4.91, actual_rep, 1, curr_step, 6, track_size, 72, robot_vel, 38.21, joints_pos, 3.69, 45.05, -16.37, -77.32, 16.79, 58.5, 27.58, tool_torque, -0.732, -0.269, 0.0090, joint_torque, -0.28, -3.84, -0.27, 3.35, 0.46, -1.04, 0.04, robot_mode, normal, 
14/06/2022 14:28:45:082, robot_pos, 1655213196403, 620.37, -58.71, 294.15, 2.37, -0.01, 3.09, circuit_pos, 620.04, -56.04, 300.07, 2.37, -0.01, 3.09, tool_force, -2.81, 2.96, -1.94, actual_rep, 1, curr_step, 6, track_size, 72, robot_vel, 38.82, joints_pos, 4.29, 45.05, -16.39, -77.26, 16.81, 58.52, 28.17, tool_torque, -0.893, -0.219, 0.037, joint_torque, 0.23, -2.29, 0.51, 2.82, 0.71, -1.15, 0.09, robot_mode, normal, 
14/06/2022 14:28:45:217, robot_pos, 1655213196539, 620.99, -55.32, 294.48, 2.37, -0.01, 3.09, circuit_pos, 620.04, -56.04, 300.07, 2.37, -0.01, 3.09, tool_force, -1.21, 6.73, -0.28, actual_rep, 1, curr_step, 6, track_size, 72, robot_vel, 40.86, joints_pos, 4.67, 45.07, -16.51, -77.21, 16.87, 58.52, 28.46, tool_torque, -1.053, -0.409, 0.145, joint_torque, 2.25, -1.85, 1.97, 3.13, 1.12, -1.44, 0.2, robot_mode, normal, 
14/06/2022 14:28:45:371, robot_pos, 1655213196689, 621.12, -55.85, 294.11, 2.37, -0.01, 3.09, circuit_pos, 620.04, -56.04, 300.07, 2.37, -0.01, 3.09, tool_force, -3.25, 4.69, 1.03, actual_rep, 1, curr_step, 6, track_size, 72, robot_vel, 7.05, joints_pos, 4.68, 45.13, -16.62, -77.18, 16.98, 58.52, 28.36, tool_torque, -0.92, -0.459, 0.297, joint_torque, 0.56, -0.93, 0.92, 2.6, 0.81, -1.55, 0.38, robot_mode, normal, 
14/06/2022 14:28:45:520, robot_pos, 1655213196839, 621.23, -55.63, 293.94, 2.37, -0.01, 3.09, circuit_pos, 620.04, -56.04, 300.07, 2.37, -0.01, 3.09, tool_force, -2.85, 5.44, 1.41, actual_rep, 1, curr_step, 6, track_size, 72, robot_vel, 3.0, joints_pos, 4.68, 45.15, -16.6, -77.16, 17.01, 58.52, 28.37, tool_torque, -0.995, -0.441, 0.286, joint_torque, 1.06, -0.51, 1.3, 2.41, 0.96, -1.52, 0.35, robot_mode, normal, 
14/06/2022 14:28:45:671, robot_pos, 1655213196990, 621.21, -55.55, 293.74, 2.37, -0.01, 3.09, circuit_pos, 620.04, -56.04, 300.07, 2.37, -0.01, 3.09, tool_force, -2.56, 5.66, 2.51, actual_rep, 1, curr_step, 6, track_size, 72, robot_vel, 1.97, joints_pos, 4.67, 45.17, -16.58, -77.17, 17.01, 58.52, 28.37, tool_torque, -0.917, -0.405, 0.278, joint_torque, 1.33, 0.14, 1.49, 2.03, 0.98, -1.42, 0.32, robot_mode, normal, 
14/06/2022 14:28:45:822, robot_pos, 1655213197140, 621.06, -55.82, 293.55, 2.37, -0.01, 3.09, circuit_pos, 620.04, -56.04, 300.07, 2.37, -0.01, 3.09, tool_force, -3.46, 4.58, 3.86, actual_rep, 1, curr_step, 6, track_size, 72, robot_vel, 2.24, joints_pos, 4.67, 45.18, -16.6, -77.19, 17.01, 58.52, 28.34, tool_torque, -0.715, -0.445, 0.278, joint_torque, 0.56, 1.15, 0.98, 1.45, 0.64, -1.44, 0.35, robot_mode, normal, 
14/06/2022 14:28:45:971, robot_pos, 1655213197289, 621.19, -55.78, 293.42, 2.37, -0.01, 3.09, circuit_pos, 620.04, -56.04, 300.07, 2.37, -0.01, 3.09, tool_force, -3.38, 4.31, 3.27, actual_rep, 1, curr_step, 6, track_size, 72, robot_vel, 1.2, joints_pos, 4.67, 45.2, -16.61, -77.17, 17.01, 58.5, 28.34, tool_torque, -0.662, -0.412, 0.225, joint_torque, 0.38, 0.56, 0.76, 1.56, 0.54, -1.3, 0.3, robot_mode, normal, 
14/06/2022 14:28:46:125, robot_pos, 1655213197441, 621.19, -55.79, 295.85, 2.37, -0.01, 3.09, circuit_pos, 620.58, -46.71, 300.66, 2.36, -0.01, 3.09, tool_force, -1.16, 4.64, -10.12, actual_rep, 1, curr_step, 7, track_size, 72, robot_vel, 8.82, joints_pos, 4.67, 45.03, -16.63, -77.05, 17.01, 58.89, 28.32, tool_torque, -0.936, -0.121, 0.095, joint_torque, 1.43, -7.57, 0.83, 5.47, 1.07, -0.91, 0.14, robot_mode, normal, 
14/06/2022 14:28:46:272, robot_pos, 1655213197589, 620.97, -51.16, 296.39, 2.36, -0.01, 3.09, circuit_pos, 620.58, -46.71, 300.66, 2.36, -0.01, 3.09, tool_force, -4.66, 1.2, -9.72, actual_rep, 1, curr_step, 7, track_size, 72, robot_vel, 35.79, joints_pos, 5.03, 44.89, -16.46, -77.2, 16.76, 58.78, 29.24, tool_torque, -0.482, -0.091, -0.072, joint_torque, -1.58, -5.92, -1.7, 4.58, 0.16, -0.9, -0.08, robot_mode, normal, 
14/06/2022 14:28:46:427, robot_pos, 1655213197740, 621.19, -45.48, 294.75, 2.36, -0.01, 3.09, circuit_pos, 621.1, -36.42, 300.61, 2.35, -0.02, 3.09, tool_force, -5.66, 1.04, 0.62, actual_rep, 1, curr_step, 8, track_size, 72, robot_vel, 45.97, joints_pos, 5.57, 45.01, -16.46, -77.27, 16.72, 58.65, 30.1, tool_torque, -0.095, -0.191, 0.015, joint_torque, -1.84, -0.01, -1.37, 1.25, -0.24, -0.74, 0.02, robot_mode, normal, 
14/06/2022 14:28:46:577, robot_pos, 1655213197889, 621.55, -39.73, 294.29, 2.35, -0.02, 3.09, circuit_pos, 621.1, -36.42, 300.61, 2.35, -0.02, 3.09, tool_force, -4.87, -0.86, 2.08, actual_rep, 1, curr_step, 8, track_size, 72, robot_vel, 37.08, joints_pos, 6.08, 45.08, -16.49, -77.21, 16.9, 58.83, 30.85, tool_torque, -0.062, -0.504, -0.017, joint_torque, -2.26, 1.09, -1.6, 0.32, -0.55, -0.92, 0.03, robot_mode, normal, 
14/06/2022 14:28:46:726, robot_pos, 1655213198040, 621.75, -36.75, 294.18, 2.35, -0.02, 3.09, circuit_pos, 621.1, -36.42, 300.61, 2.35, -0.02, 3.09, tool_force, -4.14, -0.22, 2.76, actual_rep, 1, curr_step, 8, track_size, 72, robot_vel, 12.11, joints_pos, 6.41, 45.13, -16.62, -77.17, 17.05, 58.94, 31.22, tool_torque, -0.079, -0.582, 0.036, joint_torque, -1.95, 1.36, -1.17, 0.31, -0.5, -1.0, 0.14, robot_mode, normal, 
14/06/2022 14:28:46:876, robot_pos, 1655213198190, 621.76, -37.13, 294.07, 2.35, -0.02, 3.09, circuit_pos, 621.1, -36.42, 300.61, 2.35, -0.02, 3.09, tool_force, -5.28, -0.15, 3.7, actual_rep, 1, curr_step, 8, track_size, 72, robot_vel, 4.57, joints_pos, 6.41, 45.16, -16.69, -77.16, 17.11, 58.95, 31.13, tool_torque, 0.096, -0.674, 0.144, joint_torque, -2.43, 1.83, -1.72, 0.21, -0.75, -1.11, 0.23, robot_mode, normal, 
14/06/2022 14:28:47:025, robot_pos, 1655213198340, 621.82, -37.0, 294.07, 2.35, -0.02, 3.09, circuit_pos, 621.1, -36.42, 300.61, 2.35, -0.02, 3.09, tool_force, -4.83, 0.07, 3.06, actual_rep, 1, curr_step, 8, track_size, 72, robot_vel, 1.6, joints_pos, 6.41, 45.16, -16.67, -77.15, 17.11, 58.95, 31.14, tool_torque, 0.035, -0.705, 0.139, joint_torque, -2.2, 1.31, -1.67, 0.47, -0.64, -1.13, 0.2, robot_mode, normal, 
14/06/2022 14:28:47:177, robot_pos, 1655213198490, 621.83, -37.05, 294.08, 2.35, -0.02, 3.09, circuit_pos, 621.1, -36.42, 300.61, 2.35, -0.02, 3.09, tool_force, -4.69, 0.27, 3.06, actual_rep, 1, curr_step, 8, track_size, 72, robot_vel, 0.36, joints_pos, 6.4, 45.16, -16.66, -77.14, 17.11, 58.95, 31.14, tool_torque, 0.06, -0.719, 0.162, joint_torque, -2.0, 1.36, -1.57, 0.47, -0.6, -1.12, 0.21, robot_mode, normal, 
14/06/2022 14:28:47:326, robot_pos, 1655213198641, 621.84, -37.02, 294.09, 2.35, -0.02, 3.09, circuit_pos, 621.1, -36.42, 300.61, 2.35, -0.02, 3.09, tool_force, -4.44, 0.37, 2.91, actual_rep, 1, curr_step, 8, track_size, 72, robot_vel, 0.33, joints_pos, 6.4, 45.16, -16.66, -77.14, 17.11, 58.95, 31.14, tool_torque, 0.039, -0.694, 0.145, joint_torque, -1.89, 1.17, -1.48, 0.57, -0.59, -1.11, 0.2, robot_mode, normal, 
14/06/2022 14:28:47:486, robot_pos, 1655213198793, 621.81, -37.06, 294.13, 2.35, -0.02, 3.09, circuit_pos, 621.1, -36.42, 300.61, 2.35, -0.02, 3.09, tool_force, -4.56, 0.25, 2.71, actual_rep, 1, curr_step, 8, track_size, 72, robot_vel, 0.81, joints_pos, 6.4, 45.16, -16.66, -77.14, 17.1, 58.96, 31.14, tool_torque, 0.137, -0.784, 0.124, joint_torque, -1.99, 1.1, -1.65, 0.56, -0.72, -1.1, 0.18, robot_mode, normal, 
14/06/2022 14:28:47:633, robot_pos, 1655213198944, 621.74, -37.18, 294.25, 2.35, -0.02, 3.09, circuit_pos, 621.1, -36.42, 300.61, 2.35, -0.02, 3.09, tool_force, -4.26, -0.85, 2.03, actual_rep, 1, curr_step, 8, track_size, 72, robot_vel, 0.94, joints_pos, 6.41, 45.14, -16.67, -77.15, 17.02, 58.98, 31.14, tool_torque, 0.447, -0.877, -0.0010, joint_torque, -2.13, 1.06, -1.99, 0.26, -1.1, -0.9, 0.04, robot_mode, normal, 
14/06/2022 14:28:47:779, robot_pos, 1655213199092, 621.62, -37.0, 294.46, 2.35, -0.02, 3.09, circuit_pos, 621.1, -36.42, 300.61, 2.35, -0.02, 3.09, tool_force, -4.39, -0.4, 1.5, actual_rep, 1, curr_step, 8, track_size, 72, robot_vel, 1.47, joints_pos, 6.42, 45.11, -16.66, -77.16, 17.0, 59.01, 31.17, tool_torque, 0.386, -0.884, -0.053, joint_torque, -1.97, 0.68, -1.87, 0.56, -1.05, -0.94, -0.01, robot_mode, normal, 
14/06/2022 14:28:47:931, robot_pos, 1655213199243, 621.59, -37.17, 294.37, 2.35, -0.02, 3.09, circuit_pos, 621.1, -36.42, 300.61, 2.35, -0.02, 3.09, tool_force, -4.33, -1.02, 1.46, actual_rep, 1, curr_step, 8, track_size, 72, robot_vel, 1.32, joints_pos, 6.42, 45.12, -16.68, -77.17, 17.0, 58.99, 31.17, tool_torque, 0.468, -0.781, -0.026, joint_torque, -2.32, 0.72, -2.12, 0.4, -1.15, -0.84, 0.04, robot_mode, normal, 
14/06/2022 14:28:48:077, robot_pos, 1655213199392, 621.62, -37.04, 294.39, 2.35, -0.02, 3.09, circuit_pos, 621.1, -36.42, 300.61, 2.35, -0.02, 3.09, tool_force, -4.06, -0.49, 1.33, actual_rep, 1, curr_step, 8, track_size, 72, robot_vel, 1.48, joints_pos, 6.42, 45.12, -16.67, -77.17, 17.02, 58.99, 31.16, tool_torque, 0.435, -0.752, -0.022, joint_torque, -1.94, 0.64, -1.82, 0.56, -1.02, -0.84, 0.04, robot_mode, normal, 
14/06/2022 14:28:48:233, robot_pos, 1655213199543, 621.65, -37.04, 294.42, 2.35, -0.02, 3.09, circuit_pos, 621.1, -36.42, 300.61, 2.35, -0.02, 3.09, tool_force, -4.15, -0.36, 1.51, actual_rep, 1, curr_step, 8, track_size, 72, robot_vel, 0.16, joints_pos, 6.42, 45.12, -16.67, -77.16, 17.02, 59.0, 31.16, tool_torque, 0.425, -0.741, -0.0050, joint_torque, -1.95, 0.76, -1.8, 0.52, -1.0, -0.86, 0.05, robot_mode, normal, 
14/06/2022 14:28:48:380, robot_pos, 1655213199694, 621.65, -37.04, 294.42, 2.35, -0.02, 3.09, circuit_pos, 621.1, -36.42, 300.61, 2.35, -0.02, 3.09, tool_force, -4.17, -0.28, 1.41, actual_rep, 1, curr_step, 8, track_size, 72, robot_vel, 0.1, joints_pos, 6.42, 45.12, -16.67, -77.16, 17.02, 59.0, 31.16, tool_torque, 0.396, -0.75, -0.0080, joint_torque, -1.92, 0.65, -1.77, 0.61, -0.98, -0.89, 0.05, robot_mode, normal, 
14/06/2022 14:28:48:530, robot_pos, 1655213199844, 621.64, -37.04, 294.41, 2.35, -0.02, 3.09, circuit_pos, 621.1, -36.42, 300.61, 2.35, -0.02, 3.09, tool_force, -4.16, -0.31, 1.58, actual_rep, 1, curr_step, 8, track_size, 72, robot_vel, 0.08, joints_pos, 6.42, 45.12, -16.67, -77.16, 17.02, 59.0, 31.16, tool_torque, 0.429, -0.766, -0.0010, joint_torque, -1.92, 0.77, -1.8, 0.53, -1.01, -0.88, 0.05, robot_mode, normal, 
14/06/2022 14:28:48:681, robot_pos, 1655213199994, 621.64, -37.02, 294.4, 2.35, -0.02, 3.09, circuit_pos, 621.1, -36.42, 300.61, 2.35, -0.02, 3.09, tool_force, -4.13, -0.25, 1.63, actual_rep, 1, curr_step, 8, track_size, 72, robot_vel, 0.08, joints_pos, 6.42, 45.12, -16.67, -77.16, 17.02, 59.0, 31.16, tool_torque, 0.407, -0.733, -0.0050, joint_torque, -1.89, 0.79, -1.74, 0.52, -0.98, -0.86, 0.05, robot_mode, normal, 
14/06/2022 14:28:48:837, robot_pos, 1655213200145, 621.64, -37.03, 294.38, 2.35, -0.02, 3.09, circuit_pos, 621.1, -36.42, 300.61, 2.35, -0.02, 3.09, tool_force, -4.13, -0.22, 1.73, actual_rep, 1, curr_step, 8, track_size, 72, robot_vel, 0.21, joints_pos, 6.42, 45.12, -16.67, -77.16, 17.02, 59.0, 31.16, tool_torque, 0.427, -0.733, 0.0, joint_torque, -1.85, 0.84, -1.72, 0.49, -0.97, -0.85, 0.05, robot_mode, normal, 
14/06/2022 14:28:48:984, robot_pos, 1655213200293, 621.64, -37.03, 294.36, 2.35, -0.02, 3.09, circuit_pos, 621.1, -36.42, 300.61, 2.35, -0.02, 3.09, tool_force, -4.21, -0.34, 1.68, actual_rep, 1, curr_step, 8, track_size, 72, robot_vel, 0.12, joints_pos, 6.42, 45.12, -16.67, -77.16, 17.02, 59.0, 31.16, tool_torque, 0.452, -0.752, -0.0030, joint_torque, -1.95, 0.84, -1.82, 0.47, -1.02, -0.85, 0.05, robot_mode, normal, 
14/06/2022 14:28:49:136, robot_pos, 1655213200444, 621.64, -37.04, 294.36, 2.35, -0.02, 3.09, circuit_pos, 621.1, -36.42, 300.61, 2.35, -0.02, 3.09, tool_force, -4.13, -0.36, 1.78, actual_rep, 1, curr_step, 8, track_size, 72, robot_vel, 0.06, joints_pos, 6.42, 45.12, -16.67, -77.16, 17.02, 59.0, 31.16, tool_torque, 0.445, -0.747, -0.0020, joint_torque, -1.92, 0.92, -1.78, 0.42, -1.01, -0.84, 0.05, robot_mode, normal, 
14/06/2022 14:28:49:286, robot_pos, 1655213200594, 621.64, -37.04, 294.36, 2.35, -0.02, 3.09, circuit_pos, 621.1, -36.42, 300.61, 2.35, -0.02, 3.09, tool_force, -4.14, -0.19, 1.65, actual_rep, 1, curr_step, 8, track_size, 72, robot_vel, 0.17, joints_pos, 6.42, 45.12, -16.67, -77.16, 17.02, 59.0, 31.16, tool_torque, 0.415, -0.742, -0.0010, joint_torque, -1.88, 0.79, -1.74, 0.53, -0.98, -0.87, 0.05, robot_mode, normal, 
14/06/2022 14:28:49:437, robot_pos, 1655213200744, 621.65, -37.04, 294.37, 2.35, -0.02, 3.09, circuit_pos, 621.1, -36.42, 300.61, 2.35, -0.02, 3.09, tool_force, -4.14, -0.3, 1.68, actual_rep, 1, curr_step, 8, track_size, 72, robot_vel, 0.22, joints_pos, 6.42, 45.12, -16.67, -77.16, 17.02, 59.0, 31.16, tool_torque, 0.427, -0.751, -0.0070, joint_torque, -1.91, 0.83, -1.77, 0.49, -1.0, -0.87, 0.05, robot_mode, normal, 
14/06/2022 14:28:49:589, robot_pos, 1655213200895, 621.66, -37.02, 294.37, 2.35, -0.02, 3.09, circuit_pos, 621.1, -36.42, 300.61, 2.35, -0.02, 3.09, tool_force, -4.08, -0.27, 1.6, actual_rep, 1, curr_step, 8, track_size, 72, robot_vel, 0.2, joints_pos, 6.42, 45.12, -16.67, -77.16, 17.02, 59.0, 31.16, tool_torque, 0.405, -0.747, -0.0090, joint_torque, -1.87, 0.75, -1.75, 0.53, -0.98, -0.87, 0.05, robot_mode, normal, 
14/06/2022 14:28:49:737, robot_pos, 1655213201045, 621.65, -37.03, 294.38, 2.35, -0.02, 3.09, circuit_pos, 621.1, -36.42, 300.61, 2.35, -0.02, 3.09, tool_force, -4.06, -0.39, 1.45, actual_rep, 1, curr_step, 8, track_size, 72, robot_vel, 0.05, joints_pos, 6.42, 45.12, -16.67, -77.16, 17.02, 59.0, 31.16, tool_torque, 0.412, -0.763, -0.0070, joint_torque, -1.91, 0.67, -1.8, 0.55, -1.0, -0.87, 0.05, robot_mode, normal, 
14/06/2022 14:28:49:890, robot_pos, 1655213201198, 621.62, -37.2, 294.42, 2.35, -0.02, 3.09, circuit_pos, 621.1, -36.42, 300.61, 2.35, -0.02, 3.09, tool_force, -4.41, -1.18, 1.42, actual_rep, 1, curr_step, 8, track_size, 72, robot_vel, 0.61, joints_pos, 6.42, 45.12, -16.69, -77.16, 17.02, 59.01, 31.15, tool_torque, 0.541, -0.845, -0.012, joint_torque, -2.45, 0.76, -2.26, 0.35, -1.25, -0.85, 0.06, robot_mode, normal, 
14/06/2022 14:28:50:040, robot_pos, 1655213201345, 621.6, -37.22, 294.4, 2.35, -0.02, 3.09, circuit_pos, 621.1, -36.42, 300.61, 2.35, -0.02, 3.09, tool_force, -4.52, -0.96, 1.41, actual_rep, 1, curr_step, 8, track_size, 72, robot_vel, 1.43, joints_pos, 6.42, 45.12, -16.69, -77.16, 17.01, 59.01, 31.15, tool_torque, 0.479, -0.778, -0.035, joint_torque, -2.43, 0.73, -2.21, 0.46, -1.18, -0.87, 0.03, robot_mode, normal, 
14/06/2022 14:28:50:190, robot_pos, 1655213201495, 621.62, -37.17, 294.42, 2.35, -0.02, 3.09, circuit_pos, 621.1, -36.42, 300.61, 2.35, -0.02, 3.09, tool_force, -4.42, -0.89, 1.74, actual_rep, 1, curr_step, 8, track_size, 72, robot_vel, 0.56, joints_pos, 6.42, 45.12, -16.68, -77.16, 17.01, 59.01, 31.15, tool_torque, 0.441, -0.775, -0.039, joint_torque, -2.24, 0.92, -2.06, 0.37, -1.1, -0.86, 0.01, robot_mode, normal, 
14/06/2022 14:28:50:339, robot_pos, 1655213201642, 621.6, -37.19, 294.33, 2.35, -0.02, 3.09, circuit_pos, 621.1, -36.42, 300.61, 2.35, -0.02, 3.09, tool_force, -4.85, -0.68, 2.27, actual_rep, 1, curr_step, 8, track_size, 72, robot_vel, 0.92, joints_pos, 6.41, 45.12, -16.68, -77.17, 17.02, 58.99, 31.15, tool_torque, 0.51, -0.776, -0.0070, joint_torque, -2.32, 1.27, -2.1, 0.33, -1.13, -0.91, 0.04, robot_mode, normal, 
14/06/2022 14:28:50:493, robot_pos, 1655213201793, 621.66, -37.18, 294.24, 2.35, -0.02, 3.09, circuit_pos, 621.1, -36.42, 300.61, 2.35, -0.02, 3.09, tool_force, -5.1, -0.81, 2.24, actual_rep, 1, curr_step, 8, track_size, 72, robot_vel, 0.89, joints_pos, 6.41, 45.14, -16.68, -77.16, 17.02, 58.97, 31.15, tool_torque, 0.538, -0.844, -0.0060, joint_torque, -2.55, 1.21, -2.34, 0.37, -1.22, -0.97, 0.04, robot_mode, normal, 
14/06/2022 14:28:50:676, robot_pos, 1655213201942, 621.65, -37.39, 294.03, 2.35, -0.02, 3.09, circuit_pos, 621.1, -36.42, 300.61, 2.35, -0.02, 3.09, tool_force, -5.5, -1.35, 3.39, actual_rep, 1, curr_step, 8, track_size, 72, robot_vel, 1.3, joints_pos, 6.41, 45.16, -16.7, -77.16, 17.0, 58.97, 31.15, tool_torque, 0.675, -0.95, 0.0040, joint_torque, -2.98, 2.05, -2.62, -0.14, -1.46, -0.98, 0.07, robot_mode, normal, 
14/06/2022 14:28:50:795, robot_pos, 1655213202091, 621.66, -37.48, 293.95, 2.35, -0.02, 3.09, circuit_pos, 621.1, -36.42, 300.61, 2.35, -0.02, 3.09, tool_force, -5.96, -2.07, 3.92, actual_rep, 1, curr_step, 8, track_size, 72, robot_vel, 0.9, joints_pos, 6.41, 45.17, -16.7, -77.16, 16.98, 58.96, 31.15, tool_torque, 0.722, -1.006, -0.043, joint_torque, -3.42, 2.37, -3.0, -0.35, -1.62, -1.03, 0.02, robot_mode, normal, 
14/06/2022 14:28:50:952, robot_pos, 1655213202239, 621.69, -37.52, 293.92, 2.35, -0.02, 3.09, circuit_pos, 621.1, -36.42, 300.61, 2.35, -0.02, 3.09, tool_force, -6.18, -1.91, 3.66, actual_rep, 1, curr_step, 8, track_size, 72, robot_vel, 0.65, joints_pos, 6.41, 45.17, -16.7, -77.16, 16.98, 58.95, 31.15, tool_torque, 0.707, -1.031, -0.04, joint_torque, -3.42, 2.13, -3.04, -0.14, -1.61, -1.07, 0.02, robot_mode, normal, 
14/06/2022 14:28:51:095, robot_pos, 1655213202388, 621.74, -37.56, 293.99, 2.35, -0.02, 3.09, circuit_pos, 621.1, -36.42, 300.61, 2.35, -0.02, 3.09, tool_force, -6.26, -1.99, 3.38, actual_rep, 1, curr_step, 8, track_size, 72, robot_vel, 0.78, joints_pos, 6.41, 45.17, -16.7, -77.15, 16.98, 58.95, 31.15, tool_torque, 0.691, -1.081, -0.032, joint_torque, -3.53, 1.92, -3.17, -0.03, -1.63, -1.13, 0.02, robot_mode, normal, 
14/06/2022 14:28:51:282, robot_pos, 1655213202539, 621.78, -37.53, 294.07, 2.35, -0.02, 3.09, circuit_pos, 621.1, -36.42, 300.61, 2.35, -0.02, 3.09, tool_force, -6.04, -1.56, 2.99, actual_rep, 1, curr_step, 8, track_size, 72, robot_vel, 0.37, joints_pos, 6.41, 45.17, -16.7, -77.14, 16.98, 58.95, 31.15, tool_torque, 0.577, -1.034, -0.018, joint_torque, -3.2, 1.63, -2.89, 0.2, -1.45, -1.15, 0.03, robot_mode, normal, 
14/06/2022 14:28:51:397, robot_pos, 1655213202686, 621.78, -37.49, 294.11, 2.35, -0.02, 3.09, circuit_pos, 621.1, -36.42, 300.61, 2.35, -0.02, 3.09, tool_force, -6.18, -1.59, 2.91, actual_rep, 1, curr_step, 8, track_size, 72, robot_vel, 0.55, joints_pos, 6.41, 45.16, -16.7, -77.14, 16.99, 58.96, 31.15, tool_torque, 0.574, -1.048, -0.0040, joint_torque, -3.3, 1.54, -2.97, 0.28, -1.46, -1.18, 0.05, robot_mode, normal, 
14/06/2022 14:28:51:548, robot_pos, 1655213202837, 621.79, -37.46, 294.12, 2.35, -0.02, 3.09, circuit_pos, 621.1, -36.42, 300.61, 2.35, -0.02, 3.09, tool_force, -6.15, -1.25, 2.9, actual_rep, 1, curr_step, 8, track_size, 72, robot_vel, 0.27, joints_pos, 6.41, 45.16, -16.7, -77.14, 17.0, 58.96, 31.15, tool_torque, 0.553, -1.04, 0.02, joint_torque, -3.17, 1.53, -2.85, 0.34, -1.4, -1.2, 0.07, robot_mode, normal, 
14/06/2022 14:28:51:697, robot_pos, 1655213202984, 621.78, -37.46, 294.11, 2.35, -0.02, 3.09, circuit_pos, 621.1, -36.42, 300.61, 2.35, -0.02, 3.09, tool_force, -6.07, -1.42, 3.03, actual_rep, 1, curr_step, 8, track_size, 72, robot_vel, 0.04, joints_pos, 6.41, 45.16, -16.7, -77.14, 17.0, 58.96, 31.15, tool_torque, 0.568, -1.049, 0.019, joint_torque, -3.21, 1.63, -2.87, 0.24, -1.43, -1.18, 0.08, robot_mode, normal, 
14/06/2022 14:28:51:870, robot_pos, 1655213203133, 621.76, -37.44, 294.09, 2.35, -0.02, 3.09, circuit_pos, 621.1, -36.42, 300.61, 2.35, -0.02, 3.09, tool_force, -5.91, -1.32, 3.03, actual_rep, 1, curr_step, 8, track_size, 72, robot_vel, 0.23, joints_pos, 6.41, 45.16, -16.69, -77.14, 17.0, 58.96, 31.15, tool_torque, 0.564, -1.009, 0.016, joint_torque, -3.11, 1.64, -2.78, 0.21, -1.39, -1.13, 0.07, robot_mode, normal, 
14/06/2022 14:28:51:993, robot_pos, 1655213203281, 621.75, -37.41, 294.06, 2.35, -0.02, 3.09, circuit_pos, 621.1, -36.42, 300.61, 2.35, -0.02, 3.09, tool_force, -5.9, -1.23, 3.25, actual_rep, 1, curr_step, 8, track_size, 72, robot_vel, 0.26, joints_pos, 6.41, 45.16, -16.69, -77.15, 17.0, 58.96, 31.15, tool_torque, 0.575, -0.991, 0.0070, joint_torque, -3.03, 1.83, -2.71, 0.14, -1.39, -1.12, 0.06, robot_mode, normal, 
14/06/2022 14:28:52:187, robot_pos, 1655213203429, 621.75, -37.37, 294.04, 2.35, -0.02, 3.09, circuit_pos, 621.1, -36.42, 300.61, 2.35, -0.02, 3.09, tool_force, -5.77, -1.22, 3.33, actual_rep, 1, curr_step, 8, track_size, 72, robot_vel, 0.23, joints_pos, 6.41, 45.16, -16.69, -77.15, 17.0, 58.96, 31.15, tool_torque, 0.57, -0.976, -0.0050, joint_torque, -2.98, 1.86, -2.66, 0.07, -1.38, -1.09, 0.05, robot_mode, normal, 
