14/06/2022 15:29:15:728, robot_pos, 1655216824842, 613.82, -94.16, 298.77, 2.34, 0.01, 3.1, circuit_pos, 614.3, -90.51, 297.41, 2.34, 0.0, 3.1, tool_force, -2.82, -1.2, -10.61, actual_rep, 1, curr_step, 1, track_size, 72, robot_vel, 5.75, joints_pos, -13.52, 43.48, 7.08, -77.79, -3.96, 57.12, 39.56, tool_torque, -0.392, -0.715, 0.16, joint_torque, -1.95, -7.44, -1.29, 4.97, -0.24, -0.99, 0.1, robot_mode, rotation_overlay, 
14/06/2022 15:29:15:827, robot_pos, 1655216824976, 614.41, -94.5, 300.66, 2.34, 0.01, 3.1, circuit_pos, 614.3, -90.51, 297.41, 2.34, 0.0, 3.1, tool_force, -3.12, 0.72, -10.58, actual_rep, 1, curr_step, 1, track_size, 72, robot_vel, 5.75, joints_pos, -13.53, 43.37, 7.08, -77.67, -3.96, 57.19, 39.56, tool_torque, -0.638, -0.878, 0.192, joint_torque, -1.0, -8.18, -0.55, 5.78, 0.05, -1.42, 0.12, robot_mode, rotation_overlay, 
14/06/2022 15:29:16:072, robot_pos, 1655216825167, 614.24, -94.08, 300.69, 2.34, 0.01, 3.1, circuit_pos, 615.03, -85.14, 296.67, 2.36, 0.0, 3.09, tool_force, -0.18, 2.41, -10.39, actual_rep, 1, curr_step, 2, track_size, 72, robot_vel, 0.44, joints_pos, -13.5, 43.35, 7.11, -77.71, -3.94, 57.21, 39.56, tool_torque, -0.514, -0.619, -0.033, joint_torque, 0.47, -7.59, 0.69, 4.95, 0.16, -1.02, -0.08, robot_mode, rotation_overlay, 
14/06/2022 15:29:16:338, robot_pos, 1655216825485, 615.87, -82.69, 298.69, 2.36, 0.0, 3.09, circuit_pos, 617.78, -71.85, 297.69, 2.37, -0.01, 3.09, tool_force, -2.06, 3.32, -7.52, actual_rep, 1, curr_step, 4, track_size, 72, robot_vel, 42.51, joints_pos, -12.96, 43.57, 7.66, -77.72, -3.49, 57.08, 38.97, tool_torque, -0.482, -0.923, 0.334, joint_torque, -0.12, -5.66, 0.24, 4.71, 0.04, -1.5, 0.36, robot_mode, rotation_overlay, 
14/06/2022 15:29:16:504, robot_pos, 1655216825636, 617.13, -76.48, 298.78, 2.37, 0.0, 3.09, circuit_pos, 619.15, -64.3, 298.91, 2.37, -0.01, 3.09, tool_force, -0.79, 3.04, -7.05, actual_rep, 1, curr_step, 5, track_size, 72, robot_vel, 49.15, joints_pos, -12.41, 43.66, 7.7, -77.54, -3.37, 57.31, 39.28, tool_torque, -0.731, -1.136, 0.191, joint_torque, 0.59, -6.13, 0.81, 4.64, 0.15, -1.65, 0.2, robot_mode, rotation_overlay, 
14/06/2022 15:29:16:638, robot_pos, 1655216825784, 618.22, -70.74, 299.3, 2.37, 0.0, 3.09, circuit_pos, 619.15, -64.3, 298.91, 2.37, -0.01, 3.09, tool_force, -0.78, 2.83, -6.43, actual_rep, 1, curr_step, 5, track_size, 72, robot_vel, 38.03, joints_pos, -11.87, 43.69, 7.67, -77.39, -3.22, 57.5, 39.64, tool_torque, -0.843, -0.987, 0.072, joint_torque, 0.88, -5.25, 1.2, 4.12, 0.18, -1.59, 0.11, robot_mode, rotation_overlay, 
14/06/2022 15:29:16:840, robot_pos, 1655216825938, 619.13, -65.16, 299.9, 2.37, -0.01, 3.09, circuit_pos, 620.04, -56.04, 300.07, 2.37, -0.01, 3.09, tool_force, -1.8, 1.39, -5.99, actual_rep, 1, curr_step, 6, track_size, 72, robot_vel, 34.3, joints_pos, -11.34, 43.69, 7.65, -77.3, -3.17, 57.62, 40.08, tool_torque, -0.837, -1.013, 0.038, joint_torque, -0.46, -5.05, 0.14, 4.08, -0.13, -1.6, 0.1, robot_mode, rotation_overlay, 
14/06/2022 15:29:16:975, robot_pos, 1655216826117, 620.01, -58.19, 300.58, 2.37, -0.01, 3.09, circuit_pos, 620.58, -46.71, 300.66, 2.36, -0.01, 3.09, tool_force, -2.18, 2.31, -5.02, actual_rep, 1, curr_step, 7, track_size, 72, robot_vel, 39.39, joints_pos, -10.7, 43.66, 7.65, -77.23, -3.13, 57.71, 40.8, tool_torque, -0.79, -0.967, 0.074, joint_torque, -0.51, -4.6, 0.1, 4.06, -0.1, -1.64, 0.14, robot_mode, rotation_overlay, 
14/06/2022 15:29:17:122, robot_pos, 1655216826260, 620.57, -52.47, 301.17, 2.36, -0.01, 3.09, circuit_pos, 620.58, -46.71, 300.66, 2.36, -0.01, 3.09, tool_force, -1.93, 2.46, -6.01, actual_rep, 1, curr_step, 7, track_size, 72, robot_vel, 40.1, joints_pos, -10.16, 43.62, 7.65, -77.21, -3.13, 57.76, 41.53, tool_torque, -0.837, -0.893, 0.084, joint_torque, -0.03, -5.06, 0.52, 4.29, 0.02, -1.62, 0.15, robot_mode, rotation_overlay, 
14/06/2022 15:29:17:279, robot_pos, 1655216826413, 620.91, -46.59, 301.56, 2.36, -0.01, 3.09, circuit_pos, 621.1, -36.42, 300.61, 2.35, -0.02, 3.09, tool_force, -2.4, 2.06, -6.56, actual_rep, 1, curr_step, 8, track_size, 72, robot_vel, 38.72, joints_pos, -9.65, 43.6, 7.64, -77.18, -2.98, 57.91, 42.26, tool_torque, -0.904, -0.752, 0.034, joint_torque, -0.43, -5.29, 0.34, 4.4, 0.02, -1.54, 0.1, robot_mode, rotation_overlay, 
14/06/2022 15:29:17:424, robot_pos, 1655216826558, 621.23, -41.04, 301.86, 2.35, -0.01, 3.09, circuit_pos, 621.3, -26.89, 300.2, 2.34, -0.02, 3.09, tool_force, -2.43, 1.87, -6.82, actual_rep, 1, curr_step, 9, track_size, 72, robot_vel, 37.41, joints_pos, -9.15, 43.6, 7.65, -77.12, -2.84, 58.07, 42.97, tool_torque, -0.858, -0.763, 0.05, joint_torque, -0.69, -5.53, 0.09, 4.48, -0.05, -1.5, 0.11, robot_mode, rotation_overlay, 
14/06/2022 15:29:17:574, robot_pos, 1655216826709, 621.46, -35.48, 301.66, 2.35, -0.02, 3.09, circuit_pos, 621.3, -26.89, 300.2, 2.34, -0.02, 3.09, tool_force, -3.2, 0.81, -6.71, actual_rep, 1, curr_step, 9, track_size, 72, robot_vel, 38.17, joints_pos, -8.65, 43.62, 7.64, -77.14, -2.82, 58.09, 43.82, tool_torque, -0.84, -0.69, 0.11, joint_torque, -1.84, -5.39, -0.73, 4.41, -0.19, -1.42, 0.19, robot_mode, rotation_overlay, 
14/06/2022 15:29:17:737, robot_pos, 1655216826866, 621.76, -29.48, 301.71, 2.34, -0.02, 3.09, circuit_pos, 621.41, -16.2, 299.67, 2.34, -0.02, 3.09, tool_force, -4.04, 1.09, -7.83, actual_rep, 1, curr_step, 10, track_size, 72, robot_vel, 36.08, joints_pos, -8.1, 43.61, 7.65, -77.13, -2.77, 58.11, 44.66, tool_torque, -0.835, -0.63, 0.376, joint_torque, -2.01, -6.0, -0.83, 5.08, -0.02, -1.53, 0.46, robot_mode, rotation_overlay, 
14/06/2022 15:29:17:882, robot_pos, 1655216827016, 622.16, -24.02, 301.79, 2.34, -0.02, 3.09, circuit_pos, 621.41, -16.2, 299.67, 2.34, -0.02, 3.09, tool_force, -6.45, 0.78, -9.05, actual_rep, 1, curr_step, 10, track_size, 72, robot_vel, 37.44, joints_pos, -7.58, 43.62, 7.62, -77.1, -2.76, 58.11, 45.28, tool_torque, -0.879, -0.608, 0.559, joint_torque, -3.65, -6.72, -1.96, 5.96, -0.13, -1.69, 0.62, robot_mode, rotation_overlay, 
14/06/2022 15:29:18:040, robot_pos, 1655216827163, 622.3, -18.07, 301.48, 2.34, -0.02, 3.09, circuit_pos, 621.4, -3.17, 299.31, 2.33, -0.02, 3.09, tool_force, -5.39, 2.35, -8.0, actual_rep, 1, curr_step, 11, track_size, 72, robot_vel, 38.23, joints_pos, -7.06, 43.65, 7.67, -77.11, -2.73, 58.1, 45.93, tool_torque, -0.645, -0.658, 0.417, joint_torque, -2.34, -6.09, -1.23, 5.57, -0.14, -1.61, 0.46, robot_mode, rotation_overlay, 
14/06/2022 15:29:18:273, robot_pos, 1655216827314, 622.42, -12.37, 301.31, 2.34, -0.02, 3.09, circuit_pos, 621.4, -3.17, 299.31, 2.33, -0.02, 3.09, tool_force, -5.7, 0.74, -9.08, actual_rep, 1, curr_step, 11, track_size, 72, robot_vel, 37.83, joints_pos, -6.51, 43.65, 7.62, -77.13, -2.76, 58.06, 46.65, tool_torque, -0.805, -0.466, 0.212, joint_torque, -2.64, -6.65, -1.18, 5.59, -0.16, -1.47, 0.28, robot_mode, rotation_overlay, 
14/06/2022 15:29:18:368, robot_pos, 1655216827461, 622.5, -6.17, 301.29, 2.33, -0.02, 3.09, circuit_pos, 621.31, 7.17, 299.27, 2.33, -0.02, 3.09, tool_force, -4.34, 2.48, -9.92, actual_rep, 1, curr_step, 12, track_size, 72, robot_vel, 44.38, joints_pos, -5.98, 43.64, 7.67, -77.15, -2.76, 58.01, 47.37, tool_torque, -0.802, -0.455, 0.257, joint_torque, -1.41, -7.29, -0.32, 5.96, 0.12, -1.49, 0.29, robot_mode, rotation_overlay, 
14/06/2022 15:29:18:485, robot_pos, 1655216827612, 622.41, -0.69, 301.29, 2.33, -0.02, 3.09, circuit_pos, 621.31, 7.17, 299.27, 2.33, -0.02, 3.09, tool_force, -4.62, 0.58, -10.52, actual_rep, 1, curr_step, 12, track_size, 72, robot_vel, 39.85, joints_pos, -5.46, 43.62, 7.65, -77.19, -2.76, 57.98, 47.95, tool_torque, -0.839, -0.406, 0.153, joint_torque, -2.55, -7.37, -1.07, 5.71, -0.14, -1.35, 0.22, robot_mode, rotation_overlay, 
14/06/2022 15:29:18:641, robot_pos, 1655216827762, 622.1, 5.0, 301.49, 2.33, -0.02, 3.09, circuit_pos, 621.22, 18.66, 299.53, 2.33, -0.02, 3.09, tool_force, -5.47, 0.17, -10.91, actual_rep, 1, curr_step, 13, track_size, 72, robot_vel, 34.69, joints_pos, -4.94, 43.55, 7.65, -77.28, -2.79, 57.89, 48.54, tool_torque, -0.782, -0.408, 0.208, joint_torque, -2.95, -7.54, -1.45, 5.87, -0.21, -1.34, 0.27, robot_mode, rotation_overlay, 
14/06/2022 15:29:18:876, robot_pos, 1655216827918, 622.02, 11.02, 301.64, 2.33, -0.02, 3.09, circuit_pos, 621.22, 18.66, 299.53, 2.33, -0.02, 3.09, tool_force, -5.37, 0.56, -11.33, actual_rep, 1, curr_step, 13, track_size, 72, robot_vel, 39.93, joints_pos, -4.38, 43.53, 7.65, -77.29, -2.8, 57.87, 49.13, tool_torque, -0.905, -0.396, 0.303, joint_torque, -3.08, -8.06, -1.47, 6.22, -0.08, -1.43, 0.36, robot_mode, rotation_overlay, 
14/06/2022 15:29:18:978, robot_pos, 1655216828063, 622.02, 16.75, 301.89, 2.33, -0.02, 3.09, circuit_pos, 621.3, 29.46, 300.25, 2.32, -0.02, 3.09, tool_force, -4.79, 1.23, -11.33, actual_rep, 1, curr_step, 14, track_size, 72, robot_vel, 41.12, joints_pos, -3.85, 43.52, 7.65, -77.27, -2.8, 57.86, 49.79, tool_torque, -0.895, -0.385, 0.248, joint_torque, -2.42, -8.05, -0.94, 6.22, 0.0, -1.44, 0.3, robot_mode, rotation_overlay, 
14/06/2022 15:29:19:182, robot_pos, 1655216828217, 621.96, 22.84, 302.2, 2.32, -0.02, 3.09, circuit_pos, 621.3, 29.46, 300.25, 2.32, -0.02, 3.09, tool_force, -3.9, 0.97, -11.92, actual_rep, 1, curr_step, 14, track_size, 72, robot_vel, 42.84, joints_pos, -3.29, 43.5, 7.65, -77.25, -2.82, 57.86, 50.56, tool_torque, -0.976, -0.355, 0.168, joint_torque, -2.34, -8.36, -0.84, 6.13, 0.0, -1.38, 0.22, robot_mode, rotation_overlay, 
14/06/2022 15:29:19:284, robot_pos, 1655216828361, 621.89, 28.41, 302.74, 2.32, -0.02, 3.09, circuit_pos, 621.5, 39.55, 301.39, 2.31, -0.02, 3.09, tool_force, -4.18, 0.2, -12.15, actual_rep, 1, curr_step, 15, track_size, 72, robot_vel, 40.5, joints_pos, -2.76, 43.47, 7.65, -77.22, -2.82, 57.88, 51.36, tool_torque, -1.034, -0.345, 0.202, joint_torque, -2.37, -8.53, -0.8, 6.14, 0.03, -1.36, 0.25, robot_mode, rotation_overlay, 
14/06/2022 15:29:19:398, robot_pos, 1655216828513, 621.86, 34.32, 303.35, 2.31, -0.02, 3.09, circuit_pos, 621.68, 48.29, 302.56, 2.3, -0.02, 3.09, tool_force, -3.26, -0.05, -12.72, actual_rep, 1, curr_step, 16, track_size, 72, robot_vel, 39.13, joints_pos, -2.22, 43.45, 7.65, -77.16, -2.85, 57.93, 52.21, tool_torque, -1.082, -0.371, 0.178, joint_torque, -2.1, -8.98, -0.57, 6.14, 0.08, -1.34, 0.23, robot_mode, rotation_overlay, 
14/06/2022 15:29:19:584, robot_pos, 1655216828664, 621.84, 40.2, 304.01, 2.31, -0.02, 3.09, circuit_pos, 621.68, 48.29, 302.56, 2.3, -0.02, 3.09, tool_force, -3.35, -0.39, -12.51, actual_rep, 1, curr_step, 16, track_size, 72, robot_vel, 37.62, joints_pos, -1.67, 43.42, 7.65, -77.09, -2.87, 57.96, 53.12, tool_torque, -1.121, -0.307, 0.152, joint_torque, -2.44, -8.68, -0.82, 5.91, 0.02, -1.29, 0.22, robot_mode, rotation_overlay, 
14/06/2022 15:29:19:705, robot_pos, 1655216828812, 622.03, 45.93, 304.74, 2.3, -0.02, 3.09, circuit_pos, 621.78, 57.42, 303.83, 2.3, -0.01, 3.09, tool_force, -3.63, 0.14, -12.59, actual_rep, 1, curr_step, 17, track_size, 72, robot_vel, 42.49, joints_pos, -1.13, 43.42, 7.65, -76.97, -2.95, 57.99, 53.98, tool_torque, -1.119, -0.328, 0.217, joint_torque, -2.32, -8.92, -0.7, 6.22, 0.06, -1.39, 0.28, robot_mode, rotation_overlay, 
14/06/2022 15:29:19:886, robot_pos, 1655216828961, 622.15, 51.71, 305.67, 2.3, -0.01, 3.09, circuit_pos, 621.78, 57.42, 303.83, 2.3, -0.01, 3.09, tool_force, -3.76, -0.41, -13.52, actual_rep, 1, curr_step, 17, track_size, 72, robot_vel, 38.45, joints_pos, -0.55, 43.38, 7.64, -76.9, -3.22, 57.96, 54.79, tool_torque, -1.174, -0.242, 0.201, joint_torque, -2.82, -9.37, -1.04, 6.34, 0.0, -1.3, 0.28, robot_mode, rotation_overlay, 
14/06/2022 15:29:20:000, robot_pos, 1655216829111, 621.98, 57.35, 306.45, 2.3, -0.01, 3.09, circuit_pos, 621.7, 64.77, 304.79, 2.29, -0.01, 3.09, tool_force, -3.56, -0.99, -13.41, actual_rep, 1, curr_step, 18, track_size, 72, robot_vel, 38.51, joints_pos, 0.0, 43.33, 7.64, -76.85, -3.38, 57.93, 55.69, tool_torque, -1.061, -0.295, 0.166, joint_torque, -2.72, -9.37, -1.0, 6.09, -0.07, -1.19, 0.22, robot_mode, rotation_overlay, 
14/06/2022 15:29:20:149, robot_pos, 1655216829259, 621.84, 63.14, 307.23, 2.29, -0.01, 3.09, circuit_pos, 621.58, 73.04, 305.87, 2.28, -0.01, 3.09, tool_force, -2.98, -0.99, -13.88, actual_rep, 1, curr_step, 19, track_size, 72, robot_vel, 44.9, joints_pos, 0.55, 43.3, 7.65, -76.78, -3.45, 57.96, 56.61, tool_torque, -1.128, -0.265, 0.17, joint_torque, -2.61, -9.62, -0.99, 6.19, -0.04, -1.2, 0.24, robot_mode, rotation_overlay, 
14/06/2022 15:29:20:303, robot_pos, 1655216829407, 621.76, 68.93, 308.05, 2.28, -0.01, 3.09, circuit_pos, 621.28, 81.29, 306.83, 2.28, -0.01, 3.09, tool_force, -2.98, -1.08, -14.11, actual_rep, 1, curr_step, 20, track_size, 72, robot_vel, 40.35, joints_pos, 1.11, 43.29, 7.65, -76.65, -3.53, 58.04, 57.58, tool_torque, -1.196, -0.278, 0.157, joint_torque, -2.63, -9.84, -0.87, 6.24, -0.02, -1.23, 0.21, robot_mode, rotation_overlay, 
14/06/2022 15:29:20:451, robot_pos, 1655216829556, 621.59, 74.63, 308.82, 2.28, -0.01, 3.09, circuit_pos, 621.28, 81.29, 306.83, 2.28, -0.01, 3.09, tool_force, -3.46, -1.79, -14.42, actual_rep, 1, curr_step, 20, track_size, 72, robot_vel, 39.35, joints_pos, 1.62, 43.29, 7.65, -76.54, -3.57, 58.12, 58.24, tool_torque, -1.206, -0.272, 0.217, joint_torque, -2.96, -10.03, -1.16, 6.26, -0.05, -1.19, 0.27, robot_mode, rotation_overlay, 
14/06/2022 15:29:20:608, robot_pos, 1655216829709, 621.25, 80.59, 309.57, 2.28, -0.01, 3.09, circuit_pos, 620.78, 89.35, 307.67, 2.27, -0.01, 3.09, tool_force, -3.06, -2.28, -14.93, actual_rep, 1, curr_step, 21, track_size, 72, robot_vel, 40.16, joints_pos, 2.18, 43.28, 7.66, -76.43, -3.61, 58.22, 59.04, tool_torque, -1.245, -0.235, 0.213, joint_torque, -3.18, -10.39, -1.27, 6.31, -0.05, -1.14, 0.27, robot_mode, rotation_overlay, 
14/06/2022 15:29:20:798, robot_pos, 1655216829876, 620.76, 86.91, 310.32, 2.27, -0.01, 3.09, circuit_pos, 620.25, 96.98, 308.51, 2.27, -0.02, 3.08, tool_force, -3.18, -3.35, -15.13, actual_rep, 1, curr_step, 22, track_size, 72, robot_vel, 40.59, joints_pos, 2.76, 43.26, 7.66, -76.33, -3.63, 58.31, 59.91, tool_torque, -1.165, -0.113, 0.078, joint_torque, -3.04, -10.34, -1.16, 5.93, -0.05, -0.89, 0.13, robot_mode, rotation_overlay, 
14/06/2022 15:29:20:970, robot_pos, 1655216830025, 620.21, 92.73, 311.37, 2.27, -0.02, 3.08, circuit_pos, 619.96, 103.53, 309.26, 2.26, -0.02, 3.08, tool_force, -3.78, -5.7, -23.6, actual_rep, 1, curr_step, 23, track_size, 72, robot_vel, 39.49, joints_pos, 3.12, 43.2, 7.78, -76.27, -3.11, 58.3, 60.19, tool_torque, -1.535, -0.132, 0.034, joint_torque, -3.66, -12.96, -1.27, 6.18, -0.02, -0.68, 0.05, robot_mode, impedance, 
14/06/2022 15:29:21:074, robot_pos, 1655216830176, 619.62, 96.57, 314.25, 2.27, -0.02, 3.07, circuit_pos, 619.96, 103.53, 309.26, 2.26, -0.02, 3.08, tool_force, 0.0, -4.55, -18.0, actual_rep, 1, curr_step, 23, track_size, 72, robot_vel, 41.38, joints_pos, 3.4, 42.91, 7.79, -76.34, -2.72, 58.25, 60.53, tool_torque, -1.121, 0.046, -0.216, joint_torque, -2.1, -11.76, -0.26, 5.82, 0.05, -0.48, -0.16, robot_mode, impedance, 
14/06/2022 15:29:21:259, robot_pos, 1655216830330, 616.57, 101.25, 315.66, 2.27, -0.02, 3.07, circuit_pos, 619.96, 103.53, 309.26, 2.26, -0.02, 3.08, tool_force, 3.94, -8.26, -21.76, actual_rep, 1, curr_step, 23, track_size, 72, robot_vel, 40.34, joints_pos, 3.74, 42.53, 7.88, -76.8, -2.51, 58.22, 60.91, tool_torque, -1.425, 0.141, -0.675, joint_torque, -0.92, -14.97, 1.0, 5.29, 0.16, 0.24, -0.62, robot_mode, impedance, 
14/06/2022 15:29:21:376, robot_pos, 1655216830474, 612.56, 101.81, 316.33, 2.27, -0.02, 3.07, circuit_pos, 619.96, 103.53, 309.26, 2.26, -0.02, 3.08, tool_force, 7.87, -11.77, -24.15, actual_rep, 1, curr_step, 23, track_size, 72, robot_vel, 32.93, joints_pos, 3.8, 41.99, 7.85, -77.65, -2.42, 57.91, 60.9, tool_torque, -1.49, 0.327, -0.944, joint_torque, 0.54, -15.43, 2.37, 4.45, 0.34, 0.68, -0.85, robot_mode, impedance, 
14/06/2022 15:29:21:525, robot_pos, 1655216830625, 608.28, 103.21, 316.32, 2.27, -0.02, 3.07, circuit_pos, 619.96, 103.53, 309.26, 2.26, -0.02, 3.08, tool_force, 10.06, -10.31, -23.04, actual_rep, 1, curr_step, 23, track_size, 72, robot_vel, 31.98, joints_pos, 3.83, 41.44, 7.99, -78.64, -2.32, 57.28, 60.88, tool_torque, -1.312, 0.252, -0.991, joint_torque, 2.26, -14.33, 3.46, 3.79, 0.49, 0.75, -0.94, robot_mode, impedance, 
14/06/2022 15:29:21:677, robot_pos, 1655216830774, 605.86, 104.67, 316.09, 2.27, -0.02, 3.07, circuit_pos, 619.96, 103.53, 309.26, 2.26, -0.02, 3.08, tool_force, 11.6, -9.24, -21.87, actual_rep, 1, curr_step, 23, track_size, 72, robot_vel, 18.39, joints_pos, 3.91, 41.19, 8.07, -79.12, -2.32, 57.01, 60.98, tool_torque, -1.334, 0.193, -1.083, joint_torque, 3.67, -13.88, 4.43, 3.63, 0.64, 0.66, -1.05, robot_mode, impedance, 
14/06/2022 15:29:21:981, robot_pos, 1655216831076, 608.79, 105.31, 315.37, 2.26, -0.02, 3.06, circuit_pos, 619.96, 103.53, 309.26, 2.26, -0.02, 3.08, tool_force, 4.39, -1.15, -17.77, actual_rep, 1, curr_step, 23, track_size, 72, robot_vel, 24.33, joints_pos, 4.05, 41.51, 7.95, -78.66, -2.44, 56.65, 61.49, tool_torque, -1.344, 0.17, -0.347, joint_torque, 1.62, -11.76, 2.89, 5.83, 0.66, -0.72, -0.23, robot_mode, impedance, 
14/06/2022 15:29:22:170, robot_pos, 1655216831226, 613.9, 105.1, 315.11, 2.26, -0.02, 3.06, circuit_pos, 619.96, 103.53, 309.26, 2.26, -0.02, 3.08, tool_force, 0.81, 2.66, -15.17, actual_rep, 1, curr_step, 23, track_size, 72, robot_vel, 35.09, joints_pos, 4.06, 42.13, 7.9, -77.61, -2.56, 57.0, 61.66, tool_torque, -1.415, 0.019, 0.038, joint_torque, 0.46, -11.09, 1.9, 7.18, 0.61, -1.52, 0.16, robot_mode, impedance, 
14/06/2022 15:29:22:310, robot_pos, 1655216831376, 618.94, 104.84, 314.84, 2.26, -0.02, 3.06, circuit_pos, 619.96, 103.53, 309.26, 2.26, -0.02, 3.08, tool_force, -0.84, 4.31, -15.12, actual_rep, 1, curr_step, 23, track_size, 72, robot_vel, 34.53, joints_pos, 4.06, 42.82, 7.86, -76.42, -2.63, 57.63, 61.71, tool_torque, -1.41, -0.098, 0.252, joint_torque, -0.06, -10.96, 1.42, 7.87, 0.59, -1.85, 0.37, robot_mode, impedance, 
14/06/2022 15:29:22:442, robot_pos, 1655216831527, 622.74, 104.82, 314.7, 2.26, -0.02, 3.06, circuit_pos, 619.96, 103.53, 309.26, 2.26, -0.02, 3.08, tool_force, -1.75, 5.62, -15.0, actual_rep, 1, curr_step, 23, track_size, 72, robot_vel, 25.95, joints_pos, 4.06, 43.32, 7.86, -75.57, -2.7, 58.06, 61.76, tool_torque, -1.386, -0.166, 0.373, joint_torque, -0.3, -10.8, 1.18, 8.38, 0.57, -2.08, 0.48, robot_mode, impedance, 
14/06/2022 15:29:22:627, robot_pos, 1655216831678, 624.89, 104.89, 314.56, 2.26, -0.02, 3.07, circuit_pos, 619.96, 103.53, 309.26, 2.26, -0.02, 3.08, tool_force, -2.37, 5.71, -14.63, actual_rep, 1, curr_step, 23, track_size, 72, robot_vel, 14.37, joints_pos, 4.07, 43.63, 7.86, -75.03, -2.74, 58.38, 61.77, tool_torque, -1.388, -0.155, 0.386, joint_torque, -0.56, -10.89, 1.04, 8.38, 0.53, -2.06, 0.5, robot_mode, impedance, 
14/06/2022 15:29:22:736, robot_pos, 1655216831827, 625.51, 104.96, 314.55, 2.26, -0.02, 3.07, circuit_pos, 619.96, 103.53, 309.26, 2.26, -0.02, 3.08, tool_force, -2.01, 5.12, -14.78, actual_rep, 1, curr_step, 23, track_size, 72, robot_vel, 5.84, joints_pos, 4.08, 43.72, 7.86, -74.87, -2.76, 58.51, 61.77, tool_torque, -1.364, -0.16, 0.371, joint_torque, -0.58, -10.75, 1.01, 8.09, 0.5, -1.95, 0.49, robot_mode, impedance, 
14/06/2022 15:29:22:931, robot_pos, 1655216831980, 625.47, 105.01, 314.51, 2.26, -0.02, 3.07, circuit_pos, 619.96, 103.53, 309.26, 2.26, -0.02, 3.08, tool_force, -1.76, 5.06, -14.83, actual_rep, 1, curr_step, 23, track_size, 72, robot_vel, 0.41, joints_pos, 4.09, 43.72, 7.86, -74.87, -2.77, 58.52, 61.77, tool_torque, -1.316, -0.143, 0.347, joint_torque, -0.44, -10.86, 1.1, 8.07, 0.51, -1.89, 0.46, robot_mode, impedance, 
14/06/2022 15:29:23:037, robot_pos, 1655216832128, 625.26, 105.03, 314.53, 2.26, -0.02, 3.07, circuit_pos, 619.96, 103.53, 309.26, 2.26, -0.02, 3.08, tool_force, -1.79, 4.67, -15.04, actual_rep, 1, curr_step, 23, track_size, 72, robot_vel, 1.35, joints_pos, 4.09, 43.7, 7.86, -74.91, -2.77, 58.52, 61.77, tool_torque, -1.301, -0.117, 0.326, joint_torque, -0.54, -10.86, 1.05, 7.96, 0.48, -1.82, 0.44, robot_mode, impedance, 
14/06/2022 15:29:23:240, robot_pos, 1655216832293, 624.87, 104.88, 314.55, 2.26, -0.02, 3.07, circuit_pos, 619.96, 103.53, 309.26, 2.26, -0.02, 3.08, tool_force, -1.87, 4.69, -15.02, actual_rep, 1, curr_step, 23, track_size, 72, robot_vel, 2.58, joints_pos, 4.09, 43.65, 7.85, -74.99, -2.79, 58.52, 61.77, tool_torque, -1.221, -0.091, 0.316, joint_torque, -0.55, -10.77, 1.03, 7.9, 0.46, -1.74, 0.43, robot_mode, impedance, 
14/06/2022 15:29:23:456, robot_pos, 1655216832460, 624.61, 104.8, 314.79, 2.26, -0.02, 3.07, circuit_pos, 619.96, 103.53, 309.26, 2.26, -0.02, 3.08, tool_force, -1.66, 4.15, -16.2, actual_rep, 1, curr_step, 23, track_size, 72, robot_vel, 2.42, joints_pos, 4.08, 43.6, 7.85, -75.04, -2.79, 58.52, 61.77, tool_torque, -1.248, -0.07, 0.302, joint_torque, -0.63, -11.47, 1.01, 8.12, 0.48, -1.68, 0.41, robot_mode, impedance, 
14/06/2022 15:29:23:532, robot_pos, 1655216832623, 624.46, 105.03, 315.29, 2.26, -0.02, 3.07, circuit_pos, 619.96, 103.53, 309.26, 2.26, -0.02, 3.08, tool_force, -1.11, 5.57, -17.7, actual_rep, 1, curr_step, 23, track_size, 72, robot_vel, 3.1, joints_pos, 4.08, 43.54, 7.87, -75.07, -2.74, 58.5, 61.77, tool_torque, -1.286, 0.018, 0.348, joint_torque, 0.11, -12.55, 1.66, 8.98, 0.77, -1.82, 0.44, robot_mode, impedance, 
14/06/2022 15:29:23:765, robot_pos, 1655216832784, 624.62, 106.07, 315.92, 2.26, -0.02, 3.06, circuit_pos, 619.96, 103.53, 309.26, 2.26, -0.02, 3.08, tool_force, -0.59, 5.56, -19.67, actual_rep, 1, curr_step, 23, track_size, 72, robot_vel, 7.32, joints_pos, 4.11, 43.52, 7.92, -75.02, -2.59, 58.49, 61.77, tool_torque, -1.504, 0.143, 0.346, joint_torque, 0.23, -13.93, 2.02, 9.65, 0.97, -1.89, 0.44, robot_mode, impedance, 
14/06/2022 15:29:23:875, robot_pos, 1655216832936, 624.42, 106.25, 316.25, 2.26, -0.02, 3.06, circuit_pos, 619.96, 103.53, 309.26, 2.26, -0.02, 3.08, tool_force, -0.45, 5.1, -19.43, actual_rep, 1, curr_step, 23, track_size, 72, robot_vel, 1.89, joints_pos, 4.13, 43.48, 7.92, -75.04, -2.56, 58.53, 61.77, tool_torque, -1.535, 0.083, 0.35, joint_torque, 0.11, -13.67, 1.87, 9.4, 0.9, -1.89, 0.45, robot_mode, impedance, 
14/06/2022 15:29:23:999, robot_pos, 1655216833087, 623.96, 105.21, 314.93, 2.26, -0.02, 3.07, circuit_pos, 619.96, 103.53, 309.26, 2.26, -0.02, 3.08, tool_force, -1.75, 4.57, -14.44, actual_rep, 1, curr_step, 23, track_size, 72, robot_vel, 14.69, joints_pos, 4.13, 43.51, 7.81, -75.18, -2.69, 58.44, 61.77, tool_torque, -1.097, -0.098, 0.328, joint_torque, -0.54, -10.12, 0.98, 7.44, 0.38, -1.6, 0.45, robot_mode, impedance, 
14/06/2022 15:29:24:149, robot_pos, 1655216833242, 624.05, 104.63, 313.59, 2.26, -0.02, 3.07, circuit_pos, 619.96, 103.53, 309.26, 2.26, -0.02, 3.08, tool_force, -2.66, 5.14, -10.94, actual_rep, 1, curr_step, 23, track_size, 72, robot_vel, 8.48, joints_pos, 4.13, 43.62, 7.78, -75.19, -2.85, 58.39, 61.81, tool_torque, -0.867, -0.217, 0.336, joint_torque, -0.72, -8.17, 0.5, 6.6, 0.19, -1.59, 0.45, robot_mode, impedance, 
14/06/2022 15:29:24:494, robot_pos, 1655216833547, 624.97, 103.59, 312.43, 2.26, -0.02, 3.07, circuit_pos, 619.96, 103.53, 309.26, 2.26, -0.02, 3.08, tool_force, -3.38, 4.4, -8.35, actual_rep, 1, curr_step, 23, track_size, 72, robot_vel, 5.39, joints_pos, 4.13, 43.8, 7.68, -75.05, -3.02, 58.38, 61.87, tool_torque, -0.778, -0.478, 0.42, joint_torque, -1.33, -6.35, -0.23, 5.6, -0.12, -1.6, 0.54, robot_mode, impedance, 
14/06/2022 15:29:24:610, robot_pos, 1655216833701, 625.25, 103.43, 312.11, 2.26, -0.01, 3.07, circuit_pos, 619.96, 103.53, 309.26, 2.26, -0.02, 3.08, tool_force, -3.52, 4.24, -7.81, actual_rep, 1, curr_step, 23, track_size, 72, robot_vel, 2.86, joints_pos, 4.13, 43.86, 7.67, -75.0, -3.06, 58.39, 61.88, tool_torque, -0.742, -0.544, 0.442, joint_torque, -1.49, -6.09, -0.42, 5.42, -0.19, -1.58, 0.56, robot_mode, impedance, 
14/06/2022 15:29:24:774, robot_pos, 1655216833864, 625.31, 103.23, 311.89, 2.26, -0.01, 3.07, circuit_pos, 619.96, 103.53, 309.26, 2.26, -0.02, 3.08, tool_force, -3.72, 3.97, -7.11, actual_rep, 1, curr_step, 23, track_size, 72, robot_vel, 1.65, joints_pos, 4.13, 43.88, 7.66, -74.99, -3.1, 58.4, 61.89, tool_torque, -0.689, -0.604, 0.445, joint_torque, -1.66, -5.59, -0.64, 5.1, -0.29, -1.55, 0.56, robot_mode, impedance, 
14/06/2022 15:29:24:971, robot_pos, 1655216834014, 625.33, 102.99, 311.8, 2.26, -0.01, 3.07, circuit_pos, 619.96, 103.53, 309.26, 2.26, -0.02, 3.08, tool_force, -3.8, 3.9, -6.87, actual_rep, 1, curr_step, 23, track_size, 72, robot_vel, 1.27, joints_pos, 4.13, 43.89, 7.63, -74.99, -3.11, 58.4, 61.89, tool_torque, -0.67, -0.617, 0.45, joint_torque, -1.72, -5.48, -0.69, 5.05, -0.32, -1.53, 0.57, robot_mode, impedance, 
14/06/2022 15:29:25:084, robot_pos, 1655216834165, 625.34, 102.93, 311.77, 2.25, -0.01, 3.07, circuit_pos, 619.96, 103.53, 309.26, 2.26, -0.02, 3.08, tool_force, -3.89, 3.94, -6.8, actual_rep, 1, curr_step, 23, track_size, 72, robot_vel, 0.4, joints_pos, 4.13, 43.89, 7.62, -74.99, -3.11, 58.4, 61.89, tool_torque, -0.652, -0.623, 0.461, joint_torque, -1.75, -5.43, -0.73, 5.04, -0.33, -1.53, 0.58, robot_mode, impedance, 
14/06/2022 15:29:25:224, robot_pos, 1655216834315, 625.35, 102.87, 311.73, 2.25, -0.01, 3.07, circuit_pos, 619.96, 103.53, 309.26, 2.26, -0.02, 3.08, tool_force, -3.93, 3.94, -6.81, actual_rep, 1, curr_step, 23, track_size, 72, robot_vel, 0.42, joints_pos, 4.13, 43.89, 7.62, -74.99, -3.12, 58.4, 61.89, tool_torque, -0.638, -0.629, 0.473, joint_torque, -1.8, -5.42, -0.79, 5.03, -0.34, -1.52, 0.59, robot_mode, impedance, 
14/06/2022 15:29:25:433, robot_pos, 1655216834475, 625.36, 102.78, 311.72, 2.25, -0.01, 3.07, circuit_pos, 619.96, 103.53, 309.26, 2.26, -0.02, 3.08, tool_force, -3.95, 3.85, -6.76, actual_rep, 1, curr_step, 23, track_size, 72, robot_vel, 0.62, joints_pos, 4.13, 43.89, 7.61, -74.99, -3.12, 58.41, 61.89, tool_torque, -0.635, -0.643, 0.479, joint_torque, -1.82, -5.38, -0.81, 4.99, -0.35, -1.52, 0.6, robot_mode, impedance, 
14/06/2022 15:29:25:536, robot_pos, 1655216834625, 625.36, 102.77, 311.72, 2.25, -0.01, 3.07, circuit_pos, 619.96, 103.53, 309.26, 2.26, -0.02, 3.08, tool_force, -3.93, 3.77, -6.81, actual_rep, 1, curr_step, 23, track_size, 72, robot_vel, 0.08, joints_pos, 4.13, 43.89, 7.61, -74.99, -3.12, 58.41, 61.89, tool_torque, -0.64, -0.644, 0.482, joint_torque, -1.86, -5.41, -0.84, 4.99, -0.35, -1.51, 0.6, robot_mode, impedance, 
14/06/2022 15:29:25:718, robot_pos, 1655216834784, 625.36, 102.76, 311.73, 2.25, -0.01, 3.07, circuit_pos, 619.96, 103.53, 309.26, 2.26, -0.02, 3.08, tool_force, -4.0, 3.93, -6.83, actual_rep, 1, curr_step, 23, track_size, 72, robot_vel, 0.11, joints_pos, 4.13, 43.89, 7.6, -74.99, -3.12, 58.41, 61.89, tool_torque, -0.623, -0.634, 0.485, joint_torque, -1.83, -5.42, -0.83, 5.03, -0.34, -1.52, 0.6, robot_mode, impedance, 
14/06/2022 15:29:25:859, robot_pos, 1655216834945, 625.46, 102.8, 311.87, 2.25, -0.01, 3.07, circuit_pos, 619.96, 103.53, 309.26, 2.26, -0.02, 3.08, tool_force, -3.95, 4.27, -7.92, actual_rep, 1, curr_step, 23, track_size, 72, robot_vel, 0.56, joints_pos, 4.13, 43.89, 7.61, -74.96, -3.11, 58.41, 61.89, tool_torque, -0.717, -0.552, 0.48, joint_torque, -1.72, -6.32, -0.61, 5.6, -0.22, -1.59, 0.6, robot_mode, impedance, 
14/06/2022 15:29:26:155, robot_pos, 1655216835244, 625.07, 104.73, 315.71, 2.25, -0.02, 3.07, circuit_pos, 619.96, 103.53, 309.26, 2.26, -0.02, 3.08, tool_force, -1.12, 3.52, -19.92, actual_rep, 1, curr_step, 23, track_size, 72, robot_vel, 11.83, joints_pos, 4.13, 43.58, 7.75, -74.92, -2.63, 58.64, 61.78, tool_torque, -1.486, 0.0030, 0.49, joint_torque, -0.87, -14.5, 1.09, 9.64, 0.79, -1.76, 0.58, robot_mode, impedance, 
14/06/2022 15:29:26:303, robot_pos, 1655216835394, 624.02, 104.85, 316.63, 2.26, -0.02, 3.07, circuit_pos, 619.96, 103.53, 309.26, 2.26, -0.02, 3.08, tool_force, -1.06, 4.13, -21.37, actual_rep, 1, curr_step, 23, track_size, 72, robot_vel, 10.8, joints_pos, 4.12, 43.39, 7.75, -75.12, -2.5, 58.63, 61.71, tool_torque, -1.382, 0.067, 0.485, joint_torque, -0.65, -14.63, 1.23, 9.82, 0.84, -1.71, 0.56, robot_mode, impedance, 
14/06/2022 15:29:26:454, robot_pos, 1655216835545, 623.36, 104.78, 316.65, 2.26, -0.02, 3.07, circuit_pos, 619.96, 103.53, 309.26, 2.26, -0.02, 3.08, tool_force, -0.74, 3.67, -21.76, actual_rep, 1, curr_step, 23, track_size, 72, robot_vel, 4.63, joints_pos, 4.12, 43.29, 7.74, -75.27, -2.5, 58.56, 61.66, tool_torque, -1.354, 0.08, 0.414, joint_torque, -0.53, -14.95, 1.33, 9.78, 0.82, -1.6, 0.49, robot_mode, impedance, 
14/06/2022 15:29:26:607, robot_pos, 1655216835695, 623.06, 104.83, 316.95, 2.26, -0.02, 3.07, circuit_pos, 619.96, 103.53, 309.26, 2.26, -0.02, 3.08, tool_force, -0.62, 3.36, -22.74, actual_rep, 1, curr_step, 23, track_size, 72, robot_vel, 2.47, joints_pos, 4.12, 43.23, 7.75, -75.33, -2.46, 58.54, 61.64, tool_torque, -1.405, 0.131, 0.391, joint_torque, -0.66, -15.47, 1.32, 9.98, 0.85, -1.58, 0.47, robot_mode, impedance, 
14/06/2022 15:29:26:760, robot_pos, 1655216835849, 622.84, 104.81, 317.03, 2.26, -0.02, 3.07, circuit_pos, 619.96, 103.53, 309.26, 2.26, -0.02, 3.08, tool_force, -0.66, 4.09, -22.97, actual_rep, 1, curr_step, 23, track_size, 72, robot_vel, 1.48, joints_pos, 4.11, 43.2, 7.75, -75.38, -2.44, 58.52, 61.57, tool_torque, -1.406, 0.166, 0.325, joint_torque, -0.3, -15.7, 1.61, 10.31, 0.9, -1.66, 0.4, robot_mode, impedance, 
14/06/2022 15:29:26:906, robot_pos, 1655216835997, 622.91, 104.97, 317.47, 2.26, -0.02, 3.06, circuit_pos, 619.96, 103.53, 309.26, 2.26, -0.02, 3.08, tool_force, -0.38, 3.47, -24.62, actual_rep, 1, curr_step, 23, track_size, 72, robot_vel, 2.85, joints_pos, 4.11, 43.16, 7.75, -75.38, -2.38, 58.49, 61.53, tool_torque, -1.574, 0.152, 0.275, joint_torque, -0.41, -16.82, 1.62, 10.71, 0.93, -1.7, 0.33, robot_mode, impedance, 
14/06/2022 15:29:27:064, robot_pos, 1655216836151, 622.58, 104.89, 317.3, 2.26, -0.02, 3.06, circuit_pos, 619.96, 103.53, 309.26, 2.26, -0.02, 3.08, tool_force, -0.78, 3.66, -23.4, actual_rep, 1, curr_step, 23, track_size, 72, robot_vel, 4.03, joints_pos, 4.11, 43.14, 7.75, -75.44, -2.38, 58.49, 61.51, tool_torque, -1.458, 0.192, 0.22, joint_torque, -0.36, -15.95, 1.6, 10.33, 0.87, -1.64, 0.28, robot_mode, impedance, 
14/06/2022 15:29:27:213, robot_pos, 1655216836300, 622.58, 104.88, 317.3, 2.26, -0.02, 3.06, circuit_pos, 619.96, 103.53, 309.26, 2.26, -0.02, 3.08, tool_force, -0.59, 3.47, -23.25, actual_rep, 1, curr_step, 23, track_size, 72, robot_vel, 0.08, joints_pos, 4.11, 43.14, 7.75, -75.44, -2.38, 58.49, 61.49, tool_torque, -1.471, 0.185, 0.215, joint_torque, -0.4, -15.87, 1.55, 10.22, 0.86, -1.62, 0.28, robot_mode, impedance, 
14/06/2022 15:29:27:363, robot_pos, 1655216836452, 622.56, 104.84, 317.27, 2.26, -0.02, 3.06, circuit_pos, 619.96, 103.53, 309.26, 2.26, -0.02, 3.08, tool_force, -0.51, 3.52, -23.29, actual_rep, 1, curr_step, 23, track_size, 72, robot_vel, 0.4, joints_pos, 4.11, 43.14, 7.74, -75.45, -2.38, 58.49, 61.49, tool_torque, -1.455, 0.176, 0.212, joint_torque, -0.31, -15.89, 1.61, 10.22, 0.86, -1.61, 0.28, robot_mode, impedance, 
14/06/2022 15:29:27:514, robot_pos, 1655216836601, 622.56, 104.79, 317.26, 2.26, -0.02, 3.06, circuit_pos, 619.96, 103.53, 309.26, 2.26, -0.02, 3.08, tool_force, -0.65, 3.27, -23.26, actual_rep, 1, curr_step, 23, track_size, 72, robot_vel, 0.11, joints_pos, 4.11, 43.14, 7.74, -75.45, -2.38, 58.49, 61.48, tool_torque, -1.464, 0.171, 0.202, joint_torque, -0.5, -15.76, 1.46, 10.08, 0.81, -1.59, 0.27, robot_mode, impedance, 
14/06/2022 15:29:27:664, robot_pos, 1655216836753, 622.59, 103.93, 315.36, 2.26, -0.02, 3.07, circuit_pos, 619.96, 103.53, 309.26, 2.26, -0.02, 3.08, tool_force, -1.75, 4.67, -15.12, actual_rep, 1, curr_step, 23, track_size, 72, robot_vel, 19.58, joints_pos, 4.11, 43.25, 7.65, -75.57, -2.47, 58.22, 61.46, tool_torque, -0.904, -0.229, 0.291, joint_torque, 0.12, -10.52, 1.21, 7.61, 0.37, -1.53, 0.37, robot_mode, impedance, 
14/06/2022 15:29:27:821, robot_pos, 1655216836905, 623.22, 104.28, 313.41, 2.26, -0.02, 3.07, circuit_pos, 619.88, 109.67, 310.15, 2.26, -0.02, 3.08, tool_force, -2.98, 4.65, -10.07, actual_rep, 1, curr_step, 24, track_size, 72, robot_vel, 15.43, joints_pos, 4.18, 43.5, 7.68, -75.42, -2.85, 58.19, 61.69, tool_torque, -0.817, -0.312, 0.148, joint_torque, -0.61, -7.3, 0.4, 6.15, -0.01, -1.58, 0.24, robot_mode, impedance, 
14/06/2022 15:29:27:986, robot_pos, 1655216837053, 624.09, 109.0, 313.08, 2.26, -0.02, 3.07, circuit_pos, 619.73, 115.25, 310.98, 2.26, -0.02, 3.07, tool_force, -4.16, 5.02, -6.57, actual_rep, 1, curr_step, 25, track_size, 72, robot_vel, 37.06, joints_pos, 4.52, 43.76, 7.84, -75.03, -3.04, 58.4, 62.23, tool_torque, -0.563, -0.751, 0.278, joint_torque, -0.87, -5.29, -0.45, 5.21, -0.31, -1.67, 0.3, robot_mode, impedance, 
14/06/2022 15:29:28:116, robot_pos, 1655216837203, 625.42, 114.15, 313.31, 2.26, -0.01, 3.07, circuit_pos, 619.73, 115.25, 310.98, 2.26, -0.02, 3.07, tool_force, -5.98, 2.58, -6.45, actual_rep, 1, curr_step, 25, track_size, 72, robot_vel, 36.77, joints_pos, 5.02, 43.94, 7.79, -74.67, -3.1, 58.27, 62.71, tool_torque, -0.556, -0.502, 0.229, joint_torque, -2.92, -4.81, -1.72, 4.64, -0.61, -1.35, 0.31, robot_mode, impedance, 
14/06/2022 15:29:28:265, robot_pos, 1655216837354, 625.65, 114.16, 313.03, 2.26, -0.01, 3.07, circuit_pos, 619.73, 115.25, 310.98, 2.26, -0.02, 3.07, tool_force, -5.92, 3.8, -4.89, actual_rep, 1, curr_step, 25, track_size, 72, robot_vel, 11.9, joints_pos, 5.21, 43.97, 7.5, -74.63, -3.02, 58.27, 62.78, tool_torque, -0.429, -0.527, 0.276, joint_torque, -2.68, -4.0, -1.44, 4.42, -0.71, -1.38, 0.44, robot_mode, impedance, 
14/06/2022 15:29:28:418, robot_pos, 1655216837505, 625.8, 113.85, 312.7, 2.25, -0.01, 3.07, circuit_pos, 619.73, 115.25, 310.98, 2.26, -0.02, 3.07, tool_force, -5.18, 3.79, -4.46, actual_rep, 1, curr_step, 25, track_size, 72, robot_vel, 2.53, joints_pos, 5.21, 44.0, 7.46, -74.63, -2.96, 58.23, 62.75, tool_torque, -0.31, -0.806, 0.423, joint_torque, -2.61, -3.76, -1.68, 4.18, -0.82, -1.36, 0.57, robot_mode, impedance, 
14/06/2022 15:29:28:575, robot_pos, 1655216837658, 625.95, 113.67, 312.67, 2.25, -0.01, 3.07, circuit_pos, 619.73, 115.25, 310.98, 2.26, -0.02, 3.07, tool_force, -5.14, 4.14, -4.24, actual_rep, 1, curr_step, 25, track_size, 72, robot_vel, 1.35, joints_pos, 5.2, 44.02, 7.45, -74.6, -2.97, 58.23, 62.75, tool_torque, -0.253, -0.869, 0.471, joint_torque, -2.41, -3.69, -1.65, 4.22, -0.79, -1.38, 0.59, robot_mode, impedance, 
14/06/2022 15:29:28:859, robot_pos, 1655216837817, 626.07, 113.73, 312.68, 2.25, -0.01, 3.07, circuit_pos, 619.73, 115.25, 310.98, 2.26, -0.02, 3.07, tool_force, -5.04, 4.19, -4.58, actual_rep, 1, curr_step, 25, track_size, 72, robot_vel, 0.73, joints_pos, 5.2, 44.03, 7.46, -74.58, -2.97, 58.23, 62.74, tool_torque, -0.303, -0.827, 0.459, joint_torque, -2.3, -3.92, -1.51, 4.34, -0.72, -1.4, 0.57, robot_mode, impedance, 
14/06/2022 15:29:28:924, robot_pos, 1655216837957, 626.2, 114.02, 312.92, 2.26, -0.01, 3.07, circuit_pos, 619.73, 115.25, 310.98, 2.26, -0.02, 3.07, tool_force, -4.81, 4.49, -5.29, actual_rep, 1, curr_step, 25, track_size, 72, robot_vel, 1.94, joints_pos, 5.2, 44.03, 7.48, -74.55, -2.97, 58.23, 62.75, tool_torque, -0.375, -0.791, 0.459, joint_torque, -2.11, -4.45, -1.34, 4.71, -0.6, -1.49, 0.56, robot_mode, impedance, 
14/06/2022 15:29:29:041, robot_pos, 1655216838109, 626.28, 114.3, 313.12, 2.25, -0.01, 3.07, circuit_pos, 619.73, 115.25, 310.98, 2.26, -0.02, 3.07, tool_force, -4.77, 4.86, -5.66, actual_rep, 1, curr_step, 25, track_size, 72, robot_vel, 2.32, joints_pos, 5.21, 44.03, 7.5, -74.52, -2.92, 58.25, 62.75, tool_torque, -0.428, -0.759, 0.455, joint_torque, -1.97, -4.66, -1.16, 4.9, -0.55, -1.54, 0.56, robot_mode, impedance, 
14/06/2022 15:29:29:245, robot_pos, 1655216838258, 626.36, 114.53, 313.27, 2.25, -0.01, 3.06, circuit_pos, 619.73, 115.25, 310.98, 2.26, -0.02, 3.07, tool_force, -4.83, 5.28, -5.93, actual_rep, 1, curr_step, 25, track_size, 72, robot_vel, 1.88, joints_pos, 5.22, 44.03, 7.5, -74.49, -2.88, 58.25, 62.75, tool_torque, -0.472, -0.691, 0.473, joint_torque, -1.94, -4.91, -1.05, 5.16, -0.47, -1.6, 0.58, robot_mode, impedance, 
14/06/2022 15:29:29:340, robot_pos, 1655216838409, 626.53, 114.87, 313.48, 2.25, -0.01, 3.06, circuit_pos, 619.73, 115.25, 310.98, 2.26, -0.02, 3.07, tool_force, -4.41, 5.64, -6.55, actual_rep, 1, curr_step, 25, track_size, 72, robot_vel, 3.48, joints_pos, 5.23, 44.04, 7.52, -74.45, -2.82, 58.25, 62.75, tool_torque, -0.561, -0.693, 0.495, joint_torque, -1.59, -5.4, -0.75, 5.48, -0.34, -1.7, 0.6, robot_mode, impedance, 
14/06/2022 15:29:29:519, robot_pos, 1655216838560, 626.71, 115.17, 313.49, 2.25, -0.01, 3.06, circuit_pos, 619.73, 115.25, 310.98, 2.26, -0.02, 3.07, tool_force, -4.65, 6.01, -6.13, actual_rep, 1, curr_step, 25, track_size, 72, robot_vel, 1.92, joints_pos, 5.25, 44.07, 7.52, -74.4, -2.81, 58.27, 62.76, tool_torque, -0.581, -0.666, 0.482, joint_torque, -1.64, -5.14, -0.77, 5.47, -0.35, -1.76, 0.59, robot_mode, impedance, 
14/06/2022 15:29:29:644, robot_pos, 1655216838710, 627.12, 115.34, 313.35, 2.25, -0.01, 3.06, circuit_pos, 619.73, 115.25, 310.98, 2.26, -0.02, 3.07, tool_force, -4.61, 6.49, -5.8, actual_rep, 1, curr_step, 25, track_size, 72, robot_vel, 3.57, joints_pos, 5.27, 44.13, 7.52, -74.31, -2.82, 58.27, 62.77, tool_torque, -0.581, -0.677, 0.489, joint_torque, -1.46, -4.99, -0.65, 5.51, -0.32, -1.82, 0.59, robot_mode, impedance, 
14/06/2022 15:29:29:791, robot_pos, 1655216838859, 627.46, 115.51, 313.41, 2.25, -0.01, 3.06, circuit_pos, 619.73, 115.25, 310.98, 2.26, -0.02, 3.07, tool_force, -4.72, 6.73, -5.84, actual_rep, 1, curr_step, 25, track_size, 72, robot_vel, 2.28, joints_pos, 5.28, 44.17, 7.51, -74.23, -2.82, 58.31, 62.78, tool_torque, -0.629, -0.645, 0.482, joint_torque, -1.42, -5.07, -0.57, 5.65, -0.29, -1.88, 0.59, robot_mode, impedance, 
14/06/2022 15:29:29:945, robot_pos, 1655216839010, 627.75, 115.83, 313.52, 2.25, -0.01, 3.06, circuit_pos, 619.73, 115.25, 310.98, 2.26, -0.02, 3.07, tool_force, -4.62, 7.17, -6.42, actual_rep, 1, curr_step, 25, track_size, 72, robot_vel, 2.92, joints_pos, 5.31, 44.2, 7.52, -74.15, -2.81, 58.33, 62.79, tool_torque, -0.705, -0.597, 0.471, joint_torque, -1.25, -5.56, -0.38, 6.03, -0.19, -1.97, 0.57, robot_mode, impedance, 
14/06/2022 15:29:30:151, robot_pos, 1655216839162, 627.9, 116.34, 313.84, 2.25, -0.01, 3.06, circuit_pos, 619.73, 115.25, 310.98, 2.26, -0.02, 3.07, tool_force, -4.03, 7.44, -7.44, actual_rep, 1, curr_step, 25, track_size, 72, robot_vel, 3.89, joints_pos, 5.33, 44.2, 7.53, -74.09, -2.76, 58.37, 62.8, tool_torque, -0.778, -0.562, 0.461, joint_torque, -0.87, -6.21, -0.02, 6.36, -0.06, -2.01, 0.56, robot_mode, impedance, 
14/06/2022 15:29:30:249, robot_pos, 1655216839311, 628.09, 117.16, 314.33, 2.25, -0.02, 3.06, circuit_pos, 619.73, 115.25, 310.98, 2.26, -0.02, 3.07, tool_force, -3.04, 8.09, -9.27, actual_rep, 1, curr_step, 25, track_size, 72, robot_vel, 6.96, joints_pos, 5.36, 44.2, 7.57, -74.03, -2.67, 58.39, 62.8, tool_torque, -0.958, -0.472, 0.454, joint_torque, -0.11, -7.57, 0.73, 7.15, 0.23, -2.15, 0.54, robot_mode, impedance, 
14/06/2022 15:29:30:448, robot_pos, 1655216839461, 628.09, 117.48, 315.41, 2.25, -0.02, 3.06, circuit_pos, 619.73, 115.25, 310.98, 2.26, -0.02, 3.07, tool_force, -3.0, 6.9, -12.54, actual_rep, 1, curr_step, 25, track_size, 72, robot_vel, 7.33, joints_pos, 5.37, 44.13, 7.58, -73.98, -2.59, 58.49, 62.8, tool_torque, -1.209, -0.398, 0.465, joint_torque, -0.62, -9.58, 0.57, 8.04, 0.34, -2.21, 0.55, robot_mode, impedance, 
14/06/2022 15:29:30:550, robot_pos, 1655216839609, 627.49, 117.48, 316.41, 2.26, -0.02, 3.06, circuit_pos, 619.73, 115.25, 310.98, 2.26, -0.02, 3.07, tool_force, -2.18, 4.84, -17.76, actual_rep, 1, curr_step, 25, track_size, 72, robot_vel, 7.82, joints_pos, 5.36, 43.97, 7.57, -74.1, -2.46, 58.49, 62.64, tool_torque, -1.401, -0.188, 0.327, joint_torque, -1.1, -12.46, 0.59, 8.9, 0.41, -1.94, 0.41, robot_mode, impedance, 
14/06/2022 15:29:30:755, robot_pos, 1655216839763, 625.38, 115.68, 317.55, 2.26, -0.02, 3.06, circuit_pos, 619.73, 115.25, 310.98, 2.26, -0.02, 3.07, tool_force, -1.57, 2.18, -17.88, actual_rep, 1, curr_step, 25, track_size, 72, robot_vel, 24.24, joints_pos, 5.24, 43.62, 7.52, -74.54, -2.35, 58.58, 62.38, tool_torque, -1.067, -0.193, 0.231, joint_torque, -1.19, -12.46, 0.35, 7.96, 0.23, -1.36, 0.3, robot_mode, impedance, 
14/06/2022 15:29:30:855, robot_pos, 1655216839911, 623.62, 115.84, 315.16, 2.26, -0.02, 3.06, circuit_pos, 619.73, 115.25, 310.98, 2.26, -0.02, 3.07, tool_force, -1.92, 7.67, -9.25, actual_rep, 1, curr_step, 25, track_size, 72, robot_vel, 22.5, joints_pos, 5.25, 43.55, 7.53, -75.06, -2.41, 57.99, 62.52, tool_torque, -0.232, -0.47, 0.308, joint_torque, -0.12, -5.76, 0.27, 5.95, -0.14, -1.52, 0.37, robot_mode, impedance, 
14/06/2022 15:29:31:053, robot_pos, 1655216840061, 624.79, 115.38, 314.27, 2.26, -0.01, 3.06, circuit_pos, 619.73, 115.25, 310.98, 2.26, -0.02, 3.07, tool_force, -4.85, 5.4, -8.09, actual_rep, 1, curr_step, 25, track_size, 72, robot_vel, 12.94, joints_pos, 5.35, 43.73, 7.41, -74.86, -2.74, 57.99, 62.63, tool_torque, -0.68, -0.483, 0.196, joint_torque, -1.74, -6.19, -0.64, 5.93, -0.38, -1.72, 0.32, robot_mode, impedance, 
14/06/2022 15:29:31:144, robot_pos, 1655216840210, 626.21, 115.19, 313.95, 2.26, -0.01, 3.06, circuit_pos, 619.73, 115.25, 310.98, 2.26, -0.02, 3.07, tool_force, -4.8, 6.42, -6.34, actual_rep, 1, curr_step, 25, track_size, 72, robot_vel, 9.61, joints_pos, 5.33, 43.92, 7.4, -74.56, -2.75, 58.1, 62.69, tool_torque, -0.62, -0.754, 0.401, joint_torque, -1.42, -5.66, -0.71, 5.89, -0.38, -1.88, 0.48, robot_mode, impedance, 
14/06/2022 15:29:31:378, robot_pos, 1655216840361, 626.4, 114.69, 312.91, 2.26, -0.01, 3.07, circuit_pos, 619.73, 115.25, 310.98, 2.26, -0.02, 3.07, tool_force, -4.64, 3.92, -4.3, actual_rep, 1, curr_step, 25, track_size, 72, robot_vel, 7.55, joints_pos, 5.33, 44.09, 7.36, -74.43, -2.83, 58.38, 62.69, tool_torque, -0.287, -0.774, 0.345, joint_torque, -2.09, -3.51, -1.41, 3.94, -0.71, -1.3, 0.44, robot_mode, impedance, 
14/06/2022 15:29:31:459, robot_pos, 1655216840510, 626.29, 114.52, 312.47, 2.26, -0.01, 3.07, circuit_pos, 619.73, 115.25, 310.98, 2.26, -0.02, 3.07, tool_force, -4.37, 3.93, -4.06, actual_rep, 1, curr_step, 25, track_size, 72, robot_vel, 5.12, joints_pos, 5.34, 44.12, 7.36, -74.43, -2.9, 58.41, 62.69, tool_torque, -0.212, -0.77, 0.352, joint_torque, -1.89, -3.54, -1.33, 3.85, -0.68, -1.21, 0.44, robot_mode, impedance, 
14/06/2022 15:29:31:659, robot_pos, 1655216840660, 626.17, 114.46, 312.7, 2.26, -0.01, 3.07, circuit_pos, 619.73, 115.25, 310.98, 2.26, -0.02, 3.07, tool_force, -4.31, 3.94, -4.65, actual_rep, 1, curr_step, 25, track_size, 72, robot_vel, 2.08, joints_pos, 5.33, 44.09, 7.36, -74.46, -2.9, 58.41, 62.69, tool_torque, -0.214, -0.775, 0.383, joint_torque, -1.86, -3.77, -1.3, 4.05, -0.65, -1.25, 0.46, robot_mode, impedance, 
14/06/2022 15:29:31:764, robot_pos, 1655216840808, 626.11, 114.52, 312.8, 2.26, -0.01, 3.07, circuit_pos, 619.73, 115.25, 310.98, 2.26, -0.02, 3.07, tool_force, -4.64, 4.64, -4.7, actual_rep, 1, curr_step, 25, track_size, 72, robot_vel, 1.19, joints_pos, 5.33, 44.06, 7.36, -74.49, -2.87, 58.36, 62.7, tool_torque, -0.176, -0.727, 0.384, joint_torque, -1.85, -3.86, -1.24, 4.27, -0.64, -1.27, 0.47, robot_mode, impedance, 
14/06/2022 15:29:31:956, robot_pos, 1655216840960, 626.13, 114.56, 312.84, 2.26, -0.01, 3.07, circuit_pos, 619.73, 115.25, 310.98, 2.26, -0.02, 3.07, tool_force, -4.57, 4.88, -4.82, actual_rep, 1, curr_step, 25, track_size, 72, robot_vel, 0.36, joints_pos, 5.33, 44.06, 7.36, -74.49, -2.85, 58.35, 62.71, tool_torque, -0.191, -0.734, 0.403, joint_torque, -1.75, -3.95, -1.17, 4.38, -0.61, -1.31, 0.49, robot_mode, impedance, 
14/06/2022 15:29:32:066, robot_pos, 1655216841108, 626.17, 114.68, 312.9, 2.26, -0.01, 3.07, circuit_pos, 619.73, 115.25, 310.98, 2.26, -0.02, 3.07, tool_force, -4.46, 5.37, -4.99, actual_rep, 1, curr_step, 25, track_size, 72, robot_vel, 1.16, joints_pos, 5.34, 44.06, 7.36, -74.48, -2.85, 58.34, 62.72, tool_torque, -0.231, -0.704, 0.406, joint_torque, -1.55, -4.11, -0.96, 4.59, -0.54, -1.38, 0.5, robot_mode, impedance, 
14/06/2022 15:29:32:228, robot_pos, 1655216841259, 626.32, 115.35, 313.01, 2.26, -0.01, 3.07, circuit_pos, 619.73, 115.25, 310.98, 2.26, -0.02, 3.07, tool_force, -4.01, 6.26, -4.26, actual_rep, 1, curr_step, 25, track_size, 72, robot_vel, 5.35, joints_pos, 5.36, 44.07, 7.4, -74.44, -2.82, 58.31, 62.77, tool_torque, -0.224, -0.774, 0.442, joint_torque, -0.95, -3.65, -0.62, 4.47, -0.47, -1.47, 0.52, robot_mode, impedance, 
14/06/2022 15:29:32:366, robot_pos, 1655216841409, 626.2, 115.79, 311.52, 2.26, -0.01, 3.07, circuit_pos, 619.73, 115.25, 310.98, 2.26, -0.02, 3.07, tool_force, -4.02, 6.08, 1.47, actual_rep, 1, curr_step, 25, track_size, 72, robot_vel, 11.47, joints_pos, 5.45, 44.21, 7.36, -74.44, -2.95, 58.31, 62.83, tool_torque, 0.107, -0.903, 0.34, joint_torque, -0.89, 0.17, -0.91, 2.18, -0.84, -1.21, 0.46, robot_mode, impedance, 
14/06/2022 15:29:32:500, robot_pos, 1655216841556, 626.26, 115.13, 310.25, 2.26, -0.01, 3.07, circuit_pos, 619.73, 115.25, 310.98, 2.26, -0.02, 3.07, tool_force, -4.57, 4.34, 3.92, actual_rep, 1, curr_step, 25, track_size, 72, robot_vel, 11.78, joints_pos, 5.48, 44.31, 7.29, -74.45, -3.19, 58.31, 62.95, tool_torque, 0.265, -1.045, 0.35, joint_torque, -1.7, 1.8, -1.74, 0.99, -1.14, -0.97, 0.47, robot_mode, impedance, 
14/06/2022 15:29:32:669, robot_pos, 1655216841706, 626.21, 114.73, 309.92, 2.26, -0.01, 3.07, circuit_pos, 619.73, 115.25, 310.98, 2.26, -0.02, 3.07, tool_force, -4.4, 4.54, 4.16, actual_rep, 1, curr_step, 25, track_size, 72, robot_vel, 1.98, joints_pos, 5.48, 44.33, 7.26, -74.46, -3.22, 58.32, 62.96, tool_torque, 0.342, -1.071, 0.395, joint_torque, -1.55, 2.01, -1.69, 0.88, -1.12, -0.94, 0.51, robot_mode, impedance, 
14/06/2022 15:29:32:869, robot_pos, 1655216841854, 626.13, 114.91, 309.84, 2.26, -0.01, 3.07, circuit_pos, 619.73, 115.25, 310.98, 2.26, -0.02, 3.07, tool_force, -4.38, 5.18, 3.72, actual_rep, 1, curr_step, 25, track_size, 72, robot_vel, 1.11, joints_pos, 5.48, 44.34, 7.28, -74.47, -3.22, 58.32, 62.98, tool_torque, 0.333, -1.012, 0.416, joint_torque, -1.34, 1.48, -1.51, 1.31, -0.99, -0.99, 0.51, robot_mode, impedance, 
14/06/2022 15:29:32:970, robot_pos, 1655216842003, 626.51, 116.28, 311.26, 2.26, -0.01, 3.07, circuit_pos, 619.73, 115.25, 310.98, 2.26, -0.02, 3.07, tool_force, -2.0, 6.12, -1.36, actual_rep, 1, curr_step, 25, track_size, 72, robot_vel, 17.18, joints_pos, 5.49, 44.28, 7.39, -74.35, -3.02, 58.34, 62.98, tool_torque, -0.102, -0.877, 0.426, joint_torque, 0.25, -1.96, 0.08, 3.18, -0.4, -1.29, 0.51, robot_mode, impedance, 
14/06/2022 15:29:33:122, robot_pos, 1655216842152, 626.39, 118.06, 312.31, 2.26, -0.01, 3.07, circuit_pos, 619.73, 115.25, 310.98, 2.26, -0.02, 3.07, tool_force, -1.44, 8.41, -2.9, actual_rep, 1, curr_step, 25, track_size, 72, robot_vel, 16.58, joints_pos, 5.59, 44.21, 7.45, -74.31, -2.89, 58.36, 63.01, tool_torque, -0.284, -0.669, 0.372, joint_torque, 1.1, -3.14, 0.98, 4.37, -0.06, -1.61, 0.45, robot_mode, impedance, 
14/06/2022 15:29:33:242, robot_pos, 1655216842301, 626.76, 119.87, 313.1, 2.26, -0.01, 3.06, circuit_pos, 619.73, 115.25, 310.98, 2.26, -0.02, 3.07, tool_force, -0.3, 10.18, -5.65, actual_rep, 1, curr_step, 25, track_size, 72, robot_vel, 14.07, joints_pos, 5.72, 44.21, 7.45, -74.18, -2.79, 58.35, 63.07, tool_torque, -0.489, -0.509, 0.323, joint_torque, 2.28, -5.23, 2.16, 5.79, 0.35, -1.84, 0.39, robot_mode, impedance, 
14/06/2022 15:29:33:396, robot_pos, 1655216842451, 626.85, 121.24, 316.04, 2.26, -0.02, 3.06, circuit_pos, 619.73, 115.25, 310.98, 2.26, -0.02, 3.07, tool_force, 1.33, 6.74, -16.35, actual_rep, 1, curr_step, 25, track_size, 72, robot_vel, 23.26, joints_pos, 5.79, 44.03, 7.48, -74.03, -2.49, 58.62, 63.05, tool_torque, -1.282, -0.188, 0.269, joint_torque, 1.76, -12.19, 2.59, 8.67, 0.85, -1.91, 0.33, robot_mode, impedance, 
14/06/2022 15:29:33:545, robot_pos, 1655216842600, 625.91, 120.94, 317.94, 2.26, -0.02, 3.06, circuit_pos, 619.73, 115.25, 310.98, 2.26, -0.02, 3.07, tool_force, 0.91, 7.78, -20.37, actual_rep, 1, curr_step, 25, track_size, 72, robot_vel, 12.96, joints_pos, 5.73, 43.75, 7.46, -74.23, -2.24, 58.62, 62.9, tool_torque, -1.274, -0.077, 0.425, joint_torque, 1.8, -14.59, 2.78, 10.28, 1.1, -1.98, 0.46, robot_mode, impedance, 
14/06/2022 15:29:33:697, robot_pos, 1655216842749, 625.14, 120.61, 318.76, 2.26, -0.02, 3.06, circuit_pos, 619.73, 115.25, 310.98, 2.26, -0.02, 3.07, tool_force, 0.58, 7.07, -22.23, actual_rep, 1, curr_step, 25, track_size, 72, robot_vel, 7.72, joints_pos, 5.7, 43.57, 7.44, -74.42, -2.14, 58.54, 62.81, tool_torque, -1.299, 0.018, 0.424, joint_torque, 1.07, -15.65, 2.36, 10.65, 1.06, -1.88, 0.46, robot_mode, impedance, 
14/06/2022 15:29:33:844, robot_pos, 1655216842898, 624.38, 119.37, 319.11, 2.26, -0.02, 3.06, circuit_pos, 619.73, 115.25, 310.98, 2.26, -0.02, 3.07, tool_force, 0.22, 4.46, -23.08, actual_rep, 1, curr_step, 25, track_size, 72, robot_vel, 10.21, joints_pos, 5.61, 43.43, 7.42, -74.62, -2.09, 58.53, 62.6, tool_torque, -1.343, 0.01, 0.287, joint_torque, 0.18, -16.11, 1.72, 10.37, 0.85, -1.66, 0.32, robot_mode, impedance, 
14/06/2022 15:29:34:000, robot_pos, 1655216843050, 623.47, 118.25, 319.13, 2.26, -0.02, 3.06, circuit_pos, 619.73, 115.25, 310.98, 2.26, -0.02, 3.07, tool_force, 0.16, 4.6, -23.19, actual_rep, 1, curr_step, 25, track_size, 72, robot_vel, 7.96, joints_pos, 5.5, 43.28, 7.42, -74.88, -2.02, 58.4, 62.47, tool_torque, -1.237, -0.02, 0.282, joint_torque, 0.33, -15.94, 1.7, 10.33, 0.85, -1.61, 0.29, robot_mode, impedance, 
14/06/2022 15:29:34:145, robot_pos, 1655216843196, 622.92, 117.7, 319.07, 2.26, -0.02, 3.06, circuit_pos, 619.73, 115.25, 310.98, 2.26, -0.02, 3.07, tool_force, -0.03, 4.35, -23.3, actual_rep, 1, curr_step, 25, track_size, 72, robot_vel, 4.78, joints_pos, 5.45, 43.2, 7.42, -75.04, -2.02, 58.3, 62.43, tool_torque, -1.285, 0.019, 0.274, joint_torque, 0.13, -16.0, 1.62, 10.34, 0.85, -1.62, 0.3, robot_mode, impedance, 
14/06/2022 15:29:34:296, robot_pos, 1655216843347, 622.72, 117.53, 319.08, 2.26, -0.02, 3.06, circuit_pos, 619.73, 115.25, 310.98, 2.26, -0.02, 3.07, tool_force, -0.09, 4.55, -23.19, actual_rep, 1, curr_step, 25, track_size, 72, robot_vel, 1.63, joints_pos, 5.44, 43.16, 7.42, -75.1, -2.02, 58.27, 62.41, tool_torque, -1.264, 0.039, 0.264, joint_torque, 0.1, -15.86, 1.6, 10.31, 0.84, -1.62, 0.29, robot_mode, impedance, 
14/06/2022 15:29:34:446, robot_pos, 1655216843494, 622.7, 117.48, 319.08, 2.26, -0.02, 3.06, circuit_pos, 619.73, 115.25, 310.98, 2.26, -0.02, 3.07, tool_force, 0.03, 4.39, -23.23, actual_rep, 1, curr_step, 25, track_size, 72, robot_vel, 0.24, joints_pos, 5.43, 43.16, 7.42, -75.1, -2.01, 58.27, 62.41, tool_torque, -1.284, 0.013, 0.265, joint_torque, 0.17, -15.95, 1.64, 10.3, 0.84, -1.62, 0.29, robot_mode, impedance, 
14/06/2022 15:29:34:598, robot_pos, 1655216843644, 622.7, 117.44, 319.05, 2.26, -0.02, 3.06, circuit_pos, 619.73, 115.25, 310.98, 2.26, -0.02, 3.07, tool_force, -0.13, 3.98, -23.3, actual_rep, 1, curr_step, 25, track_size, 72, robot_vel, 0.18, joints_pos, 5.43, 43.16, 7.42, -75.11, -2.01, 58.25, 62.4, tool_torque, -1.373, 0.049, 0.272, joint_torque, -0.14, -16.03, 1.46, 10.3, 0.86, -1.64, 0.29, robot_mode, impedance, 
14/06/2022 15:29:34:746, robot_pos, 1655216843792, 622.6, 117.32, 319.06, 2.26, -0.02, 3.06, circuit_pos, 619.73, 115.25, 310.98, 2.26, -0.02, 3.07, tool_force, 0.02, 4.39, -23.28, actual_rep, 1, curr_step, 25, track_size, 72, robot_vel, 1.52, joints_pos, 5.41, 43.14, 7.42, -75.14, -1.99, 58.23, 62.38, tool_torque, -1.292, 0.0080, 0.275, joint_torque, 0.13, -15.95, 1.62, 10.33, 0.84, -1.63, 0.3, robot_mode, impedance, 
14/06/2022 15:29:34:900, robot_pos, 1655216843942, 622.59, 117.33, 319.06, 2.26, -0.02, 3.06, circuit_pos, 619.73, 115.25, 310.98, 2.26, -0.02, 3.07, tool_force, -0.09, 4.28, -23.19, actual_rep, 1, curr_step, 25, track_size, 72, robot_vel, 0.04, joints_pos, 5.41, 43.14, 7.42, -75.14, -1.99, 58.23, 62.38, tool_torque, -1.319, 0.031, 0.264, joint_torque, 0.05, -15.91, 1.58, 10.29, 0.85, -1.64, 0.29, robot_mode, impedance, 
14/06/2022 15:29:35:051, robot_pos, 1655216844090, 621.9, 117.03, 317.58, 2.26, -0.02, 3.06, circuit_pos, 619.73, 115.25, 310.98, 2.26, -0.02, 3.07, tool_force, 0.95, 3.54, -14.87, actual_rep, 1, curr_step, 25, track_size, 72, robot_vel, 10.45, joints_pos, 5.41, 43.16, 7.4, -75.37, -1.99, 58.03, 62.37, tool_torque, -1.063, -0.231, 0.242, joint_torque, 0.82, -10.49, 1.65, 6.98, 0.58, -1.42, 0.29, robot_mode, impedance, 
14/06/2022 15:29:35:203, robot_pos, 1655216844239, 621.56, 116.92, 315.68, 2.26, -0.02, 3.06, circuit_pos, 619.73, 115.25, 310.98, 2.26, -0.02, 3.07, tool_force, -0.14, 3.47, -12.24, actual_rep, 1, curr_step, 25, track_size, 72, robot_vel, 12.03, joints_pos, 5.41, 43.25, 7.39, -75.5, -2.09, 57.81, 62.37, tool_torque, -1.086, -0.042, 0.223, joint_torque, 0.26, -8.64, 1.2, 6.02, 0.61, -1.36, 0.26, robot_mode, impedance, 
14/06/2022 15:29:35:351, robot_pos, 1655216844388, 621.49, 118.56, 314.66, 2.26, -0.02, 3.06, circuit_pos, 619.45, 126.37, 312.42, 2.25, -0.02, 3.07, tool_force, -1.37, 3.96, -7.86, actual_rep, 1, curr_step, 27, track_size, 72, robot_vel, 7.5, joints_pos, 5.5, 43.39, 7.51, -75.43, -2.11, 57.84, 62.53, tool_torque, -0.869, 0.154, 0.073, joint_torque, 0.21, -5.55, 0.95, 4.56, 0.56, -1.21, 0.07, robot_mode, impedance, 
14/06/2022 15:29:35:505, robot_pos, 1655216844538, 621.87, 123.83, 314.1, 2.26, -0.02, 3.06, circuit_pos, 619.15, 132.12, 312.83, 2.25, -0.02, 3.07, tool_force, -3.26, 3.12, -4.71, actual_rep, 1, curr_step, 28, track_size, 72, robot_vel, 37.17, joints_pos, 5.91, 43.65, 7.62, -75.06, -2.24, 58.06, 63.28, tool_torque, -0.81, 0.456, -0.117, joint_torque, -0.8, -3.61, 0.21, 3.52, 0.45, -1.04, -0.11, robot_mode, impedance, 
14/06/2022 15:29:35:660, robot_pos, 1655216844690, 622.75, 128.87, 313.57, 2.25, -0.03, 3.06, circuit_pos, 618.9, 137.78, 313.01, 2.25, -0.02, 3.07, tool_force, -4.77, 3.16, -1.8, actual_rep, 1, curr_step, 29, track_size, 72, robot_vel, 34.49, joints_pos, 6.36, 43.96, 7.62, -74.58, -2.26, 58.37, 63.81, tool_torque, -0.676, 0.812, -0.162, joint_torque, -1.9, -1.29, -0.57, 2.36, 0.39, -0.84, -0.14, robot_mode, impedance, 
14/06/2022 15:29:35:804, robot_pos, 1655216844836, 623.56, 133.26, 313.6, 2.25, -0.03, 3.06, circuit_pos, 618.9, 137.78, 313.01, 2.25, -0.02, 3.07, tool_force, -5.32, 1.55, -1.83, actual_rep, 1, curr_step, 29, track_size, 72, robot_vel, 32.36, joints_pos, 6.74, 44.18, 7.63, -74.18, -2.25, 58.56, 64.21, tool_torque, -0.901, 0.877, -0.147, joint_torque, -2.4, -1.76, -0.83, 2.48, 0.48, -0.92, -0.14, robot_mode, impedance, 
14/06/2022 15:29:35:953, robot_pos, 1655216844985, 623.95, 136.27, 314.41, 2.25, -0.03, 3.06, circuit_pos, 618.68, 143.43, 313.21, 2.25, -0.02, 3.07, tool_force, -4.19, 0.8, -7.08, actual_rep, 1, curr_step, 30, track_size, 72, robot_vel, 33.06, joints_pos, 7.01, 44.23, 7.62, -73.96, -2.22, 58.65, 64.48, tool_torque, -1.33, 0.746, -0.119, joint_torque, -2.39, -5.51, -0.36, 4.23, 0.57, -1.18, -0.07, robot_mode, impedance, 
14/06/2022 15:29:36:105, robot_pos, 1655216845135, 623.74, 140.2, 318.39, 2.25, -0.03, 3.05, circuit_pos, 618.68, 143.43, 313.21, 2.25, -0.02, 3.07, tool_force, -3.42, 0.78, -19.55, actual_rep, 1, curr_step, 30, track_size, 72, robot_vel, 33.05, joints_pos, 7.12, 43.95, 7.92, -73.85, -1.92, 58.71, 64.61, tool_torque, -1.843, 0.941, -0.19, joint_torque, -2.76, -13.65, 0.19, 8.92, 0.84, -1.57, -0.11, robot_mode, impedance, 
14/06/2022 15:29:36:252, robot_pos, 1655216845282, 622.88, 142.52, 320.63, 2.25, -0.03, 3.05, circuit_pos, 618.68, 143.43, 313.21, 2.25, -0.02, 3.07, tool_force, -2.34, 3.9, -21.86, actual_rep, 1, curr_step, 30, track_size, 72, robot_vel, 30.77, joints_pos, 7.35, 43.75, 7.92, -73.86, -2.16, 58.84, 64.98, tool_torque, -1.547, 0.764, -0.194, joint_torque, -0.9, -15.06, 1.52, 10.06, 0.89, -1.64, -0.12, robot_mode, impedance, 
14/06/2022 15:29:36:412, robot_pos, 1655216845432, 622.54, 143.35, 320.85, 2.25, -0.03, 3.05, circuit_pos, 618.68, 143.43, 313.21, 2.25, -0.02, 3.07, tool_force, -1.78, 3.05, -22.66, actual_rep, 1, curr_step, 30, track_size, 72, robot_vel, 4.95, joints_pos, 7.44, 43.71, 7.91, -73.9, -2.2, 58.84, 65.11, tool_torque, -1.643, 0.687, -0.156, joint_torque, -0.94, -15.6, 1.51, 10.13, 0.88, -1.65, -0.07, robot_mode, impedance, 
14/06/2022 15:29:36:554, robot_pos, 1655216845582, 622.36, 143.52, 321.06, 2.25, -0.03, 3.05, circuit_pos, 618.68, 143.43, 313.21, 2.25, -0.02, 3.07, tool_force, -2.13, 3.68, -22.93, actual_rep, 1, curr_step, 30, track_size, 72, robot_vel, 2.04, joints_pos, 7.45, 43.67, 7.92, -73.93, -2.21, 58.83, 65.14, tool_torque, -1.552, 0.721, -0.137, joint_torque, -1.0, -15.77, 1.45, 10.37, 0.88, -1.64, -0.06, robot_mode, impedance, 
14/06/2022 15:29:36:710, robot_pos, 1655216845729, 622.3, 143.68, 321.19, 2.25, -0.03, 3.05, circuit_pos, 618.68, 143.43, 313.21, 2.25, -0.02, 3.07, tool_force, -1.26, 2.94, -23.47, actual_rep, 1, curr_step, 30, track_size, 72, robot_vel, 1.18, joints_pos, 7.46, 43.65, 7.93, -73.95, -2.23, 58.8, 65.17, tool_torque, -1.649, 0.579, -0.132, joint_torque, -0.77, -16.17, 1.57, 10.34, 0.87, -1.66, -0.06, robot_mode, impedance, 
14/06/2022 15:29:36:854, robot_pos, 1655216845881, 621.98, 143.78, 321.2, 2.25, -0.03, 3.05, circuit_pos, 618.68, 143.43, 313.21, 2.25, -0.02, 3.07, tool_force, -1.48, 3.41, -23.19, actual_rep, 1, curr_step, 30, track_size, 72, robot_vel, 2.04, joints_pos, 7.47, 43.61, 7.93, -74.02, -2.25, 58.76, 65.2, tool_torque, -1.601, 0.599, -0.126, joint_torque, -0.79, -16.0, 1.54, 10.37, 0.86, -1.67, -0.05, robot_mode, impedance, 
14/06/2022 15:29:37:008, robot_pos, 1655216846030, 621.31, 143.62, 320.36, 2.25, -0.03, 3.06, circuit_pos, 618.68, 143.43, 313.21, 2.25, -0.02, 3.07, tool_force, -1.68, 2.03, -16.09, actual_rep, 1, curr_step, 30, track_size, 72, robot_vel, 6.57, joints_pos, 7.48, 43.61, 7.93, -74.18, -2.3, 58.72, 65.22, tool_torque, -1.248, 0.587, -0.128, joint_torque, -0.98, -10.2, 0.88, 6.56, 0.61, -1.16, -0.06, robot_mode, impedance, 
14/06/2022 15:29:37:158, robot_pos, 1655216846178, 620.06, 144.43, 314.83, 2.25, -0.02, 3.06, circuit_pos, 618.64, 153.34, 313.12, 2.24, -0.02, 3.06, tool_force, -5.75, 2.26, -5.73, actual_rep, 1, curr_step, 32, track_size, 72, robot_vel, 38.26, joints_pos, 7.62, 43.93, 7.93, -74.47, -2.62, 58.34, 65.81, tool_torque, -1.007, 1.405, -0.298, joint_torque, -2.6, -3.81, -0.29, 3.71, 0.64, -0.86, -0.2, robot_mode, normal, 
14/06/2022 15:29:37:309, robot_pos, 1655216846327, 619.68, 150.1, 314.01, 2.24, -0.02, 3.06, circuit_pos, 618.01, 166.56, 311.61, 2.22, -0.01, 3.06, tool_force, -6.12, 2.6, -4.0, actual_rep, 1, curr_step, 35, track_size, 72, robot_vel, 32.15, joints_pos, 8.18, 44.05, 7.92, -74.38, -2.88, 58.12, 66.95, tool_torque, -0.841, 1.394, -0.249, joint_torque, -3.02, -2.81, -0.72, 3.25, 0.58, -0.81, -0.17, robot_mode, normal, 
14/06/2022 15:29:37:461, robot_pos, 1655216846477, 619.5, 156.06, 313.29, 2.23, -0.02, 3.06, circuit_pos, 617.74, 172.36, 310.59, 2.21, -0.01, 3.06, tool_force, -5.9, 3.01, -3.4, actual_rep, 1, curr_step, 37, track_size, 72, robot_vel, 40.41, joints_pos, 8.82, 44.22, 7.82, -74.19, -3.05, 58.0, 67.93, tool_torque, -0.705, 1.271, -0.234, joint_torque, -2.47, -2.58, -0.41, 3.22, 0.52, -0.83, -0.16, robot_mode, normal, 
14/06/2022 15:29:37:612, robot_pos, 1655216846626, 619.23, 161.89, 312.59, 2.23, -0.02, 3.06, circuit_pos, 617.3, 174.03, 309.36, 2.21, -0.01, 3.07, tool_force, -6.06, 3.07, -3.89, actual_rep, 1, curr_step, 39, track_size, 72, robot_vel, 38.86, joints_pos, 9.39, 44.4, 7.78, -73.97, -3.2, 57.96, 68.91, tool_torque, -0.762, 1.32, -0.241, joint_torque, -2.47, -2.68, -0.34, 3.34, 0.56, -0.89, -0.15, robot_mode, normal, 
14/06/2022 15:29:37:766, robot_pos, 1655216846776, 618.9, 167.69, 311.61, 2.22, -0.02, 3.06, circuit_pos, 617.53, 172.87, 309.29, 2.21, -0.01, 3.07, tool_force, -4.97, 2.76, -6.68, actual_rep, 1, curr_step, 42, track_size, 72, robot_vel, 40.04, joints_pos, 9.99, 44.65, 7.76, -73.67, -3.48, 58.12, 70.08, tool_torque, -0.994, 1.263, -0.259, joint_torque, -2.43, -4.43, -0.22, 4.14, 0.58, -1.06, -0.17, robot_mode, normal, 
14/06/2022 15:29:37:911, robot_pos, 1655216846923, 618.8, 172.5, 310.98, 2.21, -0.01, 3.07, circuit_pos, 617.51, 173.25, 310.15, 2.21, -0.01, 3.07, tool_force, -5.96, 2.73, -6.61, actual_rep, 1, curr_step, 44, track_size, 72, robot_vel, 29.69, joints_pos, 10.51, 44.88, 7.68, -73.35, -3.77, 58.38, 71.0, tool_torque, -0.944, 1.128, -0.172, joint_torque, -2.67, -5.2, -0.48, 4.56, 0.5, -1.08, -0.1, robot_mode, normal, 
14/06/2022 15:29:38:066, robot_pos, 1655216847076, 618.88, 172.91, 311.69, 2.21, -0.01, 3.07, circuit_pos, 617.62, 173.49, 309.59, 2.21, -0.01, 3.07, tool_force, -5.35, 3.35, -7.51, actual_rep, 1, curr_step, 47, track_size, 72, robot_vel, 6.09, joints_pos, 10.58, 44.86, 7.6, -73.27, -3.66, 58.49, 71.04, tool_torque, -0.829, 1.06, -0.048, joint_torque, -2.55, -5.37, -0.35, 4.67, 0.49, -1.04, 0.05, robot_mode, normal, 
14/06/2022 15:29:38:215, robot_pos, 1655216847221, 618.92, 173.17, 311.6, 2.21, -0.01, 3.07, circuit_pos, 617.74, 173.65, 309.52, 2.21, -0.01, 3.07, tool_force, -4.6, 2.39, -14.99, actual_rep, 1, curr_step, 49, track_size, 72, robot_vel, 3.93, joints_pos, 10.58, 44.85, 7.63, -73.29, -3.66, 58.38, 71.04, tool_torque, -1.24, 1.0, -0.017, joint_torque, -2.56, -10.67, -0.03, 7.27, 0.65, -1.24, 0.06, robot_mode, normal, 
14/06/2022 15:29:38:366, robot_pos, 1655216847373, 618.37, 173.37, 314.08, 2.21, -0.01, 3.07, circuit_pos, 617.7, 173.69, 309.5, 2.21, -0.01, 3.07, tool_force, -1.62, 2.75, -22.84, actual_rep, 1, curr_step, 52, track_size, 72, robot_vel, 12.92, joints_pos, 10.59, 44.6, 7.67, -73.36, -3.72, 58.5, 71.09, tool_torque, -1.622, 0.634, -0.171, joint_torque, -1.11, -15.71, 1.21, 10.19, 0.63, -1.75, -0.09, robot_mode, normal, 
14/06/2022 15:29:38:516, robot_pos, 1655216847520, 618.15, 173.53, 314.14, 2.21, -0.01, 3.06, circuit_pos, 617.72, 173.59, 309.52, 2.21, -0.01, 3.07, tool_force, -1.59, 2.73, -23.21, actual_rep, 1, curr_step, 54, track_size, 72, robot_vel, 4.25, joints_pos, 10.61, 44.56, 7.67, -73.42, -3.72, 58.44, 71.11, tool_torque, -1.633, 0.571, -0.153, joint_torque, -0.74, -16.23, 1.44, 10.29, 0.66, -1.76, -0.08, robot_mode, normal, 
14/06/2022 15:29:38:667, robot_pos, 1655216847669, 618.14, 173.46, 314.19, 2.21, -0.01, 3.06, circuit_pos, 617.71, 173.62, 309.53, 2.21, -0.01, 3.07, tool_force, -1.25, 2.99, -23.44, actual_rep, 1, curr_step, 57, track_size, 72, robot_vel, 0.27, joints_pos, 10.61, 44.55, 7.66, -73.42, -3.72, 58.44, 71.11, tool_torque, -1.615, 0.521, -0.122, joint_torque, -0.54, -16.35, 1.57, 10.37, 0.67, -1.76, -0.05, robot_mode, normal, 
14/06/2022 15:29:38:815, robot_pos, 1655216847820, 618.12, 173.5, 314.21, 2.21, -0.01, 3.06, circuit_pos, 617.7, 173.64, 309.53, 2.21, -0.01, 3.07, tool_force, -1.42, 2.93, -23.33, actual_rep, 1, curr_step, 59, track_size, 72, robot_vel, 0.05, joints_pos, 10.61, 44.55, 7.66, -73.42, -3.72, 58.44, 71.12, tool_torque, -1.634, 0.56, -0.133, joint_torque, -0.71, -16.26, 1.47, 10.35, 0.66, -1.77, -0.06, robot_mode, normal, 
14/06/2022 15:29:38:964, robot_pos, 1655216847967, 618.11, 173.51, 314.21, 2.21, -0.01, 3.06, circuit_pos, 617.7, 173.64, 309.53, 2.21, -0.01, 3.07, tool_force, -1.48, 3.06, -23.24, actual_rep, 1, curr_step, 61, track_size, 72, robot_vel, 0.04, joints_pos, 10.61, 44.55, 7.66, -73.42, -3.72, 58.44, 71.12, tool_torque, -1.618, 0.568, -0.13, joint_torque, -0.7, -16.2, 1.48, 10.34, 0.66, -1.77, -0.05, robot_mode, normal, 
14/06/2022 15:29:39:120, robot_pos, 1655216848116, 618.11, 173.51, 314.21, 2.21, -0.01, 3.06, circuit_pos, 617.71, 173.64, 309.53, 2.21, -0.01, 3.07, tool_force, -1.49, 3.06, -23.23, actual_rep, 1, curr_step, 64, track_size, 72, robot_vel, 0.06, joints_pos, 10.61, 44.55, 7.66, -73.42, -3.72, 58.44, 71.12, tool_torque, -1.616, 0.573, -0.127, joint_torque, -0.71, -16.2, 1.48, 10.34, 0.67, -1.76, -0.05, robot_mode, normal, 
14/06/2022 15:29:39:420, robot_pos, 1655216848414, 618.11, 173.51, 314.21, 2.21, -0.01, 3.06, circuit_pos, 617.71, 173.63, 309.53, 2.21, -0.01, 3.07, tool_force, -1.42, 3.05, -23.27, actual_rep, 1, curr_step, 69, track_size, 72, robot_vel, 0.01, joints_pos, 10.61, 44.55, 7.66, -73.42, -3.72, 58.44, 71.12, tool_torque, -1.615, 0.56, -0.12, joint_torque, -0.68, -16.22, 1.5, 10.34, 0.67, -1.76, -0.04, robot_mode, normal, 
14/06/2022 15:29:39:596, robot_pos, 1655216848565, 618.11, 173.51, 314.21, 2.21, -0.01, 3.06, circuit_pos, 617.71, 173.63, 309.53, 2.21, -0.01, 3.07, tool_force, -1.41, 3.07, -23.25, actual_rep, 1, curr_step, 71, track_size, 72, robot_vel, 0.0, joints_pos, 10.61, 44.55, 7.66, -73.42, -3.73, 58.44, 71.12, tool_torque, -1.616, 0.559, -0.117, joint_torque, -0.68, -16.22, 1.5, 10.34, 0.67, -1.76, -0.04, robot_mode, normal, 
14/06/2022 15:29:39:722, robot_pos, 1655216848714, 618.11, 173.5, 314.21, 2.21, -0.01, 3.06, circuit_pos, 617.71, 173.63, 309.53, 2.21, -0.01, 3.07, tool_force, -1.43, 3.05, -23.26, actual_rep, 1, curr_step, 68, track_size, 72, robot_vel, 0.01, joints_pos, 10.61, 44.55, 7.66, -73.42, -3.73, 58.44, 71.12, tool_torque, -1.615, 0.561, -0.116, joint_torque, -0.69, -16.22, 1.49, 10.35, 0.67, -1.76, -0.04, robot_mode, normal, 
14/06/2022 15:29:39:873, robot_pos, 1655216848866, 618.11, 173.5, 314.21, 2.21, -0.01, 3.06, circuit_pos, 617.71, 173.63, 309.53, 2.21, -0.01, 3.07, tool_force, -1.4, 3.05, -23.28, actual_rep, 1, curr_step, 66, track_size, 72, robot_vel, 0.0, joints_pos, 10.61, 44.55, 7.66, -73.42, -3.73, 58.44, 71.12, tool_torque, -1.615, 0.555, -0.114, joint_torque, -0.67, -16.23, 1.5, 10.35, 0.67, -1.77, -0.04, robot_mode, normal, 
14/06/2022 15:29:40:020, robot_pos, 1655216849015, 618.11, 173.51, 314.21, 2.21, -0.01, 3.06, circuit_pos, 617.71, 173.64, 309.53, 2.21, -0.01, 3.07, tool_force, -1.44, 3.02, -23.26, actual_rep, 1, curr_step, 63, track_size, 72, robot_vel, 0.0, joints_pos, 10.61, 44.55, 7.66, -73.42, -3.73, 58.44, 71.12, tool_torque, -1.619, 0.564, -0.115, joint_torque, -0.72, -16.23, 1.47, 10.34, 0.67, -1.76, -0.04, robot_mode, normal, 
14/06/2022 15:29:40:177, robot_pos, 1655216849165, 618.11, 173.51, 314.21, 2.21, -0.01, 3.06, circuit_pos, 617.7, 173.64, 309.53, 2.21, -0.01, 3.07, tool_force, -1.45, 3.02, -23.28, actual_rep, 1, curr_step, 60, track_size, 72, robot_vel, 0.03, joints_pos, 10.61, 44.55, 7.66, -73.42, -3.73, 58.44, 71.12, tool_torque, -1.621, 0.56, -0.113, joint_torque, -0.7, -16.23, 1.47, 10.35, 0.67, -1.77, -0.04, robot_mode, normal, 
14/06/2022 15:29:40:325, robot_pos, 1655216849314, 618.11, 173.51, 314.21, 2.21, -0.01, 3.06, circuit_pos, 617.7, 173.64, 309.53, 2.21, -0.01, 3.07, tool_force, -1.43, 3.02, -23.29, actual_rep, 1, curr_step, 58, track_size, 72, robot_vel, 0.01, joints_pos, 10.61, 44.55, 7.66, -73.42, -3.73, 58.44, 71.12, tool_torque, -1.619, 0.557, -0.113, joint_torque, -0.71, -16.24, 1.47, 10.35, 0.67, -1.77, -0.04, robot_mode, normal, 
14/06/2022 15:29:40:477, robot_pos, 1655216849465, 618.11, 173.51, 314.21, 2.21, -0.01, 3.06, circuit_pos, 617.73, 173.58, 309.53, 2.21, -0.01, 3.07, tool_force, -1.41, 3.06, -23.28, actual_rep, 1, curr_step, 55, track_size, 72, robot_vel, 0.04, joints_pos, 10.61, 44.55, 7.66, -73.42, -3.73, 58.44, 71.12, tool_torque, -1.614, 0.558, -0.112, joint_torque, -0.66, -16.23, 1.51, 10.35, 0.67, -1.77, -0.03, robot_mode, normal, 
14/06/2022 15:29:40:626, robot_pos, 1655216849612, 618.12, 173.49, 314.21, 2.21, -0.01, 3.06, circuit_pos, 617.7, 173.68, 309.51, 2.21, -0.01, 3.07, tool_force, -1.27, 3.14, -23.25, actual_rep, 1, curr_step, 53, track_size, 72, robot_vel, 0.23, joints_pos, 10.61, 44.55, 7.66, -73.42, -3.73, 58.44, 71.12, tool_torque, -1.607, 0.545, -0.106, joint_torque, -0.63, -16.23, 1.51, 10.35, 0.67, -1.77, -0.03, robot_mode, normal, 
14/06/2022 15:29:40:778, robot_pos, 1655216849762, 618.11, 173.47, 314.19, 2.21, -0.01, 3.06, circuit_pos, 617.74, 173.47, 309.51, 2.21, -0.01, 3.07, tool_force, -1.34, 3.17, -23.28, actual_rep, 1, curr_step, 50, track_size, 72, robot_vel, 0.19, joints_pos, 10.61, 44.55, 7.66, -73.43, -3.73, 58.44, 71.13, tool_torque, -1.586, 0.528, -0.107, joint_torque, -0.58, -16.21, 1.51, 10.35, 0.66, -1.76, -0.03, robot_mode, normal, 
14/06/2022 15:29:40:927, robot_pos, 1655216849910, 618.11, 173.51, 314.2, 2.21, -0.01, 3.06, circuit_pos, 617.74, 173.64, 309.48, 2.21, -0.01, 3.07, tool_force, -1.49, 3.0, -23.27, actual_rep, 1, curr_step, 48, track_size, 72, robot_vel, 1.02, joints_pos, 10.61, 44.55, 7.66, -73.42, -3.73, 58.44, 71.13, tool_torque, -1.609, 0.541, -0.077, joint_torque, -0.84, -16.25, 1.37, 10.34, 0.65, -1.76, 0.0, robot_mode, normal, 
14/06/2022 15:29:41:077, robot_pos, 1655216850061, 618.11, 173.42, 314.42, 2.21, -0.01, 3.06, circuit_pos, 617.6, 173.44, 310.34, 2.21, -0.01, 3.07, tool_force, -1.29, 3.38, -22.89, actual_rep, 1, curr_step, 45, track_size, 72, robot_vel, 0.82, joints_pos, 10.61, 44.53, 7.65, -73.42, -3.73, 58.46, 71.13, tool_torque, -1.6, 0.515, -0.083, joint_torque, -0.47, -16.05, 1.6, 10.36, 0.68, -1.81, -0.01, robot_mode, normal, 
14/06/2022 15:29:41:232, robot_pos, 1655216850209, 617.8, 173.13, 314.72, 2.21, -0.01, 3.07, circuit_pos, 617.53, 172.87, 309.29, 2.21, -0.01, 3.07, tool_force, -1.19, 3.57, -22.46, actual_rep, 1, curr_step, 42, track_size, 72, robot_vel, 4.28, joints_pos, 10.6, 44.47, 7.63, -73.49, -3.73, 58.47, 71.13, tool_torque, -1.549, 0.477, -0.033, joint_torque, -0.52, -15.89, 1.53, 10.42, 0.66, -1.82, 0.06, robot_mode, normal, 
14/06/2022 15:29:41:378, robot_pos, 1655216850359, 617.94, 172.78, 313.92, 2.21, -0.01, 3.06, circuit_pos, 617.47, 173.15, 309.13, 2.21, -0.01, 3.07, tool_force, -0.54, 3.66, -23.36, actual_rep, 1, curr_step, 40, track_size, 72, robot_vel, 5.44, joints_pos, 10.58, 44.52, 7.62, -73.52, -3.73, 58.37, 71.11, tool_torque, -1.466, 0.303, 0.077, joint_torque, -0.01, -16.3, 1.77, 10.39, 0.68, -1.74, 0.14, robot_mode, normal, 
14/06/2022 15:29:41:534, robot_pos, 1655216850507, 617.76, 174.0, 314.14, 2.21, -0.01, 3.06, circuit_pos, 617.74, 172.36, 310.59, 2.21, -0.01, 3.06, tool_force, -2.35, 2.65, -23.64, actual_rep, 1, curr_step, 37, track_size, 72, robot_vel, 9.79, joints_pos, 10.64, 44.52, 7.69, -73.49, -3.74, 58.37, 71.19, tool_torque, -1.629, 0.472, -0.066, joint_torque, -1.07, -16.33, 1.15, 10.29, 0.61, -1.76, -0.01, robot_mode, normal, 
14/06/2022 15:29:41:682, robot_pos, 1655216850657, 618.41, 172.49, 315.1, 2.21, -0.01, 3.06, circuit_pos, 618.01, 166.56, 311.61, 2.22, -0.01, 3.06, tool_force, 0.45, 3.7, -23.48, actual_rep, 1, curr_step, 35, track_size, 72, robot_vel, 16.15, joints_pos, 10.52, 44.38, 7.61, -73.59, -3.6, 58.06, 70.81, tool_torque, -1.272, 0.101, 0.254, joint_torque, -0.19, -15.93, 1.38, 10.16, 0.57, -1.62, 0.33, robot_mode, normal, 
